3200.0	30544.0	1043.3
3201.0	30384.0	1038.5
3202.0	30254.0	1034.7
3203.0	30374.0	1039.4
3204.0	30552.0	1046.2
3205.0	30872.0	1057.8
3206.0	31253.0	1071.5
3207.0	31639.0	1085.4
3208.0	32030.0	1099.5
3209.0	32365.0	1111.7
3210.0	32675.0	1123.1
3211.0	32956.0	1133.4
3212.0	33149.0	1140.8
3213.0	33343.0	1148.2
3214.0	33322.0	1148.2
3215.0	33301.0	1148.2
3216.0	33219.0	1146.0
3217.0	33198.0	1146.0
3218.0	33392.0	1153.4
3219.0	33526.0	1158.8
3220.0	33691.0	1165.2
3221.0	33825.0	1170.6
3222.0	33960.0	1176.0
3223.0	34158.0	1183.6
3224.0	34232.0	1186.9
3225.0	34337.0	1191.2
3226.0	34316.0	1191.2
3227.0	34231.0	1189.0
3228.0	34116.0	1185.8
3229.0	33969.0	1181.4
3230.0	33854.0	1178.1
3231.0	33709.0	1173.8
3232.0	33533.0	1168.4
3233.0	33451.0	1166.3
3234.0	33338.0	1163.1
3235.0	33256.0	1160.9
3236.0	33144.0	1157.7
3237.0	32911.0	1150.3
3238.0	32679.0	1142.9
3239.0	32449.0	1135.5
3240.0	32280.0	1130.3
3241.0	32201.0	1128.2
3242.0	32240.0	1130.3
3243.0	32220.0	1130.3
3244.0	32289.0	1133.4
3245.0	32329.0	1135.5
3246.0	32369.0	1137.6
3247.0	32378.0	1138.7
3248.0	32269.0	1135.5
3249.0	32101.0	1130.3
3250.0	31817.0	1121.0
3251.0	31535.0	1111.7
3252.0	31284.0	1103.6
3253.0	31092.0	1097.5
3254.0	30930.0	1092.4
3255.0	30769.0	1087.4
3256.0	30609.0	1082.4
3257.0	30394.0	1075.5
3258.0	30180.0	1068.6
3259.0	30161.0	1068.6
3260.0	30087.0	1066.6
3261.0	29986.0	1063.7
3262.0	29968.0	1063.7
3263.0	29949.0	1063.7
3264.0	29931.0	1063.7
3265.0	29940.0	1064.6
3266.0	29977.0	1066.6
3267.0	30014.0	1068.6
3268.0	29940.0	1066.6
3269.0	29922.0	1066.6
3270.0	29904.0	1066.6
3271.0	29940.0	1068.6
3272.0	30005.0	1071.5
3273.0	30042.0	1073.5
3274.0	30162.0	1078.5
3275.0	30255.0	1082.4
3276.0	30181.0	1080.4
3277.0	30163.0	1080.4
3278.0	30006.0	1075.5
3279.0	29877.0	1071.5
3280.0	29831.0	1070.5
3281.0	29758.0	1068.6
3282.0	29740.0	1068.6
3283.0	29667.0	1066.6
3284.0	29649.0	1066.6
3285.0	29550.0	1063.7
3286.0	29477.0	1061.7
3287.0	29405.0	1059.7
3288.0	29306.0	1056.8
3289.0	29288.0	1056.8
3290.0	29217.0	1054.9
3291.0	29065.0	1050.0
3292.0	28860.0	1043.3
3293.0	28737.0	1039.4
3294.0	28640.0	1036.6
3295.0	28623.0	1036.6
3296.0	28605.0	1036.6
3297.0	28641.0	1038.5
3298.0	28571.0	1036.6
3299.0	28606.0	1038.5
3300.0	28668.0	1041.4
3301.0	28703.0	1043.3
3302.0	28818.0	1048.1
3303.0	28934.0	1052.9
3304.0	28916.0	1052.9
3305.0	28899.0	1052.9
3306.0	28881.0	1052.9
3307.0	28864.0	1052.9
3308.0	28820.0	1052.0
3309.0	28802.0	1052.0
3310.0	28732.0	1050.0
3311.0	28662.0	1048.1
3312.0	28697.0	1050.0
3313.0	28733.0	1052.0
3314.0	28742.0	1052.9
3315.0	28777.0	1054.9
3316.0	28760.0	1054.9
3317.0	28743.0	1054.9
3318.0	28725.0	1054.9
3319.0	28655.0	1052.9
3320.0	28559.0	1050.0
3321.0	28437.0	1046.2
3322.0	28289.0	1041.4
3323.0	28194.0	1038.5
3324.0	28125.0	1036.6
3325.0	27979.0	1031.8
3326.0	27860.0	1028.0
3327.0	27715.0	1023.3
3328.0	27520.0	1016.7
3329.0	27377.0	1012.0
3330.0	27437.0	1014.8
3331.0	27471.0	1016.7
3332.0	27632.0	1023.3
3333.0	27743.0	1028.0
3334.0	27854.0	1032.8
3335.0	27940.0	1036.6
3336.0	27923.0	1036.6
3337.0	27907.0	1036.6
3338.0	27787.0	1032.8
3339.0	27694.0	1029.9
3340.0	27627.0	1028.0
3341.0	27610.0	1028.0
3342.0	27543.0	1026.1
3343.0	27526.0	1026.1
3344.0	27485.0	1025.2
3345.0	27342.0	1020.5
3346.0	27175.0	1014.8
3347.0	27034.0	1010.2
3348.0	26844.0	1003.7
3349.0	26656.0	997.24
3350.0	26395.0	988.09
3351.0	26380.0	988.09
3352.0	26364.0	988.09
3353.0	26348.0	988.09
3354.0	26381.0	989.92
3355.0	26438.0	992.66
3356.0	26471.0	994.49
3357.0	26578.0	999.08
3358.0	26635.0	1001.8
3359.0	26718.0	1005.5
3360.0	26751.0	1007.4
3361.0	26760.0	1008.3
3362.0	26892.0	1013.9
3363.0	27000.0	1018.6
3364.0	27059.0	1021.4
3365.0	27143.0	1025.2
3366.0	27126.0	1025.2
3367.0	27110.0	1025.2
3368.0	27094.0	1025.2
3369.0	27078.0	1025.2
3370.0	27062.0	1025.2
3371.0	27046.0	1025.2
3372.0	27030.0	1025.2
3373.0	27039.0	1026.1
3374.0	27073.0	1028.0
3375.0	27106.0	1029.9
3376.0	27165.0	1032.8
3377.0	27250.0	1036.6
3378.0	27284.0	1038.5
3379.0	27217.0	1036.6
3380.0	27101.0	1032.8
3381.0	27010.0	1029.9
3382.0	26945.0	1028.0
3383.0	26929.0	1028.0
3384.0	26863.0	1026.1
3385.0	26823.0	1025.2
3386.0	26807.0	1025.2
3387.0	26742.0	1023.3
3388.0	26726.0	1023.3
3389.0	26710.0	1023.3
3390.0	26694.0	1023.3
3391.0	26679.0	1023.3
3392.0	26663.0	1023.3
3393.0	26598.0	1021.4
3394.0	26582.0	1021.4
3395.0	26567.0	1021.4
3396.0	26551.0	1021.4
3397.0	26536.0	1021.4
3398.0	26569.0	1023.3
3399.0	26627.0	1026.1
3400.0	26709.0	1029.9
3401.0	26767.0	1032.8
3402.0	26850.0	1036.6
3403.0	26884.0	1038.5
3404.0	26943.0	1041.4
3405.0	26927.0	1041.4
3406.0	26961.0	1043.3
3407.0	26846.0	1039.4
3408.0	26756.0	1036.6
3409.0	26642.0	1032.8
3410.0	26602.0	1031.8
3411.0	26537.0	1029.9
3412.0	26400.0	1025.2
3413.0	26287.0	1021.4
3414.0	26103.0	1014.8
3415.0	26016.0	1012.0
3416.0	25881.0	1007.4
3417.0	25818.0	1005.5
3418.0	25685.0	1000.9
3419.0	25528.0	995.4
3420.0	25490.0	994.49
3421.0	25475.0	994.49
3422.0	25413.0	992.66
3423.0	25398.0	992.66
3424.0	25337.0	990.83
3425.0	25252.0	988.09
3426.0	25191.0	986.28
3427.0	25176.0	986.28
3428.0	25162.0	986.28
3429.0	25147.0	986.28
3430.0	25132.0	986.28
3431.0	25164.0	988.09
3432.0	25196.0	989.92
3433.0	25297.0	994.49
3434.0	25446.0	1000.9
3435.0	25431.0	1000.9
3436.0	25416.0	1000.9
3437.0	25355.0	999.08
3438.0	25294.0	997.24
3439.0	25209.0	994.49
3440.0	25032.0	988.09
3441.0	24926.0	984.47
3442.0	24751.0	978.13
3443.0	24623.0	973.64
3444.0	24451.0	967.39
3445.0	24280.0	961.17
3446.0	24243.0	960.29
3447.0	24185.0	958.52
3448.0	24171.0	958.52
3449.0	24157.0	958.52
3450.0	24209.0	961.17
3451.0	24240.0	962.94
3452.0	24315.0	966.5
3453.0	24368.0	969.17
3454.0	24422.0	971.85
3455.0	24498.0	975.44
3456.0	24483.0	975.44
3457.0	24469.0	975.44
3458.0	24455.0	975.44
3459.0	24441.0	975.44
3460.0	24427.0	975.44
3461.0	24368.0	973.64
3462.0	24287.0	970.96
3463.0	24228.0	969.17
3464.0	24169.0	967.39
3465.0	24200.0	969.17
3466.0	24186.0	969.17
3467.0	24217.0	970.96
3468.0	24270.0	973.64
3469.0	24300.0	975.44
3470.0	24331.0	977.24
3471.0	24384.0	979.94
3472.0	24370.0	979.94
3473.0	24401.0	981.74
3474.0	24297.0	978.13
3475.0	24216.0	975.44
3476.0	24158.0	973.64
3477.0	24078.0	970.96
3478.0	24019.0	969.17
3479.0	23961.0	967.39
3480.0	23948.0	967.39
3481.0	23978.0	969.17
3482.0	23964.0	969.17
3483.0	23906.0	967.39
3484.0	23893.0	967.39
3485.0	23923.0	969.17
3486.0	23953.0	970.96
3487.0	24006.0	973.64
3488.0	24036.0	975.44
3489.0	24022.0	975.44
3490.0	24053.0	977.24
3491.0	24039.0	977.24
3492.0	24026.0	977.24
3493.0	23967.0	975.44
3494.0	23844.0	970.96
3495.0	23742.0	967.39
3496.0	23620.0	962.94
3497.0	23541.0	960.29
3498.0	23484.0	958.52
3499.0	23471.0	958.52
3500.0	23414.0	956.75
3501.0	23358.0	954.99
3502.0	23323.0	954.11
3503.0	23267.0	952.36
3504.0	23254.0	952.36
3505.0	23240.0	952.36
3506.0	23291.0	954.99
3507.0	23321.0	956.75
3508.0	23351.0	958.52
3509.0	23381.0	960.29
3510.0	23389.0	961.17
3511.0	23462.0	964.72
3512.0	23492.0	966.5
3513.0	23435.0	964.72
3514.0	23422.0	964.72
3515.0	23408.0	964.72
3516.0	23395.0	964.72
3517.0	23425.0	966.5
3518.0	23476.0	969.17
3519.0	23506.0	970.96
3520.0	23558.0	973.64
3521.0	23544.0	973.64
3522.0	23488.0	971.85
3523.0	23410.0	969.17
3524.0	23289.0	964.72
3525.0	23126.0	958.52
3526.0	22964.0	952.36
3527.0	22804.0	946.24
3528.0	22686.0	941.89
3529.0	22569.0	937.56
3530.0	22515.0	935.84
3531.0	22419.0	932.39
3532.0	22386.0	931.54
3533.0	22291.0	928.11
3534.0	22217.0	925.55
3535.0	22164.0	923.85
3536.0	22070.0	920.45
3537.0	22037.0	919.6
3538.0	21984.0	917.91
3539.0	21971.0	917.91
3540.0	21959.0	917.91
3541.0	21906.0	916.22
3542.0	21894.0	916.22
3543.0	21922.0	917.91
3544.0	21909.0	917.91
3545.0	21938.0	919.6
3546.0	21925.0	919.6
3547.0	21933.0	920.45
3548.0	21961.0	922.15
3549.0	21989.0	923.85
3550.0	22017.0	925.55
3551.0	22005.0	925.55
3552.0	22013.0	926.4
3553.0	22041.0	928.11
3554.0	22029.0	928.11
3555.0	22016.0	928.11
3556.0	22085.0	931.54
3557.0	22134.0	934.11
3558.0	22162.0	935.84
3559.0	22211.0	938.42
3560.0	22198.0	938.42
3561.0	22186.0	938.42
3562.0	22173.0	938.42
3563.0	22161.0	938.42
3564.0	22189.0	940.16
3565.0	22218.0	941.89
3566.0	22205.0	941.89
3567.0	22193.0	941.89
3568.0	22180.0	941.89
3569.0	22229.0	944.49
3570.0	22217.0	944.49
3571.0	22204.0	944.49
3572.0	22131.0	941.89
3573.0	22078.0	940.16
3574.0	22025.0	938.42
3575.0	21952.0	935.84
3576.0	21899.0	934.11
3577.0	21846.0	932.39
3578.0	21814.0	931.54
3579.0	21762.0	929.82
3580.0	21650.0	925.55
3581.0	21558.0	922.15
3582.0	21487.0	919.6
3583.0	21435.0	917.91
3584.0	21325.0	913.69
3585.0	21215.0	909.49
3586.0	21164.0	907.82
3587.0	21113.0	906.15
3588.0	21102.0	906.15
3589.0	21129.0	907.82
3590.0	21117.0	907.82
3591.0	21164.0	910.33
3592.0	21152.0	910.33
3593.0	21179.0	912.01
3594.0	21206.0	913.69
3595.0	21253.0	916.22
3596.0	21320.0	919.6
3597.0	21367.0	922.15
3598.0	21394.0	923.85
3599.0	21422.0	925.55
3600.0	21469.0	928.11
3601.0	21536.0	931.54
3602.0	21544.0	932.39
3603.0	21572.0	934.11
3604.0	21600.0	935.84
3605.0	21548.0	934.11
3606.0	21358.0	926.4
3607.0	21190.0	919.6
3608.0	21003.0	912.01
3609.0	20857.0	906.15
3610.0	20673.0	898.67
3611.0	20529.0	892.89
3612.0	20499.0	892.07
3613.0	20450.0	890.43
3614.0	20438.0	890.43
3615.0	20427.0	890.43
3616.0	20416.0	890.43
3617.0	20404.0	890.43
3618.0	20393.0	890.43
3619.0	20344.0	888.79
3620.0	20277.0	886.34
3621.0	20191.0	883.08
3622.0	20124.0	880.64
3623.0	20039.0	877.41
3624.0	20010.0	876.59
3625.0	19925.0	873.37
3626.0	19823.0	869.36
3627.0	19685.0	863.77
3628.0	19583.0	859.8
3629.0	19447.0	854.28
3630.0	19311.0	848.79
3631.0	19212.0	844.89
3632.0	19131.0	841.78
3633.0	19085.0	840.23
3634.0	19110.0	841.78
3635.0	19134.0	843.33
3636.0	19212.0	847.23
3637.0	19272.0	850.35
3638.0	19440.0	858.22
3639.0	19591.0	865.36
3640.0	19725.0	871.76
3641.0	19878.0	879.02
3642.0	19996.0	884.71
3643.0	20077.0	888.79
3644.0	20140.0	892.07
3645.0	20129.0	892.07
3646.0	20118.0	892.07
3647.0	20107.0	892.07
3648.0	20059.0	890.43
3649.0	20085.0	892.07
3650.0	20074.0	892.07
3651.0	20063.0	892.07
3652.0	20052.0	892.07
3653.0	20041.0	892.07
3654.0	20049.0	892.89
3655.0	20075.0	894.54
3656.0	20064.0	894.54
3657.0	20127.0	897.84
3658.0	20134.0	898.67
3659.0	20197.0	901.99
3660.0	20242.0	904.48
3661.0	20306.0	907.82
3662.0	20332.0	909.49
3663.0	20340.0	910.33
3664.0	20366.0	912.01
3665.0	20393.0	913.69
3666.0	20381.0	913.69
3667.0	20370.0	913.69
3668.0	20416.0	916.22
3669.0	20442.0	917.91
3670.0	20525.0	922.15
3671.0	20609.0	926.4
3672.0	20674.0	929.82
3673.0	20719.0	932.39
3674.0	20746.0	934.11
3675.0	20735.0	934.11
3676.0	20686.0	932.39
3677.0	20713.0	934.11
3678.0	20701.0	934.11
3679.0	20652.0	932.39
3680.0	20641.0	932.39
3681.0	20535.0	928.11
3682.0	20429.0	923.85
3683.0	20250.0	916.22
3684.0	20109.0	910.33
3685.0	19913.0	901.99
3686.0	19738.0	894.54
3687.0	19565.0	887.16
3688.0	19375.0	879.02
3689.0	19187.0	870.96
3690.0	19018.0	863.77
3691.0	18886.0	858.22
3692.0	18702.0	850.35
3693.0	18538.0	843.33
3694.0	18324.0	834.06
3695.0	18080.0	823.38
3696.0	17888.0	815.08
3697.0	17714.0	807.6
3698.0	17558.0	800.94
3699.0	17388.0	793.6
3700.0	17267.0	788.5
3701.0	17147.0	783.43
3702.0	17027.0	778.39
3703.0	16940.0	774.82
3704.0	16869.0	771.97
3705.0	16844.0	771.26
3706.0	16835.0	771.26
3707.0	16903.0	774.82
3708.0	17004.0	779.83
3709.0	17073.0	783.43
3710.0	17174.0	788.5
3711.0	17308.0	795.06
3712.0	17458.0	802.42
3713.0	17643.0	811.33
3714.0	17813.0	819.59
3715.0	18001.0	828.7
3716.0	18158.0	836.37
3717.0	18299.0	843.33
3718.0	18408.0	848.79
3719.0	18517.0	854.28
3720.0	18592.0	858.22
3721.0	18668.0	862.18
3722.0	18693.0	863.77
3723.0	18734.0	866.17
3724.0	18828.0	870.96
3725.0	18905.0	874.98
3726.0	18947.0	877.41
3727.0	18972.0	879.02
3728.0	18961.0	879.02
3729.0	18899.0	876.59
3730.0	18819.0	873.37
3731.0	18809.0	873.37
3732.0	18747.0	870.96
3733.0	18754.0	871.76
3734.0	18744.0	871.76
3735.0	18734.0	871.76
3736.0	18724.0	871.76
3737.0	18749.0	873.37
3738.0	18773.0	874.98
3739.0	18815.0	877.41
3740.0	18875.0	880.64
3741.0	18917.0	883.08
3742.0	18941.0	884.71
3743.0	18931.0	884.71
3744.0	18921.0	884.71
3745.0	18911.0	884.71
3746.0	18866.0	883.08
3747.0	18856.0	883.08
3748.0	18829.0	882.26
3749.0	18784.0	880.64
3750.0	18774.0	880.64
3751.0	18764.0	880.64
3752.0	18754.0	880.64
3753.0	18744.0	880.64
3754.0	18734.0	880.64
3755.0	18776.0	883.08
3756.0	18801.0	884.71
3757.0	18790.0	884.71
3758.0	18781.0	884.71
3759.0	18684.0	880.64
3760.0	18606.0	877.41
3761.0	18544.0	874.98
3762.0	18535.0	874.98
3763.0	18525.0	874.98
3764.0	18549.0	876.59
3765.0	18556.0	877.41
3766.0	18529.0	876.59
3767.0	18485.0	874.98
3768.0	18442.0	873.37
3769.0	18432.0	873.37
3770.0	18388.0	871.76
3771.0	18361.0	870.96
3772.0	18284.0	867.76
3773.0	18241.0	866.17
3774.0	18181.0	863.77
3775.0	18121.0	861.39
3776.0	18045.0	858.22
3777.0	17953.0	854.28
3778.0	17877.0	851.14
3779.0	17851.0	850.35
3780.0	17858.0	851.14
3781.0	17915.0	854.28
3782.0	17955.0	856.64
3783.0	17978.0	858.22
3784.0	18002.0	859.8
3785.0	17992.0	859.8
3786.0	17950.0	858.22
3787.0	17907.0	856.64
3788.0	17848.0	854.28
3789.0	17773.0	851.14
3790.0	17682.0	847.23
3791.0	17624.0	844.89
3792.0	17550.0	841.78
3793.0	17460.0	837.91
3794.0	17371.0	834.06
3795.0	17298.0	831.0
3796.0	17209.0	827.18
3797.0	17153.0	824.9
3798.0	17191.0	827.18
3799.0	17262.0	831.0
3800.0	17284.0	832.53
3801.0	17339.0	835.6
3802.0	17266.0	832.53
3803.0	17178.0	828.7
3804.0	17058.0	823.38
3805.0	16940.0	818.08
3806.0	16791.0	811.33
3807.0	16659.0	805.38
3808.0	16483.0	797.26
3809.0	16293.0	788.5
3810.0	16105.0	779.83
3811.0	15935.0	771.97
3812.0	15780.0	764.89
3813.0	15527.0	753.01
3814.0	15264.0	740.63
3815.0	15019.0	729.12
3816.0	14791.0	718.45
3817.0	14648.0	711.87
3818.0	14573.0	708.6
3819.0	14606.0	710.56
3820.0	14720.0	716.47
3821.0	14875.0	724.44
3822.0	15061.0	733.84
3823.0	15220.0	741.99
3824.0	15409.0	751.62
3825.0	15601.0	761.38
3826.0	15766.0	769.84
3827.0	15889.0	776.25
3828.0	16028.0	783.43
3829.0	16123.0	788.5
3830.0	16249.0	795.06
3831.0	16391.0	802.42
3832.0	16518.0	809.09
3833.0	16663.0	816.58
3834.0	16793.0	823.38
3835.0	16923.0	830.23
3836.0	17040.0	836.37
3837.0	17141.0	841.78
3838.0	17243.0	847.23
3839.0	17345.0	852.71
3840.0	17448.0	858.22
3841.0	17520.0	862.18
3842.0	17575.0	865.36
3843.0	17615.0	867.76
3844.0	17671.0	870.96
3845.0	17710.0	873.37
3846.0	17783.0	877.41
3847.0	17806.0	879.02
3848.0	17830.0	880.64
3849.0	17853.0	882.26
3850.0	17894.0	884.71
3851.0	18167.0	898.67
3852.0	18140.0	897.84
3853.0	18131.0	897.84
3854.0	18088.0	896.19
3855.0	18046.0	894.54
3856.0	17953.0	890.43
3857.0	17862.0	886.34
3858.0	17738.0	880.64
3859.0	17582.0	873.37
3860.0	17460.0	867.76
3861.0	17291.0	859.8
3862.0	17108.0	851.14
3863.0	16989.0	845.67
3864.0	16856.0	839.46
3865.0	16785.0	836.37
3866.0	16730.0	834.06
3867.0	16721.0	834.06
3868.0	16759.0	836.37
3869.0	16781.0	837.91
3870.0	16850.0	841.78
3871.0	16903.0	844.89
3872.0	16941.0	847.23
3873.0	16995.0	850.35
3874.0	17033.0	852.71
3875.0	17056.0	854.28
3876.0	17047.0	854.28
3877.0	17007.0	852.71
3878.0	16967.0	851.14
3879.0	16911.0	848.79
3880.0	16825.0	844.89
3881.0	16724.0	840.23
3882.0	16638.0	836.37
3883.0	16553.0	832.53
3884.0	16469.0	828.7
3885.0	16430.0	827.18
3886.0	16376.0	824.9
3887.0	16413.0	827.18
3888.0	16435.0	828.7
3889.0	16502.0	832.53
3890.0	16600.0	837.91
3891.0	16699.0	843.33
3892.0	16799.0	848.79
3893.0	16868.0	852.71
3894.0	16968.0	858.22
3895.0	17038.0	862.18
3896.0	17060.0	863.77
3897.0	17083.0	865.36
3898.0	17121.0	867.76
3899.0	17113.0	867.76
3900.0	17135.0	869.36
3901.0	17126.0	869.36
3902.0	17118.0	869.36
3903.0	17140.0	870.96
3904.0	17100.0	869.36
3905.0	17091.0	869.36
3906.0	17051.0	867.76
3907.0	17011.0	866.17
3908.0	16987.0	865.36
3909.0	16978.0	865.36
3910.0	16938.0	863.77
3911.0	16930.0	863.77
3912.0	16890.0	862.18
3913.0	16834.0	859.8
3914.0	16795.0	858.22
3915.0	16678.0	852.71
3916.0	16563.0	847.23
3917.0	16478.0	843.33
3918.0	16394.0	839.46
3919.0	16356.0	837.91
3920.0	16272.0	834.06
3921.0	16234.0	832.53
3922.0	16151.0	828.7
3923.0	16113.0	827.18
3924.0	16061.0	824.9
3925.0	16023.0	823.38
3926.0	16015.0	823.38
3927.0	16007.0	823.38
3928.0	16028.0	824.9
3929.0	16020.0	824.9
3930.0	16056.0	827.18
3931.0	16048.0	827.18
3932.0	16069.0	828.7
3933.0	16105.0	831.0
3934.0	16097.0	831.0
3935.0	16089.0	831.0
3936.0	16081.0	831.0
3937.0	16073.0	831.0
3938.0	16065.0	831.0
3939.0	16086.0	832.53
3940.0	16108.0	834.06
3941.0	16144.0	836.37
3942.0	16165.0	837.91
3943.0	16202.0	840.23
3944.0	16253.0	843.33
3945.0	16275.0	844.89
3946.0	16267.0	844.89
3947.0	16259.0	844.89
3948.0	16265.0	845.67
3949.0	16242.0	844.89
3950.0	16204.0	843.33
3951.0	16136.0	840.23
3952.0	16054.0	836.37
3953.0	15943.0	831.0
3954.0	15818.0	824.9
3955.0	15708.0	819.59
3956.0	15571.0	812.83
3957.0	15434.0	806.12
3958.0	15327.0	800.94
3959.0	15249.0	797.26
3960.0	15144.0	792.14
3961.0	15094.0	789.95
3962.0	14990.0	784.87
3963.0	14927.0	781.99
3964.0	14878.0	779.83
3965.0	14898.0	781.27
3966.0	14904.0	781.99
3967.0	14979.0	786.32
3968.0	15041.0	789.95
3969.0	15103.0	793.6
3970.0	15165.0	797.26
3971.0	15255.0	802.42
3972.0	15318.0	806.12
3973.0	15367.0	809.09
3974.0	15402.0	811.33
3975.0	15422.0	812.83
3976.0	15443.0	814.33
3977.0	15478.0	816.58
3978.0	15498.0	818.08
3979.0	15519.0	819.59
3980.0	15554.0	821.86
3981.0	15575.0	823.38
3982.0	15596.0	824.9
3983.0	15603.0	825.66
3984.0	15624.0	827.18
3985.0	15616.0	827.18
3986.0	15608.0	827.18
3987.0	15600.0	827.18
3988.0	15592.0	827.18
3989.0	15541.0	824.9
3990.0	15505.0	823.38
3991.0	15469.0	821.86
3992.0	15418.0	819.59
3993.0	15382.0	818.08
3994.0	15304.0	814.33
3995.0	15240.0	811.33
3996.0	15162.0	807.6
3997.0	15085.0	803.89
3998.0	15008.0	800.2
3999.0	14905.0	795.06
4000.0	14801.0	789.95
4001.0	14699.0	784.87
4002.0	14624.0	781.27
4003.0	14523.0	776.25
4004.0	14462.0	773.39
4005.0	14389.0	769.84
4006.0	14315.0	766.3
4007.0	14255.0	763.48
4008.0	14183.0	759.98
4009.0	14085.0	755.09
4010.0	14013.0	751.62
4011.0	13942.0	748.17
4012.0	13871.0	744.73
4013.0	13775.0	739.95
4014.0	13654.0	733.84
4015.0	13535.0	727.78
4016.0	13429.0	722.44
4017.0	13287.0	715.16
4018.0	13158.0	708.6
4019.0	13019.0	701.45
4020.0	12870.0	693.74
4021.0	12745.0	687.38
4022.0	12634.0	681.71
4023.0	12593.0	679.83
4024.0	12540.0	677.33
4025.0	12557.0	678.58
4026.0	12609.0	681.71
4027.0	12707.0	687.38
4028.0	12819.0	693.74
4029.0	12979.0	702.75
4030.0	13140.0	711.87
4031.0	13341.0	723.1
4032.0	13508.0	732.49
4033.0	13676.0	741.99
4034.0	13821.0	750.24
4035.0	13994.0	759.98
4036.0	14103.0	766.3
4037.0	14227.0	773.39
4038.0	14285.0	776.96
4039.0	14371.0	781.99
4040.0	14416.0	784.87
4041.0	14476.0	788.5
4042.0	14509.0	790.68
4043.0	14555.0	793.6
4044.0	14588.0	795.79
4045.0	14635.0	798.73
4046.0	14695.0	802.42
4047.0	14742.0	805.38
4048.0	14775.0	807.6
4049.0	14836.0	811.33
4050.0	14856.0	812.83
4051.0	14917.0	816.58
4052.0	14938.0	818.08
4053.0	14999.0	821.86
4054.0	15019.0	823.38
4055.0	15081.0	827.18
4056.0	15102.0	828.7
4057.0	15136.0	831.0
4058.0	15156.0	832.53
4059.0	15177.0	834.06
4060.0	15169.0	834.06
4061.0	15162.0	834.06
4062.0	15127.0	832.53
4063.0	15119.0	832.53
4064.0	15084.0	831.0
4065.0	15063.0	830.23
4066.0	15027.0	828.7
4067.0	14992.0	827.18
4068.0	14958.0	825.66
4069.0	14909.0	823.38
4070.0	14874.0	821.86
4071.0	14839.0	820.35
4072.0	14818.0	819.59
4073.0	14784.0	818.08
4074.0	14777.0	818.08
4075.0	14742.0	816.58
4076.0	14694.0	814.33
4077.0	14660.0	812.83
4078.0	14626.0	811.33
4079.0	14578.0	809.09
4080.0	14544.0	807.6
4081.0	14511.0	806.12
4082.0	14464.0	803.89
4083.0	14430.0	802.42
4084.0	14383.0	800.2
4085.0	14323.0	797.26
4086.0	14316.0	797.26
4087.0	14270.0	795.06
4088.0	14236.0	793.6
4089.0	14177.0	790.68
4090.0	14131.0	788.5
4091.0	14098.0	787.04
4092.0	14026.0	783.43
4093.0	13981.0	781.27
4094.0	13923.0	778.39
4095.0	13878.0	776.25
4096.0	13820.0	773.39
4097.0	13775.0	771.26
4098.0	13743.0	769.84
4099.0	13736.0	769.84
4100.0	13729.0	769.84
4101.0	13748.0	771.26
4102.0	13779.0	773.39
4103.0	13798.0	774.82
4104.0	13829.0	776.96
4105.0	13848.0	778.39
4106.0	13893.0	781.27
4107.0	13899.0	781.99
4108.0	13892.0	781.99
4109.0	13885.0	781.99
4110.0	13866.0	781.27
4111.0	13808.0	778.39
4112.0	13763.0	776.25
4113.0	13706.0	773.39
4114.0	13661.0	771.26
4115.0	13592.0	767.72
4116.0	13510.0	763.48
4117.0	13442.0	759.98
4118.0	13374.0	756.48
4119.0	13343.0	755.09
4120.0	13311.0	753.7
4121.0	13330.0	755.09
4122.0	13323.0	755.09
4123.0	13341.0	756.48
4124.0	13359.0	757.88
4125.0	13365.0	758.58
4126.0	13359.0	758.58
4127.0	13352.0	758.58
4128.0	13346.0	758.58
4129.0	13302.0	756.48
4130.0	13272.0	755.09
4131.0	13204.0	751.62
4132.0	13137.0	748.17
4133.0	13070.0	744.73
4134.0	12980.0	739.95
4135.0	12890.0	735.19
4136.0	12778.0	729.12
4137.0	12666.0	723.1
4138.0	12579.0	718.45
4139.0	12480.0	713.18
4140.0	12428.0	710.56
4141.0	12388.0	708.6
4142.0	12382.0	708.6
4143.0	12376.0	708.6
4144.0	12382.0	709.25
4145.0	12421.0	711.87
4146.0	12473.0	715.16
4147.0	12547.0	719.78
4148.0	12622.0	724.44
4149.0	12698.0	729.12
4150.0	12774.0	733.84
4151.0	12874.0	739.95
4152.0	12951.0	744.73
4153.0	13005.0	748.17
4154.0	13082.0	753.01
4155.0	13136.0	756.48
4156.0	13166.0	758.58
4157.0	13209.0	761.38
4158.0	13239.0	763.48
4159.0	13257.0	764.89
4160.0	13275.0	766.3
4161.0	13305.0	768.42
4162.0	13299.0	768.42
4163.0	13292.0	768.42
4164.0	13286.0	768.42
4165.0	13280.0	768.42
4166.0	13273.0	768.42
4167.0	13267.0	768.42
4168.0	13248.0	767.72
4169.0	13242.0	767.72
4170.0	13236.0	767.72
4171.0	13229.0	767.72
4172.0	13223.0	767.72
4173.0	13217.0	767.72
4174.0	13210.0	767.72
4175.0	13204.0	767.72
4176.0	13173.0	766.3
4177.0	13191.0	767.72
4178.0	13185.0	767.72
4179.0	13179.0	767.72
4180.0	13185.0	768.42
4181.0	13178.0	768.42
4182.0	13172.0	768.42
4183.0	13166.0	768.42
4184.0	13184.0	769.84
4185.0	13177.0	769.84
4186.0	13171.0	769.84
4187.0	13165.0	769.84
4188.0	13159.0	769.84
4189.0	13128.0	768.42
4190.0	13110.0	767.72
4191.0	13079.0	766.3
4192.0	13073.0	766.3
4193.0	13043.0	764.89
4194.0	13037.0	764.89
4195.0	13006.0	763.48
4196.0	12964.0	761.38
4197.0	12934.0	759.98
4198.0	12928.0	759.98
4199.0	12898.0	758.58
4200.0	12856.0	756.48
4201.0	12850.0	756.48
4202.0	12844.0	756.48
4203.0	12815.0	755.09
4204.0	12808.0	755.09
4205.0	12826.0	756.48
4206.0	12820.0	756.48
4207.0	12814.0	756.48
4208.0	12843.0	758.58
4209.0	12861.0	759.98
4210.0	12855.0	759.98
4211.0	12872.0	761.38
4212.0	12902.0	763.48
4213.0	12943.0	766.3
4214.0	12973.0	768.42
4215.0	13014.0	771.26
4216.0	13044.0	773.39
4217.0	13086.0	776.25
4218.0	13116.0	778.39
4219.0	13134.0	779.83
4220.0	13164.0	781.99
4221.0	13182.0	783.43
4222.0	13176.0	783.43
4223.0	13170.0	783.43
4224.0	13164.0	783.43
4225.0	13133.0	781.99
4226.0	13091.0	779.83
4227.0	13060.0	778.39
4228.0	13030.0	776.96
4229.0	12988.0	774.82
4230.0	12958.0	773.39
4231.0	12916.0	771.26
4232.0	12886.0	769.84
4233.0	12845.0	767.72
4234.0	12791.0	764.89
4235.0	12762.0	763.48
4236.0	12756.0	763.48
4237.0	12715.0	761.38
4238.0	12709.0	761.38
4239.0	12703.0	761.38
4240.0	12697.0	761.38
4241.0	12714.0	762.78
4242.0	12720.0	763.48
4243.0	12737.0	764.89
4244.0	12731.0	764.89
4245.0	12749.0	766.3
4246.0	12766.0	767.72
4247.0	12772.0	768.42
4248.0	12789.0	769.84
4249.0	12807.0	771.26
4250.0	12813.0	771.97
4251.0	12807.0	771.97
4252.0	12824.0	773.39
4253.0	12818.0	773.39
4254.0	12812.0	773.39
4255.0	12783.0	771.97
4256.0	12777.0	771.97
4257.0	12771.0	771.97
4258.0	12788.0	773.39
4259.0	12782.0	773.39
4260.0	12776.0	773.39
4261.0	12770.0	773.39
4262.0	12764.0	773.39
4263.0	12758.0	773.39
4264.0	12752.0	773.39
4265.0	12770.0	774.82
4266.0	12764.0	774.82
4267.0	12758.0	774.82
4268.0	12728.0	773.39
4269.0	12699.0	771.97
4270.0	12681.0	771.26
4271.0	12652.0	769.84
4272.0	12623.0	768.42
4273.0	12582.0	766.3
4274.0	12576.0	766.3
4275.0	12547.0	764.89
4276.0	12518.0	763.48
4277.0	12512.0	763.48
4278.0	12472.0	761.38
4279.0	12443.0	759.98
4280.0	12415.0	758.58
4281.0	12375.0	756.48
4282.0	12323.0	753.7
4283.0	12284.0	751.62
4284.0	12255.0	750.24
4285.0	12216.0	748.17
4286.0	12210.0	748.17
4287.0	12182.0	746.79
4288.0	12176.0	746.79
4289.0	12148.0	745.42
4290.0	12142.0	745.42
4291.0	12137.0	745.42
4292.0	12120.0	744.73
4293.0	12114.0	744.73
4294.0	12120.0	745.42
4295.0	12114.0	745.42
4296.0	12131.0	746.79
4297.0	12125.0	746.79
4298.0	12142.0	748.17
4299.0	12136.0	748.17
4300.0	12131.0	748.17
4301.0	12125.0	748.17
4302.0	12119.0	748.17
4303.0	12114.0	748.17
4304.0	12108.0	748.17
4305.0	12080.0	746.79
4306.0	12075.0	746.79
4307.0	12069.0	746.79
4308.0	12041.0	745.42
4309.0	12036.0	745.42
4310.0	11997.0	743.36
4311.0	11991.0	743.36
4312.0	11964.0	741.99
4313.0	11936.0	740.63
4314.0	11898.0	738.58
4315.0	11870.0	737.22
4316.0	11832.0	735.19
4317.0	11805.0	733.84
4318.0	11756.0	731.14
4319.0	11718.0	729.12
4320.0	11670.0	726.44
4321.0	11632.0	724.44
4322.0	11594.0	722.44
4323.0	11525.0	718.45
4324.0	11488.0	716.47
4325.0	11430.0	713.18
4326.0	11383.0	710.56
4327.0	11325.0	707.29
4328.0	11247.0	702.75
4329.0	11190.0	699.52
4330.0	11113.0	695.02
4331.0	11037.0	690.56
4332.0	10981.0	687.38
4333.0	10936.0	684.86
4334.0	10880.0	681.71
4335.0	10855.0	680.46
4336.0	10820.0	678.58
4337.0	10795.0	677.33
4338.0	10790.0	677.33
4339.0	10805.0	678.58
4340.0	10830.0	680.46
4341.0	10845.0	681.71
4342.0	10880.0	684.23
4343.0	10905.0	686.12
4344.0	10931.0	688.02
4345.0	10966.0	690.56
4346.0	11011.0	693.74
4347.0	11047.0	696.3
4348.0	11072.0	698.23
4349.0	11118.0	701.45
4350.0	11154.0	704.04
4351.0	11180.0	705.99
4352.0	11216.0	708.6
4353.0	11242.0	710.56
4354.0	11278.0	713.18
4355.0	11273.0	713.18
4356.0	11278.0	713.84
4357.0	11273.0	713.84
4358.0	11289.0	715.16
4359.0	11284.0	715.16
4360.0	11258.0	713.84
4361.0	11242.0	713.18
4362.0	11237.0	713.18
4363.0	11211.0	711.87
4364.0	11185.0	710.56
4365.0	11149.0	708.6
4366.0	11124.0	707.29
4367.0	11078.0	704.69
4368.0	11042.0	702.75
4369.0	11007.0	700.81
4370.0	10961.0	698.23
4371.0	10906.0	695.02
4372.0	10831.0	690.56
4373.0	10756.0	686.12
4374.0	10682.0	681.71
4375.0	10589.0	676.08
4376.0	10507.0	671.12
4377.0	10415.0	665.58
4378.0	10324.0	660.08
4379.0	10206.0	652.83
4380.0	10108.0	646.85
4381.0	10002.0	640.32
4382.0	9905.5	634.45
4383.0	9819.2	629.22
4384.0	9751.7	625.17
4385.0	9720.3	623.45
4386.0	9698.0	622.3
4387.0	9693.6	622.3
4388.0	9724.9	624.6
4389.0	9765.4	627.48
4390.0	9824.1	631.54
4391.0	9892.2	636.21
4392.0	9988.4	642.69
4393.0	10058.0	647.44
4394.0	10155.0	654.03
4395.0	10245.0	660.08
4396.0	10344.0	666.81
4397.0	10435.0	672.98
4398.0	10517.0	678.58
4399.0	10581.0	682.96
4400.0	10625.0	686.12
4401.0	10669.0	689.29
4402.0	10703.0	691.83
4403.0	10728.0	693.74
4404.0	10743.0	695.02
4405.0	10768.0	696.95
4406.0	10783.0	698.23
4407.0	10818.0	700.81
4408.0	10823.0	701.45
4409.0	10838.0	702.75
4410.0	10853.0	704.04
4411.0	10848.0	704.04
4412.0	10853.0	704.69
4413.0	10868.0	705.99
4414.0	10883.0	707.29
4415.0	10878.0	707.29
4416.0	10893.0	708.6
4417.0	10888.0	708.6
4418.0	10884.0	708.6
4419.0	10879.0	708.6
4420.0	10854.0	707.29
4421.0	10829.0	705.99
4422.0	10794.0	704.04
4423.0	10749.0	701.45
4424.0	10715.0	699.52
4425.0	10671.0	696.95
4426.0	10636.0	695.02
4427.0	10583.0	691.83
4428.0	10539.0	689.29
4429.0	10505.0	687.38
4430.0	10481.0	686.12
4431.0	10457.0	684.86
4432.0	10424.0	682.96
4433.0	10419.0	682.96
4434.0	10395.0	681.71
4435.0	10390.0	681.71
4436.0	10386.0	681.71
4437.0	10381.0	681.71
4438.0	10395.0	682.96
4439.0	10391.0	682.96
4440.0	10405.0	684.23
4441.0	10401.0	684.23
4442.0	10396.0	684.23
4443.0	10372.0	682.96
4444.0	10367.0	682.96
4445.0	10363.0	682.96
4446.0	10358.0	682.96
4447.0	10353.0	682.96
4448.0	10311.0	680.46
4449.0	10278.0	678.58
4450.0	10235.0	676.08
4451.0	10202.0	674.21
4452.0	10151.0	671.12
4453.0	10091.0	667.42
4454.0	10040.0	664.35
4455.0	9943.2	658.26
4456.0	9856.6	652.83
4457.0	9744.0	645.65
4458.0	9650.3	639.73
4459.0	9522.4	631.54
4460.0	9396.2	623.45
4461.0	9271.6	615.46
4462.0	9131.9	606.46
4463.0	8986.0	597.03
4464.0	8866.9	589.39
4465.0	8733.3	580.76
4466.0	8625.5	573.85
4467.0	8519.0	567.02
4468.0	8460.5	563.38
4469.0	8402.3	559.76
4470.0	8414.1	560.79
4471.0	8410.3	560.79
4472.0	8460.9	564.41
4473.0	8496.1	567.02
4474.0	8563.0	571.74
4475.0	8654.3	578.09
4476.0	8738.6	583.98
4477.0	8831.8	590.47
4478.0	8942.4	598.14
4479.0	9062.7	606.46
4480.0	9159.3	613.2
4481.0	9274.1	621.15
4482.0	9390.2	629.22
4483.0	9464.2	634.45
4484.0	9565.1	641.5
4485.0	9640.4	646.85
4486.0	9707.4	651.63
4487.0	9765.8	655.84
4488.0	9824.6	660.08
4489.0	9883.7	664.35
4490.0	9915.8	666.81
4491.0	9938.8	668.65
4492.0	9971.0	671.12
4493.0	9975.8	671.74
4494.0	9989.7	672.98
4495.0	9985.3	672.98
4496.0	9980.8	672.98
4497.0	9976.4	672.98
4498.0	9972.0	672.98
4499.0	9967.5	672.98
4500.0	9944.8	671.74
4501.0	9931.2	671.12
4502.0	9926.8	671.12
4503.0	9904.1	669.88
4504.0	9881.5	668.65
4505.0	9849.9	666.81
4506.0	9827.3	665.58
4507.0	9804.9	664.35
4508.0	9791.6	663.74
4509.0	9787.2	663.74
4510.0	9764.9	662.52
4511.0	9760.5	662.52
4512.0	9738.2	661.3
4513.0	9733.9	661.3
4514.0	9711.7	660.08
4515.0	9707.4	660.08
4516.0	9703.1	660.08
4517.0	9716.7	661.3
4518.0	9712.4	661.3
4519.0	9708.1	661.3
4520.0	9703.8	661.3
4521.0	9699.5	661.3
4522.0	9695.2	661.3
4523.0	9673.1	660.08
4524.0	9668.9	660.08
4525.0	9655.7	659.48
4526.0	9633.7	658.26
4527.0	9611.7	657.05
4528.0	9580.9	655.24
4529.0	9559.1	654.03
4530.0	9537.2	652.83
4531.0	9506.8	651.03
4532.0	9485.1	649.83
4533.0	9446.0	647.44
4534.0	9415.8	645.65
4535.0	9394.3	644.46
4536.0	9381.6	643.87
4537.0	9360.2	642.69
4538.0	9356.0	642.69
4539.0	9351.9	642.69
4540.0	9347.8	642.69
4541.0	9343.7	642.69
4542.0	9339.6	642.69
4543.0	9335.5	642.69
4544.0	9348.5	643.87
4545.0	9353.0	644.46
4546.0	9366.2	645.65
4547.0	9387.9	647.44
4548.0	9418.4	649.83
4549.0	9431.7	651.03
4550.0	9453.6	652.83
4551.0	9466.9	654.03
4552.0	9488.9	655.84
4553.0	9502.2	657.05
4554.0	9515.6	658.26
4555.0	9537.7	660.08
4556.0	9533.5	660.08
4557.0	9546.9	661.3
4558.0	9542.7	661.3
4559.0	9538.5	661.3
4560.0	9551.9	662.52
4561.0	9530.1	661.3
4562.0	9526.0	661.3
4563.0	9521.8	661.3
4564.0	9517.6	661.3
4565.0	9513.4	661.3
4566.0	9526.8	662.52
4567.0	9522.7	662.52
4568.0	9518.5	662.52
4569.0	9514.3	662.52
4570.0	9510.2	662.52
4571.0	9506.0	662.52
4572.0	9528.1	664.35
4573.0	9541.5	665.58
4574.0	9537.3	665.58
4575.0	9550.8	666.81
4576.0	9546.6	666.81
4577.0	9551.2	667.42
4578.0	9564.6	668.65
4579.0	9560.5	668.65
4580.0	9556.3	668.65
4581.0	9552.1	668.65
4582.0	9530.4	667.42
4583.0	9517.4	666.81
4584.0	9495.8	665.58
4585.0	9491.6	665.58
4586.0	9470.0	664.35
4587.0	9465.9	664.35
4588.0	9435.7	662.52
4589.0	9431.6	662.52
4590.0	9410.1	661.3
4591.0	9388.7	660.08
4592.0	9384.6	660.08
4593.0	9354.6	658.26
4594.0	9350.6	658.26
4595.0	9329.3	657.05
4596.0	9308.1	655.84
4597.0	9295.5	655.24
4598.0	9257.2	652.83
4599.0	9227.7	651.03
4600.0	9223.7	651.03
4601.0	9202.7	649.83
4602.0	9198.7	649.83
4603.0	9177.8	648.63
4604.0	9156.9	647.44
4605.0	9144.5	646.85
4606.0	9123.7	645.65
4607.0	9103.0	644.46
4608.0	9099.0	644.46
4609.0	9086.7	643.87
4610.0	9082.8	643.87
4611.0	9062.1	642.69
4612.0	9058.2	642.69
4613.0	9071.0	643.87
4614.0	9067.0	643.87
4615.0	9063.1	643.87
4616.0	9059.2	643.87
4617.0	9038.6	642.69
4618.0	9034.7	642.69
4619.0	9030.8	642.69
4620.0	9010.2	641.5
4621.0	9006.4	641.5
4622.0	8977.6	639.73
4623.0	8940.7	637.38
4624.0	8912.2	635.62
4625.0	8859.2	632.12
4626.0	8831.0	630.38
4627.0	8810.9	629.22
4628.0	8790.9	628.06
4629.0	8779.0	627.48
4630.0	8759.1	626.33
4631.0	8715.1	623.45
4632.0	8695.3	622.3
4633.0	8675.5	621.15
4634.0	8663.8	620.58
4635.0	8660.0	620.58
4636.0	8664.3	621.15
4637.0	8676.6	622.3
4638.0	8672.8	622.3
4639.0	8685.0	623.45
4640.0	8705.3	625.17
4641.0	8701.6	625.17
4642.0	8713.9	626.33
4643.0	8726.2	627.48
4644.0	8730.4	628.06
4645.0	8742.8	629.22
4646.0	8722.9	628.06
4647.0	8719.2	628.06
4648.0	8731.5	629.22
4649.0	8743.9	630.38
4650.0	8756.2	631.54
4651.0	8760.5	632.12
4652.0	8772.9	633.29
4653.0	8769.1	633.29
4654.0	8765.3	633.29
4655.0	8761.6	633.29
4656.0	8774.0	634.45
4657.0	8770.2	634.45
4658.0	8766.4	634.45
4659.0	8778.8	635.62
4660.0	8783.1	636.21
4661.0	8795.5	637.38
4662.0	8791.8	637.38
4663.0	8771.8	636.21
4664.0	8760.0	635.62
4665.0	8756.2	635.62
4666.0	8752.5	635.62
4667.0	8732.6	634.45
4668.0	8696.8	632.12
4669.0	8669.1	630.38
4670.0	8625.6	627.48
4671.0	8566.5	623.45
4672.0	8507.8	619.44
4673.0	8449.5	615.46
4674.0	8391.6	611.5
4675.0	8670.7	632.12
4676.0	8643.2	630.38
4677.0	8623.5	629.22
4678.0	8596.1	627.48
4679.0	8560.8	625.17
4680.0	8549.2	624.6
4681.0	8514.2	622.3
4682.0	8494.9	621.15
4683.0	8467.8	619.44
4684.0	8448.7	618.3
4685.0	8421.7	616.59
4686.0	8402.7	615.46
4687.0	8399.1	615.46
4688.0	8380.0	614.33
4689.0	8376.5	614.33
4690.0	8357.5	613.2
4691.0	8346.2	612.63
4692.0	8342.6	612.63
4693.0	8339.1	612.63
4694.0	8335.5	612.63
4695.0	8332.0	612.63
4696.0	8313.1	611.5
4697.0	8309.6	611.5
4698.0	8321.3	612.63
4699.0	8325.5	613.2
4700.0	8337.3	614.33
4702.0	8345.6	615.46
4704.0	8353.8	616.59
4706.0	8385.3	619.44
4708.0	8401.3	621.15
4710.0	8409.7	622.3
4712.0	8402.5	622.3
4714.0	8410.9	623.45
4716.0	8419.2	624.6
4718.0	8419.9	625.17
4720.0	8428.2	626.33
4722.0	8436.6	627.48
4724.0	8452.8	629.22
4726.0	8476.8	631.54
4728.0	8493.1	633.29
4730.0	8517.2	635.62
4732.0	8533.6	637.38
4734.0	8542.1	638.56
4736.0	8550.6	639.73
4738.0	8551.2	640.32
4740.0	8544.0	640.32
4742.0	8536.8	640.32
4744.0	8521.8	639.73
4746.0	8499.0	638.56
4748.0	8476.2	637.38
4750.0	8469.0	637.38
4752.0	8446.3	636.21
4754.0	8431.5	635.62
4756.0	8424.4	635.62
4758.0	8417.3	635.62
4760.0	8410.2	635.62
4762.0	8403.1	635.62
4764.0	8396.1	635.62
4766.0	8389.0	635.62
4768.0	8382.0	635.62
4770.0	8359.6	634.45
4772.0	8352.6	634.45
4774.0	8330.2	633.29
4776.0	8323.2	633.29
4778.0	8300.9	632.12
4780.0	8294.0	632.12
4782.0	8279.4	631.54
4784.0	8257.3	630.38
4786.0	8250.4	630.38
4788.0	8228.3	629.22
4790.0	8198.8	627.48
4792.0	8192.0	627.48
4794.0	8170.1	626.33
4796.0	8148.2	625.17
4798.0	8141.4	625.17
4800.0	8112.2	623.45
4802.0	8105.4	623.45
4804.0	8083.8	622.3
4806.0	8062.2	621.15
4808.0	8048.1	620.58
4810.0	8026.6	619.44
4812.0	8005.2	618.3
4814.0	7976.4	616.59
4816.0	7955.1	615.46
4818.0	7933.9	614.33
4820.0	7912.7	613.2
4822.0	7898.9	612.63
4824.0	7877.8	611.5
4826.0	7871.3	611.5
4828.0	7850.3	610.38
4830.0	7843.8	610.38
4832.0	7837.3	610.38
4834.0	7823.6	609.82
4836.0	7802.7	608.69
4838.0	7796.3	608.69
4840.0	7775.5	607.57
4842.0	7733.4	604.78
4844.0	7698.6	602.56
4846.0	7671.0	600.9
4848.0	7615.4	597.03
4850.0	7560.3	593.2
4852.0	7519.3	590.47
4854.0	7464.8	586.68
4856.0	7410.8	582.91
4858.0	7370.6	580.23
4860.0	7351.0	579.16
4862.0	7331.4	578.09
4864.0	7325.4	578.09
4866.0	7332.9	579.16
4868.0	7340.4	580.23
4870.0	7354.6	581.83
4872.0	7396.1	585.6
4874.0	7424.2	588.3
4876.0	7466.1	592.11
4878.0	7508.2	595.94
4880.0	7550.6	599.79
4882.0	7607.2	604.78
4884.0	7601.0	604.78
4886.0	7608.8	605.9
4888.0	7609.6	606.46
4890.0	7582.3	604.78
4892.0	7562.2	603.67
4894.0	7535.1	602.0
4896.0	7480.6	598.14
4898.0	7433.3	594.84
4900.0	7386.3	591.56
4902.0	7319.3	586.68
4904.0	7239.7	580.76
4906.0	7180.7	576.5
4908.0	7102.5	570.69
4910.0	7018.7	564.41
4912.0	6948.7	559.24
4914.0	6885.7	554.63
4916.0	6817.1	549.54
4918.0	6755.3	545.0
4920.0	6731.2	543.5
4922.0	6701.0	541.5
4924.0	6664.8	539.01
4926.0	6677.8	540.5
4928.0	6697.0	542.5
4930.0	6710.1	544.0
4932.0	6748.0	547.52
4934.0	6786.1	551.06
4936.0	6824.5	554.63
4938.0	6863.1	558.21
4940.0	6901.9	561.82
4942.0	6940.9	565.46
4944.0	6967.3	568.07
4946.0	6993.8	570.69
4948.0	7026.8	573.85
4950.0	7027.6	574.38
4952.0	7047.9	576.5
4954.0	7048.7	577.03
4956.0	7056.0	578.09
4958.0	7050.3	578.09
4960.0	7057.6	579.16
4962.0	7051.9	579.16
4964.0	7046.2	579.16
4966.0	7040.5	579.16
4968.0	7034.9	579.16
4970.0	7029.2	579.16
4972.0	7023.5	579.16
4974.0	7017.9	579.16
4976.0	7012.3	579.16
4978.0	7006.6	579.16
4980.0	6988.1	578.09
4982.0	6982.5	578.09
4984.0	6976.9	578.09
4986.0	6952.1	576.5
4988.0	6933.7	575.44
4990.0	6915.4	574.38
4992.0	6878.1	571.74
4994.0	6853.7	570.16
4996.0	6823.0	568.07
4998.0	6786.2	565.46
5000.0	6749.6	562.86
5002.0	6719.4	560.79
5004.0	6695.5	559.24
5006.0	6665.6	557.18
5008.0	6641.9	555.65
5010.0	6624.4	554.63
5012.0	6606.9	553.61
5014.0	6595.6	553.1
5016.0	6590.3	553.1
5018.0	6572.9	552.08
5020.0	6567.7	552.08
5022.0	6580.6	553.61
5024.0	6575.4	553.61
5026.0	6582.3	554.63
5028.0	6589.2	555.65
5030.0	6596.1	556.67
5032.0	6596.9	557.18
5034.0	6591.6	557.18
5036.0	6598.6	558.21
5038.0	6593.3	558.21
5040.0	6575.9	557.18
5042.0	6552.6	555.65
5044.0	6535.4	554.63
5046.0	6530.2	554.63
5048.0	6513.0	553.61
5050.0	6507.9	553.61
5052.0	6514.7	554.63
5054.0	6509.5	554.63
5056.0	6516.4	555.65
5058.0	6511.2	555.65
5060.0	6524.1	557.18
5062.0	6530.9	558.21
5064.0	6525.8	558.21
5066.0	6532.6	559.24
5068.0	6533.5	559.76
5070.0	6540.4	560.79
5072.0	6535.3	560.79
5074.0	6542.1	561.82
5076.0	6525.0	560.79
5078.0	6519.8	560.79
5080.0	6514.7	560.79
5082.0	6497.6	559.76
5084.0	6486.5	559.24
5086.0	6481.4	559.24
5088.0	6476.3	559.24
5090.0	6459.3	558.21
5092.0	6454.2	558.21
5094.0	6449.2	558.21
5096.0	6444.1	558.21
5098.0	6439.0	558.21
5100.0	6434.0	558.21
5102.0	6428.9	558.21
5104.0	6423.9	558.21
5106.0	6407.0	557.18
5108.0	6402.0	557.18
5110.0	6391.2	556.67
5112.0	6374.4	555.65
5114.0	6369.4	555.65
5116.0	6352.7	554.63
5118.0	6347.8	554.63
5120.0	6331.1	553.61
5122.0	6326.2	553.61
5124.0	6321.3	553.61
5126.0	6310.5	553.1
5128.0	6305.6	553.1
5130.0	6289.0	552.08
5132.0	6272.6	551.06
5134.0	6267.7	551.06
5136.0	6251.3	550.05
5138.0	6240.7	549.54
5140.0	6224.3	548.53
5142.0	6219.5	548.53
5144.0	6203.2	547.52
5146.0	6198.4	547.52
5148.0	6193.6	547.52
5150.0	6200.2	548.53
5152.0	6189.7	548.02
5154.0	6184.9	548.02
5156.0	6174.4	547.52
5158.0	6169.6	547.52
5160.0	6159.2	547.02
5162.0	6148.7	546.51
5164.0	6144.0	546.51
5166.0	6133.6	546.01
5168.0	6128.8	546.01
5170.0	6118.4	545.51
5172.0	6108.1	545.0
5174.0	6103.3	545.0
5176.0	6093.0	544.5
5178.0	6088.3	544.5
5180.0	6078.0	544.0
5182.0	6067.7	543.5
5184.0	6063.1	543.5
5186.0	6052.8	543.0
5188.0	6042.6	542.5
5190.0	6037.9	542.5
5192.0	6027.7	542.0
5194.0	6017.5	541.5
5196.0	6012.9	541.5
5198.0	6002.7	541.0
5200.0	5998.1	541.0
5202.0	5988.0	540.5
5204.0	5977.9	540.01
5206.0	5973.3	540.01
5208.0	5963.2	539.51
5210.0	5953.1	539.01
5212.0	5965.0	540.5
5214.0	5955.0	540.01
5216.0	5939.4	539.01
5218.0	5924.0	538.02
5220.0	5919.4	538.02
5222.0	5914.9	538.02
5224.0	5910.3	538.02
5226.0	5895.0	537.03
5228.0	5885.0	536.54
5230.0	5869.7	535.55
5232.0	5854.4	534.56
5234.0	5833.8	533.09
5236.0	5818.6	532.11
5238.0	5803.5	531.13
5240.0	5799.1	531.13
5242.0	5778.6	529.66
5244.0	5774.2	529.66
5246.0	5759.2	528.69
5248.0	5754.8	528.69
5250.0	5750.4	528.69
5252.0	5746.1	528.69
5254.0	5741.7	528.69
5256.0	5737.3	528.69
5258.0	5743.5	529.66
5260.0	5739.2	529.66
5262.0	5740.1	530.15
5264.0	5746.3	531.13
5266.0	5741.9	531.13
5268.0	5737.6	531.13
5270.0	5733.2	531.13
5272.0	5718.3	530.15
5274.0	5708.7	529.66
5276.0	5693.9	528.69
5278.0	5673.9	527.23
5280.0	5648.8	525.29
5282.0	5634.1	524.32
5284.0	5614.3	522.88
5286.0	5589.4	520.95
5288.0	5580.1	520.48
5290.0	5565.6	519.52
5292.0	5551.1	518.56
5294.0	5546.9	518.56
5296.0	5532.5	517.61
5298.0	5523.3	517.13
5300.0	5519.1	517.13
5302.0	5515.0	517.13
5304.0	5500.6	516.18
5306.0	5496.5	516.18
5308.0	5492.4	516.18
5310.0	5478.1	515.23
5312.0	5474.0	515.23
5314.0	5469.9	515.23
5316.0	5455.7	514.28
5318.0	5451.6	514.28
5320.0	5447.5	514.28
5322.0	5443.4	514.28
5324.0	5449.3	515.23
5326.0	5445.3	515.23
5328.0	5441.2	515.23
5330.0	5437.1	515.23
5332.0	5423.0	514.28
5334.0	5414.0	513.81
5336.0	5409.9	513.81
5338.0	5395.9	512.86
5340.0	5381.9	511.92
5342.0	5372.9	511.45
5344.0	5359.1	510.51
5346.0	5345.2	509.56
5348.0	5331.4	508.63
5350.0	5327.4	508.63
5352.0	5318.5	508.16
5354.0	5304.7	507.22
5356.0	5300.8	507.22
5358.0	5287.1	506.29
5360.0	5283.1	506.29
5362.0	5279.2	506.29
5364.0	5275.3	506.29
5366.0	5271.3	506.29
5368.0	5257.7	505.36
5370.0	5248.9	504.89
5372.0	5245.0	504.89
5374.0	5231.5	503.96
5376.0	5218.0	503.04
5378.0	5199.7	501.65
5380.0	5186.3	500.73
5382.0	5172.9	499.81
5384.0	5159.5	498.88
5386.0	5151.0	498.42
5388.0	5128.2	496.59
5390.0	5110.3	495.22
5392.0	5087.7	493.4
5394.0	5069.9	492.04
5396.0	5042.8	489.78
5398.0	5020.6	487.98
5400.0	4993.8	485.74
5402.0	4967.2	483.5
5404.0	4940.7	481.28
5406.0	4918.9	479.51
5408.0	4901.7	478.19
5410.0	4880.1	476.43
5412.0	4876.5	476.43
5414.0	4872.9	476.43
5416.0	4878.2	477.31
5418.0	4883.6	478.19
5420.0	4893.5	479.51
5422.0	4898.9	480.4
5424.0	4908.9	481.73
5426.0	4914.3	482.61
5428.0	4933.3	484.84
5430.0	4938.8	485.74
5432.0	4944.2	486.63
5434.0	4954.3	487.98
5436.0	4959.8	488.88
5438.0	4965.2	489.78
5440.0	4961.6	489.78
5442.0	4962.5	490.23
5444.0	4958.9	490.23
5446.0	4955.2	490.23
5448.0	4947.0	489.78
5450.0	4943.4	489.78
5452.0	4939.8	489.78
5454.0	4927.1	488.88
5456.0	4923.5	488.88
5458.0	4919.9	488.88
5460.0	4907.2	487.98
5462.0	4903.6	487.98
5464.0	4886.5	486.63
5466.0	4882.9	486.63
5468.0	4879.4	486.63
5470.0	4875.8	486.63
5472.0	4863.3	485.74
5474.0	4859.7	485.74
5476.0	4856.2	485.74
5478.0	4843.7	484.84
5480.0	4840.2	484.84
5482.0	4836.6	484.84
5484.0	4828.6	484.4
5486.0	4825.1	484.4
5488.0	4812.7	483.5
5490.0	4809.2	483.5
5492.0	4805.7	483.5
5494.0	4802.2	483.5
5496.0	4798.7	483.5
5498.0	4795.2	483.5
5500.0	4800.6	484.4
5502.0	4788.3	483.5
5504.0	4784.8	483.5
5506.0	4781.3	483.5
5508.0	4777.8	483.5
5510.0	4765.6	482.61
5512.0	4762.1	482.61
5514.0	4749.9	481.73
5516.0	4746.5	481.73
5518.0	4738.7	481.28
5520.0	4735.2	481.28
5522.0	4723.1	480.4
5524.0	4719.7	480.4
5526.0	4707.6	479.51
5528.0	4695.5	478.63
5530.0	4692.1	478.63
5532.0	4675.8	477.31
5534.0	4672.4	477.31
5536.0	4660.5	476.43
5538.0	4648.5	475.55
5540.0	4640.9	475.12
5542.0	4637.5	475.12
5544.0	4625.7	474.24
5546.0	4622.3	474.24
5548.0	4610.5	473.37
5550.0	4607.2	473.37
5552.0	4603.9	473.37
5554.0	4600.5	473.37
5556.0	4605.7	474.24
5558.0	4602.4	474.24
5560.0	4599.1	474.24
5562.0	4595.8	474.24
5564.0	4600.9	475.12
5566.0	4597.6	475.12
5568.0	4594.3	475.12
5570.0	4591.0	475.12
5572.0	4587.7	475.12
5574.0	4584.4	475.12
5576.0	4581.2	475.12
5578.0	4577.9	475.12
5580.0	4574.6	475.12
5582.0	4571.3	475.12
5584.0	4568.0	475.12
5586.0	4556.4	474.24
5588.0	4553.1	474.24
5590.0	4549.8	474.24
5592.0	4538.2	473.37
5594.0	4535.0	473.37
5596.0	4523.4	472.5
5598.0	4516.0	472.06
5600.0	4512.8	472.06
5602.0	4501.3	471.19
5604.0	4489.8	470.33
5606.0	4486.6	470.33
5608.0	4471.0	469.03
5610.0	4467.8	469.03
5612.0	4456.4	468.16
5614.0	4453.2	468.16
5616.0	4441.9	467.3
5618.0	4434.6	466.87
5620.0	4423.3	466.01
5622.0	4412.0	465.16
5624.0	4408.9	465.16
5626.0	4393.6	463.87
5628.0	4390.5	463.87
5630.0	4379.3	463.02
5632.0	4376.2	463.02
5634.0	4373.1	463.02
5636.0	4361.9	462.17
5638.0	4358.8	462.17
5640.0	4347.7	461.32
5642.0	4340.6	460.89
5644.0	4337.6	460.89
5646.0	4334.5	460.89
5648.0	4323.4	460.04
5650.0	4320.4	460.04
5652.0	4309.4	459.2
5654.0	4306.3	459.2
5656.0	4291.4	457.93
5658.0	4288.4	457.93
5660.0	4277.5	457.09
5662.0	4262.7	455.83
5664.0	4251.8	454.99
5666.0	4241.0	454.15
5668.0	4230.2	453.31
5670.0	4215.5	452.06
5672.0	4204.8	451.23
5674.0	4201.9	451.23
5676.0	4191.2	450.4
5678.0	4184.4	449.99
5680.0	4181.4	449.99
5682.0	4170.8	449.16
5684.0	4167.9	449.16
5686.0	4164.9	449.16
5688.0	4162.0	449.16
5690.0	4159.1	449.16
5692.0	4163.8	449.99
5694.0	4160.9	449.99
5696.0	4158.0	449.99
5698.0	4155.0	449.99
5700.0	4152.1	449.99
5702.0	4149.2	449.99
5704.0	4146.3	449.99
5706.0	4135.8	449.16
5708.0	4132.9	449.16
5710.0	4130.0	449.16
5712.0	4119.5	448.33
5714.0	4116.6	448.33
5716.0	4113.7	448.33
5718.0	4103.3	447.51
5720.0	4096.6	447.1
5722.0	4093.8	447.1
5724.0	4090.9	447.1
5726.0	4088.1	447.1
5728.0	4085.2	447.1
5730.0	4074.8	446.27
5732.0	4072.0	446.27
5734.0	4069.2	446.27
5736.0	4066.3	446.27
5738.0	4063.5	446.27
5740.0	4053.2	445.45
5742.0	4050.4	445.45
5744.0	4047.5	445.45
5746.0	4037.3	444.63
5748.0	4034.5	444.63
5750.0	4031.7	444.63
5752.0	4025.2	444.22
5754.0	4022.4	444.22
5756.0	4019.6	444.22
5758.0	4016.8	444.22
5760.0	4014.0	444.22
5762.0	4003.8	443.4
5764.0	4001.0	443.4
5766.0	3998.3	443.4
5768.0	3988.1	442.59
5770.0	3985.4	442.59
5772.0	3982.6	442.59
5774.0	3979.8	442.59
5776.0	3973.4	442.18
5778.0	3970.7	442.18
5780.0	3967.9	442.18
5782.0	3957.9	441.37
5784.0	3955.2	441.37
5786.0	3952.4	441.37
5788.0	3949.7	441.37
5790.0	3939.7	440.55
5792.0	3937.0	440.55
5794.0	3934.3	440.55
5796.0	3924.3	439.74
5798.0	3921.6	439.74
5800.0	3918.9	439.74
5802.0	3912.6	439.34
5804.0	3902.7	438.53
5806.0	3892.8	437.72
5808.0	3883.0	436.92
5810.0	3876.7	436.52
5812.0	3867.0	435.71
5814.0	3857.2	434.91
5816.0	3854.5	434.91
5818.0	3844.8	434.11
5820.0	3838.6	433.71
5822.0	3836.0	433.71
5824.0	3826.3	432.91
5826.0	3823.7	432.91
5828.0	3814.0	432.11
5830.0	3811.4	432.11
5832.0	3805.3	431.72
5834.0	3795.7	430.92
5836.0	3786.1	430.13
5838.0	3776.5	429.34
5840.0	3770.5	428.94
5842.0	3760.9	428.15
5844.0	3751.5	427.37
5846.0	3742.0	426.58
5848.0	3729.1	425.4
5850.0	3712.9	423.84
5852.0	3700.1	422.67
5854.0	3680.6	420.73
5856.0	3661.2	418.79
5858.0	3628.4	415.34
5860.0	3596.0	411.91
5862.0	3570.5	409.26
5864.0	3535.3	405.51
5866.0	3494.1	401.05
5868.0	3456.5	397.01
5870.0	3432.0	394.46
5872.0	3407.6	391.92
5874.0	3389.6	390.12
5876.0	3387.3	390.12
5878.0	3391.3	390.84
5880.0	3398.3	391.92
5882.0	3424.3	395.18
5884.0	3450.4	398.47
5886.0	3480.0	402.16
5888.0	3513.0	406.26
5890.0	3536.6	409.26
5892.0	3563.7	412.67
5894.0	3584.3	415.34
5896.0	3598.4	417.25
5898.0	3612.5	419.18
5900.0	3623.4	420.73
5902.0	3624.3	421.11
5904.0	3628.5	421.89
5906.0	3632.7	422.67
5908.0	3630.3	422.67
5910.0	3627.8	422.67
5912.0	3618.7	421.89
5914.0	3616.3	421.89
5916.0	3613.8	421.89
5918.0	3604.7	421.11
5920.0	3599.0	420.73
5922.0	3596.5	420.73
5924.0	3587.5	419.95
5926.0	3585.1	419.95
5928.0	3576.1	419.18
5930.0	3573.7	419.18
5932.0	3561.4	418.02
5934.0	3559.0	418.02
5936.0	3550.0	417.25
5938.0	3547.6	417.25
5940.0	3545.3	417.25
5942.0	3536.4	416.49
5944.0	3534.0	416.49
5946.0	3531.6	416.49
5948.0	3529.2	416.49
5950.0	3523.6	416.1
5952.0	3521.2	416.1
5954.0	3518.9	416.1
5956.0	3516.5	416.1
5958.0	3517.4	416.49
5960.0	3515.0	416.49
5962.0	3512.7	416.49
5964.0	3510.3	416.49
5966.0	3508.0	416.49
5968.0	3505.6	416.49
5970.0	3503.3	416.49
5972.0	3500.9	416.49
5974.0	3498.6	416.49
5976.0	3493.0	416.1
5978.0	3484.2	415.34
5980.0	3481.9	415.34
5982.0	3473.2	414.57
5984.0	3470.9	414.57
5986.0	3468.5	414.57
5988.0	3466.2	414.57
5990.0	3457.5	413.81
5992.0	3455.2	413.81
5994.0	3452.9	413.81
5996.0	3450.6	413.81
5998.0	3445.1	413.43
6000.0	3442.8	413.43
6002.0	3440.6	413.43
6004.0	3431.9	412.67
6006.0	3429.7	412.67
6008.0	3421.1	411.91
6010.0	3418.8	411.91
6012.0	3416.5	411.91
6014.0	3414.2	411.91
6016.0	3412.0	411.91
6018.0	3409.7	411.91
6020.0	3401.2	411.15
6022.0	3395.8	410.77
6024.0	3393.5	410.77
6026.0	3391.3	410.77
6028.0	3382.8	410.01
6030.0	3380.5	410.01
6032.0	3372.1	409.26
6034.0	3369.8	409.26
6036.0	3367.6	409.26
6038.0	3359.2	408.51
6040.0	3353.9	408.13
6042.0	3351.7	408.13
6044.0	3349.4	408.13
6046.0	3341.1	407.38
6048.0	3338.9	407.38
6050.0	3330.5	406.63
6052.0	3328.3	406.63
6054.0	3323.0	406.26
6056.0	3314.7	405.51
6058.0	3312.5	405.51
6060.0	3310.4	405.51
6062.0	3308.2	405.51
6064.0	3299.9	404.76
6066.0	3297.7	404.76
6068.0	3289.5	404.02
6070.0	3287.3	404.02
6072.0	3285.2	404.02
6074.0	3283.0	404.02
6076.0	3277.8	403.64
6078.0	3269.6	402.9
6080.0	3267.5	402.9
6082.0	3265.3	402.9
6084.0	3257.2	402.16
6086.0	3255.0	402.16
6088.0	3246.9	401.42
6090.0	3241.8	401.05
6092.0	3239.7	401.05
6094.0	3237.5	401.05
6096.0	3235.4	401.05
6098.0	3227.3	400.31
6100.0	3225.2	400.31
6102.0	3223.1	400.31
6104.0	3221.0	400.31
6106.0	3218.9	400.31
6108.0	3216.8	400.31
6110.0	3208.8	399.58
6112.0	3206.7	399.58
6114.0	3204.6	399.58
6116.0	3202.5	399.58
6118.0	3200.4	399.58
6120.0	3198.3	399.58
6122.0	3196.2	399.58
6124.0	3194.1	399.58
6126.0	3197.9	400.31
6128.0	3195.8	400.31
6130.0	3187.9	399.58
6132.0	3185.8	399.58
6134.0	3183.7	399.58
6136.0	3175.8	398.84
6138.0	3170.8	398.47
6140.0	3162.9	397.74
6142.0	3160.8	397.74
6144.0	3153.0	397.01
6146.0	3145.1	396.28
6148.0	3140.2	395.91
6150.0	3138.1	395.91
6152.0	3136.1	395.91
6154.0	3128.3	395.18
6156.0	3126.3	395.18
6158.0	3124.2	395.18
6160.0	3116.4	394.46
6162.0	3114.4	394.46
6164.0	3109.5	394.09
6166.0	3101.8	393.37
6168.0	3099.8	393.37
6170.0	3092.1	392.64
6172.0	3090.1	392.64
6174.0	3082.4	391.92
6176.0	3080.4	391.92
6178.0	3078.4	391.92
6180.0	3073.6	391.56
6182.0	3071.6	391.56
6184.0	3063.9	390.84
6186.0	3062.0	390.84
6188.0	3060.0	390.84
6190.0	3058.0	390.84
6192.0	3056.0	390.84
6194.0	3048.4	390.12
6196.0	3046.5	390.12
6198.0	3044.5	390.12
6200.0	3036.9	389.4
6202.0	3032.2	389.04
6204.0	3030.2	389.04
6206.0	3022.7	388.33
6208.0	3020.8	388.33
6210.0	3018.8	388.33
6212.0	3016.9	388.33
6214.0	3014.9	388.33
6216.0	3013.0	388.33
6218.0	3011.1	388.33
6220.0	3009.1	388.33
6222.0	3007.2	388.33
6224.0	3005.2	388.33
6226.0	3003.3	388.33
6228.0	2995.9	387.61
6230.0	2994.0	387.61
6232.0	2986.5	386.9
6234.0	2981.8	386.54
6236.0	2979.9	386.54
6238.0	2978.0	386.54
6240.0	2976.1	386.54
6242.0	2974.2	386.54
6244.0	2966.8	385.83
6246.0	2964.9	385.83
6248.0	2963.0	385.83
6250.0	2955.7	385.12
6252.0	2953.8	385.12
6254.0	2951.9	385.12
6256.0	2947.3	384.77
6258.0	2940.0	384.06
6260.0	2932.7	383.35
6262.0	2930.9	383.35
6264.0	2923.6	382.65
6266.0	2913.7	381.59
6268.0	2911.8	381.59
6270.0	2904.6	380.89
6272.0	2902.7	380.89
6274.0	2900.9	380.89
6276.0	2893.7	380.19
6278.0	2891.9	380.19
6280.0	2890.0	380.19
6282.0	2893.5	380.89
6284.0	2891.7	380.89
6286.0	2889.8	380.89
6288.0	2888.0	380.89
6290.0	2886.1	380.89
6292.0	2884.3	380.89
6294.0	2882.5	380.89
6296.0	2880.7	380.89
6298.0	2878.8	380.89
6300.0	2871.7	380.19
6302.0	2869.9	380.19
6304.0	2865.4	379.84
6306.0	2863.6	379.84
6308.0	2861.8	379.84
6310.0	2854.7	379.14
6312.0	2852.9	379.14
6314.0	2851.1	379.14
6316.0	2849.3	379.14
6318.0	2847.5	379.14
6320.0	2840.4	378.44
6322.0	2838.6	378.44
6324.0	2831.6	377.75
6326.0	2827.2	377.4
6328.0	2820.2	376.7
6330.0	2818.5	376.7
6332.0	2816.7	376.7
6334.0	2809.7	376.01
6336.0	2808.0	376.01
6338.0	2801.0	375.32
6340.0	2796.7	374.97
6342.0	2794.9	374.97
6344.0	2793.1	374.97
6346.0	2786.2	374.28
6348.0	2784.5	374.28
6350.0	2782.7	374.28
6352.0	2781.0	374.28
6354.0	2774.1	373.59
6356.0	2772.4	373.59
6358.0	2770.6	373.59
6360.0	2768.9	373.59
6362.0	2764.6	373.25
6364.0	2762.9	373.25
6366.0	2756.0	372.56
6368.0	2754.3	372.56
6370.0	2747.5	371.88
6372.0	2745.8	371.88
6374.0	2744.1	371.88
6376.0	2737.3	371.19
6378.0	2735.6	371.19
6380.0	2731.4	370.85
6382.0	2724.6	370.17
6384.0	2722.9	370.17
6386.0	2721.2	370.17
6388.0	2719.5	370.17
6390.0	2717.8	370.17
6392.0	2716.1	370.17
6394.0	2714.4	370.17
6396.0	2707.7	369.49
6398.0	2706.0	369.49
6400.0	2704.3	369.49
6402.0	2702.6	369.49
6404.0	2701.0	369.49
6406.0	2699.3	369.49
6408.0	2697.6	369.49
6410.0	2690.9	368.81
6412.0	2689.3	368.81
6414.0	2687.6	368.81
6416.0	2683.4	368.47
6418.0	2681.8	368.47
6420.0	2680.1	368.47
6422.0	2678.4	368.47
6424.0	2671.8	367.79
6426.0	2670.2	367.79
6428.0	2668.5	367.79
6430.0	2661.9	367.11
6432.0	2660.3	367.11
6434.0	2658.6	367.11
6436.0	2652.1	366.44
6438.0	2648.0	366.1
6440.0	2646.4	366.1
6442.0	2639.8	365.43
6444.0	2633.3	364.75
6446.0	2631.7	364.75
6448.0	2622.8	363.75
6450.0	2621.2	363.75
6452.0	2614.8	363.08
6454.0	2613.1	363.08
6456.0	2611.5	363.08
6458.0	2609.9	363.08
6460.0	2608.3	363.08
6462.0	2601.9	362.41
6464.0	2600.3	362.41
6466.0	2598.7	362.41
6468.0	2594.7	362.08
6470.0	2588.3	361.41
6472.0	2586.7	361.41
6474.0	2580.3	360.74
6476.0	2578.7	360.74
6478.0	2572.4	360.08
6480.0	2570.8	360.08
6482.0	2569.2	360.08
6484.0	2567.6	360.08
6486.0	2566.1	360.08
6488.0	2564.5	360.08
6490.0	2562.9	360.08
6492.0	2561.3	360.08
6494.0	2552.7	359.09
6496.0	2546.4	358.43
6498.0	2544.8	358.43
6500.0	2536.3	357.44
6502.0	2530.0	356.78
6504.0	2523.8	356.12
6506.0	2515.3	355.14
6508.0	2504.5	353.83
6510.0	2491.5	352.21
6512.0	2485.4	351.56
6514.0	2472.4	349.95
6516.0	2464.1	348.98
6518.0	2453.5	347.7
6520.0	2445.3	346.74
6522.0	2439.3	346.1
6524.0	2428.8	344.83
6526.0	2425.1	344.51
6528.0	2419.1	343.87
6530.0	2413.2	343.24
6532.0	2405.1	342.29
6534.0	2399.2	341.66
6536.0	2391.1	340.72
6538.0	2380.8	339.47
6540.0	2368.4	337.91
6542.0	2356.1	336.36
6544.0	2339.5	334.19
6546.0	2327.4	332.66
6548.0	2311.0	330.52
6550.0	2294.8	328.4
6552.0	2274.4	325.69
6554.0	2262.6	324.19
6556.0	2246.7	322.11
6558.0	2237.1	320.92
6560.0	2229.5	320.04
6562.0	2228.2	320.04
6564.0	2230.9	320.63
6566.0	2235.7	321.51
6568.0	2244.7	323.0
6570.0	2253.7	324.49
6572.0	2264.8	326.29
6574.0	2278.0	328.4
6576.0	2291.4	330.52
6578.0	2300.6	332.05
6580.0	2309.8	333.58
6582.0	2319.0	335.12
6584.0	2326.2	336.36
6586.0	2331.2	337.29
6588.0	2334.1	337.91
6590.0	2332.6	337.91
6592.0	2335.5	338.53
6594.0	2336.3	338.84
6596.0	2334.9	338.84
6598.0	2333.4	338.84
6600.0	2336.3	339.47
6602.0	2334.9	339.47
6604.0	2333.5	339.47
6606.0	2336.4	340.09
6608.0	2335.0	340.09
6610.0	2333.6	340.09
6612.0	2336.4	340.72
6614.0	2337.2	341.04
6616.0	2340.1	341.66
6618.0	2338.7	341.66
6620.0	2341.6	342.29
6622.0	2340.1	342.29
6624.0	2338.7	342.29
6626.0	2337.3	342.29
6628.0	2335.9	342.29
6630.0	2334.5	342.29
6632.0	2333.1	342.29
6634.0	2331.7	342.29
6636.0	2330.3	342.29
6638.0	2328.9	342.29
6640.0	2323.2	341.66
6642.0	2321.8	341.66
6644.0	2320.4	341.66
6646.0	2314.7	341.04
6648.0	2313.3	341.04
6650.0	2309.8	340.72
6652.0	2299.9	339.47
6654.0	2292.2	338.53
6656.0	2282.4	337.29
6658.0	2266.4	335.12
6660.0	2254.6	333.58
6662.0	2238.8	331.44
6664.0	2219.0	328.7
6666.0	2201.4	326.29
6668.0	2181.9	323.59
6670.0	2162.6	320.92
6672.0	2145.4	318.57
6674.0	2130.3	316.52
6676.0	2121.2	315.36
6678.0	2116.1	314.77
6680.0	2112.8	314.48
6682.0	2117.4	315.36
6684.0	2129.8	317.39
6686.0	2136.4	318.57
6688.0	2150.9	320.92
6690.0	2163.6	323.0
6692.0	2176.2	325.09
6694.0	2189.0	327.19
6696.0	2195.8	328.4
6698.0	2204.6	329.91
6700.0	2213.5	331.44
6702.0	2216.2	332.05
6704.0	2221.0	332.97
6706.0	2227.9	334.19
6708.0	2228.6	334.5
6710.0	2235.5	335.74
6712.0	2238.3	336.36
6714.0	2237.0	336.36
6716.0	2241.8	337.29
6718.0	2240.5	337.29
6720.0	2239.1	337.29
6722.0	2241.9	337.91
6724.0	2240.6	337.91
6726.0	2239.3	337.91
6728.0	2233.8	337.29
6730.0	2232.5	337.29
6732.0	2231.2	337.29
6734.0	2225.7	336.67
6736.0	2222.4	336.36
6738.0	2221.1	336.36
6740.0	2219.7	336.36
6742.0	2214.3	335.74
6744.0	2213.0	335.74
6746.0	2211.7	335.74
6748.0	2206.3	335.12
6750.0	2205.0	335.12
6752.0	2203.7	335.12
6754.0	2202.4	335.12
6756.0	2201.1	335.12
6758.0	2199.8	335.12
6760.0	2198.5	335.12
6762.0	2197.2	335.12
6764.0	2195.9	335.12
6766.0	2194.6	335.12
6768.0	2189.3	334.5
6770.0	2188.0	334.5
6772.0	2184.7	334.19
6774.0	2183.4	334.19
6776.0	2182.1	334.19
6778.0	2180.8	334.19
6780.0	2175.5	333.58
6782.0	2174.2	333.58
6784.0	2172.9	333.58
6786.0	2171.7	333.58
6788.0	2170.4	333.58
6790.0	2165.1	332.97
6792.0	2163.8	332.97
6794.0	2162.6	332.97
6796.0	2161.3	332.97
6798.0	2160.0	332.97
6800.0	2156.8	332.66
6802.0	2155.5	332.66
6804.0	2150.3	332.05
6806.0	2149.0	332.05
6808.0	2143.8	331.44
6810.0	2142.5	331.44
6812.0	2141.3	331.44
6814.0	2140.0	331.44
6816.0	2134.8	330.83
6818.0	2133.6	330.83
6820.0	2132.3	330.83
6822.0	2131.1	330.83
6824.0	2127.9	330.52
6826.0	2126.6	330.52
6828.0	2121.4	329.91
6830.0	2120.2	329.91
6832.0	2119.0	329.91
6834.0	2117.7	329.91
6836.0	2112.6	329.31
6838.0	2111.4	329.31
6840.0	2106.2	328.7
6842.0	2103.1	328.4
6844.0	2098.0	327.79
6846.0	2104.5	329.0
6848.0	2103.3	329.0
6850.0	2100.1	328.7
6852.0	2098.9	328.7
6854.0	2095.7	328.4
6856.0	2094.5	328.4
6858.0	2093.3	328.4
6860.0	2090.1	328.1
6862.0	2088.9	328.1
6864.0	2087.7	328.1
6866.0	2084.6	327.79
6868.0	2083.3	327.79
6870.0	2080.2	327.49
6872.0	2079.0	327.49
6874.0	2077.8	327.49
6876.0	2074.7	327.19
6878.0	2073.5	327.19
6880.0	2070.3	326.89
6882.0	2069.1	326.89
6884.0	2067.9	326.89
6886.0	2064.8	326.59
6888.0	2063.6	326.59
6890.0	2060.5	326.29
6892.0	2059.3	326.29
6894.0	2056.3	325.99
6896.0	2055.1	325.99
6898.0	2052.0	325.69
6900.0	2050.8	325.69
6902.0	2049.6	325.69
6904.0	2046.5	325.39
6906.0	2045.3	325.39
6908.0	2042.3	325.09
6910.0	2041.1	325.09
6912.0	2038.0	324.79
6914.0	2036.9	324.79
6916.0	2033.8	324.49
6918.0	2032.6	324.49
6920.0	2029.6	324.19
6922.0	2028.4	324.19
6924.0	2025.4	323.89
6926.0	2024.2	323.89
6928.0	2021.2	323.59
6930.0	2020.0	323.59
6932.0	2017.0	323.3
6934.0	2015.8	323.3
6936.0	2012.8	323.0
6938.0	2011.6	323.0
6940.0	2008.6	322.7
6942.0	2007.5	322.7
6944.0	2004.5	322.4
6946.0	2003.3	322.4
6948.0	2000.3	322.11
6950.0	1999.2	322.11
6952.0	1998.0	322.11
6954.0	1996.9	322.11
6956.0	1995.7	322.11
6958.0	1990.9	321.51
6960.0	1989.8	321.51
6962.0	1988.6	321.51
6964.0	1983.8	320.92
6966.0	1982.7	320.92
6968.0	1979.7	320.63
6970.0	1974.9	320.04
6972.0	1973.8	320.04
6974.0	1969.1	319.45
6976.0	1964.3	318.86
6978.0	1961.4	318.57
6980.0	1956.6	317.98
6982.0	1955.5	317.98
6984.0	1950.8	317.39
6986.0	1949.7	317.39
6988.0	1948.6	317.39
6990.0	1947.4	317.39
6992.0	1946.3	317.39
6994.0	1945.2	317.39
6996.0	1944.1	317.39
6998.0	1943.0	317.39
7000.0	1945.5	317.98
7002.0	1944.4	317.98
7004.0	1943.2	317.98
7006.0	1938.6	317.39
7008.0	1937.4	317.39
7010.0	1936.3	317.39
7012.0	1931.7	316.81
7014.0	1928.8	316.52
7016.0	1924.2	315.94
7018.0	1923.1	315.94
7020.0	1918.4	315.36
7022.0	1917.3	315.36
7024.0	1912.7	314.77
7026.0	1911.6	314.77
7028.0	1908.8	314.48
7030.0	1907.7	314.48
7032.0	1906.6	314.48
7034.0	1905.5	314.48
7036.0	1900.9	313.91
7038.0	1899.9	313.91
7040.0	1895.3	313.33
7042.0	1892.5	313.04
7044.0	1887.9	312.46
7046.0	1879.9	311.32
7048.0	1873.6	310.46
7050.0	1864.0	309.03
7052.0	1856.1	307.89
7054.0	1846.5	306.48
7056.0	1833.6	304.51
7058.0	1824.1	303.11
7060.0	1816.4	301.99
7062.0	1803.7	300.05
7064.0	1797.7	299.23
7066.0	1796.7	299.23
7068.0	1795.7	299.23
7070.0	1798.0	299.78
7072.0	1805.2	301.16
7074.0	1809.2	301.99
7076.0	1818.2	303.67
7078.0	1822.2	304.51
7080.0	1829.6	305.91
7082.0	1835.3	307.04
7084.0	1839.3	307.89
7086.0	1841.7	308.46
7088.0	1844.1	309.03
7090.0	1844.7	309.31
7092.0	1847.1	309.88
7094.0	1846.0	309.88
7096.0	1845.0	309.88
7098.0	1843.9	309.88
7100.0	1842.9	309.88
7102.0	1841.9	309.88
7104.0	1840.8	309.88
7106.0	1839.8	309.88
7108.0	1838.8	309.88
7110.0	1837.7	309.88
7112.0	1836.7	309.88
7114.0	1832.3	309.31
7116.0	1829.6	309.03
7118.0	1828.5	309.03
7120.0	1824.1	308.46
7122.0	1823.1	308.46
7124.0	1818.7	307.89
7126.0	1817.7	307.89
7128.0	1816.7	307.89
7130.0	1812.4	307.33
7132.0	1809.7	307.04
7134.0	1808.7	307.04
7136.0	1807.6	307.04
7138.0	1803.3	306.48
7140.0	1802.3	306.48
7142.0	1801.3	306.48
7144.0	1800.3	306.48
7146.0	1796.0	305.91
7148.0	1794.9	305.91
7150.0	1793.9	305.91
7152.0	1788.0	305.07
7154.0	1783.7	304.51
7156.0	1779.4	303.95
7158.0	1776.8	303.67
7160.0	1772.5	303.11
7162.0	1768.3	302.55
7164.0	1764.0	301.99
7166.0	1761.4	301.72
7168.0	1757.2	301.16
7170.0	1756.2	301.16
7172.0	1755.3	301.16
7174.0	1751.0	300.61
7176.0	1753.3	301.16
7178.0	1752.3	301.16
7180.0	1751.3	301.16
7182.0	1750.4	301.16
7184.0	1752.6	301.72
7186.0	1753.3	301.99
7188.0	1752.3	301.99
7190.0	1754.5	302.55
7192.0	1753.6	302.55
7194.0	1755.8	303.11
7196.0	1754.8	303.11
7198.0	1757.1	303.67
7200.0	1757.7	303.95
7202.0	1756.8	303.95
7204.0	1759.0	304.51
7206.0	1758.1	304.51
7208.0	1760.3	305.07
7210.0	1759.3	305.07
7212.0	1758.4	305.07
7214.0	1754.2	304.51
7216.0	1753.2	304.51
7218.0	1747.4	303.67
7220.0	1740.0	302.55
7222.0	1735.8	301.99
7224.0	1730.1	301.16
7226.0	1725.9	300.61
7228.0	1720.2	299.78
7230.0	1716.1	299.23
7232.0	1712.0	298.67
7234.0	1711.0	298.67
7236.0	1710.1	298.67
7238.0	1709.2	298.67
7240.0	1711.4	299.23
7242.0	1710.4	299.23
7244.0	1709.5	299.23
7246.0	1711.7	299.78
7248.0	1707.6	299.23
7250.0	1706.6	299.23
7252.0	1705.7	299.23
7254.0	1701.6	298.67
7256.0	1696.0	297.85
7258.0	1691.9	297.3
7260.0	1687.9	296.76
7262.0	1682.3	295.94
7264.0	1678.3	295.39
7266.0	1672.7	294.58
7268.0	1665.7	293.49
7270.0	1660.2	292.68
7272.0	1656.2	292.15
7274.0	1649.2	291.07
7276.0	1643.7	290.27
7278.0	1642.8	290.27
7280.0	1641.9	290.27
7282.0	1641.0	290.27
7284.0	1643.2	290.8
7286.0	1643.8	291.07
7288.0	1648.9	292.15
7290.0	1651.1	292.68
7292.0	1654.7	293.49
7294.0	1656.9	294.04
7296.0	1659.0	294.58
7298.0	1659.6	294.85
7300.0	1661.8	295.39
7302.0	1660.9	295.39
7304.0	1663.0	295.94
7306.0	1662.1	295.94
7308.0	1661.2	295.94
7310.0	1660.3	295.94
7312.0	1659.4	295.94
7314.0	1658.5	295.94
7316.0	1657.6	295.94
7318.0	1656.7	295.94
7320.0	1655.8	295.94
7322.0	1651.8	295.39
7324.0	1650.9	295.39
7326.0	1650.0	295.39
7328.0	1646.1	294.85
7330.0	1643.7	294.58
7332.0	1639.7	294.04
7334.0	1638.8	294.04
7336.0	1638.0	294.04
7338.0	1634.1	293.49
7340.0	1633.2	293.49
7342.0	1632.3	293.49
7344.0	1631.4	293.49
7346.0	1630.5	293.49
7348.0	1629.6	293.49
7350.0	1628.7	293.49
7352.0	1624.8	292.95
7354.0	1623.9	292.95
7356.0	1621.6	292.68
7358.0	1620.7	292.68
7360.0	1616.8	292.15
7362.0	1616.0	292.15
7364.0	1615.1	292.15
7366.0	1611.2	291.61
7368.0	1610.4	291.61
7370.0	1609.5	291.61
7372.0	1605.6	291.07
7374.0	1603.3	290.8
7376.0	1602.4	290.8
7378.0	1598.6	290.27
7380.0	1597.7	290.27
7382.0	1593.9	289.73
7384.0	1593.1	289.73
7386.0	1589.3	289.2
7388.0	1587.0	288.93
7390.0	1586.1	288.93
7392.0	1585.2	288.93
7394.0	1584.4	288.93
7396.0	1585.0	289.2
7398.0	1584.1	289.2
7400.0	1583.3	289.2
7402.0	1585.3	289.73
7404.0	1584.5	289.73
7406.0	1583.6	289.73
7408.0	1582.8	289.73
7410.0	1581.9	289.73
7412.0	1578.2	289.2
7414.0	1577.3	289.2
7416.0	1575.0	288.93
7418.0	1574.2	288.93
7420.0	1570.4	288.4
7422.0	1566.7	287.87
7424.0	1564.4	287.61
7426.0	1560.7	287.08
7428.0	1557.0	286.55
7430.0	1556.1	286.55
7432.0	1552.4	286.02
7434.0	1551.6	286.02
7436.0	1549.3	285.76
7438.0	1548.5	285.76
7440.0	1544.8	285.23
7442.0	1544.0	285.23
7444.0	1543.2	285.23
7446.0	1539.5	284.71
7448.0	1538.7	284.71
7450.0	1537.8	284.71
7452.0	1534.2	284.18
7454.0	1533.4	284.18
7456.0	1531.1	283.92
7458.0	1530.3	283.92
7460.0	1526.7	283.4
7462.0	1525.8	283.4
7464.0	1525.0	283.4
7466.0	1521.4	282.88
7468.0	1517.8	282.36
7470.0	1515.6	282.1
7472.0	1514.8	282.1
7474.0	1514.0	282.1
7476.0	1513.1	282.1
7478.0	1509.6	281.58
7480.0	1508.8	281.58
7482.0	1507.9	281.58
7484.0	1507.1	281.58
7486.0	1506.3	281.58
7488.0	1502.8	281.06
7490.0	1502.0	281.06
7492.0	1498.4	280.54
7494.0	1496.2	280.28
7496.0	1495.4	280.28
7498.0	1491.9	279.77
7500.0	1491.1	279.77
7502.0	1487.5	279.25
7504.0	1486.7	279.25
7506.0	1484.6	279.0
7508.0	1483.8	279.0
7510.0	1483.0	279.0
7512.0	1479.5	278.48
7514.0	1478.7	278.48
7516.0	1477.9	278.48
7518.0	1477.1	278.48
7520.0	1476.3	278.48
7522.0	1475.5	278.48
7524.0	1474.8	278.48
7526.0	1471.3	277.97
7528.0	1470.5	277.97
7530.0	1469.7	277.97
7532.0	1466.2	277.46
7534.0	1465.4	277.46
7536.0	1464.7	277.46
7538.0	1463.9	277.46
7540.0	1461.8	277.2
7542.0	1458.3	276.69
7544.0	1457.5	276.69
7546.0	1456.8	276.69
7548.0	1453.3	276.19
7550.0	1455.2	276.69
7552.0	1453.1	276.44
7554.0	1452.3	276.44
7556.0	1451.6	276.44
7558.0	1449.5	276.19
7560.0	1448.7	276.19
7562.0	1446.6	275.93
7564.0	1445.8	275.93
7566.0	1443.7	275.68
7568.0	1443.0	275.68
7570.0	1440.9	275.42
7572.0	1440.1	275.42
7574.0	1438.0	275.17
7576.0	1437.3	275.17
7578.0	1435.2	274.92
7580.0	1434.4	274.92
7582.0	1432.4	274.66
7584.0	1431.6	274.66
7586.0	1429.5	274.41
7588.0	1428.8	274.41
7590.0	1426.7	274.16
7592.0	1426.0	274.16
7594.0	1423.9	273.91
7596.0	1423.2	273.91
7598.0	1421.1	273.65
7600.0	1420.3	273.65
7602.0	1418.3	273.4
7604.0	1417.5	273.4
7606.0	1415.5	273.15
7608.0	1414.7	273.15
7610.0	1412.7	272.9
7612.0	1410.7	272.65
7614.0	1409.9	272.65
7616.0	1407.9	272.4
7618.0	1407.1	272.4
7620.0	1405.1	272.14
7622.0	1403.1	271.89
7624.0	1402.3	271.89
7626.0	1400.3	271.64
7628.0	1399.6	271.64
7630.0	1397.6	271.39
7632.0	1395.5	271.14
7634.0	1394.8	271.14
7636.0	1392.8	270.89
7638.0	1390.8	270.64
7640.0	1390.1	270.64
7642.0	1388.1	270.4
7644.0	1386.0	270.15
7646.0	1385.3	270.15
7648.0	1383.3	269.9
7650.0	1381.3	269.65
7652.0	1380.6	269.65
7654.0	1378.6	269.4
7656.0	1376.6	269.15
7658.0	1375.9	269.15
7660.0	1373.9	268.9
7662.0	1371.9	268.66
7664.0	1371.2	268.66
7666.0	1369.2	268.41
7668.0	1367.3	268.16
7670.0	1366.6	268.16
7672.0	1364.6	267.92
7674.0	1362.6	267.67
7676.0	1360.7	267.42
7678.0	1360.0	267.42
7680.0	1358.0	267.18
7682.0	1356.0	266.93
7684.0	1354.1	266.69
7686.0	1353.4	266.69
7688.0	1351.4	266.44
7690.0	1349.5	266.19
7692.0	1348.8	266.19
7694.0	1348.1	266.19
7696.0	1344.9	265.71
7698.0	1344.2	265.71
7700.0	1342.3	265.46
7702.0	1341.6	265.46
7704.0	1338.4	264.97
7706.0	1335.3	264.48
7708.0	1334.6	264.48
7710.0	1332.6	264.24
7712.0	1329.5	263.75
7714.0	1326.4	263.27
7716.0	1325.7	263.27
7718.0	1325.0	263.27
7720.0	1321.9	262.78
7722.0	1321.2	262.78
7724.0	1320.5	262.78
7726.0	1319.8	262.78
7728.0	1319.1	262.78
7730.0	1318.4	262.78
7732.0	1317.8	262.78
7734.0	1317.1	262.78
7736.0	1316.4	262.78
7738.0	1315.7	262.78
7740.0	1315.0	262.78
7742.0	1314.4	262.78
7744.0	1313.7	262.78
7746.0	1313.0	262.78
7748.0	1312.3	262.78
7750.0	1314.1	263.27
7752.0	1313.4	263.27
7754.0	1312.7	263.27
7756.0	1312.0	263.27
7758.0	1311.4	263.27
7760.0	1310.7	263.27
7762.0	1310.0	263.27
7764.0	1306.9	262.78
7766.0	1306.2	262.78
7768.0	1305.6	262.78
7770.0	1304.9	262.78
7772.0	1303.0	262.54
7774.0	1302.4	262.54
7776.0	1301.7	262.54
7778.0	1301.0	262.54
7780.0	1298.0	262.06
7782.0	1297.3	262.06
7784.0	1296.6	262.06
7786.0	1293.6	261.58
7788.0	1290.5	261.1
7790.0	1288.7	260.85
7792.0	1285.6	260.38
7794.0	1285.0	260.38
7796.0	1282.0	259.9
7798.0	1279.0	259.42
7800.0	1277.1	259.18
7802.0	1276.5	259.18
7804.0	1273.5	258.7
7806.0	1272.8	258.7
7808.0	1272.2	258.7
7810.0	1269.2	258.23
7812.0	1268.5	258.23
7814.0	1267.9	258.23
7816.0	1264.9	257.75
7818.0	1263.1	257.51
7820.0	1262.4	257.51
7822.0	1261.8	257.51
7824.0	1261.1	257.51
7826.0	1260.5	257.51
7828.0	1259.8	257.51
7830.0	1259.2	257.51
7832.0	1258.6	257.51
7834.0	1255.6	257.04
7836.0	1255.0	257.04
7838.0	1254.3	257.04
7840.0	1256.0	257.51
7842.0	1255.4	257.51
7844.0	1254.7	257.51
7846.0	1254.1	257.51
7848.0	1251.1	257.04
7850.0	1250.5	257.04
7852.0	1247.6	256.57
7854.0	1246.9	256.57
7856.0	1242.8	255.86
7858.0	1242.2	255.86
7860.0	1239.3	255.39
7862.0	1238.7	255.39
7864.0	1235.8	254.92
7866.0	1235.1	254.92
7868.0	1234.5	254.92
7870.0	1232.7	254.68
7872.0	1232.1	254.68
7874.0	1229.2	254.21
7876.0	1228.6	254.21
7878.0	1228.0	254.21
7880.0	1227.3	254.21
7882.0	1226.7	254.21
7884.0	1226.1	254.21
7886.0	1225.5	254.21
7888.0	1224.9	254.21
7890.0	1226.5	254.68
7892.0	1225.9	254.68
7894.0	1223.0	254.21
7896.0	1222.4	254.21
7898.0	1221.8	254.21
7900.0	1221.1	254.21
7902.0	1218.3	253.75
7904.0	1217.7	253.75
7906.0	1219.3	254.21
7908.0	1218.7	254.21
7910.0	1220.3	254.68
7912.0	1219.7	254.68
7914.0	1219.1	254.68
7916.0	1218.5	254.68
7918.0	1215.6	254.21
7920.0	1215.0	254.21
7922.0	1214.4	254.21
7924.0	1211.5	253.75
7926.0	1210.9	253.75
7928.0	1210.3	253.75
7930.0	1209.7	253.75
7932.0	1206.9	253.28
7934.0	1205.1	253.05
7936.0	1202.3	252.58
7938.0	1199.5	252.11
7940.0	1196.7	251.65
7942.0	1195.0	251.42
7944.0	1192.2	250.96
7946.0	1191.6	250.96
7948.0	1191.0	250.96
7950.0	1190.4	250.96
7952.0	1189.8	250.96
7954.0	1189.2	250.96
7956.0	1188.6	250.96
7958.0	1188.0	250.96
7960.0	1187.4	250.96
7962.0	1189.0	251.42
7964.0	1188.4	251.42
7966.0	1188.9	251.65
7968.0	1190.5	252.11
7970.0	1192.1	252.58
7972.0	1189.3	252.11
7974.0	1188.7	252.11
7976.0	1185.9	251.65
7978.0	1184.2	251.42
7980.0	1181.4	250.96
7982.0	1178.7	250.5
7984.0	1178.1	250.5
7986.0	1175.3	250.03
7988.0	1174.7	250.03
7990.0	1174.2	250.03
7992.0	1172.5	249.8
7994.0	1171.9	249.8
7996.0	1171.3	249.8
7998.0	1168.6	249.34
8000.0	1165.8	248.88
8002.0	1165.3	248.88
8004.0	1164.7	248.88
8006.0	1164.1	248.88
8008.0	1162.4	248.66
8010.0	1159.7	248.2
8012.0	1159.1	248.2
8014.0	1156.4	247.74
8016.0	1155.9	247.74
8018.0	1155.3	247.74
8020.0	1154.7	247.74
8022.0	1154.1	247.74
8024.0	1153.6	247.74
8026.0	1155.1	248.2
8028.0	1154.5	248.2
8030.0	1154.0	248.2
8032.0	1153.4	248.2
8034.0	1152.8	248.2
8036.0	1152.2	248.2
8038.0	1151.7	248.2
8040.0	1151.1	248.2
8042.0	1150.5	248.2
8044.0	1149.9	248.2
8046.0	1147.3	247.74
8048.0	1144.6	247.29
8050.0	1143.0	247.06
8052.0	1140.3	246.6
8054.0	1139.7	246.6
8056.0	1139.2	246.6
8058.0	1136.5	246.15
8060.0	1135.9	246.15
8062.0	1135.4	246.15
8064.0	1134.8	246.15
8066.0	1132.1	245.7
8068.0	1131.6	245.7
8070.0	1130.0	245.47
8072.0	1129.4	245.47
8074.0	1128.9	245.47
8076.0	1126.2	245.02
8078.0	1125.7	245.02
8080.0	1125.1	245.02
8082.0	1122.5	244.57
8084.0	1121.9	244.57
8086.0	1119.3	244.12
8088.0	1118.8	244.12
8090.0	1117.2	243.89
8092.0	1116.6	243.89
8094.0	1114.0	243.44
8096.0	1111.4	243.0
8098.0	1109.9	242.77
8100.0	1109.3	242.77
8102.0	1106.7	242.33
8104.0	1106.2	242.33
8106.0	1107.7	242.77
8108.0	1108.1	243.0
8110.0	1107.6	243.0
8112.0	1107.0	243.0
8114.0	1106.5	243.0
8116.0	1108.0	243.44
8118.0	1105.4	243.0
8120.0	1104.9	243.0
8122.0	1101.3	242.33
8124.0	1098.7	241.88
8126.0	1096.1	241.43
8128.0	1094.6	241.21
8130.0	1092.0	240.77
8132.0	1089.5	240.33
8134.0	1089.0	240.33
8136.0	1086.4	239.88
8138.0	1085.9	239.88
8140.0	1085.4	239.88
8142.0	1084.8	239.88
8144.0	1084.3	239.88
8146.0	1085.8	240.33
8148.0	1085.2	240.33
8150.0	1084.7	240.33
8152.0	1084.2	240.33
8154.0	1083.6	240.33
8156.0	1083.1	240.33
8158.0	1084.6	240.77
8160.0	1084.0	240.77
8162.0	1083.5	240.77
8164.0	1083.0	240.77
8166.0	1082.4	240.77
8168.0	1081.9	240.77
8170.0	1081.4	240.77
8172.0	1080.8	240.77
8174.0	1080.3	240.77
8176.0	1079.8	240.77
8178.0	1079.3	240.77
8180.0	1078.7	240.77
8182.0	1078.2	240.77
8184.0	1077.7	240.77
8186.0	1075.2	240.33
8188.0	1072.7	239.88
8190.0	1072.1	239.88
8192.0	1070.6	239.66
8194.0	1068.1	239.22
8196.0	1067.6	239.22
8198.0	1065.1	238.78
8200.0	1064.6	238.78
8202.0	1061.2	238.12
8204.0	1058.7	237.68
8206.0	1056.2	237.25
8208.0	1052.8	236.59
8210.0	1050.3	236.16
8212.0	1045.0	235.07
8214.0	1042.6	234.64
8216.0	1039.2	233.99
8218.0	1034.9	233.13
8220.0	1031.5	232.49
8222.0	1031.0	232.49
8224.0	1028.6	232.06
8226.0	1028.1	232.06
8228.0	1029.5	232.49
8230.0	1030.0	232.7
8232.0	1031.4	233.13
8234.0	1032.8	233.56
8236.0	1035.1	234.21
8238.0	1036.5	234.64
8240.0	1036.0	234.64
8242.0	1035.5	234.64
8244.0	1033.1	234.21
8246.0	1032.6	234.21
8248.0	1029.3	233.56
8250.0	1026.9	233.13
8252.0	1026.4	233.13
8254.0	1023.0	232.49
8256.0	1022.5	232.49
8258.0	1020.2	232.06
8260.0	1017.8	231.63
8262.0	1017.3	231.63
8264.0	1016.8	231.63
8266.0	1016.3	231.63
8268.0	1015.8	231.63
8270.0	1015.3	231.63
8272.0	1014.8	231.63
8274.0	1014.4	231.63
8276.0	1013.9	231.63
8278.0	1013.4	231.63
8280.0	1012.9	231.63
8282.0	1014.3	232.06
8284.0	1013.8	232.06
8286.0	1013.3	232.06
8288.0	1014.7	232.49
8290.0	1014.2	232.49
8292.0	1013.7	232.49
8294.0	1013.2	232.49
8296.0	1012.7	232.49
8298.0	1012.2	232.49
8300.0	1009.9	232.06
8302.0	1009.4	232.06
8304.0	1008.9	232.06
8306.0	1006.6	231.63
8308.0	1007.9	232.06
8310.0	1007.4	232.06
8312.0	1007.0	232.06
8314.0	1006.5	232.06
8316.0	1006.0	232.06
8318.0	1005.5	232.06
8320.0	1005.0	232.06
8322.0	1004.5	232.06
8324.0	1004.1	232.06
8326.0	1001.7	231.63
8328.0	1001.2	231.63
8330.0	1000.8	231.63
8332.0	1000.3	231.63
8334.0	999.8	231.63
8336.0	999.32	231.63
8338.0	998.84	231.63
8340.0	996.53	231.21
8342.0	996.05	231.21
8344.0	994.65	230.99
8346.0	992.35	230.57
8348.0	990.05	230.14
8350.0	987.75	229.72
8352.0	984.56	229.09
8354.0	982.27	228.66
8356.0	980.9	228.45
8358.0	978.62	228.03
8360.0	976.35	227.61
8362.0	975.89	227.61
8364.0	975.42	227.61
8366.0	974.95	227.61
8368.0	974.49	227.61
8370.0	974.02	227.61
8372.0	975.35	228.03
8374.0	974.89	228.03
8376.0	977.12	228.66
8378.0	976.65	228.66
8380.0	977.99	229.09
8382.0	977.52	229.09
8384.0	977.05	229.09
8386.0	976.59	229.09
8388.0	976.12	229.09
8390.0	975.66	229.09
8392.0	975.19	229.09
8394.0	974.73	229.09
8396.0	974.26	229.09
8398.0	973.8	229.09
8400.0	971.54	228.66
8402.0	971.08	228.66
8404.0	970.62	228.66
8406.0	970.16	228.66
8408.0	969.7	228.66
8410.0	969.23	228.66
8412.0	967.88	228.45
8414.0	967.42	228.45
8416.0	965.18	228.03
8418.0	964.72	228.03
8420.0	962.49	227.61
8422.0	962.03	227.61
8424.0	959.81	227.2
8426.0	956.7	226.57
8428.0	956.25	226.57
8430.0	954.04	226.15
8432.0	951.83	225.74
8434.0	950.5	225.53
8436.0	950.05	225.53
8438.0	947.85	225.11
8440.0	949.15	225.53
8442.0	948.7	225.53
8444.0	948.25	225.53
8446.0	948.68	225.74
8448.0	949.98	226.15
8450.0	949.53	226.15
8452.0	950.83	226.57
8454.0	950.38	226.57
8456.0	949.93	226.57
8458.0	949.48	226.57
8460.0	950.78	226.99
8462.0	950.33	226.99
8464.0	949.88	226.99
8466.0	950.31	227.2
8468.0	949.86	227.2
8470.0	949.41	227.2
8472.0	948.96	227.2
8474.0	948.51	227.2
8476.0	948.07	227.2
8478.0	947.62	227.2
8480.0	947.17	227.2
8482.0	948.47	227.61
8484.0	948.02	227.61
8486.0	947.57	227.61
8488.0	947.13	227.61
8490.0	946.68	227.61
8492.0	946.24	227.61
8494.0	944.05	227.2
8496.0	941.0	226.57
8498.0	938.83	226.15
8500.0	936.66	225.74
8502.0	933.64	225.11
8504.0	931.48	224.7
8506.0	929.33	224.28
8508.0	928.89	224.28
8510.0	928.46	224.28
8512.0	929.73	224.7
8514.0	931.01	225.11
8516.0	932.28	225.53
8518.0	932.71	225.74
8520.0	935.71	226.57
8522.0	939.59	227.61
8524.0	940.88	228.03
8526.0	944.78	229.09
8528.0	946.08	229.51
8530.0	948.25	230.14
8532.0	949.55	230.57
8534.0	949.1	230.57
8536.0	950.41	230.99
8538.0	948.21	230.57
8540.0	944.29	229.72
8542.0	942.98	229.51
8544.0	939.07	228.66
8546.0	934.32	227.61
8548.0	931.3	226.99
8550.0	925.74	225.74
8552.0	921.05	224.7
8554.0	918.08	224.08
8556.0	914.28	223.25
8558.0	909.65	222.23
8560.0	906.72	221.61
8562.0	904.63	221.21
8564.0	902.54	220.8
8566.0	900.46	220.39
8568.0	897.56	219.79
8570.0	897.14	219.79
8572.0	895.07	219.38
8574.0	894.65	219.38
8576.0	894.23	219.38
8578.0	893.82	219.38
8580.0	893.4	219.38
8582.0	891.34	218.98
8584.0	890.1	218.78
8586.0	889.69	218.78
8588.0	889.27	218.78
8590.0	888.86	218.78
8592.0	886.81	218.37
8594.0	886.4	218.37
8596.0	884.36	217.97
8598.0	883.95	217.97
8600.0	881.91	217.57
8602.0	880.68	217.37
8604.0	878.66	216.97
8606.0	878.25	216.97
8608.0	877.84	216.97
8610.0	875.82	216.57
8612.0	875.41	216.57
8614.0	875.01	216.57
8616.0	874.6	216.57
8618.0	874.19	216.57
8620.0	873.79	216.57
8622.0	874.99	216.97
8624.0	874.59	216.97
8626.0	875.79	217.37
8628.0	875.38	217.37
8630.0	874.98	217.37
8632.0	875.38	217.57
8634.0	876.59	217.97
8636.0	879.41	218.78
8638.0	881.44	219.38
8640.0	884.28	220.19
8642.0	887.96	221.21
8644.0	890.0	221.82
8646.0	892.87	222.64
8648.0	894.93	223.25
8650.0	896.17	223.67
8652.0	897.4	224.08
8654.0	896.99	224.08
8656.0	896.57	224.08
8658.0	894.51	223.67
8660.0	889.99	222.64
8662.0	886.3	221.82
8664.0	881.83	220.8
8666.0	877.37	219.79
8668.0	871.33	218.37
8670.0	866.92	217.37
8672.0	862.54	216.37
8674.0	858.98	215.58
8676.0	854.63	214.58
8678.0	852.67	214.19
8680.0	849.92	213.6
8682.0	846.41	212.81
8684.0	844.46	212.42
8686.0	843.3	212.23
8688.0	839.81	211.45
8690.0	837.88	211.06
8692.0	835.18	210.47
8694.0	833.26	210.09
8696.0	832.11	209.89
8698.0	830.2	209.51
8700.0	828.29	209.12
8702.0	829.43	209.51
8704.0	829.05	209.51
8706.0	828.67	209.51
8708.0	830.58	210.09
8710.0	833.27	210.86
8712.0	835.19	211.45
8714.0	837.89	212.23
8716.0	839.82	212.81
8718.0	843.31	213.8
8720.0	842.92	213.8
8722.0	842.54	213.8
8724.0	841.37	213.6
8726.0	840.99	213.6
8728.0	840.6	213.6
8730.0	838.67	213.21
8732.0	839.83	213.6
8734.0	840.22	213.8
8736.0	839.84	213.8
8738.0	839.45	213.8
8740.0	840.61	214.19
8742.0	840.23	214.19
8744.0	839.84	214.19
8746.0	837.92	213.8
8748.0	836.76	213.6
8750.0	834.84	213.21
8752.0	830.63	212.23
8754.0	828.72	211.84
8756.0	824.54	210.86
8758.0	822.64	210.47
8760.0	818.49	209.51
8762.0	816.61	209.12
8764.0	813.99	208.55
8766.0	812.11	208.16
8768.0	810.25	207.78
8770.0	807.65	207.21
8772.0	807.28	207.21
8774.0	805.42	206.82
8776.0	805.06	206.82
8778.0	803.21	206.44
8780.0	802.84	206.44
8782.0	802.48	206.44
8784.0	802.11	206.44
8786.0	801.75	206.44
8788.0	802.86	206.82
8790.0	803.98	207.21
8792.0	803.61	207.21
8794.0	803.98	207.4
8796.0	803.62	207.4
8798.0	804.73	207.78
8800.0	804.37	207.78
8802.0	804.0	207.78
8804.0	803.64	207.78
8806.0	803.27	207.78
8808.0	804.39	208.16
8810.0	804.02	208.16
8812.0	803.66	208.16
8814.0	803.29	208.16
8816.0	802.93	208.16
8818.0	802.56	208.16
8820.0	802.2	208.16
8822.0	801.84	208.16
8824.0	802.95	208.55
8826.0	802.59	208.55
8828.0	802.23	208.55
8830.0	801.86	208.55
8832.0	801.5	208.55
8834.0	801.14	208.55
8836.0	801.51	208.74
8838.0	801.15	208.74
8840.0	802.26	209.12
8842.0	801.9	209.12
8844.0	803.01	209.51
8846.0	802.65	209.51
8848.0	800.81	209.12
8850.0	800.45	209.12
8852.0	800.09	209.12
8854.0	798.25	208.74
8856.0	797.89	208.74
8858.0	796.8	208.55
8860.0	796.44	208.55
8862.0	794.62	208.16
8864.0	794.26	208.16
8866.0	792.44	207.78
8868.0	790.62	207.4
8870.0	789.54	207.21
8872.0	786.28	206.44
8874.0	783.76	205.87
8876.0	781.96	205.49
8878.0	780.17	205.12
8880.0	779.82	205.12
8882.0	778.03	204.74
8884.0	777.68	204.74
8886.0	778.76	205.12
8888.0	778.42	205.12
8890.0	778.07	205.12
8892.0	779.15	205.49
8894.0	778.8	205.49
8896.0	778.45	205.49
8898.0	778.1	205.49
8900.0	777.75	205.49
8902.0	775.97	205.12
8904.0	775.62	205.12
8906.0	773.85	204.74
8908.0	772.79	204.55
8910.0	772.44	204.55
8912.0	772.1	204.55
8914.0	770.33	204.17
8916.0	768.56	203.8
8918.0	767.51	203.61
8920.0	765.76	203.24
8922.0	764.0	202.86
8924.0	762.25	202.49
8926.0	761.21	202.3
8928.0	759.47	201.93
8930.0	757.74	201.56
8932.0	753.92	200.63
8934.0	750.81	199.89
8936.0	748.4	199.34
8938.0	744.63	198.43
8940.0	741.56	197.7
8942.0	739.18	197.15
8944.0	737.49	196.79
8946.0	735.81	196.43
8948.0	733.45	195.88
8950.0	731.77	195.52
8952.0	729.42	194.98
8954.0	726.42	194.27
8956.0	724.76	193.91
8958.0	723.76	193.73
8960.0	722.11	193.37
8962.0	721.79	193.37
8964.0	721.47	193.37
8966.0	719.82	193.02
8968.0	719.5	193.02
8970.0	718.51	192.84
8972.0	716.87	192.49
8974.0	716.55	192.49
8976.0	716.23	192.49
8978.0	717.23	192.84
8980.0	717.58	193.02
8982.0	718.58	193.37
8984.0	719.58	193.73
8986.0	719.93	193.91
8988.0	720.93	194.27
8990.0	721.94	194.63
8992.0	722.95	194.98
8994.0	724.63	195.52
8996.0	727.65	196.43
8998.0	728.67	196.79
9000.0	729.68	197.15
9002.0	730.7	197.51
9004.0	731.05	197.7
9006.0	730.06	197.51
9008.0	728.39	197.15
9010.0	726.73	196.79
9012.0	725.07	196.43
9014.0	722.74	195.88
9016.0	719.77	195.16
9018.0	717.46	194.63
9020.0	713.85	193.73
9022.0	712.22	193.37
9024.0	708.63	192.49
9026.0	705.72	191.78
9028.0	702.16	190.9
9030.0	698.63	190.02
9032.0	695.11	189.15
9034.0	690.33	187.93
9036.0	687.49	187.24
9038.0	684.03	186.38
9040.0	681.84	185.87
9042.0	679.03	185.18
9044.0	676.86	184.67
9046.0	675.32	184.33
9048.0	673.78	183.99
9050.0	671.62	183.48
9052.0	670.09	183.15
9054.0	669.79	183.15
9056.0	669.49	183.15
9058.0	669.2	183.15
9060.0	668.9	183.15
9062.0	669.84	183.48
9064.0	669.55	183.48
9066.0	671.1	183.99
9068.0	673.28	184.67
9070.0	673.61	184.84
9072.0	675.79	185.52
9074.0	676.74	185.87
9076.0	678.31	186.38
9078.0	678.02	186.38
9080.0	677.72	186.38
9082.0	677.42	186.38
9084.0	677.12	186.38
9086.0	678.07	186.72
9088.0	679.02	187.07
9090.0	680.6	187.59
9092.0	681.55	187.93
9094.0	684.4	188.8
9096.0	685.36	189.15
9098.0	686.96	189.67
9100.0	687.92	190.02
9102.0	689.52	190.55
9104.0	690.49	190.9
9106.0	692.73	191.6
9108.0	693.07	191.78
9110.0	692.76	191.78
9112.0	693.73	192.13
9114.0	693.43	192.13
9116.0	693.13	192.13
9118.0	692.82	192.13
9120.0	692.52	192.13
9122.0	690.94	191.78
9124.0	690.64	191.78
9126.0	690.34	191.78
9128.0	690.03	191.78
9130.0	689.73	191.78
9132.0	690.7	192.13
9134.0	693.59	193.02
9136.0	694.56	193.37
9138.0	695.53	193.73
9140.0	697.16	194.27
9142.0	698.13	194.63
9144.0	696.54	194.27
9146.0	694.96	193.91
9148.0	694.01	193.73
9150.0	692.43	193.37
9152.0	692.13	193.37
9154.0	690.56	193.02
9156.0	690.26	193.02
9158.0	689.95	193.02
9160.0	690.92	193.37
9162.0	690.62	193.37
9164.0	690.32	193.37
9166.0	688.75	193.02
9168.0	688.45	193.02
9170.0	686.25	192.49
9172.0	685.95	192.49
9174.0	684.39	192.13
9176.0	685.35	192.49
9178.0	685.05	192.49
9180.0	684.75	192.49
9182.0	685.72	192.84
9184.0	686.05	193.02
9186.0	685.76	193.02
9188.0	685.46	193.02
9190.0	685.16	193.02
9192.0	684.86	193.02
9194.0	684.56	193.02
9196.0	685.52	193.37
9198.0	685.23	193.37
9200.0	686.19	193.73
