3200.0	6825.3	233.13
3201.0	6802.2	232.49
3202.0	6797.9	232.49
3203.0	6781.2	232.06
3204.0	6777.0	232.06
3205.0	6785.2	232.49
3206.0	6781.0	232.49
3207.0	6783.0	232.7
3208.0	6803.8	233.56
3209.0	6818.4	234.21
3210.0	6851.9	235.5
3211.0	6879.2	236.59
3212.0	6906.7	237.68
3213.0	6934.3	238.78
3214.0	6942.7	239.22
3215.0	6938.4	239.22
3216.0	6934.1	239.22
3217.0	6917.0	238.78
3218.0	6900.0	238.34
3219.0	6889.4	238.12
3220.0	6891.4	238.34
3221.0	6899.8	238.78
3222.0	6895.6	238.78
3223.0	6891.3	238.78
3224.0	6899.7	239.22
3225.0	6870.1	238.34
3226.0	6846.9	237.68
3227.0	6855.3	238.12
3228.0	6857.3	238.34
3229.0	6865.7	238.78
3230.0	6874.1	239.22
3231.0	6882.5	239.66
3232.0	6884.6	239.88
3233.0	6893.0	240.33
3234.0	6901.5	240.77
3235.0	6909.9	241.21
3236.0	6912.0	241.43
3237.0	6920.5	241.88
3238.0	6916.2	241.88
3239.0	6924.6	242.33
3240.0	6907.7	241.88
3241.0	6903.4	241.88
3242.0	6867.4	240.77
3243.0	6837.9	239.88
3244.0	6802.4	238.78
3245.0	6766.9	237.68
3246.0	6731.7	236.59
3247.0	6702.8	235.72
3248.0	6667.9	234.64
3249.0	6621.0	233.13
3250.0	6586.5	232.06
3251.0	6558.2	231.21
3252.0	6536.1	230.57
3253.0	6520.1	230.14
3254.0	6498.1	229.51
3255.0	6470.2	228.66
3256.0	6436.5	227.61
3257.0	6420.7	227.2
3258.0	6399.1	226.57
3259.0	6383.4	226.15
3260.0	6379.5	226.15
3261.0	6375.6	226.15
3262.0	6383.4	226.57
3263.0	6391.3	226.99
3264.0	6393.2	227.2
3265.0	6389.3	227.2
3266.0	6385.4	227.2
3267.0	6381.5	227.2
3268.0	6377.6	227.2
3269.0	6373.7	227.2
3270.0	6369.8	227.2
3271.0	6365.9	227.2
3272.0	6344.4	226.57
3273.0	6317.3	225.74
3274.0	6296.0	225.11
3275.0	6263.2	224.08
3276.0	6236.4	223.25
3277.0	6215.4	222.64
3278.0	6188.7	221.82
3279.0	6167.9	221.21
3280.0	6152.8	220.8
3281.0	6132.1	220.19
3282.0	6105.8	219.38
3283.0	6085.2	218.78
3284.0	6070.3	218.37
3285.0	6066.7	218.37
3286.0	6051.8	217.97
3287.0	6048.1	217.97
3288.0	6044.5	217.97
3289.0	6040.8	217.97
3290.0	6037.1	217.97
3291.0	6044.6	218.37
3292.0	6052.0	218.78
3293.0	6053.9	218.98
3294.0	6061.4	219.38
3295.0	6068.9	219.79
3296.0	6065.2	219.79
3297.0	6078.3	220.39
3298.0	6074.6	220.39
3299.0	6071.0	220.39
3300.0	6078.4	220.8
3301.0	6086.0	221.21
3302.0	6082.3	221.21
3303.0	6089.8	221.61
3304.0	6091.7	221.82
3305.0	6088.0	221.82
3306.0	6095.6	222.23
3307.0	6091.9	222.23
3308.0	6088.2	222.23
3309.0	6084.5	222.23
3310.0	6092.1	222.64
3311.0	6088.4	222.64
3312.0	6101.6	223.25
3313.0	6097.9	223.25
3314.0	6105.4	223.67
3315.0	6113.0	224.08
3316.0	6137.5	225.11
3317.0	6145.1	225.53
3318.0	6147.1	225.74
3319.0	6166.0	226.57
3320.0	6179.4	227.2
3321.0	6187.0	227.61
3322.0	6194.7	228.03
3323.0	6202.4	228.45
3324.0	6204.4	228.66
3325.0	6200.7	228.66
3326.0	6208.4	229.09
3327.0	6204.6	229.09
3328.0	6189.5	228.66
3329.0	6168.7	228.03
3330.0	6142.3	227.2
3331.0	6121.7	226.57
3332.0	6089.9	225.53
3333.0	6063.9	224.7
3334.0	6043.5	224.08
3335.0	6028.8	223.67
3336.0	6014.1	223.25
3337.0	5993.9	222.64
3338.0	5979.3	222.23
3339.0	5964.7	221.82
3340.0	5944.7	221.21
3341.0	5941.1	221.21
3342.0	5926.6	220.8
3343.0	5923.1	220.8
3344.0	5908.7	220.39
3345.0	5899.7	220.19
3346.0	5874.5	219.38
3347.0	5871.0	219.38
3348.0	5856.6	218.98
3349.0	5853.1	218.98
3350.0	5849.7	218.98
3351.0	5846.2	218.98
3352.0	5837.3	218.78
3353.0	5833.8	218.78
3354.0	5830.3	218.78
3355.0	5826.9	218.78
3356.0	5823.4	218.78
3357.0	5809.2	218.37
3358.0	5795.1	217.97
3359.0	5791.6	217.97
3360.0	5788.2	217.97
3361.0	5795.4	218.37
3362.0	5791.9	218.37
3363.0	5799.2	218.78
3364.0	5795.7	218.78
3365.0	5797.6	218.98
3366.0	5804.9	219.38
3367.0	5812.1	219.79
3368.0	5808.7	219.79
3369.0	5794.5	219.38
3370.0	5775.1	218.78
3371.0	5761.1	218.37
3372.0	5747.1	217.97
3373.0	5743.6	217.97
3374.0	5740.2	217.97
3375.0	5736.9	217.97
3376.0	5744.0	218.37
3377.0	5740.6	218.37
3378.0	5747.8	218.78
3379.0	5749.7	218.98
3380.0	5756.9	219.38
3381.0	5764.1	219.79
3382.0	5760.7	219.79
3383.0	5757.3	219.79
3384.0	5743.3	219.38
3385.0	5739.9	219.38
3386.0	5736.5	219.38
3387.0	5733.1	219.38
3388.0	5740.3	219.79
3389.0	5736.9	219.79
3390.0	5733.5	219.79
3391.0	5740.7	220.19
3392.0	5726.7	219.79
3393.0	5723.4	219.79
3394.0	5720.0	219.79
3395.0	5706.1	219.38
3396.0	5692.3	218.98
3397.0	5688.9	218.98
3398.0	5696.1	219.38
3399.0	5703.2	219.79
3400.0	5710.3	220.19
3401.0	5712.3	220.39
3402.0	5719.4	220.8
3403.0	5726.6	221.21
3404.0	5733.8	221.61
3405.0	5735.7	221.82
3406.0	5732.3	221.82
3407.0	5728.9	221.82
3408.0	5725.6	221.82
3409.0	5722.2	221.82
3410.0	5718.9	221.82
3411.0	5715.5	221.82
3412.0	5706.9	221.61
3413.0	5703.6	221.61
3414.0	5700.2	221.61
3415.0	5696.9	221.61
3416.0	5693.6	221.61
3417.0	5679.8	221.21
3418.0	5666.0	220.8
3419.0	5652.3	220.39
3420.0	5649.0	220.39
3421.0	5640.4	220.19
3422.0	5637.1	220.19
3423.0	5633.8	220.19
3424.0	5630.6	220.19
3425.0	5627.3	220.19
3426.0	5624.0	220.19
3427.0	5620.7	220.19
3428.0	5617.4	220.19
3429.0	5619.4	220.39
3430.0	5616.1	220.39
3431.0	5607.6	220.19
3432.0	5594.0	219.79
3433.0	5580.5	219.38
3434.0	5567.0	218.98
3435.0	5563.7	218.98
3436.0	5560.5	218.98
3437.0	5567.5	219.38
3438.0	5574.5	219.79
3439.0	5581.5	220.19
3440.0	5578.3	220.19
3441.0	5564.8	219.79
3442.0	5551.4	219.38
3443.0	5532.8	218.78
3444.0	5519.4	218.37
3445.0	5495.9	217.57
3446.0	5477.6	216.97
3447.0	5449.2	215.97
3448.0	5426.1	215.18
3449.0	5408.0	214.58
3450.0	5394.9	214.19
3451.0	5391.8	214.19
3452.0	5388.6	214.19
3453.0	5395.4	214.58
3454.0	5382.4	214.19
3455.0	5369.4	213.8
3456.0	5361.3	213.6
3457.0	5358.2	213.6
3458.0	5355.1	213.6
3459.0	5357.0	213.8
3460.0	5363.7	214.19
3461.0	5360.6	214.19
3462.0	5357.5	214.19
3463.0	5364.3	214.58
3464.0	5371.1	214.98
3465.0	5368.0	214.98
3466.0	5355.0	214.58
3467.0	5342.1	214.19
3468.0	5348.9	214.58
3469.0	5360.6	215.18
3470.0	5377.3	215.97
3471.0	5399.0	216.97
3472.0	5395.9	216.97
3473.0	5382.8	216.57
3474.0	5374.8	216.37
3475.0	5361.8	215.97
3476.0	5348.8	215.58
3477.0	5336.0	215.18
3478.0	5332.9	215.18
3479.0	5324.9	214.98
3480.0	5312.0	214.58
3481.0	5309.0	214.58
3482.0	5296.2	214.19
3483.0	5293.1	214.19
3484.0	5280.4	213.8
3485.0	5277.3	213.8
3486.0	5274.3	213.8
3487.0	5271.3	213.8
3488.0	5268.3	213.8
3489.0	5275.0	214.19
3490.0	5271.9	214.19
3491.0	5278.6	214.58
3492.0	5285.3	214.98
3493.0	5282.3	214.98
3494.0	5269.5	214.58
3495.0	5266.5	214.58
3496.0	5253.8	214.19
3497.0	5250.8	214.19
3498.0	5238.2	213.8
3499.0	5235.2	213.8
3500.0	5232.2	213.8
3501.0	5224.4	213.6
3502.0	5221.4	213.6
3503.0	5208.8	213.21
3504.0	5215.5	213.6
3505.0	5217.3	213.8
3506.0	5214.3	213.8
3507.0	5211.3	213.8
3508.0	5208.4	213.8
3509.0	5191.0	213.21
3510.0	5188.1	213.21
3511.0	5175.6	212.81
3512.0	5163.1	212.42
3513.0	5155.4	212.23
3514.0	5152.5	212.23
3515.0	5140.1	211.84
3516.0	5127.7	211.45
3517.0	5124.8	211.45
3518.0	5121.9	211.45
3519.0	5119.0	211.45
3520.0	5125.5	211.84
3521.0	5136.8	212.42
3522.0	5162.3	213.6
3523.0	5164.1	213.8
3524.0	5146.9	213.21
3525.0	5125.1	212.42
3526.0	5098.7	211.45
3527.0	5063.0	210.09
3528.0	5055.5	209.89
3529.0	5043.3	209.51
3530.0	5031.2	209.12
3531.0	5028.3	209.12
3532.0	5016.2	208.74
3533.0	5008.8	208.55
3534.0	5006.0	208.55
3535.0	5007.7	208.74
3536.0	5004.9	208.74
3537.0	5002.1	208.74
3538.0	4994.7	208.55
3539.0	4991.8	208.55
3540.0	4989.0	208.55
3541.0	4986.2	208.55
3542.0	4988.0	208.74
3543.0	4980.6	208.55
3544.0	4968.6	208.16
3545.0	4965.8	208.16
3546.0	4953.8	207.78
3547.0	4941.9	207.4
3548.0	4934.6	207.21
3549.0	4931.8	207.21
3550.0	4929.1	207.21
3551.0	4926.3	207.21
3552.0	4928.0	207.4
3553.0	4934.3	207.78
3554.0	4940.7	208.16
3555.0	4960.7	209.12
3556.0	4976.2	209.89
3557.0	4987.1	210.47
3558.0	4993.5	210.86
3559.0	5004.5	211.45
3560.0	5010.9	211.84
3561.0	5008.1	211.84
3562.0	4996.1	211.45
3563.0	4993.3	211.45
3564.0	4990.5	211.45
3565.0	4987.7	211.45
3566.0	4994.1	211.84
3567.0	5000.5	212.23
3568.0	5011.5	212.81
3569.0	5008.7	212.81
3570.0	5015.1	213.21
3571.0	5012.3	213.21
3572.0	5009.5	213.21
3573.0	5006.7	213.21
3574.0	5003.9	213.21
3575.0	4991.9	212.81
3576.0	4989.1	212.81
3577.0	4986.3	212.81
3578.0	4974.4	212.42
3579.0	4967.0	212.23
3580.0	4955.1	211.84
3581.0	4943.2	211.45
3582.0	4926.8	210.86
3583.0	4924.1	210.86
3584.0	4912.3	210.47
3585.0	4909.5	210.47
3586.0	4906.8	210.47
3587.0	4904.1	210.47
3588.0	4910.4	210.86
3589.0	4912.2	211.06
3590.0	4918.5	211.45
3591.0	4915.7	211.45
3592.0	4913.0	211.45
3593.0	4928.4	212.23
3594.0	4930.2	212.42
3595.0	4936.5	212.81
3596.0	4933.8	212.81
3597.0	4917.4	212.23
3598.0	4905.7	211.84
3599.0	4902.9	211.84
3600.0	4900.2	211.84
3601.0	4897.5	211.84
3602.0	4903.8	212.23
3603.0	4901.1	212.23
3604.0	4889.3	211.84
3605.0	4886.6	211.84
3606.0	4883.9	211.84
3607.0	4872.2	211.45
3608.0	4860.6	211.06
3609.0	4853.4	210.86
3610.0	4832.9	210.09
3611.0	4825.8	209.89
3612.0	4814.2	209.51
3613.0	4811.5	209.51
3614.0	4808.9	209.51
3615.0	4806.2	209.51
3616.0	4794.7	209.12
3617.0	4792.1	209.12
3618.0	4789.4	209.12
3619.0	4786.8	209.12
3620.0	4775.3	208.74
3621.0	4768.3	208.55
3622.0	4748.1	207.78
3623.0	4732.4	207.21
3624.0	4712.4	206.44
3625.0	4701.1	206.06
3626.0	4694.2	205.87
3627.0	4683.0	205.49
3628.0	4663.2	204.74
3629.0	4647.8	204.17
3630.0	4636.7	203.8
3631.0	4621.4	203.24
3632.0	4618.8	203.24
3633.0	4616.3	203.24
3634.0	4626.5	203.8
3635.0	4632.5	204.17
3636.0	4621.4	203.8
3637.0	4618.8	203.8
3638.0	4616.3	203.8
3639.0	4622.3	204.17
3640.0	4628.3	204.55
3641.0	4638.5	205.12
3642.0	4636.0	205.12
3643.0	4633.4	205.12
3644.0	4630.9	205.12
3645.0	4628.3	205.12
3646.0	4625.8	205.12
3647.0	4623.3	205.12
3648.0	4620.7	205.12
3649.0	4605.5	204.55
3650.0	4602.9	204.55
3651.0	4591.9	204.17
3652.0	4581.0	203.8
3653.0	4565.9	203.24
3654.0	4554.9	202.86
3655.0	4544.1	202.49
3656.0	4529.1	201.93
3657.0	4526.6	201.93
3658.0	4524.1	201.93
3659.0	4521.6	201.93
3660.0	4519.2	201.93
3661.0	4508.4	201.56
3662.0	4505.9	201.56
3663.0	4503.5	201.56
3664.0	4501.0	201.56
3665.0	4498.5	201.56
3666.0	4504.4	201.93
3667.0	4501.9	201.93
3668.0	4511.9	202.49
3669.0	4509.5	202.49
3670.0	4515.3	202.86
3671.0	4521.2	203.24
3672.0	4527.0	203.61
3673.0	4524.6	203.61
3674.0	4522.1	203.61
3675.0	4523.8	203.8
3676.0	4521.4	203.8
3677.0	4527.2	204.17
3678.0	4533.1	204.55
3679.0	4534.8	204.74
3680.0	4549.1	205.49
3681.0	4555.0	205.87
3682.0	4556.7	206.06
3683.0	4562.6	206.44
3684.0	4551.8	206.06
3685.0	4545.1	205.87
3686.0	4534.3	205.49
3687.0	4523.5	205.12
3688.0	4512.7	204.74
3689.0	4506.1	204.55
3690.0	4495.4	204.17
3691.0	4493.0	204.17
3692.0	4482.2	203.8
3693.0	4467.5	203.24
3694.0	4465.1	203.24
3695.0	4462.6	203.24
3696.0	4468.5	203.61
3697.0	4478.4	204.17
3698.0	4484.2	204.55
3699.0	4481.8	204.55
3700.0	4491.7	205.12
3701.0	4497.6	205.49
3702.0	4503.5	205.87
3703.0	4505.2	206.06
3704.0	4511.0	206.44
3705.0	4516.9	206.82
3706.0	4522.8	207.21
3707.0	4532.9	207.78
3708.0	4551.3	208.74
3709.0	4565.7	209.51
3710.0	4584.3	210.47
3711.0	4611.4	211.84
3712.0	4630.3	212.81
3713.0	4649.1	213.8
3714.0	4676.7	215.18
3715.0	4700.1	216.37
3716.0	4701.9	216.57
3717.0	4708.0	216.97
3718.0	4696.8	216.57
3719.0	4694.3	216.57
3720.0	4700.4	216.97
3721.0	4710.9	217.57
3722.0	4738.8	218.98
3723.0	4766.9	220.39
3724.0	4795.1	221.82
3725.0	4832.5	223.67
3726.0	4852.1	224.7
3727.0	4858.5	225.11
3728.0	4855.9	225.11
3729.0	4844.3	224.7
3730.0	4832.8	224.28
3731.0	4825.8	224.08
3732.0	4805.5	223.25
3733.0	4820.6	224.08
3734.0	4822.5	224.28
3735.0	4860.0	226.15
3736.0	4888.8	227.61
3737.0	4931.5	229.72
3738.0	4979.0	232.06
3739.0	5017.8	233.99
3740.0	5047.5	235.5
3741.0	5058.8	236.16
3742.0	5056.1	236.16
3743.0	5039.4	235.5
3744.0	4995.1	233.56
3745.0	4951.3	231.63
3746.0	4903.3	229.51
3747.0	4869.2	228.03
3748.0	4848.7	227.2
3749.0	4846.1	227.2
3750.0	4874.8	228.66
3751.0	4912.8	230.57
3752.0	4964.7	233.13
3753.0	5026.5	236.16
3754.0	5089.0	239.22
3755.0	5142.8	241.88
3756.0	5187.6	244.12
3757.0	5218.4	245.7
3758.0	5249.4	247.29
3759.0	5241.7	247.06
3760.0	5229.3	246.6
3761.0	5193.0	245.02
3762.0	5147.3	243.0
3763.0	5097.4	240.77
3764.0	5038.7	238.12
3765.0	4985.3	235.72
3766.0	4927.9	233.13
3767.0	4880.1	230.99
3768.0	4828.4	228.66
3769.0	4803.6	227.61
3770.0	4818.8	228.45
3771.0	4838.5	229.51
3772.0	4898.7	232.49
3773.0	4964.2	235.72
3774.0	5025.9	238.78
3775.0	5088.5	241.88
3776.0	5142.3	244.57
3777.0	5182.4	246.6
3778.0	5213.1	248.2
3779.0	5234.4	249.34
3780.0	5241.3	249.8
3781.0	5238.5	249.8
3782.0	5235.7	249.8
3783.0	5223.3	249.34
3784.0	5210.9	248.88
3785.0	5184.3	247.74
3786.0	5167.2	247.06
3787.0	5121.9	245.02
3788.0	5076.9	243.0
3789.0	5009.2	239.88
3790.0	4942.4	236.81
3791.0	4863.1	233.13
3792.0	4785.0	229.51
3793.0	4703.9	225.74
3794.0	4636.9	222.64
3795.0	4575.1	219.79
3796.0	4551.6	218.78
3797.0	4540.9	218.37
3798.0	4576.2	220.19
3799.0	4616.2	222.23
3800.0	4686.6	225.74
3801.0	4766.8	229.72
3802.0	4857.3	234.21
3803.0	4940.5	238.34
3804.0	5020.4	242.33
3805.0	5087.6	245.7
3806.0	5150.9	248.88
3807.0	5200.6	251.42
3808.0	5236.3	253.28
3809.0	5267.4	254.92
3810.0	5293.8	256.33
3811.0	5295.9	256.57
3812.0	5302.9	257.04
3813.0	5290.4	256.57
3814.0	5282.7	256.33
3815.0	5250.9	254.92
3816.0	5224.0	253.75
3817.0	5197.3	252.58
3818.0	5170.7	251.42
3819.0	5158.5	250.96
3820.0	5155.8	250.96
3821.0	5143.6	250.5
3822.0	5140.9	250.5
3823.0	5128.7	250.03
3824.0	5102.5	248.88
3825.0	5076.4	247.74
3826.0	5008.8	244.57
3827.0	4951.1	241.88
3828.0	4871.7	238.12
3829.0	4797.9	234.64
3830.0	4720.9	230.99
3831.0	4649.4	227.61
3832.0	4617.1	226.15
3833.0	4602.0	225.53
3834.0	4612.3	226.15
3835.0	4656.8	228.45
3836.0	4697.5	230.57
3837.0	4777.9	234.64
3838.0	4850.8	238.34
3839.0	4938.4	242.77
3840.0	5022.9	247.06
3841.0	5090.2	250.5
3842.0	5153.5	253.75
3843.0	5208.1	256.57
3844.0	5248.7	258.7
3845.0	5289.6	260.85
3846.0	5321.1	262.54
3847.0	5352.7	264.24
3848.0	5364.7	264.97
3849.0	5386.7	266.19
3850.0	5403.8	267.18
3851.0	5583.1	276.19
3852.0	5569.9	275.68
3853.0	5561.9	275.42
3854.0	5548.8	274.92
3855.0	5545.9	274.92
3856.0	5522.7	273.91
3857.0	5504.5	273.15
3858.0	5491.6	272.65
3859.0	5473.6	271.89
3860.0	5435.6	270.15
3861.0	5397.8	268.41
3862.0	5350.5	266.19
3863.0	5313.4	264.48
3864.0	5271.6	262.54
3865.0	5259.2	262.06
3866.0	5246.8	261.58
3867.0	5244.1	261.58
3868.0	5231.8	261.1
3869.0	5238.7	261.58
3870.0	5245.6	262.06
3871.0	5242.9	262.06
3872.0	5230.6	261.58
3873.0	5213.4	260.85
3874.0	5201.2	260.38
3875.0	5165.1	258.7
3876.0	5119.8	256.57
3877.0	5070.2	254.21
3878.0	5002.7	250.96
3879.0	4927.0	247.29
3880.0	4847.9	243.44
3881.0	4770.2	239.66
3882.0	4698.0	236.16
3883.0	4635.4	233.13
3884.0	4594.8	231.21
3885.0	4571.3	230.14
3886.0	4577.3	230.57
3887.0	4613.1	232.49
3888.0	4662.0	235.07
3889.0	4724.4	238.34
3890.0	4792.1	241.88
3891.0	4874.1	246.15
3892.0	4957.6	250.5
3893.0	5037.9	254.68
3894.0	5114.8	258.7
3895.0	5178.5	262.06
3896.0	5233.4	264.97
3897.0	5264.5	266.69
3898.0	5286.1	267.92
3899.0	5307.8	269.15
3900.0	5314.9	269.65
3901.0	5321.9	270.15
3902.0	5329.0	270.64
3903.0	5331.2	270.89
3904.0	5328.5	270.89
3905.0	5325.7	270.89
3906.0	5323.0	270.89
3907.0	5320.3	270.89
3908.0	5317.6	270.89
3909.0	5314.8	270.89
3910.0	5307.2	270.64
3911.0	5294.7	270.15
3912.0	5282.3	269.65
3913.0	5269.9	269.15
3914.0	5252.6	268.41
3915.0	5230.7	267.42
3916.0	5213.6	266.69
3917.0	5177.4	264.97
3918.0	5151.0	263.75
3919.0	5129.4	262.78
3920.0	5103.3	261.58
3921.0	5086.6	260.85
3922.0	5065.3	259.9
3923.0	5048.7	259.18
3924.0	5036.9	258.7
3925.0	5025.1	258.23
3926.0	5008.6	257.51
3927.0	4996.9	257.04
3928.0	5003.5	257.51
3929.0	5001.0	257.51
3930.0	5012.3	258.23
3931.0	5028.2	259.18
3932.0	5039.6	259.9
3933.0	5055.6	260.85
3934.0	5067.0	261.58
3935.0	5087.8	262.78
3936.0	5104.0	263.75
3937.0	5124.9	264.97
3938.0	5131.8	265.46
3939.0	5143.4	266.19
3940.0	5150.2	266.69
3941.0	5147.6	266.69
3942.0	5145.0	266.69
3943.0	5142.4	266.69
3944.0	5139.8	266.69
3945.0	5146.7	267.18
3946.0	5144.1	267.18
3947.0	5141.5	267.18
3948.0	5138.9	267.18
3949.0	5126.8	266.69
3950.0	5114.8	266.19
3951.0	5098.1	265.46
3952.0	5062.8	263.75
3953.0	5036.9	262.54
3954.0	4992.8	260.38
3955.0	4949.1	258.23
3956.0	4883.2	254.92
3957.0	4813.8	251.42
3958.0	4741.0	247.74
3959.0	4677.9	244.57
3960.0	4586.0	239.88
3961.0	4491.7	235.07
3962.0	4403.4	230.57
3963.0	4324.9	226.57
3964.0	4259.5	223.25
3965.0	4218.3	221.21
3966.0	4189.0	219.79
3967.0	4206.3	220.8
3968.0	4223.5	221.82
3969.0	4276.2	224.7
3970.0	4329.5	227.61
3971.0	4395.6	231.21
3972.0	4475.1	235.5
3973.0	4535.1	238.78
3974.0	4608.6	242.77
3975.0	4657.4	245.47
3976.0	4706.8	248.2
3977.0	4739.2	250.03
3978.0	4776.3	252.11
3979.0	4795.9	253.28
3980.0	4811.2	254.21
3981.0	4822.1	254.92
3982.0	4837.5	255.86
3983.0	4857.4	257.04
3984.0	4846.0	256.57
3985.0	4843.5	256.57
3986.0	4841.1	256.57
3987.0	4847.6	257.04
3988.0	4854.1	257.51
3989.0	4865.1	258.23
3990.0	4880.6	259.18
3991.0	4882.7	259.42
3992.0	4889.2	259.9
3993.0	4895.8	260.38
3994.0	4902.3	260.85
3995.0	4899.9	260.85
3996.0	4897.4	260.85
3997.0	4895.0	260.85
3998.0	4883.5	260.38
3999.0	4872.1	259.9
4000.0	4856.2	259.18
4001.0	4836.0	258.23
4002.0	4820.2	257.51
4003.0	4800.1	256.57
4004.0	4784.4	255.86
4005.0	4773.2	255.39
4006.0	4770.9	255.39
4007.0	4768.5	255.39
4008.0	4774.9	255.86
4009.0	4781.3	256.33
4010.0	4792.2	257.04
4011.0	4798.6	257.51
4012.0	4809.5	258.23
4013.0	4815.9	258.7
4014.0	4813.5	258.7
4015.0	4802.3	258.23
4016.0	4786.7	257.51
4017.0	4753.5	255.86
4018.0	4733.7	254.92
4019.0	4700.9	253.28
4020.0	4677.0	252.11
4021.0	4661.8	251.42
4022.0	4650.9	250.96
4023.0	4648.6	250.96
4024.0	4654.8	251.42
4025.0	4665.4	252.11
4026.0	4684.6	253.28
4027.0	4712.6	254.92
4028.0	4736.3	256.33
4029.0	4755.8	257.51
4030.0	4775.4	258.7
4031.0	4786.2	259.42
4032.0	4792.7	259.9
4033.0	4799.2	260.38
4034.0	4805.6	260.85
4035.0	4803.2	260.85
4036.0	4800.8	260.85
4037.0	4798.5	260.85
4038.0	4796.1	260.85
4039.0	4793.7	260.85
4040.0	4791.3	260.85
4041.0	4789.0	260.85
4042.0	4786.6	260.85
4043.0	4788.6	261.1
4044.0	4786.3	261.1
4045.0	4783.9	261.1
4046.0	4777.1	260.85
4047.0	4774.8	260.85
4048.0	4772.4	260.85
4049.0	4770.1	260.85
4050.0	4767.7	260.85
4051.0	4765.4	260.85
4052.0	4754.3	260.38
4053.0	4743.1	259.9
4054.0	4740.8	259.9
4055.0	4729.8	259.42
4056.0	4723.1	259.18
4057.0	4720.7	259.18
4058.0	4718.4	259.18
4059.0	4716.1	259.18
4060.0	4713.8	259.18
4061.0	4711.4	259.18
4062.0	4700.4	258.7
4063.0	4689.5	258.23
4064.0	4674.3	257.51
4065.0	4663.4	257.04
4066.0	4652.5	256.57
4067.0	4637.4	255.86
4068.0	4635.1	255.86
4069.0	4632.8	255.86
4070.0	4630.5	255.86
4071.0	4636.8	256.33
4072.0	4638.8	256.57
4073.0	4645.1	257.04
4074.0	4642.8	257.04
4075.0	4649.1	257.51
4076.0	4646.8	257.51
4077.0	4644.5	257.51
4078.0	4646.5	257.75
4079.0	4639.9	257.51
4080.0	4637.7	257.51
4081.0	4626.9	257.04
4082.0	4616.1	256.57
4083.0	4601.1	255.86
4084.0	4581.9	254.92
4085.0	4558.7	253.75
4086.0	4527.1	252.11
4087.0	4504.1	250.96
4088.0	4464.7	248.88
4089.0	4421.7	246.6
4090.0	4362.9	243.44
4091.0	4304.9	240.33
4092.0	4228.1	236.16
4093.0	4152.8	232.06
4094.0	4071.2	227.61
4095.0	4006.0	224.08
4096.0	3945.5	220.8
4097.0	3907.4	218.78
4098.0	3880.4	217.37
4099.0	3903.6	218.78
4100.0	3919.7	219.79
4101.0	3968.6	222.64
4102.0	4029.3	226.15
4103.0	4098.4	230.14
4104.0	4176.4	234.64
4105.0	4240.3	238.34
4106.0	4309.1	242.33
4107.0	4354.8	245.02
4108.0	4393.0	247.29
4109.0	4427.4	249.34
4110.0	4445.7	250.5
4111.0	4459.9	251.42
4112.0	4457.7	251.42
4113.0	4455.6	251.42
4114.0	4453.4	251.42
4115.0	4451.2	251.42
4116.0	4449.1	251.42
4117.0	4459.2	252.11
4118.0	4457.0	252.11
4119.0	4454.9	252.11
4120.0	4452.7	252.11
4121.0	4458.8	252.58
4122.0	4464.8	253.05
4123.0	4462.7	253.05
4124.0	4460.5	253.05
4125.0	4458.3	253.05
4126.0	4456.2	253.05
4127.0	4454.0	253.05
4128.0	4443.7	252.58
4129.0	4433.3	252.11
4130.0	4431.2	252.11
4131.0	4416.8	251.42
4132.0	4406.6	250.96
4133.0	4388.2	250.03
4134.0	4365.9	248.88
4135.0	4351.8	248.2
4136.0	4329.7	247.06
4137.0	4303.8	245.7
4138.0	4281.9	244.57
4139.0	4268.0	243.89
4140.0	4258.1	243.44
4141.0	4248.2	243.0
4142.0	4254.0	243.44
4143.0	4259.8	243.89
4144.0	4277.4	245.02
4145.0	4287.2	245.7
4146.0	4300.9	246.6
4147.0	4318.7	247.74
4148.0	4324.6	248.2
4149.0	4330.4	248.66
4150.0	4332.3	248.88
4151.0	4330.3	248.88
4152.0	4336.2	249.34
4153.0	4334.1	249.34
4154.0	4332.0	249.34
4155.0	4329.9	249.34
4156.0	4319.8	248.88
4157.0	4317.8	248.88
4158.0	4315.7	248.88
4159.0	4313.6	248.88
4160.0	4307.6	248.66
4161.0	4297.6	248.2
4162.0	4303.4	248.66
4163.0	4301.4	248.66
4164.0	4299.3	248.66
4165.0	4289.3	248.2
4166.0	4287.3	248.2
4167.0	4293.1	248.66
4168.0	4295.0	248.88
4169.0	4292.9	248.88
4170.0	4298.8	249.34
4171.0	4296.7	249.34
4172.0	4294.7	249.34
4173.0	4300.5	249.8
4174.0	4298.5	249.8
4175.0	4300.4	250.03
4176.0	4306.3	250.5
4177.0	4296.3	250.03
4178.0	4294.2	250.03
4179.0	4288.2	249.8
4180.0	4286.2	249.8
4181.0	4284.1	249.8
4182.0	4274.2	249.34
4183.0	4272.1	249.34
4184.0	4270.1	249.34
4185.0	4268.0	249.34
4186.0	4273.9	249.8
4187.0	4271.8	249.8
4188.0	4269.8	249.8
4189.0	4267.8	249.8
4190.0	4265.7	249.8
4191.0	4263.7	249.8
4192.0	4261.7	249.8
4193.0	4259.6	249.8
4194.0	4261.5	250.03
4195.0	4267.3	250.5
4196.0	4265.3	250.5
4197.0	4255.4	250.03
4198.0	4253.4	250.03
4199.0	4247.5	249.8
4200.0	4245.4	249.8
4201.0	4235.6	249.34
4202.0	4233.6	249.34
4203.0	4231.6	249.34
4204.0	4229.5	249.34
4205.0	4227.5	249.34
4206.0	4233.3	249.8
4207.0	4231.3	249.8
4208.0	4229.3	249.8
4209.0	4227.3	249.8
4210.0	4225.3	249.8
4211.0	4223.3	249.8
4212.0	4225.2	250.03
4213.0	4231.0	250.5
4214.0	4228.9	250.5
4215.0	4226.9	250.5
4216.0	4224.9	250.5
4217.0	4215.1	250.03
4218.0	4213.1	250.03
4219.0	4218.9	250.5
4220.0	4216.9	250.5
4221.0	4207.2	250.03
4222.0	4205.2	250.03
4223.0	4203.2	250.03
4224.0	4201.2	250.03
4225.0	4195.3	249.8
4226.0	4185.6	249.34
4227.0	4183.6	249.34
4228.0	4174.0	248.88
4229.0	4160.5	248.2
4230.0	4150.9	247.74
4231.0	4148.9	247.74
4232.0	4139.3	247.29
4233.0	4133.6	247.06
4234.0	4124.0	246.6
4235.0	4122.1	246.6
4236.0	4112.5	246.15
4237.0	4110.6	246.15
4238.0	4116.2	246.6
4239.0	4114.3	246.6
4240.0	4112.3	246.6
4241.0	4110.4	246.6
4242.0	4108.5	246.6
4243.0	4099.0	246.15
4244.0	4089.5	245.7
4245.0	4083.8	245.47
4246.0	4081.9	245.47
4247.0	4080.0	245.47
4248.0	4070.5	245.02
4249.0	4061.1	244.57
4250.0	4051.8	244.12
4251.0	4046.1	243.89
4252.0	4044.2	243.89
4253.0	4042.3	243.89
4254.0	4040.4	243.89
4255.0	4038.5	243.89
4256.0	4029.2	243.44
4257.0	4027.3	243.44
4258.0	4018.0	243.0
4259.0	4005.0	242.33
4260.0	4003.1	242.33
4261.0	3993.9	241.88
4262.0	3992.0	241.88
4263.0	3990.2	241.88
4264.0	3988.3	241.88
4265.0	3986.4	241.88
4266.0	3991.9	242.33
4267.0	3990.0	242.33
4268.0	3988.2	242.33
4269.0	3986.3	242.33
4270.0	3977.1	241.88
4271.0	3967.9	241.43
4272.0	3962.4	241.21
4273.0	3960.5	241.21
4274.0	3958.7	241.21
4275.0	3949.6	240.77
4276.0	3947.7	240.77
4277.0	3945.9	240.77
4278.0	3944.0	240.77
4279.0	3949.5	241.21
4280.0	3951.2	241.43
4281.0	3949.4	241.43
4282.0	3954.8	241.88
4283.0	3953.0	241.88
4284.0	3951.1	241.88
4285.0	3942.0	241.43
4286.0	3940.2	241.43
4287.0	3938.3	241.43
4288.0	3932.9	241.21
4289.0	3923.8	240.77
4290.0	3922.0	240.77
4291.0	3912.9	240.33
4292.0	3903.9	239.88
4293.0	3902.1	239.88
4294.0	3889.5	239.22
4295.0	3887.7	239.22
4296.0	3878.8	238.78
4297.0	3869.8	238.34
4298.0	3864.5	238.12
4299.0	3862.7	238.12
4300.0	3853.7	237.68
4301.0	3852.0	237.68
4302.0	3850.2	237.68
4303.0	3848.4	237.68
4304.0	3846.6	237.68
4305.0	3844.8	237.68
4306.0	3850.1	238.12
4307.0	3848.3	238.12
4308.0	3846.5	238.12
4309.0	3844.8	238.12
4310.0	3843.0	238.12
4311.0	3844.7	238.34
4312.0	3842.9	238.34
4313.0	3848.2	238.78
4314.0	3853.5	239.22
4315.0	3862.4	239.88
4316.0	3867.8	240.33
4317.0	3873.1	240.77
4318.0	3871.3	240.77
4319.0	3876.6	241.21
4320.0	3874.8	241.21
4321.0	3873.0	241.21
4322.0	3864.1	240.77
4323.0	3855.2	240.33
4324.0	3842.8	239.66
4325.0	3819.9	238.34
4326.0	3800.6	237.25
4327.0	3764.0	235.07
4328.0	3724.3	232.7
4329.0	3671.5	229.51
4330.0	3622.8	226.57
4331.0	3542.0	221.61
4332.0	3466.1	216.97
4333.0	3376.3	211.45
4334.0	3288.8	206.06
4335.0	3230.3	202.49
4336.0	3184.5	199.71
4337.0	3162.6	198.43
4338.0	3169.9	198.98
4339.0	3188.9	200.26
4340.0	3234.8	203.24
4341.0	3284.3	206.44
4342.0	3346.9	210.47
4343.0	3417.0	214.98
4344.0	3475.7	218.78
4345.0	3535.4	222.64
4346.0	3573.1	225.11
4347.0	3617.8	228.03
4348.0	3642.9	229.72
4349.0	3671.5	231.63
4350.0	3693.5	233.13
4351.0	3715.7	234.64
4352.0	3731.2	235.72
4353.0	3743.2	236.59
4354.0	3751.8	237.25
4355.0	3757.0	237.68
4356.0	3762.2	238.12
4357.0	3760.5	238.12
4358.0	3758.8	238.12
4359.0	3757.1	238.12
4360.0	3755.3	238.12
4361.0	3746.7	237.68
4362.0	3738.1	237.25
4363.0	3736.4	237.25
4364.0	3734.7	237.25
4365.0	3733.0	237.25
4366.0	3724.4	236.81
4367.0	3722.7	236.81
4368.0	3727.8	237.25
4369.0	3726.1	237.25
4370.0	3731.3	237.68
4371.0	3729.6	237.68
4372.0	3734.7	238.12
4373.0	3733.0	238.12
4374.0	3731.3	238.12
4375.0	3722.8	237.68
4376.0	3714.2	237.25
4377.0	3702.3	236.59
4378.0	3687.0	235.72
4379.0	3661.6	234.21
4380.0	3636.4	232.7
4381.0	3618.0	231.63
4382.0	3593.1	230.14
4383.0	3581.6	229.51
4384.0	3566.8	228.66
4385.0	3565.2	228.66
4386.0	3570.1	229.09
4387.0	3575.1	229.51
4388.0	3589.9	230.57
4389.0	3611.5	232.06
4390.0	3626.5	233.13
4391.0	3641.6	234.21
4392.0	3653.4	235.07
4393.0	3661.8	235.72
4394.0	3666.9	236.16
4395.0	3672.0	236.59
4396.0	3673.7	236.81
4397.0	3678.8	237.25
4398.0	3677.1	237.25
4399.0	3668.7	236.81
4400.0	3667.0	236.81
4401.0	3662.0	236.59
4402.0	3660.3	236.59
4403.0	3658.7	236.59
4404.0	3657.0	236.59
4405.0	3648.6	236.16
4406.0	3640.3	235.72
4407.0	3628.6	235.07
4408.0	3620.2	234.64
4409.0	3611.9	234.21
4410.0	3593.7	233.13
4411.0	3585.5	232.7
4412.0	3580.5	232.49
4413.0	3572.3	232.06
4414.0	3570.7	232.06
4415.0	3569.1	232.06
4416.0	3567.5	232.06
4417.0	3565.9	232.06
4418.0	3570.8	232.49
4419.0	3569.2	232.49
4420.0	3570.9	232.7
4421.0	3575.8	233.13
4422.0	3567.7	232.7
4423.0	3562.8	232.49
4424.0	3561.2	232.49
4425.0	3553.0	232.06
4426.0	3551.4	232.06
4427.0	3549.8	232.06
4428.0	3541.6	231.63
4429.0	3540.0	231.63
4430.0	3531.9	231.21
4431.0	3527.1	230.99
4432.0	3512.5	230.14
4433.0	3510.9	230.14
4434.0	3502.9	229.72
4435.0	3501.3	229.72
4436.0	3506.2	230.14
4437.0	3504.6	230.14
4438.0	3509.5	230.57
4439.0	3507.9	230.57
4440.0	3512.8	230.99
4441.0	3511.2	230.99
4442.0	3509.6	230.99
4443.0	3508.1	230.99
4444.0	3506.5	230.99
4445.0	3508.1	231.21
4446.0	3513.0	231.63
4447.0	3511.4	231.63
4448.0	3509.9	231.63
4449.0	3508.3	231.63
4450.0	3506.7	231.63
4451.0	3505.1	231.63
4452.0	3503.6	231.63
4453.0	3502.0	231.63
4454.0	3500.4	231.63
4455.0	3498.8	231.63
4456.0	3490.8	231.21
4457.0	3486.1	230.99
4458.0	3478.1	230.57
4459.0	3460.6	229.51
4460.0	3446.3	228.66
4461.0	3419.4	226.99
4462.0	3395.9	225.53
4463.0	3360.2	223.25
4464.0	3327.9	221.21
4465.0	3299.0	219.38
4466.0	3267.2	217.37
4467.0	3250.8	216.37
4468.0	3243.3	215.97
4469.0	3235.9	215.58
4470.0	3249.4	216.57
4471.0	3269.0	217.97
4472.0	3282.6	218.98
4473.0	3302.4	220.39
4474.0	3322.2	221.82
4475.0	3333.0	222.64
4476.0	3346.9	223.67
4477.0	3360.8	224.7
4478.0	3371.7	225.53
4479.0	3373.3	225.74
4480.0	3378.0	226.15
4481.0	3382.8	226.57
4482.0	3381.2	226.57
4483.0	3386.0	226.99
4484.0	3387.6	227.2
4485.0	3386.1	227.2
4486.0	3384.6	227.2
4487.0	3389.3	227.61
4488.0	3387.8	227.61
4489.0	3386.3	227.61
4490.0	3378.5	227.2
4491.0	3377.0	227.2
4492.0	3375.5	227.2
4493.0	3374.0	227.2
4494.0	3372.5	227.2
4495.0	3371.0	227.2
4496.0	3369.5	227.2
4497.0	3364.9	226.99
4498.0	3357.2	226.57
4499.0	3355.7	226.57
4500.0	3348.1	226.15
4501.0	3346.6	226.15
4502.0	3345.1	226.15
4503.0	3343.6	226.15
4504.0	3342.1	226.15
4505.0	3340.7	226.15
4506.0	3333.0	225.74
4507.0	3328.5	225.53
4508.0	3327.0	225.53
4509.0	3328.6	225.74
4510.0	3333.3	226.15
4511.0	3337.9	226.57
4512.0	3342.6	226.99
4513.0	3344.2	227.2
4514.0	3348.9	227.61
4515.0	3347.4	227.61
4516.0	3352.1	228.03
4517.0	3350.6	228.03
4518.0	3355.3	228.45
4519.0	3356.9	228.66
4520.0	3355.4	228.66
4521.0	3353.9	228.66
4522.0	3352.4	228.66
4523.0	3347.9	228.45
4524.0	3340.2	228.03
4525.0	3338.7	228.03
4526.0	3337.3	228.03
4527.0	3335.8	228.03
4528.0	3334.3	228.03
4529.0	3326.7	227.61
4530.0	3325.2	227.61
4531.0	3323.8	227.61
4532.0	3322.3	227.61
4533.0	3320.8	227.61
4534.0	3319.4	227.61
4535.0	3311.8	227.2
4536.0	3307.3	226.99
4537.0	3299.8	226.57
4538.0	3298.3	226.57
4539.0	3296.9	226.57
4540.0	3295.4	226.57
4541.0	3294.0	226.57
4542.0	3292.5	226.57
4543.0	3285.0	226.15
4544.0	3277.5	225.74
4545.0	3267.0	225.11
4546.0	3265.6	225.11
4547.0	3258.1	224.7
4548.0	3256.7	224.7
4549.0	3249.3	224.28
4550.0	3244.9	224.08
4551.0	3243.4	224.08
4552.0	3242.0	224.08
4553.0	3240.6	224.08
4554.0	3233.2	223.67
4555.0	3231.8	223.67
4556.0	3230.4	223.67
4557.0	3229.0	223.67
4558.0	3227.5	223.67
4559.0	3220.2	223.25
4560.0	3218.8	223.25
4561.0	3211.4	222.84
4562.0	3207.1	222.64
4563.0	3205.7	222.64
4564.0	3204.3	222.64
4565.0	3197.0	222.23
4566.0	3195.6	222.23
4567.0	3194.2	222.23
4568.0	3198.7	222.64
4569.0	3197.3	222.64
4570.0	3195.9	222.64
4571.0	3194.5	222.64
4572.0	3193.1	222.64
4573.0	3194.6	222.84
4574.0	3199.1	223.25
4575.0	3203.6	223.67
4576.0	3202.2	223.67
4577.0	3200.8	223.67
4578.0	3205.3	224.08
4579.0	3203.9	224.08
4580.0	3202.5	224.08
4581.0	3201.1	224.08
4582.0	3193.8	223.67
4583.0	3192.4	223.67
4584.0	3185.2	223.25
4585.0	3175.0	222.64
4586.0	3167.8	222.23
4587.0	3160.5	221.82
4588.0	3156.3	221.61
4589.0	3149.1	221.21
4590.0	3141.9	220.8
4591.0	3140.6	220.8
4592.0	3139.2	220.8
4593.0	3137.8	220.8
4594.0	3130.7	220.39
4595.0	3129.3	220.39
4596.0	3128.0	220.39
4597.0	3126.6	220.39
4598.0	3125.2	220.39
4599.0	3123.9	220.39
4600.0	3122.5	220.39
4601.0	3118.3	220.19
4602.0	3116.9	220.19
4603.0	3115.6	220.19
4604.0	3108.5	219.79
4605.0	3107.1	219.79
4606.0	3105.8	219.79
4607.0	3098.7	219.38
4608.0	3097.4	219.38
4609.0	3096.0	219.38
4610.0	3094.7	219.38
4611.0	3093.4	219.38
4612.0	3092.0	219.38
4613.0	3096.4	219.79
4614.0	3095.0	219.79
4615.0	3093.7	219.79
4616.0	3092.4	219.79
4617.0	3091.0	219.79
4618.0	3089.7	219.79
4619.0	3088.3	219.79
4620.0	3095.6	220.39
4621.0	3094.2	220.39
4622.0	3090.0	220.19
4623.0	3083.0	219.79
4624.0	3076.0	219.38
4625.0	3074.7	219.38
4626.0	3064.8	218.78
4627.0	3063.5	218.78
4628.0	3056.6	218.37
4629.0	3055.2	218.37
4630.0	3053.9	218.37
4631.0	3047.0	217.97
4632.0	3045.7	217.97
4633.0	3036.0	217.37
4634.0	3029.1	216.97
4635.0	3022.2	216.57
4636.0	3018.1	216.37
4637.0	3011.2	215.97
4638.0	2998.9	215.18
4639.0	2997.6	215.18
4640.0	2996.3	215.18
4641.0	2995.0	215.18
4642.0	2993.7	215.18
4643.0	2992.4	215.18
4644.0	2988.4	214.98
4645.0	2987.1	214.98
4646.0	2985.8	214.98
4647.0	2984.5	214.98
4648.0	2986.0	215.18
4649.0	2990.2	215.58
4650.0	2994.4	215.97
4651.0	2993.1	215.97
4652.0	2997.4	216.37
4653.0	2998.8	216.57
4654.0	3003.1	216.97
4655.0	3001.8	216.97
4656.0	3000.5	216.97
4657.0	2993.7	216.57
4658.0	2992.4	216.57
4659.0	2991.1	216.57
4660.0	2989.8	216.57
4661.0	2988.6	216.57
4662.0	2992.8	216.97
4663.0	2983.2	216.37
4664.0	2976.5	215.97
4665.0	2975.2	215.97
4666.0	2968.5	215.58
4667.0	2967.2	215.58
4668.0	2965.9	215.58
4669.0	2959.2	215.18
4670.0	2957.9	215.18
4671.0	2956.7	215.18
4672.0	2955.4	215.18
4673.0	2959.6	215.58
4674.0	2963.8	215.97
4675.0	2968.0	216.37
4676.0	2969.4	216.57
4677.0	2968.1	216.57
4678.0	2964.1	216.37
4679.0	2952.0	215.58
4680.0	2956.2	215.97
4681.0	2954.9	215.97
4682.0	2953.6	215.97
4683.0	2952.4	215.97
4684.0	2951.1	215.97
4685.0	2955.3	216.37
4686.0	2956.8	216.57
4687.0	2960.9	216.97
4688.0	2959.7	216.97
4689.0	2958.4	216.97
4690.0	2957.2	216.97
4691.0	2950.5	216.57
4692.0	2941.1	215.97
4693.0	2939.8	215.97
4694.0	2938.5	215.97
4695.0	2931.9	215.58
4696.0	2917.2	214.58
4697.0	2910.6	214.19
4698.0	2909.3	214.19
4699.0	2908.1	214.19
4700.0	2920.3	215.18
4702.0	2904.4	214.19
4704.0	2896.6	213.8
4706.0	2894.1	213.8
4708.0	2889.0	213.6
4710.0	2886.5	213.6
4712.0	2884.1	213.6
4714.0	2881.7	213.6
4716.0	2879.2	213.6
4718.0	2876.8	213.6
4720.0	2874.3	213.6
4722.0	2866.6	213.21
4724.0	2869.5	213.6
4726.0	2867.0	213.6
4728.0	2864.6	213.6
4730.0	2864.8	213.8
4732.0	2862.4	213.8
4734.0	2860.0	213.8
4736.0	2857.6	213.8
4738.0	2855.2	213.8
4740.0	2850.1	213.6
4742.0	2842.5	213.21
4744.0	2834.9	212.81
4746.0	2827.3	212.42
4748.0	2822.3	212.23
4750.0	2814.7	211.84
4752.0	2812.3	211.84
4754.0	2810.0	211.84
4756.0	2807.6	211.84
4758.0	2810.4	212.23
4760.0	2808.1	212.23
4762.0	2805.7	212.23
4764.0	2803.3	212.23
4766.0	2801.0	212.23
4768.0	2798.6	212.23
4770.0	2796.3	212.23
4772.0	2788.8	211.84
4774.0	2786.5	211.84
4776.0	2784.1	211.84
4778.0	2781.8	211.84
4780.0	2779.5	211.84
4782.0	2777.2	211.84
4784.0	2769.7	211.45
4786.0	2767.4	211.45
4788.0	2765.1	211.45
4790.0	2757.7	211.06
4792.0	2752.9	210.86
4794.0	2750.6	210.86
4796.0	2748.3	210.86
4798.0	2746.0	210.86
4800.0	2743.7	210.86
4802.0	2736.4	210.47
4804.0	2734.1	210.47
4806.0	2731.8	210.47
4808.0	2724.5	210.09
4810.0	2722.3	210.09
4812.0	2717.5	209.89
4814.0	2710.2	209.51
4816.0	2708.0	209.51
4818.0	2700.8	209.12
4820.0	2698.5	209.12
4822.0	2696.3	209.12
4824.0	2694.0	209.12
4826.0	2691.8	209.12
4828.0	2694.5	209.51
4830.0	2692.3	209.51
4832.0	2695.1	209.89
4834.0	2695.3	210.09
4836.0	2698.0	210.47
4838.0	2690.8	210.09
4840.0	2681.2	209.51
4842.0	2674.1	209.12
4844.0	2659.6	208.16
4846.0	2640.3	206.82
4848.0	2621.2	205.49
4850.0	2597.4	203.8
4852.0	2578.6	202.49
4854.0	2557.5	201.0
4856.0	2539.0	199.71
4858.0	2520.6	198.43
4860.0	2507.0	197.51
4862.0	2500.3	197.15
4864.0	2498.2	197.15
4866.0	2500.8	197.51
4868.0	2510.3	198.43
4870.0	2524.4	199.71
4872.0	2538.7	201.0
4874.0	2555.3	202.49
4876.0	2574.5	204.17
4878.0	2589.0	205.49
4880.0	2603.6	206.82
4882.0	2613.5	207.78
4884.0	2623.4	208.74
4886.0	2626.1	209.12
4888.0	2628.8	209.51
4890.0	2626.6	209.51
4892.0	2624.5	209.51
4894.0	2617.5	209.12
4896.0	2610.6	208.74
4898.0	2601.3	208.16
4900.0	2594.3	207.78
4902.0	2585.1	207.21
4904.0	2578.2	206.82
4906.0	2566.6	206.06
4908.0	2557.5	205.49
4910.0	2546.0	204.74
4912.0	2536.9	204.17
4914.0	2523.2	203.24
4916.0	2516.5	202.86
4918.0	2507.5	202.3
4920.0	2496.3	201.56
4922.0	2494.2	201.56
4924.0	2487.6	201.19
4926.0	2483.3	201.0
4928.0	2483.6	201.19
4930.0	2486.1	201.56
4932.0	2484.1	201.56
4934.0	2482.1	201.56
4936.0	2484.7	201.93
4938.0	2482.7	201.93
4940.0	2480.7	201.93
4942.0	2478.7	201.93
4944.0	2481.2	202.3
4946.0	2479.2	202.3
4948.0	2477.2	202.3
4950.0	2475.2	202.3
4952.0	2473.2	202.3
4954.0	2471.2	202.3
4956.0	2469.2	202.3
4958.0	2462.7	201.93
4960.0	2460.7	201.93
4962.0	2458.7	201.93
4964.0	2456.7	201.93
4966.0	2450.2	201.56
4968.0	2448.3	201.56
4970.0	2446.3	201.56
4972.0	2444.3	201.56
4974.0	2437.9	201.19
4976.0	2435.9	201.19
4978.0	2431.7	201.0
4980.0	2429.8	201.0
4982.0	2427.8	201.0
4984.0	2425.9	201.0
4986.0	2419.4	200.63
4988.0	2417.5	200.63
4990.0	2411.1	200.26
4992.0	2409.2	200.26
4994.0	2400.6	199.71
4996.0	2398.7	199.71
4998.0	2392.4	199.34
5000.0	2386.1	198.98
5002.0	2377.6	198.43
5004.0	2375.7	198.43
5006.0	2369.4	198.06
5008.0	2367.5	198.06
5010.0	2361.3	197.7
5012.0	2359.4	197.7
5014.0	2357.5	197.7
5016.0	2355.6	197.7
5018.0	2353.7	197.7
5020.0	2351.9	197.7
5022.0	2350.0	197.7
5024.0	2348.1	197.7
5026.0	2346.3	197.7
5028.0	2344.4	197.7
5030.0	2342.5	197.7
5032.0	2338.5	197.51
5034.0	2336.6	197.51
5036.0	2330.5	197.15
5038.0	2328.7	197.15
5040.0	2322.5	196.79
5042.0	2320.7	196.79
5044.0	2318.8	196.79
5046.0	2312.7	196.43
5048.0	2310.9	196.43
5050.0	2309.1	196.43
5052.0	2307.2	196.43
5054.0	2305.4	196.43
5056.0	2303.6	196.43
5058.0	2301.8	196.43
5060.0	2300.0	196.43
5062.0	2298.1	196.43
5064.0	2296.3	196.43
5066.0	2294.5	196.43
5068.0	2292.7	196.43
5070.0	2290.9	196.43
5072.0	2289.1	196.43
5074.0	2287.3	196.43
5076.0	2285.5	196.43
5078.0	2283.7	196.43
5080.0	2279.8	196.25
5082.0	2278.0	196.25
5084.0	2276.2	196.25
5086.0	2274.4	196.25
5088.0	2268.4	195.88
5090.0	2266.7	195.88
5092.0	2264.9	195.88
5094.0	2263.1	195.88
5096.0	2257.2	195.52
5098.0	2255.4	195.52
5100.0	2253.6	195.52
5102.0	2251.9	195.52
5104.0	2245.9	195.16
5106.0	2242.1	194.98
5108.0	2240.4	194.98
5110.0	2238.6	194.98
5112.0	2236.9	194.98
5114.0	2235.1	194.98
5116.0	2229.3	194.63
5118.0	2227.5	194.63
5120.0	2225.8	194.63
5122.0	2224.0	194.63
5124.0	2222.3	194.63
5126.0	2220.6	194.63
5128.0	2218.8	194.63
5130.0	2217.1	194.63
5132.0	2211.3	194.27
5134.0	2209.6	194.27
5136.0	2207.9	194.27
5138.0	2206.1	194.27
5140.0	2204.4	194.27
5142.0	2202.7	194.27
5144.0	2201.0	194.27
5146.0	2199.3	194.27
5148.0	2197.6	194.27
5150.0	2193.8	194.09
5152.0	2192.1	194.09
5154.0	2190.4	194.09
5156.0	2188.7	194.09
5158.0	2185.0	193.91
5160.0	2183.3	193.91
5162.0	2181.6	193.91
5164.0	2178.0	193.73
5166.0	2176.3	193.73
5168.0	2174.6	193.73
5170.0	2170.9	193.55
5172.0	2169.2	193.55
5174.0	2167.5	193.55
5176.0	2163.9	193.37
5178.0	2162.2	193.37
5180.0	2158.5	193.2
5182.0	2156.9	193.2
5184.0	2153.2	193.02
5186.0	2151.6	193.02
5188.0	2147.9	192.84
5190.0	2146.3	192.84
5192.0	2142.6	192.66
5194.0	2141.0	192.66
5196.0	2137.4	192.49
5198.0	2135.7	192.49
5200.0	2132.1	192.31
5202.0	2130.5	192.31
5204.0	2126.9	192.13
5206.0	2123.3	191.95
5208.0	2121.7	191.95
5210.0	2118.1	191.78
5212.0	2120.4	192.13
5214.0	2114.8	191.78
5216.0	2111.3	191.6
5218.0	2105.8	191.25
5220.0	2104.2	191.25
5222.0	2098.7	190.9
5224.0	2097.1	190.9
5226.0	2091.6	190.55
5228.0	2090.0	190.55
5230.0	2088.4	190.55
5232.0	2084.9	190.37
5234.0	2083.3	190.37
5236.0	2077.9	190.02
5238.0	2076.3	190.02
5240.0	2070.9	189.67
5242.0	2069.3	189.67
5244.0	2063.9	189.32
5246.0	2060.5	189.15
5248.0	2058.9	189.15
5250.0	2057.3	189.15
5252.0	2055.8	189.15
5254.0	2054.2	189.15
5256.0	2052.6	189.15
5258.0	2051.1	189.15
5260.0	2049.5	189.15
5262.0	2049.8	189.32
5264.0	2048.3	189.32
5266.0	2044.8	189.15
5268.0	2043.3	189.15
5270.0	2041.7	189.15
5272.0	2036.4	188.8
5274.0	2031.1	188.45
5276.0	2025.9	188.11
5278.0	2022.5	187.93
5280.0	2017.2	187.59
5282.0	2012.0	187.24
5284.0	2010.5	187.24
5286.0	2003.4	186.72
5288.0	2001.9	186.72
5290.0	1996.7	186.38
5292.0	1995.2	186.38
5294.0	1990.0	186.04
5296.0	1988.5	186.04
5298.0	1987.0	186.04
5300.0	1983.7	185.87
5302.0	1978.5	185.52
5304.0	1977.0	185.52
5306.0	1975.5	185.52
5308.0	1974.0	185.52
5310.0	1972.6	185.52
5312.0	1971.1	185.52
5314.0	1969.6	185.52
5316.0	1968.1	185.52
5318.0	1966.6	185.52
5320.0	1965.2	185.52
5322.0	1960.1	185.18
5324.0	1958.6	185.18
5326.0	1957.1	185.18
5328.0	1955.7	185.18
5330.0	1950.6	184.84
5332.0	1947.3	184.67
5334.0	1945.9	184.67
5336.0	1944.4	184.67
5338.0	1939.4	184.33
5340.0	1937.9	184.33
5342.0	1932.9	183.99
5344.0	1931.5	183.99
5346.0	1930.0	183.99
5348.0	1925.0	183.65
5350.0	1921.8	183.48
5352.0	1920.4	183.48
5354.0	1918.9	183.48
5356.0	1914.0	183.15
5358.0	1912.6	183.15
5360.0	1911.1	183.15
5362.0	1909.7	183.15
5364.0	1908.3	183.15
5366.0	1906.9	183.15
5368.0	1901.9	182.81
5370.0	1900.5	182.81
5372.0	1899.1	182.81
5374.0	1897.7	182.81
5376.0	1896.3	182.81
5378.0	1891.4	182.47
5380.0	1890.0	182.47
5382.0	1886.8	182.31
5384.0	1885.4	182.31
5386.0	1884.0	182.31
5388.0	1882.6	182.31
5390.0	1881.2	182.31
5392.0	1876.4	181.97
5394.0	1875.0	181.97
5396.0	1873.6	181.97
5398.0	1872.2	181.97
5400.0	1870.8	181.97
5402.0	1869.4	181.97
5404.0	1868.1	181.97
5406.0	1863.2	181.63
5408.0	1861.9	181.63
5410.0	1860.5	181.63
5412.0	1857.4	181.47
5414.0	1856.0	181.47
5416.0	1851.2	181.13
5418.0	1849.9	181.13
5420.0	1848.5	181.13
5422.0	1847.1	181.13
5424.0	1842.4	180.8
5426.0	1841.0	180.8
5428.0	1839.7	180.8
5430.0	1834.9	180.47
5432.0	1833.6	180.47
5434.0	1830.5	180.3
5436.0	1829.2	180.3
5438.0	1824.5	179.97
5440.0	1823.1	179.97
5442.0	1821.8	179.97
5444.0	1817.1	179.64
5446.0	1815.8	179.64
5448.0	1814.5	179.64
5450.0	1813.1	179.64
5452.0	1808.5	179.31
5454.0	1807.1	179.31
5456.0	1804.1	179.14
5458.0	1802.8	179.14
5460.0	1798.2	178.81
5462.0	1796.9	178.81
5464.0	1792.2	178.48
5466.0	1790.9	178.48
5468.0	1789.6	178.48
5470.0	1785.0	178.16
5472.0	1783.7	178.16
5474.0	1782.4	178.16
5476.0	1779.5	177.99
5478.0	1778.2	177.99
5480.0	1776.9	177.99
5482.0	1775.6	177.99
5484.0	1771.0	177.66
5486.0	1769.7	177.66
5488.0	1768.4	177.66
5490.0	1767.2	177.66
5492.0	1762.6	177.34
5494.0	1761.3	177.34
5496.0	1760.1	177.34
5498.0	1755.5	177.01
5500.0	1752.6	176.85
5502.0	1751.4	176.85
5504.0	1750.1	176.85
5506.0	1745.6	176.52
5508.0	1744.3	176.52
5510.0	1743.1	176.52
5512.0	1741.8	176.52
5514.0	1740.6	176.52
5516.0	1736.1	176.2
5518.0	1734.8	176.2
5520.0	1733.6	176.2
5522.0	1732.3	176.2
5524.0	1729.5	176.04
5526.0	1728.2	176.04
5528.0	1723.8	175.71
5530.0	1722.5	175.71
5532.0	1721.3	175.71
5534.0	1716.9	175.39
5536.0	1715.6	175.39
5538.0	1714.4	175.39
5540.0	1710.0	175.07
5542.0	1708.8	175.07
5544.0	1707.6	175.07
5546.0	1704.8	174.9
5548.0	1703.5	174.9
5550.0	1699.2	174.58
5552.0	1697.9	174.58
5554.0	1696.7	174.58
5556.0	1695.5	174.58
5558.0	1694.3	174.58
5560.0	1693.1	174.58
5562.0	1691.8	174.58
5564.0	1690.6	174.58
5566.0	1689.4	174.58
5568.0	1688.2	174.58
5570.0	1687.0	174.58
5572.0	1685.8	174.58
5574.0	1684.6	174.58
5576.0	1683.3	174.58
5578.0	1682.1	174.58
5580.0	1680.9	174.58
5582.0	1679.7	174.58
5584.0	1678.5	174.58
5586.0	1677.3	174.58
5588.0	1676.1	174.58
5590.0	1674.9	174.58
5592.0	1670.7	174.26
5594.0	1669.5	174.26
5596.0	1665.2	173.94
5598.0	1662.5	173.78
5600.0	1661.3	173.78
5602.0	1657.0	173.46
5604.0	1655.9	173.46
5606.0	1651.6	173.14
5608.0	1650.5	173.14
5610.0	1649.3	173.14
5612.0	1645.1	172.82
5614.0	1642.4	172.66
5616.0	1641.2	172.66
5618.0	1637.0	172.35
5620.0	1635.9	172.35
5622.0	1634.7	172.35
5624.0	1630.5	172.03
5626.0	1629.4	172.03
5628.0	1626.7	171.87
5630.0	1622.6	171.55
5632.0	1618.4	171.24
5634.0	1617.3	171.24
5636.0	1613.2	170.92
5638.0	1612.0	170.92
5640.0	1610.9	170.92
5642.0	1608.3	170.77
5644.0	1607.1	170.77
5646.0	1606.0	170.77
5648.0	1604.8	170.77
5650.0	1600.8	170.45
5652.0	1599.6	170.45
5654.0	1598.5	170.45
5656.0	1597.4	170.45
5658.0	1593.3	170.14
5660.0	1592.2	170.14
5662.0	1588.1	169.82
5664.0	1585.5	169.67
5666.0	1581.5	169.36
5668.0	1580.4	169.36
5670.0	1576.4	169.04
5672.0	1572.3	168.73
5674.0	1569.8	168.58
5676.0	1568.7	168.58
5678.0	1567.6	168.58
5680.0	1563.6	168.27
5682.0	1562.5	168.27
5684.0	1561.4	168.27
5686.0	1560.3	168.27
5688.0	1559.2	168.27
5690.0	1558.1	168.27
5692.0	1557.0	168.27
5694.0	1555.9	168.27
5696.0	1557.7	168.58
5698.0	1553.7	168.27
5700.0	1552.6	168.27
5702.0	1551.6	168.27
5704.0	1550.5	168.27
5706.0	1549.4	168.27
5708.0	1548.3	168.27
5710.0	1544.4	167.96
5712.0	1543.3	167.96
5714.0	1542.2	167.96
5716.0	1541.1	167.96
5718.0	1537.2	167.65
5720.0	1536.1	167.65
5722.0	1533.6	167.49
5724.0	1532.6	167.49
5726.0	1528.7	167.19
5728.0	1527.6	167.19
5730.0	1526.6	167.19
5732.0	1522.7	166.88
5734.0	1521.6	166.88
5736.0	1520.6	166.88
5738.0	1519.5	166.88
5740.0	1517.0	166.72
5742.0	1516.0	166.72
5744.0	1512.1	166.42
5746.0	1511.1	166.42
5748.0	1510.0	166.42
5750.0	1509.0	166.42
5752.0	1507.9	166.42
5754.0	1506.9	166.42
5756.0	1505.8	166.42
5758.0	1504.8	166.42
5760.0	1503.8	166.42
5762.0	1502.7	166.42
5764.0	1498.9	166.11
5766.0	1497.9	166.11
5768.0	1496.8	166.11
5770.0	1495.8	166.11
5772.0	1492.0	165.81
5774.0	1491.0	165.81
5776.0	1489.9	165.81
5778.0	1487.5	165.65
5780.0	1486.5	165.65
5782.0	1482.7	165.35
5784.0	1481.7	165.35
5786.0	1480.7	165.35
5788.0	1479.7	165.35
5790.0	1478.6	165.35
5792.0	1477.6	165.35
5794.0	1473.9	165.04
5796.0	1472.9	165.04
5798.0	1471.9	165.04
5800.0	1470.8	165.04
5802.0	1467.1	164.74
5804.0	1466.1	164.74
5806.0	1463.8	164.59
5808.0	1462.7	164.59
5810.0	1461.7	164.59
5812.0	1460.7	164.59
5814.0	1457.0	164.29
5816.0	1456.0	164.29
5818.0	1455.0	164.29
5820.0	1451.4	163.98
5822.0	1450.4	163.98
5824.0	1449.4	163.98
5826.0	1445.7	163.68
5828.0	1444.7	163.68
5830.0	1442.4	163.53
5832.0	1441.4	163.53
5834.0	1440.4	163.53
5836.0	1436.8	163.23
5838.0	1435.8	163.23
5840.0	1434.8	163.23
5842.0	1431.2	162.93
5844.0	1430.2	162.93
5846.0	1429.2	162.93
5848.0	1428.3	162.93
5850.0	1427.3	162.93
5852.0	1426.3	162.93
5854.0	1422.7	162.63
5856.0	1420.4	162.48
5858.0	1416.8	162.18
5860.0	1413.3	161.88
5862.0	1408.4	161.44
5864.0	1404.9	161.14
5866.0	1400.0	160.69
5868.0	1393.9	160.1
5870.0	1389.1	159.66
5872.0	1385.6	159.37
5874.0	1382.1	159.07
5876.0	1378.7	158.78
5878.0	1376.5	158.64
5880.0	1376.8	158.78
5882.0	1378.4	159.07
5884.0	1377.4	159.07
5886.0	1381.6	159.66
5888.0	1381.9	159.81
5890.0	1383.5	160.1
5892.0	1385.1	160.4
5894.0	1386.8	160.69
5896.0	1387.1	160.84
5898.0	1388.7	161.14
5900.0	1387.8	161.14
5902.0	1386.8	161.14
5904.0	1388.4	161.44
5906.0	1387.5	161.44
5908.0	1386.6	161.44
5910.0	1383.1	161.14
5912.0	1382.1	161.14
5914.0	1381.2	161.14
5916.0	1377.7	160.84
5918.0	1376.8	160.84
5920.0	1375.9	160.84
5922.0	1373.7	160.69
5924.0	1370.2	160.4
5926.0	1369.3	160.4
5928.0	1365.9	160.1
5930.0	1364.9	160.1
5932.0	1361.5	159.81
5934.0	1359.3	159.66
5936.0	1358.4	159.66
5938.0	1355.0	159.37
5940.0	1354.1	159.37
5942.0	1350.7	159.07
5944.0	1349.8	159.07
5946.0	1348.9	159.07
5948.0	1348.0	159.07
5950.0	1347.1	159.07
5952.0	1346.2	159.07
5954.0	1347.7	159.37
5956.0	1346.8	159.37
5958.0	1345.9	159.37
5960.0	1342.5	159.07
5962.0	1341.6	159.07
5964.0	1340.7	159.07
5966.0	1339.8	159.07
5968.0	1336.5	158.78
5970.0	1335.6	158.78
5972.0	1333.5	158.64
5974.0	1332.6	158.64
5976.0	1331.7	158.64
5978.0	1330.8	158.64
5980.0	1329.9	158.64
5982.0	1326.6	158.34
5984.0	1325.7	158.34
5986.0	1324.8	158.34
5988.0	1321.5	158.05
5990.0	1320.6	158.05
5992.0	1319.7	158.05
5994.0	1318.8	158.05
5996.0	1317.9	158.05
5998.0	1317.1	158.05
6000.0	1316.2	158.05
6002.0	1315.3	158.05
6004.0	1314.4	158.05
6006.0	1313.6	158.05
6008.0	1312.7	158.05
6010.0	1311.8	158.05
6012.0	1308.5	157.76
6014.0	1306.5	157.62
6016.0	1305.6	157.62
6018.0	1304.7	157.62
6020.0	1301.5	157.33
6022.0	1300.6	157.33
6024.0	1297.3	157.04
6026.0	1296.5	157.04
6028.0	1295.6	157.04
6030.0	1293.6	156.89
6032.0	1292.7	156.89
6034.0	1291.8	156.89
6036.0	1288.6	156.6
6038.0	1287.8	156.6
6040.0	1286.9	156.6
6042.0	1286.1	156.6
6044.0	1285.2	156.6
6046.0	1284.4	156.6
6048.0	1281.1	156.31
6050.0	1280.3	156.31
6052.0	1279.4	156.31
6054.0	1278.6	156.31
6056.0	1275.4	156.03
6058.0	1274.6	156.03
6060.0	1273.7	156.03
6062.0	1272.9	156.03
6064.0	1270.9	155.88
6066.0	1270.0	155.88
6068.0	1266.9	155.6
6070.0	1266.0	155.6
6072.0	1265.2	155.6
6074.0	1264.4	155.6
6076.0	1263.5	155.6
6078.0	1260.4	155.31
6080.0	1259.5	155.31
6082.0	1258.7	155.31
6084.0	1257.9	155.31
6086.0	1257.1	155.31
6088.0	1256.2	155.31
6090.0	1253.1	155.02
6092.0	1252.3	155.02
6094.0	1250.3	154.88
6096.0	1249.5	154.88
6098.0	1248.7	154.88
6100.0	1245.5	154.6
6102.0	1244.7	154.6
6104.0	1243.9	154.6
6106.0	1243.1	154.6
6108.0	1242.3	154.6
6110.0	1241.5	154.6
6112.0	1238.4	154.31
6114.0	1237.6	154.31
6116.0	1236.8	154.31
6118.0	1236.0	154.31
6120.0	1235.1	154.31
6122.0	1234.3	154.31
6124.0	1233.5	154.31
6126.0	1230.5	154.03
6128.0	1229.7	154.03
6130.0	1227.7	153.89
6132.0	1226.9	153.89
6134.0	1226.1	153.89
6136.0	1225.3	153.89
6138.0	1224.5	153.89
6140.0	1221.5	153.6
6142.0	1220.7	153.6
6144.0	1217.6	153.32
6146.0	1216.8	153.32
6148.0	1216.1	153.32
6150.0	1215.3	153.32
6152.0	1213.4	153.18
6154.0	1212.6	153.18
6156.0	1211.8	153.18
6158.0	1208.8	152.9
6160.0	1208.0	152.9
6162.0	1207.2	152.9
6164.0	1206.4	152.9
6166.0	1205.6	152.9
6168.0	1204.8	152.9
6170.0	1201.8	152.62
6172.0	1201.1	152.62
6174.0	1198.1	152.34
6176.0	1197.3	152.34
6178.0	1195.4	152.19
6180.0	1192.5	151.91
6182.0	1191.7	151.91
6184.0	1190.9	151.91
6186.0	1188.0	151.64
6188.0	1187.2	151.64
6190.0	1186.4	151.64
6192.0	1183.5	151.36
6194.0	1182.7	151.36
6196.0	1181.9	151.36
6198.0	1181.2	151.36
6200.0	1180.4	151.36
6202.0	1178.6	151.22
6204.0	1177.8	151.22
6206.0	1177.1	151.22
6208.0	1174.1	150.94
6210.0	1173.4	150.94
6212.0	1172.6	150.94
6214.0	1171.9	150.94
6216.0	1171.1	150.94
6218.0	1168.2	150.66
6220.0	1167.5	150.66
6222.0	1166.7	150.66
6224.0	1163.8	150.38
6226.0	1163.1	150.38
6228.0	1161.2	150.24
6230.0	1160.5	150.24
6232.0	1159.8	150.24
6234.0	1159.0	150.24
6236.0	1158.3	150.24
6238.0	1155.4	149.97
6240.0	1154.7	149.97
6242.0	1153.9	149.97
6244.0	1153.2	149.97
6246.0	1152.4	149.97
6248.0	1151.7	149.97
6250.0	1151.0	149.97
6252.0	1148.1	149.69
6254.0	1147.4	149.69
6256.0	1146.6	149.69
6258.0	1143.8	149.42
6260.0	1142.0	149.28
6262.0	1141.3	149.28
6264.0	1138.5	149.0
6266.0	1135.6	148.73
6268.0	1134.9	148.73
6270.0	1131.1	148.32
6272.0	1130.3	148.32
6274.0	1127.5	148.05
6276.0	1124.7	147.77
6278.0	1124.0	147.77
6280.0	1123.3	147.77
6282.0	1122.6	147.77
6284.0	1121.9	147.77
6286.0	1121.2	147.77
6288.0	1122.5	148.05
6290.0	1121.8	148.05
6292.0	1121.1	148.05
6294.0	1122.5	148.32
6296.0	1121.7	148.32
6298.0	1121.0	148.32
6300.0	1118.2	148.05
6302.0	1117.5	148.05
6304.0	1116.8	148.05
6306.0	1114.1	147.77
6308.0	1113.4	147.77
6310.0	1111.6	147.64
6312.0	1110.9	147.64
6314.0	1108.2	147.37
6316.0	1107.5	147.37
6318.0	1106.8	147.37
6320.0	1104.0	147.1
6322.0	1103.3	147.1
6324.0	1102.6	147.1
6326.0	1101.9	147.1
6328.0	1101.3	147.1
6330.0	1100.6	147.1
6332.0	1099.9	147.1
6334.0	1099.2	147.1
6336.0	1098.5	147.1
6338.0	1097.8	147.1
6340.0	1097.1	147.1
6342.0	1096.4	147.1
6344.0	1095.7	147.1
6346.0	1093.0	146.82
6348.0	1092.3	146.82
6350.0	1090.6	146.69
6352.0	1089.9	146.69
6354.0	1087.2	146.42
6356.0	1086.6	146.42
6358.0	1085.9	146.42
6360.0	1083.2	146.15
6362.0	1082.5	146.15
6364.0	1079.8	145.88
6366.0	1079.2	145.88
6368.0	1078.5	145.88
6370.0	1076.8	145.75
6372.0	1076.1	145.75
6374.0	1075.5	145.75
6376.0	1074.8	145.75
6378.0	1072.1	145.48
6380.0	1071.5	145.48
6382.0	1070.8	145.48
6384.0	1070.1	145.48
6386.0	1069.5	145.48
6388.0	1068.8	145.48
6390.0	1066.1	145.21
6392.0	1065.5	145.21
6394.0	1064.8	145.21
6396.0	1062.2	144.94
6398.0	1060.5	144.81
6400.0	1059.9	144.81
6402.0	1059.2	144.81
6404.0	1058.6	144.81
6406.0	1057.9	144.81
6408.0	1057.2	144.81
6410.0	1056.6	144.81
6412.0	1055.9	144.81
6414.0	1055.3	144.81
6416.0	1054.6	144.81
6418.0	1054.0	144.81
6420.0	1051.4	144.54
6422.0	1050.7	144.54
6424.0	1050.0	144.54
6426.0	1049.4	144.54
6428.0	1048.7	144.54
6430.0	1048.1	144.54
6432.0	1047.4	144.54
6434.0	1046.8	144.54
6436.0	1046.1	144.54
6438.0	1045.5	144.54
6440.0	1042.9	144.28
6442.0	1042.3	144.28
6444.0	1041.6	144.28
6446.0	1040.0	144.15
6448.0	1039.4	144.15
6450.0	1036.8	143.88
6452.0	1036.2	143.88
6454.0	1035.5	143.88
6456.0	1033.0	143.61
6458.0	1032.3	143.61
6460.0	1029.8	143.35
6462.0	1029.2	143.35
6464.0	1028.5	143.35
6466.0	1027.0	143.22
6468.0	1026.3	143.22
6470.0	1023.8	142.95
6472.0	1023.2	142.95
6474.0	1022.5	142.95
6476.0	1021.9	142.95
6478.0	1019.4	142.69
6480.0	1018.8	142.69
6482.0	1018.1	142.69
6484.0	1017.5	142.69
6486.0	1016.9	142.69
6488.0	1016.2	142.69
6490.0	1015.6	142.69
6492.0	1015.0	142.69
6494.0	1014.4	142.69
6496.0	1010.9	142.3
6498.0	1010.3	142.3
6500.0	1007.8	142.04
6502.0	1005.4	141.77
6504.0	1002.0	141.38
6506.0	999.52	141.12
6508.0	997.07	140.86
6510.0	996.46	140.86
6512.0	993.1	140.48
6514.0	992.49	140.48
6516.0	990.05	140.22
6518.0	989.44	140.22
6520.0	988.84	140.22
6522.0	988.23	140.22
6524.0	987.62	140.22
6526.0	988.84	140.48
6528.0	988.24	140.48
6530.0	988.54	140.6
6532.0	989.76	140.86
6534.0	989.15	140.86
6536.0	990.36	141.12
6538.0	989.76	141.12
6540.0	989.15	141.12
6542.0	988.55	141.12
6544.0	987.95	141.12
6546.0	983.71	140.6
6548.0	982.21	140.48
6550.0	977.99	139.96
6552.0	974.71	139.57
6554.0	970.53	139.06
6556.0	965.48	138.42
6558.0	962.23	138.04
6560.0	959.87	137.78
6562.0	957.52	137.53
6564.0	956.94	137.53
6566.0	958.12	137.78
6568.0	957.53	137.78
6570.0	959.6	138.16
6572.0	962.56	138.68
6574.0	963.74	138.93
6576.0	964.05	139.06
6578.0	965.23	139.32
6580.0	964.65	139.32
6582.0	964.06	139.32
6584.0	963.47	139.32
6586.0	961.12	139.06
6588.0	959.65	138.93
6590.0	957.31	138.68
6592.0	954.96	138.42
6594.0	952.62	138.16
6596.0	951.17	138.04
6598.0	948.85	137.78
6600.0	946.53	137.53
6602.0	945.95	137.53
6604.0	943.64	137.28
6606.0	943.07	137.28
6608.0	942.5	137.28
6610.0	941.93	137.28
6612.0	943.09	137.53
6614.0	942.52	137.53
6616.0	941.95	137.53
6618.0	941.38	137.53
6620.0	940.81	137.53
6622.0	940.25	137.53
6624.0	939.68	137.53
6626.0	939.11	137.53
6628.0	938.54	137.53
6630.0	937.98	137.53
6632.0	935.69	137.28
6634.0	935.13	137.28
6636.0	933.7	137.15
6638.0	933.14	137.15
6640.0	932.57	137.15
6642.0	932.01	137.15
6644.0	931.45	137.15
6646.0	930.89	137.15
6648.0	930.33	137.15
6650.0	928.06	136.9
6652.0	927.51	136.9
6654.0	926.95	136.9
6656.0	924.68	136.65
6658.0	924.13	136.65
6660.0	921.03	136.27
6662.0	918.78	136.02
6664.0	916.54	135.77
6666.0	913.46	135.39
6668.0	909.55	134.9
6670.0	904.84	134.28
6672.0	901.8	133.91
6674.0	899.6	133.66
6676.0	897.41	133.41
6678.0	896.87	133.41
6680.0	896.33	133.41
6682.0	897.44	133.66
6684.0	896.91	133.66
6686.0	898.85	134.03
6688.0	901.63	134.52
6690.0	902.75	134.77
6692.0	903.04	134.9
6694.0	904.17	135.15
6696.0	905.29	135.39
6698.0	907.26	135.77
6700.0	906.72	135.77
6702.0	907.85	136.02
6704.0	907.3	136.02
6706.0	908.43	136.27
6708.0	907.89	136.27
6710.0	907.35	136.27
6712.0	906.81	136.27
6714.0	906.27	136.27
6716.0	904.07	136.02
6718.0	903.53	136.02
6720.0	902.99	136.02
6722.0	900.79	135.77
6724.0	900.25	135.77
6726.0	899.72	135.77
6728.0	898.36	135.64
6730.0	896.17	135.39
6732.0	895.64	135.39
6734.0	895.1	135.39
6736.0	892.93	135.15
6738.0	892.4	135.15
6740.0	891.87	135.15
6742.0	889.7	134.9
6744.0	889.17	134.9
6746.0	888.64	134.9
6748.0	887.3	134.77
6750.0	886.77	134.77
6752.0	884.62	134.52
6754.0	884.09	134.52
6756.0	883.57	134.52
6758.0	883.05	134.52
6760.0	880.9	134.28
6762.0	880.38	134.28
6764.0	879.86	134.28
6766.0	879.34	134.28
6768.0	877.2	134.03
6770.0	875.88	133.91
6772.0	875.36	133.91
6774.0	874.84	133.91
6776.0	872.72	133.66
6778.0	872.2	133.66
6780.0	871.69	133.66
6782.0	871.17	133.66
6784.0	870.66	133.66
6786.0	868.55	133.41
6788.0	868.04	133.41
6790.0	867.52	133.41
6792.0	867.01	133.41
6794.0	866.5	133.41
6796.0	865.99	133.41
6798.0	865.48	133.41
6800.0	864.97	133.41
6802.0	864.47	133.41
6804.0	863.96	133.41
6806.0	863.45	133.41
6808.0	861.35	133.17
6810.0	860.85	133.17
6812.0	859.55	133.05
6814.0	859.04	133.05
6816.0	858.54	133.05
6818.0	858.04	133.05
6820.0	857.53	133.05
6822.0	855.45	132.8
6824.0	854.95	132.8
6826.0	854.45	132.8
6828.0	852.38	132.56
6830.0	851.88	132.56
6832.0	851.38	132.56
6834.0	850.89	132.56
6836.0	850.39	132.56
6838.0	849.89	132.56
6840.0	849.39	132.56
6842.0	848.9	132.56
6844.0	849.96	132.8
6846.0	847.12	132.43
6848.0	845.85	132.31
6850.0	845.36	132.31
6852.0	844.86	132.31
6854.0	843.59	132.19
6856.0	843.1	132.19
6858.0	842.61	132.19
6860.0	842.12	132.19
6862.0	840.85	132.07
6864.0	840.36	132.07
6866.0	839.87	132.07
6868.0	838.61	131.95
6870.0	838.12	131.95
6872.0	837.63	131.95
6874.0	836.37	131.83
6876.0	835.89	131.83
6878.0	835.4	131.83
6880.0	834.15	131.7
6882.0	833.67	131.7
6884.0	833.18	131.7
6886.0	831.93	131.58
6888.0	831.45	131.58
6890.0	830.96	131.58
6892.0	829.72	131.46
6894.0	829.23	131.46
6896.0	827.99	131.34
6898.0	827.51	131.34
6900.0	827.03	131.34
6902.0	825.79	131.22
6904.0	825.31	131.22
6906.0	824.83	131.22
6908.0	823.6	131.1
6910.0	823.12	131.1
6912.0	822.65	131.1
6914.0	821.41	130.98
6916.0	820.94	130.98
6918.0	820.46	130.98
6920.0	819.24	130.86
6922.0	818.76	130.86
6924.0	817.54	130.74
6926.0	817.06	130.74
6928.0	816.59	130.74
6930.0	815.37	130.62
6932.0	814.9	130.62
6934.0	814.43	130.62
6936.0	813.21	130.5
6938.0	812.74	130.5
6940.0	811.52	130.38
6942.0	811.06	130.38
6944.0	810.59	130.38
6946.0	809.38	130.26
6948.0	808.91	130.26
6950.0	807.7	130.14
6952.0	805.75	129.9
6954.0	805.29	129.9
6956.0	804.83	129.9
6958.0	804.36	129.9
6960.0	803.9	129.9
6962.0	803.44	129.9
6964.0	802.98	129.9
6966.0	802.52	129.9
6968.0	802.06	129.9
6970.0	801.59	129.9
6972.0	799.66	129.66
6974.0	797.73	129.42
6976.0	797.27	129.42
6978.0	794.62	129.06
6980.0	792.7	128.83
6982.0	790.79	128.59
6984.0	790.34	128.59
6986.0	787.7	128.23
6988.0	787.25	128.23
6990.0	786.8	128.23
6992.0	786.35	128.23
6994.0	785.9	128.23
6996.0	785.46	128.23
6998.0	785.01	128.23
7000.0	784.56	128.23
7002.0	784.11	128.23
7004.0	783.66	128.23
7006.0	783.21	128.23
7008.0	782.77	128.23
7010.0	782.32	128.23
7012.0	781.87	128.23
7014.0	781.43	128.23
7016.0	780.98	128.23
7018.0	780.54	128.23
7020.0	780.09	128.23
7022.0	779.65	128.23
7024.0	779.21	128.23
7026.0	778.76	128.23
7028.0	778.32	128.23
7030.0	777.88	128.23
7032.0	777.43	128.23
7034.0	776.99	128.23
7036.0	776.55	128.23
7038.0	774.68	128.0
7040.0	772.81	127.76
7042.0	772.37	127.76
7044.0	771.23	127.64
7046.0	769.37	127.41
7048.0	767.52	127.17
7050.0	764.96	126.82
7052.0	763.13	126.59
7054.0	761.29	126.36
7056.0	760.86	126.36
7058.0	758.33	126.01
7060.0	757.9	126.01
7062.0	756.08	125.78
7064.0	755.65	125.78
7066.0	755.22	125.78
7068.0	754.79	125.78
7070.0	754.37	125.78
7072.0	753.94	125.78
7074.0	754.9	126.01
7076.0	754.47	126.01
7078.0	754.74	126.12
7080.0	754.32	126.12
7082.0	755.28	126.36
7084.0	754.85	126.36
7086.0	754.43	126.36
7088.0	755.39	126.59
7090.0	754.97	126.59
7092.0	754.54	126.59
7094.0	754.12	126.59
7096.0	753.69	126.59
7098.0	753.27	126.59
7100.0	752.84	126.59
7102.0	752.42	126.59
7104.0	750.61	126.36
7106.0	750.19	126.36
7108.0	749.76	126.36
7110.0	747.97	126.12
7112.0	747.54	126.12
7114.0	746.44	126.01
7116.0	746.02	126.01
7118.0	744.23	125.78
7120.0	742.44	125.55
7122.0	742.02	125.55
7124.0	741.61	125.55
7126.0	739.82	125.31
7128.0	739.41	125.31
7130.0	738.31	125.2
7132.0	737.9	125.2
7134.0	737.49	125.2
7136.0	737.07	125.2
7138.0	737.34	125.31
7140.0	736.93	125.31
7142.0	736.51	125.31
7144.0	736.1	125.31
7146.0	735.69	125.31
7148.0	735.28	125.31
7150.0	734.19	125.2
7152.0	733.78	125.2
7154.0	732.02	124.97
7156.0	730.26	124.74
7158.0	727.84	124.39
7160.0	726.1	124.17
7162.0	724.36	123.94
7164.0	723.28	123.82
7166.0	721.55	123.59
7168.0	719.82	123.37
7170.0	719.42	123.37
7172.0	717.69	123.14
7174.0	717.29	123.14
7176.0	716.23	123.03
7178.0	716.49	123.14
7180.0	716.1	123.14
7182.0	715.7	123.14
7184.0	716.62	123.37
7186.0	716.22	123.37
7188.0	717.14	123.59
7190.0	716.74	123.59
7192.0	718.33	123.94
7194.0	719.25	124.17
7196.0	720.18	124.39
7198.0	721.76	124.74
7200.0	722.7	124.97
7202.0	723.62	125.2
7204.0	723.89	125.31
7206.0	724.83	125.55
7208.0	724.42	125.55
7210.0	724.02	125.55
7212.0	723.62	125.55
7214.0	721.22	125.2
7216.0	719.5	124.97
7218.0	717.11	124.62
7220.0	714.08	124.17
7222.0	712.37	123.94
7224.0	708.7	123.37
7226.0	706.35	123.03
7228.0	704.67	122.8
7230.0	701.69	122.35
7232.0	700.65	122.24
7234.0	698.98	122.01
7236.0	698.59	122.01
7238.0	698.2	122.01
7240.0	697.82	122.01
7242.0	698.72	122.24
7244.0	698.33	122.24
7246.0	698.59	122.35
7248.0	699.5	122.57
7250.0	699.11	122.57
7252.0	698.72	122.57
7254.0	698.34	122.57
7256.0	697.95	122.57
7258.0	697.57	122.57
7260.0	697.18	122.57
7262.0	695.52	122.35
7264.0	694.49	122.24
7266.0	694.11	122.24
7268.0	692.45	122.01
7270.0	690.8	121.79
7272.0	688.51	121.45
7274.0	688.13	121.45
7276.0	686.49	121.23
7278.0	684.85	121.0
7280.0	684.48	121.0
7282.0	683.47	120.89
7284.0	681.83	120.67
7286.0	681.46	120.67
7288.0	681.09	120.67
7290.0	680.71	120.67
7292.0	679.09	120.45
7294.0	678.72	120.45
7296.0	678.34	120.45
7298.0	677.97	120.45
7300.0	677.6	120.45
7302.0	678.48	120.67
7304.0	678.11	120.67
7306.0	678.99	120.89
7308.0	679.24	121.0
7310.0	680.12	121.23
7312.0	681.0	121.45
7314.0	681.88	121.67
7316.0	682.14	121.79
7318.0	681.77	121.79
7320.0	682.65	122.01
7322.0	682.28	122.01
7324.0	681.9	122.01
7326.0	681.53	122.01
7328.0	679.91	121.79
7330.0	679.54	121.79
7332.0	677.29	121.45
7334.0	676.92	121.45
7336.0	675.31	121.23
7338.0	673.7	121.0
7340.0	671.47	120.67
7342.0	669.87	120.45
7344.0	668.28	120.23
7346.0	667.91	120.23
7348.0	666.93	120.12
7350.0	665.34	119.89
7352.0	663.76	119.67
7354.0	663.4	119.67
7356.0	663.03	119.67
7358.0	662.67	119.67
7360.0	662.31	119.67
7362.0	661.95	119.67
7364.0	661.59	119.67
7366.0	661.24	119.67
7368.0	660.88	119.67
7370.0	661.74	119.89
7372.0	661.38	119.89
7374.0	661.02	119.89
7376.0	660.66	119.89
7378.0	660.3	119.89
7380.0	658.73	119.67
7382.0	658.37	119.67
7384.0	658.02	119.67
7386.0	657.66	119.67
7388.0	656.1	119.45
7390.0	655.74	119.45
7392.0	655.39	119.45
7394.0	655.03	119.45
7396.0	654.68	119.45
7398.0	653.72	119.34
7400.0	653.37	119.34
7402.0	653.01	119.34
7404.0	652.66	119.34
7406.0	652.31	119.34
7408.0	650.75	119.12
7410.0	650.4	119.12
7412.0	648.86	118.9
7414.0	648.51	118.9
7416.0	646.97	118.69
7418.0	646.02	118.58
7420.0	645.67	118.58
7422.0	645.32	118.58
7424.0	643.79	118.36
7426.0	643.44	118.36
7428.0	643.1	118.36
7430.0	642.75	118.36
7432.0	642.4	118.36
7434.0	642.06	118.36
7436.0	642.9	118.58
7438.0	642.55	118.58
7440.0	642.21	118.58
7442.0	641.86	118.58
7444.0	641.52	118.58
7446.0	639.99	118.36
7448.0	639.65	118.36
7450.0	639.3	118.36
7452.0	638.96	118.36
7454.0	637.44	118.14
7456.0	637.1	118.14
7458.0	636.76	118.14
7460.0	635.83	118.03
7462.0	634.32	117.81
7464.0	633.98	117.81
7466.0	633.64	117.81
7468.0	632.14	117.6
7470.0	631.8	117.6
7472.0	630.3	117.38
7474.0	629.96	117.38
7476.0	629.62	117.38
7478.0	629.29	117.38
7480.0	628.95	117.38
7482.0	628.04	117.27
7484.0	627.7	117.27
7486.0	627.37	117.27
7488.0	625.88	117.06
7490.0	625.54	117.06
7492.0	625.21	117.06
7494.0	624.87	117.06
7496.0	623.39	116.84
7498.0	623.06	116.84
7500.0	622.73	116.84
7502.0	622.39	116.84
7504.0	622.06	116.84
7506.0	621.73	116.84
7508.0	621.4	116.84
7510.0	621.07	116.84
7512.0	619.6	116.63
7514.0	619.27	116.63
7516.0	618.37	116.52
7518.0	618.04	116.52
7520.0	617.71	116.52
7522.0	616.25	116.31
7524.0	615.92	116.31
7526.0	614.46	116.09
7528.0	614.13	116.09
7530.0	612.68	115.88
7532.0	612.35	115.88
7534.0	611.46	115.77
7536.0	611.14	115.77
7538.0	610.81	115.77
7540.0	609.37	115.56
7542.0	609.04	115.56
7544.0	608.72	115.56
7546.0	608.4	115.56
7548.0	608.07	115.56
7550.0	607.19	115.45
7552.0	606.31	115.34
7554.0	605.99	115.34
7556.0	605.67	115.34
7558.0	604.79	115.24
7560.0	604.47	115.24
7562.0	603.6	115.13
7564.0	603.28	115.13
7566.0	602.41	115.03
7568.0	602.09	115.03
7570.0	601.21	114.92
7572.0	600.9	114.92
7574.0	600.58	114.92
7576.0	599.71	114.82
7578.0	599.39	114.82
7580.0	598.53	114.71
7582.0	598.21	114.71
7584.0	597.34	114.6
7586.0	597.03	114.6
7588.0	596.71	114.6
7590.0	595.85	114.5
7592.0	595.54	114.5
7594.0	594.67	114.39
7596.0	594.36	114.39
7598.0	594.05	114.39
7600.0	593.19	114.29
7602.0	592.88	114.29
7604.0	592.02	114.18
7606.0	591.71	114.18
7608.0	591.4	114.18
7610.0	590.54	114.08
7612.0	590.23	114.08
7614.0	589.38	113.97
7616.0	589.07	113.97
7618.0	588.76	113.97
7620.0	587.91	113.87
7622.0	587.6	113.87
7624.0	587.29	113.87
7626.0	586.44	113.76
7628.0	586.14	113.76
7630.0	585.83	113.76
7632.0	584.98	113.66
7634.0	584.68	113.66
7636.0	583.83	113.55
7638.0	583.53	113.55
7640.0	583.22	113.55
7642.0	582.38	113.45
7644.0	582.08	113.45
7646.0	581.77	113.45
7648.0	580.93	113.34
7650.0	580.63	113.34
7652.0	580.32	113.34
7654.0	579.49	113.24
7656.0	579.19	113.24
7658.0	578.88	113.24
7660.0	578.05	113.14
7662.0	577.74	113.14
7664.0	577.44	113.14
7666.0	577.14	113.14
7668.0	576.31	113.03
7670.0	576.01	113.03
7672.0	575.71	113.03
7674.0	574.88	112.93
7676.0	574.58	112.93
7678.0	574.28	112.93
7680.0	573.98	112.93
7682.0	573.16	112.82
7684.0	572.86	112.82
7686.0	572.56	112.82
7688.0	571.73	112.72
7690.0	571.44	112.72
7692.0	571.67	112.82
7694.0	571.37	112.82
7696.0	570.02	112.62
7698.0	569.72	112.62
7700.0	569.43	112.62
7702.0	568.08	112.41
7704.0	567.79	112.41
7706.0	567.49	112.41
7708.0	567.2	112.41
7710.0	566.91	112.41
7712.0	566.61	112.41
7714.0	566.32	112.41
7716.0	565.51	112.31
7718.0	565.21	112.31
7720.0	563.88	112.1
7722.0	563.59	112.1
7724.0	562.26	111.89
7726.0	561.97	111.89
7728.0	561.68	111.89
7730.0	560.35	111.69
7732.0	559.55	111.58
7734.0	559.26	111.58
7736.0	558.97	111.58
7738.0	557.65	111.38
7740.0	557.36	111.38
7742.0	557.08	111.38
7744.0	556.79	111.38
7746.0	556.5	111.38
7748.0	556.21	111.38
7750.0	554.9	111.17
7752.0	554.62	111.17
7754.0	554.33	111.17
7756.0	552.52	110.87
7758.0	552.23	110.87
7760.0	550.93	110.66
7762.0	549.63	110.46
7764.0	548.84	110.36
7766.0	547.55	110.15
7768.0	546.26	109.95
7770.0	545.98	109.95
7772.0	544.19	109.65
7774.0	543.91	109.65
7776.0	543.63	109.65
7778.0	543.86	109.75
7780.0	543.58	109.75
7782.0	544.3	109.95
7784.0	544.02	109.95
7786.0	543.74	109.95
7788.0	543.46	109.95
7790.0	543.18	109.95
7792.0	542.9	109.95
7794.0	542.63	109.95
7796.0	541.35	109.75
7798.0	541.07	109.75
7800.0	540.79	109.75
7802.0	540.52	109.75
7804.0	540.24	109.75
7806.0	539.96	109.75
7808.0	539.69	109.75
7810.0	539.41	109.75
7812.0	538.64	109.65
7814.0	538.36	109.65
7816.0	538.09	109.65
7818.0	537.81	109.65
7820.0	537.54	109.65
7822.0	537.26	109.65
7824.0	536.99	109.65
7826.0	536.71	109.65
7828.0	536.44	109.65
7830.0	535.18	109.45
7832.0	534.9	109.45
7834.0	534.63	109.45
7836.0	534.36	109.45
7838.0	534.09	109.45
7840.0	533.81	109.45
7842.0	533.54	109.45
7844.0	533.27	109.45
7846.0	533.0	109.45
7848.0	532.72	109.45
7850.0	532.45	109.45
7852.0	532.18	109.45
7854.0	530.93	109.24
7856.0	530.66	109.24
7858.0	530.39	109.24
7860.0	529.15	109.04
7862.0	528.39	108.94
7864.0	528.12	108.94
7866.0	527.85	108.94
7868.0	526.61	108.74
7870.0	526.35	108.74
7872.0	526.08	108.74
7874.0	524.84	108.54
7876.0	524.58	108.54
7878.0	524.31	108.54
7880.0	524.05	108.54
7882.0	523.78	108.54
7884.0	523.51	108.54
7886.0	523.25	108.54
7888.0	522.98	108.54
7890.0	522.24	108.44
7892.0	521.97	108.44
7894.0	520.75	108.24
7896.0	520.48	108.24
7898.0	520.22	108.24
7900.0	519.96	108.24
7902.0	519.69	108.24
7904.0	519.43	108.24
7906.0	518.21	108.04
7908.0	517.95	108.04
7910.0	517.69	108.04
7912.0	517.43	108.04
7914.0	517.16	108.04
7916.0	516.9	108.04
7918.0	515.69	107.85
7920.0	515.43	107.85
7922.0	515.17	107.85
7924.0	514.91	107.85
7926.0	515.6	108.04
7928.0	515.34	108.04
7930.0	515.08	108.04
7932.0	514.82	108.04
7934.0	514.56	108.04
7936.0	513.35	107.85
7938.0	513.1	107.85
7940.0	512.37	107.75
7942.0	511.16	107.55
7944.0	509.97	107.35
7946.0	509.71	107.35
7948.0	508.52	107.15
7950.0	508.26	107.15
7952.0	507.54	107.05
7954.0	506.35	106.86
7956.0	506.09	106.86
7958.0	505.84	106.86
7960.0	505.58	106.86
7962.0	505.33	106.86
7964.0	505.08	106.86
7966.0	504.82	106.86
7968.0	504.57	106.86
7970.0	504.32	106.86
7972.0	504.06	106.86
7974.0	503.81	106.86
7976.0	504.49	107.05
7978.0	504.23	107.05
7980.0	503.98	107.05
7982.0	502.8	106.86
7984.0	502.55	106.86
7986.0	502.3	106.86
7988.0	502.05	106.86
7990.0	501.79	106.86
7992.0	500.62	106.66
7994.0	501.29	106.86
7996.0	501.04	106.86
7998.0	500.79	106.86
8000.0	500.54	106.86
8002.0	500.29	106.86
8004.0	500.04	106.86
8006.0	499.79	106.86
8008.0	499.54	106.86
8010.0	499.29	106.86
8012.0	498.13	106.66
8014.0	497.88	106.66
8016.0	497.63	106.66
8018.0	497.38	106.66
8020.0	497.13	106.66
8022.0	496.88	106.66
8024.0	495.72	106.46
8026.0	495.02	106.37
8028.0	494.77	106.37
8030.0	494.53	106.37
8032.0	494.28	106.37
8034.0	494.03	106.37
8036.0	493.79	106.37
8038.0	493.54	106.37
8040.0	493.3	106.37
8042.0	493.05	106.37
8044.0	492.81	106.37
8046.0	492.56	106.37
8048.0	491.41	106.17
8050.0	491.17	106.17
8052.0	490.92	106.17
8054.0	489.78	105.97
8056.0	489.53	105.97
8058.0	489.29	105.97
8060.0	488.15	105.78
8062.0	487.45	105.68
8064.0	487.21	105.68
8066.0	486.97	105.68
8068.0	486.73	105.68
8070.0	485.59	105.49
8072.0	485.35	105.49
8074.0	485.11	105.49
8076.0	483.98	105.29
8078.0	483.74	105.29
8080.0	483.06	105.2
8082.0	482.82	105.2
8084.0	482.58	105.2
8086.0	482.34	105.2
8088.0	481.21	105.0
8090.0	480.98	105.0
8092.0	481.62	105.2
8094.0	481.39	105.2
8096.0	481.15	105.2
8098.0	480.03	105.0
8100.0	479.79	105.0
8102.0	479.55	105.0
8104.0	479.32	105.0
8106.0	479.08	105.0
8108.0	478.84	105.0
8110.0	478.61	105.0
8112.0	477.49	104.81
8114.0	477.25	104.81
8116.0	475.7	104.52
8118.0	474.59	104.33
8120.0	473.49	104.14
8122.0	471.95	103.85
8124.0	470.85	103.66
8126.0	469.75	103.47
8128.0	468.66	103.28
8130.0	467.99	103.18
8132.0	467.76	103.18
8134.0	467.53	103.18
8136.0	467.3	103.18
8138.0	467.07	103.18
8140.0	467.27	103.28
8142.0	467.9	103.47
8144.0	467.68	103.47
8146.0	468.31	103.66
8148.0	468.08	103.66
8150.0	467.85	103.66
8152.0	467.62	103.66
8154.0	467.39	103.66
8156.0	468.02	103.85
8158.0	467.79	103.85
8160.0	468.86	104.14
8162.0	468.63	104.14
8164.0	469.26	104.33
8166.0	469.9	104.52
8168.0	470.1	104.62
8170.0	469.87	104.62
8172.0	469.64	104.62
8174.0	469.41	104.62
8176.0	470.04	104.81
8178.0	469.81	104.81
8180.0	469.58	104.81
8182.0	469.35	104.81
8184.0	469.99	105.0
8186.0	469.76	105.0
8188.0	469.53	105.0
8190.0	469.3	105.0
8192.0	469.07	105.0
8194.0	467.98	104.81
8196.0	467.75	104.81
8198.0	466.67	104.62
8200.0	466.44	104.62
8202.0	466.21	104.62
8204.0	465.55	104.52
8206.0	464.47	104.33
8208.0	462.54	103.94
8210.0	461.04	103.66
8212.0	459.12	103.28
8214.0	456.78	102.8
8216.0	455.3	102.52
8218.0	453.41	102.14
8220.0	451.94	101.86
8222.0	450.05	101.48
8224.0	450.66	101.67
8226.0	451.28	101.86
8228.0	453.14	102.33
8230.0	455.01	102.8
8232.0	457.73	103.47
8234.0	460.47	104.14
8236.0	461.94	104.52
8238.0	462.14	104.62
8240.0	462.77	104.81
8242.0	462.55	104.81
8244.0	460.2	104.33
8246.0	459.13	104.14
8248.0	456.8	103.66
8250.0	454.48	103.18
8252.0	452.59	102.8
8254.0	451.12	102.52
8256.0	449.24	102.14
8258.0	447.79	101.86
8260.0	446.74	101.67
8262.0	446.53	101.67
8264.0	445.49	101.48
8266.0	445.28	101.48
8268.0	445.06	101.48
8270.0	444.44	101.39
8272.0	444.22	101.39
8274.0	444.42	101.48
8276.0	444.2	101.48
8278.0	444.8	101.67
8280.0	445.41	101.86
8282.0	445.19	101.86
8284.0	446.21	102.14
8286.0	446.0	102.14
8288.0	445.78	102.14
8290.0	445.57	102.14
8292.0	445.35	102.14
8294.0	445.14	102.14
8296.0	444.51	102.05
8298.0	444.3	102.05
8300.0	443.27	101.86
8302.0	443.05	101.86
8304.0	442.84	101.86
8306.0	441.81	101.67
8308.0	441.6	101.67
8310.0	441.38	101.67
8312.0	441.17	101.67
8314.0	440.96	101.67
8316.0	440.75	101.67
8318.0	440.54	101.67
8320.0	440.32	101.67
8322.0	440.11	101.67
8324.0	439.9	101.67
8326.0	439.69	101.67
8328.0	438.67	101.48
8330.0	438.46	101.48
8332.0	437.85	101.39
8334.0	436.83	101.2
8336.0	436.62	101.2
8338.0	435.61	101.02
8340.0	435.4	101.02
8342.0	435.19	101.02
8344.0	434.98	101.02
8346.0	433.97	100.83
8348.0	433.37	100.74
8350.0	433.16	100.74
8352.0	432.15	100.55
8354.0	431.95	100.55
8356.0	431.74	100.55
8358.0	431.53	100.55
8360.0	431.33	100.55
8362.0	431.12	100.55
8364.0	430.92	100.55
8366.0	430.71	100.55
8368.0	430.5	100.55
8370.0	430.3	100.55
8372.0	430.09	100.55
8374.0	429.89	100.55
8376.0	429.68	100.55
8378.0	429.48	100.55
8380.0	429.27	100.55
8382.0	429.07	100.55
8384.0	428.86	100.55
8386.0	428.66	100.55
8388.0	427.66	100.37
8390.0	427.46	100.37
8392.0	427.26	100.37
8394.0	427.05	100.37
8396.0	426.85	100.37
8398.0	426.65	100.37
8400.0	425.66	100.18
8402.0	425.46	100.18
8404.0	424.86	100.09
8406.0	424.66	100.09
8408.0	424.46	100.09
8410.0	424.26	100.09
8412.0	424.05	100.09
8414.0	423.85	100.09
8416.0	423.65	100.09
8418.0	423.45	100.09
8420.0	423.64	100.18
8422.0	423.44	100.18
8424.0	422.85	100.09
8426.0	422.65	100.09
8428.0	421.67	99.90799999999999
8430.0	420.69	99.72399999999999
8432.0	420.49	99.72399999999999
8434.0	419.13	99.449
8436.0	418.93	99.449
8438.0	418.74	99.449
8440.0	418.54	99.449
8442.0	418.73	99.54
8444.0	419.3	99.72399999999999
8446.0	419.87	99.90799999999999
8448.0	419.67	99.90799999999999
8450.0	419.48	99.90799999999999
8452.0	418.51	99.72399999999999
8454.0	418.31	99.72399999999999
8456.0	416.96	99.449
8458.0	415.99	99.266
8460.0	415.03	99.083
8462.0	414.83	99.083
8464.0	414.64	99.083
8466.0	414.44	99.083
8468.0	415.01	99.266
8470.0	415.58	99.449
8472.0	415.38	99.449
8474.0	416.34	99.72399999999999
8476.0	417.67	100.09
8478.0	417.86	100.18
8480.0	417.67	100.18
8482.0	418.24	100.37
8484.0	418.04	100.37
8486.0	416.69	100.09
8488.0	415.73	99.90799999999999
8490.0	414.77	99.72399999999999
8492.0	413.43	99.449
8494.0	412.47	99.266
8496.0	411.52	99.083
8498.0	411.33	99.083
8500.0	411.13	99.083
8502.0	411.7	99.266
8504.0	412.26	99.449
8506.0	413.21	99.72399999999999
8508.0	414.54	100.09
8510.0	415.49	100.37
8512.0	416.83	100.74
8514.0	417.79	101.02
8516.0	419.13	101.39
8518.0	420.09	101.67
8520.0	420.67	101.86
8522.0	421.25	102.05
8524.0	420.27	101.86
8526.0	420.08	101.86
8528.0	419.11	101.67
8530.0	417.75	101.39
8532.0	416.03	101.02
8534.0	414.68	100.74
8536.0	412.96	100.37
8538.0	410.87	99.90799999999999
8540.0	409.93	99.72399999999999
8542.0	408.6	99.449
8544.0	407.66	99.266
8546.0	407.47	99.266
8548.0	408.03	99.449
8550.0	408.21	99.54
8552.0	408.78	99.72399999999999
8554.0	409.34	99.90799999999999
8556.0	410.28	100.18
8558.0	410.84	100.37
8560.0	411.41	100.55
8562.0	411.22	100.55
8564.0	411.02	100.55
8566.0	410.07	100.37
8568.0	409.13	100.18
8570.0	407.81	99.90799999999999
8572.0	405.75	99.449
8574.0	404.07	99.083
8576.0	402.02	98.62799999999999
8578.0	399.25	97.994
8580.0	397.23	97.544
8582.0	394.5	96.917
8584.0	392.5	96.47200000000001
8586.0	389.8	95.852
8588.0	388.18	95.499
8590.0	386.93	95.236
8592.0	386.04	95.06
8594.0	384.8	94.79799999999999
8596.0	386.39	95.236
8598.0	387.28	95.499
8600.0	388.53	95.852
8602.0	390.86	96.47200000000001
8604.0	393.57	97.185
8606.0	395.93	97.81299999999999
8608.0	398.31	98.447
8610.0	401.43	99.266
8612.0	403.84	99.90799999999999
8614.0	405.52	100.37
8616.0	406.83	100.74
8618.0	408.51	101.2
8620.0	409.08	101.39
8622.0	409.26	101.48
8624.0	409.07	101.48
8626.0	408.88	101.48
8628.0	408.32	101.39
8630.0	407.38	101.2
8632.0	406.44	101.02
8634.0	405.13	100.74
8636.0	404.2	100.55
8638.0	402.53	100.18
8640.0	400.49	99.72399999999999
8642.0	399.2	99.449
8644.0	396.45	98.809
8646.0	394.45	98.35600000000001
8648.0	391.73	97.72399999999999
8650.0	390.11	97.36399999999999
8652.0	388.14	96.917
8654.0	385.47	96.294
8656.0	384.58	96.117
8658.0	382.63	95.675
8660.0	381.75	95.499
8662.0	381.58	95.499
8664.0	382.11	95.675
8666.0	381.93	95.675
8668.0	383.52	96.117
8670.0	384.75	96.47200000000001
8672.0	386.35	96.917
8674.0	387.96	97.36399999999999
8676.0	390.28	97.994
8678.0	391.91	98.447
8680.0	393.17	98.809
8682.0	393.71	98.992
8684.0	393.89	99.083
8686.0	394.44	99.266
8688.0	394.26	99.266
8690.0	394.8	99.449
8692.0	394.62	99.449
8694.0	393.71	99.266
8696.0	393.53	99.266
8698.0	393.35	99.266
8700.0	393.17	99.266
8702.0	392.27	99.083
8704.0	392.81	99.266
8706.0	393.35	99.449
8708.0	394.26	99.72399999999999
8710.0	395.53	100.09
8712.0	396.45	100.37
8714.0	397.73	100.74
8716.0	397.91	100.83
8718.0	395.9	100.37
8720.0	393.9	99.90799999999999
8722.0	391.91	99.449
8724.0	387.78	98.447
8726.0	384.05	97.544
8728.0	380.36	96.65
8730.0	377.04	95.852
8732.0	373.07	94.885
8734.0	369.48	94.016
8736.0	366.26	93.23899999999999
8738.0	363.41	92.555
8740.0	360.91	91.96
8742.0	359.42	91.62200000000001
8744.0	357.6	91.20100000000001
8746.0	356.78	91.03299999999999
8748.0	357.93	91.369
8750.0	359.42	91.791
8752.0	360.92	92.215
8754.0	363.08	92.811
8756.0	365.94	93.584
8758.0	368.14	94.189
8760.0	370.35	94.79799999999999
8762.0	372.58	95.411
8764.0	374.12	95.852
8766.0	374.99	96.117
8768.0	376.2	96.47200000000001
8770.0	377.07	96.73899999999999
8772.0	377.59	96.917
8774.0	378.47	97.185
8776.0	378.99	97.36399999999999
8778.0	380.22	97.72399999999999
8780.0	381.09	97.994
8782.0	381.62	98.17399999999999
8784.0	382.5	98.447
8786.0	383.74	98.809
8788.0	384.63	99.083
8790.0	385.87	99.449
8792.0	386.05	99.54
8794.0	387.3	99.90799999999999
8796.0	387.12	99.90799999999999
8798.0	387.66	100.09
8800.0	387.48	100.09
8802.0	386.6	99.90799999999999
8804.0	386.42	99.90799999999999
8806.0	385.54	99.72399999999999
8808.0	384.65	99.54
8810.0	384.12	99.449
8812.0	383.95	99.449
8814.0	383.07	99.266
8816.0	382.19	99.083
8818.0	380.96	98.809
8820.0	380.09	98.62799999999999
8822.0	378.17	98.17399999999999
8824.0	377.3	97.994
8826.0	375.4	97.544
8828.0	374.54	97.36399999999999
8830.0	372.65	96.917
8832.0	370.77	96.47200000000001
8834.0	369.24	96.117
8836.0	367.37	95.675
8838.0	364.85	95.06
8840.0	362.34	94.449
8842.0	359.52	93.756
8844.0	356.39	92.98200000000001
8846.0	353.29	92.215
8848.0	349.89	91.369
8850.0	346.84	90.615
8852.0	344.46	90.03299999999999
8854.0	342.09	89.454
8856.0	341.31	89.289
8858.0	341.78	89.454
8860.0	342.26	89.619
8862.0	343.68	90.03299999999999
8864.0	345.75	90.615
8866.0	348.47	91.369
8868.0	350.89	92.045
8870.0	353.65	92.811
8872.0	356.43	93.584
8874.0	358.91	94.27600000000001
8876.0	361.07	94.885
8878.0	363.24	95.499
8880.0	365.42	96.117
8882.0	366.61	96.47200000000001
8884.0	367.45	96.73899999999999
8886.0	368.64	97.096
8888.0	369.5	97.36399999999999
8890.0	370.01	97.544
8892.0	369.85	97.544
8894.0	369.68	97.544
8896.0	370.2	97.72399999999999
8898.0	370.03	97.72399999999999
8900.0	369.86	97.72399999999999
8902.0	369.7	97.72399999999999
8904.0	369.53	97.72399999999999
8906.0	368.68	97.544
8908.0	367.84	97.36399999999999
8910.0	367.0	97.185
8912.0	366.5	97.096
8914.0	365.66	96.917
8916.0	364.82	96.73899999999999
8918.0	363.65	96.47200000000001
8920.0	362.82	96.294
8922.0	361.99	96.117
8924.0	361.5	96.029
8926.0	360.0	95.675
8928.0	359.18	95.499
8930.0	358.69	95.411
8932.0	357.21	95.06
8934.0	356.39	94.885
8936.0	355.91	94.79799999999999
8938.0	355.09	94.624
8940.0	354.28	94.449
8942.0	353.47	94.27600000000001
8944.0	352.98	94.189
8946.0	352.18	94.016
8948.0	351.37	93.84200000000001
8950.0	350.89	93.756
8952.0	350.09	93.584
8954.0	349.29	93.411
8956.0	349.13	93.411
8958.0	348.98	93.411
8960.0	348.82	93.411
8962.0	349.31	93.584
8964.0	350.12	93.84200000000001
8966.0	349.96	93.84200000000001
8968.0	350.45	94.016
8970.0	350.3	94.016
8972.0	350.14	94.016
8974.0	349.34	93.84200000000001
8976.0	348.22	93.584
8978.0	346.78	93.23899999999999
8980.0	345.04	92.811
8982.0	343.3	92.385
8984.0	340.94	91.791
8986.0	338.6	91.20100000000001
8988.0	336.9	90.78200000000001
8990.0	334.58	90.199
8992.0	332.28	89.619
8994.0	330.0	89.04299999999999
8996.0	327.73	88.471
8998.0	325.48	87.902
9000.0	322.65	87.176
9002.0	320.44	86.617
9004.0	318.82	86.21799999999999
9006.0	316.63	85.664
9008.0	316.2	85.585
9010.0	316.35	85.664
9012.0	316.79	85.822
9014.0	318.12	86.21799999999999
9016.0	320.62	86.936
9018.0	323.15	87.65899999999999
9020.0	325.39	88.30799999999999
9022.0	327.35	88.87899999999999
9024.0	329.93	89.619
9026.0	331.92	90.199
9028.0	332.69	90.448
9030.0	333.15	90.615
9032.0	333.62	90.78200000000001
9034.0	332.25	90.448
9036.0	331.79	90.365
9038.0	330.43	90.03299999999999
9040.0	328.76	89.619
9042.0	327.11	89.20700000000001
9044.0	325.76	88.87899999999999
9046.0	324.72	88.634
9048.0	323.98	88.471
9050.0	323.24	88.30799999999999
9052.0	322.8	88.226
9054.0	322.06	88.064
9056.0	321.92	88.064
9058.0	322.67	88.30799999999999
9060.0	323.72	88.634
9062.0	324.47	88.87899999999999
9064.0	325.52	89.20700000000001
9066.0	326.88	89.619
9068.0	328.25	90.03299999999999
9070.0	329.31	90.365
9072.0	330.08	90.615
9074.0	330.54	90.78200000000001
9076.0	331.31	91.03299999999999
9078.0	331.77	91.20100000000001
9080.0	332.24	91.369
9082.0	332.4	91.45299999999999
9084.0	332.86	91.62200000000001
9086.0	333.33	91.791
9088.0	333.18	91.791
9090.0	333.04	91.791
9092.0	332.89	91.791
9094.0	332.74	91.791
9096.0	332.6	91.791
9098.0	332.45	91.791
9100.0	332.3	91.791
9102.0	332.16	91.791
9104.0	331.4	91.62200000000001
9106.0	331.87	91.791
9108.0	331.72	91.791
9110.0	332.19	91.96
9112.0	330.82	91.62200000000001
9114.0	330.07	91.45299999999999
9116.0	329.01	91.20100000000001
9118.0	328.26	91.03299999999999
9120.0	327.21	90.78200000000001
9122.0	326.47	90.615
9124.0	326.32	90.615
9126.0	326.78	90.78200000000001
9128.0	326.64	90.78200000000001
9130.0	327.4	91.03299999999999
9132.0	328.46	91.369
9134.0	329.23	91.62200000000001
9136.0	329.69	91.791
9138.0	329.55	91.791
9140.0	329.4	91.791
9142.0	328.65	91.62200000000001
9144.0	327.6	91.369
9146.0	326.26	91.03299999999999
9148.0	326.11	91.03299999999999
9150.0	325.97	91.03299999999999
9152.0	326.43	91.20100000000001
9154.0	326.29	91.20100000000001
9156.0	326.75	91.369
9158.0	326.6	91.369
9160.0	326.46	91.369
9162.0	326.32	91.369
9164.0	326.17	91.369
9166.0	326.03	91.369
9168.0	325.89	91.369
9170.0	325.75	91.369
9172.0	325.61	91.369
9174.0	326.36	91.62200000000001
9176.0	326.82	91.791
9178.0	327.28	91.96
9180.0	327.14	91.96
9182.0	327.0	91.96
9184.0	326.86	91.96
9186.0	325.51	91.62200000000001
9188.0	323.88	91.20100000000001
9190.0	322.25	90.78200000000001
9192.0	320.63	90.365
9194.0	318.72	89.867
9196.0	317.12	89.454
9198.0	314.95	88.87899999999999
9200.0	313.36	88.471
