3200.0	40079.0	1369.0
3201.0	39870.0	1362.7
3202.0	39772.0	1360.2
3203.0	39820.0	1362.7
3204.0	39906.0	1366.5
3205.0	40065.0	1372.8
3206.0	40262.0	1380.4
3207.0	40609.0	1393.2
3208.0	41035.0	1408.6
3209.0	41541.0	1426.9
3210.0	42171.0	1449.4
3211.0	42691.0	1468.2
3212.0	43099.0	1483.2
3213.0	43471.0	1496.9
3214.0	43645.0	1503.8
3215.0	43899.0	1513.6
3216.0	43872.0	1513.6
3217.0	43926.0	1516.4
3218.0	43979.0	1519.1
3219.0	44074.0	1523.4
3220.0	44331.0	1533.2
3221.0	44385.0	1536.0
3222.0	44563.0	1543.1
3223.0	44740.0	1550.2
3224.0	44795.0	1553.1
3225.0	44974.0	1560.3
3226.0	45029.0	1563.1
3227.0	45084.0	1566.0
3228.0	45264.0	1573.3
3229.0	45361.0	1577.6
3230.0	45501.0	1583.4
3231.0	45556.0	1586.4
3232.0	45654.0	1590.7
3233.0	45710.0	1593.7
3234.0	45682.0	1593.7
3235.0	45485.0	1587.8
3236.0	45332.0	1583.4
3237.0	45096.0	1576.2
3238.0	44902.0	1570.4
3239.0	44586.0	1560.3
3240.0	44150.0	1546.0
3241.0	43920.0	1538.9
3242.0	43611.0	1529.0
3243.0	43424.0	1523.4
3244.0	43277.0	1519.1
3245.0	43092.0	1513.6
3246.0	42788.0	1503.8
3247.0	42565.0	1496.9
3248.0	42422.0	1492.8
3249.0	42123.0	1483.2
3250.0	41942.0	1477.7
3251.0	41609.0	1466.9
3252.0	41430.0	1461.5
3253.0	41215.0	1454.8
3254.0	41303.0	1458.8
3255.0	41430.0	1464.2
3256.0	41405.0	1464.2
3257.0	41303.0	1461.5
3258.0	41278.0	1461.5
3259.0	41139.0	1457.5
3260.0	41038.0	1454.8
3261.0	40824.0	1448.1
3262.0	40649.0	1442.8
3263.0	40512.0	1438.8
3264.0	40413.0	1436.1
3265.0	40314.0	1433.5
3266.0	40178.0	1429.5
3267.0	40153.0	1429.5
3268.0	40129.0	1429.5
3269.0	40031.0	1426.9
3270.0	39932.0	1424.3
3271.0	39871.0	1423.0
3272.0	39773.0	1420.4
3273.0	39749.0	1420.4
3274.0	39725.0	1420.4
3275.0	39701.0	1420.4
3276.0	39676.0	1420.4
3277.0	39579.0	1417.7
3278.0	39446.0	1413.8
3279.0	39349.0	1411.2
3280.0	39253.0	1408.6
3281.0	39229.0	1408.6
3282.0	39133.0	1406.0
3283.0	39109.0	1406.0
3284.0	39085.0	1406.0
3285.0	39134.0	1408.6
3286.0	39110.0	1408.6
3287.0	39014.0	1406.0
3288.0	38883.0	1402.2
3289.0	38787.0	1399.6
3290.0	38586.0	1393.2
3291.0	38492.0	1390.6
3292.0	38362.0	1386.8
3293.0	38268.0	1384.2
3294.0	38245.0	1384.2
3295.0	38151.0	1381.6
3296.0	38093.0	1380.4
3297.0	38000.0	1377.8
3298.0	37907.0	1375.3
3299.0	37884.0	1375.3
3300.0	37757.0	1371.5
3301.0	37734.0	1371.5
3302.0	37711.0	1371.5
3303.0	37688.0	1371.5
3304.0	37596.0	1369.0
3305.0	37573.0	1369.0
3306.0	37550.0	1369.0
3307.0	37459.0	1366.5
3308.0	37436.0	1366.5
3309.0	37413.0	1366.5
3310.0	37391.0	1366.5
3311.0	37368.0	1366.5
3312.0	37346.0	1366.5
3313.0	37220.0	1362.7
3314.0	37301.0	1366.5
3315.0	37278.0	1366.5
3316.0	37324.0	1369.0
3317.0	37474.0	1375.3
3318.0	37520.0	1377.8
3319.0	37498.0	1377.8
3320.0	37475.0	1377.8
3321.0	37384.0	1375.3
3322.0	37361.0	1375.3
3323.0	37270.0	1372.8
3324.0	37213.0	1371.5
3325.0	37054.0	1366.5
3326.0	36930.0	1362.7
3327.0	36840.0	1360.2
3328.0	36818.0	1360.2
3329.0	36728.0	1357.7
3330.0	36537.0	1351.5
3331.0	36515.0	1351.5
3332.0	36493.0	1351.5
3333.0	36471.0	1351.5
3334.0	36449.0	1351.5
3335.0	36495.0	1353.9
3336.0	36574.0	1357.7
3337.0	36552.0	1357.7
3338.0	36429.0	1353.9
3339.0	36407.0	1353.9
3340.0	36319.0	1351.5
3341.0	36230.0	1349.0
3342.0	36275.0	1351.5
3343.0	36253.0	1351.5
3344.0	36232.0	1351.5
3345.0	36210.0	1351.5
3346.0	36188.0	1351.5
3347.0	36167.0	1351.5
3348.0	36079.0	1349.0
3349.0	35958.0	1345.2
3350.0	35771.0	1339.1
3351.0	35618.0	1334.1
3352.0	35433.0	1328.0
3353.0	35347.0	1325.6
3354.0	35229.0	1321.9
3355.0	35208.0	1321.9
3356.0	35187.0	1321.9
3357.0	35101.0	1319.5
3358.0	35080.0	1319.5
3359.0	34995.0	1317.0
3360.0	34877.0	1313.4
3361.0	34856.0	1313.4
3362.0	34836.0	1313.4
3363.0	34751.0	1311.0
3364.0	34666.0	1308.6
3365.0	34646.0	1308.6
3366.0	34689.0	1311.0
3367.0	34732.0	1313.4
3368.0	34808.0	1317.0
3369.0	34851.0	1319.5
3370.0	34991.0	1325.6
3371.0	34971.0	1325.6
3372.0	35014.0	1328.0
3373.0	34993.0	1328.0
3374.0	34973.0	1328.0
3375.0	34952.0	1328.0
3376.0	34996.0	1330.5
3377.0	35072.0	1334.1
3378.0	35116.0	1336.6
3379.0	35192.0	1340.3
3380.0	35171.0	1340.3
3381.0	35118.0	1339.1
3382.0	35033.0	1336.6
3383.0	34883.0	1331.7
3384.0	34830.0	1330.5
3385.0	34746.0	1328.0
3386.0	34662.0	1325.6
3387.0	34705.0	1328.0
3388.0	34684.0	1328.0
3389.0	34664.0	1328.0
3390.0	34580.0	1325.6
3391.0	34464.0	1321.9
3392.0	34317.0	1317.0
3393.0	34202.0	1313.4
3394.0	34025.0	1307.4
3395.0	33942.0	1305.0
3396.0	33860.0	1302.6
3397.0	33747.0	1299.0
3398.0	33727.0	1299.0
3399.0	33738.0	1300.2
3400.0	33843.0	1305.0
3401.0	33885.0	1307.4
3402.0	33896.0	1308.6
3403.0	33939.0	1311.0
3404.0	33981.0	1313.4
3405.0	33961.0	1313.4
3406.0	33941.0	1313.4
3407.0	33921.0	1313.4
3408.0	33902.0	1313.4
3409.0	33819.0	1311.0
3410.0	33737.0	1308.6
3411.0	33687.0	1307.4
3412.0	33543.0	1302.6
3413.0	33462.0	1300.2
3414.0	33411.0	1299.0
3415.0	33330.0	1296.6
3416.0	33249.0	1294.2
3417.0	33291.0	1296.6
3418.0	33272.0	1296.6
3419.0	33130.0	1291.8
3420.0	33080.0	1290.6
3421.0	33061.0	1290.6
3422.0	33042.0	1290.6
3423.0	33022.0	1290.6
3424.0	33003.0	1290.6
3425.0	32862.0	1285.9
3426.0	32692.0	1280.0
3427.0	32613.0	1277.6
3428.0	32594.0	1277.6
3429.0	32485.0	1274.1
3430.0	32556.0	1277.6
3431.0	32537.0	1277.6
3432.0	32518.0	1277.6
3433.0	32559.0	1280.0
3434.0	32480.0	1277.6
3435.0	32461.0	1277.6
3436.0	32353.0	1274.1
3437.0	32275.0	1271.7
3438.0	32315.0	1274.1
3439.0	32386.0	1277.6
3440.0	32367.0	1277.6
3441.0	32348.0	1277.6
3442.0	32329.0	1277.6
3443.0	32162.0	1271.7
3444.0	32055.0	1268.2
3445.0	31977.0	1265.9
3446.0	31900.0	1263.6
3447.0	31793.0	1260.1
3448.0	31717.0	1257.8
3449.0	31757.0	1260.1
3450.0	31738.0	1260.1
3451.0	31720.0	1260.1
3452.0	31731.0	1261.2
3453.0	31683.0	1260.1
3454.0	31665.0	1260.1
3455.0	31588.0	1257.8
3456.0	31454.0	1253.1
3457.0	31407.0	1252.0
3458.0	31388.0	1252.0
3459.0	31399.0	1253.1
3460.0	31439.0	1255.5
3461.0	31479.0	1257.8
3462.0	31345.0	1253.1
3463.0	31240.0	1249.7
3464.0	31165.0	1247.4
3465.0	31061.0	1243.9
3466.0	30986.0	1241.7
3467.0	30911.0	1239.4
3468.0	30893.0	1239.4
3469.0	30875.0	1239.4
3470.0	30858.0	1239.4
3471.0	30897.0	1241.7
3472.0	30879.0	1241.7
3473.0	30804.0	1239.4
3474.0	30702.0	1235.9
3475.0	30543.0	1230.3
3476.0	30413.0	1225.7
3477.0	30200.0	1217.9
3478.0	29989.0	1210.0
3479.0	29779.0	1202.3
3480.0	29543.0	1193.4
3481.0	29526.0	1193.4
3482.0	29455.0	1191.2
3483.0	29493.0	1193.4
3484.0	29557.0	1196.7
3485.0	29677.0	1202.3
3486.0	29714.0	1204.5
3487.0	29834.0	1210.0
3488.0	30010.0	1217.9
3489.0	30104.0	1222.4
3490.0	30225.0	1228.0
3491.0	30264.0	1230.3
3492.0	30330.0	1233.7
3493.0	30368.0	1235.9
3494.0	30295.0	1233.7
3495.0	30194.0	1230.3
3496.0	30177.0	1230.3
3497.0	30104.0	1228.0
3498.0	30087.0	1228.0
3499.0	30070.0	1228.0
3500.0	30053.0	1228.0
3501.0	29980.0	1225.7
3502.0	29880.0	1222.4
3503.0	29754.0	1217.9
3504.0	29655.0	1214.5
3505.0	29583.0	1212.3
3506.0	29512.0	1210.0
3507.0	29495.0	1210.0
3508.0	29478.0	1210.0
3509.0	29461.0	1210.0
3510.0	29499.0	1212.3
3511.0	29482.0	1212.3
3512.0	29520.0	1214.5
3513.0	29585.0	1217.9
3514.0	29568.0	1217.9
3515.0	29551.0	1217.9
3516.0	29534.0	1217.9
3517.0	29517.0	1217.9
3518.0	29555.0	1220.1
3519.0	29538.0	1220.1
3520.0	29521.0	1220.1
3521.0	29559.0	1222.4
3522.0	29624.0	1225.7
3523.0	29662.0	1228.0
3524.0	29645.0	1228.0
3525.0	29573.0	1225.7
3526.0	29475.0	1222.4
3527.0	29350.0	1217.9
3528.0	29199.0	1212.3
3529.0	29048.0	1206.7
3530.0	28925.0	1202.3
3531.0	28829.0	1198.9
3532.0	28759.0	1196.7
3533.0	28690.0	1194.5
3534.0	28648.0	1193.4
3535.0	28526.0	1189.0
3536.0	28379.0	1183.6
3537.0	28311.0	1181.4
3538.0	28295.0	1181.4
3539.0	28279.0	1181.4
3540.0	28263.0	1181.4
3541.0	28247.0	1181.4
3542.0	28153.0	1178.1
3543.0	28085.0	1176.0
3544.0	28018.0	1173.8
3545.0	27925.0	1170.6
3546.0	27909.0	1170.6
3547.0	27842.0	1168.4
3548.0	27826.0	1168.4
3549.0	27810.0	1168.4
3550.0	27795.0	1168.4
3551.0	27779.0	1168.4
3552.0	27763.0	1168.4
3553.0	27748.0	1168.4
3554.0	27732.0	1168.4
3555.0	27768.0	1170.6
3556.0	27829.0	1173.8
3557.0	27813.0	1173.8
3558.0	27849.0	1176.0
3559.0	27833.0	1176.0
3560.0	27818.0	1176.0
3561.0	27802.0	1176.0
3562.0	27786.0	1176.0
3563.0	27720.0	1173.8
3564.0	27704.0	1173.8
3565.0	27689.0	1173.8
3566.0	27724.0	1176.0
3567.0	27708.0	1176.0
3568.0	27693.0	1176.0
3569.0	27677.0	1176.0
3570.0	27611.0	1173.8
3571.0	27596.0	1173.8
3572.0	27580.0	1173.8
3573.0	27489.0	1170.6
3574.0	27473.0	1170.6
3575.0	27458.0	1170.6
3576.0	27443.0	1170.6
3577.0	27377.0	1168.4
3578.0	27361.0	1168.4
3579.0	27346.0	1168.4
3580.0	27281.0	1166.3
3581.0	27240.0	1165.2
3582.0	27225.0	1165.2
3583.0	27160.0	1163.1
3584.0	27195.0	1165.2
3585.0	27180.0	1165.2
3586.0	27164.0	1165.2
3587.0	27149.0	1165.2
3588.0	27084.0	1163.1
3589.0	27069.0	1163.1
3590.0	27054.0	1163.1
3591.0	27039.0	1163.1
3592.0	27024.0	1163.1
3593.0	26959.0	1160.9
3594.0	26895.0	1158.8
3595.0	26855.0	1157.7
3596.0	26791.0	1155.6
3597.0	26726.0	1153.4
3598.0	26638.0	1150.3
3599.0	26574.0	1148.2
3600.0	26559.0	1148.2
3601.0	26496.0	1146.0
3602.0	26530.0	1148.2
3603.0	26515.0	1148.2
3604.0	26500.0	1148.2
3605.0	26486.0	1148.2
3606.0	26520.0	1150.3
3607.0	26578.0	1153.4
3608.0	26564.0	1153.4
3609.0	26598.0	1155.6
3610.0	26534.0	1153.4
3611.0	26446.0	1150.3
3612.0	26334.0	1146.0
3613.0	26247.0	1142.9
3614.0	26184.0	1140.8
3615.0	26170.0	1140.8
3616.0	26156.0	1140.8
3617.0	26189.0	1142.9
3618.0	26175.0	1142.9
3619.0	26112.0	1140.8
3620.0	26098.0	1140.8
3621.0	26035.0	1138.7
3622.0	25949.0	1135.5
3623.0	25839.0	1131.4
3624.0	25754.0	1128.2
3625.0	25692.0	1126.2
3626.0	25607.0	1123.1
3627.0	25593.0	1123.1
3628.0	25579.0	1123.1
3629.0	25565.0	1123.1
3630.0	25551.0	1123.1
3631.0	25537.0	1123.1
3632.0	25476.0	1121.0
3633.0	25462.0	1121.0
3634.0	25401.0	1118.9
3635.0	25387.0	1118.9
3636.0	25303.0	1115.8
3637.0	25196.0	1111.7
3638.0	25182.0	1111.7
3639.0	25099.0	1108.7
3640.0	25085.0	1108.7
3641.0	25071.0	1108.7
3642.0	25058.0	1108.7
3643.0	24998.0	1106.6
3644.0	24984.0	1106.6
3645.0	24970.0	1106.6
3646.0	24957.0	1106.6
3647.0	24943.0	1106.6
3648.0	24929.0	1106.6
3649.0	24916.0	1106.6
3650.0	24902.0	1106.6
3651.0	24843.0	1104.6
3652.0	24761.0	1101.5
3653.0	24656.0	1097.5
3654.0	24574.0	1094.5
3655.0	24471.0	1090.4
3656.0	24435.0	1089.4
3657.0	24376.0	1087.4
3658.0	24318.0	1085.4
3659.0	24305.0	1085.4
3660.0	24292.0	1085.4
3661.0	24279.0	1085.4
3662.0	24265.0	1085.4
3663.0	24185.0	1082.4
3664.0	24172.0	1082.4
3665.0	24159.0	1082.4
3666.0	24145.0	1082.4
3667.0	24132.0	1082.4
3668.0	24119.0	1082.4
3669.0	24106.0	1082.4
3670.0	24093.0	1082.4
3671.0	24146.0	1085.4
3672.0	24133.0	1085.4
3673.0	24120.0	1085.4
3674.0	24151.0	1087.4
3675.0	24183.0	1089.4
3676.0	24192.0	1090.4
3677.0	24223.0	1092.4
3678.0	24210.0	1092.4
3679.0	24242.0	1094.5
3680.0	24228.0	1094.5
3681.0	24215.0	1094.5
3682.0	24158.0	1092.4
3683.0	24144.0	1092.4
3684.0	24087.0	1090.4
3685.0	24052.0	1089.4
3686.0	23994.0	1087.4
3687.0	23981.0	1087.4
3688.0	23924.0	1085.4
3689.0	23801.0	1080.4
3690.0	23679.0	1075.5
3691.0	23579.0	1071.5
3692.0	23502.0	1068.6
3693.0	23446.0	1066.6
3694.0	23390.0	1064.6
3695.0	23356.0	1063.7
3696.0	23343.0	1063.7
3697.0	23245.0	1059.7
3698.0	23232.0	1059.7
3699.0	23219.0	1059.7
3700.0	23207.0	1059.7
3701.0	23280.0	1063.7
3702.0	23332.0	1066.6
3703.0	23319.0	1066.6
3704.0	23307.0	1066.6
3705.0	23294.0	1066.6
3706.0	23217.0	1063.7
3707.0	23162.0	1061.7
3708.0	23107.0	1059.7
3709.0	23094.0	1059.7
3710.0	23018.0	1056.8
3711.0	22964.0	1054.9
3712.0	22909.0	1052.9
3713.0	22897.0	1052.9
3714.0	22884.0	1052.9
3715.0	22872.0	1052.9
3716.0	22902.0	1054.9
3717.0	22932.0	1056.8
3718.0	22940.0	1057.8
3719.0	22928.0	1057.8
3720.0	22958.0	1059.7
3721.0	22946.0	1059.7
3722.0	22933.0	1059.7
3723.0	22921.0	1059.7
3724.0	22909.0	1059.7
3725.0	22854.0	1057.8
3726.0	22821.0	1056.8
3727.0	22830.0	1057.8
3728.0	22860.0	1059.7
3729.0	22889.0	1061.7
3730.0	22919.0	1063.7
3731.0	22971.0	1066.6
3732.0	23064.0	1071.5
3733.0	23094.0	1073.5
3734.0	23189.0	1078.5
3735.0	23176.0	1078.5
3736.0	23100.0	1075.5
3737.0	23003.0	1071.5
3738.0	22821.0	1063.7
3739.0	22725.0	1059.7
3740.0	22650.0	1056.8
3741.0	22597.0	1054.9
3742.0	22585.0	1054.9
3743.0	22573.0	1054.9
3744.0	22602.0	1056.8
3745.0	22590.0	1056.8
3746.0	22599.0	1057.8
3747.0	22587.0	1057.8
3748.0	22554.0	1056.8
3749.0	22542.0	1056.8
3750.0	22488.0	1054.9
3751.0	22476.0	1054.9
3752.0	22423.0	1052.9
3753.0	22349.0	1050.0
3754.0	22296.0	1048.1
3755.0	22243.0	1046.2
3756.0	22170.0	1043.3
3757.0	22158.0	1043.3
3758.0	22147.0	1043.3
3759.0	22135.0	1043.3
3760.0	22123.0	1043.3
3761.0	22071.0	1041.4
3762.0	22018.0	1039.4
3763.0	22007.0	1039.4
3764.0	21995.0	1039.4
3765.0	22024.0	1041.4
3766.0	22012.0	1041.4
3767.0	22000.0	1041.4
3768.0	21989.0	1041.4
3769.0	21937.0	1039.4
3770.0	21905.0	1038.5
3771.0	21893.0	1038.5
3772.0	21942.0	1041.4
3773.0	21930.0	1041.4
3774.0	22020.0	1046.2
3775.0	22049.0	1048.1
3776.0	22037.0	1048.1
3777.0	21985.0	1046.2
3778.0	21913.0	1043.3
3779.0	21821.0	1039.4
3780.0	21749.0	1036.6
3781.0	21637.0	1031.8
3782.0	21586.0	1029.9
3783.0	21535.0	1028.0
3784.0	21484.0	1026.1
3785.0	21453.0	1025.2
3786.0	21402.0	1023.3
3787.0	21352.0	1021.4
3788.0	21281.0	1018.6
3789.0	21231.0	1016.7
3790.0	21181.0	1014.8
3791.0	21111.0	1012.0
3792.0	21061.0	1010.2
3793.0	21011.0	1008.3
3794.0	20981.0	1007.4
3795.0	21028.0	1010.2
3796.0	21114.0	1014.8
3797.0	21142.0	1016.7
3798.0	21169.0	1018.6
3799.0	21217.0	1021.4
3800.0	21206.0	1021.4
3801.0	21234.0	1023.3
3802.0	21262.0	1025.2
3803.0	21309.0	1028.0
3804.0	21337.0	1029.9
3805.0	21365.0	1031.8
3806.0	21354.0	1031.8
3807.0	21363.0	1032.8
3808.0	21351.0	1032.8
3809.0	21340.0	1032.8
3810.0	21368.0	1034.7
3811.0	21357.0	1034.7
3812.0	21385.0	1036.6
3813.0	21335.0	1034.7
3814.0	21284.0	1032.8
3815.0	21214.0	1029.9
3816.0	21164.0	1028.0
3817.0	21095.0	1025.2
3818.0	21084.0	1025.2
3819.0	21034.0	1023.3
3820.0	21062.0	1025.2
3821.0	21051.0	1025.2
3822.0	21040.0	1025.2
3823.0	21029.0	1025.2
3824.0	21018.0	1025.2
3825.0	21007.0	1025.2
3826.0	20957.0	1023.3
3827.0	20908.0	1021.4
3828.0	20897.0	1021.4
3829.0	20828.0	1018.6
3830.0	20875.0	1021.4
3831.0	20902.0	1023.3
3832.0	20892.0	1023.3
3833.0	20919.0	1025.2
3834.0	20908.0	1025.2
3835.0	20897.0	1025.2
3836.0	20886.0	1025.2
3837.0	20933.0	1028.0
3838.0	20961.0	1029.9
3839.0	20989.0	1031.8
3840.0	20997.0	1032.8
3841.0	21025.0	1034.7
3842.0	21014.0	1034.7
3843.0	21042.0	1036.6
3844.0	21031.0	1036.6
3845.0	21020.0	1036.6
3846.0	21009.0	1036.6
3847.0	21037.0	1038.5
3848.0	21045.0	1039.4
3849.0	21073.0	1041.4
3850.0	21062.0	1041.4
3851.0	21051.0	1041.4
3852.0	21040.0	1041.4
3853.0	21029.0	1041.4
3854.0	20960.0	1038.5
3855.0	20911.0	1036.6
3856.0	20939.0	1038.5
3857.0	20928.0	1038.5
3858.0	20917.0	1038.5
3859.0	20906.0	1038.5
3860.0	20857.0	1036.6
3861.0	20769.0	1032.8
3862.0	20701.0	1029.9
3863.0	20690.0	1029.9
3864.0	20642.0	1028.0
3865.0	20631.0	1028.0
3866.0	20620.0	1028.0
3867.0	20648.0	1029.9
3868.0	20675.0	1031.8
3869.0	20683.0	1032.8
3870.0	20711.0	1034.7
3871.0	20700.0	1034.7
3872.0	20689.0	1034.7
3873.0	20641.0	1032.8
3874.0	20630.0	1032.8
3875.0	20600.0	1031.8
3876.0	20590.0	1031.8
3877.0	20541.0	1029.9
3878.0	20493.0	1028.0
3879.0	20426.0	1025.2
3880.0	20340.0	1021.4
3881.0	20274.0	1018.6
3882.0	20226.0	1016.7
3883.0	20178.0	1014.8
3884.0	20112.0	1012.0
3885.0	20028.0	1008.3
3886.0	19962.0	1005.5
3887.0	19952.0	1005.5
3888.0	19942.0	1005.5
3889.0	19968.0	1007.4
3890.0	19977.0	1008.3
3891.0	20040.0	1012.0
3892.0	20085.0	1014.8
3893.0	20112.0	1016.7
3894.0	20139.0	1018.6
3895.0	20184.0	1021.4
3896.0	20174.0	1021.4
3897.0	20200.0	1023.3
3898.0	20227.0	1025.2
3899.0	20236.0	1026.1
3900.0	20262.0	1028.0
3901.0	20159.0	1023.3
3902.0	20149.0	1023.3
3903.0	20175.0	1025.2
3904.0	20128.0	1023.3
3905.0	20118.0	1023.3
3906.0	20070.0	1021.4
3907.0	20060.0	1021.4
3908.0	19995.0	1018.6
3909.0	19947.0	1016.7
3910.0	19937.0	1016.7
3911.0	19890.0	1014.8
3912.0	19880.0	1014.8
3913.0	19870.0	1014.8
3914.0	19860.0	1014.8
3915.0	19850.0	1014.8
3916.0	19840.0	1014.8
3917.0	19775.0	1012.0
3918.0	19728.0	1010.2
3919.0	19664.0	1007.4
3920.0	19618.0	1005.5
3921.0	19536.0	1001.8
3922.0	19472.0	999.08
3923.0	19426.0	997.24
3924.0	19380.0	995.4
3925.0	19353.0	994.49
3926.0	19343.0	994.49
3927.0	19333.0	994.49
3928.0	19288.0	992.66
3929.0	19278.0	992.66
3930.0	19303.0	994.49
3931.0	19294.0	994.49
3932.0	19284.0	994.49
3933.0	19292.0	995.4
3934.0	19318.0	997.24
3935.0	19343.0	999.08
3936.0	19333.0	999.08
3937.0	19324.0	999.08
3938.0	19349.0	1000.9
3939.0	19340.0	1000.9
3940.0	19330.0	1000.9
3941.0	19338.0	1001.8
3942.0	19364.0	1003.7
3943.0	19354.0	1003.7
3944.0	19344.0	1003.7
3945.0	19334.0	1003.7
3946.0	19324.0	1003.7
3947.0	19315.0	1003.7
3948.0	19269.0	1001.8
3949.0	19242.0	1000.9
3950.0	19161.0	997.24
3951.0	19099.0	994.49
3952.0	19054.0	992.66
3953.0	19009.0	990.83
3954.0	18912.0	986.28
3955.0	18868.0	984.47
3956.0	18806.0	981.74
3957.0	18728.0	978.13
3958.0	18667.0	975.44
3959.0	18572.0	970.96
3960.0	18528.0	969.17
3961.0	18485.0	967.39
3962.0	18390.0	962.94
3963.0	18347.0	961.17
3964.0	18254.0	956.75
3965.0	18127.0	950.6
3966.0	18068.0	947.98
3967.0	17993.0	944.49
3968.0	17901.0	940.16
3969.0	17892.0	940.16
3970.0	17850.0	938.42
3971.0	17841.0	938.42
3972.0	17832.0	938.42
3973.0	17856.0	940.16
3974.0	17880.0	941.89
3975.0	17887.0	942.76
3976.0	17911.0	944.49
3977.0	17968.0	947.98
3978.0	17976.0	948.85
3979.0	18000.0	950.6
3980.0	18024.0	952.36
3981.0	18065.0	954.99
3982.0	18089.0	956.75
3983.0	18113.0	958.52
3984.0	18104.0	958.52
3985.0	18145.0	961.17
3986.0	18170.0	962.94
3987.0	18194.0	964.72
3988.0	18235.0	967.39
3989.0	18226.0	967.39
3990.0	18250.0	969.17
3991.0	18275.0	970.96
3992.0	18283.0	971.85
3993.0	18307.0	973.64
3994.0	18298.0	973.64
3995.0	18289.0	973.64
3996.0	18280.0	973.64
3997.0	18237.0	971.85
3998.0	18211.0	970.96
3999.0	18168.0	969.17
4000.0	18159.0	969.17
4001.0	18117.0	967.39
4002.0	18058.0	964.72
4003.0	18016.0	962.94
4004.0	18007.0	962.94
4005.0	17965.0	961.17
4006.0	17956.0	961.17
4007.0	17897.0	958.52
4008.0	17855.0	956.75
4009.0	17813.0	954.99
4010.0	17755.0	952.36
4011.0	17714.0	950.6
4012.0	17624.0	946.24
4013.0	17583.0	944.49
4014.0	17493.0	940.16
4015.0	17452.0	938.42
4016.0	17363.0	934.11
4017.0	17323.0	932.39
4018.0	17235.0	928.11
4019.0	17147.0	923.85
4020.0	17075.0	920.45
4021.0	17020.0	917.91
4022.0	16980.0	916.22
4023.0	16925.0	913.69
4024.0	16885.0	912.01
4025.0	16877.0	912.01
4026.0	16868.0	912.01
4027.0	16907.0	914.53
4028.0	16929.0	916.22
4029.0	16983.0	919.6
4030.0	17022.0	922.15
4031.0	17076.0	925.55
4032.0	17115.0	928.11
4033.0	17138.0	929.82
4034.0	17177.0	932.39
4035.0	17200.0	934.11
4036.0	17223.0	935.84
4037.0	17262.0	938.42
4038.0	17286.0	940.16
4039.0	17309.0	941.89
4040.0	17348.0	944.49
4041.0	17372.0	946.24
4042.0	17395.0	947.98
4043.0	17403.0	948.85
4044.0	17426.0	950.6
4045.0	17417.0	950.6
4046.0	17441.0	952.36
4047.0	17432.0	952.36
4048.0	17472.0	954.99
4049.0	17463.0	954.99
4050.0	17455.0	954.99
4051.0	17446.0	954.99
4052.0	17437.0	954.99
4053.0	17381.0	952.36
4054.0	17372.0	952.36
4055.0	17364.0	952.36
4056.0	17355.0	952.36
4057.0	17346.0	952.36
4058.0	17386.0	954.99
4059.0	17377.0	954.99
4060.0	17401.0	956.75
4061.0	17424.0	958.52
4062.0	17416.0	958.52
4063.0	17455.0	961.17
4064.0	17447.0	961.17
4065.0	17438.0	961.17
4066.0	17430.0	961.17
4067.0	17373.0	958.52
4068.0	17364.0	958.52
4069.0	17356.0	958.52
4070.0	17315.0	956.75
4071.0	17307.0	956.75
4072.0	17267.0	954.99
4073.0	17258.0	954.99
4074.0	17202.0	952.36
4075.0	17162.0	950.6
4076.0	17122.0	948.85
4077.0	17098.0	947.98
4078.0	17026.0	944.49
4079.0	16971.0	941.89
4080.0	16932.0	940.16
4081.0	16892.0	938.42
4082.0	16806.0	934.11
4083.0	16721.0	929.82
4084.0	16651.0	926.4
4085.0	16567.0	922.15
4086.0	16513.0	919.6
4087.0	16414.0	914.53
4088.0	16330.0	910.33
4089.0	16277.0	907.82
4090.0	16165.0	901.99
4091.0	16083.0	897.84
4092.0	15972.0	892.07
4093.0	15876.0	887.16
4094.0	15795.0	883.08
4095.0	15686.0	877.41
4096.0	15563.0	870.96
4097.0	15456.0	865.36
4098.0	15391.0	862.18
4099.0	15313.0	858.22
4100.0	15278.0	856.64
4101.0	15298.0	858.22
4102.0	15319.0	859.8
4103.0	15382.0	863.77
4104.0	15446.0	867.76
4105.0	15509.0	871.76
4106.0	15602.0	877.41
4107.0	15695.0	883.08
4108.0	15789.0	888.79
4109.0	15854.0	892.89
4110.0	15934.0	897.84
4111.0	16000.0	901.99
4112.0	16037.0	904.48
4113.0	16088.0	907.82
4114.0	16125.0	910.33
4115.0	16147.0	912.01
4116.0	16183.0	914.53
4117.0	16205.0	916.22
4118.0	16227.0	917.91
4119.0	16249.0	919.6
4120.0	16242.0	919.6
4121.0	16234.0	919.6
4122.0	16226.0	919.6
4123.0	16218.0	919.6
4124.0	16210.0	919.6
4125.0	16202.0	919.6
4126.0	16209.0	920.45
4127.0	16201.0	920.45
4128.0	16193.0	920.45
4129.0	16171.0	919.6
4130.0	16163.0	919.6
4131.0	16125.0	917.91
4132.0	16118.0	917.91
4133.0	16080.0	916.22
4134.0	16072.0	916.22
4135.0	16065.0	916.22
4136.0	16013.0	913.69
4137.0	16005.0	913.69
4138.0	15968.0	912.01
4139.0	15960.0	912.01
4140.0	15923.0	910.33
4141.0	15915.0	910.33
4142.0	15907.0	910.33
4143.0	15900.0	910.33
4144.0	15892.0	910.33
4145.0	15841.0	907.82
4146.0	15833.0	907.82
4147.0	15825.0	907.82
4148.0	15818.0	907.82
4149.0	15810.0	907.82
4150.0	15802.0	907.82
4151.0	15766.0	906.15
4152.0	15758.0	906.15
4153.0	15751.0	906.15
4154.0	15714.0	904.48
4155.0	15706.0	904.48
4156.0	15699.0	904.48
4157.0	15691.0	904.48
4158.0	15684.0	904.48
4159.0	15676.0	904.48
4160.0	15669.0	904.48
4161.0	15661.0	904.48
4162.0	15610.0	901.99
4163.0	15603.0	901.99
4164.0	15567.0	900.33
4165.0	15559.0	900.33
4166.0	15523.0	898.67
4167.0	15501.0	897.84
4168.0	15494.0	897.84
4169.0	15487.0	897.84
4170.0	15479.0	897.84
4171.0	15472.0	897.84
4172.0	15436.0	896.19
4173.0	15429.0	896.19
4174.0	15393.0	894.54
4175.0	15357.0	892.89
4176.0	15336.0	892.07
4177.0	15300.0	890.43
4178.0	15265.0	888.79
4179.0	15215.0	886.34
4180.0	15180.0	884.71
4181.0	15145.0	883.08
4182.0	15096.0	880.64
4183.0	15033.0	877.41
4184.0	14984.0	874.98
4185.0	14908.0	870.96
4186.0	14846.0	867.76
4187.0	14798.0	865.36
4188.0	14737.0	862.18
4189.0	14635.0	856.64
4190.0	14534.0	851.14
4191.0	14461.0	847.23
4192.0	14361.0	841.78
4193.0	14288.0	837.91
4194.0	14216.0	834.06
4195.0	14157.0	831.0
4196.0	14085.0	827.18
4197.0	14013.0	823.38
4198.0	13981.0	821.86
4199.0	13936.0	819.59
4200.0	13929.0	819.59
4201.0	13935.0	820.35
4202.0	13954.0	821.86
4203.0	13999.0	824.9
4204.0	14031.0	827.18
4205.0	14089.0	831.0
4206.0	14135.0	834.06
4207.0	14193.0	837.91
4208.0	14226.0	840.23
4209.0	14271.0	843.33
4210.0	14330.0	847.23
4211.0	14390.0	851.14
4212.0	14436.0	854.28
4213.0	14496.0	858.22
4214.0	14556.0	862.18
4215.0	14602.0	865.36
4216.0	14636.0	867.76
4217.0	14683.0	870.96
4218.0	14717.0	873.37
4219.0	14778.0	877.41
4220.0	14798.0	879.02
4221.0	14859.0	883.08
4222.0	14852.0	883.08
4223.0	14872.0	884.71
4224.0	14893.0	886.34
4225.0	14899.0	887.16
4226.0	14920.0	888.79
4227.0	14913.0	888.79
4228.0	14906.0	888.79
4229.0	14899.0	888.79
4230.0	14892.0	888.79
4231.0	14885.0	888.79
4232.0	14878.0	888.79
4233.0	14843.0	887.16
4234.0	14836.0	887.16
4235.0	14815.0	886.34
4236.0	14808.0	886.34
4237.0	14801.0	886.34
4238.0	14767.0	884.71
4239.0	14760.0	884.71
4240.0	14753.0	884.71
4241.0	14746.0	884.71
4242.0	14739.0	884.71
4243.0	14732.0	884.71
4244.0	14726.0	884.71
4245.0	14746.0	886.34
4246.0	14739.0	886.34
4247.0	14732.0	886.34
4248.0	14725.0	886.34
4249.0	14718.0	886.34
4250.0	14711.0	886.34
4251.0	14704.0	886.34
4252.0	14670.0	884.71
4253.0	14663.0	884.71
4254.0	14629.0	883.08
4255.0	14622.0	883.08
4256.0	14616.0	883.08
4257.0	14609.0	883.08
4258.0	14562.0	880.64
4259.0	14555.0	880.64
4260.0	14521.0	879.02
4261.0	14514.0	879.02
4262.0	14508.0	879.02
4263.0	14474.0	877.41
4264.0	14467.0	877.41
4265.0	14461.0	877.41
4266.0	14454.0	877.41
4267.0	14447.0	877.41
4268.0	14440.0	877.41
4269.0	14394.0	874.98
4270.0	14387.0	874.98
4271.0	14380.0	874.98
4272.0	14373.0	874.98
4273.0	14340.0	873.37
4274.0	14333.0	873.37
4275.0	14327.0	873.37
4276.0	14320.0	873.37
4277.0	14287.0	871.76
4278.0	14267.0	870.96
4279.0	14260.0	870.96
4280.0	14254.0	870.96
4281.0	14221.0	869.36
4282.0	14214.0	869.36
4283.0	14182.0	867.76
4284.0	14149.0	866.17
4285.0	14129.0	865.36
4286.0	14123.0	865.36
4287.0	14090.0	863.77
4288.0	14058.0	862.18
4289.0	14051.0	862.18
4290.0	14006.0	859.8
4291.0	13999.0	859.8
4292.0	13967.0	858.22
4293.0	13960.0	858.22
4294.0	13954.0	858.22
4295.0	13947.0	858.22
4296.0	13915.0	856.64
4297.0	13909.0	856.64
4298.0	13902.0	856.64
4299.0	13896.0	856.64
4300.0	13889.0	856.64
4301.0	13883.0	856.64
4302.0	13838.0	854.28
4303.0	13832.0	854.28
4304.0	13825.0	854.28
4305.0	13819.0	854.28
4306.0	13812.0	854.28
4307.0	13806.0	854.28
4308.0	13800.0	854.28
4309.0	13768.0	852.71
4310.0	13761.0	852.71
4311.0	13755.0	852.71
4312.0	13749.0	852.71
4313.0	13717.0	851.14
4314.0	13711.0	851.14
4315.0	13666.0	848.79
4316.0	13635.0	847.23
4317.0	13591.0	844.89
4318.0	13560.0	843.33
4319.0	13504.0	840.23
4320.0	13460.0	837.91
4321.0	13429.0	836.37
4322.0	13361.0	832.53
4323.0	13294.0	828.7
4324.0	13227.0	824.9
4325.0	13172.0	821.86
4326.0	13081.0	816.58
4327.0	13015.0	812.83
4328.0	12925.0	807.6
4329.0	12813.0	800.94
4330.0	12713.0	795.06
4331.0	12602.0	788.5
4332.0	12492.0	781.99
4333.0	12395.0	776.25
4334.0	12264.0	768.42
4335.0	12180.0	763.48
4336.0	12096.0	758.58
4337.0	12035.0	755.09
4338.0	11996.0	753.01
4339.0	11991.0	753.01
4340.0	12018.0	755.09
4341.0	12068.0	758.58
4342.0	12141.0	763.48
4343.0	12214.0	768.42
4344.0	12310.0	774.82
4345.0	12383.0	779.83
4346.0	12492.0	787.04
4347.0	12567.0	792.14
4348.0	12619.0	795.79
4349.0	12684.0	800.2
4350.0	12771.0	806.12
4351.0	12813.0	809.09
4352.0	12866.0	812.83
4353.0	12896.0	815.08
4354.0	12937.0	818.08
4355.0	12967.0	820.35
4356.0	13009.0	823.38
4357.0	13027.0	824.9
4358.0	13057.0	827.18
4359.0	13075.0	828.7
4360.0	13069.0	828.7
4361.0	13099.0	831.0
4362.0	13093.0	831.0
4363.0	13087.0	831.0
4364.0	13105.0	832.53
4365.0	13099.0	832.53
4366.0	13093.0	832.53
4367.0	13087.0	832.53
4368.0	13081.0	832.53
4369.0	13075.0	832.53
4370.0	13045.0	831.0
4371.0	13039.0	831.0
4372.0	13033.0	831.0
4373.0	12992.0	828.7
4374.0	12986.0	828.7
4375.0	12980.0	828.7
4376.0	12974.0	828.7
4377.0	12944.0	827.18
4378.0	12938.0	827.18
4379.0	12932.0	827.18
4380.0	12926.0	827.18
4381.0	12920.0	827.18
4382.0	12914.0	827.18
4383.0	12909.0	827.18
4384.0	12903.0	827.18
4385.0	12897.0	827.18
4386.0	12891.0	827.18
4387.0	12861.0	825.66
4388.0	12855.0	825.66
4389.0	12838.0	824.9
4390.0	12832.0	824.9
4391.0	12826.0	824.9
4392.0	12820.0	824.9
4393.0	12791.0	823.38
4394.0	12785.0	823.38
4395.0	12779.0	823.38
4396.0	12773.0	823.38
4397.0	12768.0	823.38
4398.0	12762.0	823.38
4399.0	12756.0	823.38
4400.0	12727.0	821.86
4401.0	12721.0	821.86
4402.0	12715.0	821.86
4403.0	12686.0	820.35
4404.0	12680.0	820.35
4405.0	12663.0	819.59
4406.0	12657.0	819.59
4407.0	12651.0	819.59
4408.0	12622.0	818.08
4409.0	12616.0	818.08
4410.0	12611.0	818.08
4411.0	12605.0	818.08
4412.0	12599.0	818.08
4413.0	12594.0	818.08
4414.0	12588.0	818.08
4415.0	12582.0	818.08
4416.0	12577.0	818.08
4417.0	12571.0	818.08
4418.0	12565.0	818.08
4419.0	12559.0	818.08
4420.0	12531.0	816.58
4421.0	12525.0	816.58
4422.0	12519.0	816.58
4423.0	12491.0	815.08
4424.0	12474.0	814.33
4425.0	12468.0	814.33
4426.0	12462.0	814.33
4427.0	12457.0	814.33
4428.0	12451.0	814.33
4429.0	12445.0	814.33
4430.0	12440.0	814.33
4431.0	12411.0	812.83
4432.0	12406.0	812.83
4433.0	12400.0	812.83
4434.0	12395.0	812.83
4435.0	12366.0	811.33
4436.0	12361.0	811.33
4437.0	12355.0	811.33
4438.0	12349.0	811.33
4439.0	12344.0	811.33
4440.0	12338.0	811.33
4441.0	12333.0	811.33
4442.0	12327.0	811.33
4443.0	12288.0	809.09
4444.0	12282.0	809.09
4445.0	12254.0	807.6
4446.0	12248.0	807.6
4447.0	12220.0	806.12
4448.0	12215.0	806.12
4449.0	12176.0	803.89
4450.0	12148.0	802.42
4451.0	12109.0	800.2
4452.0	12081.0	798.73
4453.0	12053.0	797.26
4454.0	12015.0	795.06
4455.0	12010.0	795.06
4456.0	11982.0	793.6
4457.0	11955.0	792.14
4458.0	11949.0	792.14
4459.0	11911.0	789.95
4460.0	11906.0	789.95
4461.0	11878.0	788.5
4462.0	11851.0	787.04
4463.0	11813.0	784.87
4464.0	11764.0	781.99
4465.0	11727.0	779.83
4466.0	11678.0	776.96
4467.0	11641.0	774.82
4468.0	11582.0	771.26
4469.0	11535.0	768.42
4470.0	11529.0	768.42
4471.0	11492.0	766.3
4472.0	11487.0	766.3
4473.0	11514.0	768.42
4474.0	11530.0	769.84
4475.0	11546.0	771.26
4476.0	11573.0	773.39
4477.0	11589.0	774.82
4478.0	11584.0	774.82
4479.0	11600.0	776.25
4480.0	11595.0	776.25
4481.0	11600.0	776.96
4482.0	11617.0	778.39
4483.0	11611.0	778.39
4484.0	11606.0	778.39
4485.0	11601.0	778.39
4486.0	11596.0	778.39
4487.0	11591.0	778.39
4488.0	11585.0	778.39
4489.0	11580.0	778.39
4490.0	11575.0	778.39
4491.0	11570.0	778.39
4492.0	11565.0	778.39
4493.0	11560.0	778.39
4494.0	11555.0	778.39
4495.0	11549.0	778.39
4496.0	11544.0	778.39
4497.0	11539.0	778.39
4498.0	11534.0	778.39
4499.0	11529.0	778.39
4500.0	11503.0	776.96
4501.0	11487.0	776.25
4502.0	11482.0	776.25
4503.0	11477.0	776.25
4504.0	11451.0	774.82
4505.0	11424.0	773.39
4506.0	11398.0	771.97
4507.0	11383.0	771.26
4508.0	11357.0	769.84
4509.0	11331.0	768.42
4510.0	11326.0	768.42
4511.0	11321.0	768.42
4512.0	11284.0	766.3
4513.0	11259.0	764.89
4514.0	11233.0	763.48
4515.0	11228.0	763.48
4516.0	11223.0	763.48
4517.0	11187.0	761.38
4518.0	11182.0	761.38
4519.0	11157.0	759.98
4520.0	11131.0	758.58
4521.0	11126.0	758.58
4522.0	11091.0	756.48
4523.0	11065.0	755.09
4524.0	11010.0	751.62
4525.0	10985.0	750.24
4526.0	10929.0	746.79
4527.0	10874.0	743.36
4528.0	10829.0	740.63
4529.0	10745.0	735.19
4530.0	10671.0	730.47
4531.0	10598.0	725.77
4532.0	10506.0	719.78
4533.0	10415.0	713.84
4534.0	10334.0	708.6
4535.0	10244.0	702.75
4536.0	10155.0	696.95
4537.0	10076.0	691.83
4538.0	9988.3	686.12
4539.0	9965.5	684.86
4540.0	9915.4	681.71
4541.0	9911.0	681.71
4542.0	9924.9	682.96
4543.0	9966.3	686.12
4544.0	10008.0	689.29
4545.0	10087.0	695.02
4546.0	10148.0	699.52
4547.0	10237.0	705.99
4548.0	10299.0	710.56
4549.0	10380.0	716.47
4550.0	10442.0	721.11
4551.0	10505.0	725.77
4552.0	10549.0	729.12
4553.0	10613.0	733.84
4554.0	10637.0	735.87
4555.0	10702.0	740.63
4556.0	10717.0	741.99
4557.0	10761.0	745.42
4558.0	10776.0	746.79
4559.0	10791.0	748.17
4560.0	10817.0	750.24
4561.0	10832.0	751.62
4562.0	10847.0	753.01
4563.0	10852.0	753.7
4564.0	10868.0	755.09
4565.0	10863.0	755.09
4566.0	10878.0	756.48
4567.0	10873.0	756.48
4568.0	10868.0	756.48
4569.0	10894.0	758.58
4570.0	10889.0	758.58
4571.0	10884.0	758.58
4572.0	10879.0	758.58
4573.0	10875.0	758.58
4574.0	10870.0	758.58
4575.0	10865.0	758.58
4576.0	10860.0	758.58
4577.0	10856.0	758.58
4578.0	10851.0	758.58
4579.0	10846.0	758.58
4580.0	10841.0	758.58
4581.0	10837.0	758.58
4582.0	10832.0	758.58
4583.0	10827.0	758.58
4584.0	10823.0	758.58
4585.0	10818.0	758.58
4586.0	10783.0	756.48
4587.0	10759.0	755.09
4588.0	10754.0	755.09
4589.0	10730.0	753.7
4590.0	10715.0	753.01
4591.0	10710.0	753.01
4592.0	10686.0	751.62
4593.0	10681.0	751.62
4594.0	10657.0	750.24
4595.0	10633.0	748.86
4596.0	10618.0	748.17
4597.0	10614.0	748.17
4598.0	10590.0	746.79
4599.0	10566.0	745.42
4600.0	10561.0	745.42
4601.0	10644.0	751.62
4602.0	10620.0	750.24
4603.0	10615.0	750.24
4604.0	10582.0	748.17
4605.0	10557.0	746.79
4606.0	10553.0	746.79
4607.0	10568.0	748.17
4608.0	10563.0	748.17
4609.0	10539.0	746.79
4610.0	10515.0	745.42
4611.0	10511.0	745.42
4612.0	10506.0	745.42
4613.0	10502.0	745.42
4614.0	10497.0	745.42
4615.0	10492.0	745.42
4616.0	10459.0	743.36
4617.0	10454.0	743.36
4618.0	10450.0	743.36
4619.0	10426.0	741.99
4620.0	10422.0	741.99
4621.0	10398.0	740.63
4622.0	10393.0	740.63
4623.0	10389.0	740.63
4624.0	10384.0	740.63
4625.0	10380.0	740.63
4626.0	10376.0	740.63
4627.0	10342.0	738.58
4628.0	10319.0	737.22
4629.0	10295.0	735.87
4630.0	10282.0	735.19
4631.0	10277.0	735.19
4632.0	10273.0	735.19
4633.0	10268.0	735.19
4634.0	10264.0	735.19
4635.0	10259.0	735.19
4636.0	10255.0	735.19
4637.0	10251.0	735.19
4638.0	10246.0	735.19
4639.0	10242.0	735.19
4640.0	10237.0	735.19
4641.0	10214.0	733.84
4642.0	10210.0	733.84
4643.0	10224.0	735.19
4644.0	10220.0	735.19
4645.0	10225.0	735.87
4646.0	10220.0	735.87
4647.0	10216.0	735.87
4648.0	10211.0	735.87
4649.0	10207.0	735.87
4650.0	10203.0	735.87
4651.0	10198.0	735.87
4652.0	10185.0	735.19
4653.0	10180.0	735.19
4654.0	10157.0	733.84
4655.0	10153.0	733.84
4656.0	10130.0	732.49
4657.0	10125.0	732.49
4658.0	10093.0	730.47
4659.0	10089.0	730.47
4660.0	10066.0	729.12
4661.0	10080.0	730.47
4662.0	10057.0	729.12
4663.0	10053.0	729.12
4664.0	10030.0	727.78
4665.0	10007.0	726.44
4666.0	9993.8	725.77
4667.0	9952.8	723.1
4668.0	9902.8	719.78
4669.0	9880.4	718.45
4670.0	9848.9	716.47
4671.0	9799.4	713.18
4672.0	9741.3	709.25
4673.0	9665.6	704.04
4674.0	9581.7	698.23
4675.0	9498.5	692.47
4676.0	9424.8	687.38
4677.0	9343.0	681.71
4678.0	9236.3	674.21
4679.0	9130.9	666.81
4680.0	8993.5	657.05
4681.0	8874.5	648.63
4682.0	8757.0	640.32
4683.0	8641.1	632.12
4684.0	8581.9	628.06
4685.0	8538.9	625.17
4686.0	8551.0	626.33
4687.0	8602.6	630.38
4688.0	8694.5	637.38
4689.0	8787.4	644.46
4690.0	8897.6	652.83
4691.0	8877.5	651.63
4692.0	8865.5	651.03
4693.0	8869.9	651.63
4694.0	8882.5	652.83
4695.0	8895.1	654.03
4696.0	8891.3	654.03
4697.0	8903.9	655.24
4698.0	8924.7	657.05
4699.0	8962.1	660.08
4700.0	8974.8	661.3
4702.0	9041.8	666.81
4704.0	9092.6	671.12
4706.0	9152.0	676.08
4708.0	9203.4	680.46
4710.0	9255.1	684.86
4712.0	9307.0	689.29
4714.0	9333.4	691.83
4716.0	9368.5	695.02
4718.0	9386.5	696.95
4720.0	9413.2	699.52
4722.0	9431.2	701.45
4724.0	9423.2	701.45
4726.0	9432.6	702.75
4728.0	9442.0	704.04
4730.0	9434.0	704.04
4732.0	9434.8	704.69
4734.0	9444.2	705.99
4736.0	9436.2	705.99
4738.0	9428.2	705.99
4740.0	9420.3	705.99
4742.0	9412.4	705.99
4744.0	9404.4	705.99
4746.0	9396.5	705.99
4748.0	9388.6	705.99
4750.0	9380.7	705.99
4752.0	9355.5	704.69
4754.0	9347.6	704.69
4756.0	9339.8	704.69
4758.0	9331.9	704.69
4760.0	9324.1	704.69
4762.0	9316.2	704.69
4764.0	9299.9	704.04
4766.0	9292.1	704.04
4768.0	9284.3	704.04
4770.0	9276.5	704.04
4772.0	9251.7	702.75
4774.0	9243.9	702.75
4776.0	9219.2	701.45
4778.0	9211.4	701.45
4780.0	9178.3	699.52
4782.0	9170.7	699.52
4784.0	9146.1	698.23
4786.0	9138.5	698.23
4788.0	9114.1	696.95
4790.0	9106.5	696.95
4792.0	9098.9	696.95
4794.0	9066.2	695.02
4796.0	9058.6	695.02
4798.0	9051.1	695.02
4800.0	9026.9	693.74
4802.0	9019.4	693.74
4804.0	9011.9	693.74
4806.0	8987.8	692.47
4808.0	8972.0	691.83
4810.0	8964.6	691.83
4812.0	8940.6	690.56
4814.0	8916.8	689.29
4816.0	8909.4	689.29
4818.0	8885.6	688.02
4820.0	8870.0	687.38
4822.0	8846.4	686.12
4824.0	8839.0	686.12
4826.0	8815.5	684.86
4828.0	8808.2	684.86
4830.0	8800.9	684.86
4832.0	8769.3	682.96
4834.0	8762.1	682.96
4836.0	8738.7	681.71
4838.0	8715.4	680.46
4840.0	8668.2	677.33
4842.0	8645.1	676.08
4844.0	8574.6	671.12
4846.0	8536.0	668.65
4848.0	8474.1	664.35
4850.0	8412.7	660.08
4852.0	8344.1	655.24
4854.0	8283.6	651.03
4856.0	8208.5	645.65
4858.0	8149.0	641.5
4860.0	8104.9	638.56
4862.0	8046.2	634.45
4864.0	8002.6	631.54
4866.0	7981.4	630.38
4868.0	7989.5	631.54
4870.0	7982.9	631.54
4872.0	8013.2	634.45
4874.0	8080.7	640.32
4876.0	8126.3	644.46
4878.0	8202.3	651.03
4880.0	8271.4	657.05
4882.0	8333.5	662.52
4884.0	8380.5	666.81
4886.0	8412.3	669.88
4888.0	8428.7	671.74
4890.0	8437.3	672.98
4892.0	8430.4	672.98
4894.0	8423.5	672.98
4896.0	8416.6	672.98
4898.0	8394.3	671.74
4900.0	8379.7	671.12
4902.0	8357.4	669.88
4904.0	8335.2	668.65
4906.0	8328.5	668.65
4908.0	8298.7	666.81
4910.0	8292.0	666.81
4912.0	8269.9	665.58
4914.0	8263.2	665.58
4916.0	8241.3	664.35
4918.0	8234.6	664.35
4920.0	8227.9	664.35
4922.0	8221.2	664.35
4924.0	8214.6	664.35
4926.0	8207.9	664.35
4928.0	8201.2	664.35
4930.0	8172.0	662.52
4932.0	8165.3	662.52
4934.0	8158.7	662.52
4936.0	8152.1	662.52
4938.0	8145.5	662.52
4940.0	8138.9	662.52
4942.0	8132.3	662.52
4944.0	8125.8	662.52
4946.0	8141.6	664.35
4948.0	8135.1	664.35
4950.0	8128.5	664.35
4952.0	8121.9	664.35
4954.0	8115.4	664.35
4956.0	8108.8	664.35
4958.0	8102.3	664.35
4960.0	8095.7	664.35
4962.0	8066.9	662.52
4964.0	8060.4	662.52
4966.0	8053.9	662.52
4968.0	8047.4	662.52
4970.0	8026.1	661.3
4972.0	8019.7	661.3
4974.0	8013.2	661.3
4976.0	7992.1	660.08
4978.0	7985.7	660.08
4980.0	7979.2	660.08
4982.0	7950.8	658.26
4984.0	7944.5	658.26
4986.0	7923.5	657.05
4988.0	7917.1	657.05
4990.0	7910.8	657.05
4992.0	7904.4	657.05
4994.0	7883.6	655.84
4996.0	7870.0	655.24
4998.0	7863.7	655.24
5000.0	7857.5	655.24
5002.0	7836.7	654.03
5004.0	7830.4	654.03
5006.0	7824.2	654.03
5008.0	7803.5	652.83
5010.0	7797.3	652.83
5012.0	7791.1	652.83
5014.0	7770.5	651.63
5016.0	7757.2	651.03
5018.0	7751.0	651.03
5020.0	7730.6	649.83
5022.0	7724.4	649.83
5024.0	7718.3	649.83
5026.0	7697.9	648.63
5028.0	7691.8	648.63
5030.0	7671.6	647.44
5032.0	7658.4	646.85
5034.0	7638.2	645.65
5036.0	7632.2	645.65
5038.0	7612.1	644.46
5040.0	7606.0	644.46
5042.0	7579.1	642.69
5044.0	7559.1	641.5
5046.0	7553.1	641.5
5048.0	7533.2	640.32
5050.0	7527.3	640.32
5052.0	7500.6	638.56
5054.0	7480.8	637.38
5056.0	7474.9	637.38
5058.0	7455.2	636.21
5060.0	7442.5	635.62
5062.0	7436.6	635.62
5064.0	7417.1	634.45
5066.0	7411.2	634.45
5068.0	7405.4	634.45
5070.0	7385.9	633.29
5072.0	7380.1	633.29
5074.0	7374.3	633.29
5076.0	7368.5	633.29
5078.0	7362.7	633.29
5080.0	7343.3	632.12
5082.0	7337.5	632.12
5084.0	7331.8	632.12
5086.0	7319.3	631.54
5088.0	7313.5	631.54
5090.0	7307.8	631.54
5092.0	7288.6	630.38
5094.0	7282.9	630.38
5096.0	7263.8	629.22
5098.0	7258.1	629.22
5100.0	7239.0	628.06
5102.0	7226.7	627.48
5104.0	7221.0	627.48
5106.0	7202.1	626.33
5108.0	7196.5	626.33
5110.0	7177.6	625.17
5112.0	7172.0	625.17
5114.0	7166.4	625.17
5116.0	7160.8	625.17
5118.0	7135.4	623.45
5120.0	7129.9	623.45
5122.0	7124.3	623.45
5124.0	7118.7	623.45
5126.0	7113.2	623.45
5128.0	7094.6	622.3
5130.0	7089.0	622.3
5132.0	7083.5	622.3
5134.0	7064.9	621.15
5136.0	7059.4	621.15
5138.0	7053.9	621.15
5140.0	7029.0	619.44
5142.0	7023.5	619.44
5144.0	7018.1	619.44
5146.0	6999.7	618.3
5148.0	6994.3	618.3
5150.0	6995.3	618.87
5152.0	6983.4	618.3
5154.0	6971.6	617.73
5156.0	6966.2	617.73
5158.0	6954.4	617.16
5160.0	6942.6	616.59
5162.0	6937.2	616.59
5164.0	6925.4	616.03
5166.0	6913.7	615.46
5168.0	6908.4	615.46
5170.0	6896.7	614.89
5172.0	6885.0	614.33
5174.0	6879.7	614.33
5176.0	6868.0	613.76
5178.0	6856.4	613.2
5180.0	6851.1	613.2
5182.0	6839.5	612.63
5184.0	6827.9	612.07
5186.0	6822.7	612.07
5188.0	6811.2	611.5
5190.0	6799.6	610.94
5192.0	6794.4	610.94
5194.0	6782.9	610.38
5196.0	6771.5	609.82
5198.0	6760.0	609.26
5200.0	6754.8	609.26
5202.0	6743.4	608.69
5204.0	6732.0	608.13
5206.0	6733.0	608.69
5208.0	6715.5	607.57
5210.0	6710.3	607.57
5212.0	6705.2	607.57
5214.0	6687.7	606.46
5216.0	6682.6	606.46
5218.0	6677.5	606.46
5220.0	6672.4	606.46
5222.0	6648.8	604.78
5224.0	6643.8	604.78
5226.0	6638.7	604.78
5228.0	6633.6	604.78
5230.0	6616.3	603.67
5232.0	6611.3	603.67
5234.0	6594.1	602.56
5236.0	6589.0	602.56
5238.0	6565.8	600.9
5240.0	6560.8	600.9
5242.0	6543.7	599.79
5244.0	6538.8	599.79
5246.0	6521.8	598.69
5248.0	6516.8	598.69
5250.0	6505.8	598.14
5252.0	6500.9	598.14
5254.0	6484.0	597.03
5256.0	6479.0	597.03
5258.0	6474.1	597.03
5260.0	6469.2	597.03
5262.0	6464.3	597.03
5264.0	6459.3	597.03
5266.0	6454.4	597.03
5268.0	6449.5	597.03
5270.0	6432.8	595.94
5272.0	6427.9	595.94
5274.0	6423.0	595.94
5276.0	6406.4	594.84
5278.0	6395.6	594.29
5280.0	6379.0	593.2
5282.0	6374.2	593.2
5284.0	6357.6	592.11
5286.0	6352.8	592.11
5288.0	6330.5	590.47
5290.0	6314.1	589.39
5292.0	6309.3	589.39
5294.0	6292.9	588.3
5296.0	6288.2	588.3
5298.0	6266.1	586.68
5300.0	6261.3	586.68
5302.0	6245.1	585.6
5304.0	6228.9	584.52
5306.0	6218.5	583.98
5308.0	6213.8	583.98
5310.0	6197.7	582.91
5312.0	6193.1	582.91
5314.0	6188.4	582.91
5316.0	6183.7	582.91
5318.0	6179.1	582.91
5320.0	6163.1	581.83
5322.0	6158.4	581.83
5324.0	6153.8	581.83
5326.0	6149.2	581.83
5328.0	6144.6	581.83
5330.0	6140.0	581.83
5332.0	6124.1	580.76
5334.0	6113.8	580.23
5336.0	6109.3	580.23
5338.0	6093.4	579.16
5340.0	6077.7	578.09
5342.0	6073.1	578.09
5344.0	6057.4	577.03
5346.0	6047.3	576.5
5348.0	6042.8	576.5
5350.0	6027.2	575.44
5352.0	6022.7	575.44
5354.0	6007.1	574.38
5356.0	6002.6	574.38
5358.0	5981.6	572.8
5360.0	5977.1	572.8
5362.0	5961.6	571.74
5364.0	5946.2	570.69
5366.0	5941.8	570.69
5368.0	5937.4	570.69
5370.0	5916.6	569.11
5372.0	5901.3	568.07
5374.0	5896.9	568.07
5376.0	5876.3	566.5
5378.0	5861.1	565.46
5380.0	5845.9	564.41
5382.0	5825.5	562.86
5384.0	5810.5	561.82
5386.0	5784.8	559.76
5388.0	5764.5	558.21
5390.0	5749.7	557.18
5392.0	5719.0	554.63
5394.0	5688.5	552.08
5396.0	5647.8	548.53
5398.0	5607.3	545.0
5400.0	5567.1	541.5
5402.0	5527.3	538.02
5404.0	5477.6	533.58
5406.0	5433.4	529.66
5408.0	5394.5	526.26
5410.0	5346.0	521.92
5412.0	5317.5	519.52
5414.0	5289.1	517.13
5416.0	5265.8	515.23
5418.0	5247.4	513.81
5420.0	5248.3	514.28
5422.0	5254.1	515.23
5424.0	5259.9	516.18
5426.0	5290.1	519.52
5428.0	5310.6	521.92
5430.0	5341.0	525.29
5432.0	5381.5	529.66
5434.0	5412.3	533.09
5436.0	5448.3	537.03
5438.0	5464.4	539.01
5440.0	5495.7	542.5
5442.0	5517.0	545.0
5444.0	5528.2	546.51
5446.0	5544.5	548.53
5448.0	5555.8	550.05
5450.0	5561.9	551.06
5452.0	5568.1	552.08
5454.0	5579.4	553.61
5456.0	5575.3	553.61
5458.0	5571.3	553.61
5460.0	5567.2	553.61
5462.0	5563.1	553.61
5464.0	5543.7	552.08
5466.0	5539.6	552.08
5468.0	5535.6	552.08
5470.0	5531.5	552.08
5472.0	5527.5	552.08
5474.0	5513.3	551.06
5476.0	5509.3	551.06
5478.0	5505.2	551.06
5480.0	5501.2	551.06
5482.0	5487.1	550.05
5484.0	5478.0	549.54
5486.0	5474.1	549.54
5488.0	5470.1	549.54
5490.0	5456.0	548.53
5492.0	5452.0	548.53
5494.0	5448.1	548.53
5496.0	5444.1	548.53
5498.0	5430.1	547.52
5500.0	5426.2	547.52
5502.0	5422.2	547.52
5504.0	5418.3	547.52
5506.0	5404.4	546.51
5508.0	5395.5	546.01
5510.0	5391.6	546.01
5512.0	5387.7	546.01
5514.0	5383.8	546.01
5516.0	5370.0	545.0
5518.0	5366.1	545.0
5520.0	5362.2	545.0
5522.0	5358.3	545.0
5524.0	5354.4	545.0
5526.0	5340.7	544.0
5528.0	5336.8	544.0
5530.0	5333.0	544.0
5532.0	5329.1	544.0
5534.0	5325.3	544.0
5536.0	5306.8	542.5
5538.0	5302.9	542.5
5540.0	5299.1	542.5
5542.0	5285.5	541.5
5544.0	5281.7	541.5
5546.0	5268.2	540.5
5548.0	5264.4	540.5
5550.0	5260.6	540.5
5552.0	5242.3	539.01
5554.0	5238.5	539.01
5556.0	5225.1	538.02
5558.0	5221.3	538.02
5560.0	5217.6	538.02
5562.0	5204.3	537.03
5564.0	5200.5	537.03
5566.0	5196.8	537.03
5568.0	5193.0	537.03
5570.0	5189.3	537.03
5572.0	5185.6	537.03
5574.0	5181.9	537.03
5576.0	5163.9	535.55
5578.0	5160.2	535.55
5580.0	5156.5	535.55
5582.0	5152.8	535.55
5584.0	5139.6	534.56
5586.0	5135.9	534.56
5588.0	5122.8	533.58
5590.0	5114.4	533.09
5592.0	5110.8	533.09
5594.0	5107.1	533.09
5596.0	5094.1	532.11
5598.0	5090.4	532.11
5600.0	5077.4	531.13
5602.0	5073.8	531.13
5604.0	5070.2	531.13
5606.0	5057.2	530.15
5608.0	5049.0	529.66
5610.0	5045.4	529.66
5612.0	5041.8	529.66
5614.0	5028.9	528.69
5616.0	5025.3	528.69
5618.0	5012.5	527.71
5620.0	5009.0	527.71
5622.0	5005.4	527.71
5624.0	4988.1	526.26
5626.0	4984.5	526.26
5628.0	4981.0	526.26
5630.0	4968.3	525.29
5632.0	4964.7	525.29
5634.0	4952.1	524.32
5636.0	4948.6	524.32
5638.0	4945.0	524.32
5640.0	4941.5	524.32
5642.0	4924.4	522.88
5644.0	4920.9	522.88
5646.0	4908.4	521.92
5648.0	4904.9	521.92
5650.0	4892.4	520.95
5652.0	4889.0	520.95
5654.0	4881.0	520.48
5656.0	4877.6	520.48
5658.0	4874.1	520.48
5660.0	4870.7	520.48
5662.0	4858.3	519.52
5664.0	4854.8	519.52
5666.0	4842.5	518.56
5668.0	4839.1	518.56
5670.0	4826.7	517.61
5672.0	4818.9	517.13
5674.0	4815.5	517.13
5676.0	4803.2	516.18
5678.0	4799.9	516.18
5680.0	4796.5	516.18
5682.0	4784.3	515.23
5684.0	4780.9	515.23
5686.0	4768.8	514.28
5688.0	4761.0	513.81
5690.0	4757.7	513.81
5692.0	4745.6	512.86
5694.0	4742.3	512.86
5696.0	4738.9	512.86
5698.0	4726.9	511.92
5700.0	4723.6	511.92
5702.0	4720.3	511.92
5704.0	4716.9	511.92
5706.0	4700.6	510.51
5708.0	4697.4	510.51
5710.0	4694.1	510.51
5712.0	4690.8	510.51
5714.0	4678.9	509.56
5716.0	4675.6	509.56
5718.0	4672.3	509.56
5720.0	4669.0	509.56
5722.0	4657.2	508.63
5724.0	4653.9	508.63
5726.0	4650.7	508.63
5728.0	4647.4	508.63
5730.0	4631.4	507.22
5732.0	4628.2	507.22
5734.0	4624.9	507.22
5736.0	4613.2	506.29
5738.0	4610.0	506.29
5740.0	4606.8	506.29
5742.0	4603.6	506.29
5744.0	4591.9	505.36
5746.0	4588.7	505.36
5748.0	4581.3	504.89
5750.0	4578.1	504.89
5752.0	4574.9	504.89
5754.0	4563.3	503.96
5756.0	4560.2	503.96
5758.0	4557.0	503.96
5760.0	4545.4	503.04
5762.0	4542.3	503.04
5764.0	4530.8	502.11
5766.0	4523.5	501.65
5768.0	4520.3	501.65
5770.0	4517.2	501.65
5772.0	4505.8	500.73
5774.0	4502.6	500.73
5776.0	4491.3	499.81
5778.0	4488.1	499.81
5780.0	4476.8	498.88
5782.0	4473.7	498.88
5784.0	4466.5	498.42
5786.0	4463.4	498.42
5788.0	4460.3	498.42
5790.0	4449.0	497.51
5792.0	4445.9	497.51
5794.0	4434.7	496.59
5796.0	4431.6	496.59
5798.0	4428.6	496.59
5800.0	4413.3	495.22
5802.0	4410.3	495.22
5804.0	4407.2	495.22
5806.0	4404.2	495.22
5808.0	4393.1	494.31
5810.0	4390.0	494.31
5812.0	4387.0	494.31
5814.0	4384.0	494.31
5816.0	4381.0	494.31
5818.0	4369.9	493.4
5820.0	4366.9	493.4
5822.0	4363.9	493.4
5824.0	4360.9	493.4
5826.0	4357.9	493.4
5828.0	4354.9	493.4
5830.0	4339.9	492.04
5832.0	4337.0	492.04
5834.0	4334.0	492.04
5836.0	4323.1	491.13
5838.0	4320.1	491.13
5840.0	4317.1	491.13
5842.0	4306.2	490.23
5844.0	4303.3	490.23
5846.0	4296.4	489.78
5848.0	4293.4	489.78
5850.0	4290.5	489.78
5852.0	4279.7	488.88
5854.0	4276.8	488.88
5856.0	4266.0	487.98
5858.0	4263.1	487.98
5860.0	4260.2	487.98
5862.0	4245.5	486.63
5864.0	4242.6	486.63
5866.0	4231.9	485.74
5868.0	4221.2	484.84
5870.0	4206.7	483.5
5872.0	4196.1	482.61
5874.0	4185.6	481.73
5876.0	4182.7	481.73
5878.0	4168.3	480.4
5880.0	4157.8	479.51
5882.0	4147.4	478.63
5884.0	4152.2	479.51
5886.0	4149.3	479.51
5888.0	4146.5	479.51
5890.0	4151.3	480.4
5892.0	4160.0	481.73
5894.0	4164.9	482.61
5896.0	4162.0	482.61
5898.0	4159.2	482.61
5900.0	4164.0	483.5
5902.0	4161.2	483.5
5904.0	4158.4	483.5
5906.0	4147.9	482.61
5908.0	4145.1	482.61
5910.0	4134.7	481.73
5912.0	4131.9	481.73
5914.0	4129.1	481.73
5916.0	4114.9	480.4
5918.0	4112.2	480.4
5920.0	4109.4	480.4
5922.0	4099.1	479.51
5924.0	4096.3	479.51
5926.0	4093.5	479.51
5928.0	4083.2	478.63
5930.0	4080.5	478.63
5932.0	4077.7	478.63
5934.0	4075.0	478.63
5936.0	4072.2	478.63
5938.0	4058.3	477.31
5940.0	4055.5	477.31
5942.0	4052.8	477.31
5944.0	4042.6	476.43
5946.0	4039.9	476.43
5948.0	4029.8	475.55
5950.0	4023.3	475.12
5952.0	4020.6	475.12
5954.0	4010.5	474.24
5956.0	4007.8	474.24
5958.0	4005.1	474.24
5960.0	3995.1	473.37
5962.0	3992.4	473.37
5964.0	3989.7	473.37
5966.0	3987.1	473.37
5968.0	3984.4	473.37
5970.0	3981.7	473.37
5972.0	3979.1	473.37
5974.0	3969.1	472.5
5976.0	3966.4	472.5
5978.0	3960.1	472.06
5980.0	3957.5	472.06
5982.0	3947.5	471.19
5984.0	3944.9	471.19
5986.0	3942.3	471.19
5988.0	3932.4	470.33
5990.0	3929.8	470.33
5992.0	3927.1	470.33
5994.0	3924.5	470.33
5996.0	3921.9	470.33
5998.0	3908.5	469.03
6000.0	3905.9	469.03
6002.0	3903.3	469.03
6004.0	3900.7	469.03
6006.0	3898.1	469.03
6008.0	3895.5	469.03
6010.0	3885.7	468.16
6012.0	3883.1	468.16
6014.0	3880.5	468.16
6016.0	3870.8	467.3
6018.0	3868.3	467.3
6020.0	3865.7	467.3
6022.0	3863.1	467.3
6024.0	3849.9	466.01
6026.0	3847.3	466.01
6028.0	3844.8	466.01
6030.0	3835.2	465.16
6032.0	3832.6	465.16
6034.0	3830.1	465.16
6036.0	3827.6	465.16
6038.0	3818.0	464.3
6040.0	3815.5	464.3
6042.0	3809.4	463.87
6044.0	3806.9	463.87
6046.0	3804.4	463.87
6048.0	3801.9	463.87
6050.0	3792.4	463.02
6052.0	3789.9	463.02
6054.0	3787.4	463.02
6056.0	3777.9	462.17
6058.0	3775.4	462.17
6060.0	3766.0	461.32
6062.0	3760.0	460.89
6064.0	3757.5	460.89
6066.0	3748.1	460.04
6068.0	3745.7	460.04
6070.0	3743.2	460.04
6072.0	3733.8	459.2
6074.0	3731.4	459.2
6076.0	3728.9	459.2
6078.0	3726.5	459.2
6080.0	3717.2	458.35
6082.0	3714.7	458.35
6084.0	3708.9	457.93
6086.0	3706.4	457.93
6088.0	3704.0	457.93
6090.0	3701.6	457.93
6092.0	3692.3	457.09
6094.0	3689.9	457.09
6096.0	3680.7	456.25
6098.0	3678.3	456.25
6100.0	3675.9	456.25
6102.0	3673.5	456.25
6104.0	3660.9	454.99
6106.0	3658.5	454.99
6108.0	3649.4	454.15
6110.0	3647.0	454.15
6112.0	3644.6	454.15
6114.0	3635.5	453.31
6116.0	3633.2	453.31
6118.0	3630.8	453.31
6120.0	3628.4	453.31
6122.0	3626.0	453.31
6124.0	3623.7	453.31
6126.0	3621.3	453.31
6128.0	3618.9	453.31
6130.0	3606.6	452.06
6132.0	3604.3	452.06
6134.0	3601.9	452.06
6136.0	3599.6	452.06
6138.0	3590.6	451.23
6140.0	3588.3	451.23
6142.0	3585.9	451.23
6144.0	3577.0	450.4
6146.0	3571.4	449.99
6148.0	3569.1	449.99
6150.0	3560.2	449.16
6152.0	3557.8	449.16
6154.0	3549.0	448.33
6156.0	3546.7	448.33
6158.0	3544.4	448.33
6160.0	3542.1	448.33
6162.0	3539.8	448.33
6164.0	3531.0	447.51
6166.0	3528.7	447.51
6168.0	3526.4	447.51
6170.0	3520.9	447.1
6172.0	3518.6	447.1
6174.0	3516.3	447.1
6176.0	3507.6	446.27
6178.0	3505.3	446.27
6180.0	3496.6	445.45
6182.0	3494.3	445.45
6184.0	3485.6	444.63
6186.0	3480.2	444.22
6188.0	3477.9	444.22
6190.0	3469.3	443.4
6192.0	3467.0	443.4
6194.0	3458.4	442.59
6196.0	3456.2	442.59
6198.0	3453.9	442.59
6200.0	3451.7	442.59
6202.0	3449.5	442.59
6204.0	3447.3	442.59
6206.0	3445.0	442.59
6208.0	3442.8	442.59
6210.0	3440.6	442.59
6212.0	3428.9	441.37
6214.0	3426.7	441.37
6216.0	3418.2	440.55
6218.0	3409.7	439.74
6220.0	3407.5	439.74
6222.0	3405.3	439.74
6224.0	3393.8	438.53
6226.0	3385.3	437.72
6228.0	3383.2	437.72
6230.0	3371.7	436.52
6232.0	3369.5	436.52
6234.0	3367.3	436.52
6236.0	3359.0	435.71
6238.0	3356.8	435.71
6240.0	3348.5	434.91
6242.0	3346.4	434.91
6244.0	3344.2	434.91
6246.0	3342.1	434.91
6248.0	3339.9	434.91
6250.0	3337.8	434.91
6252.0	3335.7	434.91
6254.0	3333.5	434.91
6256.0	3331.4	434.91
6258.0	3329.3	434.91
6260.0	3321.0	434.11
6262.0	3315.8	433.71
6264.0	3313.7	433.71
6266.0	3311.6	433.71
6268.0	3303.4	432.91
6270.0	3301.3	432.91
6272.0	3293.1	432.11
6274.0	3291.0	432.11
6276.0	3288.9	432.11
6278.0	3277.8	430.92
6280.0	3269.7	430.13
6282.0	3261.5	429.34
6284.0	3259.5	429.34
6286.0	3257.4	429.34
6288.0	3246.4	428.15
6290.0	3244.3	428.15
6292.0	3236.3	427.37
6294.0	3234.2	427.37
6296.0	3226.2	426.58
6298.0	3224.1	426.58
6300.0	3222.1	426.58
6302.0	3211.2	425.4
6304.0	3209.1	425.4
6306.0	3201.2	424.62
6308.0	3199.2	424.62
6310.0	3191.3	423.84
6312.0	3186.3	423.45
6314.0	3184.3	423.45
6316.0	3176.4	422.67
6318.0	3174.4	422.67
6320.0	3172.4	422.67
6322.0	3170.4	422.67
6324.0	3162.5	421.89
6326.0	3166.4	422.67
6328.0	3164.4	422.67
6330.0	3162.4	422.67
6332.0	3160.4	422.67
6334.0	3158.4	422.67
6336.0	3162.2	423.45
6338.0	3160.2	423.45
6340.0	3158.2	423.45
6342.0	3156.2	423.45
6344.0	3154.2	423.45
6346.0	3152.3	423.45
6348.0	3150.3	423.45
6350.0	3142.5	422.67
6352.0	3140.5	422.67
6354.0	3138.5	422.67
6356.0	3130.8	421.89
6358.0	3128.8	421.89
6360.0	3121.1	421.11
6362.0	3116.3	420.73
6364.0	3114.3	420.73
6366.0	3112.3	420.73
6368.0	3104.7	419.95
6370.0	3102.7	419.95
6372.0	3100.8	419.95
6374.0	3098.8	419.95
6376.0	3091.2	419.18
6378.0	3089.2	419.18
6380.0	3087.3	419.18
6382.0	3076.9	418.02
6384.0	3074.9	418.02
6386.0	3073.0	418.02
6388.0	3065.4	417.25
6390.0	3063.5	417.25
6392.0	3056.0	416.49
6394.0	3054.0	416.49
6396.0	3052.1	416.49
6398.0	3050.2	416.49
6400.0	3039.9	415.34
6402.0	3038.0	415.34
6404.0	3030.5	414.57
6406.0	3023.1	413.81
6408.0	3018.4	413.43
6410.0	3016.5	413.43
6412.0	3014.6	413.43
6414.0	3012.7	413.43
6416.0	3010.9	413.43
6418.0	3009.0	413.43
6420.0	3007.1	413.43
6422.0	3005.2	413.43
6424.0	3003.4	413.43
6426.0	3004.3	413.81
6428.0	3002.4	413.81
6430.0	3000.5	413.81
6432.0	3004.2	414.57
6434.0	3002.3	414.57
6436.0	3000.5	414.57
6438.0	2998.6	414.57
6440.0	2996.7	414.57
6442.0	2994.9	414.57
6444.0	2993.0	414.57
6446.0	2991.2	414.57
6448.0	2983.8	413.81
6450.0	2982.0	413.81
6452.0	2977.4	413.43
6454.0	2975.5	413.43
6456.0	2973.7	413.43
6458.0	2971.8	413.43
6460.0	2964.5	412.67
6462.0	2962.7	412.67
6464.0	2960.9	412.67
6466.0	2953.6	411.91
6468.0	2951.8	411.91
6470.0	2949.9	411.91
6472.0	2942.7	411.15
6474.0	2938.2	410.77
6476.0	2936.3	410.77
6478.0	2929.1	410.01
6480.0	2921.9	409.26
6482.0	2920.1	409.26
6484.0	2910.3	408.13
6486.0	2903.1	407.38
6488.0	2901.3	407.38
6490.0	2894.2	406.63
6492.0	2884.5	405.51
6494.0	2877.4	404.76
6496.0	2870.3	404.02
6498.0	2860.6	402.9
6500.0	2853.6	402.16
6502.0	2844.0	401.05
6504.0	2831.8	399.58
6506.0	2822.2	398.47
6508.0	2810.1	397.01
6510.0	2800.6	395.91
6512.0	2788.6	394.46
6514.0	2774.1	392.64
6516.0	2767.3	391.92
6518.0	2747.8	389.4
6520.0	2738.6	388.33
6522.0	2724.3	386.54
6524.0	2712.6	385.12
6526.0	2698.5	383.35
6528.0	2684.5	381.59
6530.0	2677.9	380.89
6532.0	2664.0	379.14
6534.0	2657.4	378.44
6536.0	2648.5	377.4
6538.0	2637.1	376.01
6540.0	2623.4	374.28
6542.0	2617.0	373.59
6544.0	2598.6	371.19
6546.0	2585.0	369.49
6548.0	2566.9	367.11
6550.0	2553.5	365.43
6552.0	2530.9	362.41
6554.0	2513.1	360.08
6556.0	2493.1	357.44
6558.0	2475.6	355.14
6560.0	2458.2	352.86
6562.0	2447.6	351.56
6564.0	2434.9	349.95
6566.0	2422.3	348.34
6568.0	2420.8	348.34
6570.0	2426.0	349.3
6572.0	2429.0	349.95
6574.0	2438.7	351.56
6576.0	2453.0	353.83
6578.0	2467.4	356.12
6580.0	2486.4	359.09
6582.0	2501.0	361.41
6584.0	2517.9	364.08
6586.0	2537.3	367.11
6588.0	2552.2	369.49
6590.0	2562.4	371.19
6592.0	2577.4	373.59
6594.0	2585.4	374.97
6596.0	2595.7	376.7
6598.0	2606.1	378.44
6600.0	2616.6	380.19
6602.0	2624.6	381.59
6604.0	2630.3	382.65
6606.0	2638.4	384.06
6608.0	2644.1	385.12
6610.0	2647.4	385.83
6612.0	2650.7	386.54
6614.0	2656.4	387.61
6616.0	2659.7	388.33
6618.0	2658.1	388.33
6620.0	2656.5	388.33
6622.0	2654.9	388.33
6624.0	2653.3	388.33
6626.0	2651.7	388.33
6628.0	2650.1	388.33
6630.0	2643.6	387.61
6632.0	2642.0	387.61
6634.0	2635.5	386.9
6636.0	2634.0	386.9
6638.0	2632.4	386.9
6640.0	2628.3	386.54
6642.0	2626.8	386.54
6644.0	2625.2	386.54
6646.0	2623.6	386.54
6648.0	2622.0	386.54
6650.0	2620.5	386.54
6652.0	2614.1	385.83
6654.0	2612.5	385.83
6656.0	2606.1	385.12
6658.0	2604.6	385.12
6660.0	2595.8	384.06
6662.0	2589.5	383.35
6664.0	2583.2	382.65
6666.0	2574.5	381.59
6668.0	2568.2	380.89
6670.0	2561.9	380.19
6672.0	2553.3	379.14
6674.0	2547.1	378.44
6676.0	2538.6	377.4
6678.0	2532.4	376.7
6680.0	2526.2	376.01
6682.0	2517.7	374.97
6684.0	2516.2	374.97
6686.0	2510.1	374.28
6688.0	2508.6	374.28
6690.0	2507.1	374.28
6692.0	2505.6	374.28
6694.0	2504.1	374.28
6696.0	2502.6	374.28
6698.0	2505.7	374.97
6700.0	2506.5	375.32
6702.0	2509.6	376.01
6704.0	2508.1	376.01
6706.0	2511.3	376.7
6708.0	2509.8	376.7
6710.0	2512.9	377.4
6712.0	2511.4	377.4
6714.0	2509.9	377.4
6716.0	2510.7	377.75
6718.0	2509.2	377.75
6720.0	2507.7	377.75
6722.0	2506.2	377.75
6724.0	2509.4	378.44
6726.0	2507.9	378.44
6728.0	2506.4	378.44
6730.0	2504.9	378.44
6732.0	2503.4	378.44
6734.0	2501.9	378.44
6736.0	2505.0	379.14
6738.0	2503.6	379.14
6740.0	2502.1	379.14
6742.0	2500.6	379.14
6744.0	2506.0	380.19
6746.0	2504.5	380.19
6748.0	2503.1	380.19
6750.0	2501.6	380.19
6752.0	2500.1	380.19
6754.0	2498.6	380.19
6756.0	2497.1	380.19
6758.0	2495.7	380.19
6760.0	2487.3	379.14
6762.0	2485.8	379.14
6764.0	2479.8	378.44
6766.0	2478.3	378.44
6768.0	2472.3	377.75
6770.0	2470.8	377.75
6772.0	2469.4	377.75
6774.0	2465.6	377.4
6776.0	2466.5	377.75
6778.0	2465.0	377.75
6780.0	2468.1	378.44
6782.0	2466.6	378.44
6784.0	2465.2	378.44
6786.0	2468.3	379.14
6788.0	2466.8	379.14
6790.0	2465.4	379.14
6792.0	2463.9	379.14
6794.0	2457.9	378.44
6796.0	2456.5	378.44
6798.0	2455.0	378.44
6800.0	2453.6	378.44
6802.0	2447.6	377.75
6804.0	2443.9	377.4
6806.0	2438.0	376.7
6808.0	2436.6	376.7
6810.0	2430.7	376.01
6812.0	2429.2	376.01
6814.0	2423.4	375.32
6816.0	2419.7	374.97
6818.0	2418.3	374.97
6820.0	2416.9	374.97
6822.0	2411.0	374.28
6824.0	2409.6	374.28
6826.0	2408.2	374.28
6828.0	2406.8	374.28
6830.0	2405.3	374.28
6832.0	2403.9	374.28
6834.0	2402.5	374.28
6836.0	2401.1	374.28
6838.0	2399.7	374.28
6840.0	2393.9	373.59
6842.0	2392.5	373.59
6844.0	2391.1	373.59
6846.0	2383.1	372.56
6848.0	2381.7	372.56
6850.0	2378.2	372.22
6852.0	2376.8	372.22
6854.0	2373.2	371.88
6856.0	2369.6	371.53
6858.0	2368.2	371.53
6860.0	2364.7	371.19
6862.0	2361.1	370.85
6864.0	2359.8	370.85
6866.0	2356.2	370.51
6868.0	2354.8	370.51
6870.0	2351.3	370.17
6872.0	2347.8	369.83
6874.0	2346.4	369.83
6876.0	2342.9	369.49
6878.0	2339.4	369.15
6880.0	2338.0	369.15
6882.0	2334.5	368.81
6884.0	2333.1	368.81
6886.0	2329.6	368.47
6888.0	2326.1	368.13
6890.0	2324.8	368.13
6892.0	2321.3	367.79
6894.0	2319.9	367.79
6896.0	2316.5	367.45
6898.0	2313.0	367.11
6900.0	2311.6	367.11
6902.0	2308.2	366.77
6904.0	2306.8	366.77
6906.0	2303.4	366.44
6908.0	2299.9	366.1
6910.0	2298.6	366.1
6912.0	2295.2	365.76
6914.0	2293.8	365.76
6916.0	2290.4	365.43
6918.0	2287.0	365.09
6920.0	2285.6	365.09
6922.0	2282.2	364.75
6924.0	2280.9	364.75
6926.0	2277.5	364.42
6928.0	2276.2	364.42
6930.0	2272.8	364.08
6932.0	2269.4	363.75
6934.0	2268.1	363.75
6936.0	2264.7	363.41
6938.0	2263.4	363.41
6940.0	2260.0	363.08
6942.0	2258.7	363.08
6944.0	2255.3	362.74
6946.0	2251.9	362.41
6948.0	2250.6	362.41
6950.0	2247.2	362.08
6952.0	2248.0	362.41
6954.0	2246.7	362.41
6956.0	2245.4	362.41
6958.0	2238.0	361.41
6960.0	2236.7	361.41
6962.0	2235.4	361.41
6964.0	2230.0	360.74
6966.0	2228.7	360.74
6968.0	2223.3	360.08
6970.0	2222.0	360.08
6972.0	2220.8	360.08
6974.0	2213.4	359.09
6976.0	2212.1	359.09
6978.0	2210.9	359.09
6980.0	2205.5	358.43
6982.0	2204.2	358.43
6984.0	2203.0	358.43
6986.0	2201.7	358.43
6988.0	2200.5	358.43
6990.0	2199.2	358.43
6992.0	2193.9	357.77
6994.0	2192.6	357.77
6996.0	2191.4	357.77
6998.0	2188.1	357.44
7000.0	2186.9	357.44
7002.0	2185.6	357.44
7004.0	2184.4	357.44
7006.0	2183.1	357.44
7008.0	2181.9	357.44
7010.0	2180.6	357.44
7012.0	2179.4	357.44
7014.0	2174.2	356.78
7016.0	2172.9	356.78
7018.0	2171.7	356.78
7020.0	2166.4	356.12
7022.0	2161.2	355.47
7024.0	2158.0	355.14
7026.0	2152.8	354.49
7028.0	2147.6	353.83
7030.0	2146.4	353.83
7032.0	2139.3	352.86
7034.0	2138.0	352.86
7036.0	2132.9	352.21
7038.0	2127.8	351.56
7040.0	2126.5	351.56
7042.0	2119.5	350.59
7044.0	2118.3	350.59
7046.0	2117.1	350.59
7048.0	2115.9	350.59
7050.0	2110.8	349.95
7052.0	2109.6	349.95
7054.0	2108.4	349.95
7056.0	2107.2	349.95
7058.0	2106.0	349.95
7060.0	2104.8	349.95
7062.0	2099.7	349.3
7064.0	2098.6	349.3
7066.0	2097.4	349.3
7068.0	2096.2	349.3
7070.0	2095.0	349.3
7072.0	2088.0	348.34
7074.0	2086.8	348.34
7076.0	2085.7	348.34
7078.0	2084.5	348.34
7080.0	2083.3	348.34
7082.0	2082.1	348.34
7084.0	2081.0	348.34
7086.0	2079.8	348.34
7088.0	2074.8	347.7
7090.0	2073.6	347.7
7092.0	2072.4	347.7
7094.0	2067.5	347.06
7096.0	2064.4	346.74
7098.0	2063.2	346.74
7100.0	2058.3	346.1
7102.0	2057.1	346.1
7104.0	2056.0	346.1
7106.0	2051.0	345.46
7108.0	2049.9	345.46
7110.0	2048.7	345.46
7112.0	2047.6	345.46
7114.0	2042.6	344.83
7116.0	2045.3	345.46
7118.0	2044.1	345.46
7120.0	2043.0	345.46
7122.0	2041.8	345.46
7124.0	2040.7	345.46
7126.0	2039.5	345.46
7128.0	2038.4	345.46
7130.0	2037.2	345.46
7132.0	2032.3	344.83
7134.0	2031.2	344.83
7136.0	2028.2	344.51
7138.0	2023.3	343.87
7140.0	2022.2	343.87
7142.0	2017.4	343.24
7144.0	2016.2	343.24
7146.0	2009.5	342.29
7148.0	2004.7	341.66
7150.0	1999.9	341.04
7152.0	1998.8	341.04
7154.0	1992.2	340.09
7156.0	1987.4	339.47
7158.0	1982.6	338.84
7160.0	1976.0	337.91
7162.0	1974.9	337.91
7164.0	1970.2	337.29
7166.0	1963.7	336.36
7168.0	1959.0	335.74
7170.0	1954.3	335.12
7172.0	1947.8	334.19
7174.0	1943.1	333.58
7176.0	1938.5	332.97
7178.0	1932.0	332.05
7180.0	1923.9	330.83
7182.0	1917.5	329.91
7184.0	1916.4	329.91
7186.0	1911.8	329.31
7188.0	1907.2	328.7
7190.0	1906.2	328.7
7192.0	1903.4	328.4
7194.0	1902.3	328.4
7196.0	1901.2	328.4
7198.0	1900.2	328.4
7200.0	1900.9	328.7
7202.0	1899.8	328.7
7204.0	1902.3	329.31
7206.0	1901.2	329.31
7208.0	1900.2	329.31
7210.0	1902.6	329.91
7212.0	1901.5	329.91
7214.0	1905.8	330.83
7216.0	1904.7	330.83
7218.0	1907.2	331.44
7220.0	1914.9	332.97
7222.0	1917.4	333.58
7224.0	1919.8	334.19
7226.0	1924.1	335.12
7228.0	1926.6	335.74
7230.0	1930.8	336.67
7232.0	1929.8	336.67
7234.0	1932.2	337.29
7236.0	1931.2	337.29
7238.0	1930.1	337.29
7240.0	1925.5	336.67
7242.0	1922.7	336.36
7244.0	1921.6	336.36
7246.0	1917.0	335.74
7248.0	1912.4	335.12
7250.0	1911.4	335.12
7252.0	1910.3	335.12
7254.0	1909.3	335.12
7256.0	1908.2	335.12
7258.0	1903.7	334.5
7260.0	1902.6	334.5
7262.0	1901.6	334.5
7264.0	1900.5	334.5
7266.0	1899.5	334.5
7268.0	1896.7	334.19
7270.0	1895.6	334.19
7272.0	1891.1	333.58
7274.0	1886.6	332.97
7276.0	1885.5	332.97
7278.0	1879.3	332.05
7280.0	1874.8	331.44
7282.0	1870.3	330.83
7284.0	1869.3	330.83
7286.0	1868.3	330.83
7288.0	1862.1	329.91
7290.0	1861.1	329.91
7292.0	1860.1	329.91
7294.0	1859.0	329.91
7296.0	1854.6	329.31
7298.0	1853.6	329.31
7300.0	1852.6	329.31
7302.0	1851.6	329.31
7304.0	1850.5	329.31
7306.0	1852.9	329.91
7308.0	1851.9	329.91
7310.0	1850.9	329.91
7312.0	1849.9	329.91
7314.0	1848.9	329.91
7316.0	1844.5	329.31
7318.0	1843.5	329.31
7320.0	1842.5	329.31
7322.0	1841.5	329.31
7324.0	1840.4	329.31
7326.0	1836.1	328.7
7328.0	1833.4	328.4
7330.0	1832.4	328.4
7332.0	1828.0	327.79
7334.0	1827.0	327.79
7336.0	1822.6	327.19
7338.0	1821.6	327.19
7340.0	1817.3	326.59
7342.0	1816.3	326.59
7344.0	1813.7	326.29
7346.0	1812.7	326.29
7348.0	1811.7	326.29
7350.0	1810.7	326.29
7352.0	1809.7	326.29
7354.0	1808.7	326.29
7356.0	1807.7	326.29
7358.0	1806.8	326.29
7360.0	1805.8	326.29
7362.0	1804.8	326.29
7364.0	1803.8	326.29
7366.0	1802.8	326.29
7368.0	1801.9	326.29
7370.0	1800.9	326.29
7372.0	1799.9	326.29
7374.0	1798.9	326.29
7376.0	1798.0	326.29
7378.0	1797.0	326.29
7380.0	1796.0	326.29
7382.0	1795.0	326.29
7384.0	1794.1	326.29
7386.0	1793.1	326.29
7388.0	1788.8	325.69
7390.0	1787.8	325.69
7392.0	1783.6	325.09
7394.0	1779.4	324.49
7396.0	1776.7	324.19
7398.0	1772.5	323.59
7400.0	1771.6	323.59
7402.0	1767.3	323.0
7404.0	1766.4	323.0
7406.0	1765.4	323.0
7408.0	1759.6	322.11
7410.0	1758.7	322.11
7412.0	1757.7	322.11
7414.0	1753.5	321.51
7416.0	1752.6	321.51
7418.0	1751.6	321.51
7420.0	1750.7	321.51
7422.0	1753.0	322.11
7424.0	1752.0	322.11
7426.0	1751.1	322.11
7428.0	1750.2	322.11
7430.0	1749.2	322.11
7432.0	1748.3	322.11
7434.0	1747.3	322.11
7436.0	1746.4	322.11
7438.0	1745.5	322.11
7440.0	1744.5	322.11
7442.0	1743.6	322.11
7444.0	1739.4	321.51
7446.0	1738.5	321.51
7448.0	1734.4	320.92
7450.0	1733.4	320.92
7452.0	1732.5	320.92
7454.0	1726.8	320.04
7456.0	1725.9	320.04
7458.0	1721.8	319.45
7460.0	1720.9	319.45
7462.0	1719.9	319.45
7464.0	1715.8	318.86
7466.0	1713.3	318.57
7468.0	1712.4	318.57
7470.0	1711.5	318.57
7472.0	1710.6	318.57
7474.0	1709.7	318.57
7476.0	1708.8	318.57
7478.0	1707.8	318.57
7480.0	1706.9	318.57
7482.0	1706.0	318.57
7484.0	1705.1	318.57
7486.0	1704.2	318.57
7488.0	1700.2	317.98
7490.0	1699.2	317.98
7492.0	1698.3	317.98
7494.0	1694.3	317.39
7496.0	1693.4	317.39
7498.0	1692.5	317.39
7500.0	1688.5	316.81
7502.0	1686.0	316.52
7504.0	1685.1	316.52
7506.0	1684.2	316.52
7508.0	1680.2	315.94
7510.0	1679.3	315.94
7512.0	1678.5	315.94
7514.0	1674.5	315.36
7516.0	1673.6	315.36
7518.0	1669.6	314.77
7520.0	1667.2	314.48
7522.0	1666.3	314.48
7524.0	1665.4	314.48
7526.0	1661.5	313.91
7528.0	1660.6	313.91
7530.0	1656.6	313.33
7532.0	1655.8	313.33
7534.0	1654.9	313.33
7536.0	1654.0	313.33
7538.0	1648.6	312.46
7540.0	1647.7	312.46
7542.0	1646.8	312.46
7544.0	1645.9	312.46
7546.0	1642.1	311.89
7548.0	1641.2	311.89
7550.0	1635.8	311.03
7552.0	1633.4	310.74
7554.0	1632.5	310.74
7556.0	1630.2	310.46
7558.0	1627.8	310.17
7560.0	1625.5	309.88
7562.0	1624.6	309.88
7564.0	1622.3	309.6
7566.0	1619.9	309.31
7568.0	1617.6	309.03
7570.0	1616.7	309.03
7572.0	1614.4	308.74
7574.0	1612.0	308.46
7576.0	1611.2	308.46
7578.0	1608.8	308.18
7580.0	1606.5	307.89
7582.0	1605.7	307.89
7584.0	1603.3	307.61
7586.0	1601.0	307.33
7588.0	1600.2	307.33
7590.0	1597.9	307.04
7592.0	1595.5	306.76
7594.0	1594.7	306.76
7596.0	1592.4	306.48
7598.0	1590.1	306.2
7600.0	1589.3	306.2
7602.0	1587.0	305.91
7604.0	1586.1	305.91
7606.0	1583.8	305.63
7608.0	1581.5	305.35
7610.0	1580.7	305.35
7612.0	1578.4	305.07
7614.0	1577.6	305.07
7616.0	1575.3	304.79
7618.0	1574.5	304.79
7620.0	1572.2	304.51
7622.0	1569.9	304.23
7624.0	1569.1	304.23
7626.0	1566.8	303.95
7628.0	1566.0	303.95
7630.0	1563.8	303.67
7632.0	1562.9	303.67
7634.0	1560.7	303.39
7636.0	1559.9	303.39
7638.0	1557.6	303.11
7640.0	1556.8	303.11
7642.0	1554.6	302.83
7644.0	1553.7	302.83
7646.0	1551.5	302.55
7648.0	1550.7	302.55
7650.0	1549.9	302.55
7652.0	1547.6	302.27
7654.0	1546.8	302.27
7656.0	1544.6	301.99
7658.0	1543.8	301.99
7660.0	1541.6	301.72
7662.0	1540.8	301.72
7664.0	1540.0	301.72
7666.0	1537.7	301.44
7668.0	1536.9	301.44
7670.0	1536.1	301.44
7672.0	1533.9	301.16
7674.0	1533.1	301.16
7676.0	1530.9	300.88
7678.0	1530.1	300.88
7680.0	1529.3	300.88
7682.0	1527.1	300.61
7684.0	1526.3	300.61
7686.0	1525.5	300.61
7688.0	1523.3	300.33
7690.0	1522.5	300.33
7692.0	1513.4	298.67
7694.0	1512.6	298.67
7696.0	1511.8	298.67
7698.0	1511.0	298.67
7700.0	1513.0	299.23
7702.0	1512.2	299.23
7704.0	1511.4	299.23
7706.0	1510.6	299.23
7708.0	1509.9	299.23
7710.0	1511.9	299.78
7712.0	1511.1	299.78
7714.0	1510.3	299.78
7716.0	1509.5	299.78
7718.0	1508.7	299.78
7720.0	1508.0	299.78
7722.0	1507.2	299.78
7724.0	1506.4	299.78
7726.0	1502.8	299.23
7728.0	1502.1	299.23
7730.0	1501.3	299.23
7732.0	1500.5	299.23
7734.0	1499.7	299.23
7736.0	1499.0	299.23
7738.0	1495.4	298.67
7740.0	1494.6	298.67
7742.0	1493.9	298.67
7744.0	1493.1	298.67
7746.0	1492.3	298.67
7748.0	1491.6	298.67
7750.0	1490.8	298.67
7752.0	1490.0	298.67
7754.0	1489.3	298.67
7756.0	1488.5	298.67
7758.0	1485.0	298.13
7760.0	1484.2	298.13
7762.0	1482.1	297.85
7764.0	1481.3	297.85
7766.0	1480.6	297.85
7768.0	1477.1	297.3
7770.0	1476.3	297.3
7772.0	1475.6	297.3
7774.0	1472.1	296.76
7776.0	1471.3	296.76
7778.0	1470.6	296.76
7780.0	1469.8	296.76
7782.0	1469.1	296.76
7784.0	1464.3	295.94
7786.0	1463.5	295.94
7788.0	1462.7	295.94
7790.0	1459.3	295.39
7792.0	1458.6	295.39
7794.0	1457.8	295.39
7796.0	1454.4	294.85
7798.0	1453.6	294.85
7800.0	1452.9	294.85
7802.0	1452.1	294.85
7804.0	1451.4	294.85
7806.0	1446.6	294.04
7808.0	1445.9	294.04
7810.0	1445.2	294.04
7812.0	1441.8	293.49
7814.0	1441.0	293.49
7816.0	1437.6	292.95
7818.0	1435.6	292.68
7820.0	1434.9	292.68
7822.0	1434.1	292.68
7824.0	1430.8	292.15
7826.0	1430.0	292.15
7828.0	1426.7	291.61
7830.0	1425.9	291.61
7832.0	1425.2	291.61
7834.0	1424.5	291.61
7836.0	1423.7	291.61
7838.0	1420.4	291.07
7840.0	1418.4	290.8
7842.0	1417.6	290.8
7844.0	1416.9	290.8
7846.0	1416.2	290.8
7848.0	1415.5	290.8
7850.0	1414.8	290.8
7852.0	1414.0	290.8
7854.0	1413.3	290.8
7856.0	1412.6	290.8
7858.0	1411.9	290.8
7860.0	1408.6	290.27
7862.0	1407.8	290.27
7864.0	1407.1	290.27
7866.0	1406.4	290.27
7868.0	1403.1	289.73
7870.0	1402.4	289.73
7872.0	1401.7	289.73
7874.0	1398.4	289.2
7876.0	1397.7	289.2
7878.0	1397.0	289.2
7880.0	1396.3	289.2
7882.0	1394.3	288.93
7884.0	1393.6	288.93
7886.0	1392.9	288.93
7888.0	1392.2	288.93
7890.0	1388.9	288.4
7892.0	1388.2	288.4
7894.0	1387.5	288.4
7896.0	1384.2	287.87
7898.0	1383.5	287.87
7900.0	1382.8	287.87
7902.0	1378.3	287.08
7904.0	1377.6	287.08
7906.0	1374.4	286.55
7908.0	1373.7	286.55
7910.0	1370.5	286.02
7912.0	1369.8	286.02
7914.0	1369.1	286.02
7916.0	1368.4	286.02
7918.0	1367.7	286.02
7920.0	1367.0	286.02
7922.0	1366.3	286.02
7924.0	1365.6	286.02
7926.0	1364.9	286.02
7928.0	1364.2	286.02
7930.0	1363.6	286.02
7932.0	1362.9	286.02
7934.0	1362.2	286.02
7936.0	1357.7	285.23
7938.0	1360.8	286.02
7940.0	1360.1	286.02
7942.0	1359.4	286.02
7944.0	1358.8	286.02
7946.0	1358.1	286.02
7948.0	1357.4	286.02
7950.0	1356.7	286.02
7952.0	1356.0	286.02
7954.0	1355.3	286.02
7956.0	1354.7	286.02
7958.0	1350.2	285.23
7960.0	1347.1	284.71
7962.0	1346.4	284.71
7964.0	1343.3	284.18
7966.0	1341.3	283.92
7968.0	1338.2	283.4
7970.0	1337.5	283.4
7972.0	1334.4	282.88
7974.0	1331.3	282.36
7976.0	1330.6	282.36
7978.0	1328.7	282.1
7980.0	1328.1	282.1
7982.0	1327.4	282.1
7984.0	1326.7	282.1
7986.0	1326.1	282.1
7988.0	1325.4	282.1
7990.0	1324.7	282.1
7992.0	1324.1	282.1
7994.0	1323.4	282.1
7996.0	1322.7	282.1
7998.0	1319.6	281.58
8000.0	1319.0	281.58
8002.0	1318.3	281.58
8004.0	1317.7	281.58
8006.0	1317.0	281.58
8008.0	1316.4	281.58
8010.0	1315.7	281.58
8012.0	1315.0	281.58
8014.0	1312.0	281.06
8016.0	1311.3	281.06
8018.0	1308.2	280.54
8020.0	1306.4	280.28
8022.0	1303.3	279.77
8024.0	1302.7	279.77
8026.0	1302.0	279.77
8028.0	1299.0	279.25
8030.0	1298.3	279.25
8032.0	1297.7	279.25
8034.0	1297.0	279.25
8036.0	1296.4	279.25
8038.0	1292.2	278.48
8040.0	1291.5	278.48
8042.0	1290.9	278.48
8044.0	1290.3	278.48
8046.0	1289.6	278.48
8048.0	1289.0	278.48
8050.0	1288.3	278.48
8052.0	1287.7	278.48
8054.0	1284.7	277.97
8056.0	1284.1	277.97
8058.0	1283.4	277.97
8060.0	1282.8	277.97
8062.0	1282.1	277.97
8064.0	1281.5	277.97
8066.0	1280.9	277.97
8068.0	1280.2	277.97
8070.0	1279.6	277.97
8072.0	1279.0	277.97
8074.0	1278.3	277.97
8076.0	1277.7	277.97
8078.0	1277.1	277.97
8080.0	1276.4	277.97
8082.0	1275.8	277.97
8084.0	1275.2	277.97
8086.0	1276.9	278.48
8088.0	1276.3	278.48
8090.0	1275.6	278.48
8092.0	1275.0	278.48
8094.0	1272.0	277.97
8096.0	1271.4	277.97
8098.0	1270.8	277.97
8100.0	1267.8	277.46
8102.0	1267.2	277.46
8104.0	1263.1	276.69
8106.0	1262.4	276.69
8108.0	1261.8	276.69
8110.0	1258.9	276.19
8112.0	1258.2	276.19
8114.0	1257.6	276.19
8116.0	1257.0	276.19
8118.0	1256.4	276.19
8120.0	1255.8	276.19
8122.0	1255.1	276.19
8124.0	1254.5	276.19
8126.0	1253.9	276.19
8128.0	1253.3	276.19
8130.0	1252.7	276.19
8132.0	1252.1	276.19
8134.0	1249.1	275.68
8136.0	1247.4	275.42
8138.0	1246.8	275.42
8140.0	1246.2	275.42
8142.0	1245.5	275.42
8144.0	1242.6	274.92
8146.0	1242.0	274.92
8148.0	1241.4	274.92
8150.0	1240.8	274.92
8152.0	1237.9	274.41
8154.0	1237.3	274.41
8156.0	1236.7	274.41
8158.0	1232.7	273.65
8160.0	1229.8	273.15
8162.0	1229.2	273.15
8164.0	1226.4	272.65
8166.0	1222.4	271.89
8168.0	1219.5	271.39
8170.0	1216.7	270.89
8172.0	1212.7	270.15
8174.0	1209.9	269.65
8176.0	1207.1	269.15
8178.0	1203.2	268.41
8180.0	1202.6	268.41
8182.0	1199.8	267.92
8184.0	1195.9	267.18
8186.0	1193.1	266.69
8188.0	1190.3	266.19
8190.0	1189.7	266.19
8192.0	1185.9	265.46
8194.0	1183.1	264.97
8196.0	1182.5	264.97
8198.0	1179.8	264.48
8200.0	1179.2	264.48
8202.0	1175.4	263.75
8204.0	1172.6	263.27
8206.0	1172.1	263.27
8208.0	1171.5	263.27
8210.0	1170.9	263.27
8212.0	1170.4	263.27
8214.0	1169.8	263.27
8216.0	1169.2	263.27
8218.0	1168.7	263.27
8220.0	1165.9	262.78
8222.0	1165.4	262.78
8224.0	1157.3	261.1
8226.0	1149.3	259.42
8228.0	1143.5	258.23
8230.0	1132.5	255.86
8232.0	1122.6	253.75
8234.0	1111.7	251.42
8236.0	1102.0	249.34
8238.0	1094.4	247.74
8240.0	1086.8	246.15
8242.0	1083.3	245.47
8244.0	1083.8	245.7
8246.0	1085.3	246.15
8248.0	1089.7	247.29
8250.0	1093.2	248.2
8252.0	1099.8	249.8
8254.0	1106.3	251.42
8256.0	1113.0	253.05
8258.0	1117.6	254.21
8260.0	1124.2	255.86
8262.0	1128.9	257.04
8264.0	1133.5	258.23
8266.0	1137.2	259.18
8268.0	1139.8	259.9
8270.0	1143.4	260.85
8272.0	1146.0	261.58
8274.0	1147.6	262.06
8276.0	1150.2	262.78
8278.0	1149.7	262.78
8280.0	1149.1	262.78
8282.0	1145.4	262.06
8284.0	1144.8	262.06
8286.0	1144.3	262.06
8288.0	1141.6	261.58
8290.0	1141.1	261.58
8292.0	1138.4	261.1
8294.0	1137.9	261.1
8296.0	1136.3	260.85
8298.0	1135.7	260.85
8300.0	1135.2	260.85
8302.0	1134.6	260.85
8304.0	1134.1	260.85
8306.0	1134.6	261.1
8308.0	1134.0	261.1
8310.0	1135.6	261.58
8312.0	1135.0	261.58
8314.0	1136.6	262.06
8316.0	1136.0	262.06
8318.0	1135.5	262.06
8320.0	1134.9	262.06
8322.0	1134.4	262.06
8324.0	1131.8	261.58
8326.0	1131.2	261.58
8328.0	1128.6	261.1
8330.0	1128.1	261.1
8332.0	1126.5	260.85
8334.0	1125.9	260.85
8336.0	1125.4	260.85
8338.0	1124.9	260.85
8340.0	1124.3	260.85
8342.0	1123.8	260.85
8344.0	1123.2	260.85
8346.0	1122.7	260.85
8348.0	1122.2	260.85
8350.0	1121.6	260.85
8352.0	1121.1	260.85
8354.0	1118.5	260.38
8356.0	1118.0	260.38
8358.0	1117.4	260.38
8360.0	1116.9	260.38
8362.0	1114.3	259.9
8364.0	1113.8	259.9
8366.0	1113.2	259.9
8368.0	1110.6	259.42
8370.0	1110.1	259.42
8372.0	1109.6	259.42
8374.0	1109.1	259.42
8376.0	1108.5	259.42
8378.0	1108.0	259.42
8380.0	1107.5	259.42
8382.0	1105.9	259.18
8384.0	1105.4	259.18
8386.0	1104.9	259.18
8388.0	1104.3	259.18
8390.0	1101.8	258.7
8392.0	1101.3	258.7
8394.0	1100.7	258.7
8396.0	1100.2	258.7
8398.0	1099.7	258.7
8400.0	1099.2	258.7
8402.0	1098.6	258.7
8404.0	1096.1	258.23
8406.0	1095.6	258.23
8408.0	1095.1	258.23
8410.0	1094.5	258.23
8412.0	1094.0	258.23
8414.0	1091.5	257.75
8416.0	1091.0	257.75
8418.0	1090.4	257.75
8420.0	1089.9	257.75
8422.0	1089.4	257.75
8424.0	1088.9	257.75
8426.0	1087.4	257.51
8428.0	1086.9	257.51
8430.0	1086.3	257.51
8432.0	1085.8	257.51
8434.0	1083.3	257.04
8436.0	1082.8	257.04
8438.0	1080.3	256.57
8440.0	1079.8	256.57
8442.0	1079.3	256.57
8444.0	1075.8	255.86
8446.0	1075.3	255.86
8448.0	1072.8	255.39
8450.0	1072.3	255.39
8452.0	1069.8	254.92
8454.0	1069.3	254.92
8456.0	1068.8	254.92
8458.0	1068.3	254.92
8460.0	1064.8	254.21
8462.0	1064.3	254.21
8464.0	1063.8	254.21
8466.0	1063.3	254.21
8468.0	1062.8	254.21
8470.0	1062.3	254.21
8472.0	1059.9	253.75
8474.0	1059.4	253.75
8476.0	1058.9	253.75
8478.0	1058.4	253.75
8480.0	1059.8	254.21
8482.0	1059.3	254.21
8484.0	1058.8	254.21
8486.0	1058.3	254.21
8488.0	1060.7	254.92
8490.0	1060.2	254.92
8492.0	1059.7	254.92
8494.0	1059.2	254.92
8496.0	1060.7	255.39
8498.0	1060.2	255.39
8500.0	1059.7	255.39
8502.0	1059.2	255.39
8504.0	1058.7	255.39
8506.0	1056.3	254.92
8508.0	1055.8	254.92
8510.0	1055.3	254.92
8512.0	1051.9	254.21
8514.0	1049.4	253.75
8516.0	1047.0	253.28
8518.0	1046.5	253.28
8520.0	1045.1	253.05
8522.0	1044.6	253.05
8524.0	1044.1	253.05
8526.0	1043.6	253.05
8528.0	1044.1	253.28
8530.0	1045.5	253.75
8532.0	1045.0	253.75
8534.0	1044.5	253.75
8536.0	1046.0	254.21
8538.0	1045.5	254.21
8540.0	1045.0	254.21
8542.0	1042.6	253.75
8544.0	1042.1	253.75
8546.0	1039.7	253.28
8548.0	1038.2	253.05
8550.0	1035.8	252.58
8552.0	1031.5	251.65
8554.0	1028.2	250.96
8556.0	1025.8	250.5
8558.0	1022.5	249.8
8560.0	1020.2	249.34
8562.0	1017.8	248.88
8564.0	1014.5	248.2
8566.0	1012.2	247.74
8568.0	1009.9	247.29
8570.0	1009.4	247.29
8572.0	1006.1	246.6
8574.0	1005.7	246.6
8576.0	1005.2	246.6
8578.0	1004.7	246.6
8580.0	1004.3	246.6
8582.0	1003.8	246.6
8584.0	1003.3	246.6
8586.0	1005.6	247.29
8588.0	1005.2	247.29
8590.0	1004.7	247.29
8592.0	1004.2	247.29
8594.0	1003.8	247.29
8596.0	1003.3	247.29
8598.0	1002.8	247.29
8600.0	1002.4	247.29
8602.0	1001.9	247.29
8604.0	998.67	246.6
8606.0	998.2	246.6
8608.0	995.9	246.15
8610.0	992.69	245.47
8612.0	990.4	245.02
8614.0	988.12	244.57
8616.0	984.94	243.89
8618.0	982.67	243.44
8620.0	980.4	243.0
8622.0	979.95	243.0
8624.0	976.79	242.33
8626.0	976.34	242.33
8628.0	975.89	242.33
8630.0	973.64	241.88
8632.0	973.19	241.88
8634.0	974.53	242.33
8636.0	974.08	242.33
8638.0	973.63	242.33
8640.0	975.87	243.0
8642.0	975.42	243.0
8644.0	974.97	243.0
8646.0	976.32	243.44
8648.0	977.66	243.89
8650.0	979.91	244.57
8652.0	981.27	245.02
8654.0	982.62	245.47
8656.0	984.88	246.15
8658.0	986.25	246.6
8660.0	988.52	247.29
8662.0	988.06	247.29
8664.0	987.61	247.29
8666.0	988.97	247.74
8668.0	986.7	247.29
8670.0	986.24	247.29
8672.0	985.78	247.29
8674.0	982.61	246.6
8676.0	980.35	246.15
8678.0	977.19	245.47
8680.0	974.95	245.02
8682.0	972.7	244.57
8684.0	969.57	243.89
8686.0	967.35	243.44
8688.0	965.12	243.0
8690.0	962.01	242.33
8692.0	959.8	241.88
8694.0	957.59	241.43
8696.0	957.15	241.43
8698.0	954.07	240.77
8700.0	951.88	240.33
8702.0	949.69	239.88
8704.0	946.63	239.22
8706.0	944.46	238.78
8708.0	941.42	238.12
8710.0	939.26	237.68
8712.0	937.1	237.25
8714.0	934.94	236.81
8716.0	933.65	236.59
8718.0	933.22	236.59
8720.0	931.08	236.16
8722.0	930.65	236.16
8724.0	930.23	236.16
8726.0	929.8	236.16
8728.0	929.38	236.16
8730.0	928.95	236.16
8732.0	928.52	236.16
8734.0	929.81	236.59
8736.0	930.24	236.81
8738.0	931.53	237.25
8740.0	932.82	237.68
8742.0	934.11	238.12
8744.0	936.27	238.78
8746.0	935.84	238.78
8748.0	937.14	239.22
8750.0	936.71	239.22
8752.0	938.87	239.88
8754.0	938.44	239.88
8756.0	935.43	239.22
8758.0	935.0	239.22
8760.0	934.57	239.22
8762.0	932.43	238.78
8764.0	930.28	238.34
8766.0	929.01	238.12
8768.0	926.87	237.68
8770.0	926.45	237.68
8772.0	924.32	237.25
8774.0	923.9	237.25
8776.0	921.78	236.81
8778.0	920.51	236.59
8780.0	920.09	236.59
8782.0	919.67	236.59
8784.0	919.25	236.59
8786.0	917.14	236.16
8788.0	916.73	236.16
8790.0	916.31	236.16
8792.0	915.89	236.16
8794.0	915.48	236.16
8796.0	913.38	235.72
8798.0	912.96	235.72
8800.0	912.55	235.72
8802.0	912.13	235.72
8804.0	909.2	235.07
8806.0	908.79	235.07
8808.0	906.7	234.64
8810.0	906.29	234.64
8812.0	904.22	234.21
8814.0	903.8	234.21
8816.0	900.9	233.56
8818.0	898.84	233.13
8820.0	898.43	233.13
8822.0	896.37	232.7
8824.0	895.14	232.49
8826.0	894.73	232.49
8828.0	894.33	232.49
8830.0	893.92	232.49
8832.0	893.52	232.49
8834.0	893.94	232.7
8836.0	893.53	232.7
8838.0	894.77	233.13
8840.0	894.37	233.13
8842.0	895.61	233.56
8844.0	897.69	234.21
8846.0	898.93	234.64
8848.0	900.18	235.07
8850.0	902.27	235.72
8852.0	903.52	236.16
8854.0	903.11	236.16
8856.0	904.37	236.59
8858.0	904.79	236.81
8860.0	906.05	237.25
8862.0	905.64	237.25
8864.0	905.24	237.25
8866.0	904.83	237.25
8868.0	902.75	236.81
8870.0	901.51	236.59
8872.0	899.45	236.16
8874.0	899.04	236.16
8876.0	896.99	235.72
8878.0	896.58	235.72
8880.0	893.71	235.07
8882.0	891.66	234.64
8884.0	891.26	234.64
8886.0	889.22	234.21
8888.0	888.82	234.21
8890.0	885.96	233.56
8892.0	883.94	233.13
8894.0	883.54	233.13
8896.0	880.71	232.49
8898.0	880.31	232.49
8900.0	878.3	232.06
8902.0	876.28	231.63
8904.0	875.89	231.63
8906.0	873.08	230.99
8908.0	871.08	230.57
8910.0	869.09	230.14
8912.0	866.3	229.51
8914.0	864.32	229.09
8916.0	862.34	228.66
8918.0	861.96	228.66
8920.0	859.19	228.03
8922.0	857.23	227.61
8924.0	856.84	227.61
8926.0	856.46	227.61
8928.0	854.5	227.2
8930.0	854.12	227.2
8932.0	853.73	227.2
8934.0	851.0	226.57
8936.0	850.62	226.57
8938.0	848.67	226.15
8940.0	848.29	226.15
8942.0	846.35	225.74
8944.0	845.19	225.53
8946.0	844.82	225.53
8948.0	844.44	225.53
8950.0	842.51	225.11
8952.0	842.13	225.11
8954.0	841.76	225.11
8956.0	839.83	224.7
8958.0	839.45	224.7
8960.0	839.08	224.7
8962.0	838.71	224.7
8964.0	836.79	224.28
8966.0	836.42	224.28
8968.0	836.04	224.28
8970.0	835.67	224.28
8972.0	835.3	224.28
8974.0	836.46	224.7
8976.0	836.09	224.7
8978.0	835.72	224.7
8980.0	836.89	225.11
8982.0	836.52	225.11
8984.0	834.6	224.7
8986.0	834.23	224.7
8988.0	832.33	224.28
8990.0	829.66	223.67
8992.0	827.77	223.25
8994.0	825.88	222.84
8996.0	824.75	222.64
8998.0	822.87	222.23
9000.0	822.5	222.23
9002.0	822.13	222.23
9004.0	821.77	222.23
9006.0	821.4	222.23
9008.0	822.55	222.64
9010.0	822.19	222.64
9012.0	821.82	222.64
9014.0	821.46	222.64
9016.0	819.58	222.23
9018.0	819.22	222.23
9020.0	817.35	221.82
9022.0	814.73	221.21
9024.0	812.87	220.8
9026.0	808.78	219.79
9028.0	805.45	218.98
9030.0	802.87	218.37
9032.0	798.82	217.37
9034.0	797.0	216.97
9036.0	795.18	216.57
9038.0	792.64	215.97
9040.0	790.83	215.58
9042.0	789.03	215.18
9044.0	788.68	215.18
9046.0	788.33	215.18
9048.0	787.98	215.18
9050.0	787.63	215.18
9052.0	788.73	215.58
9054.0	788.39	215.58
9056.0	789.49	215.97
9058.0	789.14	215.97
9060.0	788.79	215.97
9062.0	790.63	216.57
9064.0	790.28	216.57
9066.0	789.93	216.57
9068.0	789.58	216.57
9070.0	789.23	216.57
9072.0	786.71	215.97
9074.0	786.36	215.97
9076.0	784.57	215.58
9078.0	782.78	215.18
9080.0	780.27	214.58
9082.0	778.5	214.19
9084.0	776.72	213.8
9086.0	776.38	213.8
9088.0	773.9	213.21
9090.0	772.13	212.81
9092.0	771.79	212.81
9094.0	771.45	212.81
9096.0	769.7	212.42
9098.0	769.36	212.42
9100.0	769.02	212.42
9102.0	767.97	212.23
9104.0	767.64	212.23
9106.0	767.3	212.23
9108.0	765.55	211.84
9110.0	765.21	211.84
9112.0	764.88	211.84
9114.0	764.54	211.84
9116.0	764.21	211.84
9118.0	765.28	212.23
9120.0	765.65	212.42
9122.0	766.73	212.81
9124.0	766.39	212.81
9126.0	766.05	212.81
9128.0	765.72	212.81
9130.0	763.98	212.42
9132.0	762.94	212.23
9134.0	762.6	212.23
9136.0	760.86	211.84
9138.0	760.53	211.84
9140.0	758.8	211.45
9142.0	758.47	211.45
9144.0	759.53	211.84
9146.0	759.2	211.84
9148.0	758.87	211.84
9150.0	759.94	212.23
9152.0	759.61	212.23
9154.0	759.27	212.23
9156.0	758.94	212.23
9158.0	758.61	212.23
9160.0	756.88	211.84
9162.0	756.55	211.84
9164.0	754.83	211.45
9166.0	755.89	211.84
9168.0	755.56	211.84
9170.0	756.63	212.23
9172.0	756.3	212.23
9174.0	756.66	212.42
9176.0	757.73	212.81
9178.0	757.4	212.81
9180.0	757.07	212.81
9182.0	756.74	212.81
9184.0	757.8	213.21
9186.0	757.47	213.21
9188.0	757.14	213.21
9190.0	758.91	213.8
9192.0	759.98	214.19
9194.0	763.15	215.18
9196.0	764.23	215.58
9198.0	765.3	215.97
9200.0	767.09	216.57
