3200.0	5599.1	191.25
3201.0	5549.4	189.67
3202.0	5500.2	188.11
3203.0	5496.8	188.11
3204.0	5503.5	188.45
3205.0	5520.3	189.15
3206.0	5532.2	189.67
3207.0	5528.7	189.67
3208.0	5535.4	190.02
3209.0	5557.5	190.9
3210.0	5590.0	192.13
3211.0	5622.6	193.37
3212.0	5655.5	194.63
3213.0	5688.5	195.88
3214.0	5711.2	196.79
3215.0	5728.7	197.51
3216.0	5714.6	197.15
3217.0	5700.6	196.79
3218.0	5686.5	196.43
3219.0	5683.0	196.43
3220.0	5690.0	196.79
3221.0	5686.4	196.79
3222.0	5682.9	196.79
3223.0	5679.4	196.79
3224.0	5675.9	196.79
3225.0	5672.3	196.79
3226.0	5679.3	197.15
3227.0	5691.4	197.7
3228.0	5708.9	198.43
3229.0	5721.2	198.98
3230.0	5728.2	199.34
3231.0	5714.1	198.98
3232.0	5700.0	198.61
3233.0	5691.3	198.43
3234.0	5666.8	197.7
3235.0	5658.1	197.51
3236.0	5644.2	197.15
3237.0	5614.8	196.25
3238.0	5590.7	195.52
3239.0	5561.6	194.63
3240.0	5522.4	193.37
3241.0	5493.7	192.49
3242.0	5470.1	191.78
3243.0	5431.6	190.55
3244.0	5388.4	189.15
3245.0	5350.4	187.93
3246.0	5312.8	186.72
3247.0	5285.1	185.87
3248.0	5247.9	184.67
3249.0	5225.4	183.99
3250.0	5198.2	183.15
3251.0	5185.4	182.81
3252.0	5168.0	182.31
3253.0	5145.8	181.63
3254.0	5119.0	180.8
3255.0	5083.0	179.64
3256.0	5065.8	179.14
3257.0	5044.1	178.48
3258.0	5027.1	177.99
3259.0	5005.6	177.34
3260.0	5011.7	177.66
3261.0	5017.8	177.99
3262.0	5019.4	178.16
3263.0	5011.7	177.99
3264.0	5008.6	177.99
3265.0	5010.2	178.16
3266.0	5002.5	177.99
3267.0	4990.2	177.66
3268.0	4987.2	177.66
3269.0	4993.3	177.99
3270.0	4990.3	177.99
3271.0	4987.2	177.99
3272.0	4984.2	177.99
3273.0	4981.1	177.99
3274.0	4978.1	177.99
3275.0	4979.6	178.16
3276.0	4985.8	178.48
3277.0	4973.6	178.16
3278.0	4956.8	177.66
3279.0	4944.7	177.34
3280.0	4928.0	176.85
3281.0	4929.5	177.01
3282.0	4944.7	177.66
3283.0	4941.7	177.66
3284.0	4938.7	177.66
3285.0	4935.7	177.66
3286.0	4923.6	177.34
3287.0	4920.6	177.34
3288.0	4904.1	176.85
3289.0	4892.1	176.52
3290.0	4880.1	176.2
3291.0	4863.7	175.71
3292.0	4851.8	175.39
3293.0	4839.9	175.07
3294.0	4823.6	174.58
3295.0	4811.8	174.26
3296.0	4795.6	173.78
3297.0	4775.1	173.14
3298.0	4759.0	172.66
3299.0	4756.2	172.66
3300.0	4744.5	172.35
3301.0	4741.6	172.35
3302.0	4730.1	172.03
3303.0	4714.2	171.55
3304.0	4694.0	170.92
3305.0	4691.1	170.92
3306.0	4675.4	170.45
3307.0	4672.5	170.45
3308.0	4669.7	170.45
3309.0	4666.9	170.45
3310.0	4655.5	170.14
3311.0	4644.1	169.82
3312.0	4628.5	169.36
3313.0	4625.7	169.36
3314.0	4635.7	169.82
3315.0	4641.4	170.14
3316.0	4638.6	170.14
3317.0	4644.4	170.45
3318.0	4641.6	170.45
3319.0	4638.8	170.45
3320.0	4619.0	169.82
3321.0	4603.4	169.36
3322.0	4579.6	168.58
3323.0	4559.9	167.96
3324.0	4544.6	167.49
3325.0	4533.5	167.19
3326.0	4522.5	166.88
3327.0	4515.6	166.72
3328.0	4512.9	166.72
3329.0	4514.3	166.88
3330.0	4519.9	167.19
3331.0	4517.2	167.19
3332.0	4522.8	167.49
3333.0	4520.1	167.49
3334.0	4517.4	167.49
3335.0	4527.2	167.96
3336.0	4524.5	167.96
3337.0	4530.1	168.27
3338.0	4527.4	168.27
3339.0	4516.3	167.96
3340.0	4501.2	167.49
3341.0	4519.3	168.27
3342.0	4537.4	169.04
3343.0	4555.6	169.82
3344.0	4561.3	170.14
3345.0	4558.6	170.14
3346.0	4555.8	170.14
3347.0	4544.7	169.82
3348.0	4537.8	169.67
3349.0	4535.1	169.67
3350.0	4532.4	169.67
3351.0	4521.4	169.36
3352.0	4510.4	169.04
3353.0	4495.3	168.58
3354.0	4492.6	168.58
3355.0	4489.9	168.58
3356.0	4491.3	168.73
3357.0	4496.9	169.04
3358.0	4502.6	169.36
3359.0	4512.3	169.82
3360.0	4505.5	169.67
3361.0	4502.8	169.67
3362.0	4504.3	169.82
3363.0	4509.9	170.14
3364.0	4507.2	170.14
3365.0	4504.5	170.14
3366.0	4493.6	169.82
3367.0	4490.9	169.82
3368.0	4488.2	169.82
3369.0	4485.6	169.82
3370.0	4478.8	169.67
3371.0	4467.9	169.36
3372.0	4457.0	169.04
3373.0	4454.4	169.04
3374.0	4443.5	168.73
3375.0	4449.1	169.04
3376.0	4462.9	169.67
3377.0	4460.2	169.67
3378.0	4449.4	169.36
3379.0	4446.8	169.36
3380.0	4444.1	169.36
3381.0	4441.5	169.36
3382.0	4430.7	169.04
3383.0	4415.9	168.58
3384.0	4397.0	167.96
3385.0	4374.2	167.19
3386.0	4371.7	167.19
3387.0	4361.0	166.88
3388.0	4346.5	166.42
3389.0	4335.9	166.11
3390.0	4325.3	165.81
3391.0	4318.8	165.65
3392.0	4300.4	165.04
3393.0	4286.0	164.59
3394.0	4275.6	164.29
3395.0	4273.1	164.29
3396.0	4262.7	163.98
3397.0	4248.4	163.53
3398.0	4238.1	163.23
3399.0	4227.8	162.93
3400.0	4213.7	162.48
3401.0	4211.2	162.48
3402.0	4201.0	162.18
3403.0	4198.5	162.18
3404.0	4203.8	162.48
3405.0	4193.6	162.18
3406.0	4191.1	162.18
3407.0	4188.7	162.18
3408.0	4186.2	162.18
3409.0	4183.8	162.18
3410.0	4189.0	162.48
3411.0	4186.6	162.48
3412.0	4184.1	162.48
3413.0	4174.0	162.18
3414.0	4152.3	161.44
3415.0	4134.7	160.84
3416.0	4120.8	160.4
3417.0	4099.5	159.66
3418.0	4089.6	159.37
3419.0	4068.4	158.64
3420.0	4066.0	158.64
3421.0	4056.2	158.34
3422.0	4053.8	158.34
3423.0	4051.4	158.34
3424.0	4041.6	158.05
3425.0	4028.1	157.62
3426.0	4018.3	157.33
3427.0	4004.9	156.89
3428.0	3995.2	156.6
3429.0	4000.2	156.89
3430.0	4001.6	157.04
3431.0	3999.2	157.04
3432.0	3996.9	157.04
3433.0	3990.9	156.89
3434.0	3988.6	156.89
3435.0	3989.9	157.04
3436.0	3995.0	157.33
3437.0	3992.7	157.33
3438.0	3990.3	157.33
3439.0	3988.0	157.33
3440.0	3993.0	157.62
3441.0	3994.4	157.76
3442.0	3999.4	158.05
3443.0	4004.5	158.34
3444.0	4009.5	158.64
3445.0	4010.9	158.78
3446.0	4004.9	158.64
3447.0	4002.6	158.64
3448.0	3992.9	158.34
3449.0	3990.6	158.34
3450.0	3988.3	158.34
3451.0	3978.6	158.05
3452.0	3983.6	158.34
3453.0	3981.3	158.34
3454.0	3986.4	158.64
3455.0	3987.7	158.78
3456.0	3992.8	159.07
3457.0	4005.2	159.66
3458.0	4002.9	159.66
3459.0	4000.5	159.66
3460.0	3990.9	159.37
3461.0	3981.2	159.07
3462.0	3967.9	158.64
3463.0	3958.4	158.34
3464.0	3948.8	158.05
3465.0	3935.6	157.62
3466.0	3918.9	157.04
3467.0	3905.8	156.6
3468.0	3889.2	156.03
3469.0	3883.4	155.88
3470.0	3874.0	155.6
3471.0	3871.8	155.6
3472.0	3869.6	155.6
3473.0	3860.2	155.31
3474.0	3858.0	155.31
3475.0	3845.1	154.88
3476.0	3835.8	154.6
3477.0	3826.6	154.31
3478.0	3824.4	154.31
3479.0	3822.2	154.31
3480.0	3809.4	153.89
3481.0	3807.2	153.89
3482.0	3798.1	153.6
3483.0	3788.9	153.32
3484.0	3786.7	153.32
3485.0	3784.6	153.32
3486.0	3782.4	153.32
3487.0	3787.2	153.6
3488.0	3778.0	153.32
3489.0	3772.4	153.18
3490.0	3770.2	153.18
3491.0	3768.1	153.18
3492.0	3765.9	153.18
3493.0	3756.8	152.9
3494.0	3747.8	152.62
3495.0	3735.3	152.19
3496.0	3719.4	151.64
3497.0	3710.5	151.36
3498.0	3704.9	151.22
3499.0	3702.8	151.22
3500.0	3704.1	151.36
3501.0	3698.6	151.22
3502.0	3696.5	151.22
3503.0	3687.6	150.94
3504.0	3685.5	150.94
3505.0	3690.1	151.22
3506.0	3691.4	151.36
3507.0	3696.1	151.64
3508.0	3700.8	151.91
3509.0	3698.7	151.91
3510.0	3706.9	152.34
3511.0	3711.6	152.62
3512.0	3702.6	152.34
3513.0	3700.5	152.34
3514.0	3698.4	152.34
3515.0	3696.3	152.34
3516.0	3694.2	152.34
3517.0	3692.1	152.34
3518.0	3690.0	152.34
3519.0	3687.9	152.34
3520.0	3685.8	152.34
3521.0	3680.3	152.19
3522.0	3678.3	152.19
3523.0	3669.4	151.91
3524.0	3660.6	151.64
3525.0	3658.5	151.64
3526.0	3649.7	151.36
3527.0	3637.6	150.94
3528.0	3628.8	150.66
3529.0	3620.1	150.38
3530.0	3614.7	150.24
3531.0	3606.0	149.97
3532.0	3597.3	149.69
3533.0	3585.4	149.28
3534.0	3570.2	148.73
3535.0	3558.3	148.32
3536.0	3549.7	148.05
3537.0	3541.2	147.77
3538.0	3539.2	147.77
3539.0	3527.4	147.37
3540.0	3518.9	147.1
3541.0	3507.3	146.69
3542.0	3505.3	146.69
3543.0	3496.9	146.42
3544.0	3488.4	146.15
3545.0	3486.5	146.15
3546.0	3484.5	146.15
3547.0	3482.6	146.15
3548.0	3480.6	146.15
3549.0	3478.6	146.15
3550.0	3470.3	145.88
3551.0	3465.1	145.75
3552.0	3463.2	145.75
3553.0	3461.2	145.75
3554.0	3462.5	145.88
3555.0	3466.9	146.15
3556.0	3464.9	146.15
3557.0	3456.6	145.88
3558.0	3451.5	145.75
3559.0	3452.7	145.88
3560.0	3457.2	146.15
3561.0	3455.2	146.15
3562.0	3453.3	146.15
3563.0	3451.3	146.15
3564.0	3449.4	146.15
3565.0	3447.5	146.15
3566.0	3451.9	146.42
3567.0	3450.0	146.42
3568.0	3441.7	146.15
3569.0	3439.7	146.15
3570.0	3431.5	145.88
3571.0	3426.4	145.75
3572.0	3427.7	145.88
3573.0	3432.1	146.15
3574.0	3430.1	146.15
3575.0	3428.2	146.15
3576.0	3426.3	146.15
3577.0	3430.7	146.42
3578.0	3422.5	146.15
3579.0	3411.1	145.75
3580.0	3402.9	145.48
3581.0	3394.8	145.21
3582.0	3386.6	144.94
3583.0	3381.6	144.81
3584.0	3379.7	144.81
3585.0	3377.9	144.81
3586.0	3369.8	144.54
3587.0	3367.9	144.54
3588.0	3366.0	144.54
3589.0	3357.9	144.28
3590.0	3356.1	144.28
3591.0	3351.1	144.15
3592.0	3343.1	143.88
3593.0	3335.1	143.61
3594.0	3327.1	143.35
3595.0	3322.2	143.22
3596.0	3314.2	142.95
3597.0	3312.4	142.95
3598.0	3304.4	142.69
3599.0	3293.5	142.3
3600.0	3291.7	142.3
3601.0	3283.8	142.04
3602.0	3275.9	141.77
3603.0	3268.1	141.51
3604.0	3266.3	141.51
3605.0	3264.4	141.51
3606.0	3268.6	141.77
3607.0	3266.8	141.77
3608.0	3271.0	142.04
3609.0	3275.3	142.3
3610.0	3276.5	142.43
3611.0	3274.6	142.43
3612.0	3272.8	142.43
3613.0	3268.0	142.3
3614.0	3260.2	142.04
3615.0	3264.4	142.3
3616.0	3262.6	142.3
3617.0	3260.8	142.3
3618.0	3259.0	142.3
3619.0	3251.2	142.04
3620.0	3249.4	142.04
3621.0	3247.6	142.04
3622.0	3239.8	141.77
3623.0	3238.0	141.77
3624.0	3236.3	141.77
3625.0	3234.5	141.77
3626.0	3223.8	141.38
3627.0	3216.1	141.12
3628.0	3208.4	140.86
3629.0	3197.8	140.48
3630.0	3196.0	140.48
3631.0	3194.2	140.48
3632.0	3195.4	140.6
3633.0	3199.6	140.86
3634.0	3191.9	140.6
3635.0	3187.2	140.48
3636.0	3185.5	140.48
3637.0	3177.8	140.22
3638.0	3176.1	140.22
3639.0	3168.5	139.96
3640.0	3166.8	139.96
3641.0	3162.1	139.83
3642.0	3160.4	139.83
3643.0	3158.7	139.83
3644.0	3156.9	139.83
3645.0	3143.6	139.32
3646.0	3136.1	139.06
3647.0	3125.7	138.68
3648.0	3118.2	138.42
3649.0	3116.5	138.42
3650.0	3114.8	138.42
3651.0	3107.4	138.16
3652.0	3097.1	137.78
3653.0	3089.7	137.53
3654.0	3079.5	137.15
3655.0	3066.5	136.65
3656.0	3062.0	136.52
3657.0	3054.7	136.27
3658.0	3047.4	136.02
3659.0	3040.1	135.77
3660.0	3035.7	135.64
3661.0	3028.5	135.39
3662.0	3021.2	135.15
3663.0	3014.0	134.9
3664.0	3009.6	134.77
3665.0	3002.4	134.52
3666.0	3000.8	134.52
3667.0	3004.7	134.77
3668.0	3003.0	134.77
3669.0	2995.9	134.52
3670.0	2988.8	134.28
3671.0	2987.1	134.28
3672.0	2985.5	134.28
3673.0	2983.9	134.28
3674.0	2987.7	134.52
3675.0	2986.1	134.52
3676.0	2984.5	134.52
3677.0	2991.1	134.9
3678.0	2989.5	134.9
3679.0	2993.4	135.15
3680.0	2997.3	135.39
3681.0	3003.9	135.77
3682.0	3002.3	135.77
3683.0	3000.7	135.77
3684.0	2999.0	135.77
3685.0	2994.6	135.64
3686.0	2987.5	135.39
3687.0	2974.9	134.9
3688.0	2965.1	134.52
3689.0	2958.0	134.28
3690.0	2948.3	133.91
3691.0	2935.8	133.41
3692.0	2926.1	133.05
3693.0	2924.6	133.05
3694.0	2917.6	132.8
3695.0	2916.0	132.8
3696.0	2914.5	132.8
3697.0	2912.9	132.8
3698.0	2911.3	132.8
3699.0	2904.4	132.56
3700.0	2902.8	132.56
3701.0	2906.6	132.8
3702.0	2905.0	132.8
3703.0	2903.4	132.8
3704.0	2907.2	133.05
3705.0	2900.3	132.8
3706.0	2898.7	132.8
3707.0	2897.2	132.8
3708.0	2890.3	132.56
3709.0	2888.7	132.56
3710.0	2879.2	132.19
3711.0	2872.4	131.95
3712.0	2865.5	131.7
3713.0	2861.3	131.58
3714.0	2859.8	131.58
3715.0	2858.3	131.58
3716.0	2851.5	131.34
3717.0	2849.9	131.34
3718.0	2843.2	131.1
3719.0	2836.4	130.86
3720.0	2834.9	130.86
3721.0	2833.4	130.86
3722.0	2837.1	131.1
3723.0	2835.5	131.1
3724.0	2834.0	131.1
3725.0	2827.3	130.86
3726.0	2825.8	130.86
3727.0	2824.2	130.86
3728.0	2822.7	130.86
3729.0	2831.6	131.34
3730.0	2835.3	131.58
3731.0	2836.4	131.7
3732.0	2834.9	131.7
3733.0	2830.8	131.58
3734.0	2829.3	131.58
3735.0	2822.5	131.34
3736.0	2821.0	131.34
3737.0	2814.3	131.1
3738.0	2812.8	131.1
3739.0	2811.3	131.1
3740.0	2809.8	131.1
3741.0	2808.3	131.1
3742.0	2806.8	131.1
3743.0	2810.5	131.34
3744.0	2803.8	131.1
3745.0	2802.3	131.1
3746.0	2800.8	131.1
3747.0	2794.2	130.86
3748.0	2792.7	130.86
3749.0	2791.2	130.86
3750.0	2787.1	130.74
3751.0	2785.6	130.74
3752.0	2784.2	130.74
3753.0	2782.7	130.74
3754.0	2776.1	130.5
3755.0	2779.7	130.74
3756.0	2778.2	130.74
3757.0	2776.8	130.74
3758.0	2775.3	130.74
3759.0	2773.8	130.74
3760.0	2772.3	130.74
3761.0	2773.4	130.86
3762.0	2777.0	131.1
3763.0	2775.6	131.1
3764.0	2774.1	131.1
3765.0	2772.6	131.1
3766.0	2763.5	130.74
3767.0	2757.0	130.5
3768.0	2750.4	130.26
3769.0	2743.9	130.02
3770.0	2742.4	130.02
3771.0	2741.0	130.02
3772.0	2744.6	130.26
3773.0	2748.2	130.5
3774.0	2751.8	130.74
3775.0	2752.9	130.86
3776.0	2751.4	130.86
3777.0	2747.4	130.74
3778.0	2735.9	130.26
3779.0	2726.9	129.9
3780.0	2715.4	129.42
3781.0	2706.5	129.06
3782.0	2700.1	128.83
3783.0	2693.7	128.59
3784.0	2684.8	128.23
3785.0	2673.6	127.76
3786.0	2664.8	127.41
3787.0	2651.1	126.82
3788.0	2640.0	126.36
3789.0	2631.3	126.01
3790.0	2625.1	125.78
3791.0	2618.9	125.55
3792.0	2610.3	125.2
3793.0	2604.1	124.97
3794.0	2602.7	124.97
3795.0	2601.3	124.97
3796.0	2604.8	125.2
3797.0	2610.6	125.55
3798.0	2621.3	126.12
3799.0	2634.4	126.82
3800.0	2640.3	127.17
3801.0	2648.6	127.64
3802.0	2654.6	128.0
3803.0	2658.1	128.23
3804.0	2664.0	128.59
3805.0	2662.6	128.59
3806.0	2666.1	128.83
3807.0	2664.7	128.83
3808.0	2668.3	129.06
3809.0	2669.3	129.18
3810.0	2677.7	129.66
3811.0	2681.3	129.9
3812.0	2682.3	130.02
3813.0	2680.9	130.02
3814.0	2677.1	129.9
3815.0	2675.7	129.9
3816.0	2669.3	129.66
3817.0	2663.0	129.42
3818.0	2656.7	129.18
3819.0	2652.9	129.06
3820.0	2641.8	128.59
3821.0	2633.1	128.23
3822.0	2622.0	127.76
3823.0	2613.4	127.41
3824.0	2602.5	126.94
3825.0	2593.9	126.59
3826.0	2580.7	126.01
3827.0	2569.8	125.55
3828.0	2561.4	125.2
3829.0	2555.3	124.97
3830.0	2554.0	124.97
3831.0	2552.7	124.97
3832.0	2551.3	124.97
3833.0	2550.0	124.97
3834.0	2548.7	124.97
3835.0	2547.4	124.97
3836.0	2550.7	125.2
3837.0	2551.7	125.31
3838.0	2559.8	125.78
3839.0	2565.6	126.12
3840.0	2573.7	126.59
3841.0	2577.1	126.82
3842.0	2582.9	127.17
3843.0	2591.1	127.64
3844.0	2592.1	127.76
3845.0	2600.3	128.23
3846.0	2611.0	128.83
3847.0	2616.8	129.18
3848.0	2625.1	129.66
3849.0	2628.6	129.9
3850.0	2634.5	130.26
3851.0	2638.0	130.5
3852.0	2641.5	130.74
3853.0	2647.4	131.1
3854.0	2650.9	131.34
3855.0	2649.5	131.34
3856.0	2648.2	131.34
3857.0	2651.7	131.58
3858.0	2645.4	131.34
3859.0	2639.2	131.1
3860.0	2630.5	130.74
3861.0	2624.3	130.5
3862.0	2613.3	130.02
3863.0	2609.6	129.9
3864.0	2603.4	129.66
3865.0	2602.1	129.66
3866.0	2600.7	129.66
3867.0	2594.6	129.42
3868.0	2593.3	129.42
3869.0	2591.9	129.42
3870.0	2590.6	129.42
3871.0	2589.2	129.42
3872.0	2580.8	129.06
3873.0	2574.7	128.83
3874.0	2561.5	128.23
3875.0	2550.8	127.76
3876.0	2537.8	127.17
3877.0	2529.5	126.82
3878.0	2514.2	126.12
3879.0	2501.4	125.55
3880.0	2488.6	124.97
3881.0	2475.9	124.39
3882.0	2463.2	123.82
3883.0	2448.4	123.14
3884.0	2435.9	122.57
3885.0	2419.0	121.79
3886.0	2411.1	121.45
3887.0	2405.4	121.23
3888.0	2404.2	121.23
3889.0	2411.8	121.67
3890.0	2417.2	122.01
3891.0	2420.5	122.24
3892.0	2425.9	122.57
3893.0	2433.6	123.03
3894.0	2439.1	123.37
3895.0	2449.1	123.94
3896.0	2461.4	124.62
3897.0	2466.9	124.97
3898.0	2477.1	125.55
3899.0	2484.9	126.01
3900.0	2495.1	126.59
3901.0	2505.4	127.17
3902.0	2515.6	127.76
3903.0	2523.6	128.23
3904.0	2527.0	128.47
3905.0	2528.0	128.59
3906.0	2531.4	128.83
3907.0	2534.7	129.06
3908.0	2540.5	129.42
3909.0	2543.8	129.66
3910.0	2547.2	129.9
3911.0	2548.3	130.02
3912.0	2551.7	130.26
3913.0	2555.1	130.5
3914.0	2558.5	130.74
3915.0	2557.2	130.74
3916.0	2555.9	130.74
3917.0	2549.8	130.5
3918.0	2548.5	130.5
3919.0	2542.6	130.26
3920.0	2541.3	130.26
3921.0	2535.3	130.02
3922.0	2531.7	129.9
3923.0	2525.7	129.66
3924.0	2515.1	129.18
3925.0	2506.9	128.83
3926.0	2498.7	128.47
3927.0	2492.9	128.23
3928.0	2487.0	128.0
3929.0	2485.7	128.0
3930.0	2484.5	128.0
3931.0	2478.6	127.76
3932.0	2477.4	127.76
3933.0	2476.1	127.76
3934.0	2474.9	127.76
3935.0	2478.2	128.0
3936.0	2476.9	128.0
3937.0	2480.2	128.23
3938.0	2479.0	128.23
3939.0	2477.7	128.23
3940.0	2476.4	128.23
3941.0	2470.6	128.0
3942.0	2469.4	128.0
3943.0	2468.1	128.0
3944.0	2471.4	128.23
3945.0	2470.2	128.23
3946.0	2468.9	128.23
3947.0	2463.1	128.0
3948.0	2457.3	127.76
3949.0	2449.3	127.41
3950.0	2439.1	126.94
3951.0	2426.6	126.36
3952.0	2418.7	126.01
3953.0	2404.2	125.31
3954.0	2391.9	124.74
3955.0	2384.1	124.39
3956.0	2372.0	123.82
3957.0	2362.0	123.37
3958.0	2345.7	122.57
3959.0	2333.7	122.01
3960.0	2313.3	121.0
3961.0	2297.3	120.23
3962.0	2275.0	119.12
3963.0	2259.3	118.36
3964.0	2239.5	117.38
3965.0	2222.0	116.52
3966.0	2202.5	115.56
3967.0	2183.2	114.6
3968.0	2168.1	113.87
3969.0	2153.1	113.14
3970.0	2142.1	112.62
3971.0	2135.1	112.31
3972.0	2130.1	112.1
3973.0	2129.0	112.1
3974.0	2131.9	112.31
3975.0	2144.6	113.03
3976.0	2159.4	113.87
3977.0	2180.3	115.03
3978.0	2199.3	116.09
3979.0	2216.5	117.06
3980.0	2225.6	117.6
3981.0	2234.8	118.14
3982.0	2241.9	118.58
3983.0	2247.0	118.9
3984.0	2254.1	119.34
3985.0	2259.2	119.67
3986.0	2266.4	120.12
3987.0	2271.6	120.45
3988.0	2280.9	121.0
3989.0	2288.2	121.45
3990.0	2297.6	122.01
3991.0	2302.8	122.35
3992.0	2310.1	122.8
3993.0	2319.6	123.37
3994.0	2322.8	123.59
3995.0	2328.0	123.94
3996.0	2326.9	123.94
3997.0	2325.7	123.94
3998.0	2324.5	123.94
3999.0	2321.2	123.82
4000.0	2320.1	123.82
4001.0	2314.6	123.59
4002.0	2313.5	123.59
4003.0	2308.1	123.37
4004.0	2306.9	123.37
4005.0	2305.8	123.37
4006.0	2300.4	123.14
4007.0	2299.2	123.14
4008.0	2296.0	123.03
4009.0	2290.6	122.8
4010.0	2285.2	122.57
4011.0	2284.1	122.57
4012.0	2278.8	122.35
4013.0	2275.5	122.24
4014.0	2270.2	122.01
4015.0	2269.1	122.01
4016.0	2263.8	121.79
4017.0	2262.6	121.79
4018.0	2265.7	122.01
4019.0	2264.6	122.01
4020.0	2263.4	122.01
4021.0	2258.2	121.79
4022.0	2254.9	121.67
4023.0	2253.8	121.67
4024.0	2248.6	121.45
4025.0	2247.4	121.45
4026.0	2246.3	121.45
4027.0	2245.2	121.45
4028.0	2244.1	121.45
4029.0	2243.0	121.45
4030.0	2241.9	121.45
4031.0	2240.7	121.45
4032.0	2239.6	121.45
4033.0	2238.5	121.45
4034.0	2233.3	121.23
4035.0	2228.1	121.0
4036.0	2227.0	121.0
4037.0	2223.8	120.89
4038.0	2224.8	121.0
4039.0	2223.7	121.0
4040.0	2222.6	121.0
4041.0	2221.5	121.0
4042.0	2220.4	121.0
4043.0	2217.2	120.89
4044.0	2216.1	120.89
4045.0	2217.1	121.0
4046.0	2216.0	121.0
4047.0	2219.0	121.23
4048.0	2217.9	121.23
4049.0	2212.7	121.0
4050.0	2211.6	121.0
4051.0	2210.5	121.0
4052.0	2207.4	120.89
4053.0	2202.2	120.67
4054.0	2201.2	120.67
4055.0	2200.1	120.67
4056.0	2203.0	120.89
4057.0	2202.0	120.89
4058.0	2202.9	121.0
4059.0	2201.8	121.0
4060.0	2200.7	121.0
4061.0	2199.7	121.0
4062.0	2196.5	120.89
4063.0	2195.5	120.89
4064.0	2190.3	120.67
4065.0	2189.3	120.67
4066.0	2184.2	120.45
4067.0	2183.1	120.45
4068.0	2182.0	120.45
4069.0	2180.9	120.45
4070.0	2179.9	120.45
4071.0	2178.8	120.45
4072.0	2177.7	120.45
4073.0	2176.7	120.45
4074.0	2175.6	120.45
4075.0	2170.5	120.23
4076.0	2169.5	120.23
4077.0	2162.4	119.89
4078.0	2157.4	119.67
4079.0	2150.4	119.34
4080.0	2145.4	119.12
4081.0	2134.5	118.58
4082.0	2125.6	118.14
4083.0	2114.8	117.6
4084.0	2104.0	117.06
4085.0	2093.3	116.52
4086.0	2078.9	115.77
4087.0	2070.2	115.34
4088.0	2055.9	114.6
4089.0	2041.7	113.87
4090.0	2027.6	113.14
4091.0	2011.7	112.31
4092.0	1997.8	111.58
4093.0	1980.3	110.66
4094.0	1961.2	109.65
4095.0	1944.1	108.74
4096.0	1927.1	107.85
4097.0	1913.8	107.15
4098.0	1898.8	106.37
4099.0	1887.4	105.78
4100.0	1877.8	105.29
4101.0	1868.3	104.81
4102.0	1858.8	104.33
4103.0	1857.9	104.33
4104.0	1857.0	104.33
4105.0	1864.6	104.81
4106.0	1875.8	105.49
4107.0	1890.5	106.37
4108.0	1910.6	107.55
4109.0	1930.8	108.74
4110.0	1955.0	110.15
4111.0	1972.1	111.17
4112.0	1987.5	112.1
4113.0	1999.4	112.82
4114.0	2011.4	113.55
4115.0	2019.7	114.08
4116.0	2026.1	114.5
4117.0	2030.8	114.82
4118.0	2039.1	115.34
4119.0	2047.6	115.88
4120.0	2054.1	116.31
4121.0	2062.6	116.84
4122.0	2065.4	117.06
4123.0	2064.4	117.06
4124.0	2063.4	117.06
4125.0	2058.6	116.84
4126.0	2057.6	116.84
4127.0	2056.6	116.84
4128.0	2055.6	116.84
4129.0	2054.6	116.84
4130.0	2053.6	116.84
4131.0	2048.8	116.63
4132.0	2046.0	116.52
4133.0	2041.2	116.31
4134.0	2036.5	116.09
4135.0	2035.5	116.09
4136.0	2030.8	115.88
4137.0	2027.9	115.77
4138.0	2023.2	115.56
4139.0	2022.2	115.56
4140.0	2017.5	115.34
4141.0	2016.5	115.34
4142.0	2015.6	115.34
4143.0	2014.6	115.34
4144.0	2009.9	115.13
4145.0	2007.1	115.03
4146.0	2006.1	115.03
4147.0	2001.5	114.82
4148.0	2000.5	114.82
4149.0	1995.9	114.6
4150.0	1994.9	114.6
4151.0	1993.9	114.6
4152.0	1993.0	114.6
4153.0	1992.0	114.6
4154.0	1991.1	114.6
4155.0	1990.1	114.6
4156.0	1989.2	114.6
4157.0	1988.2	114.6
4158.0	1987.2	114.6
4159.0	1984.5	114.5
4160.0	1979.9	114.29
4161.0	1975.3	114.08
4162.0	1974.3	114.08
4163.0	1969.7	113.87
4164.0	1968.8	113.87
4165.0	1967.8	113.87
4166.0	1965.1	113.76
4167.0	1960.5	113.55
4168.0	1959.6	113.55
4169.0	1958.7	113.55
4170.0	1957.7	113.55
4171.0	1956.8	113.55
4172.0	1955.8	113.55
4173.0	1954.9	113.55
4174.0	1954.0	113.55
4175.0	1953.0	113.55
4176.0	1952.1	113.55
4177.0	1947.6	113.34
4178.0	1946.6	113.34
4179.0	1945.7	113.34
4180.0	1941.2	113.14
4181.0	1940.3	113.14
4182.0	1939.3	113.14
4183.0	1936.6	113.03
4184.0	1935.7	113.03
4185.0	1931.2	112.82
4186.0	1926.7	112.62
4187.0	1925.8	112.62
4188.0	1924.9	112.62
4189.0	1924.0	112.62
4190.0	1919.5	112.41
4191.0	1916.8	112.31
4192.0	1915.9	112.31
4193.0	1911.5	112.1
4194.0	1910.6	112.1
4195.0	1906.1	111.89
4196.0	1905.2	111.89
4197.0	1904.3	111.89
4198.0	1903.4	111.89
4199.0	1902.5	111.89
4200.0	1898.1	111.69
4201.0	1895.5	111.58
4202.0	1894.6	111.58
4203.0	1890.2	111.38
4204.0	1889.3	111.38
4205.0	1888.4	111.38
4206.0	1887.5	111.38
4207.0	1886.6	111.38
4208.0	1889.2	111.58
4209.0	1888.3	111.58
4210.0	1887.4	111.58
4211.0	1886.5	111.58
4212.0	1885.6	111.58
4213.0	1884.7	111.58
4214.0	1883.8	111.58
4215.0	1882.9	111.58
4216.0	1882.0	111.58
4217.0	1881.1	111.58
4218.0	1880.2	111.58
4219.0	1879.3	111.58
4220.0	1880.2	111.69
4221.0	1879.3	111.69
4222.0	1881.8	111.89
4223.0	1881.0	111.89
4224.0	1880.1	111.89
4225.0	1879.2	111.89
4226.0	1878.3	111.89
4227.0	1877.4	111.89
4228.0	1876.5	111.89
4229.0	1875.6	111.89
4230.0	1871.3	111.69
4231.0	1868.7	111.58
4232.0	1864.4	111.38
4233.0	1860.0	111.17
4234.0	1859.2	111.17
4235.0	1856.6	111.07
4236.0	1855.7	111.07
4237.0	1854.8	111.07
4238.0	1850.5	110.87
4239.0	1849.7	110.87
4240.0	1848.8	110.87
4241.0	1844.5	110.66
4242.0	1843.7	110.66
4243.0	1842.8	110.66
4244.0	1841.9	110.66
4245.0	1841.1	110.66
4246.0	1836.8	110.46
4247.0	1835.9	110.46
4248.0	1835.1	110.46
4249.0	1832.5	110.36
4250.0	1831.6	110.36
4251.0	1830.8	110.36
4252.0	1826.6	110.15
4253.0	1825.7	110.15
4254.0	1824.8	110.15
4255.0	1820.6	109.95
4256.0	1819.8	109.95
4257.0	1813.9	109.65
4258.0	1813.0	109.65
4259.0	1812.2	109.65
4260.0	1811.3	109.65
4261.0	1810.5	109.65
4262.0	1809.6	109.65
4263.0	1808.8	109.65
4264.0	1804.6	109.45
4265.0	1803.8	109.45
4266.0	1802.9	109.45
4267.0	1798.8	109.24
4268.0	1797.9	109.24
4269.0	1797.1	109.24
4270.0	1796.2	109.24
4271.0	1795.4	109.24
4272.0	1794.6	109.24
4273.0	1790.4	109.04
4274.0	1789.6	109.04
4275.0	1787.1	108.94
4276.0	1786.3	108.94
4277.0	1785.4	108.94
4278.0	1784.6	108.94
4279.0	1780.5	108.74
4280.0	1779.6	108.74
4281.0	1778.8	108.74
4282.0	1778.0	108.74
4283.0	1780.4	108.94
4284.0	1779.6	108.94
4285.0	1778.8	108.94
4286.0	1777.9	108.94
4287.0	1777.1	108.94
4288.0	1777.9	109.04
4289.0	1775.4	108.94
4290.0	1774.6	108.94
4291.0	1770.5	108.74
4292.0	1764.8	108.44
4293.0	1757.5	108.04
4294.0	1753.5	107.85
4295.0	1747.8	107.55
4296.0	1743.8	107.35
4297.0	1739.8	107.15
4298.0	1739.0	107.15
4299.0	1736.5	107.05
4300.0	1735.7	107.05
4301.0	1734.9	107.05
4302.0	1734.1	107.05
4303.0	1733.3	107.05
4304.0	1732.5	107.05
4305.0	1731.7	107.05
4306.0	1727.7	106.86
4307.0	1726.9	106.86
4308.0	1726.1	106.86
4309.0	1725.3	106.86
4310.0	1724.5	106.86
4311.0	1723.7	106.86
4312.0	1722.9	106.86
4313.0	1722.1	106.86
4314.0	1721.3	106.86
4315.0	1720.5	106.86
4316.0	1719.7	106.86
4317.0	1715.8	106.66
4318.0	1710.2	106.37
4319.0	1706.3	106.17
4320.0	1702.4	105.97
4321.0	1696.9	105.68
4322.0	1693.0	105.49
4323.0	1684.4	105.0
4324.0	1677.4	104.62
4325.0	1669.0	104.14
4326.0	1657.5	103.47
4327.0	1646.1	102.8
4328.0	1633.2	102.05
4329.0	1619.0	101.2
4330.0	1604.9	100.37
4331.0	1586.5	99.266
4332.0	1571.2	98.35600000000001
4333.0	1550.4	97.096
4334.0	1532.7	96.029
4335.0	1512.3	94.79799999999999
4336.0	1492.3	93.584
4337.0	1479.3	92.811
4338.0	1465.0	91.96
4339.0	1456.3	91.45299999999999
4340.0	1451.6	91.20100000000001
4341.0	1450.9	91.20100000000001
4342.0	1454.3	91.45299999999999
4343.0	1461.6	91.96
4344.0	1474.5	92.811
4345.0	1486.1	93.584
4346.0	1501.9	94.624
4347.0	1517.9	95.675
4348.0	1532.6	96.65
4349.0	1546.1	97.544
4350.0	1562.6	98.62799999999999
4351.0	1574.9	99.449
4352.0	1585.8	100.18
4353.0	1598.2	101.02
4354.0	1607.8	101.67
4355.0	1614.5	102.14
4356.0	1624.2	102.8
4357.0	1629.5	103.18
4358.0	1636.2	103.66
4359.0	1638.5	103.85
4360.0	1642.3	104.14
4361.0	1644.6	104.33
4362.0	1648.4	104.62
4363.0	1647.6	104.62
4364.0	1649.9	104.81
4365.0	1649.1	104.81
4366.0	1648.4	104.81
4367.0	1650.6	105.0
4368.0	1649.9	105.0
4369.0	1649.1	105.0
4370.0	1648.4	105.0
4371.0	1647.6	105.0
4372.0	1646.9	105.0
4373.0	1646.1	105.0
4374.0	1645.4	105.0
4375.0	1641.6	104.81
4376.0	1640.8	104.81
4377.0	1640.1	104.81
4378.0	1639.3	104.81
4379.0	1638.6	104.81
4380.0	1634.8	104.62
4381.0	1632.6	104.52
4382.0	1628.8	104.33
4383.0	1628.1	104.33
4384.0	1627.3	104.33
4385.0	1626.6	104.33
4386.0	1625.9	104.33
4387.0	1622.1	104.14
4388.0	1621.4	104.14
4389.0	1617.7	103.94
4390.0	1615.4	103.85
4391.0	1611.7	103.66
4392.0	1611.0	103.66
4393.0	1610.3	103.66
4394.0	1609.5	103.66
4395.0	1608.8	103.66
4396.0	1608.1	103.66
4397.0	1607.3	103.66
4398.0	1603.7	103.47
4399.0	1602.9	103.47
4400.0	1602.2	103.47
4401.0	1601.5	103.47
4402.0	1597.8	103.28
4403.0	1595.6	103.18
4404.0	1594.9	103.18
4405.0	1594.1	103.18
4406.0	1593.4	103.18
4407.0	1589.8	102.99
4408.0	1589.0	102.99
4409.0	1585.4	102.8
4410.0	1581.8	102.61
4411.0	1579.6	102.52
4412.0	1576.0	102.33
4413.0	1575.3	102.33
4414.0	1574.5	102.33
4415.0	1570.9	102.14
4416.0	1570.2	102.14
4417.0	1569.5	102.14
4418.0	1568.8	102.14
4419.0	1568.1	102.14
4420.0	1567.4	102.14
4421.0	1565.2	102.05
4422.0	1561.6	101.86
4423.0	1560.9	101.86
4424.0	1560.2	101.86
4425.0	1559.5	101.86
4426.0	1558.8	101.86
4427.0	1555.2	101.67
4428.0	1554.5	101.67
4429.0	1553.8	101.67
4430.0	1550.3	101.48
4431.0	1549.6	101.48
4432.0	1548.9	101.48
4433.0	1548.2	101.48
4434.0	1546.1	101.39
4435.0	1545.4	101.39
4436.0	1541.8	101.2
4437.0	1541.1	101.2
4438.0	1537.6	101.02
4439.0	1536.9	101.02
4440.0	1536.2	101.02
4441.0	1535.5	101.02
4442.0	1534.8	101.02
4443.0	1534.2	101.02
4444.0	1533.5	101.02
4445.0	1532.8	101.02
4446.0	1529.3	100.83
4447.0	1527.2	100.74
4448.0	1526.5	100.74
4449.0	1525.8	100.74
4450.0	1525.1	100.74
4451.0	1521.6	100.55
4452.0	1520.9	100.55
4453.0	1520.2	100.55
4454.0	1516.8	100.37
4455.0	1516.1	100.37
4456.0	1515.4	100.37
4457.0	1511.9	100.18
4458.0	1509.9	100.09
4459.0	1506.4	99.90799999999999
4460.0	1505.7	99.90799999999999
4461.0	1505.1	99.90799999999999
4462.0	1504.4	99.90799999999999
4463.0	1503.7	99.90799999999999
4464.0	1503.0	99.90799999999999
4465.0	1499.6	99.72399999999999
4466.0	1498.9	99.72399999999999
4467.0	1495.5	99.54
4468.0	1493.5	99.449
4469.0	1492.8	99.449
4470.0	1492.1	99.449
4471.0	1488.7	99.266
4472.0	1488.0	99.266
4473.0	1487.4	99.266
4474.0	1484.0	99.083
4475.0	1479.2	98.809
4476.0	1475.8	98.62799999999999
4477.0	1472.5	98.447
4478.0	1471.8	98.447
4479.0	1471.2	98.447
4480.0	1470.5	98.447
4481.0	1469.8	98.447
4482.0	1469.2	98.447
4483.0	1464.5	98.17399999999999
4484.0	1463.8	98.17399999999999
4485.0	1463.2	98.17399999999999
4486.0	1462.5	98.17399999999999
4487.0	1461.9	98.17399999999999
4488.0	1461.2	98.17399999999999
4489.0	1457.9	97.994
4490.0	1454.5	97.81299999999999
4491.0	1452.6	97.72399999999999
4492.0	1451.9	97.72399999999999
4493.0	1451.3	97.72399999999999
4494.0	1450.6	97.72399999999999
4495.0	1450.0	97.72399999999999
4496.0	1449.3	97.72399999999999
4497.0	1448.7	97.72399999999999
4498.0	1448.0	97.72399999999999
4499.0	1444.7	97.544
4500.0	1444.1	97.544
4501.0	1443.5	97.544
4502.0	1442.8	97.544
4503.0	1439.5	97.36399999999999
4504.0	1438.9	97.36399999999999
4505.0	1438.2	97.36399999999999
4506.0	1437.6	97.36399999999999
4507.0	1433.0	97.096
4508.0	1432.4	97.096
4509.0	1431.7	97.096
4510.0	1431.1	97.096
4511.0	1427.8	96.917
4512.0	1427.2	96.917
4513.0	1426.6	96.917
4514.0	1425.9	96.917
4515.0	1425.3	96.917
4516.0	1424.7	96.917
4517.0	1424.0	96.917
4518.0	1423.4	96.917
4519.0	1420.2	96.73899999999999
4520.0	1419.5	96.73899999999999
4521.0	1418.9	96.73899999999999
4522.0	1418.3	96.73899999999999
4523.0	1417.6	96.73899999999999
4524.0	1417.0	96.73899999999999
4525.0	1416.4	96.73899999999999
4526.0	1415.8	96.73899999999999
4527.0	1415.1	96.73899999999999
4528.0	1413.2	96.65
4529.0	1410.0	96.47200000000001
4530.0	1409.4	96.47200000000001
4531.0	1406.1	96.294
4532.0	1402.9	96.117
4533.0	1401.0	96.029
4534.0	1397.8	95.852
4535.0	1394.7	95.675
4536.0	1391.5	95.499
4537.0	1387.0	95.236
4538.0	1383.9	95.06
4539.0	1383.2	95.06
4540.0	1378.8	94.79799999999999
4541.0	1378.2	94.79799999999999
4542.0	1375.1	94.624
4543.0	1374.5	94.624
4544.0	1373.9	94.624
4545.0	1375.8	94.79799999999999
4546.0	1375.2	94.79799999999999
4547.0	1375.8	94.885
4548.0	1377.8	95.06
4549.0	1377.2	95.06
4550.0	1379.1	95.236
4551.0	1381.0	95.411
4552.0	1381.7	95.499
4553.0	1383.6	95.675
4554.0	1383.0	95.675
4555.0	1385.0	95.852
4556.0	1384.4	95.852
4557.0	1383.8	95.852
4558.0	1380.6	95.675
4559.0	1380.0	95.675
4560.0	1379.4	95.675
4561.0	1378.8	95.675
4562.0	1378.2	95.675
4563.0	1375.1	95.499
4564.0	1374.5	95.499
4565.0	1373.8	95.499
4566.0	1373.2	95.499
4567.0	1372.6	95.499
4568.0	1372.0	95.499
4569.0	1374.0	95.675
4570.0	1373.4	95.675
4571.0	1370.2	95.499
4572.0	1369.6	95.499
4573.0	1367.8	95.411
4574.0	1364.7	95.236
4575.0	1364.1	95.236
4576.0	1363.5	95.236
4577.0	1362.9	95.236
4578.0	1362.3	95.236
4579.0	1361.7	95.236
4580.0	1361.1	95.236
4581.0	1358.0	95.06
4582.0	1357.4	95.06
4583.0	1356.8	95.06
4584.0	1356.2	95.06
4585.0	1355.6	95.06
4586.0	1355.0	95.06
4587.0	1352.0	94.885
4588.0	1350.1	94.79799999999999
4589.0	1349.5	94.79799999999999
4590.0	1346.5	94.624
4591.0	1343.4	94.449
4592.0	1342.8	94.449
4593.0	1339.8	94.27600000000001
4594.0	1337.9	94.189
4595.0	1337.4	94.189
4596.0	1334.3	94.016
4597.0	1333.7	94.016
4598.0	1330.7	93.84200000000001
4599.0	1328.9	93.756
4600.0	1328.3	93.756
4601.0	1325.3	93.584
4602.0	1324.7	93.584
4603.0	1321.7	93.411
4604.0	1321.1	93.411
4605.0	1318.1	93.23899999999999
4606.0	1317.6	93.23899999999999
4607.0	1317.0	93.23899999999999
4608.0	1315.2	93.154
4609.0	1314.6	93.154
4610.0	1311.6	92.98200000000001
4611.0	1311.1	92.98200000000001
4612.0	1310.5	92.98200000000001
4613.0	1309.9	92.98200000000001
4614.0	1309.4	92.98200000000001
4615.0	1308.8	92.98200000000001
4616.0	1308.2	92.98200000000001
4617.0	1307.7	92.98200000000001
4618.0	1307.1	92.98200000000001
4619.0	1306.5	92.98200000000001
4620.0	1306.0	92.98200000000001
4621.0	1305.4	92.98200000000001
4622.0	1304.8	92.98200000000001
4623.0	1301.9	92.811
4624.0	1298.9	92.64
4625.0	1297.2	92.555
4626.0	1296.6	92.555
4627.0	1296.1	92.555
4628.0	1295.5	92.555
4629.0	1294.9	92.555
4630.0	1294.4	92.555
4631.0	1293.8	92.555
4632.0	1290.9	92.385
4633.0	1290.3	92.385
4634.0	1289.8	92.385
4635.0	1289.2	92.385
4636.0	1288.7	92.385
4637.0	1288.1	92.385
4638.0	1287.5	92.385
4639.0	1287.0	92.385
4640.0	1286.4	92.385
4641.0	1285.9	92.385
4642.0	1285.3	92.385
4643.0	1284.8	92.385
4644.0	1284.2	92.385
4645.0	1278.9	92.045
4646.0	1277.2	91.96
4647.0	1274.3	91.791
4648.0	1273.8	91.791
4649.0	1273.2	91.791
4650.0	1270.3	91.62200000000001
4651.0	1269.8	91.62200000000001
4652.0	1269.2	91.62200000000001
4653.0	1266.3	91.45299999999999
4654.0	1264.6	91.369
4655.0	1264.1	91.369
4656.0	1261.2	91.20100000000001
4657.0	1260.7	91.20100000000001
4658.0	1257.8	91.03299999999999
4659.0	1257.3	91.03299999999999
4660.0	1256.8	91.03299999999999
4661.0	1256.2	91.03299999999999
4662.0	1254.5	90.949
4663.0	1251.7	90.78200000000001
4664.0	1251.1	90.78200000000001
4665.0	1248.3	90.615
4666.0	1247.8	90.615
4667.0	1244.9	90.448
4668.0	1241.0	90.199
4669.0	1238.2	90.03299999999999
4670.0	1234.2	89.78399999999999
4671.0	1231.4	89.619
4672.0	1228.6	89.454
4673.0	1224.7	89.20700000000001
4674.0	1219.7	88.87899999999999
4675.0	1211.3	88.30799999999999
4676.0	1205.2	87.902
4677.0	1197.0	87.337
4678.0	1191.0	86.936
4679.0	1182.8	86.37700000000001
4680.0	1172.5	85.664
4681.0	1204.9	88.064
4682.0	1183.5	86.536
4683.0	1175.4	85.98
4684.0	1172.7	85.822
4685.0	1170.0	85.664
4686.0	1169.5	85.664
4687.0	1165.8	85.428
4688.0	1165.3	85.428
4689.0	1164.8	85.428
4690.0	1164.3	85.428
4691.0	1163.8	85.428
4692.0	1163.3	85.428
4693.0	1162.8	85.428
4694.0	1162.3	85.428
4695.0	1164.0	85.585
4696.0	1164.6	85.664
4697.0	1166.2	85.822
4698.0	1165.7	85.822
4699.0	1167.4	85.98
4700.0	1169.0	86.139
4702.0	1171.3	86.37700000000001
4704.0	1173.5	86.617
4706.0	1176.8	86.936
4708.0	1178.0	87.096
4710.0	1178.1	87.176
4712.0	1179.3	87.337
4714.0	1178.3	87.337
4716.0	1177.3	87.337
4718.0	1178.4	87.49799999999999
4720.0	1177.4	87.49799999999999
4722.0	1176.4	87.49799999999999
4724.0	1175.4	87.49799999999999
4726.0	1174.4	87.49799999999999
4728.0	1173.5	87.49799999999999
4730.0	1174.6	87.65899999999999
4732.0	1173.6	87.65899999999999
4734.0	1172.6	87.65899999999999
4736.0	1171.6	87.65899999999999
4738.0	1168.5	87.49799999999999
4740.0	1165.4	87.337
4742.0	1164.4	87.337
4744.0	1161.3	87.176
4746.0	1159.2	87.096
4748.0	1158.2	87.096
4750.0	1155.1	86.936
4752.0	1154.2	86.936
4754.0	1151.1	86.77600000000001
4756.0	1150.1	86.77600000000001
4758.0	1147.0	86.617
4760.0	1145.0	86.536
4762.0	1144.0	86.536
4764.0	1143.1	86.536
4766.0	1142.1	86.536
4768.0	1141.2	86.536
4770.0	1140.2	86.536
4772.0	1137.2	86.37700000000001
4774.0	1136.2	86.37700000000001
4776.0	1133.2	86.21799999999999
4778.0	1132.2	86.21799999999999
4780.0	1130.2	86.139
4782.0	1129.3	86.139
4784.0	1126.3	85.98
4786.0	1125.3	85.98
4788.0	1124.4	85.98
4790.0	1123.4	85.98
4792.0	1122.5	85.98
4794.0	1121.6	85.98
4796.0	1118.6	85.822
4798.0	1117.6	85.822
4800.0	1116.7	85.822
4802.0	1113.7	85.664
4804.0	1112.8	85.664
4806.0	1110.8	85.585
4808.0	1109.9	85.585
4810.0	1107.0	85.428
4812.0	1106.0	85.428
4814.0	1105.1	85.428
4816.0	1102.2	85.271
4818.0	1101.3	85.271
4820.0	1100.3	85.271
4822.0	1097.4	85.11399999999999
4824.0	1096.5	85.11399999999999
4826.0	1094.6	85.035
4828.0	1091.7	84.87899999999999
4830.0	1090.8	84.87899999999999
4832.0	1087.8	84.723
4834.0	1086.9	84.723
4836.0	1084.0	84.56700000000001
4838.0	1082.2	84.48899999999999
4840.0	1079.3	84.333
4842.0	1076.4	84.178
4844.0	1070.6	83.791
4846.0	1064.8	83.406
4848.0	1057.0	82.87
4850.0	1049.4	82.338
4852.0	1041.8	81.808
4854.0	1032.3	81.133
4856.0	1023.9	80.538
4858.0	1014.6	79.873
4860.0	1005.4	79.214
4862.0	998.13	78.704
4864.0	994.57	78.487
4866.0	990.1	78.199
4868.0	989.28	78.199
4870.0	992.12	78.487
4872.0	995.88	78.85
4874.0	1001.5	79.36
4876.0	1009.9	80.094
4878.0	1019.4	80.90899999999999
4880.0	1028.0	81.658
4882.0	1035.7	82.338
4884.0	1041.5	82.87
4886.0	1047.4	83.406
4888.0	1048.5	83.56
4890.0	1048.6	83.637
4892.0	1049.7	83.791
4894.0	1046.9	83.637
4896.0	1046.0	83.637
4898.0	1042.3	83.406
4900.0	1039.5	83.25299999999999
4902.0	1036.7	83.1
4904.0	1034.9	83.023
4906.0	1032.2	82.87
4908.0	1031.4	82.87
4910.0	1028.6	82.71799999999999
4912.0	1027.8	82.71799999999999
4914.0	1025.1	82.566
4916.0	1023.3	82.49
4918.0	1022.5	82.49
4920.0	1021.6	82.49
4922.0	1020.8	82.49
4924.0	1018.1	82.338
4926.0	1017.3	82.338
4928.0	1016.4	82.338
4930.0	1015.6	82.338
4932.0	1014.8	82.338
4934.0	1012.1	82.186
4936.0	1011.3	82.186
4938.0	1010.5	82.186
4940.0	1007.8	82.035
4942.0	1006.0	81.959
4944.0	1005.2	81.959
4946.0	1004.4	81.959
4948.0	1001.7	81.808
4950.0	1000.9	81.808
4952.0	1000.1	81.808
4954.0	999.33	81.808
4956.0	998.52	81.808
4958.0	995.88	81.658
4960.0	995.08	81.658
4962.0	994.27	81.658
4964.0	991.65	81.508
4966.0	990.85	81.508
4968.0	989.14	81.433
4970.0	988.34	81.433
4972.0	987.55	81.433
4974.0	986.75	81.433
4976.0	984.15	81.283
4978.0	983.36	81.283
4980.0	982.57	81.283
4982.0	979.97	81.133
4984.0	979.18	81.133
4986.0	978.4	81.133
4988.0	976.72	81.059
4990.0	975.93	81.059
4992.0	973.35	80.90899999999999
4994.0	972.57	80.90899999999999
4996.0	971.79	80.90899999999999
4998.0	971.02	80.90899999999999
5000.0	970.24	80.90899999999999
5002.0	967.68	80.76
5004.0	966.91	80.76
5006.0	964.36	80.612
5008.0	963.59	80.612
5010.0	961.93	80.538
5012.0	959.4	80.389
5014.0	958.63	80.389
5016.0	957.87	80.389
5018.0	955.34	80.242
5020.0	954.58	80.242
5022.0	952.06	80.094
5024.0	950.43	80.02
5026.0	949.68	80.02
5028.0	947.17	79.873
5030.0	946.42	79.873
5032.0	945.67	79.873
5034.0	944.92	79.873
5036.0	942.43	79.726
5038.0	941.68	79.726
5040.0	939.2	79.579
5042.0	937.6	79.506
5044.0	935.13	79.36
5046.0	934.38	79.36
5048.0	931.93	79.214
5050.0	929.47	79.068
5052.0	927.88	78.995
5054.0	925.44	78.85
5056.0	924.71	78.85
5058.0	923.98	78.85
5060.0	923.25	78.85
5062.0	922.52	78.85
5064.0	921.79	78.85
5066.0	919.37	78.704
5068.0	918.64	78.704
5070.0	917.07	78.632
5072.0	914.67	78.487
5074.0	913.95	78.487
5076.0	911.54	78.343
5078.0	910.82	78.343
5080.0	910.11	78.343
5082.0	907.72	78.199
5084.0	907.01	78.199
5086.0	906.29	78.199
5088.0	905.58	78.199
5090.0	904.03	78.127
5092.0	901.66	77.983
5094.0	900.96	77.983
5096.0	898.59	77.839
5098.0	896.23	77.696
5100.0	894.71	77.625
5102.0	894.0	77.625
5104.0	891.66	77.482
5106.0	889.32	77.339
5108.0	888.62	77.339
5110.0	887.93	77.339
5112.0	885.6	77.197
5114.0	884.91	77.197
5116.0	883.4	77.126
5118.0	882.71	77.126
5120.0	882.02	77.126
5122.0	881.33	77.126
5124.0	880.65	77.126
5126.0	878.34	76.984
5128.0	877.66	76.984
5130.0	876.97	76.984
5132.0	876.29	76.984
5134.0	875.61	76.984
5136.0	873.31	76.842
5138.0	872.63	76.842
5140.0	871.95	76.842
5142.0	871.28	76.842
5144.0	870.6	76.842
5146.0	869.92	76.842
5148.0	868.45	76.77199999999999
5150.0	866.18	76.63
5152.0	864.7	76.559
5154.0	864.03	76.559
5156.0	862.57	76.48899999999999
5158.0	861.9	76.48899999999999
5160.0	860.44	76.419
5162.0	858.98	76.348
5164.0	858.32	76.348
5166.0	856.87	76.278
5168.0	855.41	76.208
5170.0	854.75	76.208
5172.0	853.3	76.138
5174.0	851.86	76.067
5176.0	851.2	76.067
5178.0	849.76	75.998
5180.0	848.32	75.928
5182.0	847.67	75.928
5184.0	846.23	75.858
5186.0	844.8	75.788
5188.0	843.37	75.718
5190.0	842.72	75.718
5192.0	841.3	75.648
5194.0	839.88	75.579
5196.0	838.46	75.509
5198.0	837.82	75.509
5200.0	836.4	75.44
5202.0	834.99	75.37
5204.0	833.58	75.301
5206.0	832.17	75.232
5208.0	831.53	75.232
5210.0	830.13	75.16199999999999
5212.0	827.97	75.024
5214.0	827.33	75.024
5216.0	825.17	74.88600000000001
5218.0	823.78	74.817
5220.0	823.15	74.817
5222.0	822.52	74.817
5224.0	820.38	74.679
5226.0	819.75	74.679
5228.0	819.12	74.679
5230.0	816.99	74.542
5232.0	816.37	74.542
5234.0	814.99	74.473
5236.0	812.87	74.336
5238.0	812.25	74.336
5240.0	810.14	74.199
5242.0	808.03	74.063
5244.0	806.67	73.995
5246.0	804.57	73.858
5248.0	803.96	73.858
5250.0	803.34	73.858
5252.0	801.26	73.722
5254.0	800.65	73.722
5256.0	798.57	73.587
5258.0	797.96	73.587
5260.0	796.62	73.51899999999999
5262.0	796.01	73.51899999999999
5264.0	793.94	73.384
5266.0	793.34	73.384
5268.0	792.74	73.384
5270.0	792.14	73.384
5272.0	791.54	73.384
5274.0	790.94	73.384
5276.0	788.88	73.249
5278.0	788.28	73.249
5280.0	785.51	73.047
5282.0	784.92	73.047
5284.0	782.88	72.91199999999999
5286.0	782.28	72.91199999999999
5288.0	780.26	72.778
5290.0	778.23	72.64399999999999
5292.0	776.93	72.577
5294.0	776.34	72.577
5296.0	774.33	72.444
5298.0	773.74	72.444
5300.0	773.16	72.444
5302.0	771.15	72.31
5304.0	770.57	72.31
5306.0	769.99	72.31
5308.0	768.7	72.244
5310.0	768.12	72.244
5312.0	766.13	72.111
5314.0	765.56	72.111
5316.0	764.98	72.111
5318.0	763.0	71.97800000000001
5320.0	762.42	71.97800000000001
5322.0	761.85	71.97800000000001
5324.0	759.88	71.845
5326.0	759.31	71.845
5328.0	758.74	71.845
5330.0	757.47	71.779
5332.0	755.51	71.64699999999999
5334.0	754.94	71.64699999999999
5336.0	752.99	71.516
5338.0	751.04	71.384
5340.0	749.79	71.318
5342.0	749.22	71.318
5344.0	747.29	71.187
5346.0	745.35	71.056
5348.0	743.43	70.925
5350.0	742.87	70.925
5352.0	741.63	70.86
5354.0	741.08	70.86
5356.0	740.52	70.86
5358.0	739.97	70.86
5360.0	739.42	70.86
5362.0	738.87	70.86
5364.0	736.96	70.729
5366.0	736.41	70.729
5368.0	734.51	70.59899999999999
5370.0	733.96	70.59899999999999
5372.0	733.41	70.59899999999999
5374.0	731.52	70.469
5376.0	730.3	70.404
5378.0	729.76	70.404
5380.0	727.87	70.275
5382.0	725.99	70.145
5384.0	725.45	70.145
5386.0	722.91	69.952
5388.0	722.38	69.952
5390.0	720.52	69.82300000000001
5392.0	718.66	69.695
5394.0	717.46	69.63
5396.0	715.61	69.502
5398.0	712.45	69.247
5400.0	709.96	69.056
5402.0	708.13	68.929
5404.0	705.65	68.738
5406.0	702.54	68.486
5408.0	700.08	68.296
5410.0	698.27	68.171
5412.0	695.83	67.983
5414.0	694.04	67.858
5416.0	692.25	67.733
5418.0	691.74	67.733
5420.0	689.96	67.608
5422.0	690.72	67.733
5424.0	691.48	67.858
5426.0	692.25	67.983
5428.0	692.37	68.046
5430.0	693.14	68.171
5432.0	693.9	68.296
5434.0	693.39	68.296
5436.0	694.8	68.486
5438.0	694.29	68.486
5440.0	693.78	68.486
5442.0	694.55	68.612
5444.0	694.04	68.612
5446.0	693.53	68.612
5448.0	693.02	68.612
5450.0	692.51	68.612
5452.0	692.0	68.612
5454.0	691.5	68.612
5456.0	690.99	68.612
5458.0	690.48	68.612
5460.0	689.98	68.612
5462.0	689.47	68.612
5464.0	687.7	68.486
5466.0	687.2	68.486
5468.0	686.06	68.423
5470.0	685.56	68.423
5472.0	683.8	68.296
5474.0	683.3	68.296
5476.0	681.54	68.171
5478.0	681.04	68.171
5480.0	679.3	68.046
5482.0	678.8	68.046
5484.0	677.68	67.983
5486.0	675.94	67.858
5488.0	675.45	67.858
5490.0	673.71	67.733
5492.0	673.22	67.733
5494.0	672.73	67.733
5496.0	671.01	67.608
5498.0	670.52	67.608
5500.0	670.03	67.608
5502.0	668.93	67.546
5504.0	667.21	67.421
5506.0	666.73	67.421
5508.0	666.24	67.421
5510.0	665.76	67.421
5512.0	664.05	67.298
5514.0	663.57	67.298
5516.0	663.09	67.298
5518.0	662.61	67.298
5520.0	662.13	67.298
5522.0	660.43	67.17399999999999
5524.0	659.35	67.112
5526.0	658.87	67.112
5528.0	658.39	67.112
5530.0	656.7	66.988
5532.0	656.23	66.988
5534.0	655.75	66.988
5536.0	654.08	66.865
5538.0	653.6	66.865
5540.0	653.13	66.865
5542.0	651.46	66.742
5544.0	650.39	66.681
5546.0	649.92	66.681
5548.0	648.26	66.558
5550.0	647.79	66.558
5552.0	646.13	66.435
5554.0	645.67	66.435
5556.0	644.61	66.374
5558.0	642.96	66.252
5560.0	642.5	66.252
5562.0	642.03	66.252
5564.0	640.39	66.13
5566.0	639.93	66.13
5568.0	639.47	66.13
5570.0	639.01	66.13
5572.0	638.55	66.13
5574.0	638.09	66.13
5576.0	636.47	66.008
5578.0	636.01	66.008
5580.0	634.97	65.94800000000001
5582.0	633.35	65.82600000000001
5584.0	632.89	65.82600000000001
5586.0	632.44	65.82600000000001
5588.0	630.82	65.705
5590.0	630.37	65.705
5592.0	629.92	65.705
5594.0	629.47	65.705
5596.0	629.02	65.705
5598.0	628.57	65.705
5600.0	626.97	65.584
5602.0	626.52	65.584
5604.0	625.5	65.524
5606.0	625.05	65.524
5608.0	623.45	65.403
5610.0	623.01	65.403
5612.0	621.42	65.283
5614.0	620.98	65.283
5616.0	619.39	65.163
5618.0	618.95	65.163
5620.0	617.94	65.10300000000001
5622.0	617.5	65.10300000000001
5624.0	615.93	64.983
5626.0	615.49	64.983
5628.0	615.05	64.983
5630.0	613.48	64.863
5632.0	613.05	64.863
5634.0	611.49	64.744
5636.0	611.05	64.744
5638.0	610.06	64.685
5640.0	608.5	64.565
5642.0	608.07	64.565
5644.0	606.52	64.446
5646.0	606.09	64.446
5648.0	605.11	64.387
5650.0	603.57	64.26899999999999
5652.0	603.14	64.26899999999999
5654.0	601.6	64.15
5656.0	601.18	64.15
5658.0	600.75	64.15
5660.0	600.33	64.15
5662.0	598.8	64.032
5664.0	598.37	64.032
5666.0	597.95	64.032
5668.0	596.98	63.973
5670.0	595.46	63.856
5672.0	595.04	63.856
5674.0	594.63	63.856
5676.0	593.11	63.738
5678.0	592.69	63.738
5680.0	592.28	63.738
5682.0	590.77	63.621
5684.0	589.81	63.562
5686.0	589.4	63.562
5688.0	588.98	63.562
5690.0	587.49	63.445
5692.0	587.07	63.445
5694.0	585.58	63.32899999999999
5696.0	585.17	63.32899999999999
5698.0	583.68	63.211999999999996
5700.0	582.74	63.153999999999996
5702.0	582.33	63.153999999999996
5704.0	580.85	63.038000000000004
5706.0	580.44	63.038000000000004
5708.0	580.03	63.038000000000004
5710.0	578.56	62.922
5712.0	578.15	62.922
5714.0	576.68	62.806000000000004
5716.0	575.75	62.748000000000005
5718.0	575.35	62.748000000000005
5720.0	574.95	62.748000000000005
5722.0	574.55	62.748000000000005
5724.0	574.14	62.748000000000005
5726.0	572.69	62.633
5728.0	572.29	62.633
5730.0	571.89	62.633
5732.0	570.44	62.516999999999996
5734.0	570.04	62.516999999999996
5736.0	569.64	62.516999999999996
5738.0	568.72	62.46
5740.0	567.28	62.345
5742.0	566.88	62.345
5744.0	566.49	62.345
5746.0	566.1	62.345
5748.0	564.66	62.23
5750.0	564.27	62.23
5752.0	563.88	62.23
5754.0	562.45	62.115
5756.0	562.05	62.115
5758.0	561.67	62.115
5760.0	561.27	62.115
5762.0	560.37	62.058
5764.0	559.98	62.058
5766.0	558.56	61.943999999999996
5768.0	558.17	61.943999999999996
5770.0	556.76	61.83
5772.0	556.38	61.83
5774.0	554.97	61.716
5776.0	554.07	61.659
5778.0	553.69	61.659
5780.0	553.31	61.659
5782.0	552.92	61.659
5784.0	552.54	61.659
5786.0	552.67	61.716
5788.0	552.29	61.716
5790.0	551.39	61.659
5792.0	551.01	61.659
5794.0	550.63	61.659
5796.0	549.24	61.54600000000001
5798.0	548.86	61.54600000000001
5800.0	547.48	61.433
5802.0	547.1	61.433
5804.0	546.72	61.433
5806.0	546.35	61.433
5808.0	544.96	61.32
5810.0	544.09	61.263000000000005
5812.0	543.71	61.263000000000005
5814.0	542.34	61.15
5816.0	541.97	61.15
5818.0	540.6	61.038000000000004
5820.0	540.23	61.038000000000004
5822.0	539.36	60.982
5824.0	537.99	60.869
5826.0	537.62	60.869
5828.0	536.27	60.757
5830.0	535.9	60.757
5832.0	535.53	60.757
5834.0	534.18	60.646
5836.0	533.82	60.646
5838.0	533.45	60.646
5840.0	533.08	60.646
5842.0	532.72	60.646
5844.0	531.86	60.59
5846.0	530.52	60.478
5848.0	530.16	60.478
5850.0	529.8	60.478
5852.0	528.46	60.367
5854.0	528.1	60.367
5856.0	527.74	60.367
5858.0	526.41	60.256
5860.0	526.05	60.256
5862.0	525.69	60.256
5864.0	524.84	60.2
5866.0	524.49	60.2
5868.0	523.17	60.09
5870.0	522.81	60.09
5872.0	522.45	60.09
5874.0	521.14	59.979
5876.0	520.78	59.979
5878.0	520.43	59.979
5880.0	519.12	59.869
5882.0	518.77	59.869
5884.0	517.94	59.81399999999999
5886.0	517.58	59.81399999999999
5888.0	517.71	59.869
5890.0	517.36	59.869
5892.0	517.01	59.869
5894.0	516.66	59.869
5896.0	516.31	59.869
5898.0	515.96	59.869
5900.0	515.61	59.869
5902.0	516.21	59.979
5904.0	514.43	59.81399999999999
5906.0	513.14	59.703
5908.0	512.79	59.703
5910.0	511.5	59.593999999999994
5912.0	510.21	59.483999999999995
5914.0	509.4	59.428999999999995
5916.0	508.12	59.32
5918.0	507.77	59.32
5920.0	507.43	59.32
5922.0	506.16	59.211000000000006
5924.0	505.81	59.211000000000006
5926.0	505.47	59.211000000000006
5928.0	504.67	59.156000000000006
5930.0	503.4	59.047
5932.0	503.06	59.047
5934.0	501.79	58.93899999999999
5936.0	501.46	58.93899999999999
5938.0	501.12	58.93899999999999
5940.0	499.86	58.83
5942.0	499.52	58.83
5944.0	498.73	58.776
5946.0	498.39	58.776
5948.0	497.14	58.668
5950.0	496.8	58.668
5952.0	496.47	58.668
5954.0	495.22	58.56
5956.0	494.89	58.56
5958.0	494.56	58.56
5960.0	494.23	58.56
5962.0	492.99	58.452
5964.0	492.66	58.452
5966.0	491.87	58.398
5968.0	491.54	58.398
5970.0	490.31	58.291000000000004
5972.0	489.98	58.291000000000004
5974.0	489.66	58.291000000000004
5976.0	488.43	58.183
5978.0	488.1	58.183
5980.0	486.88	58.076
5982.0	486.1	58.023
5984.0	485.78	58.023
5986.0	485.45	58.023
5988.0	484.23	57.916000000000004
5990.0	483.91	57.916000000000004
5992.0	483.59	57.916000000000004
5994.0	483.27	57.916000000000004
5996.0	482.94	57.916000000000004
5998.0	482.62	57.916000000000004
6000.0	482.3	57.916000000000004
6002.0	481.98	57.916000000000004
6004.0	480.77	57.809
6006.0	480.45	57.809
6008.0	479.25	57.703
6010.0	478.49	57.65
6012.0	478.17	57.65
6014.0	477.85	57.65
6016.0	476.66	57.544
6018.0	476.34	57.544
6020.0	476.02	57.544
6022.0	475.71	57.544
6024.0	474.51	57.438
6026.0	474.2	57.438
6028.0	473.45	57.385
6030.0	473.13	57.385
6032.0	471.95	57.28
6034.0	471.64	57.28
6036.0	471.33	57.28
6038.0	470.15	57.174
6040.0	469.84	57.174
6042.0	469.52	57.174
6044.0	469.21	57.174
6046.0	468.9	57.174
6048.0	467.73	57.068999999999996
6050.0	467.42	57.068999999999996
6052.0	467.11	57.068999999999996
6054.0	466.37	57.016000000000005
6056.0	465.21	56.911
6058.0	464.9	56.911
6060.0	463.74	56.806999999999995
6062.0	463.44	56.806999999999995
6064.0	462.28	56.702
6066.0	461.97	56.702
6068.0	461.24	56.65
6070.0	460.94	56.65
6072.0	460.63	56.65
6074.0	460.33	56.65
6076.0	460.03	56.65
6078.0	459.72	56.65
6080.0	458.58	56.54600000000001
6082.0	458.28	56.54600000000001
6084.0	457.98	56.54600000000001
6086.0	456.83	56.441
6088.0	456.53	56.441
6090.0	456.23	56.441
6092.0	455.09	56.338
6094.0	454.38	56.286
6096.0	454.08	56.286
6098.0	453.78	56.286
6100.0	452.65	56.181999999999995
6102.0	452.35	56.181999999999995
6104.0	451.22	56.07899999999999
6106.0	450.1	55.976000000000006
6108.0	449.39	55.924
6110.0	449.09	55.924
6112.0	448.8	55.924
6114.0	447.68	55.821000000000005
6116.0	447.39	55.821000000000005
6118.0	447.1	55.821000000000005
6120.0	446.8	55.821000000000005
6122.0	445.69	55.718
6124.0	445.4	55.718
6126.0	445.11	55.718
6128.0	444.41	55.667
6130.0	443.3	55.565
6132.0	443.01	55.565
6134.0	442.72	55.565
6136.0	442.43	55.565
6138.0	441.33	55.463
6140.0	441.05	55.463
6142.0	440.76	55.463
6144.0	439.66	55.361000000000004
6146.0	439.38	55.361000000000004
6148.0	438.68	55.31
6150.0	438.4	55.31
6152.0	437.31	55.208
6154.0	437.02	55.208
6156.0	436.74	55.208
6158.0	436.46	55.208
6160.0	436.17	55.208
6162.0	435.09	55.106
6164.0	434.81	55.106
6166.0	434.52	55.106
6168.0	433.44	55.005
6170.0	433.16	55.005
6172.0	432.48	54.95399999999999
6174.0	432.2	54.95399999999999
6176.0	431.92	54.95399999999999
6178.0	430.85	54.853
6180.0	430.57	54.853
6182.0	429.5	54.751999999999995
6184.0	429.22	54.751999999999995
6186.0	428.94	54.751999999999995
6188.0	427.88	54.651
6190.0	427.6	54.651
6192.0	426.93	54.601000000000006
6194.0	426.66	54.601000000000006
6196.0	426.38	54.601000000000006
6198.0	426.11	54.601000000000006
6200.0	425.05	54.5
6202.0	423.99	54.4
6204.0	423.72	54.4
6206.0	423.06	54.35
6208.0	422.0	54.25
6210.0	421.73	54.25
6212.0	421.46	54.25
6214.0	420.41	54.15
6216.0	420.14	54.15
6218.0	419.87	54.15
6220.0	419.6	54.15
6222.0	419.33	54.15
6224.0	418.29	54.05
6226.0	418.03	54.05
6228.0	417.76	54.05
6230.0	417.49	54.05
6232.0	416.84	54.001000000000005
6234.0	415.8	53.901
6236.0	415.54	53.901
6238.0	415.27	53.901
6240.0	414.24	53.802
6242.0	413.97	53.802
6244.0	413.71	53.802
6246.0	413.44	53.802
6248.0	412.42	53.703
6250.0	412.15	53.703
6252.0	411.89	53.703
6254.0	411.63	53.703
6256.0	411.36	53.703
6258.0	411.1	53.703
6260.0	410.46	53.653999999999996
6262.0	409.44	53.555
6264.0	409.18	53.555
6266.0	408.17	53.456
6268.0	407.91	53.456
6270.0	406.9	53.358000000000004
6272.0	406.27	53.309
6274.0	405.26	53.211000000000006
6276.0	405.0	53.211000000000006
6278.0	404.0	53.113
6280.0	403.74	53.113
6282.0	403.48	53.113
6284.0	402.48	53.015
6286.0	402.23	53.015
6288.0	401.6	52.966
6290.0	401.35	52.966
6292.0	401.09	52.966
6294.0	400.1	52.869
6296.0	399.84	52.869
6298.0	398.85	52.771
6300.0	398.6	52.771
6302.0	397.98	52.723
6304.0	397.73	52.723
6306.0	396.75	52.626000000000005
6308.0	396.5	52.626000000000005
6310.0	396.24	52.626000000000005
6312.0	395.99	52.626000000000005
6314.0	395.74	52.626000000000005
6316.0	394.76	52.528999999999996
6318.0	394.51	52.528999999999996
6320.0	394.26	52.528999999999996
6322.0	394.01	52.528999999999996
6324.0	393.04	52.431999999999995
6326.0	392.79	52.431999999999995
6328.0	392.54	52.431999999999995
6330.0	391.93	52.38399999999999
6332.0	390.97	52.288000000000004
6334.0	390.72	52.288000000000004
6336.0	390.47	52.288000000000004
6338.0	390.23	52.288000000000004
6340.0	389.26	52.192
6342.0	389.02	52.192
6344.0	388.77	52.192
6346.0	388.53	52.192
6348.0	387.57	52.095
6350.0	386.97	52.048
6352.0	386.72	52.048
6354.0	386.48	52.048
6356.0	385.53	51.952
6358.0	385.28	51.952
6360.0	385.04	51.952
6362.0	384.09	51.856
6364.0	383.85	51.856
6366.0	383.61	51.856
6368.0	383.37	51.856
6370.0	383.13	51.856
6372.0	382.18	51.761
6374.0	381.94	51.761
6376.0	381.35	51.713
6378.0	381.11	51.713
6380.0	380.87	51.713
6382.0	380.63	51.713
6384.0	379.69	51.618
6386.0	379.46	51.618
6388.0	378.52	51.523
6390.0	378.28	51.523
6392.0	377.35	51.428000000000004
6394.0	377.12	51.428000000000004
6396.0	376.53	51.381
6398.0	376.3	51.381
6400.0	376.06	51.381
6402.0	375.14	51.286
6404.0	374.9	51.286
6406.0	374.67	51.286
6408.0	373.75	51.192
6410.0	373.51	51.192
6412.0	373.28	51.192
6414.0	372.7	51.145
6416.0	371.79	51.051
6418.0	371.55	51.051
6420.0	371.32	51.051
6422.0	371.09	51.051
6424.0	370.86	51.051
6426.0	370.63	51.051
6428.0	370.4	51.051
6430.0	369.49	50.956
6432.0	369.26	50.956
6434.0	369.03	50.956
6436.0	368.12	50.863
6438.0	367.89	50.863
6440.0	367.66	50.863
6442.0	367.43	50.863
6444.0	367.21	50.863
6446.0	366.98	50.863
6448.0	366.75	50.863
6450.0	366.19	50.816
6452.0	365.29	50.722
6454.0	365.06	50.722
6456.0	364.16	50.629
6458.0	363.94	50.629
6460.0	363.71	50.629
6462.0	362.82	50.536
6464.0	362.26	50.489
6466.0	362.03	50.489
6468.0	361.14	50.396
6470.0	360.26	50.303999999999995
6472.0	360.03	50.303999999999995
6474.0	358.82	50.165
6476.0	358.6	50.165
6478.0	357.72	50.073
6480.0	356.84	49.981
6482.0	356.62	49.981
6484.0	355.41	49.842
6486.0	355.19	49.842
6488.0	354.98	49.842
6490.0	354.76	49.842
6492.0	353.89	49.751000000000005
6494.0	353.67	49.751000000000005
6496.0	352.8	49.659
6498.0	352.26	49.613
6500.0	351.39	49.522
6502.0	350.53	49.431000000000004
6504.0	349.67	49.34
6506.0	348.49	49.20399999999999
6508.0	347.64	49.113
6510.0	346.46	48.978
6512.0	345.61	48.888000000000005
6514.0	344.77	48.798
6516.0	343.6	48.663000000000004
6518.0	342.13	48.483999999999995
6520.0	340.98	48.35
6522.0	340.14	48.261
6524.0	339.31	48.173
6526.0	338.16	48.04
6528.0	336.71	47.863
6530.0	336.2	47.818999999999996
6532.0	335.37	47.731
6534.0	334.55	47.643
6536.0	333.42	47.512
6538.0	332.61	47.424
6540.0	330.87	47.206
6542.0	329.46	47.033
6544.0	327.74	46.816
6546.0	325.44	46.516000000000005
6548.0	322.55	46.132
6550.0	319.99	45.793
6552.0	317.15	45.415
6554.0	313.48	44.916000000000004
6556.0	310.13	44.463
6558.0	307.1	44.055
6560.0	304.1	43.652
6562.0	301.4	43.291000000000004
6564.0	298.73	42.934
6566.0	297.73	42.815
6568.0	296.45	42.658
6570.0	296.0	42.619
6572.0	297.18	42.815
6574.0	298.37	43.013000000000005
6576.0	300.12	43.291000000000004
6578.0	303.27	43.772
6580.0	306.17	44.218
6582.0	308.82	44.626999999999995
6584.0	311.49	45.04
6586.0	313.89	45.415
6588.0	316.31	45.793
6590.0	318.16	46.089
6592.0	319.44	46.302
6594.0	320.72	46.516000000000005
6596.0	321.71	46.687
6598.0	322.4	46.816
6600.0	323.39	46.989
6602.0	323.5	47.033
6604.0	323.9	47.119
6606.0	324.3	47.206
6608.0	325.0	47.336999999999996
6610.0	325.4	47.424
6612.0	325.8	47.512
6614.0	325.61	47.512
6616.0	325.71	47.555
6618.0	326.11	47.643
6620.0	325.92	47.643
6622.0	325.72	47.643
6624.0	325.52	47.643
6626.0	325.33	47.643
6628.0	325.13	47.643
6630.0	324.93	47.643
6632.0	324.74	47.643
6634.0	324.54	47.643
6636.0	324.35	47.643
6638.0	323.55	47.555
6640.0	323.36	47.555
6642.0	322.87	47.512
6644.0	322.67	47.512
6646.0	322.48	47.512
6648.0	322.28	47.512
6650.0	321.5	47.424
6652.0	321.3	47.424
6654.0	320.52	47.336999999999996
6656.0	320.33	47.336999999999996
6658.0	320.13	47.336999999999996
6660.0	319.35	47.25
6662.0	318.87	47.206
6664.0	318.68	47.206
6666.0	318.48	47.206
6668.0	318.29	47.206
6670.0	318.1	47.206
6672.0	317.91	47.206
6674.0	317.14	47.119
6676.0	316.95	47.119
6678.0	316.76	47.119
6680.0	316.57	47.119
6682.0	316.38	47.119
6684.0	316.19	47.119
6686.0	316.0	47.119
6688.0	315.23	47.033
6690.0	315.04	47.033
6692.0	314.56	46.989
6694.0	314.38	46.989
6696.0	313.61	46.903
6698.0	313.42	46.903
6700.0	312.66	46.816
6702.0	312.47	46.816
6704.0	312.29	46.816
6706.0	311.53	46.73
6708.0	311.34	46.73
6710.0	310.87	46.687
6712.0	310.11	46.601000000000006
6714.0	309.92	46.601000000000006
6716.0	309.17	46.516000000000005
6718.0	308.99	46.516000000000005
6720.0	308.8	46.516000000000005
6722.0	308.62	46.516000000000005
6724.0	308.44	46.516000000000005
6726.0	308.25	46.516000000000005
6728.0	308.07	46.516000000000005
6730.0	307.89	46.516000000000005
6732.0	307.7	46.516000000000005
6734.0	306.95	46.43
6736.0	306.77	46.43
6738.0	306.31	46.387
6740.0	306.13	46.387
6742.0	305.94	46.387
6744.0	305.2	46.302
6746.0	305.02	46.302
6748.0	304.84	46.302
6750.0	304.66	46.302
6752.0	304.48	46.302
6754.0	304.3	46.302
6756.0	303.56	46.217
6758.0	303.38	46.217
6760.0	303.2	46.217
6762.0	302.46	46.132
6764.0	302.28	46.132
6766.0	301.83	46.089
6768.0	301.65	46.089
6770.0	301.47	46.089
6772.0	301.29	46.089
6774.0	301.11	46.089
6776.0	300.93	46.089
6778.0	300.76	46.089
6780.0	300.58	46.089
6782.0	300.68	46.132
6784.0	300.23	46.089
6786.0	300.05	46.089
6788.0	299.87	46.089
6790.0	299.7	46.089
6792.0	299.52	46.089
6794.0	299.34	46.089
6796.0	298.62	46.004
6798.0	298.44	46.004
6800.0	298.26	46.004
6802.0	297.54	45.92
6804.0	297.37	45.92
6806.0	296.64	45.835
6808.0	296.2	45.793
6810.0	296.02	45.793
6812.0	295.31	45.708999999999996
6814.0	295.13	45.708999999999996
6816.0	294.96	45.708999999999996
6818.0	294.79	45.708999999999996
6820.0	294.61	45.708999999999996
6822.0	294.44	45.708999999999996
6824.0	294.27	45.708999999999996
6826.0	294.1	45.708999999999996
6828.0	293.92	45.708999999999996
6830.0	293.75	45.708999999999996
6832.0	293.04	45.625
6834.0	292.87	45.625
6836.0	292.7	45.625
6838.0	292.52	45.625
6840.0	292.35	45.625
6842.0	292.18	45.625
6844.0	292.01	45.625
6846.0	291.3	45.541000000000004
6848.0	291.13	45.541000000000004
6850.0	290.7	45.498999999999995
6852.0	290.53	45.498999999999995
6854.0	290.09	45.457
6856.0	289.92	45.457
6858.0	289.48	45.415
6860.0	289.31	45.415
6862.0	288.88	45.373000000000005
6864.0	288.71	45.373000000000005
6866.0	288.28	45.331
6868.0	288.11	45.331
6870.0	287.68	45.29
6872.0	287.51	45.29
6874.0	287.08	45.248000000000005
6876.0	286.91	45.248000000000005
6878.0	286.48	45.206
6880.0	286.31	45.206
6882.0	285.89	45.165
6884.0	285.72	45.165
6886.0	285.29	45.123000000000005
6888.0	284.86	45.082
6890.0	284.7	45.082
6892.0	284.27	45.04
6894.0	284.1	45.04
6896.0	283.68	44.998999999999995
6898.0	283.25	44.957
6900.0	283.09	44.957
6902.0	282.66	44.916000000000004
6904.0	282.24	44.875
6906.0	282.08	44.875
6908.0	281.65	44.833
6910.0	281.23	44.792
6912.0	281.07	44.792
6914.0	280.65	44.751000000000005
6916.0	280.23	44.71
6918.0	280.07	44.71
6920.0	279.65	44.668
6922.0	279.23	44.626999999999995
6924.0	278.81	44.586000000000006
6926.0	278.65	44.586000000000006
6928.0	278.23	44.545
6930.0	277.81	44.504
6932.0	277.4	44.463
6934.0	277.24	44.463
6936.0	276.82	44.422
6938.0	276.41	44.381
6940.0	275.99	44.34
6942.0	275.84	44.34
6944.0	275.42	44.3
6946.0	275.01	44.25899999999999
6948.0	274.6	44.218
6950.0	274.19	44.177
6952.0	273.78	44.137
6954.0	273.12	44.055
6956.0	272.96	44.055
6958.0	272.3	43.974
6960.0	272.15	43.974
6962.0	271.99	43.974
6964.0	271.83	43.974
6966.0	271.43	43.934
6968.0	271.27	43.934
6970.0	270.62	43.853
6972.0	270.46	43.853
6974.0	269.81	43.772
6976.0	269.65	43.772
6978.0	269.5	43.772
6980.0	269.35	43.772
6982.0	268.69	43.692
6984.0	268.54	43.692
6986.0	268.39	43.692
6988.0	267.99	43.652
6990.0	267.83	43.652
6992.0	267.68	43.652
6994.0	267.04	43.571000000000005
6996.0	266.88	43.571000000000005
6998.0	266.73	43.571000000000005
7000.0	266.09	43.49100000000001
7002.0	265.94	43.49100000000001
7004.0	265.29	43.411
7006.0	264.9	43.371
7008.0	264.75	43.371
7010.0	264.6	43.371
7012.0	264.45	43.371
7014.0	263.81	43.291000000000004
7016.0	263.66	43.291000000000004
7018.0	263.51	43.291000000000004
7020.0	263.36	43.291000000000004
7022.0	263.21	43.291000000000004
7024.0	262.57	43.211000000000006
7026.0	262.42	43.211000000000006
7028.0	262.27	43.211000000000006
7030.0	262.13	43.211000000000006
7032.0	261.74	43.172
7034.0	261.59	43.172
7036.0	260.96	43.092
7038.0	260.81	43.092
7040.0	260.66	43.092
7042.0	260.51	43.092
7044.0	260.36	43.092
7046.0	259.74	43.013000000000005
7048.0	259.59	43.013000000000005
7050.0	258.97	42.934
7052.0	258.82	42.934
7054.0	258.67	42.934
7056.0	258.29	42.894
7058.0	258.14	42.894
7060.0	257.52	42.815
7062.0	257.37	42.815
7064.0	257.23	42.815
7066.0	257.08	42.815
7068.0	256.46	42.736999999999995
7070.0	256.32	42.736999999999995
7072.0	256.18	42.736999999999995
7074.0	255.56	42.658
7076.0	255.89	42.736999999999995
7078.0	255.74	42.736999999999995
7080.0	255.6	42.736999999999995
7082.0	255.45	42.736999999999995
7084.0	254.84	42.658
7086.0	254.69	42.658
7088.0	254.55	42.658
7090.0	253.7	42.54
7092.0	253.56	42.54
7094.0	252.95	42.461999999999996
7096.0	252.81	42.461999999999996
7098.0	252.2	42.38399999999999
7100.0	252.06	42.38399999999999
7102.0	251.92	42.38399999999999
7104.0	251.54	42.345
7106.0	251.4	42.345
7108.0	251.26	42.345
7110.0	251.12	42.345
7112.0	250.98	42.345
7114.0	250.84	42.345
7116.0	250.7	42.345
7118.0	250.56	42.345
7120.0	250.42	42.345
7122.0	250.28	42.345
7124.0	250.13	42.345
7126.0	249.53	42.266999999999996
7128.0	249.39	42.266999999999996
7130.0	249.25	42.266999999999996
7132.0	249.11	42.266999999999996
7134.0	248.52	42.18899999999999
7136.0	248.38	42.18899999999999
7138.0	248.24	42.18899999999999
7140.0	247.64	42.111000000000004
7142.0	247.27	42.073
7144.0	247.14	42.073
7146.0	246.54	41.995
7148.0	246.41	41.995
7150.0	246.27	41.995
7152.0	245.68	41.918
7154.0	245.54	41.918
7156.0	245.4	41.918
7158.0	245.04	41.879
7160.0	244.9	41.879
7162.0	244.32	41.802
7164.0	244.18	41.802
7166.0	243.59	41.725
7168.0	243.46	41.725
7170.0	242.87	41.648999999999994
7172.0	242.74	41.648999999999994
7174.0	242.38	41.61
7176.0	241.8	41.534
7178.0	241.66	41.534
7180.0	241.09	41.457
7182.0	240.95	41.457
7184.0	240.15	41.343
7186.0	240.02	41.343
7188.0	239.44	41.266999999999996
7190.0	238.87	41.191
7192.0	238.3	41.115
7194.0	237.95	41.077
7196.0	237.81	41.077
7198.0	237.68	41.077
7200.0	237.55	41.077
7202.0	237.42	41.077
7204.0	237.29	41.077
7206.0	237.16	41.077
7208.0	237.24	41.115
7210.0	237.11	41.115
7212.0	237.42	41.191
7214.0	237.28	41.191
7216.0	237.15	41.191
7218.0	237.02	41.191
7220.0	236.89	41.191
7222.0	236.32	41.115
7224.0	235.97	41.077
7226.0	235.84	41.077
7228.0	235.28	41.001000000000005
7230.0	235.15	41.001000000000005
7232.0	234.59	40.926
7234.0	234.03	40.851
7236.0	233.68	40.813
7238.0	233.55	40.813
7240.0	232.99	40.738
7242.0	232.87	40.738
7244.0	232.74	40.738
7246.0	232.18	40.663000000000004
7248.0	232.05	40.663000000000004
7250.0	231.92	40.663000000000004
7252.0	231.8	40.663000000000004
7254.0	231.67	40.663000000000004
7256.0	231.54	40.663000000000004
7258.0	231.84	40.738
7260.0	231.71	40.738
7262.0	231.58	40.738
7264.0	231.46	40.738
7266.0	231.33	40.738
7268.0	231.2	40.738
7270.0	231.07	40.738
7272.0	230.52	40.663000000000004
7274.0	230.4	40.663000000000004
7276.0	230.06	40.626
7278.0	229.51	40.551
7280.0	229.38	40.551
7282.0	228.83	40.476
7284.0	228.71	40.476
7286.0	228.16	40.402
7288.0	228.04	40.402
7290.0	227.7	40.364000000000004
7292.0	227.16	40.29
7294.0	227.03	40.29
7296.0	226.91	40.29
7298.0	226.78	40.29
7300.0	226.24	40.216
7302.0	226.12	40.216
7304.0	226.0	40.216
7306.0	225.87	40.216
7308.0	225.33	40.141999999999996
7310.0	225.0	40.105
7312.0	224.88	40.105
7314.0	224.76	40.105
7316.0	224.63	40.105
7318.0	224.51	40.105
7320.0	224.39	40.105
7322.0	224.26	40.105
7324.0	224.14	40.105
7326.0	223.61	40.031
7328.0	223.49	40.031
7330.0	223.36	40.031
7332.0	222.83	39.958
7334.0	222.71	39.958
7336.0	222.59	39.958
7338.0	222.47	39.958
7340.0	221.94	39.884
7342.0	221.61	39.847
7344.0	221.49	39.847
7346.0	221.37	39.847
7348.0	221.25	39.847
7350.0	220.72	39.774
7352.0	220.6	39.774
7354.0	220.48	39.774
7356.0	219.96	39.701
7358.0	219.84	39.701
7360.0	219.31	39.628
7362.0	219.19	39.628
7364.0	218.87	39.591
7366.0	218.75	39.591
7368.0	218.64	39.591
7370.0	218.52	39.591
7372.0	218.4	39.591
7374.0	218.28	39.591
7376.0	217.76	39.518
7378.0	217.64	39.518
7380.0	217.52	39.518
7382.0	217.41	39.518
7384.0	217.29	39.518
7386.0	217.17	39.518
7388.0	217.05	39.518
7390.0	216.94	39.518
7392.0	216.42	39.446
7394.0	216.3	39.446
7396.0	216.18	39.446
7398.0	216.07	39.446
7400.0	215.75	39.409
7402.0	215.24	39.336999999999996
7404.0	215.12	39.336999999999996
7406.0	215.01	39.336999999999996
7408.0	214.89	39.336999999999996
7410.0	214.38	39.264
7412.0	214.26	39.264
7414.0	214.15	39.264
7416.0	214.03	39.264
7418.0	213.92	39.264
7420.0	213.41	39.192
7422.0	213.29	39.192
7424.0	213.18	39.192
7426.0	213.06	39.192
7428.0	212.95	39.192
7430.0	212.64	39.156
7432.0	212.52	39.156
7434.0	212.02	39.084
7436.0	211.91	39.084
7438.0	211.4	39.012
7440.0	211.29	39.012
7442.0	210.79	38.94
7444.0	210.48	38.904
7446.0	210.36	38.904
7448.0	210.25	38.904
7450.0	209.75	38.833
7452.0	209.64	38.833
7454.0	209.53	38.833
7456.0	209.41	38.833
7458.0	208.92	38.760999999999996
7460.0	208.81	38.760999999999996
7462.0	208.69	38.760999999999996
7464.0	208.2	38.69
7466.0	208.09	38.69
7468.0	207.98	38.69
7470.0	207.86	38.69
7472.0	207.75	38.69
7474.0	207.64	38.69
7476.0	207.53	38.69
7478.0	207.42	38.69
7480.0	207.31	38.69
7482.0	207.2	38.69
7484.0	206.9	38.654
7486.0	206.79	38.654
7488.0	206.29	38.583
7490.0	206.18	38.583
7492.0	205.7	38.512
7494.0	205.4	38.477
7496.0	204.91	38.406
7498.0	204.8	38.406
7500.0	204.69	38.406
7502.0	204.2	38.335
7504.0	204.1	38.335
7506.0	203.99	38.335
7508.0	203.88	38.335
7510.0	203.77	38.335
7512.0	203.66	38.335
7514.0	203.55	38.335
7516.0	203.44	38.335
7518.0	203.34	38.335
7520.0	203.23	38.335
7522.0	202.75	38.265
7524.0	202.64	38.265
7526.0	202.53	38.265
7528.0	202.42	38.265
7530.0	202.32	38.265
7532.0	202.21	38.265
7534.0	202.1	38.265
7536.0	201.99	38.265
7538.0	201.89	38.265
7540.0	201.78	38.265
7542.0	201.67	38.265
7544.0	201.38	38.23
7546.0	201.27	38.23
7548.0	200.8	38.159
7550.0	200.32	38.089
7552.0	200.03	38.054
7554.0	199.92	38.054
7556.0	199.64	38.019
7558.0	199.35	37.984
7560.0	199.24	37.984
7562.0	198.95	37.949
7564.0	198.66	37.914
7566.0	198.56	37.914
7568.0	198.27	37.879
7570.0	198.17	37.879
7572.0	197.88	37.844
7574.0	197.59	37.809
7576.0	197.49	37.809
7578.0	197.2	37.775
7580.0	197.1	37.775
7582.0	196.81	37.74
7584.0	196.53	37.705
7586.0	196.42	37.705
7588.0	196.14	37.67
7590.0	196.04	37.67
7592.0	195.75	37.635999999999996
7594.0	195.65	37.635999999999996
7596.0	195.37	37.601
7598.0	195.08	37.566
7600.0	194.98	37.566
7602.0	194.7	37.532
7604.0	194.6	37.532
7606.0	194.32	37.497
7608.0	194.21	37.497
7610.0	193.93	37.463
7612.0	193.83	37.463
7614.0	193.55	37.428000000000004
7616.0	193.45	37.428000000000004
7618.0	193.17	37.394
7620.0	193.07	37.394
7622.0	192.79	37.359
7624.0	192.51	37.325
7626.0	192.41	37.325
7628.0	192.13	37.291
7630.0	192.03	37.291
7632.0	191.75	37.256
7634.0	191.65	37.256
7636.0	191.38	37.222
7638.0	191.28	37.222
7640.0	191.18	37.222
7642.0	190.9	37.188
7644.0	190.8	37.188
7646.0	190.53	37.153
7648.0	190.43	37.153
7650.0	190.15	37.119
7652.0	190.05	37.119
7654.0	189.78	37.085
7656.0	189.68	37.085
7658.0	189.4	37.051
7660.0	189.31	37.051
7662.0	189.03	37.016999999999996
7664.0	188.93	37.016999999999996
7666.0	188.83	37.016999999999996
7668.0	188.56	36.983000000000004
7670.0	188.46	36.983000000000004
7672.0	188.19	36.949
7674.0	188.09	36.949
7676.0	187.82	36.915
7678.0	187.73	36.915
7680.0	187.63	36.915
7682.0	187.36	36.881
7684.0	187.26	36.881
7686.0	186.99	36.847
7688.0	186.89	36.847
7690.0	186.8	36.847
7692.0	186.01	36.711
7694.0	185.92	36.711
7696.0	185.82	36.711
7698.0	185.72	36.711
7700.0	185.63	36.711
7702.0	185.53	36.711
7704.0	185.43	36.711
7706.0	185.34	36.711
7708.0	185.58	36.779
7710.0	185.49	36.779
7712.0	185.39	36.779
7714.0	185.29	36.779
7716.0	184.86	36.711
7718.0	184.76	36.711
7720.0	184.16	36.61
7722.0	184.06	36.61
7724.0	183.63	36.543
7726.0	183.53	36.543
7728.0	183.1	36.475
7730.0	182.67	36.408
7732.0	182.41	36.375
7734.0	181.97	36.308
7736.0	181.55	36.241
7738.0	181.45	36.241
7740.0	181.36	36.241
7742.0	181.1	36.208
7744.0	181.0	36.208
7746.0	180.91	36.208
7748.0	180.82	36.208
7750.0	180.72	36.208
7752.0	180.3	36.141
7754.0	180.21	36.141
7756.0	180.11	36.141
7758.0	180.02	36.141
7760.0	179.93	36.141
7762.0	179.84	36.141
7764.0	179.74	36.141
7766.0	179.65	36.141
7768.0	179.56	36.141
7770.0	179.13	36.074
7772.0	179.04	36.074
7774.0	178.95	36.074
7776.0	178.86	36.074
7778.0	178.77	36.074
7780.0	178.67	36.074
7782.0	178.58	36.074
7784.0	178.49	36.074
7786.0	178.07	36.008
7788.0	177.98	36.008
7790.0	177.72	35.975
7792.0	177.31	35.909
7794.0	176.89	35.843
7796.0	176.8	35.843
7798.0	176.22	35.744
7800.0	176.13	35.744
7802.0	176.04	35.744
7804.0	175.63	35.678000000000004
7806.0	175.54	35.678000000000004
7808.0	175.45	35.678000000000004
7810.0	175.36	35.678000000000004
7812.0	175.27	35.678000000000004
7814.0	175.18	35.678000000000004
7816.0	174.76	35.611999999999995
7818.0	174.67	35.611999999999995
7820.0	174.59	35.611999999999995
7822.0	174.17	35.547
7824.0	174.09	35.547
7826.0	173.84	35.514
7828.0	173.75	35.514
7830.0	173.34	35.449
7832.0	173.25	35.449
7834.0	173.16	35.449
7836.0	173.07	35.449
7838.0	172.99	35.449
7840.0	172.9	35.449
7842.0	172.81	35.449
7844.0	172.72	35.449
7846.0	172.63	35.449
7848.0	172.55	35.449
7850.0	172.14	35.383
7852.0	172.05	35.383
7854.0	171.65	35.318000000000005
7856.0	171.4	35.286
7858.0	171.32	35.286
7860.0	171.23	35.286
7862.0	171.14	35.286
7864.0	170.74	35.221
7866.0	170.65	35.221
7868.0	170.57	35.221
7870.0	170.48	35.221
7872.0	170.08	35.156
7874.0	169.99	35.156
7876.0	169.44	35.059
7878.0	169.35	35.059
7880.0	168.95	34.995
7882.0	168.87	34.995
7884.0	168.78	34.995
7886.0	168.39	34.93
7888.0	168.3	34.93
7890.0	168.22	34.93
7892.0	168.13	34.93
7894.0	167.89	34.898
7896.0	167.81	34.898
7898.0	167.72	34.898
7900.0	167.64	34.898
7902.0	167.55	34.898
7904.0	167.62	34.93
7906.0	167.54	34.93
7908.0	167.45	34.93
7910.0	167.67	34.995
7912.0	167.59	34.995
7914.0	167.51	34.995
7916.0	167.42	34.995
7918.0	167.34	34.995
7920.0	166.94	34.93
7922.0	166.86	34.93
7924.0	166.62	34.898
7926.0	166.23	34.834
7928.0	165.84	34.77
7930.0	165.76	34.77
7932.0	165.37	34.705999999999996
7934.0	165.13	34.674
7936.0	165.05	34.674
7938.0	164.97	34.674
7940.0	164.58	34.61
7942.0	164.5	34.61
7944.0	164.42	34.61
7946.0	164.33	34.61
7948.0	164.25	34.61
7950.0	164.17	34.61
7952.0	164.08	34.61
7954.0	164.0	34.61
7956.0	163.92	34.61
7958.0	163.54	34.546
7960.0	163.45	34.546
7962.0	163.07	34.483000000000004
7964.0	162.99	34.483000000000004
7966.0	162.91	34.483000000000004
7968.0	162.83	34.483000000000004
7970.0	162.59	34.451
7972.0	162.66	34.483000000000004
7974.0	162.58	34.483000000000004
7976.0	162.5	34.483000000000004
7978.0	162.27	34.451
7980.0	162.19	34.451
7982.0	162.1	34.451
7984.0	162.02	34.451
7986.0	161.94	34.451
7988.0	161.86	34.451
7990.0	161.78	34.451
7992.0	161.4	34.387
7994.0	161.32	34.387
7996.0	160.94	34.324
7998.0	160.86	34.324
8000.0	160.34	34.229
8002.0	160.26	34.229
8004.0	160.18	34.229
8006.0	160.1	34.229
8008.0	160.31	34.293
8010.0	160.23	34.293
8012.0	160.15	34.293
8014.0	159.78	34.229
8016.0	159.41	34.166
8018.0	159.33	34.166
8020.0	158.95	34.104
8022.0	158.88	34.104
8024.0	158.8	34.104
8026.0	158.72	34.104
8028.0	158.64	34.104
8030.0	158.56	34.104
8032.0	158.48	34.104
8034.0	158.25	34.071999999999996
8036.0	157.88	34.009
8038.0	157.81	34.009
8040.0	157.44	33.946999999999996
8042.0	157.36	33.946999999999996
8044.0	156.99	33.884
8046.0	156.91	33.884
8048.0	156.84	33.884
8050.0	156.76	33.884
8052.0	156.68	33.884
8054.0	156.6	33.884
8056.0	156.52	33.884
8058.0	156.45	33.884
8060.0	156.37	33.884
8062.0	156.29	33.884
8064.0	156.21	33.884
8066.0	156.14	33.884
8068.0	156.06	33.884
8070.0	155.98	33.884
8072.0	155.9	33.884
8074.0	155.83	33.884
8076.0	155.61	33.853
8078.0	155.53	33.853
8080.0	155.17	33.791
8082.0	155.09	33.791
8084.0	154.73	33.729
8086.0	154.37	33.667
8088.0	154.15	33.635999999999996
8090.0	153.79	33.574
8092.0	153.71	33.574
8094.0	153.35	33.512
8096.0	153.28	33.512
8098.0	153.2	33.512
8100.0	153.13	33.512
8102.0	153.05	33.512
8104.0	152.98	33.512
8106.0	152.9	33.512
8108.0	152.82	33.512
8110.0	152.75	33.512
8112.0	152.67	33.512
8114.0	152.6	33.512
8116.0	152.52	33.512
8118.0	152.45	33.512
8120.0	152.37	33.512
8122.0	152.3	33.512
8124.0	152.22	33.512
8126.0	152.15	33.512
8128.0	152.07	33.512
8130.0	152.0	33.512
8132.0	151.92	33.512
8134.0	151.85	33.512
8136.0	151.36	33.419000000000004
8138.0	151.0	33.358000000000004
8140.0	150.65	33.297
8142.0	150.58	33.297
8144.0	150.36	33.266
8146.0	150.01	33.205
8148.0	149.94	33.205
8150.0	149.59	33.144
8152.0	149.52	33.144
8154.0	149.17	33.083
8156.0	149.1	33.083
8158.0	148.61	32.991
8160.0	148.54	32.991
8162.0	148.19	32.931
8164.0	148.12	32.931
8166.0	147.78	32.87
8168.0	147.57	32.84
8170.0	147.49	32.84
8172.0	147.42	32.84
8174.0	147.08	32.779
8176.0	147.01	32.779
8178.0	146.94	32.779
8180.0	146.59	32.719
8182.0	146.52	32.719
8184.0	146.45	32.719
8186.0	146.38	32.719
8188.0	146.31	32.719
8190.0	146.24	32.719
8192.0	146.16	32.719
8194.0	146.09	32.719
8196.0	146.02	32.719
8198.0	145.95	32.719
8200.0	145.88	32.719
8202.0	145.81	32.719
8204.0	145.74	32.719
8206.0	145.67	32.719
8208.0	145.59	32.719
8210.0	145.52	32.719
8212.0	145.45	32.719
8214.0	145.38	32.719
8216.0	145.04	32.659
8218.0	144.97	32.659
8220.0	144.77	32.629
8222.0	144.7	32.629
8224.0	144.63	32.629
8226.0	144.29	32.569
8228.0	144.22	32.569
8230.0	143.89	32.509
8232.0	143.82	32.509
8234.0	143.35	32.419000000000004
8236.0	143.02	32.359
8238.0	142.68	32.3
8240.0	142.62	32.3
8242.0	142.41	32.27
8244.0	142.08	32.211
8246.0	142.01	32.211
8248.0	141.95	32.211
8250.0	141.88	32.211
8252.0	141.81	32.211
8254.0	141.74	32.211
8256.0	141.67	32.211
8258.0	141.6	32.211
8260.0	141.53	32.211
8262.0	141.47	32.211
8264.0	141.4	32.211
8266.0	141.33	32.211
8268.0	141.26	32.211
8270.0	141.19	32.211
8272.0	141.12	32.211
8274.0	140.8	32.150999999999996
8276.0	140.73	32.150999999999996
8278.0	140.66	32.150999999999996
8280.0	140.33	32.092
8282.0	140.27	32.092
8284.0	140.2	32.092
8286.0	140.13	32.092
8288.0	140.32	32.150999999999996
8290.0	140.25	32.150999999999996
8292.0	140.18	32.150999999999996
8294.0	140.12	32.150999999999996
8296.0	140.05	32.150999999999996
8298.0	139.98	32.150999999999996
8300.0	139.66	32.092
8302.0	139.59	32.092
8304.0	139.52	32.092
8306.0	139.33	32.063
8308.0	139.0	32.004
8310.0	138.94	32.004
8312.0	138.87	32.004
8314.0	138.8	32.004
8316.0	138.74	32.004
8318.0	138.93	32.063
8320.0	138.99	32.092
8322.0	138.92	32.092
8324.0	138.85	32.092
8326.0	138.79	32.092
8328.0	138.72	32.092
8330.0	138.65	32.092
8332.0	138.59	32.092
8334.0	138.39	32.063
8336.0	138.33	32.063
8338.0	138.26	32.063
8340.0	138.19	32.063
8342.0	138.13	32.063
8344.0	138.06	32.063
8346.0	137.74	32.004
8348.0	137.68	32.004
8350.0	137.61	32.004
8352.0	137.54	32.004
8354.0	137.22	31.945
8356.0	137.16	31.945
8358.0	136.84	31.886
8360.0	136.65	31.857
8362.0	136.33	31.798000000000002
8364.0	136.02	31.739
8366.0	135.7	31.680999999999997
8368.0	135.51	31.651999999999997
8370.0	135.45	31.651999999999997
8372.0	135.38	31.651999999999997
8374.0	135.69	31.739
8376.0	135.88	31.798000000000002
8378.0	135.81	31.798000000000002
8380.0	136.0	31.857
8382.0	135.93	31.857
8384.0	135.87	31.857
8386.0	135.8	31.857
8388.0	135.49	31.798000000000002
8390.0	135.17	31.739
8392.0	134.86	31.680999999999997
8394.0	134.67	31.651999999999997
8396.0	134.36	31.594
8398.0	134.05	31.535999999999998
8400.0	133.99	31.535999999999998
8402.0	133.68	31.476999999999997
8404.0	133.61	31.476999999999997
8406.0	133.43	31.448
8408.0	133.36	31.448
8410.0	133.3	31.448
8412.0	133.36	31.476999999999997
8414.0	133.3	31.476999999999997
8416.0	133.23	31.476999999999997
8418.0	133.05	31.448
8420.0	132.98	31.448
8422.0	132.92	31.448
8424.0	132.61	31.391
8426.0	132.55	31.391
8428.0	132.24	31.333000000000002
8430.0	132.06	31.304000000000002
8432.0	131.75	31.246
8434.0	131.45	31.189
8436.0	131.14	31.131999999999998
8438.0	130.96	31.103
8440.0	130.9	31.103
8442.0	130.84	31.103
8444.0	130.9	31.131999999999998
8446.0	130.83	31.131999999999998
8448.0	131.01	31.189
8450.0	130.95	31.189
8452.0	130.89	31.189
8454.0	130.83	31.189
8456.0	131.01	31.246
8458.0	130.94	31.246
8460.0	130.88	31.246
8462.0	130.82	31.246
8464.0	130.76	31.246
8466.0	130.7	31.246
8468.0	130.39	31.189
8470.0	130.33	31.189
8472.0	130.03	31.131999999999998
8474.0	129.97	31.131999999999998
8476.0	129.79	31.103
8478.0	129.73	31.103
8480.0	129.43	31.046
8482.0	129.61	31.103
8484.0	129.54	31.103
8486.0	129.6	31.131999999999998
8488.0	129.54	31.131999999999998
8490.0	129.72	31.189
8492.0	129.66	31.189
8494.0	129.6	31.189
8496.0	129.54	31.189
8498.0	129.48	31.189
8500.0	129.41	31.189
8502.0	129.12	31.131999999999998
8504.0	128.94	31.103
8506.0	128.64	31.046
8508.0	128.58	31.046
8510.0	128.28	30.988000000000003
8512.0	127.98	30.930999999999997
8514.0	127.92	30.930999999999997
8516.0	127.75	30.903000000000002
8518.0	127.69	30.903000000000002
8520.0	127.63	30.903000000000002
8522.0	127.57	30.903000000000002
8524.0	127.51	30.903000000000002
8526.0	127.56	30.930999999999997
8528.0	127.74	30.988000000000003
8530.0	127.91	31.046
8532.0	128.09	31.103
8534.0	128.15	31.131999999999998
8536.0	128.33	31.189
8538.0	128.26	31.189
8540.0	128.44	31.246
8542.0	128.38	31.246
8544.0	128.32	31.246
8546.0	128.5	31.304000000000002
8548.0	128.2	31.246
8550.0	127.91	31.189
8552.0	127.61	31.131999999999998
8554.0	127.43	31.103
8556.0	126.9	30.988000000000003
8558.0	126.5	30.903000000000002
8560.0	126.2	30.846
8562.0	125.91	30.789
8564.0	125.85	30.789
8566.0	125.56	30.733
8568.0	125.39	30.704
8570.0	125.1	30.648000000000003
8572.0	124.81	30.590999999999998
8574.0	124.64	30.563000000000002
8576.0	124.35	30.506999999999998
8578.0	124.06	30.451
8580.0	124.01	30.451
8582.0	123.72	30.395
8584.0	123.55	30.366999999999997
8586.0	123.26	30.311
8588.0	123.21	30.311
8590.0	123.15	30.311
8592.0	122.87	30.255
8594.0	122.58	30.199
8596.0	122.53	30.199
8598.0	122.13	30.116
8600.0	122.07	30.116
8602.0	121.79	30.061
8604.0	121.74	30.061
8606.0	121.46	30.005
8608.0	121.29	29.978
8610.0	121.23	29.978
8612.0	121.18	29.978
8614.0	120.9	29.923000000000002
8616.0	120.84	29.923000000000002
8618.0	120.56	29.866999999999997
8620.0	120.17	29.785
8622.0	120.12	29.785
8624.0	120.06	29.785
8626.0	120.01	29.785
8628.0	119.95	29.785
8630.0	120.0	29.813000000000002
8632.0	120.17	29.866999999999997
8634.0	120.34	29.923000000000002
8636.0	120.28	29.923000000000002
8638.0	120.22	29.923000000000002
8640.0	120.39	29.978
8642.0	120.67	30.061
8644.0	120.61	30.061
8646.0	121.0	30.171999999999997
8648.0	121.28	30.255
8650.0	121.67	30.366999999999997
8652.0	121.73	30.395
8654.0	121.9	30.451
8656.0	122.06	30.506999999999998
8658.0	122.23	30.563000000000002
8660.0	122.18	30.563000000000002
8662.0	122.23	30.590999999999998
8664.0	122.18	30.590999999999998
8666.0	122.01	30.563000000000002
8668.0	121.95	30.563000000000002
8670.0	121.67	30.506999999999998
8672.0	121.39	30.451
8674.0	121.11	30.395
8676.0	120.72	30.311
8678.0	120.22	30.199
8680.0	119.83	30.116
8682.0	119.23	29.978
8684.0	118.95	29.923000000000002
8686.0	118.68	29.866999999999997
8688.0	118.3	29.785
8690.0	117.81	29.676
8692.0	117.43	29.594
8694.0	117.16	29.539
8696.0	116.78	29.458000000000002
8698.0	116.3	29.349
8700.0	115.93	29.268
8702.0	115.66	29.215
8704.0	115.39	29.160999999999998
8706.0	115.13	29.107
8708.0	115.29	29.160999999999998
8710.0	115.24	29.160999999999998
8712.0	115.18	29.160999999999998
8714.0	115.13	29.160999999999998
8716.0	115.29	29.215
8718.0	115.24	29.215
8720.0	115.18	29.215
8722.0	115.13	29.215
8724.0	115.08	29.215
8726.0	115.02	29.215
8728.0	114.97	29.215
8730.0	114.92	29.215
8732.0	115.08	29.268
8734.0	115.13	29.295
8736.0	115.29	29.349
8738.0	115.45	29.404
8740.0	115.4	29.404
8742.0	115.56	29.458000000000002
8744.0	115.61	29.485
8746.0	115.77	29.539
8748.0	115.72	29.539
8750.0	115.88	29.594
8752.0	115.83	29.594
8754.0	115.77	29.594
8756.0	115.72	29.594
8758.0	115.45	29.539
8760.0	115.4	29.539
8762.0	115.14	29.485
8764.0	114.77	29.404
8766.0	114.5	29.349
8768.0	114.24	29.295
8770.0	114.08	29.268
8772.0	113.82	29.215
8774.0	113.56	29.160999999999998
8776.0	113.2	29.08
8778.0	112.94	29.026999999999997
8780.0	112.68	28.973000000000003
8782.0	112.31	28.894000000000002
8784.0	112.06	28.84
8786.0	111.8	28.787
8788.0	111.44	28.708000000000002
8790.0	110.98	28.601999999999997
8792.0	110.62	28.523000000000003
8794.0	110.37	28.471
8796.0	110.01	28.392
8798.0	109.76	28.34
8800.0	109.71	28.34
8802.0	109.66	28.34
8804.0	109.61	28.34
8806.0	109.56	28.34
8808.0	109.71	28.392
8810.0	109.77	28.418000000000003
8812.0	109.92	28.471
8814.0	110.07	28.523000000000003
8816.0	110.22	28.576
8818.0	110.17	28.576
8820.0	110.12	28.576
8822.0	110.18	28.601999999999997
8824.0	110.13	28.601999999999997
8826.0	110.08	28.601999999999997
8828.0	110.03	28.601999999999997
8830.0	110.18	28.655
8832.0	110.33	28.708000000000002
8834.0	110.59	28.787
8836.0	110.54	28.787
8838.0	110.49	28.787
8840.0	110.64	28.84
8842.0	110.8	28.894000000000002
8844.0	110.85	28.92
8846.0	111.0	28.973000000000003
8848.0	110.95	28.973000000000003
8850.0	110.9	28.973000000000003
8852.0	110.85	28.973000000000003
8854.0	110.8	28.973000000000003
8856.0	110.55	28.92
8858.0	110.5	28.92
8860.0	110.45	28.92
8862.0	110.4	28.92
8864.0	110.35	28.92
8866.0	110.2	28.894000000000002
8868.0	110.15	28.894000000000002
8870.0	109.89	28.84
8872.0	109.34	28.708000000000002
8874.0	108.89	28.601999999999997
8876.0	108.54	28.523000000000003
8878.0	107.99	28.392
8880.0	107.55	28.288
8882.0	107.2	28.21
8884.0	106.76	28.105999999999998
8886.0	106.42	28.028000000000002
8888.0	105.98	27.925
8890.0	105.83	27.9
8892.0	105.59	27.848000000000003
8894.0	105.35	27.796999999999997
8896.0	105.3	27.796999999999997
8898.0	105.45	27.848000000000003
8900.0	105.4	27.848000000000003
8902.0	105.55	27.9
8904.0	105.6	27.925
8906.0	105.55	27.925
8908.0	105.5	27.925
8910.0	105.45	27.925
8912.0	105.41	27.925
8914.0	105.36	27.925
8916.0	105.22	27.9
8918.0	104.97	27.848000000000003
8920.0	104.73	27.796999999999997
8922.0	104.5	27.746
8924.0	104.35	27.72
8926.0	104.11	27.669
8928.0	104.07	27.669
8930.0	103.83	27.619
8932.0	103.78	27.619
8934.0	103.54	27.568
8936.0	103.5	27.568
8938.0	103.36	27.541999999999998
8940.0	103.31	27.541999999999998
8942.0	103.26	27.541999999999998
8944.0	103.22	27.541999999999998
8946.0	102.98	27.491999999999997
8948.0	102.75	27.441
8950.0	102.42	27.365
8952.0	102.0	27.265
8954.0	101.67	27.189
8956.0	101.25	27.089000000000002
8958.0	100.92	27.015
8960.0	100.69	26.965
8962.0	100.37	26.89
8964.0	99.958	26.791999999999998
8966.0	99.73	26.741999999999997
8968.0	99.59299999999999	26.718000000000004
8970.0	99.54899999999999	26.718000000000004
8972.0	99.321	26.669
8974.0	99.277	26.669
8976.0	99.05	26.619
8978.0	99.006	26.619
8980.0	98.78	26.570999999999998
8982.0	98.645	26.546
8984.0	98.601	26.546
8986.0	98.375	26.497
8988.0	98.33200000000001	26.497
8990.0	98.10700000000001	26.448
8992.0	98.064	26.448
8994.0	98.20100000000001	26.497
8996.0	98.15700000000001	26.497
8998.0	98.113	26.497
9000.0	98.25	26.546
9002.0	98.20700000000001	26.546
9004.0	98.163	26.546
9006.0	98.119	26.546
9008.0	98.07600000000001	26.546
9010.0	98.03200000000001	26.546
9012.0	98.08	26.570999999999998
9014.0	98.21700000000001	26.619
9016.0	98.17299999999999	26.619
9018.0	98.12899999999999	26.619
9020.0	98.086	26.619
9022.0	98.04299999999999	26.619
9024.0	97.819	26.570999999999998
9026.0	97.685	26.546
9028.0	97.64200000000001	26.546
9030.0	97.419	26.497
9032.0	97.197	26.448
9034.0	97.064	26.424
9036.0	96.84299999999999	26.375
9038.0	96.62200000000001	26.326999999999998
9040.0	96.402	26.278000000000002
9042.0	96.359	26.278000000000002
9044.0	96.227	26.254
9046.0	96.008	26.206
9048.0	95.965	26.206
9050.0	95.92299999999999	26.206
9052.0	95.88	26.206
9054.0	95.662	26.158
9056.0	95.35600000000001	26.085
9058.0	95.139	26.038
9060.0	94.921	25.99
9062.0	94.618	25.918000000000003
9064.0	94.40100000000001	25.87
9066.0	94.36	25.87
9068.0	94.145	25.823
9070.0	94.103	25.823
9072.0	94.06200000000001	25.823
9074.0	93.76100000000001	25.750999999999998
9076.0	93.72	25.750999999999998
9078.0	93.678	25.750999999999998
9080.0	93.465	25.704
9082.0	93.42399999999999	25.704
9084.0	93.383	25.704
9086.0	93.34100000000001	25.704
9088.0	93.47200000000001	25.750999999999998
9090.0	93.26	25.704
9092.0	93.04700000000001	25.656999999999996
9094.0	93.006	25.656999999999996
9096.0	92.88	25.633000000000003
9098.0	92.66799999999999	25.586
9100.0	92.62700000000001	25.586
9102.0	92.84200000000001	25.656999999999996
9104.0	92.973	25.704
9106.0	93.103	25.750999999999998
9108.0	93.148	25.775
9110.0	93.279	25.823
9112.0	93.41	25.87
9114.0	93.197	25.823
9116.0	93.156	25.823
9118.0	92.944	25.775
9120.0	92.818	25.750999999999998
9122.0	92.777	25.750999999999998
9124.0	92.566	25.704
9126.0	92.525	25.704
9128.0	92.485	25.704
9130.0	92.274	25.656999999999996
9132.0	92.404	25.704
9134.0	92.53299999999999	25.750999999999998
9136.0	92.57799999999999	25.775
9138.0	92.708	25.823
9140.0	92.838	25.87
9142.0	93.055	25.941999999999997
9144.0	92.928	25.918000000000003
9146.0	92.88799999999999	25.918000000000003
9148.0	92.84700000000001	25.918000000000003
9150.0	92.635	25.87
9152.0	92.425	25.823
9154.0	92.214	25.775
9156.0	92.089	25.750999999999998
9158.0	91.88	25.704
9160.0	91.67	25.656999999999996
9162.0	91.63	25.656999999999996
9164.0	91.506	25.633000000000003
9166.0	91.29799999999999	25.586
9168.0	91.258	25.586
9170.0	91.21799999999999	25.586
9172.0	91.178	25.586
9174.0	91.139	25.586
9176.0	91.09899999999999	25.586
9178.0	91.059	25.586
9180.0	91.01899999999999	25.586
9182.0	90.81200000000001	25.539
9184.0	90.773	25.539
9186.0	90.566	25.491999999999997
9188.0	90.527	25.491999999999997
9190.0	90.488	25.491999999999997
9192.0	90.448	25.491999999999997
9194.0	90.575	25.539
9196.0	90.70299999999999	25.586
9198.0	90.831	25.633000000000003
9200.0	91.04299999999999	25.704
