3200.0	19.739	0.6742100000000001
3201.0	19.781	0.67608
3202.0	19.842	0.6785800000000001
3203.0	19.902	0.68108
3204.0	19.963	0.6835899999999999
3205.0	20.062	0.68739
3206.0	20.123	0.68992
3207.0	20.241	0.69439
3208.0	20.154	0.6918300000000001
3209.0	19.883	0.68296
3210.0	19.798	0.6804600000000001
3211.0	20.042	0.68929
3212.0	20.308	0.6988800000000001
3213.0	20.826	0.71713
3214.0	21.278000000000002	0.73316
3215.0	21.05	0.72577
3216.0	20.768	0.7164699999999999
3217.0	20.489	0.70729
3218.0	20.214000000000002	0.69823
3219.0	20.22	0.6988800000000001
3220.0	20.319000000000003	0.70275
3221.0	20.646	0.7145
3222.0	21.153000000000002	0.73249
3223.0	21.414	0.742
3224.0	21.342	0.73995
3225.0	21.27	0.7379
3226.0	21.374000000000002	0.742
3227.0	21.499000000000002	0.74679
3228.0	21.685	0.7537
3229.0	21.892	0.7613800000000001
3230.0	21.959	0.7641899999999999
3231.0	22.066999999999997	0.76842
3232.0	22.013	0.767
3233.0	21.979	0.7663
3234.0	21.624000000000002	0.7544
3235.0	21.256	0.742
3236.0	20.97	0.73249
3237.0	20.651	0.72177
3238.0	20.374000000000002	0.71253
3239.0	20.082	0.70275
3240.0	19.94	0.69823
3241.0	19.945999999999998	0.6988800000000001
3242.0	20.045	0.70275
3243.0	20.348	0.7138399999999999
3244.0	20.619	0.72377
3245.0	20.663	0.72577
3246.0	20.65	0.72577
3247.0	20.714000000000002	0.72845
3248.0	20.816	0.73249
3249.0	20.612	0.72577
3250.0	20.335	0.7164699999999999
3251.0	20.211	0.71253
3252.0	20.236	0.7138399999999999
3253.0	20.298	0.7164699999999999
3254.0	20.417	0.72111
3255.0	20.329	0.71845
3256.0	19.927	0.7046899999999999
3257.0	19.605999999999998	0.6937399999999999
3258.0	19.666	0.69631
3259.0	19.727	0.6988800000000001
3260.0	19.824	0.70275
3261.0	19.94	0.70729
3262.0	19.672	0.69823
3263.0	19.355	0.68739
3264.0	19.218	0.68296
3265.0	19.207	0.68296
3266.0	19.444000000000003	0.6918300000000001
3267.0	19.922	0.70925
3268.0	20.242	0.72111
3269.0	20.361	0.72577
3270.0	20.48	0.73046
3271.0	20.336	0.72577
3272.0	20.249000000000002	0.72311
3273.0	20.442	0.73046
3274.0	20.638	0.7379
3275.0	20.549	0.73519
3276.0	20.48	0.73316
3277.0	20.261	0.72577
3278.0	19.934	0.7145
3279.0	19.867	0.71253
3280.0	19.892	0.7138399999999999
3281.0	19.77	0.7099
3282.0	19.559	0.70275
3283.0	19.547	0.70275
3284.0	19.734	0.7099
3285.0	19.85	0.7145
3286.0	19.764	0.71187
3287.0	19.698	0.7099
3288.0	19.668	0.70925
3289.0	19.656	0.70925
3290.0	19.357	0.6988800000000001
3291.0	19.079	0.68929
3292.0	18.963	0.6854899999999999
3293.0	18.899	0.6835899999999999
3294.0	18.992	0.68739
3295.0	19.156	0.6937399999999999
3296.0	19.215	0.69631
3297.0	19.257	0.69823
3298.0	19.316	0.70081
3299.0	19.537	0.70925
3300.0	19.651	0.7138399999999999
3301.0	19.531	0.7099
3302.0	19.465999999999998	0.70795
3303.0	19.834	0.72177
3304.0	20.19	0.73519
3305.0	20.365	0.742
3306.0	20.484	0.74679
3307.0	20.472	0.74679
3308.0	20.459	0.74679
3309.0	20.447	0.74679
3310.0	20.453	0.74748
3311.0	20.479	0.7488600000000001
3312.0	20.465999999999998	0.7488600000000001
3313.0	20.454	0.7488600000000001
3314.0	20.46	0.74955
3315.0	20.448	0.74955
3316.0	20.379	0.74748
3317.0	20.348	0.74679
3318.0	20.791	0.76348
3319.0	21.203000000000003	0.77912
3320.0	21.054000000000002	0.7741
3321.0	20.886999999999997	0.76842
3322.0	20.55	0.75648
3323.0	20.145	0.742
3324.0	20.281	0.74748
3325.0	20.78	0.7663
3326.0	20.979	0.7741
3327.0	21.024	0.77625
3328.0	20.934	0.7733899999999999
3329.0	20.73	0.7663
3330.0	20.584	0.7613800000000001
3331.0	20.590999999999998	0.76208
3332.0	20.616	0.76348
3333.0	20.871	0.7733899999999999
3334.0	21.129	0.7834300000000001
3335.0	21.253	0.7885
3336.0	21.378	0.7936
3337.0	21.228	0.7885
3338.0	21.079	0.7834300000000001
3339.0	20.873	0.77625
3340.0	20.669	0.76913
3341.0	20.714000000000002	0.7712600000000001
3342.0	21.028000000000002	0.7834300000000001
3343.0	21.21	0.79067
3344.0	21.276	0.7936
3345.0	21.263	0.7936
3346.0	20.978	0.7834300000000001
3347.0	20.64	0.7712600000000001
3348.0	20.570999999999998	0.76913
3349.0	20.502	0.767
3350.0	20.227	0.75718
3351.0	19.938	0.74679
3352.0	19.926	0.74679
3353.0	20.043	0.75163
3354.0	20.16	0.75648
3355.0	20.279	0.7613800000000001
3356.0	20.397000000000002	0.7663
3357.0	20.46	0.76913
3358.0	20.561999999999998	0.7733899999999999
3359.0	20.625	0.77625
3360.0	20.689	0.77912
3361.0	20.601	0.77625
3362.0	20.513	0.7733899999999999
3363.0	20.633000000000003	0.7783899999999999
3364.0	20.754	0.7834300000000001
3365.0	20.819000000000003	0.78632
3366.0	20.921	0.79067
3367.0	20.794	0.78632
3368.0	20.515	0.77625
3369.0	20.428	0.7733899999999999
3370.0	20.491	0.77625
3371.0	20.535	0.7783899999999999
3372.0	20.541999999999998	0.77912
3373.0	20.587	0.78127
3374.0	20.442	0.77625
3375.0	20.355	0.7733899999999999
3376.0	20.287	0.7712600000000001
3377.0	20.2	0.76842
3378.0	20.45	0.7783899999999999
3379.0	20.704	0.7885
3380.0	20.825	0.7936
3381.0	20.89	0.79652
3382.0	20.8	0.7936
3383.0	20.598000000000003	0.78632
3384.0	20.51	0.7834300000000001
3385.0	20.498	0.7834300000000001
3386.0	20.429000000000002	0.78127
3387.0	20.211	0.7733899999999999
3388.0	20.144000000000002	0.7712600000000001
3389.0	20.187	0.7733899999999999
3390.0	20.25	0.77625
3391.0	20.500999999999998	0.78632
3392.0	20.735	0.79579
3393.0	20.666	0.7936
3394.0	20.54	0.78922
3395.0	20.509	0.7885
3396.0	20.44	0.78632
3397.0	20.485	0.7885
3398.0	20.529	0.79067
3399.0	20.593000000000004	0.7936
3400.0	20.638	0.79579
3401.0	20.701999999999998	0.79873
3402.0	20.823	0.80389
3403.0	20.945999999999998	0.8091
3404.0	21.205	0.8195899999999999
3405.0	21.468000000000004	0.8302299999999999
3406.0	21.594	0.8356
3407.0	21.701	0.8402299999999999
3408.0	21.569000000000003	0.8356
3409.0	21.416999999999998	0.8302299999999999
3410.0	21.267	0.8249
3411.0	21.177	0.8218700000000001
3412.0	20.97	0.81433
3413.0	20.823	0.8091
3414.0	20.677	0.80389
3415.0	20.608	0.8016800000000001
3416.0	20.52	0.79873
3417.0	20.377	0.7936
3418.0	20.252	0.78922
3419.0	20.278	0.79067
3420.0	20.266	0.79067
3421.0	20.348	0.79433
3422.0	20.448	0.79873
3423.0	20.569000000000003	0.80389
3424.0	20.614	0.80612
3425.0	20.811	0.81433
3426.0	21.011	0.82262
3427.0	21.115	0.8271799999999999
3428.0	21.103	0.8271799999999999
3429.0	21.031999999999996	0.8249
3430.0	20.943	0.8218700000000001
3431.0	20.930999999999997	0.8218700000000001
3432.0	20.918000000000003	0.8218700000000001
3433.0	20.906	0.8218700000000001
3434.0	21.185	0.8333
3435.0	21.447	0.84411
3436.0	21.613000000000003	0.8511299999999999
3437.0	21.82	0.8598
3438.0	21.808000000000003	0.8598
3439.0	21.715	0.85664
3440.0	21.701999999999998	0.85664
3441.0	21.69	0.85664
3442.0	21.756999999999998	0.8598
3443.0	21.885	0.8653700000000001
3444.0	21.791999999999998	0.86219
3445.0	21.461	0.84957
3446.0	21.154	0.83791
3447.0	20.948	0.8302299999999999
3448.0	20.725	0.8218700000000001
3449.0	20.789	0.8249
3450.0	20.854	0.82794
3451.0	20.822	0.8271799999999999
3452.0	20.81	0.8271799999999999
3453.0	20.531999999999996	0.81658
3454.0	20.257	0.80612
3455.0	20.189	0.80389
3456.0	20.308	0.8091
3457.0	20.372	0.81208
3458.0	20.472	0.81658
3459.0	20.535999999999998	0.8195899999999999
3460.0	20.524	0.8195899999999999
3461.0	20.511999999999997	0.8195899999999999
3462.0	20.444000000000003	0.81733
3463.0	20.413	0.81658
3464.0	20.477	0.8195899999999999
3465.0	20.596999999999998	0.8249
3466.0	20.643	0.8271799999999999
3467.0	20.706999999999997	0.8302299999999999
3468.0	20.886	0.83791
3469.0	21.066999999999997	0.84567
3470.0	21.191	0.8511299999999999
3471.0	21.276999999999997	0.8550700000000001
3472.0	21.304000000000002	0.85664
3473.0	21.291999999999998	0.85664
3474.0	21.221	0.8542799999999999
3475.0	21.072	0.8487899999999999
3476.0	20.866999999999997	0.84101
3477.0	20.913	0.84334
3478.0	20.959	0.84567
3479.0	20.774	0.8386899999999999
3480.0	20.609	0.8325299999999999
3481.0	20.788	0.8402299999999999
3482.0	20.988000000000003	0.8487899999999999
3483.0	21.17	0.85664
3484.0	21.294	0.86219
3485.0	21.361	0.8653700000000001
3486.0	21.408	0.8677600000000001
3487.0	21.415	0.86856
3488.0	21.324	0.8653700000000001
3489.0	21.253	0.86298
3490.0	21.221	0.86219
3491.0	21.209	0.86219
3492.0	21.275	0.8653700000000001
3493.0	21.322	0.8677600000000001
3494.0	21.526999999999997	0.8766
3495.0	21.713	0.88471
3496.0	21.561	0.87902
3497.0	21.273000000000003	0.8677600000000001
3498.0	21.261	0.8677600000000001
3499.0	21.326999999999998	0.8709600000000001
3500.0	21.315	0.8709600000000001
3501.0	21.166	0.8653700000000001
3502.0	21.154	0.8653700000000001
3503.0	21.142	0.8653700000000001
3504.0	21.188000000000002	0.8677600000000001
3505.0	21.118000000000002	0.8653700000000001
3506.0	21.046999999999997	0.86298
3507.0	20.976999999999997	0.8606
3508.0	20.945999999999998	0.8598
3509.0	21.07	0.8653700000000001
3510.0	21.252	0.8733700000000001
3511.0	21.319000000000003	0.8766
3512.0	21.307	0.8766
3513.0	21.156999999999996	0.8709600000000001
3514.0	20.894000000000002	0.8606
3515.0	20.785999999999998	0.85664
3516.0	20.793000000000003	0.8574299999999999
3517.0	20.839000000000002	0.8598
3518.0	20.846	0.8606
3519.0	20.892	0.86298
3520.0	21.21	0.8766
3521.0	21.531999999999996	0.8904299999999999
3522.0	21.659000000000002	0.8961899999999999
3523.0	21.726999999999997	0.8995
3524.0	21.635	0.8961899999999999
3525.0	21.483	0.8904299999999999
3526.0	21.412	0.88797
3527.0	21.459	0.8904299999999999
3528.0	21.329	0.8855200000000001
3529.0	21.16	0.87902
3530.0	21.011999999999997	0.8733700000000001
3531.0	20.941999999999997	0.8709600000000001
3532.0	20.854	0.8677600000000001
3533.0	20.919	0.8709600000000001
3534.0	20.906999999999996	0.8709600000000001
3535.0	20.895	0.8709600000000001
3536.0	20.941	0.8733700000000001
3537.0	20.623	0.8606
3538.0	20.328	0.8487899999999999
3539.0	20.317	0.8487899999999999
3540.0	20.437	0.8542799999999999
3541.0	20.482	0.85664
3542.0	20.47	0.85664
3543.0	20.534000000000002	0.8598
3544.0	20.713	0.8677600000000001
3545.0	20.835	0.8733700000000001
3546.0	20.765	0.8709600000000001
3547.0	20.754	0.8709600000000001
3548.0	20.666	0.8677600000000001
3549.0	20.654	0.8677600000000001
3550.0	20.795	0.87418
3551.0	21.034000000000002	0.88471
3552.0	21.158	0.8904299999999999
3553.0	21.303	0.89702
3554.0	21.212	0.89371
3555.0	21.045	0.88715
3556.0	21.11	0.8904299999999999
3557.0	21.313000000000002	0.8995
3558.0	21.419	0.90448
3559.0	21.27	0.8986700000000001
3560.0	21.141	0.89371
3561.0	21.051	0.8904299999999999
3562.0	20.923000000000002	0.8855200000000001
3563.0	21.086	0.89289
3564.0	21.21	0.8986700000000001
3565.0	21.159000000000002	0.89702
3566.0	21.128	0.8961899999999999
3567.0	21.194000000000003	0.8995
3568.0	21.3	0.90448
3569.0	21.425	0.91033
3570.0	21.631	0.9196
3571.0	21.679000000000002	0.92215
3572.0	21.666999999999998	0.92215
3573.0	21.655	0.92215
3574.0	21.583000000000002	0.9196
3575.0	21.491999999999997	0.91622
3576.0	21.48	0.91622
3577.0	21.408	0.91369
3578.0	21.475	0.91706
3579.0	21.581999999999997	0.92215
3580.0	21.57	0.92215
3581.0	21.578000000000003	0.923
3582.0	21.685	0.92811
3583.0	21.834	0.9349799999999999
3584.0	21.801	0.93411
3585.0	21.649	0.92811
3586.0	21.636999999999997	0.92811
3587.0	21.705	0.9315399999999999
3588.0	21.693	0.9315399999999999
3589.0	21.621	0.92896
3590.0	21.589000000000002	0.92811
3591.0	21.656999999999996	0.9315399999999999
3592.0	21.724	0.9349799999999999
3593.0	21.691999999999997	0.93411
3594.0	21.621	0.9315399999999999
3595.0	21.748	0.9375600000000001
3596.0	21.936999999999998	0.94624
3597.0	21.925	0.94624
3598.0	21.831999999999997	0.94275
3599.0	21.901	0.94624
3600.0	22.03	0.95236
3601.0	22.16	0.95852
3602.0	22.148000000000003	0.95852
3603.0	22.136	0.95852
3604.0	22.185	0.9611700000000001
3605.0	22.254	0.96472
3606.0	22.261999999999997	0.9656
3607.0	22.25	0.9656
3608.0	22.074	0.95852
3609.0	21.84	0.94885
3610.0	21.686999999999998	0.94275
3611.0	21.496	0.9349799999999999
3612.0	21.485	0.9349799999999999
3613.0	21.592	0.94016
3614.0	21.719	0.94624
3615.0	21.848000000000003	0.95236
3616.0	21.896	0.95499
3617.0	21.683000000000003	0.94624
3618.0	21.473000000000003	0.9375600000000001
3619.0	21.244	0.92811
3620.0	21.038	0.9196
3621.0	21.026	0.9196
3622.0	21.015	0.9196
3623.0	21.003	0.9196
3624.0	21.05	0.92215
3625.0	21.116	0.92555
3626.0	21.241	0.9315399999999999
3627.0	21.288	0.93411
3628.0	21.217	0.9315399999999999
3629.0	21.264	0.93411
3630.0	21.331	0.9375600000000001
3631.0	21.378	0.94016
3632.0	21.504	0.94624
3633.0	21.631999999999998	0.95236
3634.0	21.500999999999998	0.94711
3635.0	21.39	0.94275
3636.0	21.319000000000003	0.94016
3637.0	21.249000000000002	0.9375600000000001
3638.0	21.296	0.94016
3639.0	21.343000000000004	0.94275
3640.0	21.214000000000002	0.9375600000000001
3641.0	21.008000000000003	0.92896
3642.0	21.054000000000002	0.9315399999999999
3643.0	21.237	0.94016
3644.0	21.363000000000003	0.94624
3645.0	21.43	0.94973
3646.0	21.537	0.95499
3647.0	21.684	0.96206
3648.0	21.873	0.97096
3649.0	21.601	0.9594
3650.0	21.371	0.94973
3651.0	21.144000000000002	0.94016
3652.0	20.881	0.92896
3653.0	20.793000000000003	0.92555
3654.0	20.705	0.92215
3655.0	20.694000000000003	0.92215
3656.0	20.759	0.92555
3657.0	20.824	0.92896
3658.0	20.928	0.93411
3659.0	20.936	0.9349799999999999
3660.0	20.848000000000003	0.9315399999999999
3661.0	20.701999999999998	0.92555
3662.0	20.748	0.92811
3663.0	20.737	0.92811
3664.0	20.802	0.9315399999999999
3665.0	20.868000000000002	0.9349799999999999
3666.0	20.971999999999998	0.94016
3667.0	20.98	0.9410200000000001
3668.0	21.084	0.94624
3669.0	21.151	0.94973
3670.0	21.256	0.95499
3671.0	21.323	0.95852
3672.0	21.39	0.96206
3673.0	21.576	0.97096
3674.0	21.704	0.97724
3675.0	21.493000000000002	0.9682700000000001
3676.0	21.324	0.9611700000000001
3677.0	21.529	0.97096
3678.0	21.717	0.9799399999999999
3679.0	21.845	0.9862799999999999
3680.0	21.975	0.99266
3681.0	22.024	0.9954
3682.0	22.093000000000004	0.99908
3683.0	21.878	0.98992
3684.0	21.646	0.9799399999999999
3685.0	21.436	0.97096
3686.0	21.305999999999997	0.9656
3687.0	21.217	0.96206
3688.0	21.147	0.9594
3689.0	21.116	0.95852
3690.0	21.163	0.9611700000000001
3691.0	21.229	0.96472
3692.0	21.14	0.9611700000000001
3693.0	21.07	0.95852
3694.0	20.980999999999998	0.95499
3695.0	20.835	0.94885
3696.0	20.901	0.95236
3697.0	21.024	0.95852
3698.0	21.149	0.96472
3699.0	21.156999999999996	0.9656
3700.0	21.263	0.97096
3701.0	21.389	0.97724
3702.0	21.515	0.98356
3703.0	21.563000000000002	0.9862799999999999
3704.0	21.691	0.99266
3705.0	21.84	1.0
3706.0	22.01	1.0083
3707.0	21.816	1.0
3708.0	21.584	0.98992
3709.0	21.355	0.9799399999999999
3710.0	21.07	0.96739
3711.0	20.924	0.9611700000000001
3712.0	20.855	0.95852
3713.0	20.785999999999998	0.95588
3714.0	20.851999999999997	0.9594
3715.0	20.879	0.9611700000000001
3716.0	20.81	0.95852
3717.0	20.721999999999998	0.95499
3718.0	20.787	0.95852
3719.0	20.834	0.9611700000000001
3720.0	20.899	0.96472
3721.0	20.945999999999998	0.96739
3722.0	20.954	0.9682700000000001
3723.0	21.000999999999998	0.97096
3724.0	20.855	0.96472
3725.0	20.709	0.95852
3726.0	20.756	0.9611700000000001
3727.0	21.014	0.97364
3728.0	21.158	0.98085
3729.0	21.264	0.9862799999999999
3730.0	21.331	0.98992
3731.0	21.182	0.98356
3732.0	21.093000000000004	0.9799399999999999
3733.0	20.945999999999998	0.97364
3734.0	20.82	0.9682700000000001
3735.0	20.808000000000003	0.9682700000000001
3736.0	20.855	0.97096
3737.0	20.71	0.96472
3738.0	20.566	0.95852
3739.0	20.611	0.9611700000000001
3740.0	20.81	0.97096
3741.0	20.934	0.97724
3742.0	20.98	0.9799399999999999
3743.0	20.969	0.9799399999999999
3744.0	20.842	0.97454
3745.0	20.811999999999998	0.97364
3746.0	20.744	0.97096
3747.0	20.618000000000002	0.9656
3748.0	20.645	0.96739
3749.0	20.71	0.97096
3750.0	20.756999999999998	0.97364
3751.0	20.88	0.9799399999999999
3752.0	20.945999999999998	0.98356
3753.0	20.935	0.98356
3754.0	20.923000000000002	0.98356
3755.0	20.912	0.98356
3756.0	20.901	0.98356
3757.0	20.948	0.9862799999999999
3758.0	21.014	0.98992
3759.0	21.197	0.99908
3760.0	21.323	1.0055
3761.0	21.175	0.99908
3762.0	21.026999999999997	0.99266
3763.0	21.016	0.99266
3764.0	21.024	0.9935700000000001
3765.0	21.013	0.9935700000000001
3766.0	21.002	0.9935700000000001
3767.0	20.971999999999998	0.99266
3768.0	20.903000000000002	0.98992
3769.0	20.891	0.98992
3770.0	20.88	0.98992
3771.0	20.927	0.99266
3772.0	20.974	0.9954
3773.0	21.04	0.99908
3774.0	21.029	0.99908
3775.0	21.018	0.99908
3776.0	20.929000000000002	0.9954
3777.0	20.861	0.99266
3778.0	20.581999999999997	0.9799399999999999
3779.0	20.271	0.9656
3780.0	20.185	0.96206
3781.0	20.230999999999998	0.96472
3782.0	20.276	0.96739
3783.0	20.284000000000002	0.9682700000000001
3784.0	20.329	0.97096
3785.0	20.262	0.9682700000000001
3786.0	20.252	0.9682700000000001
3787.0	20.352999999999998	0.97364
3788.0	20.417	0.97724
3789.0	20.35	0.97454
3790.0	20.320999999999998	0.97364
3791.0	20.31	0.97364
3792.0	20.299	0.97364
3793.0	20.233	0.97096
3794.0	20.148	0.96739
3795.0	20.008	0.9611700000000001
3796.0	19.869	0.95499
3797.0	19.803	0.95236
3798.0	19.793	0.95236
3799.0	19.91	0.95852
3800.0	20.158	0.97096
3801.0	20.465999999999998	0.9862799999999999
3802.0	20.53	0.98992
3803.0	20.576	0.99266
3804.0	20.622	0.9954
3805.0	20.611	0.9954
3806.0	20.677	0.99908
3807.0	20.8	1.0055
3808.0	20.923000000000002	1.012
3809.0	21.105999999999998	1.0214
3810.0	21.230999999999998	1.028
3811.0	21.357	1.0347
3812.0	21.504	1.0423
3813.0	21.811999999999998	1.0578
3814.0	22.022	1.0686
3815.0	21.749000000000002	1.0558
3816.0	21.518	1.0452
3817.0	21.506999999999998	1.0452
3818.0	21.496	1.0452
3819.0	21.405	1.0414
3820.0	21.335	1.0385
3821.0	21.324	1.0385
3822.0	21.313000000000002	1.0385
3823.0	21.302	1.0385
3824.0	21.232	1.0356
3825.0	21.221	1.0356
3826.0	21.268	1.0385
3827.0	21.316	1.0414
3828.0	21.305	1.0414
3829.0	21.294	1.0414
3830.0	21.302	1.0423
3831.0	21.35	1.0452
3832.0	21.398000000000003	1.0481
3833.0	21.525	1.0549
3834.0	21.514	1.0549
3835.0	21.503	1.0549
3836.0	21.63	1.0617
3837.0	21.779	1.0695
3838.0	21.888	1.0755
3839.0	21.796	1.0715
3840.0	21.725	1.0686
3841.0	21.574	1.0617
3842.0	21.424	1.0549
3843.0	21.413	1.0549
3844.0	21.401999999999997	1.0549
3845.0	21.529	1.0617
3846.0	21.656999999999996	1.0686
3847.0	21.526999999999997	1.0627
3848.0	21.357	1.0549
3849.0	21.287	1.052
3850.0	21.276	1.052
3851.0	21.344	1.0558
3852.0	21.451	1.0617
3853.0	21.579	1.0686
3854.0	21.706999999999997	1.0755
3855.0	21.776	1.0794
3856.0	21.885	1.0854
3857.0	21.954	1.0894
3858.0	22.228	1.1036
3859.0	22.441999999999997	1.1148
3860.0	22.266	1.1066
3861.0	22.051	1.0965
3862.0	21.898000000000003	1.0894
3863.0	21.805999999999997	1.0854
3864.0	21.615	1.0765
3865.0	21.445	1.0686
3866.0	21.355	1.0646
3867.0	21.441999999999997	1.0695
3868.0	21.61	1.0785
3869.0	21.959	1.0965
3870.0	22.009	1.0995
3871.0	22.079	1.1036
3872.0	22.128	1.1066
3873.0	22.116999999999997	1.1066
3874.0	22.105999999999998	1.1066
3875.0	22.094	1.1066
3876.0	22.083000000000002	1.1066
3877.0	22.070999999999998	1.1066
3878.0	22.06	1.1066
3879.0	21.988000000000003	1.1036
3880.0	21.976	1.1036
3881.0	21.965	1.1036
3882.0	21.954	1.1036
3883.0	22.003	1.1066
3884.0	22.011999999999997	1.1076
3885.0	22.061999999999998	1.1107
3886.0	21.989	1.1076
3887.0	21.897	1.1036
3888.0	21.886	1.1036
3889.0	21.875	1.1036
3890.0	21.803	1.1005
3891.0	21.712	1.0965
3892.0	21.761	1.0995
3893.0	21.89	1.1066
3894.0	22.021	1.1138
3895.0	22.213	1.1241
3896.0	22.366	1.1324
3897.0	22.293000000000003	1.1293
3898.0	22.261	1.1282
3899.0	22.166999999999998	1.1241
3900.0	22.095	1.121
3901.0	22.145	1.1241
3902.0	22.215	1.1282
3903.0	22.224	1.1293
3904.0	22.336	1.1355
3905.0	22.386	1.1387
3906.0	22.456999999999997	1.1429
3907.0	22.508000000000003	1.146
3908.0	22.642	1.1534
3909.0	22.714000000000002	1.1577
3910.0	22.701999999999998	1.1577
3911.0	22.753	1.1609
3912.0	22.596	1.1534
3913.0	22.46	1.1471
3914.0	22.427	1.146
3915.0	22.416	1.146
3916.0	22.405	1.146
3917.0	22.414	1.1471
3918.0	22.401999999999997	1.1471
3919.0	22.37	1.146
3920.0	22.318	1.1439
3921.0	22.285999999999998	1.1429
3922.0	22.274	1.1429
3923.0	22.263	1.1429
3924.0	22.252	1.1429
3925.0	22.179000000000002	1.1397
3926.0	22.147	1.1387
3927.0	22.075	1.1355
3928.0	21.983	1.1314
3929.0	21.930999999999997	1.1293
3930.0	21.92	1.1293
3931.0	21.949	1.1314
3932.0	21.938000000000002	1.1314
3933.0	21.927	1.1314
3934.0	21.875	1.1293
3935.0	21.904	1.1314
3936.0	21.974	1.1355
3937.0	22.024	1.1387
3938.0	22.094	1.1429
3939.0	22.144000000000002	1.146
3940.0	22.214000000000002	1.1503
3941.0	22.203000000000003	1.1503
3942.0	22.191999999999997	1.1503
3943.0	22.18	1.1503
3944.0	22.169	1.1503
3945.0	22.158	1.1503
3946.0	22.086	1.1471
3947.0	22.013	1.1439
3948.0	21.982	1.1429
3949.0	22.052	1.1471
3950.0	22.163	1.1534
3951.0	22.295	1.1609
3952.0	22.428	1.1684
3953.0	22.499000000000002	1.1727
3954.0	22.633000000000003	1.1803
3955.0	22.684	1.1836
3956.0	22.673000000000002	1.1836
3957.0	22.599	1.1803
3958.0	22.441999999999997	1.1727
3959.0	22.287	1.1652
3960.0	22.131999999999998	1.1577
3961.0	21.979	1.1503
3962.0	21.886999999999997	1.146
3963.0	21.875999999999998	1.146
3964.0	21.945999999999998	1.1503
3965.0	22.076999999999998	1.1577
3966.0	22.127	1.1609
3967.0	22.197	1.1652
3968.0	22.186	1.1652
3969.0	22.175	1.1652
3970.0	22.101999999999997	1.162
3971.0	22.070999999999998	1.1609
3972.0	22.06	1.1609
3973.0	22.13	1.1652
3974.0	22.18	1.1684
3975.0	22.169	1.1684
3976.0	22.178	1.1695
3977.0	22.229	1.1727
3978.0	22.217	1.1727
3979.0	22.206	1.1727
3980.0	22.195	1.1727
3981.0	22.184	1.1727
3982.0	22.111	1.1695
3983.0	22.08	1.1684
3984.0	22.069000000000003	1.1684
3985.0	22.058000000000003	1.1684
3986.0	22.046999999999997	1.1684
3987.0	21.975	1.1652
3988.0	21.823	1.1577
3989.0	21.671999999999997	1.1503
3990.0	21.522	1.1429
3991.0	21.432	1.1387
3992.0	21.699	1.1534
3993.0	21.909000000000002	1.1652
3994.0	22.101	1.176
3995.0	22.294	1.1869
3996.0	22.303	1.188
3997.0	22.272	1.1869
3998.0	22.281	1.188
3999.0	22.331999999999997	1.1912
4000.0	22.403000000000002	1.1956
4001.0	22.516	1.2023
4002.0	22.587	1.2067
4003.0	22.514	1.2034
4004.0	22.482	1.2023
4005.0	22.429000000000002	1.2
4006.0	22.397	1.1989
4007.0	22.531	1.2067
4008.0	22.581999999999997	1.21
4009.0	22.654	1.2145
4010.0	22.664	1.2156
4011.0	22.631999999999998	1.2145
4012.0	22.558000000000003	1.2112
4013.0	22.464000000000002	1.2067
4014.0	22.391	1.2034
4015.0	22.359	1.2023
4016.0	22.43	1.2067
4017.0	22.480999999999998	1.21
4018.0	22.615	1.2179
4019.0	22.75	1.2257
4020.0	22.823	1.2303
4021.0	22.959	1.2382
4022.0	23.011	1.2417
4023.0	23.0	1.2417
4024.0	23.073	1.2462
4025.0	23.189	1.2531
4026.0	23.178	1.2531
4027.0	23.103	1.2497
4028.0	23.090999999999998	1.2497
4029.0	23.08	1.2497
4030.0	23.068	1.2497
4031.0	23.057	1.2497
4032.0	23.045	1.2497
4033.0	23.034000000000002	1.2497
4034.0	23.022	1.2497
4035.0	23.011	1.2497
4036.0	23.0	1.2497
4037.0	22.925	1.2462
4038.0	22.913	1.2462
4039.0	22.818	1.2417
4040.0	22.805999999999997	1.2417
4041.0	22.795	1.2417
4042.0	22.784000000000002	1.2417
4043.0	22.773000000000003	1.2417
4044.0	22.636	1.2348
4045.0	22.541	1.2303
4046.0	22.53	1.2303
4047.0	22.456999999999997	1.2269
4048.0	22.363000000000003	1.2224
4049.0	22.27	1.2179
4050.0	22.198	1.2145
4051.0	22.105	1.21
4052.0	22.094	1.21
4053.0	22.104	1.2112
4054.0	22.154	1.2145
4055.0	22.205	1.2179
4056.0	22.214000000000002	1.219
4057.0	22.183000000000003	1.2179
4058.0	22.191999999999997	1.219
4059.0	22.304000000000002	1.2257
4060.0	22.436999999999998	1.2337
4061.0	22.509	1.2382
4062.0	22.56	1.2417
4063.0	22.549	1.2417
4064.0	22.476	1.2382
4065.0	22.465	1.2382
4066.0	22.454	1.2382
4067.0	22.443	1.2382
4068.0	22.432	1.2382
4069.0	22.421	1.2382
4070.0	22.41	1.2382
4071.0	22.46	1.2417
4072.0	22.386999999999997	1.2382
4073.0	22.377	1.2382
4074.0	22.427	1.2417
4075.0	22.416	1.2417
4076.0	22.426	1.2428
4077.0	22.476999999999997	1.2462
4078.0	22.528000000000002	1.2497
4079.0	22.517	1.2497
4080.0	22.506	1.2497
4081.0	22.433000000000003	1.2462
4082.0	22.421999999999997	1.2462
4083.0	22.410999999999998	1.2462
4084.0	22.4	1.2462
4085.0	22.451	1.2497
4086.0	22.502	1.2531
4087.0	22.366999999999997	1.2462
4088.0	22.274	1.2417
4089.0	22.201999999999998	1.2382
4090.0	22.191	1.2382
4091.0	22.241	1.2417
4092.0	22.230999999999998	1.2417
4093.0	22.158	1.2382
4094.0	22.066	1.2337
4095.0	22.055	1.2337
4096.0	22.065	1.2348
4097.0	22.115	1.2382
4098.0	22.165	1.2417
4099.0	22.155	1.2417
4100.0	22.144000000000002	1.2417
4101.0	22.133000000000003	1.2417
4102.0	22.204	1.2462
4103.0	22.255	1.2497
4104.0	22.305	1.2531
4105.0	22.294	1.2531
4106.0	22.304000000000002	1.2543
4107.0	22.355	1.2578
4108.0	22.406	1.2612
4109.0	22.476999999999997	1.2659
4110.0	22.487	1.2671
4111.0	22.456	1.2659
4112.0	22.445	1.2659
4113.0	22.434	1.2659
4114.0	22.423000000000002	1.2659
4115.0	22.433000000000003	1.2671
4116.0	22.463	1.2694
4117.0	22.451999999999998	1.2694
4118.0	22.441	1.2694
4119.0	22.451	1.2706
4120.0	22.44	1.2706
4121.0	22.409000000000002	1.2694
4122.0	22.357	1.2671
4123.0	22.346	1.2671
4124.0	22.375999999999998	1.2694
4125.0	22.386	1.2706
4126.0	22.375	1.2706
4127.0	22.344	1.2694
4128.0	22.291999999999998	1.2671
4129.0	22.26	1.2659
4130.0	22.168000000000003	1.2612
4131.0	22.096	1.2578
4132.0	21.963	1.2508
4133.0	21.872	1.2462
4134.0	21.861	1.2462
4135.0	21.930999999999997	1.2508
4136.0	21.982	1.2543
4137.0	22.031999999999996	1.2578
4138.0	22.021	1.2578
4139.0	21.889	1.2508
4140.0	21.798000000000002	1.2462
4141.0	21.728	1.2428
4142.0	21.697	1.2417
4143.0	21.706999999999997	1.2428
4144.0	21.756	1.2462
4145.0	21.805999999999997	1.2497
4146.0	21.855	1.2531
4147.0	21.845	1.2531
4148.0	21.855	1.2543
4149.0	21.904	1.2578
4150.0	21.914	1.2589
4151.0	21.944000000000003	1.2612
4152.0	21.954	1.2624
4153.0	22.004	1.2659
4154.0	21.912	1.2612
4155.0	21.861	1.2589
4156.0	21.851	1.2589
4157.0	21.84	1.2589
4158.0	21.81	1.2578
4159.0	21.679000000000002	1.2508
4160.0	21.649	1.2497
4161.0	21.579	1.2462
4162.0	21.568	1.2462
4163.0	21.558000000000003	1.2462
4164.0	21.607	1.2497
4165.0	21.596999999999998	1.2497
4166.0	21.646	1.2531
4167.0	21.636	1.2531
4168.0	21.586	1.2508
4169.0	21.695	1.2578
4170.0	21.764	1.2624
4171.0	21.875	1.2694
4172.0	22.006	1.2776
4173.0	22.076	1.2823
4174.0	22.127	1.2859
4175.0	22.116	1.2859
4176.0	22.105999999999998	1.2859
4177.0	22.054000000000002	1.2835
4178.0	22.023000000000003	1.2823
4179.0	21.932	1.2776
4180.0	22.002	1.2823
4181.0	21.991999999999997	1.2823
4182.0	22.041999999999998	1.2859
4183.0	22.113000000000003	1.2906
4184.0	22.101999999999997	1.2906
4185.0	22.092	1.2906
4186.0	22.081	1.2906
4187.0	21.99	1.2859
4188.0	21.918000000000003	1.2823
4189.0	21.826999999999998	1.2776
4190.0	21.756999999999998	1.2741
4191.0	21.805999999999997	1.2776
4192.0	21.877	1.2823
4193.0	22.068	1.2942
4194.0	22.201	1.3026
4195.0	22.272	1.3074
4196.0	22.261	1.3074
4197.0	22.250999999999998	1.3074
4198.0	22.179000000000002	1.3038
4199.0	22.168000000000003	1.3038
4200.0	22.219	1.3074
4201.0	22.208000000000002	1.3074
4202.0	22.116	1.3026
4203.0	22.105999999999998	1.3026
4204.0	21.973000000000003	1.2954
4205.0	21.943	1.2942
4206.0	21.932	1.2942
4207.0	21.861	1.2906
4208.0	21.910999999999998	1.2942
4209.0	21.901	1.2942
4210.0	21.971	1.299
4211.0	22.041999999999998	1.3038
4212.0	22.154	1.311
4213.0	22.225	1.3158
4214.0	22.276	1.3195
4215.0	22.265	1.3195
4216.0	22.255	1.3195
4217.0	22.101	1.311
4218.0	22.03	1.3074
4219.0	21.958000000000002	1.3038
4220.0	21.928	1.3026
4221.0	22.059	1.311
4222.0	22.191	1.3195
4223.0	22.180999999999997	1.3195
4224.0	22.17	1.3195
4225.0	22.16	1.3195
4226.0	22.149	1.3195
4227.0	22.159000000000002	1.3207
4228.0	22.272	1.328
4229.0	22.261	1.328
4230.0	22.25	1.328
4231.0	22.179000000000002	1.3243
4232.0	22.107	1.3207
4233.0	22.076	1.3195
4234.0	22.005	1.3158
4235.0	21.914	1.311
4236.0	21.843000000000004	1.3074
4237.0	21.833000000000002	1.3074
4238.0	21.883000000000003	1.311
4239.0	21.953000000000003	1.3158
4240.0	22.085	1.3243
4241.0	22.135	1.328
4242.0	22.186	1.3317
4243.0	22.176	1.3317
4244.0	22.165	1.3317
4245.0	22.094	1.328
4246.0	22.083000000000002	1.328
4247.0	22.011999999999997	1.3243
4248.0	21.941	1.3207
4249.0	21.93	1.3207
4250.0	21.9	1.3195
4251.0	21.89	1.3195
4252.0	21.879	1.3195
4253.0	21.809	1.3158
4254.0	21.799	1.3158
4255.0	21.788	1.3158
4256.0	21.838	1.3195
4257.0	21.828000000000003	1.3195
4258.0	21.838	1.3207
4259.0	21.888	1.3243
4260.0	21.796999999999997	1.3195
4261.0	21.787	1.3195
4262.0	21.776999999999997	1.3195
4263.0	21.767	1.3195
4264.0	21.837	1.3243
4265.0	21.886999999999997	1.328
4266.0	21.956999999999997	1.3329
4267.0	22.008000000000003	1.3366
4268.0	22.058000000000003	1.3403
4269.0	21.987	1.3366
4270.0	21.896	1.3317
4271.0	21.825	1.328
4272.0	21.755	1.3243
4273.0	21.665	1.3195
4274.0	21.655	1.3195
4275.0	21.585	1.3158
4276.0	21.575	1.3158
4277.0	21.505	1.3122
4278.0	21.475	1.311
4279.0	21.485	1.3122
4280.0	21.534000000000002	1.3158
4281.0	21.524	1.3158
4282.0	21.574	1.3195
4283.0	21.564	1.3195
4284.0	21.633000000000003	1.3243
4285.0	21.703000000000003	1.3292
4286.0	21.733	1.3317
4287.0	21.723000000000003	1.3317
4288.0	21.653000000000002	1.328
4289.0	21.583000000000002	1.3243
4290.0	21.494	1.3195
4291.0	21.424	1.3158
4292.0	21.355	1.3122
4293.0	21.325	1.311
4294.0	21.256999999999998	1.3074
4295.0	21.247	1.3074
4296.0	21.237	1.3074
4297.0	21.285999999999998	1.311
4298.0	21.355	1.3158
4299.0	21.266	1.311
4300.0	21.256	1.311
4301.0	21.188000000000002	1.3074
4302.0	21.119	1.3038
4303.0	21.09	1.3026
4304.0	21.08	1.3026
4305.0	21.070999999999998	1.3026
4306.0	21.061	1.3026
4307.0	21.051	1.3026
4308.0	21.119	1.3074
4309.0	21.166999999999998	1.311
4310.0	21.158	1.311
4311.0	21.226	1.3158
4312.0	21.275	1.3195
4313.0	21.265	1.3195
4314.0	21.255	1.3195
4315.0	21.245	1.3195
4316.0	21.314	1.3243
4317.0	21.363000000000003	1.328
4318.0	21.412	1.3317
4319.0	21.500999999999998	1.3378
4320.0	21.61	1.3452
4321.0	21.62	1.3465
4322.0	21.65	1.349
4323.0	21.72	1.3539
4324.0	21.729	1.3552
4325.0	21.759	1.3577
4326.0	21.749000000000002	1.3577
4327.0	21.699	1.3552
4328.0	21.689	1.3552
4329.0	21.679000000000002	1.3552
4330.0	21.649	1.3539
4331.0	21.639	1.3539
4332.0	21.629	1.3539
4333.0	21.56	1.3502
4334.0	21.53	1.349
4335.0	21.461	1.3452
4336.0	21.313000000000002	1.3366
4337.0	21.166	1.328
4338.0	21.021	1.3195
4339.0	20.895	1.3122
4340.0	20.866	1.311
4341.0	20.875999999999998	1.3122
4342.0	20.924	1.3158
4343.0	20.971999999999998	1.3195
4344.0	20.962	1.3195
4345.0	21.03	1.3243
4346.0	21.02	1.3243
4347.0	21.069000000000003	1.328
4348.0	21.116999999999997	1.3317
4349.0	21.186	1.3366
4350.0	21.254	1.3415
4351.0	21.323	1.3465
4352.0	21.430999999999997	1.3539
4353.0	21.441	1.3552
4354.0	21.471	1.3577
4355.0	21.461	1.3577
4356.0	21.451	1.3577
4357.0	21.461	1.3589
4358.0	21.51	1.3627
4359.0	21.5	1.3627
4360.0	21.55	1.3665
4361.0	21.54	1.3665
4362.0	21.55	1.3677
4363.0	21.54	1.3677
4364.0	21.511	1.3665
4365.0	21.461	1.3639
4366.0	21.491	1.3665
4367.0	21.480999999999998	1.3665
4368.0	21.491	1.3677
4369.0	21.541	1.3715
4370.0	21.531	1.3715
4371.0	21.461	1.3677
4372.0	21.451999999999998	1.3677
4373.0	21.441999999999997	1.3677
4374.0	21.491	1.3715
4375.0	21.482	1.3715
4376.0	21.531	1.3753
4377.0	21.601	1.3804
4378.0	21.651	1.3842
4379.0	21.660999999999998	1.3855
4380.0	21.711	1.3893
4381.0	21.641	1.3855
4382.0	21.611	1.3842
4383.0	21.601	1.3842
4384.0	21.590999999999998	1.3842
4385.0	21.601	1.3855
4386.0	21.592	1.3855
4387.0	21.581999999999997	1.3855
4388.0	21.552	1.3842
4389.0	21.541999999999998	1.3842
4390.0	21.531999999999996	1.3842
4391.0	21.601999999999997	1.3893
4392.0	21.651999999999997	1.3932
4393.0	21.642	1.3932
4394.0	21.712	1.3983
4395.0	21.701999999999998	1.3983
4396.0	21.752	1.4022
4397.0	21.741999999999997	1.4022
4398.0	21.733	1.4022
4399.0	21.723000000000003	1.4022
4400.0	21.773000000000003	1.406
4401.0	21.723000000000003	1.4035
4402.0	21.693	1.4022
4403.0	21.623	1.3983
4404.0	21.534000000000002	1.3932
4405.0	21.465	1.3893
4406.0	21.396	1.3855
4407.0	21.366999999999997	1.3842
4408.0	21.298000000000002	1.3804
4409.0	21.346999999999998	1.3842
4410.0	21.416	1.3893
4411.0	21.486	1.3944
4412.0	21.535	1.3983
4413.0	21.525	1.3983
4414.0	21.575	1.4022
4415.0	21.566	1.4022
4416.0	21.555999999999997	1.4022
4417.0	21.546	1.4022
4418.0	21.535999999999998	1.4022
4419.0	21.526999999999997	1.4022
4420.0	21.517	1.4022
4421.0	21.506999999999998	1.4022
4422.0	21.517	1.4035
4423.0	21.546999999999997	1.406
4424.0	21.576999999999998	1.4086
4425.0	21.566999999999997	1.4086
4426.0	21.557	1.4086
4427.0	21.508000000000003	1.406
4428.0	21.439	1.4022
4429.0	21.429000000000002	1.4022
4430.0	21.479	1.406
4431.0	21.509	1.4086
4432.0	21.499000000000002	1.4086
4433.0	21.489	1.4086
4434.0	21.48	1.4086
4435.0	21.43	1.406
4436.0	21.421	1.406
4437.0	21.410999999999998	1.406
4438.0	21.441	1.4086
4439.0	21.471	1.4112
4440.0	21.421999999999997	1.4086
4441.0	21.412	1.4086
4442.0	21.441999999999997	1.4112
4443.0	21.491999999999997	1.4151
4444.0	21.462	1.4138
4445.0	21.413	1.4112
4446.0	21.364	1.4086
4447.0	21.315	1.406
4448.0	21.305	1.406
4449.0	21.414	1.4138
4450.0	21.463	1.4177
4451.0	21.533	1.423
4452.0	21.583000000000002	1.4269
4453.0	21.613000000000003	1.4295
4454.0	21.603	1.4295
4455.0	21.594	1.4295
4456.0	21.584	1.4295
4457.0	21.574	1.4295
4458.0	21.564	1.4295
4459.0	21.515	1.4269
4460.0	21.445999999999998	1.423
4461.0	21.397	1.4204
4462.0	21.388	1.4204
4463.0	21.416999999999998	1.423
4464.0	21.428	1.4243
4465.0	21.456999999999997	1.4269
4466.0	21.448	1.4269
4467.0	21.379	1.423
4468.0	21.33	1.4204
4469.0	21.281	1.4177
4470.0	21.213	1.4138
4471.0	21.125999999999998	1.4086
4472.0	21.116	1.4086
4473.0	21.107	1.4086
4474.0	21.136	1.4112
4475.0	21.185	1.4151
4476.0	21.254	1.4204
4477.0	21.284000000000002	1.423
4478.0	21.294	1.4243
4479.0	21.265	1.423
4480.0	21.215999999999998	1.4204
4481.0	21.206999999999997	1.4204
4482.0	21.197	1.4204
4483.0	21.226999999999997	1.423
4484.0	21.276	1.4269
4485.0	21.266	1.4269
4486.0	21.256999999999998	1.4269
4487.0	21.248	1.4269
4488.0	21.238000000000003	1.4269
4489.0	21.229	1.4269
4490.0	21.160999999999998	1.423
4491.0	21.073	1.4177
4492.0	21.006	1.4138
4493.0	20.958000000000002	1.4112
4494.0	20.987	1.4138
4495.0	20.997	1.4151
4496.0	21.065	1.4204
4497.0	21.095	1.423
4498.0	21.105	1.4243
4499.0	21.095	1.4243
4500.0	21.066999999999997	1.423
4501.0	21.019000000000002	1.4204
4502.0	20.97	1.4177
4503.0	20.865	1.4112
4504.0	20.779	1.406
4505.0	20.808000000000003	1.4086
4506.0	20.837	1.4112
4507.0	20.866	1.4138
4508.0	20.875999999999998	1.4151
4509.0	20.848000000000003	1.4138
4510.0	20.8	1.4112
4511.0	20.791	1.4112
4512.0	20.82	1.4138
4513.0	20.868000000000002	1.4177
4514.0	20.936	1.423
4515.0	20.985	1.4269
4516.0	21.111	1.4361
4517.0	21.199	1.4428
4518.0	21.19	1.4428
4519.0	21.22	1.4454
4520.0	21.249000000000002	1.4481
4521.0	21.299	1.4521
4522.0	21.328000000000003	1.4548
4523.0	21.319000000000003	1.4548
4524.0	21.349	1.4575
4525.0	21.339000000000002	1.4575
4526.0	21.33	1.4575
4527.0	21.320999999999998	1.4575
4528.0	21.331	1.4588
4529.0	21.361	1.4615
4530.0	21.43	1.4669
4531.0	21.381	1.4642
4532.0	21.331999999999997	1.4615
4533.0	21.323	1.4615
4534.0	21.314	1.4615
4535.0	21.245	1.4575
4536.0	21.119	1.4494
4537.0	21.052	1.4454
4538.0	21.004	1.4428
4539.0	20.994	1.4428
4540.0	21.061999999999998	1.4481
4541.0	21.111	1.4521
4542.0	21.18	1.4575
4543.0	21.229	1.4615
4544.0	21.22	1.4615
4545.0	21.25	1.4642
4546.0	21.279	1.4669
4547.0	21.329	1.471
4548.0	21.32	1.471
4549.0	21.212	1.4642
4550.0	21.164	1.4615
4551.0	21.116	1.4588
4552.0	21.107	1.4588
4553.0	21.136	1.4615
4554.0	21.127	1.4615
4555.0	21.079	1.4588
4556.0	21.05	1.4575
4557.0	21.002	1.4548
4558.0	20.993000000000002	1.4548
4559.0	20.984	1.4548
4560.0	21.013	1.4575
4561.0	21.004	1.4575
4562.0	20.995	1.4575
4563.0	20.986	1.4575
4564.0	20.976	1.4575
4565.0	20.987	1.4588
4566.0	21.055	1.4642
4567.0	21.104	1.4682
4568.0	21.075	1.4669
4569.0	21.026999999999997	1.4642
4570.0	21.018	1.4642
4571.0	21.009	1.4642
4572.0	20.999000000000002	1.4642
4573.0	20.951999999999998	1.4615
4574.0	20.904	1.4588
4575.0	20.837	1.4548
4576.0	20.79	1.4521
4577.0	20.819000000000003	1.4548
4578.0	20.81	1.4548
4579.0	20.801	1.4548
4580.0	20.83	1.4575
4581.0	20.820999999999998	1.4575
4582.0	20.869	1.4615
4583.0	20.822	1.4588
4584.0	20.794	1.4575
4585.0	20.785	1.4575
4586.0	20.776	1.4575
4587.0	20.785999999999998	1.4588
4588.0	20.815	1.4615
4589.0	20.844	1.4642
4590.0	20.835	1.4642
4591.0	20.788	1.4615
4592.0	20.779	1.4615
4593.0	20.77	1.4615
4594.0	20.761	1.4615
4595.0	20.713	1.4588
4596.0	20.743000000000002	1.4615
4597.0	20.81	1.4669
4598.0	20.82	1.4682
4599.0	20.849	1.471
4600.0	20.84	1.471
4601.0	20.831	1.471
4602.0	20.822	1.471
4603.0	20.813000000000002	1.471
4604.0	20.766	1.4682
4605.0	20.833000000000002	1.4737
4606.0	20.881999999999998	1.4777
4607.0	20.873	1.4777
4608.0	20.864	1.4777
4609.0	20.796999999999997	1.4737
4610.0	20.75	1.471
4611.0	20.741	1.471
4612.0	20.77	1.4737
4613.0	20.819000000000003	1.4777
4614.0	20.848000000000003	1.4805
4615.0	20.877	1.4832
4616.0	20.868000000000002	1.4832
4617.0	20.859	1.4832
4618.0	20.774	1.4777
4619.0	20.706999999999997	1.4737
4620.0	20.622	1.4682
4621.0	20.594	1.4669
4622.0	20.604	1.4682
4623.0	20.671	1.4737
4624.0	20.72	1.4777
4625.0	20.749000000000002	1.4805
4626.0	20.778000000000002	1.4832
4627.0	20.730999999999998	1.4805
4628.0	20.684	1.4777
4629.0	20.713	1.4805
4630.0	20.8	1.4873
4631.0	20.791	1.4873
4632.0	20.781999999999996	1.4873
4633.0	20.773000000000003	1.4873
4634.0	20.764	1.4873
4635.0	20.698	1.4832
4636.0	20.651	1.4805
4637.0	20.642	1.4805
4638.0	20.671	1.4832
4639.0	20.719	1.4873
4640.0	20.787	1.4928
4641.0	20.796999999999997	1.4942
4642.0	20.826	1.4969
4643.0	20.816999999999997	1.4969
4644.0	20.808000000000003	1.4969
4645.0	20.799	1.4969
4646.0	20.829	1.4997
4647.0	20.82	1.4997
4648.0	20.849	1.5024
4649.0	20.936	1.5094
4650.0	20.927	1.5094
4651.0	20.88	1.5066
4652.0	20.813000000000002	1.5024
4653.0	20.766	1.4997
4654.0	20.756999999999998	1.4997
4655.0	20.71	1.4969
4656.0	20.701	1.4969
4657.0	20.691999999999997	1.4969
4658.0	20.721999999999998	1.4997
4659.0	20.750999999999998	1.5024
4660.0	20.799	1.5066
4661.0	20.829	1.5094
4662.0	20.877	1.5136
4663.0	20.906999999999996	1.5163
4664.0	20.898000000000003	1.5163
4665.0	20.85	1.5136
4666.0	20.842	1.5136
4667.0	20.871	1.5163
4668.0	20.862	1.5163
4669.0	20.892	1.5191
4670.0	20.883000000000003	1.5191
4671.0	20.874000000000002	1.5191
4672.0	20.826	1.5163
4673.0	20.779	1.5136
4674.0	20.77	1.5136
4675.0	20.704	1.5094
4676.0	20.695	1.5094
4677.0	20.744	1.5136
4678.0	20.811	1.5191
4679.0	20.726	1.5136
4680.0	20.66	1.5094
4681.0	20.746	1.5163
4682.0	20.833000000000002	1.5234
4683.0	20.863000000000003	1.5262
4684.0	20.816	1.5234
4685.0	20.749000000000002	1.5191
4686.0	20.664	1.5136
4687.0	20.56	1.5066
4688.0	20.495	1.5024
4689.0	20.410999999999998	1.4969
4690.0	20.402	1.4969
4691.0	20.525	1.5066
4692.0	20.554000000000002	1.5094
4693.0	20.546	1.5094
4694.0	20.537	1.5094
4695.0	20.528000000000002	1.5094
4696.0	20.576	1.5136
4697.0	20.566999999999997	1.5136
4698.0	20.559	1.5136
4699.0	20.55	1.5136
4700.0	20.541	1.5136
4702.0	20.561	1.5163
4704.0	20.581999999999997	1.5191
4706.0	20.564	1.5191
4708.0	20.604	1.5234
4710.0	20.586	1.5234
4712.0	20.569000000000003	1.5234
4714.0	20.551	1.5234
4716.0	20.534000000000002	1.5234
4718.0	20.554000000000002	1.5262
4720.0	20.575	1.529
4722.0	20.614	1.5332
4724.0	20.54	1.529
4726.0	20.523000000000003	1.529
4728.0	20.561999999999998	1.5332
4730.0	20.545	1.5332
4732.0	20.526999999999997	1.5332
4734.0	20.548000000000002	1.536
4736.0	20.53	1.536
4738.0	20.551	1.5389
4740.0	20.534000000000002	1.5389
4742.0	20.479	1.536
4744.0	20.461	1.536
4746.0	20.406	1.5332
4748.0	20.389	1.5332
4750.0	20.372	1.5332
4752.0	20.355	1.5332
4754.0	20.338	1.5332
4756.0	20.358	1.536
4758.0	20.379	1.5389
4760.0	20.38	1.5403
4762.0	20.438	1.546
4764.0	20.421	1.546
4766.0	20.404	1.546
4768.0	20.387	1.546
4770.0	20.37	1.546
4772.0	20.315	1.5431
4774.0	20.242	1.5389
4776.0	20.188	1.536
4778.0	20.134	1.5332
4780.0	20.117	1.5332
4782.0	20.1	1.5332
4784.0	20.083	1.5332
4786.0	20.104	1.536
4788.0	20.124000000000002	1.5389
4790.0	20.163	1.5431
4792.0	20.183	1.546
4794.0	20.222	1.5502
4796.0	20.28	1.556
4798.0	20.319000000000003	1.5603
4800.0	20.302	1.5603
4802.0	20.322	1.5631
4804.0	20.305999999999997	1.5631
4806.0	20.326	1.566
4808.0	20.309	1.566
4810.0	20.348	1.5704
4812.0	20.331	1.5704
4814.0	20.315	1.5704
4816.0	20.335	1.5733
4818.0	20.317999999999998	1.5733
4820.0	20.301	1.5733
4822.0	20.284000000000002	1.5733
4824.0	20.268	1.5733
4826.0	20.250999999999998	1.5733
4828.0	20.234	1.5733
4830.0	20.255	1.5762
4832.0	20.257	1.5776
4834.0	20.277	1.5805
4836.0	20.298	1.5834
4838.0	20.317999999999998	1.5864
4840.0	20.358	1.5907
4842.0	20.378	1.5937
4844.0	20.399	1.5966
4846.0	20.439	1.601
4848.0	20.46	1.604
4850.0	20.499000000000002	1.6084
4852.0	20.482	1.6084
4854.0	20.465	1.6084
4856.0	20.449	1.6084
4858.0	20.375	1.604
4860.0	20.320999999999998	1.601
4862.0	20.304000000000002	1.601
4864.0	20.288	1.601
4866.0	20.271	1.601
4868.0	20.254	1.601
4870.0	20.238	1.601
4872.0	20.258	1.604
4874.0	20.298	1.6084
4876.0	20.355999999999998	1.6144
4878.0	20.396	1.6188
4880.0	20.454	1.6248
4882.0	20.531999999999996	1.6323
4884.0	20.553	1.6353
4886.0	20.535999999999998	1.6353
4888.0	20.538	1.6368
4890.0	20.521	1.6368
4892.0	20.504	1.6368
4894.0	20.488000000000003	1.6368
4896.0	20.471	1.6368
4898.0	20.435	1.6353
4900.0	20.381	1.6323
4902.0	20.327	1.6293
4904.0	20.254	1.6248
4906.0	20.201	1.6218
4908.0	20.147000000000002	1.6188
4910.0	20.038	1.6114
4912.0	19.985	1.6084
4914.0	19.969	1.6084
4916.0	19.897000000000002	1.604
4918.0	19.845	1.601
4920.0	19.792	1.5981
4922.0	19.758	1.5966
4924.0	19.742	1.5966
4926.0	19.726	1.5966
4928.0	19.727999999999998	1.5981
4930.0	19.748	1.601
4932.0	19.769000000000002	1.604
4934.0	19.753	1.604
4936.0	19.791	1.6084
4938.0	19.775	1.6084
4940.0	19.759	1.6084
4942.0	19.743	1.6084
4944.0	19.673	1.604
4946.0	19.621	1.601
4948.0	19.551	1.5966
4950.0	19.499000000000002	1.5937
4952.0	19.483	1.5937
4954.0	19.432000000000002	1.5907
4956.0	19.362000000000002	1.5864
4958.0	19.347	1.5864
4960.0	19.296	1.5834
4962.0	19.28	1.5834
4964.0	19.3	1.5864
4966.0	19.302	1.5878
4968.0	19.322	1.5907
4970.0	19.307000000000002	1.5907
4972.0	19.291	1.5907
4974.0	19.311	1.5937
4976.0	19.296	1.5937
4978.0	19.28	1.5937
4980.0	19.3	1.5966
4982.0	19.338	1.601
4984.0	19.358	1.604
4986.0	19.396	1.6084
4988.0	19.416	1.6114
4990.0	19.437	1.6144
4992.0	19.421	1.6144
4994.0	19.405	1.6144
4996.0	19.354	1.6114
4998.0	19.339000000000002	1.6114
5000.0	19.359	1.6144
5002.0	19.343	1.6144
5004.0	19.328	1.6144
5006.0	19.366	1.6188
5008.0	19.386	1.6218
5010.0	19.406	1.6248
5012.0	19.391	1.6248
5014.0	19.375	1.6248
5016.0	19.36	1.6248
5018.0	19.362000000000002	1.6263
5020.0	19.347	1.6263
5022.0	19.332	1.6263
5024.0	19.316	1.6263
5026.0	19.283	1.6248
5028.0	19.268	1.6248
5030.0	19.217	1.6218
5032.0	19.166	1.6188
5034.0	19.151	1.6188
5036.0	19.136	1.6188
5038.0	19.121	1.6188
5040.0	19.105999999999998	1.6188
5042.0	19.09	1.6188
5044.0	19.075	1.6188
5046.0	19.095	1.6218
5048.0	19.08	1.6218
5050.0	19.1	1.6248
5052.0	19.102999999999998	1.6263
5054.0	19.123	1.6293
5056.0	19.143	1.6323
5058.0	19.128	1.6323
5060.0	19.113	1.6323
5062.0	19.133	1.6353
5064.0	19.118	1.6353
5066.0	19.12	1.6368
5068.0	19.14	1.6398
5070.0	19.125	1.6398
5072.0	19.11	1.6398
5074.0	19.095	1.6398
5076.0	19.08	1.6398
5078.0	19.065	1.6398
5080.0	19.05	1.6398
5082.0	19.07	1.6429
5084.0	19.055	1.6429
5086.0	19.04	1.6429
5088.0	19.025	1.6429
5090.0	19.01	1.6429
5092.0	18.995	1.6429
5094.0	18.98	1.6429
5096.0	18.965	1.6429
5098.0	18.951	1.6429
5100.0	18.936	1.6429
5102.0	18.956	1.6459
5104.0	18.941	1.6459
5106.0	18.926	1.6459
5108.0	18.910999999999998	1.6459
5110.0	18.896	1.6459
5112.0	18.882	1.6459
5114.0	18.867	1.6459
5116.0	18.852	1.6459
5118.0	18.837	1.6459
5120.0	18.875	1.6504
5122.0	18.895	1.6535
5124.0	18.932000000000002	1.6581
5126.0	18.952	1.6611
5128.0	18.973	1.6642
5130.0	19.01	1.6688
5132.0	18.995	1.6688
5134.0	18.980999999999998	1.6688
5136.0	18.965999999999998	1.6688
5138.0	18.986	1.6719
5140.0	18.971	1.6719
5142.0	18.956	1.6719
5144.0	18.977	1.6749
5146.0	18.962	1.6749
5148.0	18.965	1.6765
5150.0	18.898	1.6719
5152.0	18.9	1.6734
5154.0	18.886	1.6734
5156.0	18.887999999999998	1.6749
5158.0	18.891	1.6765
5160.0	18.875999999999998	1.6765
5162.0	18.879	1.678
5164.0	18.865	1.678
5166.0	18.867	1.6796
5168.0	18.852999999999998	1.6796
5170.0	18.855999999999998	1.6811
5172.0	18.840999999999998	1.6811
5174.0	18.844	1.6827
5176.0	18.829	1.6827
5178.0	18.832	1.6842
5180.0	18.817	1.6842
5182.0	18.82	1.6858
5184.0	18.805999999999997	1.6858
5186.0	18.791	1.6858
5188.0	18.794	1.6873
5190.0	18.78	1.6873
5192.0	18.782	1.6889
5194.0	18.768	1.6889
5196.0	18.771	1.6904
5198.0	18.756	1.6904
5200.0	18.742	1.6904
5202.0	18.745	1.692
5204.0	18.73	1.692
5206.0	18.768	1.6967
5208.0	18.753	1.6967
5210.0	18.739	1.6967
5212.0	18.742	1.6982
5214.0	18.727	1.6982
5216.0	18.660999999999998	1.6936
5218.0	18.647000000000002	1.6936
5220.0	18.633	1.6936
5222.0	18.619	1.6936
5224.0	18.604	1.6936
5226.0	18.59	1.6936
5228.0	18.576	1.6936
5230.0	18.562	1.6936
5232.0	18.547	1.6936
5234.0	18.533	1.6936
5236.0	18.519000000000002	1.6936
5238.0	18.505	1.6936
5240.0	18.491	1.6936
5242.0	18.442999999999998	1.6904
5244.0	18.429000000000002	1.6904
5246.0	18.449	1.6936
5248.0	18.486	1.6982
5250.0	18.471	1.6982
5252.0	18.491	1.7014
5254.0	18.477	1.7014
5256.0	18.497	1.7045
5258.0	18.534000000000002	1.7092
5260.0	18.52	1.7092
5262.0	18.54	1.7124
5264.0	18.526	1.7124
5266.0	18.546	1.7155
5268.0	18.532	1.7155
5270.0	18.484	1.7124
5272.0	18.436	1.7092
5274.0	18.422	1.7092
5276.0	18.357	1.7045
5278.0	18.31	1.7014
5280.0	18.262	1.6982
5282.0	18.248	1.6982
5284.0	18.184	1.6936
5286.0	18.17	1.6936
5288.0	18.123	1.6904
5290.0	18.11	1.6904
5292.0	18.096	1.6904
5294.0	18.049	1.6873
5296.0	18.035	1.6873
5298.0	18.022000000000002	1.6873
5300.0	18.008	1.6873
5302.0	18.028	1.6904
5304.0	18.014	1.6904
5306.0	18.034000000000002	1.6936
5308.0	18.02	1.6936
5310.0	18.055999999999997	1.6982
5312.0	18.043	1.6982
5314.0	18.029	1.6982
5316.0	18.049	1.7014
5318.0	18.035	1.7014
5320.0	18.022000000000002	1.7014
5322.0	18.041	1.7045
5324.0	18.078	1.7092
5326.0	18.064	1.7092
5328.0	18.051	1.7092
5330.0	18.037	1.7092
5332.0	18.057000000000002	1.7124
5334.0	18.043	1.7124
5336.0	18.03	1.7124
5338.0	18.049	1.7155
5340.0	18.086	1.7203
5342.0	18.072	1.7203
5344.0	18.059	1.7203
5346.0	18.079	1.7235
5348.0	18.065	1.7235
5350.0	18.052	1.7235
5352.0	18.038	1.7235
5354.0	17.991	1.7203
5356.0	17.928	1.7155
5358.0	17.882	1.7124
5360.0	17.869	1.7124
5362.0	17.855	1.7124
5364.0	17.842	1.7124
5366.0	17.862000000000002	1.7155
5368.0	17.898	1.7203
5370.0	17.884	1.7203
5372.0	17.904	1.7235
5374.0	17.891	1.7235
5376.0	17.877	1.7235
5378.0	17.864	1.7235
5380.0	17.817999999999998	1.7203
5382.0	17.805	1.7203
5384.0	17.824	1.7235
5386.0	17.811	1.7235
5388.0	17.798	1.7235
5390.0	17.817	1.7266
5392.0	17.804000000000002	1.7266
5394.0	17.84	1.7314
5396.0	17.827	1.7314
5398.0	17.847	1.7346
5400.0	17.866	1.7378
5402.0	17.869	1.7394
5404.0	17.889	1.7426
5406.0	17.909000000000002	1.7458
5408.0	17.863	1.7426
5410.0	17.849	1.7426
5412.0	17.836	1.7426
5414.0	17.79	1.7394
5416.0	17.761	1.7378
5418.0	17.748	1.7378
5420.0	17.735	1.7378
5422.0	17.738	1.7394
5424.0	17.725	1.7394
5426.0	17.744	1.7426
5428.0	17.730999999999998	1.7426
5430.0	17.718	1.7426
5432.0	17.705	1.7426
5434.0	17.692	1.7426
5436.0	17.679000000000002	1.7426
5438.0	17.699	1.7458
5440.0	17.686	1.7458
5442.0	17.673	1.7458
5444.0	17.709	1.7507
5446.0	17.695999999999998	1.7507
5448.0	17.683	1.7507
5450.0	17.67	1.7507
5452.0	17.657	1.7507
5454.0	17.644000000000002	1.7507
5456.0	17.631	1.7507
5458.0	17.569000000000003	1.7458
5460.0	17.555999999999997	1.7458
5462.0	17.543	1.7458
5464.0	17.498	1.7426
5466.0	17.486	1.7426
5468.0	17.441	1.7394
5470.0	17.412	1.7378
5472.0	17.399	1.7378
5474.0	17.386	1.7378
5476.0	17.374000000000002	1.7378
5478.0	17.361	1.7378
5480.0	17.316	1.7346
5482.0	17.304000000000002	1.7346
5484.0	17.291	1.7346
5486.0	17.279	1.7346
5488.0	17.298	1.7378
5490.0	17.285	1.7378
5492.0	17.32	1.7426
5494.0	17.308	1.7426
5496.0	17.327	1.7458
5498.0	17.362000000000002	1.7507
5500.0	17.35	1.7507
5502.0	17.337	1.7507
5504.0	17.325	1.7507
5506.0	17.312	1.7507
5508.0	17.252	1.7458
5510.0	17.239	1.7458
5512.0	17.227	1.7458
5514.0	17.214000000000002	1.7458
5516.0	17.202	1.7458
5518.0	17.237000000000002	1.7507
5520.0	17.224	1.7507
5522.0	17.212	1.7507
5524.0	17.230999999999998	1.7539
5526.0	17.219	1.7539
5528.0	17.206	1.7539
5530.0	17.225	1.7571
5532.0	17.213	1.7571
5534.0	17.201	1.7571
5536.0	17.236	1.762
5538.0	17.223	1.762
5540.0	17.211	1.762
5542.0	17.198	1.762
5544.0	17.186	1.762
5546.0	17.174	1.762
5548.0	17.114	1.7571
5550.0	17.101	1.7571
5552.0	17.058	1.7539
5554.0	17.045	1.7539
5556.0	17.033	1.7539
5558.0	17.021	1.7539
5560.0	17.009	1.7539
5562.0	17.028	1.7571
5564.0	17.016	1.7571
5566.0	17.05	1.762
5568.0	17.069000000000003	1.7652
5570.0	17.057000000000002	1.7652
5572.0	17.077	1.7685
5574.0	17.064	1.7685
5576.0	17.067999999999998	1.7701
5578.0	17.055999999999997	1.7701
5580.0	17.043	1.7701
5582.0	17.031	1.7701
5584.0	17.05	1.7734
5586.0	17.038	1.7734
5588.0	17.026	1.7734
5590.0	16.982	1.7701
5592.0	16.97	1.7701
5594.0	16.942	1.7685
5596.0	16.93	1.7685
5598.0	16.887	1.7652
5600.0	16.875	1.7652
5602.0	16.863	1.7652
5604.0	16.851	1.7652
5606.0	16.87	1.7685
5608.0	16.858	1.7685
5610.0	16.846	1.7685
5612.0	16.849	1.7701
5614.0	16.822	1.7685
5616.0	16.81	1.7685
5618.0	16.798	1.7685
5620.0	16.785999999999998	1.7685
5622.0	16.774	1.7685
5624.0	16.762	1.7685
5626.0	16.75	1.7685
5628.0	16.738	1.7685
5630.0	16.742	1.7701
5632.0	16.73	1.7701
5634.0	16.703	1.7685
5636.0	16.691	1.7685
5638.0	16.679000000000002	1.7685
5640.0	16.667	1.7685
5642.0	16.655	1.7685
5644.0	16.644000000000002	1.7685
5646.0	16.632	1.7685
5648.0	16.635	1.7701
5650.0	16.654	1.7734
5652.0	16.642	1.7734
5654.0	16.631	1.7734
5656.0	16.619	1.7734
5658.0	16.637999999999998	1.7766
5660.0	16.625999999999998	1.7766
5662.0	16.614	1.7766
5664.0	16.602999999999998	1.7766
5666.0	16.56	1.7734
5668.0	16.549	1.7734
5670.0	16.537	1.7734
5672.0	16.495	1.7701
5674.0	16.483	1.7701
5676.0	16.502	1.7734
5678.0	16.49	1.7734
5680.0	16.509	1.7766
5682.0	16.528	1.7799
5684.0	16.516	1.7799
5686.0	16.55	1.7848
5688.0	16.539	1.7848
5690.0	16.557000000000002	1.7881
5692.0	16.546	1.7881
5694.0	16.565	1.7914
5696.0	16.553	1.7914
5698.0	16.541	1.7914
5700.0	16.53	1.7914
5702.0	16.518	1.7914
5704.0	16.507	1.7914
5706.0	16.465	1.7881
5708.0	16.453	1.7881
5710.0	16.410999999999998	1.7848
5712.0	16.4	1.7848
5714.0	16.358	1.7816
5716.0	16.347	1.7816
5718.0	16.335	1.7816
5720.0	16.354	1.7848
5722.0	16.343	1.7848
5724.0	16.331	1.7848
5726.0	16.35	1.7881
5728.0	16.338	1.7881
5730.0	16.327	1.7881
5732.0	16.316	1.7881
5734.0	16.334	1.7914
5736.0	16.323	1.7914
5738.0	16.312	1.7914
5740.0	16.3	1.7914
5742.0	16.289	1.7914
5744.0	16.278	1.7914
5746.0	16.266	1.7914
5748.0	16.255	1.7914
5750.0	16.244	1.7914
5752.0	16.247	1.7931
5754.0	16.236	1.7931
5756.0	16.255	1.7964
5758.0	16.214000000000002	1.7931
5760.0	16.187	1.7914
5762.0	16.176	1.7914
5764.0	16.165	1.7914
5766.0	16.154	1.7914
5768.0	16.142	1.7914
5770.0	16.131	1.7914
5772.0	16.165	1.7964
5774.0	16.183	1.7997
5776.0	16.217	1.8047
5778.0	16.206	1.8047
5780.0	16.194000000000003	1.8047
5782.0	16.183	1.8047
5784.0	16.202	1.808
5786.0	16.191	1.808
5788.0	16.179000000000002	1.808
5790.0	16.137999999999998	1.8047
5792.0	16.127	1.8047
5794.0	16.116	1.8047
5796.0	16.061	1.7997
5798.0	16.05	1.7997
5800.0	16.009	1.7964
5802.0	15.998	1.7964
5804.0	15.987	1.7964
5806.0	15.975999999999999	1.7964
5808.0	15.994000000000002	1.7997
5810.0	15.982999999999999	1.7997
5812.0	15.972000000000001	1.7997
5814.0	16.006	1.8047
5816.0	15.995	1.8047
5818.0	15.984000000000002	1.8047
5820.0	15.972999999999999	1.8047
5822.0	15.962	1.8047
5824.0	15.950999999999999	1.8047
5826.0	15.94	1.8047
5828.0	15.929	1.8047
5830.0	15.918	1.8047
5832.0	15.936	1.808
5834.0	15.925	1.808
5836.0	15.944	1.8113
5838.0	15.933	1.8113
5840.0	15.966	1.8164
5842.0	15.955	1.8164
5844.0	15.944	1.8164
5846.0	15.933	1.8164
5848.0	15.922	1.8164
5850.0	15.911	1.8164
5852.0	15.93	1.8197
5854.0	15.919	1.8197
5856.0	15.908	1.8197
5858.0	15.897	1.8197
5860.0	15.915999999999999	1.8231
5862.0	15.876	1.8197
5864.0	15.835999999999999	1.8164
5866.0	15.825	1.8164
5868.0	15.814	1.8164
5870.0	15.802999999999999	1.8164
5872.0	15.792	1.8164
5874.0	15.782	1.8164
5876.0	15.770999999999999	1.8164
5878.0	15.789000000000001	1.8197
5880.0	15.808	1.8231
5882.0	15.797	1.8231
5884.0	15.83	1.8281
5886.0	15.847999999999999	1.8315
5888.0	15.867	1.8348
5890.0	15.9	1.8399
5892.0	15.918	1.8433
5894.0	15.937000000000001	1.8467
5896.0	15.940999999999999	1.8484
5898.0	15.915	1.8467
5900.0	15.904000000000002	1.8467
5902.0	15.894	1.8467
5904.0	15.854000000000001	1.8433
5906.0	15.843	1.8433
5908.0	15.802999999999999	1.8399
5910.0	15.763	1.8365
5912.0	15.738	1.8348
5914.0	15.698	1.8315
5916.0	15.687999999999999	1.8315
5918.0	15.677	1.8315
5920.0	15.667	1.8315
5922.0	15.655999999999999	1.8315
5924.0	15.645	1.8315
5926.0	15.635	1.8315
5928.0	15.624	1.8315
5930.0	15.642999999999999	1.8348
5932.0	15.632	1.8348
5934.0	15.622	1.8348
5936.0	15.626	1.8365
5938.0	15.644	1.8399
5940.0	15.633	1.8399
5942.0	15.623	1.8399
5944.0	15.612	1.8399
5946.0	15.602	1.8399
5948.0	15.591	1.8399
5950.0	15.581	1.8399
5952.0	15.57	1.8399
5954.0	15.56	1.8399
5956.0	15.549000000000001	1.8399
5958.0	15.51	1.8365
5960.0	15.485999999999999	1.8348
5962.0	15.475	1.8348
5964.0	15.436	1.8315
5966.0	15.425999999999998	1.8315
5968.0	15.415999999999999	1.8315
5970.0	15.434000000000001	1.8348
5972.0	15.423	1.8348
5974.0	15.456	1.8399
5976.0	15.474	1.8433
5978.0	15.492	1.8467
5980.0	15.495999999999999	1.8484
5982.0	15.514000000000001	1.8518
5984.0	15.504000000000001	1.8518
5986.0	15.522	1.8552
5988.0	15.512	1.8552
5990.0	15.472999999999999	1.8518
5992.0	15.462	1.8518
5994.0	15.424000000000001	1.8484
5996.0	15.413	1.8484
5998.0	15.431	1.8518
6000.0	15.421	1.8518
6002.0	15.411	1.8518
6004.0	15.401	1.8518
6006.0	15.39	1.8518
6008.0	15.408	1.8552
6010.0	15.398	1.8552
6012.0	15.388	1.8552
6014.0	15.349	1.8518
6016.0	15.339	1.8518
6018.0	15.329	1.8518
6020.0	15.319	1.8518
6022.0	15.309000000000001	1.8518
6024.0	15.27	1.8484
6026.0	15.26	1.8484
6028.0	15.235999999999999	1.8467
6030.0	15.225999999999999	1.8467
6032.0	15.216	1.8467
6034.0	15.206	1.8467
6036.0	15.21	1.8484
6038.0	15.228	1.8518
6040.0	15.218	1.8518
6042.0	15.208	1.8518
6044.0	15.197000000000001	1.8518
6046.0	15.187000000000001	1.8518
6048.0	15.177	1.8518
6050.0	15.167	1.8518
6052.0	15.157	1.8518
6054.0	15.147	1.8518
6056.0	15.165	1.8552
6058.0	15.155	1.8552
6060.0	15.187000000000001	1.8604
6062.0	15.177	1.8604
6064.0	15.167	1.8604
6066.0	15.157	1.8604
6068.0	15.147	1.8604
6070.0	15.137	1.8604
6072.0	15.127	1.8604
6074.0	15.117	1.8604
6076.0	15.107000000000001	1.8604
6078.0	15.097000000000001	1.8604
6080.0	15.087	1.8604
6082.0	15.077	1.8604
6084.0	15.067	1.8604
6086.0	15.058	1.8604
6088.0	15.048	1.8604
6090.0	15.038	1.8604
6092.0	15.027999999999999	1.8604
6094.0	15.017999999999999	1.8604
6096.0	15.008	1.8604
6098.0	14.998	1.8604
6100.0	14.989	1.8604
6102.0	14.979000000000001	1.8604
6104.0	14.969000000000001	1.8604
6106.0	14.959000000000001	1.8604
6108.0	14.949000000000002	1.8604
6110.0	14.94	1.8604
6112.0	14.957	1.8638
6114.0	14.975	1.8672
6116.0	14.965	1.8672
6118.0	14.997	1.8724
6120.0	14.987	1.8724
6122.0	14.977	1.8724
6124.0	14.995	1.8759
6126.0	14.985	1.8759
6128.0	14.975999999999999	1.8759
6130.0	14.966	1.8759
6132.0	14.956	1.8759
6134.0	14.919	1.8724
6136.0	14.909	1.8724
6138.0	14.899000000000001	1.8724
6140.0	14.89	1.8724
6142.0	14.88	1.8724
6144.0	14.87	1.8724
6146.0	14.860999999999999	1.8724
6148.0	14.878	1.8759
6150.0	14.869000000000002	1.8759
6152.0	14.859000000000002	1.8759
6154.0	14.877	1.8793
6156.0	14.867	1.8793
6158.0	14.857000000000001	1.8793
6160.0	14.847999999999999	1.8793
6162.0	14.838	1.8793
6164.0	14.828	1.8793
6166.0	14.819	1.8793
6168.0	14.809000000000001	1.8793
6170.0	14.8	1.8793
6172.0	14.79	1.8793
6174.0	14.794	1.881
6176.0	14.784	1.881
6178.0	14.775	1.881
6180.0	14.765	1.881
6182.0	14.755999999999998	1.881
6184.0	14.732999999999999	1.8793
6186.0	14.722999999999999	1.8793
6188.0	14.714	1.8793
6190.0	14.704	1.8793
6192.0	14.695	1.8793
6194.0	14.685	1.8793
6196.0	14.649000000000001	1.8759
6198.0	14.639000000000001	1.8759
6200.0	14.63	1.8759
6202.0	14.62	1.8759
6204.0	14.610999999999999	1.8759
6206.0	14.600999999999999	1.8759
6208.0	14.592	1.8759
6210.0	14.583	1.8759
6212.0	14.573	1.8759
6214.0	14.564	1.8759
6216.0	14.527999999999999	1.8724
6218.0	14.517999999999999	1.8724
6220.0	14.509	1.8724
6222.0	14.5	1.8724
6224.0	14.49	1.8724
6226.0	14.508	1.8759
6228.0	14.498	1.8759
6230.0	14.515999999999998	1.8793
6232.0	14.52	1.881
6234.0	14.537	1.8845
6236.0	14.527999999999999	1.8845
6238.0	14.519	1.8845
6240.0	14.51	1.8845
6242.0	14.527000000000001	1.888
6244.0	14.517999999999999	1.888
6246.0	14.508	1.888
6248.0	14.499	1.888
6250.0	14.49	1.888
6252.0	14.481	1.888
6254.0	14.470999999999998	1.888
6256.0	14.435	1.8845
6258.0	14.425999999999998	1.8845
6260.0	14.417	1.8845
6262.0	14.380999999999998	1.881
6264.0	14.372	1.881
6266.0	14.35	1.8793
6268.0	14.354000000000001	1.881
6270.0	14.344000000000001	1.881
6272.0	14.335	1.881
6274.0	14.353	1.8845
6276.0	14.344000000000001	1.8845
6278.0	14.360999999999999	1.888
6280.0	14.352	1.888
6282.0	14.369000000000002	1.8915
6284.0	14.36	1.8915
6286.0	14.350999999999999	1.8915
6288.0	14.342	1.8915
6290.0	14.332	1.8915
6292.0	14.323	1.8915
6294.0	14.327	1.8932
6296.0	14.318	1.8932
6298.0	14.335999999999999	1.8967
6300.0	14.325999999999999	1.8967
6302.0	14.317	1.8967
6304.0	14.335	1.9002
6306.0	14.325999999999999	1.9002
6308.0	14.317	1.9002
6310.0	14.280999999999999	1.8967
6312.0	14.272	1.8967
6314.0	14.263	1.8967
6316.0	14.254000000000001	1.8967
6318.0	14.245	1.8967
6320.0	14.235999999999999	1.8967
6322.0	14.227	1.8967
6324.0	14.218	1.8967
6326.0	14.209000000000001	1.8967
6328.0	14.2	1.8967
6330.0	14.190999999999999	1.8967
6332.0	14.208	1.9002
6334.0	14.199000000000002	1.9002
6336.0	14.19	1.9002
6338.0	14.220999999999998	1.9055
6340.0	14.212	1.9055
6342.0	14.203	1.9055
6344.0	14.194	1.9055
6346.0	14.185	1.9055
6348.0	14.175999999999998	1.9055
6350.0	14.167	1.9055
6352.0	14.158	1.9055
6354.0	14.149000000000001	1.9055
6356.0	14.14	1.9055
6358.0	14.130999999999998	1.9055
6360.0	14.122	1.9055
6362.0	14.113	1.9055
6364.0	14.105	1.9055
6366.0	14.095999999999998	1.9055
6368.0	14.087	1.9055
6370.0	14.039000000000001	1.9002
6372.0	14.03	1.9002
6374.0	14.022	1.9002
6376.0	14.013	1.9002
6378.0	14.043	1.9055
6380.0	14.034	1.9055
6382.0	14.025	1.9055
6384.0	14.015999999999998	1.9055
6386.0	14.008	1.9055
6388.0	14.025	1.909
6390.0	13.99	1.9055
6392.0	13.981	1.9055
6394.0	13.972999999999999	1.9055
6396.0	13.964	1.9055
6398.0	13.955	1.9055
6400.0	13.946	1.9055
6402.0	13.937999999999999	1.9055
6404.0	13.929	1.9055
6406.0	13.92	1.9055
6408.0	13.937000000000001	1.909
6410.0	13.927999999999999	1.909
6412.0	13.946	1.9125
6414.0	13.937000000000001	1.9125
6416.0	13.967	1.9178
6418.0	13.958	1.9178
6420.0	13.949000000000002	1.9178
6422.0	13.940999999999999	1.9178
6424.0	13.932	1.9178
6426.0	13.923	1.9178
6428.0	13.915	1.9178
6430.0	13.905999999999999	1.9178
6432.0	13.897	1.9178
6434.0	13.889000000000001	1.9178
6436.0	13.842	1.9125
6438.0	13.833	1.9125
6440.0	13.825	1.9125
6442.0	13.815999999999999	1.9125
6444.0	13.845999999999998	1.9178
6446.0	13.837	1.9178
6448.0	13.854000000000001	1.9213
6450.0	13.845	1.9213
6452.0	13.862	1.9249
6454.0	13.854000000000001	1.9249
6456.0	13.883	1.9302
6458.0	13.875	1.9302
6460.0	13.866	1.9302
6462.0	13.857999999999999	1.9302
6464.0	13.849	1.9302
6466.0	13.802	1.9249
6468.0	13.794	1.9249
6470.0	13.76	1.9213
6472.0	13.725999999999999	1.9178
6474.0	13.718	1.9178
6476.0	13.709000000000001	1.9178
6478.0	13.700999999999999	1.9178
6480.0	13.692	1.9178
6482.0	13.684000000000001	1.9178
6484.0	13.675	1.9178
6486.0	13.692	1.9213
6488.0	13.709000000000001	1.9249
6490.0	13.738	1.9302
6492.0	13.73	1.9302
6494.0	13.720999999999998	1.9302
6496.0	13.713	1.9302
6498.0	13.704	1.9302
6500.0	13.658	1.9249
6502.0	13.625	1.9213
6504.0	13.591	1.9178
6506.0	13.545	1.9125
6508.0	13.512	1.909
6510.0	13.479000000000001	1.9055
6512.0	13.470999999999998	1.9055
6514.0	13.425	1.9002
6516.0	13.392000000000001	1.8967
6518.0	13.347000000000001	1.8915
6520.0	13.315	1.888
6522.0	13.282	1.8845
6524.0	13.274000000000001	1.8845
6526.0	13.229000000000001	1.8793
6528.0	13.220999999999998	1.8793
6530.0	13.213	1.8793
6532.0	13.205	1.8793
6534.0	13.197000000000001	1.8793
6536.0	13.187999999999999	1.8793
6538.0	13.217	1.8845
6540.0	13.209000000000001	1.8845
6542.0	13.200999999999999	1.8845
6544.0	13.193	1.8845
6546.0	13.185	1.8845
6548.0	13.177	1.8845
6550.0	13.169	1.8845
6552.0	13.136	1.881
6554.0	13.116	1.8793
6556.0	13.107999999999999	1.8793
6558.0	13.075999999999999	1.8759
6560.0	13.068	1.8759
6562.0	13.06	1.8759
6564.0	13.027999999999999	1.8724
6566.0	13.02	1.8724
6568.0	13.012	1.8724
6570.0	13.004000000000001	1.8724
6572.0	12.995999999999999	1.8724
6574.0	12.989	1.8724
6576.0	12.981	1.8724
6578.0	12.997	1.8759
6580.0	13.013	1.8793
6582.0	13.005	1.8793
6584.0	13.033	1.8845
6586.0	13.049000000000001	1.888
6588.0	13.065	1.8915
6590.0	13.069	1.8932
6592.0	13.085	1.8967
6594.0	13.077	1.8967
6596.0	13.094000000000001	1.9002
6598.0	13.085999999999999	1.9002
6600.0	13.078	1.9002
6602.0	13.106	1.9055
6604.0	13.097999999999999	1.9055
6606.0	13.09	1.9055
6608.0	13.106	1.909
6610.0	13.097999999999999	1.909
6612.0	13.09	1.909
6614.0	13.107000000000001	1.9125
6616.0	13.099	1.9125
6618.0	13.091	1.9125
6620.0	13.083	1.9125
6622.0	13.110999999999999	1.9178
6624.0	13.103	1.9178
6626.0	13.095	1.9178
6628.0	13.112	1.9213
6630.0	13.104000000000001	1.9213
6632.0	13.095999999999998	1.9213
6634.0	13.112	1.9249
6636.0	13.104000000000001	1.9249
6638.0	13.132	1.9302
6640.0	13.125	1.9302
6642.0	13.117	1.9302
6644.0	13.109000000000002	1.9302
6646.0	13.125	1.9338
6648.0	13.140999999999998	1.9373
6650.0	13.133	1.9373
6652.0	13.138	1.9391
6654.0	13.13	1.9391
6656.0	13.122	1.9391
6658.0	13.102	1.9373
6660.0	13.094000000000001	1.9373
6662.0	13.062000000000001	1.9338
6664.0	13.054	1.9338
6666.0	13.022	1.9302
6668.0	13.015	1.9302
6670.0	13.007	1.9302
6672.0	12.999	1.9302
6674.0	12.991	1.9302
6676.0	12.982999999999999	1.9302
6678.0	12.975999999999999	1.9302
6680.0	12.968	1.9302
6682.0	12.984000000000002	1.9338
6684.0	12.975999999999999	1.9338
6686.0	12.968	1.9338
6688.0	12.960999999999999	1.9338
6690.0	12.977	1.9373
6692.0	12.969000000000001	1.9373
6694.0	12.972999999999999	1.9391
6696.0	12.989	1.9427
6698.0	12.982000000000001	1.9427
6700.0	12.974	1.9427
6702.0	12.966	1.9427
6704.0	12.958	1.9427
6706.0	12.950999999999999	1.9427
6708.0	12.943	1.9427
6710.0	12.911	1.9391
6712.0	12.927999999999999	1.9427
6714.0	12.92	1.9427
6716.0	12.912	1.9427
6718.0	12.905	1.9427
6720.0	12.897	1.9427
6722.0	12.889000000000001	1.9427
6724.0	12.845999999999998	1.9373
6726.0	12.815	1.9338
6728.0	12.783	1.9302
6730.0	12.776	1.9302
6732.0	12.767999999999999	1.9302
6734.0	12.725	1.9249
6736.0	12.753	1.9302
6738.0	12.745999999999999	1.9302
6740.0	12.738	1.9302
6742.0	12.73	1.9302
6744.0	12.722999999999999	1.9302
6746.0	12.739	1.9338
6748.0	12.731	1.9338
6750.0	12.724	1.9338
6752.0	12.74	1.9373
6754.0	12.732000000000001	1.9373
6756.0	12.725	1.9373
6758.0	12.717	1.9373
6760.0	12.720999999999998	1.9391
6762.0	12.737	1.9427
6764.0	12.73	1.9427
6766.0	12.722000000000001	1.9427
6768.0	12.715	1.9427
6770.0	12.707	1.9427
6772.0	12.7	1.9427
6774.0	12.692	1.9427
6776.0	12.685	1.9427
6778.0	12.677	1.9427
6780.0	12.693	1.9463
6782.0	12.685	1.9463
6784.0	12.700999999999999	1.9498
6786.0	12.694	1.9498
6788.0	12.698	1.9516
6790.0	12.714	1.9552
6792.0	12.706	1.9552
6794.0	12.699000000000002	1.9552
6796.0	12.690999999999999	1.9552
6798.0	12.684000000000001	1.9552
6800.0	12.677	1.9552
6802.0	12.692	1.9588
6804.0	12.685	1.9588
6806.0	12.677999999999999	1.9588
6808.0	12.647	1.9552
6810.0	12.639000000000001	1.9552
6812.0	12.597000000000001	1.9498
6814.0	12.59	1.9498
6816.0	12.582	1.9498
6818.0	12.552	1.9463
6820.0	12.544	1.9463
6822.0	12.537	1.9463
6824.0	12.53	1.9463
6826.0	12.545	1.9498
6828.0	12.538	1.9498
6830.0	12.530999999999999	1.9498
6832.0	12.535	1.9516
6834.0	12.550999999999998	1.9552
6836.0	12.543	1.9552
6838.0	12.536	1.9552
6840.0	12.529000000000002	1.9552
6842.0	12.498	1.9516
6844.0	12.48	1.9498
6846.0	12.495	1.9534
6848.0	12.488	1.9534
6850.0	12.481	1.9534
6852.0	12.472999999999999	1.9534
6854.0	12.466	1.9534
6856.0	12.459000000000001	1.9534
6858.0	12.452	1.9534
6860.0	12.444	1.9534
6862.0	12.437000000000001	1.9534
6864.0	12.43	1.9534
6866.0	12.423	1.9534
6868.0	12.415	1.9534
6870.0	12.408	1.9534
6872.0	12.401	1.9534
6874.0	12.394	1.9534
6876.0	12.386	1.9534
6878.0	12.379000000000001	1.9534
6880.0	12.372	1.9534
6882.0	12.365	1.9534
6884.0	12.357999999999999	1.9534
6886.0	12.350999999999999	1.9534
6888.0	12.343	1.9534
6890.0	12.335999999999999	1.9534
6892.0	12.329	1.9534
6894.0	12.322000000000001	1.9534
6896.0	12.315	1.9534
6898.0	12.308	1.9534
6900.0	12.3	1.9534
6902.0	12.293	1.9534
6904.0	12.286	1.9534
6906.0	12.279000000000002	1.9534
6908.0	12.272	1.9534
6910.0	12.265	1.9534
6912.0	12.258	1.9534
6914.0	12.251	1.9534
6916.0	12.244000000000002	1.9534
6918.0	12.248	1.9552
6920.0	12.241	1.9552
6922.0	12.234000000000002	1.9552
6924.0	12.227	1.9552
6926.0	12.22	1.9552
6928.0	12.212	1.9552
6930.0	12.205	1.9552
6932.0	12.198	1.9552
6934.0	12.190999999999999	1.9552
6936.0	12.184000000000001	1.9552
6938.0	12.177	1.9552
6940.0	12.17	1.9552
6942.0	12.163	1.9552
6944.0	12.155999999999999	1.9552
6946.0	12.149000000000001	1.9552
6948.0	12.142000000000001	1.9552
6950.0	12.135	1.9552
6952.0	12.184000000000001	1.9643
6954.0	12.177	1.9643
6956.0	12.17	1.9643
6958.0	12.13	1.9588
6960.0	12.123	1.9588
6962.0	12.116	1.9588
6964.0	12.087	1.9552
6966.0	12.08	1.9552
6968.0	12.05	1.9516
6970.0	12.032	1.9498
6972.0	12.026	1.9498
6974.0	12.019	1.9498
6976.0	11.99	1.9463
6978.0	11.982999999999999	1.9463
6980.0	11.975999999999999	1.9463
6982.0	11.991	1.9498
6984.0	11.984000000000002	1.9498
6986.0	11.988	1.9516
6988.0	12.004000000000001	1.9552
6990.0	12.019	1.9588
6992.0	12.012	1.9588
6994.0	12.038	1.9643
6996.0	12.032	1.9643
6998.0	12.025	1.9643
7000.0	12.017999999999999	1.9643
7002.0	11.978	1.9588
7004.0	11.949000000000002	1.9552
7006.0	11.92	1.9516
7008.0	11.902000000000001	1.9498
7010.0	11.895999999999999	1.9498
7012.0	11.867	1.9463
7014.0	11.86	1.9463
7016.0	11.875	1.9498
7018.0	11.868	1.9498
7020.0	11.873	1.9516
7022.0	11.888	1.9552
7024.0	11.902999999999999	1.9588
7026.0	11.895999999999999	1.9588
7028.0	11.922	1.9643
7030.0	11.915	1.9643
7032.0	11.909	1.9643
7034.0	11.902000000000001	1.9643
7036.0	11.895	1.9643
7038.0	11.888	1.9643
7040.0	11.882	1.9643
7042.0	11.875	1.9643
7044.0	11.868	1.9643
7046.0	11.860999999999999	1.9643
7048.0	11.855	1.9643
7050.0	11.847999999999999	1.9643
7052.0	11.863	1.9679
7054.0	11.856	1.9679
7056.0	11.85	1.9679
7058.0	11.843	1.9679
7060.0	11.857999999999999	1.9715
7062.0	11.850999999999999	1.9715
7064.0	11.845	1.9715
7066.0	11.815999999999999	1.9679
7068.0	11.809000000000001	1.9679
7070.0	11.802999999999999	1.9679
7072.0	11.774000000000001	1.9643
7074.0	11.767999999999999	1.9643
7076.0	11.761	1.9643
7078.0	11.754000000000001	1.9643
7080.0	11.769	1.9679
7082.0	11.763	1.9679
7084.0	11.755999999999998	1.9679
7086.0	11.75	1.9679
7088.0	11.743	1.9679
7090.0	11.715	1.9643
7092.0	11.708	1.9643
7094.0	11.700999999999999	1.9643
7096.0	11.716	1.9679
7098.0	11.71	1.9679
7100.0	11.703	1.9679
7102.0	11.697000000000001	1.9679
7104.0	11.69	1.9679
7106.0	11.683	1.9679
7108.0	11.677	1.9679
7110.0	11.67	1.9679
7112.0	11.664000000000001	1.9679
7114.0	11.657	1.9679
7116.0	11.651	1.9679
7118.0	11.623	1.9643
7120.0	11.616	1.9643
7122.0	11.61	1.9643
7124.0	11.571	1.9588
7126.0	11.564	1.9588
7128.0	11.558	1.9588
7130.0	11.552	1.9588
7132.0	11.545	1.9588
7134.0	11.571	1.9643
7136.0	11.564	1.9643
7138.0	11.558	1.9643
7140.0	11.550999999999998	1.9643
7142.0	11.565999999999999	1.9679
7144.0	11.559000000000001	1.9679
7146.0	11.552999999999999	1.9679
7148.0	11.547	1.9679
7150.0	11.519	1.9643
7152.0	11.512	1.9643
7154.0	11.453	1.9552
7156.0	11.394	1.9463
7158.0	11.335	1.9373
7160.0	11.255999999999998	1.9249
7162.0	11.229000000000001	1.9213
7164.0	11.202	1.9178
7166.0	11.165	1.9125
7168.0	11.19	1.9178
7170.0	11.184000000000001	1.9178
7172.0	11.198	1.9213
7174.0	11.243	1.9302
7176.0	11.258	1.9338
7178.0	11.272	1.9373
7180.0	11.297	1.9427
7182.0	11.312000000000001	1.9463
7184.0	11.325999999999999	1.9498
7186.0	11.350999999999999	1.9552
7188.0	11.366	1.9588
7190.0	11.390999999999998	1.9643
7192.0	11.405999999999999	1.9679
7194.0	11.452	1.977
7196.0	11.488	1.9843
7198.0	11.534	1.9934
7200.0	11.581	2.0026
7202.0	11.617	2.01
7204.0	11.642999999999999	2.0156
7206.0	11.658	2.0193
7208.0	11.684000000000001	2.0249
7210.0	11.645	2.0193
7212.0	11.617	2.0156
7214.0	11.579	2.01
7216.0	11.509	1.9989
7218.0	11.427999999999999	1.9861
7220.0	11.37	1.977
7222.0	11.29	1.9643
7224.0	11.232000000000001	1.9552
7226.0	11.195	1.9498
7228.0	11.148	1.9427
7230.0	11.142000000000001	1.9427
7232.0	11.115	1.9391
7234.0	11.109000000000002	1.9391
7236.0	11.123	1.9427
7238.0	11.137	1.9463
7240.0	11.152000000000001	1.9498
7242.0	11.155999999999999	1.9516
7244.0	11.17	1.9552
7246.0	11.185	1.9588
7248.0	11.177999999999999	1.9588
7250.0	11.172	1.9588
7252.0	11.197000000000001	1.9643
7254.0	11.16	1.9588
7256.0	11.154000000000002	1.9588
7258.0	11.148	1.9588
7260.0	11.142000000000001	1.9588
7262.0	11.135	1.9588
7264.0	11.16	1.9643
7266.0	11.154000000000002	1.9643
7268.0	11.148	1.9643
7270.0	11.162	1.9679
7272.0	11.155999999999999	1.9679
7274.0	11.171	1.9715
7276.0	11.195	1.977
7278.0	11.189	1.977
7280.0	11.183	1.977
7282.0	11.197000000000001	1.9806
7284.0	11.190999999999999	1.9806
7286.0	11.185	1.9806
7288.0	11.179	1.9806
7290.0	11.152000000000001	1.977
7292.0	11.115	1.9715
7294.0	11.089	1.9679
7296.0	11.083	1.9679
7298.0	11.056	1.9643
7300.0	11.05	1.9643
7302.0	11.044	1.9643
7304.0	11.059000000000001	1.9679
7306.0	11.052999999999999	1.9679
7308.0	11.067	1.9715
7310.0	11.091	1.977
7312.0	11.106	1.9806
7314.0	11.12	1.9843
7316.0	11.114	1.9843
7318.0	11.139000000000001	1.9898
7320.0	11.133	1.9898
7322.0	11.127	1.9898
7324.0	11.140999999999998	1.9934
7326.0	11.135	1.9934
7328.0	11.129000000000001	1.9934
7330.0	11.123	1.9934
7332.0	11.117	1.9934
7334.0	11.110999999999999	1.9934
7336.0	11.084000000000001	1.9898
7338.0	11.078	1.9898
7340.0	11.042	1.9843
7342.0	11.015	1.9806
7344.0	10.989	1.977
7346.0	10.982999999999999	1.977
7348.0	10.947000000000001	1.9715
7350.0	10.940999999999999	1.9715
7352.0	10.935	1.9715
7354.0	10.929	1.9715
7356.0	10.923	1.9715
7358.0	10.917	1.9715
7360.0	10.911	1.9715
7362.0	10.905	1.9715
7364.0	10.899000000000001	1.9715
7366.0	10.892999999999999	1.9715
7368.0	10.917	1.977
7370.0	10.912	1.977
7372.0	10.905999999999999	1.977
7374.0	10.9	1.977
7376.0	10.894	1.977
7378.0	10.888	1.977
7380.0	10.882	1.977
7382.0	10.876	1.977
7384.0	10.87	1.977
7386.0	10.864	1.977
7388.0	10.857999999999999	1.977
7390.0	10.853	1.977
7392.0	10.867	1.9806
7394.0	10.880999999999998	1.9843
7396.0	10.875	1.9843
7398.0	10.899000000000001	1.9898
7400.0	10.892999999999999	1.9898
7402.0	10.907	1.9934
7404.0	10.902000000000001	1.9934
7406.0	10.876	1.9898
7408.0	10.87	1.9898
7410.0	10.864	1.9898
7412.0	10.838	1.9861
7414.0	10.822000000000001	1.9843
7416.0	10.815999999999999	1.9843
7418.0	10.811	1.9843
7420.0	10.785	1.9806
7422.0	10.779000000000002	1.9806
7424.0	10.773	1.9806
7426.0	10.748	1.977
7428.0	10.742	1.977
7430.0	10.735999999999999	1.977
7432.0	10.700999999999999	1.9715
7434.0	10.695	1.9715
7436.0	10.689	1.9715
7438.0	10.683	1.9715
7440.0	10.677999999999999	1.9715
7442.0	10.672	1.9715
7444.0	10.696	1.977
7446.0	10.69	1.977
7448.0	10.684000000000001	1.977
7450.0	10.677999999999999	1.977
7452.0	10.673	1.977
7454.0	10.667	1.977
7456.0	10.661	1.977
7458.0	10.655999999999999	1.977
7460.0	10.65	1.977
7462.0	10.644	1.977
7464.0	10.638	1.977
7466.0	10.633	1.977
7468.0	10.627	1.977
7470.0	10.620999999999999	1.977
7472.0	10.616	1.977
7474.0	10.61	1.977
7476.0	10.604000000000001	1.977
7478.0	10.569	1.9715
7480.0	10.564	1.9715
7482.0	10.558	1.9715
7484.0	10.552	1.9715
7486.0	10.547	1.9715
7488.0	10.540999999999999	1.9715
7490.0	10.536	1.9715
7492.0	10.559000000000001	1.977
7494.0	10.552999999999999	1.977
7496.0	10.548	1.977
7498.0	10.542	1.977
7500.0	10.537	1.977
7502.0	10.502	1.9715
7504.0	10.495999999999999	1.9715
7506.0	10.491	1.9715
7508.0	10.485	1.9715
7510.0	10.48	1.9715
7512.0	10.503	1.977
7514.0	10.497	1.977
7516.0	10.463	1.9715
7518.0	10.457	1.9715
7520.0	10.432	1.9679
7522.0	10.427	1.9679
7524.0	10.402000000000001	1.9643
7526.0	10.397	1.9643
7528.0	10.390999999999998	1.9643
7530.0	10.386	1.9643
7532.0	10.38	1.9643
7534.0	10.375	1.9643
7536.0	10.369000000000002	1.9643
7538.0	10.364	1.9643
7540.0	10.357999999999999	1.9643
7542.0	10.353	1.9643
7544.0	10.347000000000001	1.9643
7546.0	10.342	1.9643
7548.0	10.308	1.9588
7550.0	10.388	1.9751
7552.0	10.382	1.9751
7554.0	10.386	1.977
7556.0	10.380999999999998	1.977
7558.0	10.375	1.977
7560.0	10.37	1.977
7562.0	10.364	1.977
7564.0	10.359000000000002	1.977
7566.0	10.354000000000001	1.977
7568.0	10.347999999999999	1.977
7570.0	10.343	1.977
7572.0	10.347000000000001	1.9788
7574.0	10.341	1.9788
7576.0	10.335999999999999	1.9788
7578.0	10.33	1.9788
7580.0	10.325	1.9788
7582.0	10.319	1.9788
7584.0	10.314	1.9788
7586.0	10.308	1.9788
7588.0	10.302999999999999	1.9788
7590.0	10.298	1.9788
7592.0	10.292	1.9788
7594.0	10.287	1.9788
7596.0	10.280999999999999	1.9788
7598.0	10.276	1.9788
7600.0	10.28	1.9806
7602.0	10.275	1.9806
7604.0	10.269	1.9806
7606.0	10.264000000000001	1.9806
7608.0	10.258	1.9806
7610.0	10.253	1.9806
7612.0	10.248	1.9806
7614.0	10.242	1.9806
7616.0	10.237	1.9806
7618.0	10.231	1.9806
7620.0	10.226	1.9806
7622.0	10.221	1.9806
7624.0	10.215	1.9806
7626.0	10.21	1.9806
7628.0	10.205	1.9806
7630.0	10.199	1.9806
7632.0	10.193999999999999	1.9806
7634.0	10.189	1.9806
7636.0	10.183	1.9806
7638.0	10.177999999999999	1.9806
7640.0	10.173	1.9806
7642.0	10.167	1.9806
7644.0	10.162	1.9806
7646.0	10.147	1.9788
7648.0	10.142000000000001	1.9788
7650.0	10.137	1.9788
7652.0	10.131	1.9788
7654.0	10.126	1.9788
7656.0	10.121	1.9788
7658.0	10.116	1.9788
7660.0	10.11	1.9788
7662.0	10.105	1.9788
7664.0	10.1	1.9788
7666.0	10.094	1.9788
7668.0	10.089	1.9788
7670.0	10.084	1.9788
7672.0	10.079	1.9788
7674.0	10.073	1.9788
7676.0	10.059	1.977
7678.0	10.054	1.977
7680.0	10.048	1.977
7682.0	10.043	1.977
7684.0	10.038	1.977
7686.0	10.033	1.977
7688.0	10.027999999999999	1.977
7690.0	10.022	1.977
7692.0	10.101	1.9934
7694.0	10.095	1.9934
7696.0	10.071	1.9898
7698.0	10.066	1.9898
7700.0	10.033	1.9843
7702.0	10.027999999999999	1.9843
7704.0	10.004	1.9806
7706.0	9.9807	1.977
7708.0	9.9755	1.977
7710.0	9.9704	1.977
7712.0	9.9377	1.9715
7714.0	9.9326	1.9715
7716.0	9.9274	1.9715
7718.0	9.904	1.9679
7720.0	9.8989	1.9679
7722.0	9.912	1.9715
7724.0	9.9069	1.9715
7726.0	9.9017	1.9715
7728.0	9.8966	1.9715
7730.0	9.8915	1.9715
7732.0	9.8864	1.9715
7734.0	9.8631	1.9679
7736.0	9.858	1.9679
7738.0	9.8347	1.9643
7740.0	9.8297	1.9643
7742.0	9.7974	1.9588
7744.0	9.7744	1.9552
7746.0	9.7693	1.9552
7748.0	9.7643	1.9552
7750.0	9.7413	1.9516
7752.0	9.7273	1.9498
7754.0	9.7223	1.9498
7756.0	9.7173	1.9498
7758.0	9.7123	1.9498
7760.0	9.7072	1.9498
7762.0	9.7023	1.9498
7764.0	9.6972	1.9498
7766.0	9.7012	1.9516
7768.0	9.7141	1.9552
7770.0	9.7091	1.9552
7772.0	9.7041	1.9552
7774.0	9.6991	1.9552
7776.0	9.6941	1.9552
7778.0	9.6891	1.9552
7780.0	9.6841	1.9552
7782.0	9.697	1.9588
7784.0	9.692	1.9588
7786.0	9.7139	1.9643
7788.0	9.7089	1.9643
7790.0	9.7039	1.9643
7792.0	9.6989	1.9643
7794.0	9.6939	1.9643
7796.0	9.6889	1.9643
7798.0	9.6572	1.9588
7800.0	9.6523	1.9588
7802.0	9.6473	1.9588
7804.0	9.6424	1.9588
7806.0	9.6374	1.9588
7808.0	9.6325	1.9588
7810.0	9.6276	1.9588
7812.0	9.6493	1.9643
7814.0	9.6444	1.9643
7816.0	9.6572	1.9679
7818.0	9.6523	1.9679
7820.0	9.6474	1.9679
7822.0	9.6247	1.9643
7824.0	9.6197	1.9643
7826.0	9.6148	1.9643
7828.0	9.5833	1.9588
7830.0	9.5785	1.9588
7832.0	9.5736	1.9588
7834.0	9.5687	1.9588
7836.0	9.5638	1.9588
7838.0	9.5854	1.9643
7840.0	9.5805	1.9643
7842.0	9.5933	1.9679
7844.0	9.5884	1.9679
7846.0	9.5835	1.9679
7848.0	9.5786	1.9679
7850.0	9.5737	1.9679
7852.0	9.5512	1.9643
7854.0	9.5464	1.9643
7856.0	9.5415	1.9643
7858.0	9.5103	1.9588
7860.0	9.5055	1.9588
7862.0	9.5006	1.9588
7864.0	9.4958	1.9588
7866.0	9.491	1.9588
7868.0	9.4687	1.9552
7870.0	9.4639	1.9552
7872.0	9.4591	1.9552
7874.0	9.4543	1.9552
7876.0	9.4321	1.9516
7878.0	9.4273	1.9516
7880.0	9.4225	1.9516
7882.0	9.4178	1.9516
7884.0	9.413	1.9516
7886.0	9.4082	1.9516
7888.0	9.4034	1.9516
7890.0	9.3987	1.9516
7892.0	9.4112	1.9552
7894.0	9.4065	1.9552
7896.0	9.419	1.9588
7898.0	9.4403	1.9643
7900.0	9.4355	1.9643
7902.0	9.4308	1.9643
7904.0	9.4434	1.9679
7906.0	9.4386	1.9679
7908.0	9.4338	1.9679
7910.0	9.4291	1.9679
7912.0	9.4243	1.9679
7914.0	9.4022	1.9643
7916.0	9.3974	1.9643
7918.0	9.3927	1.9643
7920.0	9.3879	1.9643
7922.0	9.4005	1.9679
7924.0	9.4131	1.9715
7926.0	9.4344	1.977
7928.0	9.4296	1.977
7930.0	9.4422	1.9806
7932.0	9.4374	1.9806
7934.0	9.4327	1.9806
7936.0	9.4279	1.9806
7938.0	9.4059	1.977
7940.0	9.3752	1.9715
7942.0	9.3532	1.9679
7944.0	9.3313	1.9643
7946.0	9.3266	1.9643
7948.0	9.2961	1.9588
7950.0	9.2744	1.9552
7952.0	9.2527	1.9516
7954.0	9.2395	1.9498
7956.0	9.2349	1.9498
7958.0	9.2302	1.9498
7960.0	9.2256	1.9498
7962.0	9.2465	1.9552
7964.0	9.2418	1.9552
7966.0	9.2542	1.9588
7968.0	9.2495	1.9588
7970.0	9.2449	1.9588
7972.0	9.2403	1.9588
7974.0	9.2186	1.9552
7976.0	9.214	1.9552
7978.0	9.1925	1.9516
7980.0	9.1794	1.9498
7982.0	9.1579	1.9463
7984.0	9.1365	1.9427
7986.0	9.1319	1.9427
7988.0	9.1022	1.9373
7990.0	9.0976	1.9373
7992.0	9.0931	1.9373
7994.0	9.0718	1.9338
7996.0	9.084	1.9373
7998.0	9.0794	1.9373
8000.0	9.0749	1.9373
8002.0	9.0787	1.9391
8004.0	9.0909	1.9427
8006.0	9.1031	1.9463
8008.0	9.0985	1.9463
8010.0	9.1108	1.9498
8012.0	9.1146	1.9516
8014.0	9.1268	1.9552
8016.0	9.1223	1.9552
8018.0	9.1345	1.9588
8020.0	9.13	1.9588
8022.0	9.1507	1.9643
8024.0	9.1462	1.9643
8026.0	9.1416	1.9643
8028.0	9.137	1.9643
8030.0	9.1494	1.9679
8032.0	9.1448	1.9679
8034.0	9.1402	1.9679
8036.0	9.1357	1.9679
8038.0	9.1143	1.9643
8040.0	9.1098	1.9643
8042.0	9.1053	1.9643
8044.0	9.1007	1.9643
8046.0	9.113	1.9679
8048.0	9.1085	1.9679
8050.0	9.1039	1.9679
8052.0	9.0994	1.9679
8054.0	9.0949	1.9679
8056.0	9.0904	1.9679
8058.0	9.0859	1.9679
8060.0	9.0646	1.9643
8062.0	9.0601	1.9643
8064.0	9.0557	1.9643
8066.0	9.0512	1.9643
8068.0	9.0467	1.9643
8070.0	9.0422	1.9643
8072.0	9.0377	1.9643
8074.0	9.0332	1.9643
8076.0	9.0287	1.9643
8078.0	9.0409	1.9679
8080.0	9.0365	1.9679
8082.0	9.032	1.9679
8084.0	9.0275	1.9679
8086.0	9.0231	1.9679
8088.0	9.0186	1.9679
8090.0	8.9975	1.9643
8092.0	8.9931	1.9643
8094.0	8.9638	1.9588
8096.0	8.9429	1.9552
8098.0	8.9138	1.9498
8100.0	8.9094	1.9498
8102.0	8.905	1.9498
8104.0	8.9006	1.9498
8106.0	8.8799	1.9463
8108.0	8.8755	1.9463
8110.0	8.8548	1.9427
8112.0	8.8341	1.9391
8114.0	8.8217	1.9373
8116.0	8.8011	1.9338
8118.0	8.7805	1.9302
8120.0	8.7762	1.9302
8122.0	8.7719	1.9302
8124.0	8.7676	1.9302
8126.0	8.7391	1.9249
8128.0	8.7187	1.9213
8130.0	8.7144	1.9213
8132.0	8.6941	1.9178
8134.0	8.6659	1.9125
8136.0	8.6616	1.9125
8138.0	8.6574	1.9125
8140.0	8.6531	1.9125
8142.0	8.6489	1.9125
8144.0	8.6446	1.9125
8146.0	8.6643	1.9178
8148.0	8.66	1.9178
8150.0	8.6558	1.9178
8152.0	8.6515	1.9178
8154.0	8.6473	1.9178
8156.0	8.659	1.9213
8158.0	8.6707	1.9249
8160.0	8.6904	1.9302
8162.0	8.7022	1.9338
8164.0	8.714	1.9373
8166.0	8.7338	1.9427
8168.0	8.7456	1.9463
8170.0	8.7574	1.9498
8172.0	8.7612	1.9516
8174.0	8.773	1.9552
8176.0	8.7849	1.9588
8178.0	8.8049	1.9643
8180.0	8.8006	1.9643
8182.0	8.7963	1.9643
8184.0	8.8083	1.9679
8186.0	8.8446	1.977
8188.0	8.8565	1.9806
8190.0	8.8686	1.9843
8192.0	8.8643	1.9843
8194.0	8.8844	1.9898
8196.0	8.8801	1.9898
8198.0	8.8513	1.9843
8200.0	8.847	1.9843
8202.0	8.8101	1.977
8204.0	8.7654	1.9679
8206.0	8.7208	1.9588
8208.0	8.6765	1.9498
8210.0	8.6166	1.9373
8212.0	8.557	1.9249
8214.0	8.5214	1.9178
8216.0	8.4625	1.9055
8218.0	8.4195	1.8967
8220.0	8.3922	1.8915
8222.0	8.3881	1.8915
8224.0	8.3918	1.8932
8226.0	8.4419	1.9055
8228.0	8.5081	1.9213
8230.0	8.5748	1.9373
8232.0	8.6658	1.9588
8234.0	8.7418	1.977
8236.0	8.8265	1.9971
8238.0	8.9038	2.0156
8240.0	8.8995	2.0156
8242.0	8.9116	2.0193
8244.0	8.9073	2.0193
8246.0	8.8457	2.0063
8248.0	8.8008	1.9971
8250.0	8.7481	1.9861
8252.0	8.7037	1.977
8254.0	8.6595	1.9679
8256.0	8.6155	1.9588
8258.0	8.5955	1.9552
8260.0	8.5913	1.9552
8262.0	8.5635	1.9498
8264.0	8.5593	1.9498
8266.0	8.5552	1.9498
8268.0	8.5353	1.9463
8270.0	8.5155	1.9427
8272.0	8.4957	1.9391
8274.0	8.4838	1.9373
8276.0	8.4641	1.9338
8278.0	8.46	1.9338
8280.0	8.4403	1.9302
8282.0	8.4519	1.9338
8284.0	8.4633	1.9373
8286.0	8.4593	1.9373
8288.0	8.4786	1.9427
8290.0	8.4901	1.9463
8292.0	8.486	1.9463
8294.0	8.4975	1.9498
8296.0	8.4934	1.9498
8298.0	8.4972	1.9516
8300.0	8.4931	1.9516
8302.0	8.489	1.9516
8304.0	8.477	1.9498
8306.0	8.4808	1.9516
8308.0	8.4767	1.9516
8310.0	8.4882	1.9552
8312.0	8.4842	1.9552
8314.0	8.4801	1.9552
8316.0	8.476	1.9552
8318.0	8.4875	1.9588
8320.0	8.4835	1.9588
8322.0	8.4794	1.9588
8324.0	8.4753	1.9588
8326.0	8.4712	1.9588
8328.0	8.4671	1.9588
8330.0	8.4631	1.9588
8332.0	8.4825	1.9643
8334.0	8.4784	1.9643
8336.0	8.49	1.9679
8338.0	8.5015	1.9715
8340.0	8.521	1.977
8342.0	8.5169	1.977
8344.0	8.5128	1.977
8346.0	8.5087	1.977
8348.0	8.5046	1.977
8350.0	8.5006	1.977
8352.0	8.4965	1.977
8354.0	8.4924	1.977
8356.0	8.504	1.9806
8358.0	8.4999	1.9806
8360.0	8.4802	1.977
8362.0	8.4528	1.9715
8364.0	8.4332	1.9679
8366.0	8.3904	1.9588
8368.0	8.3556	1.9516
8370.0	8.3286	1.9463
8372.0	8.3093	1.9427
8374.0	8.3053	1.9427
8376.0	8.286	1.9391
8378.0	8.2974	1.9427
8380.0	8.3087	1.9463
8382.0	8.32	1.9498
8384.0	8.3237	1.9516
8386.0	8.3351	1.9552
8388.0	8.3311	1.9552
8390.0	8.3271	1.9552
8392.0	8.3002	1.9498
8394.0	8.281	1.9463
8396.0	8.2618	1.9427
8398.0	8.2351	1.9373
8400.0	8.2161	1.9338
8402.0	8.2122	1.9338
8404.0	8.2082	1.9338
8406.0	8.2195	1.9373
8408.0	8.2231	1.9391
8410.0	8.2192	1.9391
8412.0	8.2304	1.9427
8414.0	8.2265	1.9427
8416.0	8.2226	1.9427
8418.0	8.2036	1.9391
8420.0	8.1997	1.9391
8422.0	8.1958	1.9391
8424.0	8.1919	1.9391
8426.0	8.2031	1.9427
8428.0	8.2143	1.9463
8430.0	8.2255	1.9498
8432.0	8.2292	1.9516
8434.0	8.2253	1.9516
8436.0	8.2214	1.9516
8438.0	8.2327	1.9552
8440.0	8.2136	1.9516
8442.0	8.2022	1.9498
8444.0	8.1832	1.9463
8446.0	8.1793	1.9463
8448.0	8.1604	1.9427
8450.0	8.1415	1.9391
8452.0	8.1153	1.9338
8454.0	8.0965	1.9302
8456.0	8.0926	1.9302
8458.0	8.0888	1.9302
8460.0	8.085	1.9302
8462.0	8.0812	1.9302
8464.0	8.0773	1.9302
8466.0	8.0735	1.9302
8468.0	8.0697	1.9302
8470.0	8.0659	1.9302
8472.0	8.0621	1.9302
8474.0	8.0583	1.9302
8476.0	8.0545	1.9302
8478.0	8.0656	1.9338
8480.0	8.0618	1.9338
8482.0	8.0728	1.9373
8484.0	8.0913	1.9427
8486.0	8.1173	1.9498
8488.0	8.121	1.9516
8490.0	8.1321	1.9552
8492.0	8.1283	1.9552
8494.0	8.1394	1.9588
8496.0	8.1356	1.9588
8498.0	8.1318	1.9588
8500.0	8.1279	1.9588
8502.0	8.1241	1.9588
8504.0	8.1203	1.9588
8506.0	8.1165	1.9588
8508.0	8.1127	1.9588
8510.0	8.1089	1.9588
8512.0	8.1275	1.9643
8514.0	8.1237	1.9643
8516.0	8.1199	1.9643
8518.0	8.131	1.9679
8520.0	8.1272	1.9679
8522.0	8.1384	1.9715
8524.0	8.1571	1.977
8526.0	8.1834	1.9843
8528.0	8.2021	1.9898
8530.0	8.2285	1.9971
8532.0	8.2626	2.0063
8534.0	8.274	2.01
8536.0	8.293	2.0156
8538.0	8.2739	2.0119
8540.0	8.2623	2.01
8542.0	8.2433	2.0063
8544.0	8.2016	1.9971
8546.0	8.1676	1.9898
8548.0	8.1263	1.9806
8550.0	8.0852	1.9715
8552.0	8.0294	1.9588
8554.0	7.9888	1.9498
8556.0	7.9557	1.9427
8558.0	7.9301	1.9373
8560.0	7.8972	1.9302
8562.0	7.8935	1.9302
8564.0	7.868	1.9249
8566.0	7.8499	1.9213
8568.0	7.8462	1.9213
8570.0	7.8282	1.9178
8572.0	7.8245	1.9178
8574.0	7.8353	1.9213
8576.0	7.8316	1.9213
8578.0	7.828	1.9213
8580.0	7.8604	1.9302
8582.0	7.8567	1.9302
8584.0	7.8676	1.9338
8586.0	7.8857	1.9391
8588.0	7.9111	1.9463
8590.0	7.922	1.9498
8592.0	7.9402	1.9552
8594.0	7.9511	1.9588
8596.0	7.9694	1.9643
8598.0	7.9437	1.9588
8600.0	7.94	1.9588
8602.0	7.9217	1.9552
8604.0	7.9035	1.9516
8606.0	7.8926	1.9498
8608.0	7.8744	1.9463
8610.0	7.8707	1.9463
8612.0	7.8526	1.9427
8614.0	7.849	1.9427
8616.0	7.8237	1.9373
8618.0	7.8057	1.9338
8620.0	7.7876	1.9302
8622.0	7.784	1.9302
8624.0	7.7804	1.9302
8626.0	7.7553	1.9249
8628.0	7.7517	1.9249
8630.0	7.7482	1.9249
8632.0	7.7446	1.9249
8634.0	7.741	1.9249
8636.0	7.7588	1.9302
8638.0	7.7552	1.9302
8640.0	7.7516	1.9302
8642.0	7.748	1.9302
8644.0	7.7588	1.9338
8646.0	7.7695	1.9373
8648.0	7.773	1.9391
8650.0	7.7838	1.9427
8652.0	7.8088	1.9498
8654.0	7.8268	1.9552
8656.0	7.8593	1.9643
8658.0	7.8557	1.9643
8660.0	7.8666	1.9679
8662.0	7.8774	1.9715
8664.0	7.8448	1.9643
8666.0	7.8052	1.9552
8668.0	7.7658	1.9463
8670.0	7.6981	1.9302
8672.0	7.6451	1.9178
8674.0	7.5715	1.9002
8676.0	7.5194	1.888
8678.0	7.4539	1.8724
8680.0	7.4025	1.8604
8682.0	7.3651	1.8518
8684.0	7.3414	1.8467
8686.0	7.3111	1.8399
8688.0	7.2875	1.8348
8690.0	7.2708	1.8315
8692.0	7.254	1.8281
8694.0	7.2507	1.8281
8696.0	7.2474	1.8281
8698.0	7.244	1.8281
8700.0	7.254	1.8315
8702.0	7.2976	1.8433
8704.0	7.3279	1.8518
8706.0	7.406	1.8724
8708.0	7.478	1.8915
8710.0	7.5785	1.9178
8712.0	7.6522	1.9373
8714.0	7.7194	1.9552
8716.0	7.8016	1.977
8718.0	7.8341	1.9861
8720.0	7.8088	1.9806
8722.0	7.7694	1.9715
8724.0	7.7373	1.9643
8726.0	7.677	1.9498
8728.0	7.6242	1.9373
8730.0	7.5926	1.9302
8732.0	7.5543	1.9213
8734.0	7.5369	1.9178
8736.0	7.5127	1.9125
8738.0	7.4954	1.909
8740.0	7.4782	1.9055
8742.0	7.4748	1.9055
8744.0	7.4713	1.9055
8746.0	7.4679	1.9055
8748.0	7.4439	1.9002
8750.0	7.4405	1.9002
8752.0	7.4235	1.8967
8754.0	7.4201	1.8967
8756.0	7.4167	1.8967
8758.0	7.4133	1.8967
8760.0	7.4099	1.8967
8762.0	7.4202	1.9002
8764.0	7.4168	1.9002
8766.0	7.4134	1.9002
8768.0	7.41	1.9002
8770.0	7.4066	1.9002
8772.0	7.4033	1.9002
8774.0	7.3863	1.8967
8776.0	7.3693	1.8932
8778.0	7.366	1.8932
8780.0	7.3762	1.8967
8782.0	7.3864	1.9002
8784.0	7.4035	1.9055
8786.0	7.4137	1.909
8788.0	7.4241	1.9125
8790.0	7.4412	1.9178
8792.0	7.4378	1.9178
8794.0	7.4481	1.9213
8796.0	7.4585	1.9249
8798.0	7.4414	1.9213
8800.0	7.438	1.9213
8802.0	7.4209	1.9178
8804.0	7.3971	1.9125
8806.0	7.3801	1.909
8808.0	7.3632	1.9055
8810.0	7.3395	1.9002
8812.0	7.3092	1.8932
8814.0	7.2858	1.888
8816.0	7.2691	1.8845
8818.0	7.2524	1.881
8820.0	7.2424	1.8793
8822.0	7.2391	1.8793
8824.0	7.2425	1.881
8826.0	7.2526	1.8845
8828.0	7.2493	1.8845
8830.0	7.2594	1.888
8832.0	7.2695	1.8915
8834.0	7.2729	1.8932
8836.0	7.2964	1.9002
8838.0	7.3133	1.9055
8840.0	7.31	1.9055
8842.0	7.3201	1.909
8844.0	7.3303	1.9125
8846.0	7.327	1.9125
8848.0	7.3237	1.9125
8850.0	7.3069	1.909
8852.0	7.2902	1.9055
8854.0	7.2869	1.9055
8856.0	7.2635	1.9002
8858.0	7.2469	1.8967
8860.0	7.2303	1.8932
8862.0	7.2203	1.8915
8864.0	7.2038	1.888
8866.0	7.1873	1.8845
8868.0	7.1708	1.881
8870.0	7.161	1.8793
8872.0	7.1446	1.8759
8874.0	7.1282	1.8724
8876.0	7.125	1.8724
8878.0	7.1218	1.8724
8880.0	7.1186	1.8724
8882.0	7.1154	1.8724
8884.0	7.1122	1.8724
8886.0	7.1221	1.8759
8888.0	7.1189	1.8759
8890.0	7.1288	1.8793
8892.0	7.1322	1.881
8894.0	7.1421	1.8845
8896.0	7.1389	1.8845
8898.0	7.1357	1.8845
8900.0	7.1325	1.8845
8902.0	7.1424	1.888
8904.0	7.1392	1.888
8906.0	7.136	1.888
8908.0	7.1066	1.881
8910.0	7.0838	1.8759
8912.0	7.0676	1.8724
8914.0	7.0449	1.8672
8916.0	7.0158	1.8604
8918.0	6.9933	1.8552
8920.0	6.9773	1.8518
8922.0	6.9742	1.8518
8924.0	6.9583	1.8484
8926.0	6.9487	1.8467
8928.0	6.9456	1.8467
8930.0	6.9298	1.8433
8932.0	6.8821	1.8315
8934.0	6.8474	1.8231
8936.0	6.8192	1.8164
8938.0	6.7973	1.8113
8940.0	6.7818	1.808
8942.0	6.7663	1.8047
8944.0	6.7633	1.8047
8946.0	6.7416	1.7997
8948.0	6.7262	1.7964
8950.0	6.6922	1.7881
8952.0	6.6585	1.7799
8954.0	6.6311	1.7734
8956.0	6.6282	1.7734
8958.0	6.613	1.7701
8960.0	6.604	1.7685
8962.0	6.6193	1.7734
8964.0	6.6407	1.7799
8966.0	6.6561	1.7848
8968.0	6.6777	1.7914
8970.0	6.6932	1.7964
8972.0	6.7026	1.7997
8974.0	6.7181	1.8047
8976.0	6.7275	1.808
8978.0	6.7369	1.8113
8980.0	6.7526	1.8164
8982.0	6.7496	1.8164
8984.0	6.759	1.8197
8986.0	6.7996	1.8315
8988.0	6.8406	1.8433
8990.0	6.8818	1.8552
8992.0	6.9232	1.8672
8994.0	6.9649	1.8793
8996.0	7.0068	1.8915
8998.0	7.0102	1.8932
9000.0	7.02	1.8967
9002.0	7.0298	1.9002
9004.0	7.0137	1.8967
9006.0	7.0106	1.8967
9008.0	6.9946	1.8932
9010.0	7.0044	1.8967
9012.0	7.0013	1.8967
9014.0	7.0111	1.9002
9016.0	6.9951	1.8967
9018.0	6.9727	1.8915
9020.0	6.944	1.8845
9022.0	6.9217	1.8793
9024.0	6.8932	1.8724
9026.0	6.8585	1.8638
9028.0	6.8428	1.8604
9030.0	6.8398	1.8604
9032.0	6.8179	1.8552
9034.0	6.7836	1.8467
9036.0	6.7433	1.8365
9038.0	6.7093	1.8281
9040.0	6.6632	1.8164
9042.0	6.5992	1.7997
9044.0	6.5418	1.7848
9046.0	6.5089	1.7766
9048.0	6.4761	1.7685
9050.0	6.4494	1.762
9052.0	6.417	1.7539
9054.0	6.3729	1.7426
9056.0	6.3408	1.7346
9058.0	6.2973	1.7235
9060.0	6.2656	1.7155
9062.0	6.2398	1.7092
9064.0	6.2199	1.7045
9066.0	6.2171	1.7045
9068.0	6.2144	1.7045
9070.0	6.2288	1.7092
9072.0	6.2663	1.7203
9074.0	6.2751	1.7235
9076.0	6.3013	1.7314
9078.0	6.3218	1.7378
9080.0	6.3482	1.7458
9082.0	6.3629	1.7507
9084.0	6.3719	1.7539
9086.0	6.3808	1.7571
9088.0	6.378	1.7571
9090.0	6.3752	1.7571
9092.0	6.3724	1.7571
9094.0	6.3872	1.762
9096.0	6.3844	1.762
9098.0	6.3933	1.7652
9100.0	6.4023	1.7685
9102.0	6.4054	1.7701
9104.0	6.4144	1.7734
9106.0	6.4116	1.7734
9108.0	6.3911	1.7685
9110.0	6.3765	1.7652
9112.0	6.362	1.762
9114.0	6.3416	1.7571
9116.0	6.3156	1.7507
9118.0	6.2837	1.7426
9120.0	6.2637	1.7378
9122.0	6.2379	1.7314
9124.0	6.218	1.7266
9126.0	6.2038	1.7235
9128.0	6.2011	1.7235
9130.0	6.1984	1.7235
9132.0	6.2071	1.7266
9134.0	6.2215	1.7314
9136.0	6.2303	1.7346
9138.0	6.2276	1.7346
9140.0	6.2248	1.7346
9142.0	6.2107	1.7314
9144.0	6.1794	1.7235
9146.0	6.1483	1.7155
9148.0	6.1231	1.7092
9150.0	6.1204	1.7092
9152.0	6.1008	1.7045
9154.0	6.0982	1.7045
9156.0	6.1124	1.7092
9158.0	6.1209	1.7124
9160.0	6.1296	1.7155
9162.0	6.1438	1.7203
9164.0	6.1411	1.7203
9166.0	6.1384	1.7203
9168.0	6.1358	1.7203
9170.0	6.1331	1.7203
9172.0	6.1418	1.7235
9174.0	6.1504	1.7266
9176.0	6.1647	1.7314
9178.0	6.1848	1.7378
9180.0	6.1992	1.7426
9182.0	6.2251	1.7507
9184.0	6.2224	1.7507
9186.0	6.2197	1.7507
9188.0	6.1998	1.7458
9190.0	6.1857	1.7426
9192.0	6.1716	1.7394
9194.0	6.1633	1.7378
9196.0	6.1492	1.7346
9198.0	6.1466	1.7346
9200.0	6.1326	1.7314
