3200.0	7.9675	0.27214
3201.0	8.0584	0.27542
3202.0	8.1729	0.27951
3203.0	8.2738	0.28314
3204.0	8.3529	0.28602
3205.0	8.4017	0.28786999999999996
3206.0	8.3964	0.28786999999999996
3207.0	8.3373	0.28602
3208.0	8.2253	0.28236
3209.0	8.1449	0.27976999999999996
3210.0	8.2151	0.28236
3211.0	8.263	0.28418000000000004
3212.0	8.2048	0.28236
3213.0	8.147	0.28054
3214.0	8.0896	0.27874
3215.0	8.0179	0.27644
3216.0	8.1019	0.27951
3217.0	8.2019	0.28314
3218.0	8.2044	0.2834
3219.0	8.1467	0.28158
3220.0	8.1416	0.28158
3221.0	8.1967	0.28365999999999997
3222.0	8.2446	0.2855
3223.0	8.2852	0.28708
3224.0	8.3489	0.28947
3225.0	8.4365	0.29268
3226.0	8.5171	0.29567
3227.0	8.5826	0.29812
3228.0	8.6408	0.30033000000000004
3229.0	8.6037	0.29923
3230.0	8.551	0.29758
3231.0	8.5614	0.29812
3232.0	8.5798	0.29895
3233.0	8.5824	0.29923
3234.0	8.6008	0.30005
3235.0	8.6272	0.30116
3236.0	8.6857	0.30339
3237.0	8.7284	0.30507
3238.0	8.6909	0.30395
3239.0	8.6616	0.30311
3240.0	8.5533	0.2995
3241.0	8.454	0.29621
3242.0	8.2869	0.29053
3243.0	8.1307	0.28523000000000004
3244.0	8.1257	0.28523000000000004
3245.0	8.1431	0.28602
3246.0	8.2437	0.28973000000000004
3247.0	8.3532	0.29375999999999997
3248.0	8.4409	0.29703
3249.0	8.4981	0.29923
3250.0	8.5164	0.30005
3251.0	8.4798	0.29895
3252.0	8.459	0.2984
3253.0	8.4772	0.29923
3254.0	8.4954	0.30005
3255.0	8.4668	0.29923
3256.0	8.4304	0.29812
3257.0	8.3404	0.29512
3258.0	8.2437	0.29188000000000003
3259.0	8.2082	0.2908
3260.0	8.1731	0.28973000000000004
3261.0	8.1982	0.2908
3262.0	8.2462	0.29268
3263.0	8.3404	0.29621
3264.0	8.4435	0.30005
3265.0	8.5164	0.30283000000000004
3266.0	8.5426	0.30395
3267.0	8.5688	0.30507
3268.0	8.5321	0.30395
3269.0	8.5269	0.30395
3270.0	8.6323	0.30789
3271.0	8.7309	0.3116
3272.0	8.7336	0.31189
3273.0	8.7283	0.31189
3274.0	8.7229	0.31189
3275.0	8.7096	0.3116
3276.0	8.7364	0.31275
3277.0	8.7714	0.31419
3278.0	8.8227	0.31623
3279.0	8.8908	0.31886
3280.0	8.9428	0.32092
3281.0	8.9952	0.323
3282.0	9.0478	0.32509
3283.0	9.0756	0.32629
3284.0	9.0868	0.32689
3285.0	9.023	0.32479
3286.0	8.9513	0.3224
3287.0	8.9129	0.32122
3288.0	8.8748	0.32004
3289.0	8.8042	0.31769000000000003
3290.0	8.7182	0.31477
3291.0	8.6969	0.31419
3292.0	8.6916	0.31419
3293.0	8.6704	0.31361999999999995
3294.0	8.6173	0.31189
3295.0	8.5805	0.31074
3296.0	8.5201	0.30874
3297.0	8.4915	0.30789
3298.0	8.5491	0.31017
3299.0	8.5912	0.31189
3300.0	8.4995	0.30874
3301.0	8.401	0.30535
3302.0	8.5441	0.31074
3303.0	8.6897	0.31623
3304.0	8.7325	0.31798000000000004
3305.0	8.7353	0.31827
3306.0	8.634	0.31477
3307.0	8.4948	0.30988000000000004
3308.0	8.4896	0.30988000000000004
3309.0	8.6264	0.31506
3310.0	8.7009	0.31798000000000004
3311.0	8.6717	0.3171
3312.0	8.6584	0.31681
3313.0	8.6612	0.3171
3314.0	8.6799	0.31798000000000004
3315.0	8.6746	0.31798000000000004
3316.0	8.6615	0.31769000000000003
3317.0	8.7203	0.32004
3318.0	8.7794	0.3224
3319.0	8.7904	0.323
3320.0	8.7688	0.3224
3321.0	8.7798	0.323
3322.0	8.7745	0.323
3323.0	8.7692	0.323
3324.0	8.7156	0.32122
3325.0	8.7104	0.32122
3326.0	8.7857	0.32419000000000003
3327.0	8.8372	0.32629
3328.0	8.8564	0.32719000000000004
3329.0	8.8837	0.3284
3330.0	8.9605	0.33144
3331.0	9.0214	0.33389
3332.0	9.1329	0.33821999999999997
3333.0	9.263	0.34324
3334.0	9.4122	0.34898
3335.0	9.5637	0.35481
3336.0	9.611	0.35678000000000004
3337.0	9.5787	0.35579
3338.0	9.5995	0.35678000000000004
3339.0	9.6647	0.35941999999999996
3340.0	9.7393	0.36241
3341.0	9.8054	0.36509
3342.0	9.8539	0.36711
3343.0	9.7847	0.36475
3344.0	9.725	0.36274
3345.0	9.782	0.36509
3346.0	9.8394	0.36745
3347.0	9.8607	0.36846999999999996
3348.0	9.8549	0.36846999999999996
3349.0	9.8218	0.36745
3350.0	9.8069	0.36711
3351.0	9.8101	0.36745
3352.0	9.8676	0.36983
3353.0	9.953	0.37325
3354.0	10.095	0.37879
3355.0	10.191	0.38265
3356.0	10.232000000000001	0.38441
3357.0	10.283	0.38655
3358.0	10.343	0.38904
3359.0	10.404000000000002	0.39155999999999996
3360.0	10.427	0.39264
3361.0	10.43	0.39300999999999997
3362.0	10.376	0.3912
3363.0	10.284	0.38797
3364.0	10.325	0.38976
3365.0	10.405	0.39300999999999997
3366.0	10.427999999999999	0.39409
3367.0	10.383	0.39264
3368.0	10.347999999999999	0.39155999999999996
3369.0	10.370999999999999	0.39264
3370.0	10.365	0.39264
3371.0	10.349	0.39228
3372.0	10.314	0.3912
3373.0	10.345999999999998	0.39264
3374.0	10.378	0.39409
3375.0	10.411	0.39555
3376.0	10.462	0.39774
3377.0	10.417	0.39628
3378.0	10.344000000000001	0.39373
3379.0	10.234	0.38976
3380.0	10.106	0.38513000000000003
3381.0	10.017000000000001	0.38194
3382.0	9.9649	0.38019000000000003
3383.0	9.959	0.38019000000000003
3384.0	10.017999999999999	0.38265
3385.0	10.058	0.38441
3386.0	10.015	0.383
3387.0	9.9814	0.38194
3388.0	9.9388	0.38054
3389.0	9.8964	0.37914000000000003
3390.0	9.9271	0.38054
3391.0	9.9854	0.383
3392.0	9.9428	0.38159
3393.0	9.8731	0.37914000000000003
3394.0	9.831	0.37775
3395.0	9.8343	0.37809
3396.0	9.8556	0.37914000000000003
3397.0	9.8771	0.38019000000000003
3398.0	9.8804	0.38054
3399.0	9.8021	0.37775
3400.0	9.7423	0.37566
3401.0	9.8267	0.37914000000000003
3402.0	9.9118	0.38265
3403.0	9.9517	0.38441
3404.0	10.001	0.38655
3405.0	10.05	0.38869000000000004
3406.0	10.082	0.39011999999999997
3407.0	10.113	0.39155999999999996
3408.0	10.126	0.39228
3409.0	10.129	0.39264
3410.0	10.132	0.39300999999999997
3411.0	10.154	0.39409
3412.0	10.205	0.39628
3413.0	10.227	0.39737
3414.0	10.137	0.39409
3415.0	10.056000000000001	0.3912
3416.0	10.023	0.39011999999999997
3417.0	9.9892	0.38904
3418.0	9.91	0.38619000000000003
3419.0	9.8135	0.38265
3420.0	9.8439	0.38406
3421.0	9.9018	0.38655
3422.0	9.9234	0.38761
3423.0	9.9085	0.38726
3424.0	9.9484	0.38904
3425.0	10.062000000000001	0.39373
3426.0	10.121	0.39628
3427.0	10.088	0.39519
3428.0	10.054	0.39409
3429.0	10.02	0.39300999999999997
3430.0	10.005	0.39264
3431.0	10.036	0.39409
3432.0	10.086	0.39628
3433.0	10.221	0.40179000000000004
3434.0	10.404000000000002	0.40926
3435.0	10.466	0.41191000000000005
3436.0	10.489	0.41305
3437.0	10.454	0.41191000000000005
3438.0	10.39	0.40963999999999995
3439.0	10.440999999999999	0.41191000000000005
3440.0	10.61	0.41878999999999994
3441.0	10.731	0.42383999999999994
3442.0	10.735	0.42423
3443.0	10.758	0.4254
3444.0	10.782	0.42658
3445.0	10.815	0.42816000000000004
3446.0	10.98	0.43491
3447.0	11.177	0.44298999999999994
3448.0	11.15	0.44218
3449.0	11.093	0.44015
3450.0	11.035	0.43813
3451.0	11.019	0.43772
3452.0	11.002	0.43732
3453.0	10.995999999999999	0.43732
3454.0	10.969000000000001	0.43651999999999996
3455.0	10.933	0.43531000000000003
3456.0	10.915999999999999	0.43491
3457.0	10.88	0.43371000000000004
3458.0	10.874	0.43371000000000004
3459.0	10.837	0.43251000000000006
3460.0	10.821	0.43212
3461.0	10.785	0.43091999999999997
3462.0	10.739	0.42933999999999994
3463.0	10.703	0.42816000000000004
3464.0	10.638	0.42578999999999995
3465.0	10.652000000000001	0.42658
3466.0	10.675	0.42776000000000003
3467.0	10.708	0.42933999999999994
3468.0	10.741	0.43091999999999997
3469.0	10.745	0.43132
3470.0	10.69	0.42933999999999994
3471.0	10.654000000000002	0.42816000000000004
3472.0	10.658	0.42855
3473.0	10.671	0.42933999999999994
3474.0	10.665	0.42933999999999994
3475.0	10.63	0.42816000000000004
3476.0	10.692	0.43091999999999997
3477.0	10.775	0.43451000000000006
3478.0	10.818	0.43651999999999996
3479.0	10.852	0.43813
3480.0	10.915999999999999	0.44096
3481.0	11.0	0.44463
3482.0	11.035	0.44627
3483.0	11.017999999999999	0.44586000000000003
3484.0	10.982000000000001	0.44463
3485.0	10.915	0.44218
3486.0	10.857999999999999	0.44015
3487.0	10.832	0.43933999999999995
3488.0	10.815999999999999	0.43893999999999994
3489.0	10.88	0.44177
3490.0	10.944	0.44463
3491.0	10.978	0.44627
3492.0	11.002	0.44751
3493.0	11.047	0.44956999999999997
3494.0	11.112	0.45248
3495.0	11.167	0.45498999999999995
3496.0	11.202	0.45666999999999996
3497.0	11.288	0.46047
3498.0	11.427999999999999	0.46643999999999997
3499.0	11.527000000000001	0.47076
3500.0	11.352	0.46387
3501.0	11.17	0.45666999999999996
3502.0	11.184000000000001	0.45751000000000003
3503.0	11.187999999999999	0.45793
3504.0	11.212	0.4592
3505.0	11.267999999999999	0.46174
3506.0	11.312999999999999	0.46387
3507.0	11.338	0.46516
3508.0	11.395	0.46774
3509.0	11.440999999999999	0.46989
3510.0	11.508	0.47293
3511.0	11.619000000000002	0.47775
3512.0	11.72	0.48217
3513.0	11.745	0.4835
3514.0	11.770999999999999	0.48483999999999994
3515.0	11.732000000000001	0.4835
3516.0	11.682	0.48173
3517.0	11.686	0.48217
3518.0	11.700999999999999	0.48306000000000004
3519.0	11.705	0.4835
3520.0	11.731	0.48483999999999994
3521.0	11.735	0.48528999999999994
3522.0	11.718	0.48483999999999994
3523.0	11.679	0.4835
3524.0	11.64	0.48217
3525.0	11.623	0.48173
3526.0	11.627	0.48217
3527.0	11.642000000000001	0.48306000000000004
3528.0	11.56	0.47995
3529.0	11.49	0.47731
3530.0	11.515	0.47863
3531.0	11.550999999999998	0.4804
3532.0	11.545	0.4804
3533.0	11.505999999999998	0.47907
3534.0	11.489	0.47863
3535.0	11.460999999999999	0.47775
3536.0	11.444	0.47731
3537.0	11.427	0.47686999999999996
3538.0	11.421	0.47686999999999996
3539.0	11.425	0.47731
3540.0	11.429	0.47775
3541.0	11.402000000000001	0.47686999999999996
3542.0	11.364	0.47555
3543.0	11.368	0.47598999999999997
3544.0	11.382	0.47686999999999996
3545.0	11.397	0.47775
3546.0	11.411	0.47863
3547.0	11.405	0.47863
3548.0	11.378	0.47775
3549.0	11.329	0.47598999999999997
3550.0	11.280999999999999	0.47423999999999994
3551.0	11.275	0.47423999999999994
3552.0	11.352	0.47775
3553.0	11.44	0.48173
3554.0	11.517999999999999	0.48528999999999994
3555.0	11.607999999999999	0.48933000000000004
3556.0	11.655	0.49158999999999997
3557.0	11.713	0.49431
3558.0	11.674000000000001	0.49295
3559.0	11.635	0.49158999999999997
3560.0	11.661	0.49295
3561.0	11.686	0.49431
3562.0	11.68	0.49431
3563.0	11.640999999999998	0.49295
3564.0	11.634	0.49295
3565.0	11.617	0.49249
3566.0	11.589	0.49158999999999997
3567.0	11.572000000000001	0.49113
3568.0	11.565999999999999	0.49113
3569.0	11.57	0.49158999999999997
3570.0	11.562999999999999	0.49158999999999997
3571.0	11.61	0.49386
3572.0	11.647	0.49568
3573.0	11.651	0.49613
3574.0	11.665999999999999	0.49705
3575.0	11.702	0.49888000000000005
3576.0	11.739	0.50073
3577.0	11.776	0.50257
3578.0	11.834000000000001	0.50536
3579.0	11.839	0.50583
3580.0	11.788	0.5039600000000001
3581.0	11.749	0.50257
3582.0	11.775	0.5039600000000001
3583.0	11.769	0.5039600000000001
3584.0	11.762	0.5039600000000001
3585.0	11.745	0.5035
3586.0	11.814	0.50676
3587.0	11.884	0.51003
3588.0	11.888	0.51051
3589.0	11.882	0.51051
3590.0	11.842	0.5090899999999999
3591.0	11.802999999999999	0.50769
3592.0	11.796	0.50769
3593.0	11.822000000000001	0.5090899999999999
3594.0	11.880999999999998	0.5119199999999999
3595.0	11.962	0.5157
3596.0	12.033	0.51904
3597.0	12.06	0.52048
3598.0	12.075	0.5214300000000001
3599.0	12.035	0.52
3600.0	11.995	0.51856
3601.0	11.956	0.51713
3602.0	11.915999999999999	0.5157
3603.0	11.975	0.51856
3604.0	12.08	0.52336
3605.0	12.084000000000001	0.52384
3606.0	12.065999999999999	0.52336
3607.0	12.071	0.52384
3608.0	12.097000000000001	0.5252899999999999
3609.0	12.158	0.5282
3610.0	12.229000000000001	0.53162
3611.0	12.302	0.5350600000000001
3612.0	12.34	0.53703
3613.0	12.39	0.53951
3614.0	12.338	0.5375300000000001
3615.0	12.297	0.53604
3616.0	12.37	0.53951
3617.0	12.466	0.544
3618.0	12.527999999999999	0.54702
3619.0	12.579	0.5495399999999999
3620.0	12.595	0.55055
3621.0	12.588	0.55055
3622.0	12.558	0.5495399999999999
3623.0	12.494000000000002	0.54702
3624.0	12.429	0.5445
3625.0	12.445	0.5455
3626.0	12.45	0.54601
3627.0	12.466	0.54702
3628.0	12.470999999999998	0.54752
3629.0	12.429	0.54601
3630.0	12.377	0.544
3631.0	12.415999999999999	0.54601
3632.0	12.489	0.5495399999999999
3633.0	12.527999999999999	0.55157
3634.0	12.556	0.5531
3635.0	12.515	0.55157
3636.0	12.404000000000002	0.54702
3637.0	12.329	0.544
3638.0	12.334000000000001	0.5445
3639.0	12.360999999999999	0.54601
3640.0	12.4	0.54802
3641.0	12.45	0.55055
3642.0	12.455	0.55106
3643.0	12.448	0.55106
3644.0	12.487	0.5531
3645.0	12.526	0.55514
3646.0	12.554	0.55667
3647.0	12.547	0.55667
3648.0	12.529000000000002	0.55616
3649.0	12.487	0.5546300000000001
3650.0	12.446	0.5531
3651.0	12.474	0.5546300000000001
3652.0	12.467	0.5546300000000001
3653.0	12.472000000000001	0.55514
3654.0	12.465	0.55514
3655.0	12.481	0.55616
3656.0	12.485999999999999	0.55667
3657.0	12.433	0.5546300000000001
3658.0	12.357999999999999	0.55157
3659.0	12.385	0.5531
3660.0	12.424000000000001	0.55514
3661.0	12.450999999999999	0.55667
3662.0	12.479000000000001	0.55821
3663.0	12.472000000000001	0.55821
3664.0	12.397	0.55514
3665.0	12.344000000000001	0.5531
3666.0	12.338	0.5531
3667.0	12.354000000000001	0.55412
3668.0	12.437999999999999	0.55821
3669.0	12.512	0.56182
3670.0	12.470999999999998	0.5602699999999999
3671.0	12.418	0.55821
3672.0	12.423	0.55872
3673.0	12.45	0.5602699999999999
3674.0	12.443	0.5602699999999999
3675.0	12.425	0.55975
3676.0	12.418	0.55975
3677.0	12.446	0.5613100000000001
3678.0	12.485	0.56338
3679.0	12.524000000000001	0.56545
3680.0	12.564	0.5675399999999999
3681.0	12.546	0.56702
3682.0	12.539000000000001	0.56702
3683.0	12.625	0.57122
3684.0	12.734000000000002	0.5765
3685.0	12.775	0.57863
3686.0	12.802999999999999	0.58023
3687.0	12.796	0.58023
3688.0	12.777000000000001	0.5796899999999999
3689.0	12.77	0.5796899999999999
3690.0	12.799000000000001	0.5813
3691.0	12.850999999999999	0.58398
3692.0	12.927	0.5877600000000001
3693.0	13.004000000000001	0.5915600000000001
3694.0	12.937000000000001	0.5888399999999999
3695.0	12.87	0.58614
3696.0	12.815999999999999	0.58398
3697.0	12.774000000000001	0.5823699999999999
3698.0	12.755	0.5818399999999999
3699.0	12.737	0.5813
3700.0	12.741	0.5818399999999999
3701.0	12.780999999999999	0.58398
3702.0	12.81	0.5856
3703.0	12.85	0.5877600000000001
3704.0	12.915	0.59102
3705.0	12.991	0.5948399999999999
3706.0	13.032	0.59704
3707.0	13.025	0.59704
3708.0	13.005999999999998	0.59648
3709.0	12.999	0.59648
3710.0	12.992	0.59648
3711.0	12.949000000000002	0.5948399999999999
3712.0	12.894	0.59265
3713.0	12.864	0.5915600000000001
3714.0	12.857000000000001	0.5915600000000001
3715.0	12.897	0.5937399999999999
3716.0	12.962	0.59704
3717.0	12.991	0.5986899999999999
3718.0	12.948	0.59704
3719.0	12.940999999999999	0.59704
3720.0	12.97	0.5986899999999999
3721.0	13.011	0.6009
3722.0	13.04	0.60256
3723.0	13.081	0.60478
3724.0	13.158	0.60869
3725.0	13.273	0.61433
3726.0	13.352	0.6183
3727.0	13.418	0.62173
3728.0	13.472999999999999	0.6246
3729.0	13.503	0.62633
3730.0	13.533	0.6280600000000001
3731.0	13.575999999999999	0.63038
3732.0	13.569	0.63038
3733.0	13.512	0.6280600000000001
3734.0	13.455	0.62575
3735.0	13.423	0.6246
3736.0	13.415	0.6246
3737.0	13.322000000000001	0.62058
3738.0	13.229000000000001	0.61659
3739.0	13.296	0.6200100000000001
3740.0	13.338	0.6223
3741.0	13.417	0.62633
3742.0	13.484000000000002	0.6298
3743.0	13.575999999999999	0.63445
3744.0	13.669	0.6391399999999999
3745.0	13.75	0.64328
3746.0	13.780999999999999	0.6450600000000001
3747.0	13.812000000000001	0.64685
3748.0	13.805	0.64685
3749.0	13.797	0.64685
3750.0	13.714	0.64328
3751.0	13.655999999999999	0.6409100000000001
3752.0	13.674000000000001	0.6420899999999999
3753.0	13.679	0.64269
3754.0	13.685	0.64328
3755.0	13.715	0.6450600000000001
3756.0	13.784	0.64863
3757.0	13.866	0.65283
3758.0	13.909	0.6552399999999999
3759.0	13.864	0.6534300000000001
3760.0	13.843	0.65283
3761.0	13.823	0.65223
3762.0	13.790999999999999	0.65103
3763.0	13.732999999999999	0.64863
3764.0	13.675	0.64625
3765.0	13.718	0.64863
3766.0	13.799000000000001	0.65283
3767.0	13.843	0.6552399999999999
3768.0	13.874	0.65705
3769.0	13.918	0.6594800000000001
3770.0	13.987	0.66313
3771.0	14.045	0.66619
3772.0	14.128	0.6705
3773.0	14.199000000000002	0.6742100000000001
3774.0	14.23	0.67608
3775.0	14.222999999999999	0.67608
3776.0	14.228	0.67671
3777.0	14.247	0.67796
3778.0	14.253	0.6785800000000001
3779.0	14.245	0.6785800000000001
3780.0	14.145999999999999	0.6742100000000001
3781.0	14.061	0.6705
3782.0	13.937000000000001	0.66497
3783.0	13.802	0.65887
3784.0	13.757	0.65705
3785.0	13.8	0.6594800000000001
3786.0	13.844000000000001	0.66191
3787.0	13.913	0.6655800000000001
3788.0	13.919	0.66619
3789.0	13.86	0.66374
3790.0	13.802	0.6613
3791.0	13.757	0.6594800000000001
3792.0	13.699000000000002	0.65705
3793.0	13.616	0.6534300000000001
3794.0	13.522	0.64923
3795.0	13.514000000000001	0.64923
3796.0	13.532	0.6504300000000001
3797.0	13.625	0.6552399999999999
3798.0	13.744000000000002	0.6613
3799.0	13.877	0.66803
3800.0	13.343	0.64269
3801.0	13.546	0.65283
3802.0	13.765999999999998	0.66374
3803.0	13.899000000000001	0.6705
3804.0	13.981	0.67484
3805.0	14.09	0.6804600000000001
3806.0	14.187000000000001	0.6854899999999999
3807.0	14.088	0.68108
3808.0	13.977	0.67608
3809.0	13.982999999999999	0.67671
3810.0	14.105	0.68296
3811.0	14.175999999999998	0.68675
3812.0	14.181	0.68739
3813.0	14.174000000000001	0.68739
3814.0	14.088	0.6835899999999999
3815.0	13.99	0.6792
3816.0	13.829	0.67174
3817.0	13.695	0.6655800000000001
3818.0	13.725999999999999	0.66742
3819.0	13.77	0.66988
3820.0	13.8	0.67174
3821.0	13.844000000000001	0.6742100000000001
3822.0	13.748	0.66988
3823.0	13.602	0.66313
3824.0	13.470999999999998	0.65705
3825.0	13.34	0.65103
3826.0	13.272	0.64804
3827.0	13.277000000000001	0.64863
3828.0	13.344000000000001	0.65223
3829.0	13.472000000000001	0.65887
3830.0	13.565	0.66374
3831.0	13.645999999999999	0.66803
3832.0	13.752	0.6736
3833.0	13.936	0.68296
3834.0	14.149000000000001	0.6937399999999999
3835.0	14.232999999999999	0.69823
3836.0	14.265	0.70016
3837.0	14.297	0.7021
3838.0	14.355	0.70534
3839.0	14.440999999999999	0.7099
3840.0	14.485999999999999	0.71253
3841.0	14.546	0.7158100000000001
3842.0	14.645999999999999	0.72111
3843.0	14.692	0.72377
3844.0	14.765999999999998	0.72778
3845.0	14.854000000000001	0.73249
3846.0	14.764000000000001	0.72845
3847.0	14.687999999999999	0.7251
3848.0	14.56	0.71911
3849.0	14.445	0.7138399999999999
3850.0	14.478	0.7158100000000001
3851.0	14.618	0.72311
3852.0	14.745	0.7297899999999999
3853.0	14.751	0.73046
3854.0	14.77	0.7318100000000001
3855.0	14.777000000000001	0.73249
3856.0	14.81	0.73451
3857.0	14.87	0.7379
3858.0	14.931	0.74131
3859.0	14.705	0.73046
3860.0	14.509	0.72111
3861.0	14.315999999999999	0.71187
3862.0	14.125	0.70275
3863.0	14.118	0.70275
3864.0	14.202	0.70729
3865.0	14.379000000000001	0.7164699999999999
3866.0	14.638	0.7297899999999999
3867.0	14.793	0.7379
3868.0	14.677	0.73249
3869.0	14.562000000000001	0.72711
3870.0	14.434000000000001	0.72111
3871.0	14.295	0.7145
3872.0	14.539000000000001	0.72711
3873.0	14.789000000000001	0.73995
3874.0	14.972999999999999	0.74955
3875.0	15.117	0.75718
3876.0	15.207	0.76208
3877.0	15.298	0.767
3878.0	15.375	0.7712600000000001
3879.0	15.409	0.7733899999999999
3880.0	15.458	0.77625
3881.0	15.379000000000001	0.77268
3882.0	15.287	0.76842
3883.0	15.18	0.76348
3884.0	15.089	0.7592800000000001
3885.0	15.026	0.75648
3886.0	14.963	0.7537
3887.0	14.955	0.7537
3888.0	15.044	0.75858
3889.0	15.078	0.76068
3890.0	15.084000000000001	0.7613800000000001
3891.0	15.035	0.7592800000000001
3892.0	14.958	0.75579
3893.0	15.005999999999998	0.75858
3894.0	15.39	0.7783899999999999
3895.0	15.682	0.7936
3896.0	15.674000000000001	0.7936
3897.0	15.665999999999999	0.7936
3898.0	15.401	0.78055
3899.0	15.21	0.7712600000000001
3900.0	15.16	0.76913
3901.0	15.138	0.76842
3902.0	15.284	0.77625
3903.0	15.475	0.78632
3904.0	15.61	0.7936
3905.0	15.687999999999999	0.79799
3906.0	15.68	0.79799
3907.0	15.585999999999999	0.7936
3908.0	15.492	0.78922
3909.0	15.427	0.78632
3910.0	15.363	0.7834300000000001
3911.0	15.355	0.7834300000000001
3912.0	15.347000000000001	0.7834300000000001
3913.0	15.241	0.7783899999999999
3914.0	15.093	0.7712600000000001
3915.0	15.085	0.7712600000000001
3916.0	15.119000000000002	0.7733899999999999
3917.0	15.209000000000001	0.7783899999999999
3918.0	15.413	0.78922
3919.0	15.548	0.79652
3920.0	15.482999999999999	0.7936
3921.0	15.389000000000001	0.78922
3922.0	15.368	0.7885
3923.0	15.317	0.78632
3924.0	15.155	0.7783899999999999
3925.0	15.009	0.7712600000000001
3926.0	14.946	0.76842
3927.0	14.897	0.7663
3928.0	14.985999999999999	0.7712600000000001
3929.0	15.075	0.77625
3930.0	15.249	0.7856
3931.0	15.453	0.79652
3932.0	15.689	0.8091
3933.0	15.825999999999999	0.81658
3934.0	15.935	0.82262
3935.0	15.868	0.8195899999999999
3936.0	15.715	0.81208
3937.0	15.592	0.80612
3938.0	15.398	0.79652
3939.0	15.334000000000001	0.7936
3940.0	15.325999999999999	0.7936
3941.0	15.375	0.79652
3942.0	15.452	0.80094
3943.0	15.544	0.80612
3944.0	15.637	0.81134
3945.0	15.687000000000001	0.81433
3946.0	15.620999999999999	0.81134
3947.0	15.527000000000001	0.80686
3948.0	15.419	0.8016800000000001
3949.0	15.355	0.79873
3950.0	15.432	0.80316
3951.0	15.524000000000001	0.80835
3952.0	15.530999999999999	0.8091
3953.0	15.508	0.80835
3954.0	15.515	0.8091
3955.0	15.55	0.81134
3956.0	15.556	0.81208
3957.0	15.62	0.81583
3958.0	15.627	0.81658
3959.0	15.561	0.81358
3960.0	15.525	0.81208
3961.0	15.603	0.81658
3962.0	15.638	0.81884
3963.0	15.687999999999999	0.8218700000000001
3964.0	15.695	0.82262
3965.0	15.73	0.8249
3966.0	15.809000000000001	0.82947
3967.0	15.714	0.8249
3968.0	15.605	0.8195899999999999
3969.0	15.526	0.81583
3970.0	15.475	0.81358
3971.0	15.468	0.81358
3972.0	15.517000000000001	0.81658
3973.0	15.509	0.81658
3974.0	15.444	0.81358
3975.0	15.394	0.81134
3976.0	15.386	0.81134
3977.0	15.464	0.81583
3978.0	15.484000000000002	0.81733
3979.0	15.505	0.81884
3980.0	15.54	0.8211
3981.0	15.504000000000001	0.8195899999999999
3982.0	15.495999999999999	0.8195899999999999
3983.0	15.530999999999999	0.8218700000000001
3984.0	15.538	0.82262
3985.0	15.573	0.8249
3986.0	15.594000000000001	0.82642
3987.0	15.615	0.82794
3988.0	15.693	0.8325299999999999
3989.0	15.7	0.8333
3990.0	15.720999999999998	0.83483
3991.0	15.815	0.8402299999999999
3992.0	15.909	0.84567
3993.0	15.96	0.8487899999999999
3994.0	15.995999999999999	0.8511299999999999
3995.0	15.988	0.8511299999999999
3996.0	15.936	0.8487899999999999
3997.0	15.884	0.84645
3998.0	15.876	0.84645
3999.0	15.853	0.84567
4000.0	15.787	0.84255
4001.0	15.677999999999999	0.83714
4002.0	15.627	0.83483
4003.0	15.619000000000002	0.83483
4004.0	15.712	0.8402299999999999
4005.0	15.85	0.84801
4006.0	15.798	0.84567
4007.0	15.703	0.84101
4008.0	15.637	0.83791
4009.0	15.544	0.8333
4010.0	15.579	0.8356
4011.0	15.759	0.84567
4012.0	15.852	0.8511299999999999
4013.0	15.699000000000002	0.84334
4014.0	15.548	0.8356
4015.0	15.482999999999999	0.8325299999999999
4016.0	15.432	0.8302299999999999
4017.0	15.524000000000001	0.8356
4018.0	15.645999999999999	0.84255
4019.0	15.696	0.84567
4020.0	15.687999999999999	0.84567
4021.0	15.637	0.84334
4022.0	15.572000000000001	0.8402299999999999
4023.0	15.578	0.84101
4024.0	15.715	0.8487899999999999
4025.0	15.852	0.85664
4026.0	15.947000000000001	0.86219
4027.0	16.042	0.8677600000000001
4028.0	16.049	0.86856
4029.0	16.011	0.8669600000000001
4030.0	15.915	0.86219
4031.0	15.82	0.8574299999999999
4032.0	15.797	0.85664
4033.0	15.804	0.8574299999999999
4034.0	15.796	0.8574299999999999
4035.0	15.73	0.8542799999999999
4036.0	15.665	0.8511299999999999
4037.0	15.614	0.8487899999999999
4038.0	15.592	0.84801
4039.0	15.640999999999998	0.8511299999999999
4040.0	15.735	0.85664
4041.0	15.684000000000001	0.8542799999999999
4042.0	15.618	0.8511299999999999
4043.0	15.552999999999999	0.84801
4044.0	15.445	0.84255
4045.0	15.452	0.84334
4046.0	15.487	0.84567
4047.0	15.594000000000001	0.8519200000000001
4048.0	15.774000000000001	0.86219
4049.0	16.015	0.87579
4050.0	16.17	0.88471
4051.0	16.267	0.8904299999999999
4052.0	16.259	0.8904299999999999
4053.0	16.191	0.88715
4054.0	16.094	0.88226
4055.0	15.982000000000001	0.8766
4056.0	15.96	0.87579
4057.0	16.025	0.8798299999999999
4058.0	16.105999999999998	0.88471
4059.0	16.217	0.89125
4060.0	16.254	0.89371
4061.0	16.201	0.89125
4062.0	16.089000000000002	0.8855200000000001
4063.0	15.919	0.8766
4064.0	15.765999999999998	0.86856
4065.0	15.743	0.8677600000000001
4066.0	15.779000000000002	0.87016
4067.0	15.772	0.87016
4068.0	15.807	0.8725700000000001
4069.0	16.019000000000002	0.88471
4070.0	16.219	0.8961899999999999
4071.0	16.301	0.9011600000000001
4072.0	16.308	0.90199
4073.0	16.345	0.90448
4074.0	16.398	0.9078200000000001
4075.0	16.405	0.90865
4076.0	16.487000000000002	0.91369
4077.0	16.525	0.91622
4078.0	16.532	0.91706
4079.0	16.554000000000002	0.91875
4080.0	16.592	0.9212899999999999
4081.0	16.584	0.9212899999999999
4082.0	16.545	0.9196
4083.0	16.476	0.91622
4084.0	16.423	0.91369
4085.0	16.4	0.91285
4086.0	16.301	0.9078200000000001
4087.0	16.189	0.90199
4088.0	16.092	0.89702
4089.0	16.069000000000003	0.8961899999999999
4090.0	16.105	0.8986700000000001
4091.0	16.202	0.90448
4092.0	16.254	0.9078200000000001
4093.0	16.201	0.9053100000000001
4094.0	16.133	0.90199
4095.0	15.978	0.89371
4096.0	15.867	0.88797
4097.0	15.800999999999998	0.88471
4098.0	15.735	0.88145
4099.0	15.684000000000001	0.87902
4100.0	15.777999999999999	0.88471
4101.0	15.887	0.89125
4102.0	15.923	0.89371
4103.0	15.915	0.89371
4104.0	15.864	0.89125
4105.0	15.798	0.88797
4106.0	15.775	0.88715
4107.0	15.825999999999999	0.8904299999999999
4108.0	15.877	0.89371
4109.0	16.031	0.9028200000000001
4110.0	16.276	0.91706
4111.0	16.524	0.9315399999999999
4112.0	16.761	0.9453600000000001
4113.0	16.831	0.94973
4114.0	16.869	0.95236
4115.0	16.753	0.94624
4116.0	16.652	0.9410200000000001
4117.0	16.629	0.94016
4118.0	16.621	0.94016
4119.0	16.567	0.9375600000000001
4120.0	16.559	0.9375600000000001
4121.0	16.505	0.9349799999999999
4122.0	16.436	0.9315399999999999
4123.0	16.428	0.9315399999999999
4124.0	16.36	0.92811
4125.0	16.352	0.92811
4126.0	16.405	0.9315399999999999
4127.0	16.442	0.93411
4128.0	16.495	0.9375600000000001
4129.0	16.578	0.94275
4130.0	16.539	0.9410200000000001
4131.0	16.577	0.9436200000000001
4132.0	16.6	0.9453600000000001
4133.0	16.515	0.9410200000000001
4134.0	16.507	0.9410200000000001
4135.0	16.499000000000002	0.9410200000000001
4136.0	16.461	0.93929
4137.0	16.347	0.9332600000000001
4138.0	16.249000000000002	0.92811
4139.0	16.197	0.92555
4140.0	16.189	0.92555
4141.0	16.271	0.9306700000000001
4142.0	16.278	0.9315399999999999
4143.0	16.225	0.92896
4144.0	16.188	0.9272600000000001
4145.0	16.21	0.92896
4146.0	16.292	0.93411
4147.0	16.389	0.94016
4148.0	16.548	0.94973
4149.0	16.678	0.9576399999999999
4150.0	16.730999999999998	0.9611700000000001
4151.0	16.677	0.95852
4152.0	16.562	0.95236
4153.0	16.447	0.94624
4154.0	16.379	0.94275
4155.0	16.326	0.94016
4156.0	16.213	0.93411
4157.0	16.101	0.92811
4158.0	16.153	0.9315399999999999
4159.0	16.19	0.93411
4160.0	16.242	0.9375600000000001
4161.0	16.264	0.93929
4162.0	16.271	0.94016
4163.0	16.262999999999998	0.94016
4164.0	16.211	0.9375600000000001
4165.0	16.203	0.9375600000000001
4166.0	16.15	0.9349799999999999
4167.0	16.128	0.93411
4168.0	16.12	0.93411
4169.0	16.112000000000002	0.93411
4170.0	16.105	0.93411
4171.0	16.156	0.9375600000000001
4172.0	16.298	0.94624
4173.0	16.395	0.95236
4174.0	16.509	0.9594
4175.0	16.547	0.96206
4176.0	16.477999999999998	0.95852
4177.0	16.455	0.9576399999999999
4178.0	16.462	0.95852
4179.0	16.515	0.96206
4180.0	16.553	0.96472
4181.0	16.56	0.9656
4182.0	16.537	0.96472
4183.0	16.529	0.96472
4184.0	16.567	0.96739
4185.0	16.62	0.97096
4186.0	16.75	0.9790399999999999
4187.0	16.82	0.98356
4188.0	16.843	0.9853700000000001
4189.0	16.788	0.9826600000000001
4190.0	16.688	0.97724
4191.0	16.618	0.97364
4192.0	16.519000000000002	0.9682700000000001
4193.0	16.496	0.96739
4194.0	16.488	0.96739
4195.0	16.587	0.97364
4196.0	16.686	0.9799399999999999
4197.0	16.724	0.9826600000000001
4198.0	16.732	0.98356
4199.0	16.754	0.9853700000000001
4200.0	16.746	0.9853700000000001
4201.0	16.692	0.9826600000000001
4202.0	16.623	0.9790399999999999
4203.0	16.539	0.97454
4204.0	16.5	0.97275
4205.0	16.462	0.97096
4206.0	16.454	0.97096
4207.0	16.447	0.97096
4208.0	16.484	0.97364
4209.0	16.492	0.97454
4210.0	16.56	0.9790399999999999
4211.0	16.613	0.9826600000000001
4212.0	16.575	0.98085
4213.0	16.551	0.9799399999999999
4214.0	16.498	0.97724
4215.0	16.49	0.97724
4216.0	16.512999999999998	0.9790399999999999
4217.0	16.52	0.9799399999999999
4218.0	16.528	0.98085
4219.0	16.565	0.98356
4220.0	16.558	0.98356
4221.0	16.535	0.9826600000000001
4222.0	16.527	0.9826600000000001
4223.0	16.565	0.9853700000000001
4224.0	16.587	0.98719
4225.0	16.671	0.99266
4226.0	16.756	0.99816
4227.0	16.762999999999998	0.99908
4228.0	16.771	1.0
4229.0	16.732	0.99816
4230.0	16.647000000000002	0.9935700000000001
4231.0	16.639	0.9935700000000001
4232.0	16.662	0.9954
4233.0	16.715999999999998	0.99908
4234.0	16.754	1.0018
4235.0	16.762	1.0028
4236.0	16.8	1.0055
4237.0	16.885	1.0111
4238.0	16.893	1.012
4239.0	16.869	1.0111
4240.0	16.83	1.0093
4241.0	16.822	1.0093
4242.0	16.799	1.0083
4243.0	16.76	1.0065
4244.0	16.675	1.0018
4245.0	16.56	0.9954
4246.0	16.461	0.98992
4247.0	16.453	0.98992
4248.0	16.445999999999998	0.98992
4249.0	16.59	0.99908
4250.0	16.750999999999998	1.0093
4251.0	16.743	1.0093
4252.0	16.72	1.0083
4253.0	16.727	1.0093
4254.0	16.781	1.013
4255.0	16.866	1.0186
4256.0	16.921	1.0224
4257.0	16.991	1.0271
4258.0	16.983	1.0271
4259.0	16.975	1.0271
4260.0	16.998	1.029
4261.0	17.037	1.0318
4262.0	16.967	1.028
4263.0	16.912	1.0252
4264.0	16.78	1.0177
4265.0	16.664	1.0111
4266.0	16.672	1.012
4267.0	16.725	1.0158
4268.0	16.81	1.0214
4269.0	16.910999999999998	1.028
4270.0	16.965	1.0318
4271.0	16.957	1.0318
4272.0	16.949	1.0318
4273.0	16.989	1.0347
4274.0	16.996	1.0356
4275.0	16.926	1.0318
4276.0	16.809	1.0252
4277.0	16.801	1.0252
4278.0	16.824	1.0271
4279.0	16.879	1.0309
4280.0	16.98	1.0375
4281.0	17.019000000000002	1.0404
4282.0	16.964000000000002	1.0375
4283.0	16.909000000000002	1.0347
4284.0	16.901	1.0347
4285.0	16.94	1.0375
4286.0	16.995	1.0414
4287.0	17.05	1.0452
4288.0	17.042	1.0452
4289.0	16.971	1.0414
4290.0	17.057000000000002	1.0471
4291.0	17.128	1.052
4292.0	17.167	1.0549
4293.0	17.175	1.0558
4294.0	17.151	1.0549
4295.0	17.08	1.051
4296.0	17.025	1.0481
4297.0	16.97	1.0452
4298.0	16.947	1.0442
4299.0	16.892	1.0414
4300.0	16.838	1.0385
4301.0	16.814	1.0375
4302.0	16.807000000000002	1.0375
4303.0	16.845	1.0404
4304.0	16.869	1.0423
4305.0	16.954	1.0481
4306.0	17.009	1.052
4307.0	17.095	1.0578
4308.0	17.198	1.0646
4309.0	17.253	1.0686
4310.0	17.245	1.0686
4311.0	17.237000000000002	1.0686
4312.0	17.118	1.0617
4313.0	17.016	1.0558
4314.0	17.04	1.0578
4315.0	17.079	1.0607
4316.0	17.087	1.0617
4317.0	17.125999999999998	1.0646
4318.0	17.229	1.0715
4319.0	17.38	1.0814
4320.0	17.436	1.0854
4321.0	17.493	1.0894
4322.0	17.517	1.0914
4323.0	17.525	1.0924
4324.0	17.533	1.0935
4325.0	17.396	1.0854
4326.0	17.244	1.0765
4327.0	17.11	1.0686
4328.0	16.93	1.0578
4329.0	16.875	1.0549
4330.0	16.867	1.0549
4331.0	16.922	1.0588
4332.0	17.008	1.0646
4333.0	17.0	1.0646
4334.0	16.961	1.0627
4335.0	16.875	1.0578
4336.0	16.651	1.0442
4337.0	16.445	1.0318
4338.0	16.423	1.0309
4339.0	16.385	1.029
4340.0	16.422	1.0318
4341.0	16.476	1.0356
4342.0	16.544	1.0404
4343.0	16.643	1.0471
4344.0	16.697	1.051
4345.0	16.750999999999998	1.0549
4346.0	16.743	1.0549
4347.0	16.674	1.051
4348.0	16.62	1.0481
4349.0	16.736	1.0558
4350.0	16.836	1.0627
4351.0	16.906	1.0676
4352.0	16.914	1.0686
4353.0	16.906	1.0686
4354.0	16.898	1.0686
4355.0	16.844	1.0656
4356.0	16.867	1.0676
4357.0	16.875	1.0686
4358.0	16.867	1.0686
4359.0	16.906	1.0715
4360.0	16.961	1.0755
4361.0	17.0	1.0785
4362.0	17.039	1.0814
4363.0	17.063	1.0834
4364.0	17.15	1.0894
4365.0	17.142	1.0894
4366.0	17.165	1.0914
4367.0	17.173	1.0924
4368.0	17.165	1.0924
4369.0	17.221	1.0965
4370.0	17.308	1.1026
4371.0	17.364	1.1066
4372.0	17.34	1.1056
4373.0	17.253	1.1005
4374.0	17.213	1.0985
4375.0	17.125999999999998	1.0935
4376.0	17.102999999999998	1.0924
4377.0	17.253	1.1026
4378.0	17.373	1.1107
4379.0	17.429000000000002	1.1148
4380.0	17.518	1.121
4381.0	17.51	1.121
4382.0	17.485	1.12
4383.0	17.429000000000002	1.1169
4384.0	17.325	1.1107
4385.0	17.254	1.1066
4386.0	17.246	1.1066
4387.0	17.222	1.1056
4388.0	17.23	1.1066
4389.0	17.238	1.1076
4390.0	17.23	1.1076
4391.0	17.222	1.1076
4392.0	17.151	1.1036
4393.0	17.033	1.0965
4394.0	17.088	1.1005
4395.0	17.239	1.1107
4396.0	17.326	1.1169
4397.0	17.382	1.121
4398.0	17.374000000000002	1.121
4399.0	17.303	1.1169
4400.0	17.230999999999998	1.1128
4401.0	17.223	1.1128
4402.0	17.230999999999998	1.1138
4403.0	17.319000000000003	1.12
4404.0	17.423	1.1272
4405.0	17.383	1.1251
4406.0	17.327	1.122
4407.0	17.24	1.1169
4408.0	17.137	1.1107
4409.0	17.129	1.1107
4410.0	17.215999999999998	1.1169
4411.0	17.272000000000002	1.121
4412.0	17.328	1.1251
4413.0	17.368	1.1282
4414.0	17.296	1.1241
4415.0	17.177	1.1169
4416.0	17.17	1.1169
4417.0	17.225	1.121
4418.0	17.233	1.122
4419.0	17.257	1.1241
4420.0	17.313	1.1282
4421.0	17.369	1.1324
4422.0	17.425	1.1366
4423.0	17.498	1.1418
4424.0	17.555	1.146
4425.0	17.595	1.1492
4426.0	17.602999999999998	1.1503
4427.0	17.579	1.1492
4428.0	17.491	1.1439
4429.0	17.467	1.1429
4430.0	17.459	1.1429
4431.0	17.355	1.1366
4432.0	17.331	1.1355
4433.0	17.259	1.1314
4434.0	17.252	1.1314
4435.0	17.244	1.1314
4436.0	17.3	1.1355
4437.0	17.404	1.1429
4438.0	17.444000000000003	1.146
4439.0	17.404	1.1439
4440.0	17.38	1.1429
4441.0	17.324	1.1397
4442.0	17.205	1.1324
4443.0	17.182000000000002	1.1314
4444.0	17.237000000000002	1.1355
4445.0	17.325	1.1418
4446.0	17.397000000000002	1.1471
4447.0	17.47	1.1524
4448.0	17.477999999999998	1.1534
4449.0	17.422	1.1503
4450.0	17.366	1.1471
4451.0	17.358	1.1471
4452.0	17.334	1.146
4453.0	17.230999999999998	1.1397
4454.0	17.16	1.1355
4455.0	17.089000000000002	1.1314
4456.0	16.987000000000002	1.1251
4457.0	17.027	1.1282
4458.0	17.066	1.1314
4459.0	17.012	1.1282
4460.0	16.957	1.1251
4461.0	16.934	1.1241
4462.0	16.973	1.1272
4463.0	17.028	1.1314
4464.0	17.067999999999998	1.1345
4465.0	17.076	1.1355
4466.0	17.115	1.1387
4467.0	17.076	1.1366
4468.0	17.116	1.1397
4469.0	17.155	1.1429
4470.0	17.195	1.146
4471.0	17.283	1.1524
4472.0	17.243	1.1503
4473.0	17.172	1.146
4474.0	17.117	1.1429
4475.0	17.046	1.1387
4476.0	16.976	1.1345
4477.0	16.86	1.1272
4478.0	16.698	1.1169
4479.0	16.598	1.1107
4480.0	16.53	1.1066
4481.0	16.614	1.1128
4482.0	16.729	1.121
4483.0	16.846	1.1293
4484.0	16.930999999999997	1.1355
4485.0	16.97	1.1387
4486.0	16.932000000000002	1.1366
4487.0	16.8	1.1282
4488.0	16.593	1.1148
4489.0	16.479	1.1076
4490.0	16.563	1.1138
4491.0	16.647000000000002	1.12
4492.0	16.715999999999998	1.1251
4493.0	16.848	1.1345
4494.0	16.84	1.1345
4495.0	16.849	1.1355
4496.0	16.826	1.1345
4497.0	16.741	1.1293
4498.0	16.811	1.1345
4499.0	16.865	1.1387
4500.0	16.873	1.1397
4501.0	16.897000000000002	1.1418
4502.0	16.843	1.1387
4503.0	16.727	1.1314
4504.0	16.612000000000002	1.1241
4505.0	16.559	1.121
4506.0	16.506	1.1179
4507.0	16.605	1.1251
4508.0	16.69	1.1314
4509.0	16.79	1.1387
4510.0	16.907	1.1471
4511.0	16.993	1.1534
4512.0	17.048	1.1577
4513.0	17.151	1.1652
4514.0	17.285999999999998	1.1749
4515.0	17.31	1.1771
4516.0	17.191	1.1695
4517.0	17.073	1.162
4518.0	17.113	1.1652
4519.0	17.137	1.1673
4520.0	17.129	1.1673
4521.0	17.09	1.1652
4522.0	17.02	1.1609
4523.0	16.919	1.1545
4524.0	16.958	1.1577
4525.0	17.044	1.1641
4526.0	17.053	1.1652
4527.0	17.045	1.1652
4528.0	17.038	1.1652
4529.0	17.124000000000002	1.1717
4530.0	17.195999999999998	1.1771
4531.0	17.283	1.1836
4532.0	17.387999999999998	1.1912
4533.0	17.476	1.1978
4534.0	17.533	1.2023
4535.0	17.525	1.2023
4536.0	17.485	1.2
4537.0	17.462	1.1989
4538.0	17.454	1.1989
4539.0	17.462	1.2
4540.0	17.455	1.2
4541.0	17.415	1.1978
4542.0	17.311	1.1912
4543.0	17.24	1.1869
4544.0	17.185	1.1836
4545.0	17.160999999999998	1.1825
4546.0	17.217	1.1869
4547.0	17.273	1.1912
4548.0	17.202	1.1869
4549.0	17.147000000000002	1.1836
4550.0	17.187	1.1869
4551.0	17.243	1.1912
4552.0	17.283	1.1945
4553.0	17.355	1.2
4554.0	17.444000000000003	1.2067
4555.0	17.436	1.2067
4556.0	17.38	1.2034
4557.0	17.213	1.1923
4558.0	17.079	1.1836
4559.0	17.119	1.1869
4560.0	17.175	1.1912
4561.0	17.215	1.1945
4562.0	17.255	1.1978
4563.0	17.152	1.1912
4564.0	17.05	1.1847
4565.0	16.98	1.1803
4566.0	16.91	1.176
4567.0	16.840999999999998	1.1717
4568.0	16.802	1.1695
4569.0	16.779	1.1684
4570.0	16.881	1.176
4571.0	16.982	1.1836
4572.0	17.179000000000002	1.1978
4573.0	17.347	1.21
4574.0	17.451	1.2179
4575.0	17.557000000000002	1.2257
4576.0	17.565	1.2269
4577.0	17.557000000000002	1.2269
4578.0	17.534000000000002	1.2257
4579.0	17.429000000000002	1.219
4580.0	17.358	1.2145
4581.0	17.35	1.2145
4582.0	17.342	1.2145
4583.0	17.447	1.2224
4584.0	17.488	1.2257
4585.0	17.432000000000002	1.2224
4586.0	17.424	1.2224
4587.0	17.417	1.2224
4588.0	17.441	1.2246
4589.0	17.45	1.2257
4590.0	17.442	1.2257
4591.0	17.386	1.2224
4592.0	17.363	1.2212
4593.0	17.355	1.2212
4594.0	17.364	1.2224
4595.0	17.42	1.2269
4596.0	17.509	1.2337
4597.0	17.663	1.2451
4598.0	17.672	1.2462
4599.0	17.648	1.2451
4600.0	17.462	1.2325
4601.0	17.247	1.2179
4602.0	17.129	1.21
4603.0	17.074	1.2067
4604.0	17.067	1.2067
4605.0	17.059	1.2067
4606.0	17.052	1.2067
4607.0	17.139	1.2134
4608.0	17.195	1.2179
4609.0	17.203	1.219
4610.0	17.243	1.2224
4611.0	17.267	1.2246
4612.0	17.26	1.2246
4613.0	17.284000000000002	1.2269
4614.0	17.325	1.2303
4615.0	17.254	1.2257
4616.0	17.135	1.2179
4617.0	17.143	1.219
4618.0	17.247	1.2269
4619.0	17.335	1.2337
4620.0	17.44	1.2417
4621.0	17.529	1.2485
4622.0	17.586	1.2531
4623.0	17.643	1.2578
4624.0	17.506	1.2485
4625.0	17.354	1.2382
4626.0	17.235	1.2303
4627.0	17.164	1.2257
4628.0	17.141	1.2246
4629.0	17.086	1.2212
4630.0	17.032	1.2179
4631.0	17.024	1.2179
4632.0	17.017	1.2179
4633.0	17.057000000000002	1.2212
4634.0	17.097	1.2246
4635.0	17.089000000000002	1.2246
4636.0	17.098	1.2257
4637.0	17.153	1.2303
4638.0	17.241	1.2371
4639.0	17.186	1.2337
4640.0	17.131	1.2303
4641.0	17.061	1.2257
4642.0	17.006	1.2224
4643.0	16.983	1.2212
4644.0	16.992	1.2224
4645.0	17.031	1.2257
4646.0	17.024	1.2257
4647.0	17.032	1.2269
4648.0	17.055999999999997	1.2291
4649.0	17.065	1.2303
4650.0	17.12	1.2348
4651.0	17.16	1.2382
4652.0	17.153	1.2382
4653.0	17.13	1.2371
4654.0	17.06	1.2325
4655.0	16.958	1.2257
4656.0	16.842	1.2179
4657.0	16.695999999999998	1.2078
4658.0	16.658	1.2056
4659.0	16.789	1.2156
4660.0	16.922	1.2257
4661.0	17.04	1.2348
4662.0	17.238	1.2497
4663.0	17.342	1.2578
4664.0	17.002	1.2337
4665.0	16.995	1.2337
4666.0	16.987000000000002	1.2337
4667.0	16.98	1.2337
4668.0	16.973	1.2337
4669.0	16.965999999999998	1.2337
4670.0	16.958	1.2337
4671.0	16.951	1.2337
4672.0	16.991	1.2371
4673.0	16.999000000000002	1.2382
4674.0	16.992	1.2382
4675.0	17.016	1.2405
4676.0	17.024	1.2417
4677.0	17.000999999999998	1.2405
4678.0	16.963	1.2382
4679.0	16.94	1.2371
4680.0	16.902	1.2348
4681.0	16.879	1.2337
4682.0	16.855999999999998	1.2325
4683.0	16.864	1.2337
4684.0	16.873	1.2348
4685.0	16.897000000000002	1.2371
4686.0	16.905	1.2382
4687.0	16.898	1.2382
4688.0	16.922	1.2405
4689.0	16.914	1.2405
4690.0	16.923	1.2417
4691.0	16.916	1.2417
4692.0	16.908	1.2417
4693.0	16.901	1.2417
4694.0	16.894000000000002	1.2417
4695.0	16.902	1.2428
4696.0	16.926	1.2451
4697.0	16.935	1.2462
4698.0	16.928	1.2462
4699.0	16.952	1.2485
4700.0	16.96	1.2497
4702.0	17.008	1.2543
4704.0	17.088	1.2612
4706.0	17.136	1.2659
4708.0	17.232	1.2741
4710.0	17.313	1.2811
4712.0	17.378	1.2871
4714.0	17.444000000000003	1.293
4716.0	17.509	1.299
4718.0	17.543	1.3026
4720.0	17.48	1.299
4722.0	17.401	1.2942
4724.0	17.338	1.2906
4726.0	17.307000000000002	1.2894
4728.0	17.245	1.2859
4730.0	17.230999999999998	1.2859
4732.0	17.232	1.2871
4734.0	17.265	1.2906
4736.0	17.298	1.2942
4738.0	17.347	1.299
4740.0	17.429000000000002	1.3062
4742.0	17.477999999999998	1.311
4744.0	17.528	1.3158
4746.0	17.562	1.3195
4748.0	17.563	1.3207
4750.0	17.532	1.3195
4752.0	17.517	1.3195
4754.0	17.503	1.3195
4756.0	17.472	1.3183
4758.0	17.425	1.3158
4760.0	17.41	1.3158
4762.0	17.428	1.3183
4764.0	17.429000000000002	1.3195
4766.0	17.430999999999997	1.3207
4768.0	17.464000000000002	1.3243
4770.0	17.45	1.3243
4772.0	17.483	1.328
4774.0	17.485	1.3292
4776.0	17.502	1.3317
4778.0	17.535999999999998	1.3354
4780.0	17.537	1.3366
4782.0	17.539	1.3378
4784.0	17.555999999999997	1.3403
4786.0	17.59	1.344
4788.0	17.592	1.3452
4790.0	17.593	1.3465
4792.0	17.611	1.349
4794.0	17.596	1.349
4796.0	17.549	1.3465
4798.0	17.519000000000002	1.3452
4800.0	17.504	1.3452
4802.0	17.473	1.344
4804.0	17.491	1.3465
4806.0	17.525	1.3502
4808.0	17.559	1.3539
4810.0	17.593	1.3577
4812.0	17.643	1.3627
4814.0	17.692999999999998	1.3677
4816.0	17.777	1.3753
4818.0	17.827	1.3804
4820.0	17.878	1.3855
4822.0	17.896	1.388
4824.0	17.898	1.3893
4826.0	17.883	1.3893
4828.0	17.901	1.3919
4830.0	17.903	1.3932
4832.0	17.905	1.3944
4834.0	17.939	1.3983
4836.0	17.958	1.4009
4838.0	17.959	1.4022
4840.0	17.994	1.406
4842.0	17.979	1.406
4844.0	17.998	1.4086
4846.0	17.949	1.406
4848.0	17.902	1.4035
4850.0	17.871	1.4022
4852.0	17.807000000000002	1.3983
4854.0	17.726	1.3932
4856.0	17.663	1.3893
4858.0	17.567	1.3829
4860.0	17.456	1.3753
4862.0	17.394000000000002	1.3715
4864.0	17.363	1.3702
4866.0	17.349	1.3702
4868.0	17.351	1.3715
4870.0	17.384	1.3753
4872.0	17.434	1.3804
4874.0	17.533	1.3893
4876.0	17.664	1.4009
4878.0	17.78	1.4112
4880.0	17.881	1.4204
4882.0	17.948	1.4269
4884.0	18.05	1.4361
4886.0	18.067999999999998	1.4388
4888.0	18.053	1.4388
4890.0	18.039	1.4388
4892.0	18.024	1.4388
4894.0	17.976	1.4361
4896.0	17.928	1.4335
4898.0	17.897000000000002	1.4322
4900.0	17.899	1.4335
4902.0	17.884	1.4335
4904.0	17.87	1.4335
4906.0	17.855	1.4335
4908.0	17.840999999999998	1.4335
4910.0	17.826	1.4335
4912.0	17.812	1.4335
4914.0	17.781	1.4322
4916.0	17.766	1.4322
4918.0	17.768	1.4335
4920.0	17.785999999999998	1.4361
4922.0	17.805	1.4388
4924.0	17.84	1.4428
4926.0	17.858	1.4454
4928.0	17.893	1.4494
4930.0	17.944000000000003	1.4548
4932.0	17.979	1.4588
4934.0	18.031	1.4642
4936.0	18.05	1.4669
4938.0	18.085	1.471
4940.0	18.137	1.4764
4942.0	18.139	1.4777
4944.0	18.124000000000002	1.4777
4946.0	18.11	1.4777
4948.0	18.095	1.4777
4950.0	18.08	1.4777
4952.0	18.099	1.4805
4954.0	18.118	1.4832
4956.0	18.102999999999998	1.4832
4958.0	18.139	1.4873
4960.0	18.124000000000002	1.4873
4962.0	18.143	1.49
4964.0	18.128	1.49
4966.0	18.114	1.49
4968.0	18.099	1.49
4970.0	18.085	1.49
4972.0	18.07	1.49
4974.0	18.055	1.49
4976.0	18.041	1.49
4978.0	18.06	1.4928
4980.0	18.095	1.4969
4982.0	18.114	1.4997
4984.0	18.099	1.4997
4986.0	18.085	1.4997
4988.0	18.104	1.5024
4990.0	18.105999999999998	1.5038
4992.0	18.125	1.5066
4994.0	18.11	1.5066
4996.0	18.129	1.5094
4998.0	18.165	1.5136
5000.0	18.15	1.5136
5002.0	18.136	1.5136
5004.0	18.121	1.5136
5006.0	18.107	1.5136
5008.0	18.125999999999998	1.5163
5010.0	18.111	1.5163
5012.0	18.097	1.5163
5014.0	18.116	1.5191
5016.0	18.101	1.5191
5018.0	18.12	1.5219
5020.0	18.122	1.5234
5022.0	18.108	1.5234
5024.0	18.093	1.5234
5026.0	18.112000000000002	1.5262
5028.0	18.098	1.5262
5030.0	18.117	1.529
5032.0	18.102	1.529
5034.0	18.088	1.529
5036.0	18.074	1.529
5038.0	18.059	1.529
5040.0	18.012	1.5262
5042.0	17.998	1.5262
5044.0	18.016	1.529
5046.0	18.052	1.5332
5048.0	18.070999999999998	1.536
5050.0	18.09	1.5389
5052.0	18.125999999999998	1.5431
5054.0	18.145	1.546
5056.0	18.097	1.5431
5058.0	18.083	1.5431
5060.0	18.067999999999998	1.5431
5062.0	18.054000000000002	1.5431
5064.0	18.04	1.5431
5066.0	18.059	1.546
5068.0	18.078	1.5488
5070.0	18.114	1.5531
5072.0	18.133	1.556
5074.0	18.118	1.556
5076.0	18.137999999999998	1.5588
5078.0	18.14	1.5603
5080.0	18.125999999999998	1.5603
5082.0	18.111	1.5603
5084.0	18.097	1.5603
5086.0	18.116	1.5631
5088.0	18.102	1.5631
5090.0	18.088	1.5631
5092.0	18.107	1.566
5094.0	18.093	1.566
5096.0	18.112000000000002	1.5689
5098.0	18.098	1.5689
5100.0	18.1	1.5704
5102.0	18.086	1.5704
5104.0	18.072	1.5704
5106.0	18.090999999999998	1.5733
5108.0	18.077	1.5733
5110.0	18.096	1.5762
5112.0	18.082	1.5762
5114.0	18.084	1.5776
5116.0	18.102999999999998	1.5805
5118.0	18.089000000000002	1.5805
5120.0	18.108	1.5834
5122.0	18.144000000000002	1.5878
5124.0	18.164	1.5907
5126.0	18.183	1.5937
5128.0	18.202	1.5966
5130.0	18.238	1.601
5132.0	18.224	1.601
5134.0	18.21	1.601
5136.0	18.162	1.5981
5138.0	18.148	1.5981
5140.0	18.134	1.5981
5142.0	18.12	1.5981
5144.0	18.139	1.601
5146.0	18.125	1.601
5148.0	18.144000000000002	1.604
5150.0	18.164	1.6069
5152.0	18.166	1.6084
5154.0	18.169	1.6099
5156.0	18.155	1.6099
5158.0	18.158	1.6114
5160.0	18.16	1.6129
5162.0	18.163	1.6144
5164.0	18.166	1.6158
5166.0	18.151	1.6158
5168.0	18.154	1.6173
5170.0	18.157	1.6188
5172.0	18.16	1.6203
5174.0	18.162	1.6218
5176.0	18.148	1.6218
5178.0	18.151	1.6233
5180.0	18.154	1.6248
5182.0	18.156	1.6263
5184.0	18.159000000000002	1.6278
5186.0	18.145	1.6278
5188.0	18.148	1.6293
5190.0	18.15	1.6308
5192.0	18.153	1.6323
5194.0	18.156	1.6338
5196.0	18.159000000000002	1.6353
5198.0	18.145	1.6353
5200.0	18.147000000000002	1.6368
5202.0	18.15	1.6383
5204.0	18.153	1.6398
5206.0	18.156	1.6413
5208.0	18.158	1.6429
5210.0	18.160999999999998	1.6444
5212.0	18.164	1.6459
5214.0	18.2	1.6504
5216.0	18.186	1.6504
5218.0	18.172	1.6504
5220.0	18.158	1.6504
5222.0	18.178	1.6535
5224.0	18.164	1.6535
5226.0	18.15	1.6535
5228.0	18.17	1.6565
5230.0	18.156	1.6565
5232.0	18.159000000000002	1.6581
5234.0	18.145	1.6581
5236.0	18.131	1.6581
5238.0	18.1	1.6565
5240.0	18.053	1.6535
5242.0	18.04	1.6535
5244.0	18.026	1.6535
5246.0	18.012	1.6535
5248.0	18.032	1.6565
5250.0	18.034000000000002	1.6581
5252.0	18.054000000000002	1.6611
5254.0	18.073	1.6642
5256.0	18.11	1.6688
5258.0	18.096	1.6688
5260.0	18.115	1.6719
5262.0	18.102	1.6719
5264.0	18.088	1.6719
5266.0	18.107	1.6749
5268.0	18.094	1.6749
5270.0	18.08	1.6749
5272.0	18.083	1.6765
5274.0	18.102999999999998	1.6796
5276.0	18.089000000000002	1.6796
5278.0	18.075	1.6796
5280.0	18.095	1.6827
5282.0	18.081	1.6827
5284.0	18.067	1.6827
5286.0	18.054000000000002	1.6827
5288.0	18.04	1.6827
5290.0	18.026	1.6827
5292.0	18.012999999999998	1.6827
5294.0	17.999000000000002	1.6827
5296.0	17.986	1.6827
5298.0	17.972	1.6827
5300.0	17.958	1.6827
5302.0	17.945	1.6827
5304.0	17.930999999999997	1.6827
5306.0	17.918	1.6827
5308.0	17.904	1.6827
5310.0	17.924	1.6858
5312.0	17.91	1.6858
5314.0	17.913	1.6873
5316.0	17.933	1.6904
5318.0	17.952	1.6936
5320.0	17.972	1.6967
5322.0	17.975	1.6982
5324.0	17.995	1.7014
5326.0	17.980999999999998	1.7014
5328.0	18.000999999999998	1.7045
5330.0	18.021	1.7077
5332.0	18.024	1.7092
5334.0	18.043	1.7124
5336.0	18.03	1.7124
5338.0	18.049	1.7155
5340.0	18.035999999999998	1.7155
5342.0	18.022000000000002	1.7155
5344.0	18.009	1.7155
5346.0	17.962	1.7124
5348.0	17.949	1.7124
5350.0	17.935	1.7124
5352.0	17.922	1.7124
5354.0	17.909000000000002	1.7124
5356.0	17.928	1.7155
5358.0	17.948	1.7187
5360.0	17.951	1.7203
5362.0	17.938	1.7203
5364.0	17.924	1.7203
5366.0	17.944000000000003	1.7235
5368.0	17.964000000000002	1.7266
5370.0	17.95	1.7266
5372.0	17.954	1.7282
5374.0	17.973	1.7314
5376.0	17.96	1.7314
5378.0	17.98	1.7346
5380.0	17.965999999999998	1.7346
5382.0	17.953	1.7346
5384.0	17.939	1.7346
5386.0	17.926	1.7346
5388.0	17.913	1.7346
5390.0	17.9	1.7346
5392.0	17.919	1.7378
5394.0	17.906	1.7378
5396.0	17.893	1.7378
5398.0	17.929000000000002	1.7426
5400.0	17.916	1.7426
5402.0	17.935	1.7458
5404.0	17.972	1.7507
5406.0	17.958	1.7507
5408.0	17.977999999999998	1.7539
5410.0	17.965	1.7539
5412.0	17.952	1.7539
5414.0	17.971	1.7571
5416.0	17.958	1.7571
5418.0	17.945	1.7571
5420.0	17.965	1.7604
5422.0	17.952	1.7604
5424.0	17.955	1.762
5426.0	17.942	1.762
5428.0	17.912	1.7604
5430.0	17.866	1.7571
5432.0	17.852999999999998	1.7571
5434.0	17.839000000000002	1.7571
5436.0	17.859	1.7604
5438.0	17.862000000000002	1.762
5440.0	17.849	1.762
5442.0	17.869	1.7652
5444.0	17.889	1.7685
5446.0	17.892	1.7701
5448.0	17.912	1.7734
5450.0	17.899	1.7734
5452.0	17.886	1.7734
5454.0	17.906	1.7766
5456.0	17.893	1.7766
5458.0	17.879	1.7766
5460.0	17.866	1.7766
5462.0	17.852999999999998	1.7766
5464.0	17.873	1.7799
5466.0	17.86	1.7799
5468.0	17.863	1.7816
5470.0	17.883	1.7848
5472.0	17.87	1.7848
5474.0	17.89	1.7881
5476.0	17.877	1.7881
5478.0	17.864	1.7881
5480.0	17.884	1.7914
5482.0	17.871	1.7914
5484.0	17.874000000000002	1.7931
5486.0	17.861	1.7931
5488.0	17.881	1.7964
5490.0	17.868	1.7964
5492.0	17.855	1.7964
5494.0	17.842	1.7964
5496.0	17.829	1.7964
5498.0	17.816	1.7964
5500.0	17.836	1.7997
5502.0	17.823	1.7997
5504.0	17.843	1.803
5506.0	17.797	1.7997
5508.0	17.784000000000002	1.7997
5510.0	17.771	1.7997
5512.0	17.758	1.7997
5514.0	17.745	1.7997
5516.0	17.733	1.7997
5518.0	17.72	1.7997
5520.0	17.707	1.7997
5522.0	17.694000000000003	1.7997
5524.0	17.714000000000002	1.803
5526.0	17.701	1.803
5528.0	17.705	1.8047
5530.0	17.692	1.8047
5532.0	17.711	1.808
5534.0	17.699	1.808
5536.0	17.718	1.8113
5538.0	17.706	1.8113
5540.0	17.726	1.8147
5542.0	17.713	1.8147
5544.0	17.7	1.8147
5546.0	17.687	1.8147
5548.0	17.691	1.8164
5550.0	17.678	1.8164
5552.0	17.698	1.8197
5554.0	17.685	1.8197
5556.0	17.705	1.8231
5558.0	17.692	1.8231
5560.0	17.68	1.8231
5562.0	17.683	1.8247
5564.0	17.67	1.8247
5566.0	17.658	1.8247
5568.0	17.678	1.8281
5570.0	17.665	1.8281
5572.0	17.652	1.8281
5574.0	17.672	1.8315
5576.0	17.659000000000002	1.8315
5578.0	17.647000000000002	1.8315
5580.0	17.634	1.8315
5582.0	17.621	1.8315
5584.0	17.641	1.8348
5586.0	17.629	1.8348
5588.0	17.632	1.8365
5590.0	17.62	1.8365
5592.0	17.64	1.8399
5594.0	17.627	1.8399
5596.0	17.647000000000002	1.8433
5598.0	17.634	1.8433
5600.0	17.622	1.8433
5602.0	17.609	1.8433
5604.0	17.629	1.8467
5606.0	17.616	1.8467
5608.0	17.62	1.8484
5610.0	17.607	1.8484
5612.0	17.595	1.8484
5614.0	17.615	1.8518
5616.0	17.602	1.8518
5618.0	17.59	1.8518
5620.0	17.609	1.8552
5622.0	17.597	1.8552
5624.0	17.617	1.8586
5626.0	17.604	1.8586
5628.0	17.592	1.8586
5630.0	17.579	1.8586
5632.0	17.567	1.8586
5634.0	17.554000000000002	1.8586
5636.0	17.542	1.8586
5638.0	17.529	1.8586
5640.0	17.517	1.8586
5642.0	17.505	1.8586
5644.0	17.508	1.8604
5646.0	17.496	1.8604
5648.0	17.516	1.8638
5650.0	17.504	1.8638
5652.0	17.523	1.8672
5654.0	17.511	1.8672
5656.0	17.499000000000002	1.8672
5658.0	17.518	1.8707
5660.0	17.506	1.8707
5662.0	17.494	1.8707
5664.0	17.497	1.8724
5666.0	17.485	1.8724
5668.0	17.473	1.8724
5670.0	17.493	1.8759
5672.0	17.512	1.8793
5674.0	17.5	1.8793
5676.0	17.488	1.8793
5678.0	17.492	1.881
5680.0	17.512	1.8845
5682.0	17.499000000000002	1.8845
5684.0	17.487000000000002	1.8845
5686.0	17.475	1.8845
5688.0	17.462	1.8845
5690.0	17.45	1.8845
5692.0	17.47	1.888
5694.0	17.458	1.888
5696.0	17.477999999999998	1.8915
5698.0	17.480999999999998	1.8932
5700.0	17.500999999999998	1.8967
5702.0	17.521	1.9002
5704.0	17.509	1.9002
5706.0	17.497	1.9002
5708.0	17.484	1.9002
5710.0	17.472	1.9002
5712.0	17.46	1.9002
5714.0	17.416	1.8967
5716.0	17.403	1.8967
5718.0	17.391	1.8967
5720.0	17.379	1.8967
5722.0	17.367	1.8967
5724.0	17.355	1.8967
5726.0	17.343	1.8967
5728.0	17.331	1.8967
5730.0	17.319000000000003	1.8967
5732.0	17.305999999999997	1.8967
5734.0	17.294	1.8967
5736.0	17.282	1.8967
5738.0	17.27	1.8967
5740.0	17.258	1.8967
5742.0	17.278	1.9002
5744.0	17.266	1.9002
5746.0	17.285999999999998	1.9037
5748.0	17.29	1.9055
5750.0	17.278	1.9055
5752.0	17.297	1.909
5754.0	17.285	1.909
5756.0	17.273	1.909
5758.0	17.293	1.9125
5760.0	17.281	1.9125
5762.0	17.317	1.9178
5764.0	17.305	1.9178
5766.0	17.325	1.9213
5768.0	17.345	1.9249
5770.0	17.365	1.9284
5772.0	17.352999999999998	1.9284
5774.0	17.340999999999998	1.9284
5776.0	17.329	1.9284
5778.0	17.285	1.9249
5780.0	17.273	1.9249
5782.0	17.261	1.9249
5784.0	17.249000000000002	1.9249
5786.0	17.237000000000002	1.9249
5788.0	17.225	1.9249
5790.0	17.245	1.9284
5792.0	17.249000000000002	1.9302
5794.0	17.237000000000002	1.9302
5796.0	17.225	1.9302
5798.0	17.213	1.9302
5800.0	17.201	1.9302
5802.0	17.19	1.9302
5804.0	17.178	1.9302
5806.0	17.166	1.9302
5808.0	17.154	1.9302
5810.0	17.142	1.9302
5812.0	17.162	1.9338
5814.0	17.182000000000002	1.9373
5816.0	17.17	1.9373
5818.0	17.206	1.9427
5820.0	17.226	1.9463
5822.0	17.214000000000002	1.9463
5824.0	17.234	1.9498
5826.0	17.222	1.9498
5828.0	17.226	1.9516
5830.0	17.214000000000002	1.9516
5832.0	17.202	1.9516
5834.0	17.222	1.9552
5836.0	17.21	1.9552
5838.0	17.199	1.9552
5840.0	17.187	1.9552
5842.0	17.175	1.9552
5844.0	17.163	1.9552
5846.0	17.151	1.9552
5848.0	17.171	1.9588
5850.0	17.16	1.9588
5852.0	17.148	1.9588
5854.0	17.136	1.9588
5856.0	17.124000000000002	1.9588
5858.0	17.113	1.9588
5860.0	17.101	1.9588
5862.0	17.089000000000002	1.9588
5864.0	17.046	1.9552
5866.0	17.035	1.9552
5868.0	17.023	1.9552
5870.0	17.012	1.9552
5872.0	17.0	1.9552
5874.0	16.988	1.9552
5876.0	17.008	1.9588
5878.0	16.996	1.9588
5880.0	17.016	1.9625
5882.0	17.02	1.9643
5884.0	17.04	1.9679
5886.0	17.090999999999998	1.9751
5888.0	17.127	1.9806
5890.0	17.147000000000002	1.9843
5892.0	17.183	1.9898
5894.0	17.171	1.9898
5896.0	17.191	1.9934
5898.0	17.18	1.9934
5900.0	17.168	1.9934
5902.0	17.125	1.9898
5904.0	17.113	1.9898
5906.0	17.101	1.9898
5908.0	17.058	1.9861
5910.0	17.031	1.9843
5912.0	17.02	1.9843
5914.0	17.008	1.9843
5916.0	16.965	1.9806
5918.0	16.954	1.9806
5920.0	16.910999999999998	1.977
5922.0	16.930999999999997	1.9806
5924.0	16.92	1.9806
5926.0	16.939	1.9843
5928.0	16.944000000000003	1.9861
5930.0	16.963	1.9898
5932.0	16.983	1.9934
5934.0	16.972	1.9934
5936.0	16.992	1.9971
5938.0	16.98	1.9971
5940.0	16.969	1.9971
5942.0	16.957	1.9971
5944.0	16.945999999999998	1.9971
5946.0	16.95	1.9989
5948.0	16.97	2.0026
5950.0	16.99	2.0063
5952.0	16.977999999999998	2.0063
5954.0	16.998	2.01
5956.0	17.002	2.0119
5958.0	16.991	2.0119
5960.0	17.011	2.0156
5962.0	17.0	2.0156
5964.0	16.988	2.0156
5966.0	16.977	2.0156
5968.0	16.965	2.0156
5970.0	16.954	2.0156
5972.0	16.974	2.0193
5974.0	16.963	2.0193
5976.0	16.951	2.0193
5978.0	16.971	2.023
5980.0	16.96	2.023
5982.0	16.948	2.023
5984.0	16.937	2.023
5986.0	16.941	2.0249
5988.0	16.93	2.0249
5990.0	16.903	2.023
5992.0	16.892	2.023
5994.0	16.896	2.0249
5996.0	16.885	2.0249
5998.0	16.874000000000002	2.0249
6000.0	16.862000000000002	2.0249
6002.0	16.882	2.0286
6004.0	16.902	2.0324
6006.0	16.891	2.0324
6008.0	16.910999999999998	2.0361
6010.0	16.915	2.038
6012.0	16.935	2.0417
6014.0	16.924	2.0417
6016.0	16.912	2.0417
6018.0	16.901	2.0417
6020.0	16.89	2.0417
6022.0	16.879	2.0417
6024.0	16.867	2.0417
6026.0	16.855999999999998	2.0417
6028.0	16.845	2.0417
6030.0	16.834	2.0417
6032.0	16.823	2.0417
6034.0	16.812	2.0417
6036.0	16.832	2.0455
6038.0	16.82	2.0455
6040.0	16.825	2.0474
6042.0	16.844	2.0512
6044.0	16.833	2.0512
6046.0	16.822	2.0512
6048.0	16.842	2.0549
6050.0	16.831	2.0549
6052.0	16.82	2.0549
6054.0	16.809	2.0549
6056.0	16.798	2.0549
6058.0	16.787	2.0549
6060.0	16.775	2.0549
6062.0	16.764	2.0549
6064.0	16.753	2.0549
6066.0	16.742	2.0549
6068.0	16.730999999999998	2.0549
6070.0	16.72	2.0549
6072.0	16.709	2.0549
6074.0	16.729	2.0587
6076.0	16.718	2.0587
6078.0	16.722	2.0606
6080.0	16.742	2.0644
6082.0	16.730999999999998	2.0644
6084.0	16.750999999999998	2.0682
6086.0	16.74	2.0682
6088.0	16.76	2.0721
6090.0	16.749000000000002	2.0721
6092.0	16.738	2.0721
6094.0	16.695999999999998	2.0682
6096.0	16.685	2.0682
6098.0	16.674	2.0682
6100.0	16.633	2.0644
6102.0	16.622	2.0644
6104.0	16.611	2.0644
6106.0	16.6	2.0644
6108.0	16.62	2.0682
6110.0	16.609	2.0682
6112.0	16.598	2.0682
6114.0	16.618	2.0721
6116.0	16.622	2.074
6118.0	16.642	2.0778
6120.0	16.662	2.0816
6122.0	16.680999999999997	2.0854
6124.0	16.686	2.0874
6126.0	16.706	2.0912
6128.0	16.695	2.0912
6130.0	16.684	2.0912
6132.0	16.673	2.0912
6134.0	16.662	2.0912
6136.0	16.651	2.0912
6138.0	16.641	2.0912
6140.0	16.599	2.0874
6142.0	16.588	2.0874
6144.0	16.577	2.0874
6146.0	16.567	2.0874
6148.0	16.541	2.0854
6150.0	16.499000000000002	2.0816
6152.0	16.519000000000002	2.0854
6154.0	16.508	2.0854
6156.0	16.512999999999998	2.0874
6158.0	16.533	2.0912
6160.0	16.522000000000002	2.0912
6162.0	16.542	2.0951
6164.0	16.531	2.0951
6166.0	16.551	2.0989
6168.0	16.54	2.0989
6170.0	16.544	2.1009
6172.0	16.534000000000002	2.1009
6174.0	16.553	2.1047
6176.0	16.512	2.1009
6178.0	16.502	2.1009
6180.0	16.491	2.1009
6182.0	16.465	2.0989
6184.0	16.454	2.0989
6186.0	16.413	2.0951
6188.0	16.433	2.0989
6190.0	16.423	2.0989
6192.0	16.427	2.1009
6194.0	16.416	2.1009
6196.0	16.406	2.1009
6198.0	16.425	2.1047
6200.0	16.415	2.1047
6202.0	16.404	2.1047
6204.0	16.394000000000002	2.1047
6206.0	16.413	2.1086
6208.0	16.403	2.1086
6210.0	16.392	2.1086
6212.0	16.382	2.1086
6214.0	16.371	2.1086
6216.0	16.375999999999998	2.1106
6218.0	16.365	2.1106
6220.0	16.355	2.1106
6222.0	16.344	2.1106
6224.0	16.334	2.1106
6226.0	16.323	2.1106
6228.0	16.313	2.1106
6230.0	16.302	2.1106
6232.0	16.292	2.1106
6234.0	16.311	2.1145
6236.0	16.301	2.1145
6238.0	16.29	2.1145
6240.0	16.31	2.1184
6242.0	16.299	2.1184
6244.0	16.289	2.1184
6246.0	16.279	2.1184
6248.0	16.268	2.1184
6250.0	16.288	2.1223
6252.0	16.277	2.1223
6254.0	16.282	2.1242
6256.0	16.301	2.1281
6258.0	16.291	2.1281
6260.0	16.281	2.1281
6262.0	16.27	2.1281
6264.0	16.26	2.1281
6266.0	16.249000000000002	2.1281
6268.0	16.239	2.1281
6270.0	16.229	2.1281
6272.0	16.218	2.1281
6274.0	16.208	2.1281
6276.0	16.198	2.1281
6278.0	16.217	2.1321
6280.0	16.207	2.1321
6282.0	16.197	2.1321
6284.0	16.215999999999998	2.136
6286.0	16.206	2.136
6288.0	16.21	2.138
6290.0	16.2	2.138
6292.0	16.175	2.136
6294.0	16.165	2.136
6296.0	16.154	2.136
6298.0	16.144000000000002	2.136
6300.0	16.104	2.1321
6302.0	16.094	2.1321
6304.0	16.113	2.136
6306.0	16.102999999999998	2.136
6308.0	16.093	2.136
6310.0	16.098	2.138
6312.0	16.087	2.138
6314.0	16.077	2.138
6316.0	16.097	2.1419
6318.0	16.116	2.1459
6320.0	16.105999999999998	2.1459
6322.0	16.125	2.1498
6324.0	16.13	2.1518
6326.0	16.12	2.1518
6328.0	16.139	2.1558
6330.0	16.129	2.1558
6332.0	16.119	2.1558
6334.0	16.109	2.1558
6336.0	16.128	2.1597
6338.0	16.118	2.1597
6340.0	16.108	2.1597
6342.0	16.098	2.1597
6344.0	16.088	2.1597
6346.0	16.078	2.1597
6348.0	16.097	2.1637
6350.0	16.102	2.1657
6352.0	16.092	2.1657
6354.0	16.081	2.1657
6356.0	16.070999999999998	2.1657
6358.0	16.061	2.1657
6360.0	16.035999999999998	2.1637
6362.0	16.026	2.1637
6364.0	16.031	2.1657
6366.0	16.021	2.1657
6368.0	16.04	2.1697
6370.0	16.03	2.1697
6372.0	16.02	2.1697
6374.0	16.04	2.1737
6376.0	16.03	2.1737
6378.0	16.02	2.1737
6380.0	16.01	2.1737
6382.0	16.0	2.1737
6384.0	16.004	2.1757
6386.0	16.024	2.1797
6388.0	16.014	2.1797
6390.0	16.004	2.1797
6392.0	15.994000000000002	2.1797
6394.0	15.984000000000002	2.1797
6396.0	15.974	2.1797
6398.0	15.964	2.1797
6400.0	15.954	2.1797
6402.0	15.944	2.1797
6404.0	15.934000000000001	2.1797
6406.0	15.924000000000001	2.1797
6408.0	15.914000000000001	2.1797
6410.0	15.904000000000002	2.1797
6412.0	15.894	2.1797
6414.0	15.913	2.1837
6416.0	15.933	2.1878
6418.0	15.923	2.1878
6420.0	15.913	2.1878
6422.0	15.902999999999999	2.1878
6424.0	15.892999999999999	2.1878
6426.0	15.883	2.1878
6428.0	15.873	2.1878
6430.0	15.863	2.1878
6432.0	15.868	2.1898
6434.0	15.857999999999999	2.1898
6436.0	15.878	2.1938
6438.0	15.868	2.1938
6440.0	15.887	2.1978
6442.0	15.877	2.1978
6444.0	15.897	2.2019
6446.0	15.902000000000001	2.2039
6448.0	15.892000000000001	2.2039
6450.0	15.882	2.2039
6452.0	15.872	2.2039
6454.0	15.862	2.2039
6456.0	15.852	2.2039
6458.0	15.843	2.2039
6460.0	15.818	2.2019
6462.0	15.808	2.2019
6464.0	15.769	2.1978
6466.0	15.76	2.1978
6468.0	15.75	2.1978
6470.0	15.74	2.1978
6472.0	15.73	2.1978
6474.0	15.720999999999998	2.1978
6476.0	15.710999999999999	2.1978
6478.0	15.700999999999999	2.1978
6480.0	15.692	2.1978
6482.0	15.682	2.1978
6484.0	15.672	2.1978
6486.0	15.663	2.1978
6488.0	15.652999999999999	2.1978
6490.0	15.642999999999999	2.1978
6492.0	15.663	2.2019
6494.0	15.652999999999999	2.2019
6496.0	15.642999999999999	2.2019
6498.0	15.605	2.1978
6500.0	15.567	2.1938
6502.0	15.514000000000001	2.1878
6504.0	15.475999999999999	2.1837
6506.0	15.437999999999999	2.1797
6508.0	15.386	2.1737
6510.0	15.377	2.1737
6512.0	15.339	2.1697
6514.0	15.300999999999998	2.1657
6516.0	15.292	2.1657
6518.0	15.282	2.1657
6520.0	15.259	2.1637
6522.0	15.25	2.1637
6524.0	15.212	2.1597
6526.0	15.203	2.1597
6528.0	15.194	2.1597
6530.0	15.155999999999999	2.1558
6532.0	15.147	2.1558
6534.0	15.11	2.1518
6536.0	15.059000000000001	2.1459
6538.0	14.994000000000002	2.138
6540.0	14.915999999999999	2.1281
6542.0	14.839	2.1184
6544.0	14.762	2.1086
6546.0	14.658	2.0951
6548.0	14.555	2.0816
6550.0	14.452	2.0682
6552.0	14.324000000000002	2.0512
6554.0	14.184000000000001	2.0324
6556.0	14.059000000000001	2.0156
6558.0	13.921	1.9971
6560.0	13.798	1.9806
6562.0	13.663	1.9625
6564.0	13.579	1.9516
6566.0	13.509	1.9427
6568.0	13.439	1.9338
6570.0	13.492	1.9427
6572.0	13.534	1.9498
6574.0	13.588	1.9588
6576.0	13.706	1.977
6578.0	13.811	1.9934
6580.0	13.931	2.0119
6582.0	14.064	2.0324
6584.0	14.185	2.0512
6586.0	14.321	2.0721
6588.0	14.418	2.0874
6590.0	14.529000000000002	2.1047
6592.0	14.615	2.1184
6594.0	14.645999999999999	2.1242
6596.0	14.690999999999999	2.1321
6598.0	14.75	2.1419
6600.0	14.767999999999999	2.1459
6602.0	14.8	2.1518
6604.0	14.845999999999998	2.1597
6606.0	14.878	2.1657
6608.0	14.895999999999999	2.1697
6610.0	14.915	2.1737
6612.0	14.947000000000001	2.1797
6614.0	14.993	2.1878
6616.0	15.025	2.1938
6618.0	15.072000000000001	2.2019
6620.0	15.104000000000001	2.208
6622.0	15.123	2.2121
6624.0	15.155999999999999	2.2182
6626.0	15.147	2.2182
6628.0	15.165	2.2223
6630.0	15.155999999999999	2.2223
6632.0	15.147	2.2223
6634.0	15.138	2.2223
6636.0	15.129000000000001	2.2223
6638.0	15.092	2.2182
6640.0	15.083	2.2182
6642.0	15.074000000000002	2.2182
6644.0	15.065	2.2182
6646.0	15.042	2.2161
6648.0	15.047	2.2182
6650.0	15.038	2.2182
6652.0	15.027999999999999	2.2182
6654.0	15.047	2.2223
6656.0	15.065999999999999	2.2264
6658.0	15.057	2.2264
6660.0	15.062000000000001	2.2284
6662.0	15.08	2.2325
6664.0	15.071	2.2325
6666.0	15.062000000000001	2.2325
6668.0	15.081	2.2367
6670.0	15.072000000000001	2.2367
6672.0	15.091	2.2408
6674.0	15.095999999999998	2.2428
6676.0	15.114	2.247
6678.0	15.105	2.247
6680.0	15.124	2.2511
6682.0	15.115	2.2511
6684.0	15.106	2.2511
6686.0	15.097000000000001	2.2511
6688.0	15.088	2.2511
6690.0	15.079	2.2511
6692.0	15.07	2.2511
6694.0	15.089	2.2553
6696.0	15.08	2.2553
6698.0	15.071	2.2553
6700.0	15.062000000000001	2.2553
6702.0	15.067	2.2574
6704.0	15.058	2.2574
6706.0	15.049000000000001	2.2574
6708.0	15.04	2.2574
6710.0	15.030999999999999	2.2574
6712.0	15.022	2.2574
6714.0	15.013	2.2574
6716.0	15.004000000000001	2.2574
6718.0	14.995	2.2574
6720.0	15.014000000000001	2.2615
6722.0	15.005	2.2615
6724.0	14.995999999999999	2.2615
6726.0	14.987	2.2615
6728.0	14.978	2.2615
6730.0	14.940999999999999	2.2574
6732.0	14.919	2.2553
6734.0	14.91	2.2553
6736.0	14.901	2.2553
6738.0	14.892000000000001	2.2553
6740.0	14.897	2.2574
6742.0	14.915999999999999	2.2615
6744.0	14.907	2.2615
6746.0	14.925	2.2657
6748.0	14.944	2.2699
6750.0	14.949000000000002	2.272
6752.0	14.94	2.272
6754.0	14.959000000000001	2.2761
6756.0	14.95	2.2761
6758.0	14.969000000000001	2.2803
6760.0	14.96	2.2803
6762.0	14.992	2.2867
6764.0	14.984000000000002	2.2867
6766.0	14.975	2.2867
6768.0	14.993	2.2909
6770.0	14.985	2.2909
6772.0	14.975999999999999	2.2909
6774.0	14.967	2.2909
6776.0	14.958	2.2909
6778.0	14.949000000000002	2.2909
6780.0	14.94	2.2909
6782.0	14.932	2.2909
6784.0	14.895	2.2867
6786.0	14.887	2.2867
6788.0	14.905	2.2909
6790.0	14.924000000000001	2.2951
6792.0	14.915	2.2951
6794.0	14.948	2.3014
6796.0	14.966	2.3057
6798.0	14.957	2.3057
6800.0	14.975999999999999	2.3099
6802.0	14.967	2.3099
6804.0	14.959000000000001	2.3099
6806.0	14.95	2.3099
6808.0	14.940999999999999	2.3099
6810.0	14.932	2.3099
6812.0	14.923	2.3099
6814.0	14.915	2.3099
6816.0	14.879000000000001	2.3057
6818.0	14.87	2.3057
6820.0	14.860999999999999	2.3057
6822.0	14.825	2.3014
6824.0	14.815999999999999	2.3014
6826.0	14.808	2.3014
6828.0	14.799000000000001	2.3014
6830.0	14.818	2.3057
6832.0	14.809000000000001	2.3057
6834.0	14.828	2.3099
6836.0	14.833	2.3121
6838.0	14.850999999999999	2.3163
6840.0	14.87	2.3206
6842.0	14.889000000000001	2.3249
6844.0	14.88	2.3249
6846.0	14.844000000000001	2.3206
6848.0	14.835	2.3206
6850.0	14.84	2.3227
6852.0	14.832	2.3227
6854.0	14.837	2.3249
6856.0	14.828	2.3249
6858.0	14.833	2.327
6860.0	14.838	2.3292
6862.0	14.829	2.3292
6864.0	14.834000000000001	2.3313
6866.0	14.825999999999999	2.3313
6868.0	14.831	2.3334
6870.0	14.822000000000001	2.3334
6872.0	14.812999999999999	2.3334
6874.0	14.818	2.3356
6876.0	14.81	2.3356
6878.0	14.815	2.3378
6880.0	14.806	2.3378
6882.0	14.811	2.3399
6884.0	14.802999999999999	2.3399
6886.0	14.794	2.3399
6888.0	14.799000000000001	2.3421
6890.0	14.79	2.3421
6892.0	14.782	2.3421
6894.0	14.787	2.3442
6896.0	14.777999999999999	2.3442
6898.0	14.77	2.3442
6900.0	14.775	2.3464
6902.0	14.765999999999998	2.3464
6904.0	14.758	2.3464
6906.0	14.749	2.3464
6908.0	14.754000000000001	2.3486
6910.0	14.745999999999999	2.3486
6912.0	14.737	2.3486
6914.0	14.729000000000001	2.3486
6916.0	14.734000000000002	2.3507
6918.0	14.725	2.3507
6920.0	14.717	2.3507
6922.0	14.708	2.3507
6924.0	14.7	2.3507
6926.0	14.690999999999999	2.3507
6928.0	14.696	2.3529
6930.0	14.687999999999999	2.3529
6932.0	14.679	2.3529
6934.0	14.671	2.3529
6936.0	14.662	2.3529
6938.0	14.654000000000002	2.3529
6940.0	14.645	2.3529
6942.0	14.637	2.3529
6944.0	14.629000000000001	2.3529
6946.0	14.62	2.3529
6948.0	14.612	2.3529
6950.0	14.603	2.3529
6952.0	14.555	2.3464
6954.0	14.573	2.3507
6956.0	14.592	2.355
6958.0	14.583	2.355
6960.0	14.575	2.355
6962.0	14.565999999999999	2.355
6964.0	14.558	2.355
6966.0	14.523	2.3507
6968.0	14.515	2.3507
6970.0	14.505999999999998	2.3507
6972.0	14.525	2.355
6974.0	14.53	2.3572
6976.0	14.520999999999999	2.3572
6978.0	14.513	2.3572
6980.0	14.530999999999999	2.3616
6982.0	14.523	2.3616
6984.0	14.515	2.3616
6986.0	14.507	2.3616
6988.0	14.498	2.3616
6990.0	14.463	2.3572
6992.0	14.455	2.3572
6994.0	14.447000000000001	2.3572
6996.0	14.437999999999999	2.3572
6998.0	14.43	2.3572
7000.0	14.409	2.355
7002.0	14.4	2.355
7004.0	14.392000000000001	2.355
7006.0	14.384	2.355
7008.0	14.389000000000001	2.3572
7010.0	14.380999999999998	2.3572
7012.0	14.373	2.3572
7014.0	14.390999999999998	2.3616
7016.0	14.383	2.3616
7018.0	14.375	2.3616
7020.0	14.366	2.3616
7022.0	14.357999999999999	2.3616
7024.0	14.35	2.3616
7026.0	14.342	2.3616
7028.0	14.334000000000001	2.3616
7030.0	14.325999999999999	2.3616
7032.0	14.317	2.3616
7034.0	14.335999999999999	2.3659
7036.0	14.327	2.3659
7038.0	14.319	2.3659
7040.0	14.324000000000002	2.3681
7042.0	14.315999999999999	2.3681
7044.0	14.295	2.3659
7046.0	14.287	2.3659
7048.0	14.279000000000002	2.3659
7050.0	14.270999999999999	2.3659
7052.0	14.235999999999999	2.3616
7054.0	14.228	2.3616
7056.0	14.194	2.3572
7058.0	14.186	2.3572
7060.0	14.177999999999999	2.3572
7062.0	14.17	2.3572
7064.0	14.162	2.3572
7066.0	14.154000000000002	2.3572
7068.0	14.133	2.355
7070.0	14.125	2.355
7072.0	14.117	2.355
7074.0	14.122	2.3572
7076.0	14.14	2.3616
7078.0	14.158	2.3659
7080.0	14.163	2.3681
7082.0	14.181	2.3725
7084.0	14.199000000000002	2.3768
7086.0	14.217	2.3812
7088.0	14.209000000000001	2.3812
7090.0	14.241	2.3878
7092.0	14.206	2.3834
7094.0	14.198	2.3834
7096.0	14.177	2.3812
7098.0	14.169	2.3812
7100.0	14.135	2.3768
7102.0	14.100999999999999	2.3725
7104.0	14.093	2.3725
7106.0	14.110999999999999	2.3768
7108.0	14.104000000000001	2.3768
7110.0	14.095999999999998	2.3768
7112.0	14.114	2.3812
7114.0	14.106	2.3812
7116.0	14.110999999999999	2.3834
7118.0	14.129000000000001	2.3878
7120.0	14.120999999999999	2.3878
7122.0	14.139000000000001	2.3922
7124.0	14.130999999999998	2.3922
7126.0	14.162	2.3988
7128.0	14.154000000000002	2.3988
7130.0	14.172	2.4032
7132.0	14.164000000000001	2.4032
7134.0	14.155999999999999	2.4032
7136.0	14.175	2.4077
7138.0	14.167	2.4077
7140.0	14.185	2.4121
7142.0	14.177	2.4121
7144.0	14.182	2.4143
7146.0	14.174000000000001	2.4143
7148.0	14.165999999999999	2.4143
7150.0	14.158	2.4143
7152.0	14.15	2.4143
7154.0	14.142000000000001	2.4143
7156.0	14.134	2.4143
7158.0	14.127	2.4143
7160.0	14.119000000000002	2.4143
7162.0	14.097999999999999	2.4121
7164.0	14.103	2.4143
7166.0	14.095	2.4143
7168.0	14.113	2.4188
7170.0	14.105	2.4188
7172.0	14.123	2.4233
7174.0	14.116	2.4233
7176.0	14.134	2.4277
7178.0	14.126	2.4277
7180.0	14.092	2.4233
7182.0	14.084000000000001	2.4233
7184.0	14.075999999999999	2.4233
7186.0	14.068	2.4233
7188.0	14.035	2.4188
7190.0	14.027000000000001	2.4188
7192.0	14.019	2.4188
7194.0	14.011	2.4188
7196.0	13.978	2.4143
7198.0	13.957	2.4121
7200.0	13.924000000000001	2.4077
7202.0	13.915999999999999	2.4077
7204.0	13.883	2.4032
7206.0	13.875	2.4032
7208.0	13.892999999999999	2.4077
7210.0	13.911	2.4121
7212.0	13.915999999999999	2.4143
7214.0	13.934000000000001	2.4188
7216.0	13.925999999999998	2.4188
7218.0	13.944	2.4233
7220.0	13.936	2.4233
7222.0	13.967	2.43
7224.0	13.959000000000001	2.43
7226.0	13.952	2.43
7228.0	13.97	2.4344
7230.0	13.962	2.4344
7232.0	13.927999999999999	2.43
7234.0	13.921	2.43
7236.0	13.9	2.4277
7238.0	13.867	2.4233
7240.0	13.834000000000001	2.4188
7242.0	13.788	2.4121
7244.0	13.755	2.4077
7246.0	13.722000000000001	2.4032
7248.0	13.689	2.3988
7250.0	13.682	2.3988
7252.0	13.674000000000001	2.3988
7254.0	13.667	2.3988
7256.0	13.659	2.3988
7258.0	13.652000000000001	2.3988
7260.0	13.644	2.3988
7262.0	13.637	2.3988
7264.0	13.629000000000001	2.3988
7266.0	13.622	2.3988
7268.0	13.614	2.3988
7270.0	13.607000000000001	2.3988
7272.0	13.587	2.3966
7274.0	13.592	2.3988
7276.0	13.584000000000001	2.3988
7278.0	13.602	2.4032
7280.0	13.594000000000001	2.4032
7282.0	13.612	2.4077
7284.0	13.63	2.4121
7286.0	13.635	2.4143
7288.0	13.627	2.4143
7290.0	13.62	2.4143
7292.0	13.612	2.4143
7294.0	13.605	2.4143
7296.0	13.585	2.4121
7298.0	13.552	2.4077
7300.0	13.545	2.4077
7302.0	13.512	2.4032
7304.0	13.505	2.4032
7306.0	13.498	2.4032
7308.0	13.466	2.3988
7310.0	13.458	2.3988
7312.0	13.450999999999999	2.3988
7314.0	13.443	2.3988
7316.0	13.436	2.3988
7318.0	13.429	2.3988
7320.0	13.421	2.3988
7322.0	13.414000000000001	2.3988
7324.0	13.407	2.3988
7326.0	13.424000000000001	2.4032
7328.0	13.417	2.4032
7330.0	13.409	2.4032
7332.0	13.427	2.4077
7334.0	13.444	2.4121
7336.0	13.449000000000002	2.4143
7338.0	13.442	2.4143
7340.0	13.46	2.4188
7342.0	13.452	2.4188
7344.0	13.445	2.4188
7346.0	13.462	2.4233
7348.0	13.455	2.4233
7350.0	13.448	2.4233
7352.0	13.44	2.4233
7354.0	13.408	2.4188
7356.0	13.401	2.4188
7358.0	13.394	2.4188
7360.0	13.362	2.4143
7362.0	13.355	2.4143
7364.0	13.347000000000001	2.4143
7366.0	13.34	2.4143
7368.0	13.333	2.4143
7370.0	13.325999999999999	2.4143
7372.0	13.318	2.4143
7374.0	13.311	2.4143
7376.0	13.304	2.4143
7378.0	13.321	2.4188
7380.0	13.314	2.4188
7382.0	13.331	2.4233
7384.0	13.349	2.4277
7386.0	13.354000000000001	2.43
7388.0	13.370999999999999	2.4344
7390.0	13.389000000000001	2.4389
7392.0	13.380999999999998	2.4389
7394.0	13.386	2.4412
7396.0	13.404000000000002	2.4457
7398.0	13.395999999999999	2.4457
7400.0	13.389000000000001	2.4457
7402.0	13.382	2.4457
7404.0	13.375	2.4457
7406.0	13.368	2.4457
7408.0	13.324000000000002	2.4389
7410.0	13.315999999999999	2.4389
7412.0	13.285	2.4344
7414.0	13.277999999999999	2.4344
7416.0	13.27	2.4344
7418.0	13.263	2.4344
7420.0	13.255999999999998	2.4344
7422.0	13.249	2.4344
7424.0	13.242	2.4344
7426.0	13.235	2.4344
7428.0	13.203	2.43
7430.0	13.196	2.43
7432.0	13.189	2.43
7434.0	13.182	2.43
7436.0	13.175	2.43
7438.0	13.168	2.43
7440.0	13.185	2.4344
7442.0	13.177999999999999	2.4344
7444.0	13.195	2.4389
7446.0	13.187999999999999	2.4389
7448.0	13.193	2.4412
7450.0	13.186	2.4412
7452.0	13.179	2.4412
7454.0	13.172	2.4412
7456.0	13.189	2.4457
7458.0	13.182	2.4457
7460.0	13.175	2.4457
7462.0	13.192	2.4502
7464.0	13.209000000000001	2.4547
7466.0	13.214	2.457
7468.0	13.232000000000001	2.4615
7470.0	13.224	2.4615
7472.0	13.242	2.466
7474.0	13.235	2.466
7476.0	13.203	2.4615
7478.0	13.196	2.4615
7480.0	13.165	2.457
7482.0	13.145999999999999	2.4547
7484.0	13.139000000000001	2.4547
7486.0	13.107999999999999	2.4502
7488.0	13.075999999999999	2.4457
7490.0	13.045	2.4412
7492.0	13.038	2.4412
7494.0	13.030999999999999	2.4412
7496.0	13.048	2.4457
7498.0	13.042	2.4457
7500.0	13.059000000000001	2.4502
7502.0	13.088	2.457
7504.0	13.105	2.4615
7506.0	13.097999999999999	2.4615
7508.0	13.115	2.466
7510.0	13.107999999999999	2.466
7512.0	13.100999999999999	2.466
7514.0	13.094000000000001	2.466
7516.0	13.087	2.466
7518.0	13.08	2.466
7520.0	13.049000000000001	2.4615
7522.0	13.042	2.4615
7524.0	13.035	2.4615
7526.0	13.027999999999999	2.4615
7528.0	13.045	2.466
7530.0	13.015	2.4615
7532.0	13.008	2.4615
7534.0	13.001	2.4615
7536.0	12.994000000000002	2.4615
7538.0	12.987	2.4615
7540.0	12.98	2.4615
7542.0	12.972999999999999	2.4615
7544.0	12.966	2.4615
7546.0	12.959000000000001	2.4615
7548.0	12.953	2.4615
7550.0	12.946	2.4615
7552.0	12.927	2.4592
7554.0	12.92	2.4592
7556.0	12.913	2.4592
7558.0	12.905999999999999	2.4592
7560.0	12.9	2.4592
7562.0	12.892999999999999	2.4592
7564.0	12.886	2.4592
7566.0	12.879000000000001	2.4592
7568.0	12.872	2.4592
7570.0	12.866	2.4592
7572.0	12.859000000000002	2.4592
7574.0	12.852	2.4592
7576.0	12.845	2.4592
7578.0	12.838	2.4592
7580.0	12.832	2.4592
7582.0	12.825	2.4592
7584.0	12.818	2.4592
7586.0	12.811	2.4592
7588.0	12.805	2.4592
7590.0	12.798	2.4592
7592.0	12.790999999999999	2.4592
7594.0	12.784	2.4592
7596.0	12.777999999999999	2.4592
7598.0	12.770999999999999	2.4592
7600.0	12.764000000000001	2.4592
7602.0	12.757	2.4592
7604.0	12.751	2.4592
7606.0	12.744000000000002	2.4592
7608.0	12.737	2.4592
7610.0	12.731	2.4592
7612.0	12.724	2.4592
7614.0	12.717	2.4592
7616.0	12.710999999999999	2.4592
7618.0	12.704	2.4592
7620.0	12.697000000000001	2.4592
7622.0	12.690999999999999	2.4592
7624.0	12.684000000000001	2.4592
7626.0	12.677	2.4592
7628.0	12.671	2.4592
7630.0	12.664000000000001	2.4592
7632.0	12.657	2.4592
7634.0	12.651	2.4592
7636.0	12.644	2.4592
7638.0	12.637	2.4592
7640.0	12.630999999999998	2.4592
7642.0	12.624	2.4592
7644.0	12.618	2.4592
7646.0	12.610999999999999	2.4592
7648.0	12.604000000000001	2.4592
7650.0	12.597999999999999	2.4592
7652.0	12.603	2.4615
7654.0	12.595999999999998	2.4615
7656.0	12.59	2.4615
7658.0	12.583	2.4615
7660.0	12.577	2.4615
7662.0	12.57	2.4615
7664.0	12.562999999999999	2.4615
7666.0	12.557	2.4615
7668.0	12.55	2.4615
7670.0	12.544	2.4615
7672.0	12.537	2.4615
7674.0	12.542	2.4638
7676.0	12.536	2.4638
7678.0	12.529000000000002	2.4638
7680.0	12.523	2.4638
7682.0	12.515999999999998	2.4638
7684.0	12.51	2.4638
7686.0	12.503	2.4638
7688.0	12.497	2.4638
7690.0	12.502	2.466
7692.0	12.495	2.466
7694.0	12.489	2.466
7696.0	12.482000000000001	2.466
7698.0	12.475999999999999	2.466
7700.0	12.469000000000001	2.466
7702.0	12.463	2.466
7704.0	12.456	2.466
7706.0	12.45	2.466
7708.0	12.443	2.466
7710.0	12.437000000000001	2.466
7712.0	12.43	2.466
7714.0	12.447000000000001	2.4706
7716.0	12.452	2.4729
7718.0	12.445	2.4729
7720.0	12.439	2.4729
7722.0	12.455	2.4774
7724.0	12.449000000000002	2.4774
7726.0	12.443	2.4774
7728.0	12.413	2.4729
7730.0	12.407	2.4729
7732.0	12.389000000000001	2.4706
7734.0	12.36	2.466
7736.0	12.331	2.4615
7738.0	12.324000000000002	2.4615
7740.0	12.318	2.4615
7742.0	12.312000000000001	2.4615
7744.0	12.305	2.4615
7746.0	12.299000000000001	2.4615
7748.0	12.293	2.4615
7750.0	12.286	2.4615
7752.0	12.302	2.466
7754.0	12.296	2.466
7756.0	12.29	2.466
7758.0	12.306	2.4706
7760.0	12.3	2.4706
7762.0	12.305	2.4729
7764.0	12.298	2.4729
7766.0	12.292	2.4729
7768.0	12.286	2.4729
7770.0	12.279000000000002	2.4729
7772.0	12.273	2.4729
7774.0	12.267000000000001	2.4729
7776.0	12.26	2.4729
7778.0	12.254000000000001	2.4729
7780.0	12.237	2.4706
7782.0	12.208	2.466
7784.0	12.202	2.466
7786.0	12.195	2.466
7788.0	12.212	2.4706
7790.0	12.216	2.4729
7792.0	12.21	2.4729
7794.0	12.225999999999999	2.4774
7796.0	12.22	2.4774
7798.0	12.214	2.4774
7800.0	12.208	2.4774
7802.0	12.179	2.4729
7804.0	12.139000000000001	2.466
7806.0	12.088	2.457
7808.0	12.049000000000001	2.4502
7810.0	12.043	2.4502
7812.0	12.014000000000001	2.4457
7814.0	11.985999999999999	2.4412
7816.0	12.024000000000001	2.4502
7818.0	12.04	2.4547
7820.0	12.067	2.4615
7822.0	12.083	2.466
7824.0	12.110999999999999	2.4729
7826.0	12.149000000000001	2.482
7828.0	12.142999999999999	2.482
7830.0	12.114	2.4774
7832.0	12.107999999999999	2.4774
7834.0	12.08	2.4729
7836.0	12.073	2.4729
7838.0	12.034	2.466
7840.0	12.027999999999999	2.466
7842.0	12.022	2.466
7844.0	12.015999999999998	2.466
7846.0	12.009	2.466
7848.0	12.003	2.466
7850.0	12.019	2.4706
7852.0	11.991	2.466
7854.0	11.985	2.466
7856.0	11.979000000000001	2.466
7858.0	11.950999999999999	2.4615
7860.0	11.945	2.4615
7862.0	11.917	2.457
7864.0	11.911	2.457
7866.0	11.905	2.457
7868.0	11.898	2.457
7870.0	11.914000000000001	2.4615
7872.0	11.93	2.466
7874.0	11.924000000000001	2.466
7876.0	11.94	2.4706
7878.0	11.934000000000001	2.4706
7880.0	11.927999999999999	2.4706
7882.0	11.933	2.4729
7884.0	11.927	2.4729
7886.0	11.921	2.4729
7888.0	11.937000000000001	2.4774
7890.0	11.931	2.4774
7892.0	11.947000000000001	2.482
7894.0	11.940999999999999	2.482
7896.0	11.957	2.4866
7898.0	11.960999999999999	2.4888
7900.0	11.955	2.4888
7902.0	11.937999999999999	2.4866
7904.0	11.91	2.482
7906.0	11.904000000000002	2.482
7908.0	11.876	2.4774
7910.0	11.87	2.4774
7912.0	11.886	2.482
7914.0	11.902000000000001	2.4866
7916.0	11.907	2.4888
7918.0	11.923	2.4934
7920.0	11.917	2.4934
7922.0	11.933	2.498
7924.0	11.927	2.498
7926.0	11.921	2.498
7928.0	11.915	2.498
7930.0	11.887	2.4934
7932.0	11.880999999999998	2.4934
7934.0	11.853	2.4888
7936.0	11.835999999999999	2.4866
7938.0	11.841	2.4888
7940.0	11.835	2.4888
7942.0	11.850999999999999	2.4934
7944.0	11.867	2.498
7946.0	11.872	2.5003
7948.0	11.888	2.505
7950.0	11.904000000000002	2.5096
7952.0	11.92	2.5142
7954.0	11.947000000000001	2.5211
7956.0	11.940999999999999	2.5211
7958.0	11.935	2.5211
7960.0	11.929	2.5211
7962.0	11.901	2.5165
7964.0	11.884	2.5142
7966.0	11.856	2.5096
7968.0	11.828	2.505
7970.0	11.800999999999998	2.5003
7972.0	11.784	2.498
7974.0	11.755999999999998	2.4934
7976.0	11.75	2.4934
7978.0	11.722999999999999	2.4888
7980.0	11.717	2.4888
7982.0	11.710999999999999	2.4888
7984.0	11.705	2.4888
7986.0	11.699000000000002	2.4888
7988.0	11.693	2.4888
7990.0	11.687999999999999	2.4888
7992.0	11.682	2.4888
7994.0	11.697000000000001	2.4934
7996.0	11.713	2.498
7998.0	11.718	2.5003
8000.0	11.734000000000002	2.505
8002.0	11.75	2.5096
8004.0	11.744000000000002	2.5096
8006.0	11.76	2.5142
8008.0	11.754000000000001	2.5142
8010.0	11.748	2.5142
8012.0	11.742	2.5142
8014.0	11.735999999999999	2.5142
8016.0	11.73	2.5142
8018.0	11.724	2.5142
8020.0	11.719000000000001	2.5142
8022.0	11.713	2.5142
8024.0	11.707	2.5142
8026.0	11.712	2.5165
8028.0	11.727	2.5211
8030.0	11.722000000000001	2.5211
8032.0	11.737	2.5258
8034.0	11.732000000000001	2.5258
8036.0	11.725999999999999	2.5258
8038.0	11.742	2.5305
8040.0	11.735999999999999	2.5305
8042.0	11.741	2.5328
8044.0	11.755999999999998	2.5375
8046.0	11.751	2.5375
8048.0	11.722999999999999	2.5328
8050.0	11.717	2.5328
8052.0	11.710999999999999	2.5328
8054.0	11.706	2.5328
8056.0	11.7	2.5328
8058.0	11.716	2.5375
8060.0	11.731	2.5421
8062.0	11.747	2.5468
8064.0	11.752	2.5492
8066.0	11.745999999999999	2.5492
8068.0	11.741	2.5492
8070.0	11.735	2.5492
8072.0	11.729000000000001	2.5492
8074.0	11.722999999999999	2.5492
8076.0	11.717	2.5492
8078.0	11.732999999999999	2.5539
8080.0	11.727	2.5539
8082.0	11.743	2.5586
8084.0	11.737	2.5586
8086.0	11.731	2.5586
8088.0	11.747	2.5633
8090.0	11.742	2.5633
8092.0	11.745999999999999	2.5657
8094.0	11.741	2.5657
8096.0	11.724	2.5633
8098.0	11.718	2.5633
8100.0	11.690999999999999	2.5586
8102.0	11.707	2.5633
8104.0	11.712	2.5657
8106.0	11.706	2.5657
8108.0	11.722000000000001	2.5704
8110.0	11.716	2.5704
8112.0	11.732000000000001	2.5751
8114.0	11.725999999999999	2.5751
8116.0	11.72	2.5751
8118.0	11.714	2.5751
8120.0	11.687000000000001	2.5704
8122.0	11.66	2.5657
8124.0	11.642999999999999	2.5633
8126.0	11.616	2.5586
8128.0	11.610999999999999	2.5586
8130.0	11.605	2.5586
8132.0	11.599	2.5586
8134.0	11.615	2.5633
8136.0	11.62	2.5657
8138.0	11.603	2.5633
8140.0	11.597999999999999	2.5633
8142.0	11.592	2.5633
8144.0	11.565	2.5586
8146.0	11.559000000000001	2.5586
8148.0	11.554	2.5586
8150.0	11.548	2.5586
8152.0	11.542	2.5586
8154.0	11.537	2.5586
8156.0	11.530999999999999	2.5586
8158.0	11.525	2.5586
8160.0	11.52	2.5586
8162.0	11.535	2.5633
8164.0	11.54	2.5657
8166.0	11.535	2.5657
8168.0	11.55	2.5704
8170.0	11.565999999999999	2.5751
8172.0	11.56	2.5751
8174.0	11.554	2.5751
8176.0	11.549000000000001	2.5751
8178.0	11.543	2.5751
8180.0	11.515999999999998	2.5704
8182.0	11.511	2.5704
8184.0	11.505	2.5704
8186.0	11.499	2.5704
8188.0	11.494000000000002	2.5704
8190.0	11.467	2.5657
8192.0	11.482999999999999	2.5704
8194.0	11.477	2.5704
8196.0	11.470999999999998	2.5704
8198.0	11.466	2.5704
8200.0	11.481	2.5751
8202.0	11.475999999999999	2.5751
8204.0	11.47	2.5751
8206.0	11.465	2.5751
8208.0	11.459000000000001	2.5751
8210.0	11.453	2.5751
8212.0	11.448	2.5751
8214.0	11.442	2.5751
8216.0	11.437000000000001	2.5751
8218.0	11.431	2.5751
8220.0	11.425999999999998	2.5751
8222.0	11.42	2.5751
8224.0	11.392999999999999	2.5704
8226.0	11.388	2.5704
8228.0	11.382	2.5704
8230.0	11.345	2.5633
8232.0	11.319	2.5586
8234.0	11.293	2.5539
8236.0	11.265999999999998	2.5492
8238.0	11.261	2.5492
8240.0	11.245	2.5468
8242.0	11.219000000000001	2.5421
8244.0	11.214	2.5421
8246.0	11.208	2.5421
8248.0	11.203	2.5421
8250.0	11.197000000000001	2.5421
8252.0	11.192	2.5421
8254.0	11.186	2.5421
8256.0	11.181	2.5421
8258.0	11.196	2.5468
8260.0	11.17	2.5421
8262.0	11.165	2.5421
8264.0	11.159	2.5421
8266.0	11.185	2.5492
8268.0	11.2	2.5539
8270.0	11.215	2.5586
8272.0	11.21	2.5586
8274.0	11.225	2.5633
8276.0	11.22	2.5633
8278.0	11.194	2.5586
8280.0	11.187999999999999	2.5586
8282.0	11.162	2.5539
8284.0	11.136	2.5492
8286.0	11.120999999999999	2.5468
8288.0	11.095	2.5421
8290.0	11.069	2.5375
8292.0	11.064	2.5375
8294.0	11.058	2.5375
8296.0	11.052999999999999	2.5375
8298.0	11.027000000000001	2.5328
8300.0	11.012	2.5305
8302.0	11.007	2.5305
8304.0	10.981	2.5258
8306.0	10.975999999999999	2.5258
8308.0	10.970999999999998	2.5258
8310.0	10.965	2.5258
8312.0	10.96	2.5258
8314.0	10.975	2.5305
8316.0	10.97	2.5305
8318.0	10.995	2.5375
8320.0	10.989	2.5375
8322.0	11.004000000000001	2.5421
8324.0	10.999	2.5421
8326.0	11.024000000000001	2.5492
8328.0	11.039000000000001	2.5539
8330.0	11.054	2.5586
8332.0	11.029000000000002	2.5539
8334.0	11.023	2.5539
8336.0	10.998	2.5492
8338.0	10.982000000000001	2.5468
8340.0	10.957	2.5421
8342.0	10.952	2.5421
8344.0	10.925999999999998	2.5375
8346.0	10.890999999999998	2.5305
8348.0	10.866	2.5258
8350.0	10.86	2.5258
8352.0	10.855	2.5258
8354.0	10.85	2.5258
8356.0	10.845	2.5258
8358.0	10.86	2.5305
8360.0	10.864	2.5328
8362.0	10.859000000000002	2.5328
8364.0	10.844000000000001	2.5305
8366.0	10.819	2.5258
8368.0	10.794	2.5211
8370.0	10.789000000000001	2.5211
8372.0	10.764000000000001	2.5165
8374.0	10.759	2.5165
8376.0	10.773	2.5211
8378.0	10.788	2.5258
8380.0	10.783	2.5258
8382.0	10.777999999999999	2.5258
8384.0	10.773	2.5258
8386.0	10.787	2.5305
8388.0	10.782	2.5305
8390.0	10.787	2.5328
8392.0	10.802	2.5375
8394.0	10.796	2.5375
8396.0	10.811	2.5421
8398.0	10.806	2.5421
8400.0	10.821	2.5468
8402.0	10.815999999999999	2.5468
8404.0	10.811	2.5468
8406.0	10.786	2.5421
8408.0	10.761	2.5375
8410.0	10.735999999999999	2.5328
8412.0	10.731	2.5328
8414.0	10.725	2.5328
8416.0	10.72	2.5328
8418.0	10.715	2.5328
8420.0	10.71	2.5328
8422.0	10.705	2.5328
8424.0	10.69	2.5305
8426.0	10.665	2.5258
8428.0	10.66	2.5258
8430.0	10.655	2.5258
8432.0	10.65	2.5258
8434.0	10.645	2.5258
8436.0	10.66	2.5305
8438.0	10.684000000000001	2.5375
8440.0	10.699000000000002	2.5421
8442.0	10.713	2.5468
8444.0	10.718	2.5492
8446.0	10.713	2.5492
8448.0	10.708	2.5492
8450.0	10.693	2.5468
8452.0	10.668	2.5421
8454.0	10.683	2.5468
8456.0	10.687999999999999	2.5492
8458.0	10.702	2.5539
8460.0	10.717	2.5586
8462.0	10.732000000000001	2.5633
8464.0	10.737	2.5657
8466.0	10.732000000000001	2.5657
8468.0	10.725999999999999	2.5657
8470.0	10.712	2.5633
8472.0	10.687000000000001	2.5586
8474.0	10.682	2.5586
8476.0	10.677	2.5586
8478.0	10.672	2.5586
8480.0	10.696	2.5657
8482.0	10.710999999999999	2.5704
8484.0	10.706	2.5704
8486.0	10.72	2.5751
8488.0	10.715	2.5751
8490.0	10.71	2.5751
8492.0	10.715	2.5775
8494.0	10.73	2.5823
8496.0	10.745	2.587
8498.0	10.74	2.587
8500.0	10.754000000000001	2.5918
8502.0	10.759	2.5942
8504.0	10.754000000000001	2.5942
8506.0	10.769	2.599
8508.0	10.764000000000001	2.599
8510.0	10.729000000000001	2.5918
8512.0	10.724	2.5918
8514.0	10.699000000000002	2.587
8516.0	10.655	2.5775
8518.0	10.620999999999999	2.5704
8520.0	10.616	2.5704
8522.0	10.63	2.5751
8524.0	10.654000000000002	2.5823
8526.0	10.669	2.587
8528.0	10.684000000000001	2.5918
8530.0	10.708	2.599
8532.0	10.743	2.6085
8534.0	10.748	2.611
8536.0	10.762	2.6158
8538.0	10.777000000000001	2.6206
8540.0	10.802	2.6278
8542.0	10.817	2.6327
8544.0	10.812000000000001	2.6327
8546.0	10.807	2.6327
8548.0	10.802	2.6327
8550.0	10.777000000000001	2.6278
8552.0	10.742	2.6206
8554.0	10.717	2.6158
8556.0	10.683	2.6085
8558.0	10.658	2.6038
8560.0	10.614	2.5942
8562.0	10.599	2.5918
8564.0	10.555	2.5823
8566.0	10.530999999999999	2.5775
8568.0	10.497	2.5704
8570.0	10.492	2.5704
8572.0	10.468	2.5657
8574.0	10.463	2.5657
8576.0	10.458	2.5657
8578.0	10.444	2.5633
8580.0	10.419	2.5586
8582.0	10.415	2.5586
8584.0	10.429	2.5633
8586.0	10.424000000000001	2.5633
8588.0	10.419	2.5633
8590.0	10.424000000000001	2.5657
8592.0	10.419	2.5657
8594.0	10.405	2.5633
8596.0	10.380999999999998	2.5586
8598.0	10.376	2.5586
8600.0	10.352	2.5539
8602.0	10.347000000000001	2.5539
8604.0	10.323	2.5492
8606.0	10.309000000000001	2.5468
8608.0	10.285	2.5421
8610.0	10.262	2.5375
8612.0	10.257	2.5375
8614.0	10.232999999999999	2.5328
8616.0	10.219	2.5305
8618.0	10.214	2.5305
8620.0	10.21	2.5305
8622.0	10.205	2.5305
8624.0	10.181000000000001	2.5258
8626.0	10.195	2.5305
8628.0	10.191	2.5305
8630.0	10.186	2.5305
8632.0	10.191	2.5328
8634.0	10.205	2.5375
8636.0	10.219	2.5421
8638.0	10.242	2.5492
8640.0	10.255999999999998	2.5539
8642.0	10.270999999999999	2.5586
8644.0	10.294	2.5657
8646.0	10.308	2.5704
8648.0	10.332	2.5775
8650.0	10.345999999999998	2.5823
8652.0	10.38	2.5918
8654.0	10.385	2.5942
8656.0	10.399000000000001	2.599
8658.0	10.394	2.599
8660.0	10.408	2.6038
8662.0	10.404000000000002	2.6038
8664.0	10.399000000000001	2.6038
8666.0	10.394	2.6038
8668.0	10.37	2.599
8670.0	10.337	2.5918
8672.0	10.312999999999999	2.587
8674.0	10.289000000000001	2.5823
8676.0	10.255999999999998	2.5751
8678.0	10.232000000000001	2.5704
8680.0	10.228	2.5704
8682.0	10.204	2.5657
8684.0	10.19	2.5633
8686.0	10.148	2.5539
8688.0	10.125	2.5492
8690.0	10.111	2.5468
8692.0	10.087	2.5421
8694.0	10.064	2.5375
8696.0	10.041	2.5328
8698.0	10.036	2.5328
8700.0	10.032	2.5328
8702.0	10.027000000000001	2.5328
8704.0	10.023	2.5328
8706.0	10.017999999999999	2.5328
8708.0	10.013	2.5328
8710.0	9.9996	2.5305
8712.0	9.9766	2.5258
8714.0	9.9721	2.5258
8716.0	9.9675	2.5258
8718.0	9.9446	2.5211
8720.0	9.94	2.5211
8722.0	9.9538	2.5258
8724.0	9.9676	2.5305
8726.0	9.9722	2.5328
8728.0	9.986	2.5375
8730.0	9.9998	2.5421
8732.0	10.014	2.5468
8734.0	10.017999999999999	2.5492
8736.0	10.014	2.5492
8738.0	10.009	2.5492
8740.0	10.023	2.5539
8742.0	10.037	2.5586
8744.0	10.032	2.5586
8746.0	10.055	2.5657
8748.0	10.068999999999999	2.5704
8750.0	10.083	2.5751
8752.0	10.088	2.5775
8754.0	10.102	2.5823
8756.0	10.097000000000001	2.5823
8758.0	10.074	2.5775
8760.0	10.06	2.5751
8762.0	10.019	2.5657
8764.0	9.9865	2.5586
8766.0	9.9453	2.5492
8768.0	9.8951	2.5375
8770.0	9.8633	2.5305
8772.0	9.8406	2.5258
8774.0	9.818	2.5211
8776.0	9.7865	2.5142
8778.0	9.7821	2.5142
8780.0	9.7596	2.5096
8782.0	9.7372	2.505
8784.0	9.7059	2.498
8786.0	9.6836	2.4934
8788.0	9.6792	2.4934
8790.0	9.657	2.4888
8792.0	9.6437	2.4866
8794.0	9.6394	2.4866
8796.0	9.635	2.4866
8798.0	9.6394	2.4888
8800.0	9.6262	2.4866
8802.0	9.5864	2.4774
8804.0	9.5645	2.4729
8806.0	9.5601	2.4729
8808.0	9.5558	2.4729
8810.0	9.5514	2.4729
8812.0	9.5647	2.4774
8814.0	9.6044	2.4888
8816.0	9.6356	2.498
8818.0	9.6756	2.5096
8820.0	9.698	2.5165
8822.0	9.7474	2.5305
8824.0	9.7699	2.5375
8826.0	9.7655	2.5375
8828.0	9.779	2.5421
8830.0	9.7746	2.5421
8832.0	9.7702	2.5421
8834.0	9.7657	2.5421
8836.0	9.7613	2.5421
8838.0	9.7569	2.5421
8840.0	9.7346	2.5375
8842.0	9.7122	2.5328
8844.0	9.6989	2.5305
8846.0	9.6767	2.5258
8848.0	9.6723	2.5258
8850.0	9.6858	2.5305
8852.0	9.7082	2.5375
8854.0	9.7396	2.5468
8856.0	9.7352	2.5468
8858.0	9.7308	2.5468
8860.0	9.7085	2.5421
8862.0	9.6596	2.5305
8864.0	9.6196	2.5211
8866.0	9.5712	2.5096
8868.0	9.5229	2.498
8870.0	9.4836	2.4888
8872.0	9.4357	2.4774
8874.0	9.4142	2.4729
8876.0	9.4013	2.4706
8878.0	9.3625	2.4615
8880.0	9.341	2.457
8882.0	9.3282	2.4547
8884.0	9.3069	2.4502
8886.0	9.3027	2.4502
8888.0	9.3156	2.4547
8890.0	9.3114	2.4547
8892.0	9.3158	2.457
8894.0	9.3288	2.4615
8896.0	9.3418	2.466
8898.0	9.3635	2.4729
8900.0	9.3765	2.4774
8902.0	9.4069	2.4866
8904.0	9.4113	2.4888
8906.0	9.4418	2.498
8908.0	9.4637	2.505
8910.0	9.4769	2.5096
8912.0	9.4988	2.5165
8914.0	9.5296	2.5258
8916.0	9.5253	2.5258
8918.0	9.5035	2.5211
8920.0	9.4992	2.5211
8922.0	9.4688	2.5142
8924.0	9.4646	2.5142
8926.0	9.4429	2.5096
8928.0	9.4213	2.505
8930.0	9.4171	2.505
8932.0	9.3956	2.5003
8934.0	9.3914	2.5003
8936.0	9.4045	2.505
8938.0	9.4003	2.505
8940.0	9.396	2.505
8942.0	9.4092	2.5096
8944.0	9.4223	2.5142
8946.0	9.4181	2.5142
8948.0	9.4225	2.5165
8950.0	9.4357	2.5211
8952.0	9.4055	2.5142
8954.0	9.3667	2.505
8956.0	9.3367	2.498
8958.0	9.3153	2.4934
8960.0	9.3112	2.4934
8962.0	9.2899	2.4888
8964.0	9.3029	2.4934
8966.0	9.3159	2.498
8968.0	9.3375	2.505
8970.0	9.3505	2.5096
8972.0	9.3722	2.5165
8974.0	9.4026	2.5258
8976.0	9.4158	2.5305
8978.0	9.4376	2.5375
8980.0	9.4508	2.5421
8982.0	9.4466	2.5421
8984.0	9.4598	2.5468
8986.0	9.4643	2.5492
8988.0	9.4601	2.5492
8990.0	9.4733	2.5539
8992.0	9.469	2.5539
8994.0	9.4648	2.5539
8996.0	9.4606	2.5539
8998.0	9.4564	2.5539
9000.0	9.4697	2.5586
9002.0	9.4655	2.5586
9004.0	9.4613	2.5586
9006.0	9.4745	2.5633
9008.0	9.479	2.5657
9010.0	9.4923	2.5704
9012.0	9.5056	2.5751
9014.0	9.4839	2.5704
9016.0	9.4797	2.5704
9018.0	9.458	2.5657
9020.0	9.4277	2.5586
9022.0	9.3889	2.5492
9024.0	9.3588	2.5421
9026.0	9.3375	2.5375
9028.0	9.3076	2.5305
9030.0	9.2863	2.5258
9032.0	9.2651	2.5211
9034.0	9.2355	2.5142
9036.0	9.2144	2.5096
9038.0	9.2103	2.5096
9040.0	9.1893	2.505
9042.0	9.1684	2.5003
9044.0	9.1812	2.505
9046.0	9.194	2.5096
9048.0	9.207	2.5142
9050.0	9.2029	2.5142
9052.0	9.2073	2.5165
9054.0	9.2201	2.5211
9056.0	9.1991	2.5165
9058.0	9.1866	2.5142
9060.0	9.1826	2.5142
9062.0	9.128	2.5003
9064.0	9.0987	2.4934
9066.0	9.0529	2.482
9068.0	9.0323	2.4774
9070.0	9.0034	2.4706
9072.0	8.9663	2.4615
9074.0	8.9458	2.457
9076.0	8.9337	2.4547
9078.0	8.8969	2.4457
9080.0	8.8766	2.4412
9082.0	8.8646	2.4389
9084.0	8.8444	2.4344
9086.0	8.8405	2.4344
9088.0	8.8366	2.4344
9090.0	8.849	2.4389
9092.0	8.8451	2.4389
9094.0	8.8412	2.4389
9096.0	8.8373	2.4389
9098.0	8.8334	2.4389
9100.0	8.8133	2.4344
9102.0	8.8094	2.4344
9104.0	8.7893	2.43
9106.0	8.7855	2.43
9108.0	8.7574	2.4233
9110.0	8.7535	2.4233
9112.0	8.7336	2.4188
9114.0	8.7137	2.4143
9116.0	8.7099	2.4143
9118.0	8.706	2.4143
9120.0	8.7022	2.4143
9122.0	8.6904	2.4121
9124.0	8.6707	2.4077
9126.0	8.6349	2.3988
9128.0	8.6073	2.3922
9130.0	8.5719	2.3834
9132.0	8.5446	2.3768
9134.0	8.5251	2.3725
9136.0	8.5057	2.3681
9138.0	8.4941	2.3659
9140.0	8.4904	2.3659
9142.0	8.4711	2.3616
9144.0	8.4674	2.3616
9146.0	8.4637	2.3616
9148.0	8.4444	2.3572
9150.0	8.4407	2.3572
9152.0	8.4138	2.3507
9154.0	8.3946	2.3464
9156.0	8.3523	2.3356
9158.0	8.3333	2.3313
9160.0	8.3297	2.3313
9162.0	8.3261	2.3313
9164.0	8.3224	2.3313
9166.0	8.3188	2.3313
9168.0	8.3152	2.3313
9170.0	8.3268	2.3356
9172.0	8.3232	2.3356
9174.0	8.3196	2.3356
9176.0	8.316	2.3356
9178.0	8.2971	2.3313
9180.0	8.2934	2.3313
9182.0	8.2898	2.3313
9184.0	8.2862	2.3313
9186.0	8.2826	2.3313
9188.0	8.279	2.3313
9190.0	8.2907	2.3356
9192.0	8.287	2.3356
9194.0	8.3063	2.3421
9196.0	8.3181	2.3464
9198.0	8.3145	2.3464
9200.0	8.3262	2.3507
