3200.0	1200.4	41.001000000000005
3201.0	1195.2	40.851
3202.0	1191.2	40.738
3203.0	1190.4	40.738
3204.0	1191.9	40.813
3205.0	1198.9	41.077
3206.0	1205.9	41.343
3207.0	1212.9	41.61
3208.0	1217.7	41.802
3209.0	1222.6	41.995
3210.0	1225.2	42.111000000000004
3211.0	1226.7	42.18899999999999
3212.0	1228.2	42.266999999999996
3213.0	1229.7	42.345
3214.0	1228.9	42.345
3215.0	1225.9	42.266999999999996
3216.0	1219.5	42.073
3217.0	1214.3	41.918
3218.0	1213.5	41.918
3219.0	1209.4	41.802
3220.0	1208.7	41.802
3221.0	1207.9	41.802
3222.0	1207.2	41.802
3223.0	1204.2	41.725
3224.0	1203.5	41.725
3225.0	1200.5	41.648999999999994
3226.0	1202.0	41.725
3227.0	1203.4	41.802
3228.0	1202.7	41.802
3229.0	1201.9	41.802
3230.0	1201.2	41.802
3231.0	1200.5	41.802
3232.0	1199.7	41.802
3233.0	1206.7	42.073
3234.0	1211.5	42.266999999999996
3235.0	1216.4	42.461999999999996
3236.0	1220.1	42.619
3237.0	1220.5	42.658
3238.0	1219.7	42.658
3239.0	1217.9	42.619
3240.0	1212.6	42.461999999999996
3241.0	1206.3	42.266999999999996
3242.0	1200.0	42.073
3243.0	1191.6	41.802
3244.0	1183.2	41.534
3245.0	1174.9	41.266999999999996
3246.0	1168.8	41.077
3247.0	1160.5	40.813
3248.0	1150.2	40.476
3249.0	1139.0	40.105
3250.0	1131.0	39.847
3251.0	1124.1	39.628
3252.0	1120.3	39.518
3253.0	1116.5	39.409
3254.0	1109.7	39.192
3255.0	1105.9	39.084
3256.0	1098.1	38.833
3257.0	1090.4	38.583
3258.0	1086.7	38.477
3259.0	1084.1	38.406
3260.0	1083.4	38.406
3261.0	1085.7	38.512
3262.0	1087.1	38.583
3263.0	1089.4	38.69
3264.0	1092.7	38.833
3265.0	1099.1	39.084
3266.0	1103.5	39.264
3267.0	1102.9	39.264
3268.0	1102.2	39.264
3269.0	1094.4	39.012
3270.0	1084.7	38.69
3271.0	1086.1	38.760999999999996
3272.0	1085.4	38.760999999999996
3273.0	1084.7	38.760999999999996
3274.0	1082.1	38.69
3275.0	1078.4	38.583
3276.0	1074.8	38.477
3277.0	1072.2	38.406
3278.0	1071.5	38.406
3279.0	1068.9	38.335
3280.0	1063.3	38.159
3281.0	1058.8	38.019
3282.0	1055.2	37.914
3283.0	1054.6	37.914
3284.0	1053.9	37.914
3285.0	1053.3	37.914
3286.0	1052.7	37.914
3287.0	1052.0	37.914
3288.0	1051.4	37.914
3289.0	1052.7	37.984
3290.0	1053.0	38.019
3291.0	1052.4	38.019
3292.0	1051.7	38.019
3293.0	1051.1	38.019
3294.0	1052.4	38.089
3295.0	1053.7	38.159
3296.0	1055.0	38.23
3297.0	1052.4	38.159
3298.0	1049.8	38.089
3299.0	1051.1	38.159
3300.0	1053.4	38.265
3301.0	1054.7	38.335
3302.0	1056.0	38.406
3303.0	1053.4	38.335
3304.0	1049.9	38.23
3305.0	1043.5	38.019
3306.0	1035.2	37.74
3307.0	1032.6	37.67
3308.0	1030.1	37.601
3309.0	1027.6	37.532
3310.0	1028.9	37.601
3311.0	1028.3	37.601
3312.0	1027.6	37.601
3313.0	1027.0	37.601
3314.0	1030.2	37.74
3315.0	1029.6	37.74
3316.0	1027.0	37.67
3317.0	1026.4	37.67
3318.0	1027.7	37.74
3319.0	1029.9	37.844
3320.0	1033.1	37.984
3321.0	1035.3	38.089
3322.0	1036.6	38.159
3323.0	1038.9	38.265
3324.0	1040.2	38.335
3325.0	1039.5	38.335
3326.0	1038.9	38.335
3327.0	1036.4	38.265
3328.0	1035.7	38.265
3329.0	1035.1	38.265
3330.0	1033.6	38.23
3331.0	1031.0	38.159
3332.0	1026.6	38.019
3333.0	1021.3	37.844
3334.0	1016.0	37.67
3335.0	1010.7	37.497
3336.0	1006.4	37.359
3337.0	1001.2	37.188
3338.0	994.14	36.949
3339.0	990.81	36.847
3340.0	988.39	36.779
3341.0	989.62	36.847
3342.0	993.59	37.016999999999996
3343.0	995.74	37.119
3344.0	998.82	37.256
3345.0	1001.0	37.359
3346.0	1000.4	37.359
3347.0	998.87	37.325
3348.0	999.19	37.359
3349.0	998.6	37.359
3350.0	999.84	37.428000000000004
3351.0	1001.1	37.497
3352.0	995.9	37.325
3353.0	989.81	37.119
3354.0	986.49	37.016999999999996
3355.0	982.28	36.881
3356.0	983.5	36.949
3357.0	984.73	37.016999999999996
3358.0	984.15	37.016999999999996
3359.0	983.56	37.016999999999996
3360.0	981.16	36.949
3361.0	978.78	36.881
3362.0	977.29	36.847
3363.0	976.72	36.847
3364.0	974.34	36.779
3365.0	971.96	36.711
3366.0	968.71	36.61
3367.0	969.02	36.644
3368.0	970.23	36.711
3369.0	973.24	36.847
3370.0	975.35	36.949
3371.0	974.77	36.949
3372.0	974.19	36.949
3373.0	973.61	36.949
3374.0	974.83	37.016999999999996
3375.0	974.26	37.016999999999996
3376.0	973.68	37.016999999999996
3377.0	973.1	37.016999999999996
3378.0	972.52	37.016999999999996
3379.0	971.95	37.016999999999996
3380.0	969.58	36.949
3381.0	969.01	36.949
3382.0	968.44	36.949
3383.0	969.65	37.016999999999996
3384.0	970.87	37.085
3385.0	972.98	37.188
3386.0	970.61	37.119
3387.0	970.04	37.119
3388.0	971.25	37.188
3389.0	974.27	37.325
3390.0	976.38	37.428000000000004
3391.0	977.61	37.497
3392.0	975.23	37.428000000000004
3393.0	968.39	37.188
3394.0	961.6	36.949
3395.0	959.27	36.881
3396.0	956.06	36.779
3397.0	957.26	36.847
3398.0	957.58	36.881
3399.0	956.14	36.847
3400.0	955.57	36.847
3401.0	955.01	36.847
3402.0	952.69	36.779
3403.0	952.13	36.779
3404.0	951.57	36.779
3405.0	951.01	36.779
3406.0	953.08	36.881
3407.0	954.28	36.949
3408.0	953.72	36.949
3409.0	954.92	37.016999999999996
3410.0	954.36	37.016999999999996
3411.0	953.8	37.016999999999996
3412.0	955.0	37.085
3413.0	955.32	37.119
3414.0	953.88	37.085
3415.0	953.32	37.085
3416.0	947.51	36.881
3417.0	942.6	36.711
3418.0	940.32	36.644
3419.0	938.91	36.61
3420.0	940.95	36.711
3421.0	942.14	36.779
3422.0	943.33	36.847
3423.0	942.77	36.847
3424.0	938.76	36.711
3425.0	933.9	36.543
3426.0	929.07	36.375
3427.0	928.52	36.375
3428.0	927.98	36.375
3429.0	927.44	36.375
3430.0	927.75	36.408
3431.0	924.65	36.308
3432.0	922.41	36.241
3433.0	919.33	36.141
3434.0	915.42	36.008
3435.0	914.88	36.008
3436.0	917.73	36.141
3437.0	919.73	36.241
3438.0	920.89	36.308
3439.0	920.36	36.308
3440.0	915.6	36.141
3441.0	913.38	36.074
3442.0	914.53	36.141
3443.0	914.0	36.141
3444.0	913.47	36.141
3445.0	911.26	36.074
3446.0	910.73	36.074
3447.0	910.2	36.074
3448.0	909.67	36.074
3449.0	909.15	36.074
3450.0	906.95	36.008
3451.0	905.59	35.975
3452.0	901.74	35.843
3453.0	895.42	35.611999999999995
3454.0	894.9	35.611999999999995
3455.0	896.03	35.678000000000004
3456.0	897.99	35.777
3457.0	899.13	35.843
3458.0	900.27	35.909
3459.0	899.75	35.909
3460.0	897.57	35.843
3461.0	894.58	35.744
3462.0	892.42	35.678000000000004
3463.0	891.9	35.678000000000004
3464.0	891.39	35.678000000000004
3465.0	890.87	35.678000000000004
3466.0	892.0	35.744
3467.0	892.3	35.777
3468.0	893.43	35.843
3469.0	892.92	35.843
3470.0	892.4	35.843
3471.0	891.89	35.843
3472.0	893.02	35.909
3473.0	892.51	35.909
3474.0	894.46	36.008
3475.0	895.59	36.074
3476.0	895.08	36.074
3477.0	892.92	36.008
3478.0	888.3	35.843
3479.0	885.34	35.744
3480.0	883.21	35.678000000000004
3481.0	882.7	35.678000000000004
3482.0	882.19	35.678000000000004
3483.0	881.69	35.678000000000004
3484.0	879.56	35.611999999999995
3485.0	876.63	35.514
3486.0	872.9	35.383
3487.0	870.79	35.318000000000005
3488.0	869.5	35.286
3489.0	869.0	35.286
3490.0	869.3	35.318000000000005
3491.0	870.4	35.383
3492.0	869.91	35.383
3493.0	871.01	35.449
3494.0	870.51	35.449
3495.0	868.41	35.383
3496.0	867.92	35.383
3497.0	867.42	35.383
3498.0	865.33	35.318000000000005
3499.0	864.83	35.318000000000005
3500.0	864.34	35.318000000000005
3501.0	863.05	35.286
3502.0	862.56	35.286
3503.0	860.48	35.221
3504.0	861.57	35.286
3505.0	861.87	35.318000000000005
3506.0	859.01	35.221
3507.0	856.94	35.156
3508.0	854.09	35.059
3509.0	852.03	34.995
3510.0	851.54	34.995
3511.0	854.2	35.124
3512.0	854.5	35.156
3513.0	854.01	35.156
3514.0	853.53	35.156
3515.0	853.04	35.156
3516.0	850.2	35.059
3517.0	848.16	34.995
3518.0	846.11	34.93
3519.0	847.19	34.995
3520.0	846.71	34.995
3521.0	849.35	35.124
3522.0	849.65	35.156
3523.0	848.39	35.124
3524.0	846.35	35.059
3525.0	844.31	34.995
3526.0	843.83	34.995
3527.0	843.36	34.995
3528.0	844.43	35.059
3529.0	843.95	35.059
3530.0	840.37	34.93
3531.0	837.58	34.834
3532.0	834.02	34.705999999999996
3533.0	831.25	34.61
3534.0	830.78	34.61
3535.0	830.31	34.61
3536.0	828.32	34.546
3537.0	826.32	34.483000000000004
3538.0	825.09	34.451
3539.0	823.11	34.387
3540.0	824.16	34.451
3541.0	823.7	34.451
3542.0	823.23	34.451
3543.0	821.26	34.387
3544.0	819.28	34.324
3545.0	818.82	34.324
3546.0	818.36	34.324
3547.0	817.9	34.324
3548.0	818.94	34.387
3549.0	816.98	34.324
3550.0	816.52	34.324
3551.0	815.3	34.293
3552.0	813.34	34.229
3553.0	811.39	34.166
3554.0	809.44	34.104
3555.0	808.99	34.104
3556.0	808.53	34.104
3557.0	809.57	34.166
3558.0	810.6	34.229
3559.0	811.64	34.293
3560.0	811.19	34.293
3561.0	810.73	34.293
3562.0	808.78	34.229
3563.0	808.33	34.229
3564.0	807.88	34.229
3565.0	808.91	34.293
3566.0	808.46	34.293
3567.0	806.52	34.229
3568.0	806.07	34.229
3569.0	805.61	34.229
3570.0	805.16	34.229
3571.0	806.2	34.293
3572.0	806.49	34.324
3573.0	807.52	34.387
3574.0	808.56	34.451
3575.0	808.11	34.451
3576.0	808.4	34.483000000000004
3577.0	807.2	34.451
3578.0	806.75	34.451
3579.0	806.3	34.451
3580.0	805.85	34.451
3581.0	805.4	34.451
3582.0	804.95	34.451
3583.0	804.5	34.451
3584.0	804.05	34.451
3585.0	802.13	34.387
3586.0	800.2	34.324
3587.0	799.76	34.324
3588.0	799.31	34.324
3589.0	800.34	34.387
3590.0	801.37	34.451
3591.0	800.92	34.451
3592.0	801.21	34.483000000000004
3593.0	800.77	34.483000000000004
3594.0	800.32	34.483000000000004
3595.0	799.88	34.483000000000004
3596.0	799.43	34.483000000000004
3597.0	798.25	34.451
3598.0	797.81	34.451
3599.0	795.9	34.387
3600.0	795.46	34.387
3601.0	793.55	34.324
3602.0	792.38	34.293
3603.0	792.67	34.324
3604.0	792.23	34.324
3605.0	791.79	34.324
3606.0	791.35	34.324
3607.0	790.91	34.324
3608.0	791.93	34.387
3609.0	791.49	34.387
3610.0	791.05	34.387
3611.0	789.16	34.324
3612.0	788.73	34.324
3613.0	786.11	34.229
3614.0	782.79	34.104
3615.0	782.36	34.104
3616.0	779.76	34.009
3617.0	779.33	34.009
3618.0	778.9	34.009
3619.0	777.04	33.946999999999996
3620.0	774.47	33.853
3621.0	769.78	33.667
3622.0	769.35	33.667
3623.0	768.93	33.667
3624.0	769.92	33.729
3625.0	770.91	33.791
3626.0	769.07	33.729
3627.0	767.23	33.667
3628.0	766.1	33.635999999999996
3629.0	764.27	33.574
3630.0	763.85	33.574
3631.0	764.84	33.635999999999996
3632.0	764.42	33.635999999999996
3633.0	762.59	33.574
3634.0	760.77	33.512
3635.0	760.35	33.512
3636.0	759.93	33.512
3637.0	760.91	33.574
3638.0	761.9	33.635999999999996
3639.0	760.07	33.574
3640.0	758.26	33.512
3641.0	756.45	33.45
3642.0	756.04	33.45
3643.0	754.92	33.419000000000004
3644.0	754.51	33.419000000000004
3645.0	754.09	33.419000000000004
3646.0	753.68	33.419000000000004
3647.0	751.88	33.358000000000004
3648.0	751.47	33.358000000000004
3649.0	749.68	33.297
3650.0	748.57	33.266
3651.0	746.79	33.205
3652.0	745.0	33.144
3653.0	743.23	33.083
3654.0	742.14	33.052
3655.0	740.36	32.991
3656.0	739.96	32.991
3657.0	738.19	32.931
3658.0	737.79	32.931
3659.0	735.35	32.84
3660.0	733.6	32.779
3661.0	731.85	32.719
3662.0	730.1	32.659
3663.0	729.7	32.659
3664.0	730.65	32.719
3665.0	730.25	32.719
3666.0	729.85	32.719
3667.0	729.45	32.719
3668.0	727.72	32.659
3669.0	728.66	32.719
3670.0	728.26	32.719
3671.0	727.87	32.719
3672.0	727.47	32.719
3673.0	727.07	32.719
3674.0	726.68	32.719
3675.0	726.28	32.719
3676.0	728.57	32.84
3677.0	730.18	32.931
3678.0	731.13	32.991
3679.0	732.08	33.052
3680.0	731.69	33.052
3681.0	731.29	33.052
3682.0	731.57	33.083
3683.0	731.17	33.083
3684.0	730.77	33.083
3685.0	730.37	33.083
3686.0	729.31	33.052
3687.0	727.57	32.991
3688.0	724.5	32.87
3689.0	722.11	32.779
3690.0	719.07	32.659
3691.0	716.69	32.569
3692.0	714.98	32.509
3693.0	713.28	32.449
3694.0	712.24	32.419000000000004
3695.0	711.85	32.419000000000004
3696.0	713.44	32.509
3697.0	713.05	32.509
3698.0	712.67	32.509
3699.0	712.28	32.509
3700.0	713.21	32.569
3701.0	712.82	32.569
3702.0	711.13	32.509
3703.0	710.74	32.509
3704.0	709.05	32.449
3705.0	708.02	32.419000000000004
3706.0	708.29	32.449
3707.0	709.21	32.509
3708.0	708.83	32.509
3709.0	708.45	32.509
3710.0	706.11	32.419000000000004
3711.0	705.73	32.419000000000004
3712.0	704.05	32.359
3713.0	703.67	32.359
3714.0	703.29	32.359
3715.0	702.92	32.359
3716.0	701.24	32.3
3717.0	698.93	32.211
3718.0	697.27	32.150999999999996
3719.0	696.89	32.150999999999996
3720.0	696.52	32.150999999999996
3721.0	697.43	32.211
3722.0	698.34	32.27
3723.0	698.61	32.3
3724.0	699.52	32.359
3725.0	699.15	32.359
3726.0	697.48	32.3
3727.0	697.11	32.3
3728.0	696.74	32.3
3729.0	696.36	32.3
3730.0	695.99	32.3
3731.0	696.9	32.359
3732.0	695.24	32.3
3733.0	694.87	32.3
3734.0	694.5	32.3
3735.0	692.21	32.211
3736.0	691.84	32.211
3737.0	691.47	32.211
3738.0	693.01	32.3
3739.0	692.64	32.3
3740.0	693.55	32.359
3741.0	693.18	32.359
3742.0	691.53	32.3
3743.0	690.53	32.27
3744.0	688.89	32.211
3745.0	688.52	32.211
3746.0	688.15	32.211
3747.0	689.69	32.3
3748.0	690.59	32.359
3749.0	691.5	32.419000000000004
3750.0	691.76	32.449
3751.0	690.76	32.419000000000004
3752.0	689.12	32.359
3753.0	687.48	32.3
3754.0	687.12	32.3
3755.0	686.12	32.27
3756.0	685.75	32.27
3757.0	684.13	32.211
3758.0	683.76	32.211
3759.0	682.14	32.150999999999996
3760.0	681.78	32.150999999999996
3761.0	680.16	32.092
3762.0	679.17	32.063
3763.0	677.57	32.004
3764.0	677.21	32.004
3765.0	676.85	32.004
3766.0	676.49	32.004
3767.0	676.13	32.004
3768.0	675.77	32.004
3769.0	675.41	32.004
3770.0	675.05	32.004
3771.0	675.94	32.063
3772.0	675.58	32.063
3773.0	673.98	32.004
3774.0	672.38	31.945
3775.0	672.03	31.945
3776.0	669.82	31.857
3777.0	669.46	31.857
3778.0	669.72	31.886
3779.0	667.52	31.798000000000002
3780.0	664.72	31.680999999999997
3781.0	662.53	31.594
3782.0	659.14	31.448
3783.0	656.37	31.333000000000002
3784.0	656.02	31.333000000000002
3785.0	653.86	31.246
3786.0	652.32	31.189
3787.0	650.77	31.131999999999998
3788.0	647.44	30.988000000000003
3789.0	644.13	30.846
3790.0	642.6	30.789
3791.0	640.49	30.704
3792.0	637.8	30.590999999999998
3793.0	636.88	30.563000000000002
3794.0	635.37	30.506999999999998
3795.0	635.03	30.506999999999998
3796.0	636.46	30.590999999999998
3797.0	637.29	30.648000000000003
3798.0	638.72	30.733
3799.0	640.74	30.846
3800.0	643.36	30.988000000000003
3801.0	661.03	31.857
3802.0	662.52	31.945
3803.0	664.61	32.063
3804.0	666.1	32.150999999999996
3805.0	665.75	32.150999999999996
3806.0	665.4	32.150999999999996
3807.0	666.28	32.211
3808.0	669.0	32.359
3809.0	669.88	32.419000000000004
3810.0	671.38	32.509
3811.0	672.27	32.569
3812.0	671.91	32.569
3813.0	671.56	32.569
3814.0	669.97	32.509
3815.0	668.39	32.449
3816.0	667.43	32.419000000000004
3817.0	665.85	32.359
3818.0	664.28	32.3
3819.0	663.93	32.3
3820.0	660.53	32.150999999999996
3821.0	658.36	32.063
3822.0	655.6	31.945
3823.0	653.45	31.857
3824.0	650.7	31.739
3825.0	647.38	31.594
3826.0	644.06	31.448
3827.0	641.36	31.333000000000002
3828.0	639.26	31.246
3829.0	638.92	31.246
3830.0	638.59	31.246
3831.0	637.08	31.189
3832.0	636.75	31.189
3833.0	636.42	31.189
3834.0	636.09	31.189
3835.0	636.93	31.246
3836.0	636.59	31.246
3837.0	636.26	31.246
3838.0	637.69	31.333000000000002
3839.0	639.71	31.448
3840.0	642.33	31.594
3841.0	644.96	31.739
3842.0	647.0	31.857
3843.0	648.46	31.945
3844.0	651.11	32.092
3845.0	653.17	32.211
3846.0	657.05	32.419000000000004
3847.0	660.96	32.629
3848.0	664.89	32.84
3849.0	669.46	33.083
3850.0	673.44	33.297
3851.0	677.44	33.512
3852.0	681.47	33.729
3853.0	684.26	33.884
3854.0	687.7	34.071999999999996
3855.0	689.24	34.166
3856.0	692.07	34.324
3857.0	689.8	34.229
3858.0	689.44	34.229
3859.0	686.55	34.104
3860.0	684.3	34.009
3861.0	682.69	33.946999999999996
3862.0	681.08	33.884
3863.0	678.85	33.791
3864.0	678.49	33.791
3865.0	678.14	33.791
3866.0	679.67	33.884
3867.0	680.57	33.946999999999996
3868.0	681.47	34.009
3869.0	683.01	34.104
3870.0	685.17	34.229
3871.0	686.08	34.293
3872.0	683.2	34.166
3873.0	679.71	34.009
3874.0	675.0	33.791
3875.0	670.31	33.574
3876.0	664.44	33.297
3877.0	659.83	33.083
3878.0	655.25	32.87
3879.0	650.1	32.629
3880.0	644.4	32.359
3881.0	636.99	32.004
3882.0	629.66	31.651999999999997
3883.0	622.99	31.333000000000002
3884.0	615.83	30.988000000000003
3885.0	609.87	30.704
3886.0	604.52	30.451
3887.0	600.33	30.255
3888.0	598.37	30.171999999999997
3889.0	595.86	30.061
3890.0	595.55	30.061
3891.0	595.25	30.061
3892.0	593.85	30.005
3893.0	594.64	30.061
3894.0	598.17	30.255
3895.0	601.73	30.451
3896.0	606.43	30.704
3897.0	611.73	30.988000000000003
3898.0	617.64	31.304000000000002
3899.0	624.18	31.651999999999997
3900.0	630.8	32.004
3901.0	637.48	32.359
3902.0	644.24	32.719
3903.0	649.26	32.991
3904.0	654.94	33.297
3905.0	660.05	33.574
3906.0	665.82	33.884
3907.0	669.78	34.104
3908.0	673.77	34.324
3909.0	677.78	34.546
3910.0	680.56	34.705999999999996
3911.0	684.61	34.93
3912.0	688.05	35.124
3913.0	691.51	35.318000000000005
3914.0	696.91	35.611999999999995
3915.0	701.06	35.843
3916.0	703.94	36.008
3917.0	706.18	36.141
3918.0	707.77	36.241
3919.0	708.71	36.308
3920.0	709.66	36.375
3921.0	711.25	36.475
3922.0	712.2	36.543
3923.0	713.16	36.61
3924.0	712.79	36.61
3925.0	712.43	36.61
3926.0	710.75	36.543
3927.0	710.39	36.543
3928.0	708.72	36.475
3929.0	707.06	36.408
3930.0	706.05	36.375
3931.0	704.39	36.308
3932.0	704.03	36.308
3933.0	702.38	36.241
3934.0	702.02	36.241
3935.0	699.73	36.141
3936.0	698.09	36.074
3937.0	696.45	36.008
3938.0	692.9	35.843
3939.0	690.64	35.744
3940.0	689.02	35.678000000000004
3941.0	685.5	35.514
3942.0	681.38	35.318000000000005
3943.0	677.9	35.156
3944.0	674.45	34.995
3945.0	671.01	34.834
3946.0	667.58	34.674
3947.0	663.57	34.483000000000004
3948.0	659.58	34.293
3949.0	655.01	34.071999999999996
3950.0	648.08	33.729
3951.0	641.81	33.419000000000004
3952.0	634.43	33.052
3953.0	625.99	32.629
3954.0	617.66	32.211
3955.0	610.56	31.857
3956.0	602.99	31.476999999999997
3957.0	596.06	31.131999999999998
3958.0	589.21	30.789
3959.0	580.83	30.366999999999997
3960.0	572.04	29.923000000000002
3961.0	562.87	29.458000000000002
3962.0	553.34	28.973000000000003
3963.0	545.47	28.576
3964.0	537.22	28.158
3965.0	529.1	27.746
3966.0	521.57	27.365
3967.0	513.68	26.965
3968.0	505.45	26.546
3969.0	498.72	26.206
3970.0	492.99	25.918000000000003
3971.0	488.68	25.704
3972.0	486.18	25.586
3973.0	485.04	25.539
3974.0	487.94	25.704
3975.0	490.85	25.87
3976.0	499.26	26.326999999999998
3977.0	506.89	26.741999999999997
3978.0	516.05	27.24
3979.0	524.89	27.72
3980.0	531.93	28.105999999999998
3981.0	538.56	28.471
3982.0	544.27	28.787
3983.0	551.06	29.160999999999998
3984.0	556.9	29.485
3985.0	564.89	29.923000000000002
3986.0	572.99	30.366999999999997
3987.0	580.67	30.789
3988.0	588.99	31.246
3989.0	596.34	31.651999999999997
3990.0	604.33	32.092
3991.0	611.87	32.509
3992.0	620.64	32.991
3993.0	628.38	33.419000000000004
3994.0	636.8	33.884
3995.0	642.96	34.229
3996.0	649.79	34.61
3997.0	654.86	34.898
3998.0	659.38	35.156
3999.0	663.31	35.383
4000.0	668.5	35.678000000000004
4001.0	672.49	35.909
4002.0	676.5	36.141
4003.0	680.53	36.375
4004.0	684.59	36.61
4005.0	688.68	36.847
4006.0	691.51	37.016999999999996
4007.0	695.64	37.256
4008.0	699.79	37.497
4009.0	701.37	37.601
4010.0	704.26	37.775
4011.0	706.5	37.914
4012.0	709.41	38.089
4013.0	710.36	38.159
4014.0	711.98	38.265
4015.0	714.25	38.406
4016.0	715.87	38.512
4017.0	718.82	38.69
4018.0	722.44	38.904
4019.0	724.08	39.012
4020.0	725.05	39.084
4021.0	726.7	39.192
4022.0	727.67	39.264
4023.0	728.65	39.336999999999996
4024.0	730.3	39.446
4025.0	732.64	39.591
4026.0	732.95	39.628
4027.0	733.94	39.701
4028.0	734.92	39.774
4029.0	735.91	39.847
4030.0	736.22	39.884
4031.0	737.21	39.958
4032.0	738.21	40.031
4033.0	737.84	40.031
4034.0	737.48	40.031
4035.0	737.11	40.031
4036.0	735.39	39.958
4037.0	736.38	40.031
4038.0	736.02	40.031
4039.0	737.01	40.105
4040.0	736.64	40.105
4041.0	736.28	40.105
4042.0	734.56	40.031
4043.0	734.2	40.031
4044.0	732.48	39.958
4045.0	730.78	39.884
4046.0	728.4	39.774
4047.0	726.7	39.701
4048.0	724.33	39.591
4049.0	722.64	39.518
4050.0	720.96	39.446
4051.0	718.61	39.336999999999996
4052.0	716.94	39.264
4053.0	713.29	39.084
4054.0	710.32	38.94
4055.0	708.01	38.833
4056.0	706.36	38.760999999999996
4057.0	704.06	38.654
4058.0	701.13	38.512
4059.0	698.85	38.406
4060.0	695.29	38.23
4061.0	691.12	38.019
4062.0	687.61	37.844
4063.0	682.85	37.601
4064.0	679.38	37.428000000000004
4065.0	675.93	37.256
4066.0	673.11	37.119
4067.0	667.84	36.847
4068.0	663.22	36.61
4069.0	658.64	36.375
4070.0	654.08	36.141
4071.0	649.56	35.909
4072.0	645.07	35.678000000000004
4073.0	639.43	35.383
4074.0	633.25	35.059
4075.0	627.72	34.77
4076.0	621.66	34.451
4077.0	615.09	34.104
4078.0	609.15	33.791
4079.0	603.83	33.512
4080.0	596.9	33.144
4081.0	588.96	32.719
4082.0	579.53	32.211
4083.0	569.72	31.680999999999997
4084.0	559.56	31.131999999999998
4085.0	549.59	30.590999999999998
4086.0	540.78	30.116
4087.0	533.6	29.73
4088.0	525.53	29.295
4089.0	517.12	28.84
4090.0	508.83	28.392
4091.0	500.22	27.925
4092.0	492.21	27.491999999999997
4093.0	483.43	27.015
4094.0	474.81	26.546
4095.0	465.49	26.038
4096.0	457.19	25.586
4097.0	449.04	25.142
4098.0	442.26	24.774
4099.0	437.18	24.502
4100.0	432.17	24.233
4101.0	428.39	24.033
4102.0	422.7	23.725
4103.0	418.62	23.506999999999998
4104.0	418.41	23.506999999999998
4105.0	418.21	23.506999999999998
4106.0	424.6	23.878
4107.0	431.49	24.276999999999997
4108.0	442.14	24.888
4109.0	454.31	25.586
4110.0	465.09	26.206
4111.0	476.13	26.840999999999998
4112.0	485.19	27.365
4113.0	491.71	27.746
4114.0	497.84	28.105999999999998
4115.0	504.06	28.471
4116.0	510.35	28.84
4117.0	516.73	29.215
4118.0	523.18	29.594
4119.0	531.17	30.061
4120.0	538.8	30.506999999999998
4121.0	546.03	30.930999999999997
4122.0	552.84	31.333000000000002
4123.0	558.2	31.651999999999997
4124.0	564.13	32.004
4125.0	568.55	32.27
4126.0	572.48	32.509
4127.0	578.03	32.84
4128.0	584.17	33.205
4129.0	591.47	33.635999999999996
4130.0	596.65	33.946999999999996
4131.0	601.32	34.229
4132.0	606.6	34.546
4133.0	611.35	34.834
4134.0	615.01	35.059
4135.0	619.25	35.318000000000005
4136.0	622.96	35.547
4137.0	626.11	35.744
4138.0	628.69	35.909
4139.0	632.46	36.141
4140.0	635.07	36.308
4141.0	638.87	36.543
4142.0	641.5	36.711
4143.0	645.34	36.949
4144.0	649.2	37.188
4145.0	651.88	37.359
4146.0	655.78	37.601
4147.0	659.71	37.844
4148.0	662.43	38.019
4149.0	665.78	38.23
4150.0	668.53	38.406
4151.0	671.3	38.583
4152.0	675.31	38.833
4153.0	678.1	39.012
4154.0	680.91	39.192
4155.0	684.98	39.446
4156.0	687.18	39.591
4157.0	691.29	39.847
4158.0	691.59	39.884
4159.0	693.81	40.031
4160.0	693.48	40.031
4161.0	691.87	39.958
4162.0	691.54	39.958
4163.0	692.48	40.031
4164.0	693.42	40.105
4165.0	693.73	40.141999999999996
4166.0	694.68	40.216
4167.0	695.62	40.29
4168.0	697.21	40.402
4169.0	698.16	40.476
4170.0	699.11	40.551
4171.0	702.01	40.738
4172.0	704.91	40.926
4173.0	705.87	41.001000000000005
4174.0	706.83	41.077
4175.0	706.49	41.077
4176.0	708.11	41.191
4177.0	709.08	41.266999999999996
4178.0	710.04	41.343
4179.0	710.36	41.381
4180.0	711.32	41.457
4181.0	710.98	41.457
4182.0	713.27	41.61
4183.0	713.58	41.648999999999994
4184.0	714.56	41.725
4185.0	714.22	41.725
4186.0	713.87	41.725
4187.0	714.85	41.802
4188.0	714.51	41.802
4189.0	714.17	41.802
4190.0	715.14	41.879
4191.0	714.8	41.879
4192.0	715.12	41.918
4193.0	716.09	41.995
4194.0	717.07	42.073
4195.0	716.73	42.073
4196.0	717.05	42.111000000000004
4197.0	718.03	42.18899999999999
4198.0	719.01	42.266999999999996
4199.0	718.67	42.266999999999996
4200.0	718.33	42.266999999999996
4201.0	716.66	42.18899999999999
4202.0	716.32	42.18899999999999
4203.0	715.98	42.18899999999999
4204.0	715.64	42.18899999999999
4205.0	715.3	42.18899999999999
4206.0	714.96	42.18899999999999
4207.0	714.62	42.18899999999999
4208.0	714.28	42.18899999999999
4209.0	713.94	42.18899999999999
4210.0	713.6	42.18899999999999
4211.0	713.26	42.18899999999999
4212.0	714.24	42.266999999999996
4213.0	713.9	42.266999999999996
4214.0	713.56	42.266999999999996
4215.0	713.22	42.266999999999996
4216.0	712.88	42.266999999999996
4217.0	712.55	42.266999999999996
4218.0	712.21	42.266999999999996
4219.0	711.87	42.266999999999996
4220.0	711.53	42.266999999999996
4221.0	712.51	42.345
4222.0	712.17	42.345
4223.0	711.83	42.345
4224.0	711.5	42.345
4225.0	711.16	42.345
4226.0	710.82	42.345
4227.0	711.14	42.38399999999999
4228.0	712.12	42.461999999999996
4229.0	711.78	42.461999999999996
4230.0	711.44	42.461999999999996
4231.0	709.15	42.345
4232.0	707.5	42.266999999999996
4233.0	705.87	42.18899999999999
4234.0	704.24	42.111000000000004
4235.0	703.25	42.073
4236.0	701.63	41.995
4237.0	700.01	41.918
4238.0	697.75	41.802
4239.0	697.42	41.802
4240.0	695.81	41.725
4241.0	695.48	41.725
4242.0	695.15	41.725
4243.0	694.82	41.725
4244.0	693.22	41.648999999999994
4245.0	692.89	41.648999999999994
4246.0	692.57	41.648999999999994
4247.0	690.33	41.534
4248.0	690.0	41.534
4249.0	688.41	41.457
4250.0	686.19	41.343
4251.0	685.86	41.343
4252.0	684.28	41.266999999999996
4253.0	683.96	41.266999999999996
4254.0	683.64	41.266999999999996
4255.0	682.06	41.191
4256.0	680.48	41.115
4257.0	678.29	41.001000000000005
4258.0	676.72	40.926
4259.0	674.54	40.813
4260.0	672.98	40.738
4261.0	670.8	40.626
4262.0	669.26	40.551
4263.0	667.71	40.476
4264.0	666.17	40.402
4265.0	665.25	40.364000000000004
4266.0	663.71	40.29
4267.0	660.96	40.141999999999996
4268.0	660.04	40.105
4269.0	658.52	40.031
4270.0	657.0	39.958
4271.0	654.88	39.847
4272.0	653.37	39.774
4273.0	651.86	39.701
4274.0	649.76	39.591
4275.0	646.47	39.409
4276.0	643.79	39.264
4277.0	640.53	39.084
4278.0	637.29	38.904
4279.0	634.65	38.760999999999996
4280.0	632.6	38.654
4281.0	631.15	38.583
4282.0	630.85	38.583
4283.0	629.4	38.512
4284.0	629.1	38.512
4285.0	628.81	38.512
4286.0	625.63	38.335
4287.0	622.46	38.159
4288.0	619.31	37.984
4289.0	615.05	37.74
4290.0	611.37	37.532
4291.0	607.72	37.325
4292.0	603.53	37.085
4293.0	599.38	36.847
4294.0	595.25	36.61
4295.0	590.06	36.308
4296.0	585.99	36.074
4297.0	581.96	35.843
4298.0	576.88	35.547
4299.0	572.91	35.318000000000005
4300.0	569.49	35.124
4301.0	565.56	34.898
4302.0	561.67	34.674
4303.0	556.77	34.387
4304.0	553.96	34.229
4305.0	549.13	33.946999999999996
4306.0	545.35	33.729
4307.0	540.09	33.419000000000004
4308.0	536.38	33.205
4309.0	532.68	32.991
4310.0	528.04	32.719
4311.0	524.4	32.509
4312.0	520.31	32.27
4313.0	515.78	32.004
4314.0	511.28	31.739
4315.0	506.82	31.476999999999997
4316.0	501.95	31.189
4317.0	497.11	30.903000000000002
4318.0	491.88	30.590999999999998
4319.0	486.24	30.255
4320.0	480.68	29.923000000000002
4321.0	475.17	29.594
4322.0	468.87	29.215
4323.0	462.65	28.84
4324.0	455.67	28.418000000000003
4325.0	448.38	27.976999999999997
4326.0	441.21	27.541999999999998
4327.0	433.76	27.089000000000002
4328.0	426.04	26.619
4329.0	419.22	26.206
4330.0	411.76	25.750999999999998
4331.0	404.43	25.305
4332.0	397.23	24.866
4333.0	389.44	24.389
4334.0	381.81	23.921999999999997
4335.0	373.63	23.421
4336.0	365.29	22.909000000000002
4337.0	357.47	22.428
4338.0	352.4	22.121
4339.0	346.45	21.756999999999998
4340.0	343.75	21.596999999999998
4341.0	341.38	21.458000000000002
4342.0	342.17	21.518
4343.0	344.22	21.656999999999996
4344.0	347.57	21.878
4345.0	352.89	22.223000000000003
4346.0	358.96	22.615
4347.0	365.12	23.014
4348.0	372.08	23.464000000000002
4349.0	378.48	23.878
4350.0	384.98	24.3
4351.0	391.24	24.706
4352.0	397.23	25.096
4353.0	404.06	25.539
4354.0	411.0	25.99
4355.0	418.06	26.448
4356.0	424.86	26.89
4357.0	431.36	27.315
4358.0	436.76	27.669
4359.0	442.64	28.054000000000002
4360.0	449.0	28.471
4361.0	454.62	28.84
4362.0	460.31	29.215
4363.0	466.93	29.648000000000003
4364.0	471.9	29.978
4365.0	476.05	30.255
4366.0	481.12	30.590999999999998
4367.0	484.9	30.846
4368.0	489.17	31.131999999999998
4369.0	493.92	31.448
4370.0	498.26	31.739
4371.0	502.18	32.004
4372.0	506.59	32.3
4373.0	510.58	32.569
4374.0	514.59	32.84
4375.0	518.16	33.083
4376.0	522.23	33.358000000000004
4377.0	526.34	33.635999999999996
4378.0	529.99	33.884
4379.0	533.18	34.104
4380.0	537.37	34.387
4381.0	539.6	34.546
4382.0	542.85	34.77
4383.0	545.1	34.93
4384.0	547.87	35.124
4385.0	550.15	35.286
4386.0	551.42	35.383
4387.0	553.71	35.547
4388.0	556.53	35.744
4389.0	558.84	35.909
4390.0	560.13	36.008
4391.0	561.95	36.141
4392.0	564.28	36.308
4393.0	565.58	36.408
4394.0	567.41	36.543
4395.0	569.77	36.711
4396.0	571.62	36.847
4397.0	572.94	36.949
4398.0	573.73	37.016999999999996
4399.0	576.12	37.188
4400.0	577.98	37.325
4401.0	579.32	37.428000000000004
4402.0	580.12	37.497
4403.0	581.46	37.601
4404.0	582.27	37.67
4405.0	584.69	37.844
4406.0	585.5	37.914
4407.0	586.86	38.019
4408.0	587.67	38.089
4409.0	587.41	38.089
4410.0	588.22	38.159
4411.0	587.96	38.159
4412.0	589.32	38.265
4413.0	589.05	38.265
4414.0	590.95	38.406
4415.0	591.78	38.477
4416.0	592.06	38.512
4417.0	591.79	38.512
4418.0	592.61	38.583
4419.0	592.34	38.583
4420.0	593.16	38.654
4421.0	592.9	38.654
4422.0	593.18	38.69
4423.0	594.0	38.760999999999996
4424.0	594.83	38.833
4425.0	595.65	38.904
4426.0	597.03	39.012
4427.0	595.66	38.94
4428.0	595.39	38.94
4429.0	596.22	39.012
4430.0	595.95	39.012
4431.0	595.69	39.012
4432.0	595.42	39.012
4433.0	595.15	39.012
4434.0	594.88	39.012
4435.0	594.61	39.012
4436.0	594.34	39.012
4437.0	594.08	39.012
4438.0	594.9	39.084
4439.0	594.63	39.084
4440.0	596.01	39.192
4441.0	595.74	39.192
4442.0	596.57	39.264
4443.0	596.3	39.264
4444.0	596.04	39.264
4445.0	596.86	39.336999999999996
4446.0	595.5	39.264
4447.0	595.23	39.264
4448.0	594.96	39.264
4449.0	594.7	39.264
4450.0	594.43	39.264
4451.0	594.16	39.264
4452.0	594.99	39.336999999999996
4453.0	594.72	39.336999999999996
4454.0	595.55	39.409
4455.0	594.19	39.336999999999996
4456.0	593.92	39.336999999999996
4457.0	593.66	39.336999999999996
4458.0	593.39	39.336999999999996
4459.0	593.12	39.336999999999996
4460.0	592.86	39.336999999999996
4461.0	592.59	39.336999999999996
4462.0	591.24	39.264
4463.0	590.97	39.264
4464.0	591.8	39.336999999999996
4465.0	591.53	39.336999999999996
4466.0	592.35	39.409
4467.0	592.64	39.446
4468.0	592.37	39.446
4469.0	592.11	39.446
4470.0	591.29	39.409
4471.0	589.94	39.336999999999996
4472.0	589.68	39.336999999999996
4473.0	590.5	39.409
4474.0	590.24	39.409
4475.0	588.89	39.336999999999996
4476.0	588.63	39.336999999999996
4477.0	586.2	39.192
4478.0	584.32	39.084
4479.0	582.99	39.012
4480.0	582.73	39.012
4481.0	581.39	38.94
4482.0	581.13	38.94
4483.0	580.87	38.94
4484.0	580.08	38.904
4485.0	580.36	38.94
4486.0	581.17	39.012
4487.0	580.91	39.012
4488.0	580.65	39.012
4489.0	580.39	39.012
4490.0	580.13	39.012
4491.0	579.87	39.012
4492.0	579.62	39.012
4493.0	580.43	39.084
4494.0	580.17	39.084
4495.0	579.91	39.084
4496.0	580.72	39.156
4497.0	581.0	39.192
4498.0	580.74	39.192
4499.0	580.48	39.192
4500.0	580.23	39.192
4501.0	581.04	39.264
4502.0	580.78	39.264
4503.0	579.45	39.192
4504.0	578.66	39.156
4505.0	577.34	39.084
4506.0	577.08	39.084
4507.0	576.83	39.084
4508.0	576.57	39.084
4509.0	575.25	39.012
4510.0	575.0	39.012
4511.0	573.69	38.94
4512.0	573.43	38.94
4513.0	573.18	38.94
4514.0	572.92	38.94
4515.0	572.67	38.94
4516.0	572.42	38.94
4517.0	572.16	38.94
4518.0	572.97	39.012
4519.0	572.71	39.012
4520.0	572.46	39.012
4521.0	572.21	39.012
4522.0	570.9	38.94
4523.0	570.12	38.904
4524.0	569.87	38.904
4525.0	570.14	38.94
4526.0	570.94	39.012
4527.0	571.74	39.084
4528.0	572.54	39.156
4529.0	572.29	39.156
4530.0	572.03	39.156
4531.0	571.78	39.156
4532.0	572.06	39.192
4533.0	571.81	39.192
4534.0	571.56	39.192
4535.0	571.3	39.192
4536.0	570.52	39.156
4537.0	569.22	39.084
4538.0	567.93	39.012
4539.0	566.63	38.94
4540.0	565.86	38.904
4541.0	565.61	38.904
4542.0	564.32	38.833
4543.0	564.07	38.833
4544.0	563.82	38.833
4545.0	563.58	38.833
4546.0	564.37	38.904
4547.0	564.12	38.904
4548.0	563.87	38.904
4549.0	563.62	38.904
4550.0	563.37	38.904
4551.0	563.13	38.904
4552.0	561.84	38.833
4553.0	561.6	38.833
4554.0	560.32	38.760999999999996
4555.0	560.07	38.760999999999996
4556.0	559.83	38.760999999999996
4557.0	558.55	38.69
4558.0	557.79	38.654
4559.0	557.54	38.654
4560.0	557.3	38.654
4561.0	557.06	38.654
4562.0	556.81	38.654
4563.0	556.57	38.654
4564.0	556.32	38.654
4565.0	555.06	38.583
4566.0	554.82	38.583
4567.0	553.55	38.512
4568.0	553.31	38.512
4569.0	553.07	38.512
4570.0	552.83	38.512
4571.0	552.58	38.512
4572.0	552.34	38.512
4573.0	552.1	38.512
4574.0	551.86	38.512
4575.0	551.62	38.512
4576.0	550.87	38.477
4577.0	549.61	38.406
4578.0	549.37	38.406
4579.0	549.13	38.406
4580.0	547.88	38.335
4581.0	548.65	38.406
4582.0	548.41	38.406
4583.0	547.17	38.335
4584.0	546.93	38.335
4585.0	546.69	38.335
4586.0	546.45	38.335
4587.0	546.21	38.335
4588.0	545.98	38.335
4589.0	544.73	38.265
4590.0	544.5	38.265
4591.0	542.76	38.159
4592.0	541.52	38.089
4593.0	541.29	38.089
4594.0	541.05	38.089
4595.0	540.81	38.089
4596.0	540.58	38.089
4597.0	541.34	38.159
4598.0	541.1	38.159
4599.0	540.87	38.159
4600.0	539.64	38.089
4601.0	538.41	38.019
4602.0	538.18	38.019
4603.0	536.46	37.914
4604.0	536.23	37.914
4605.0	535.99	37.914
4606.0	535.76	37.914
4607.0	535.53	37.914
4608.0	536.29	37.984
4609.0	535.06	37.914
4610.0	534.83	37.914
4611.0	534.6	37.914
4612.0	533.39	37.844
4613.0	533.15	37.844
4614.0	531.94	37.775
4615.0	531.71	37.775
4616.0	530.99	37.74
4617.0	530.76	37.74
4618.0	530.53	37.74
4619.0	530.3	37.74
4620.0	530.07	37.74
4621.0	529.84	37.74
4622.0	529.61	37.74
4623.0	529.39	37.74
4624.0	529.16	37.74
4625.0	527.95	37.67
4626.0	527.72	37.67
4627.0	527.5	37.67
4628.0	527.27	37.67
4629.0	527.04	37.67
4630.0	527.79	37.74
4631.0	527.56	37.74
4632.0	527.33	37.74
4633.0	526.13	37.67
4634.0	525.9	37.67
4635.0	525.68	37.67
4636.0	524.49	37.601
4637.0	523.3	37.532
4638.0	522.59	37.497
4639.0	522.36	37.497
4640.0	522.14	37.497
4641.0	521.91	37.497
4642.0	521.69	37.497
4643.0	521.46	37.497
4644.0	521.24	37.497
4645.0	521.01	37.497
4646.0	520.79	37.497
4647.0	520.57	37.497
4648.0	520.82	37.532
4649.0	521.56	37.601
4650.0	521.33	37.601
4651.0	520.15	37.532
4652.0	519.45	37.497
4653.0	518.27	37.428000000000004
4654.0	517.09	37.359
4655.0	516.87	37.359
4656.0	516.17	37.325
4657.0	515.0	37.256
4658.0	513.83	37.188
4659.0	514.56	37.256
4660.0	514.34	37.256
4661.0	514.12	37.256
4662.0	513.9	37.256
4663.0	512.73	37.188
4664.0	512.51	37.188
4665.0	512.29	37.188
4666.0	512.07	37.188
4667.0	511.85	37.188
4668.0	511.63	37.188
4669.0	510.47	37.119
4670.0	510.25	37.119
4671.0	510.04	37.119
4672.0	509.35	37.085
4673.0	509.13	37.085
4674.0	509.38	37.119
4675.0	509.16	37.119
4676.0	508.48	37.085
4677.0	507.32	37.016999999999996
4678.0	506.17	36.949
4679.0	504.56	36.847
4680.0	503.42	36.779
4681.0	503.2	36.779
4682.0	502.06	36.711
4683.0	500.46	36.61
4684.0	498.41	36.475
4685.0	497.28	36.408
4686.0	496.61	36.375
4687.0	496.4	36.375
4688.0	496.19	36.375
4689.0	495.06	36.308
4690.0	494.85	36.308
4691.0	494.64	36.308
4692.0	494.43	36.308
4693.0	494.22	36.308
4694.0	494.92	36.375
4695.0	494.71	36.375
4696.0	494.5	36.375
4697.0	494.29	36.375
4698.0	493.17	36.308
4699.0	492.05	36.241
4700.0	491.84	36.241
4702.0	490.07	36.141
4704.0	488.75	36.074
4706.0	486.09	35.909
4708.0	485.68	35.909
4710.0	485.27	35.909
4712.0	484.85	35.909
4714.0	483.55	35.843
4716.0	485.37	36.008
4718.0	484.96	36.008
4720.0	479.22	35.611999999999995
4722.0	472.25	35.124
4724.0	465.8	34.674
4726.0	465.84	34.705999999999996
4728.0	468.02	34.898
4730.0	464.62	34.674
4732.0	459.13	34.293
4734.0	455.79	34.071999999999996
4736.0	452.48	33.853
4738.0	449.6	33.667
4740.0	446.34	33.45
4742.0	449.67	33.729
4744.0	444.36	33.358000000000004
4746.0	448.92	33.729
4748.0	447.3	33.635999999999996
4750.0	446.1	33.574
4752.0	445.72	33.574
4754.0	444.53	33.512
4756.0	443.34	33.45
4758.0	442.56	33.419000000000004
4760.0	441.37	33.358000000000004
4762.0	441.0	33.358000000000004
4764.0	439.82	33.297
4766.0	439.05	33.266
4768.0	437.87	33.205
4770.0	435.9	33.083
4772.0	435.13	33.052
4774.0	433.17	32.931
4776.0	431.61	32.84
4778.0	429.66	32.719
4780.0	428.12	32.629
4782.0	426.19	32.509
4784.0	424.66	32.419000000000004
4786.0	422.74	32.3
4788.0	420.45	32.150999999999996
4790.0	419.32	32.092
4792.0	417.05	31.945
4794.0	415.55	31.857
4796.0	412.92	31.680999999999997
4798.0	411.43	31.594
4800.0	408.45	31.391
4802.0	406.23	31.246
4804.0	403.29	31.046
4806.0	399.63	30.789
4808.0	396.73	30.590999999999998
4810.0	392.76	30.311
4812.0	389.2	30.061
4814.0	385.31	29.785
4816.0	381.11	29.485
4818.0	378.0	29.268
4820.0	373.87	28.973000000000003
4822.0	370.14	28.708000000000002
4824.0	366.11	28.418000000000003
4826.0	361.78	28.105999999999998
4828.0	357.51	27.796999999999997
4830.0	353.29	27.491999999999997
4832.0	348.47	27.139
4834.0	343.72	26.791999999999998
4836.0	338.1	26.375
4838.0	332.27	25.941999999999997
4840.0	326.83	25.539
4842.0	320.9	25.096
4844.0	315.07	24.66
4846.0	308.78	24.188000000000002
4848.0	302.62	23.725
4850.0	296.58	23.27
4852.0	290.92	22.845
4854.0	285.9	22.47
4856.0	281.23	22.121
4858.0	276.38	21.756999999999998
4860.0	274.12	21.596999999999998
4862.0	271.64	21.419
4864.0	269.17	21.241999999999997
4866.0	269.95	21.320999999999998
4868.0	270.47	21.38
4870.0	271.75	21.498
4872.0	275.3	21.796999999999997
4874.0	279.16	22.121
4876.0	283.33	22.47
4878.0	289.16	22.951
4880.0	294.84	23.421
4882.0	300.9	23.921999999999997
4884.0	305.96	24.344
4886.0	311.11	24.774
4888.0	316.34	25.211
4890.0	320.18	25.539
4892.0	324.67	25.918000000000003
4894.0	328.92	26.278000000000002
4896.0	332.31	26.570999999999998
4898.0	336.03	26.89
4900.0	339.49	27.189
4902.0	342.98	27.491999999999997
4904.0	345.88	27.746
4906.0	349.11	28.028000000000002
4908.0	352.06	28.288
4910.0	354.7	28.523000000000003
4912.0	357.36	28.761
4914.0	359.05	28.92
4916.0	361.74	29.160999999999998
4918.0	363.78	29.349
4920.0	365.84	29.539
4922.0	367.23	29.676
4924.0	369.3	29.866999999999997
4926.0	371.39	30.061
4928.0	372.8	30.199
4930.0	374.91	30.395
4932.0	375.99	30.506999999999998
4934.0	377.42	30.648000000000003
4936.0	378.16	30.733
4938.0	379.24	30.846
4940.0	379.64	30.903000000000002
4942.0	381.08	31.046
4944.0	381.83	31.131999999999998
4946.0	382.22	31.189
4948.0	383.67	31.333000000000002
4950.0	384.07	31.391
4952.0	384.47	31.448
4954.0	385.22	31.535999999999998
4956.0	385.62	31.594
4958.0	386.37	31.680999999999997
4960.0	386.77	31.739
4962.0	387.17	31.798000000000002
4964.0	387.58	31.857
4966.0	387.26	31.857
4968.0	387.31	31.886
4970.0	387.0	31.886
4972.0	387.4	31.945
4974.0	387.09	31.945
4976.0	386.78	31.945
4978.0	387.18	32.004
4980.0	386.87	32.004
4982.0	387.27	32.063
4984.0	387.31	32.092
4986.0	387.0	32.092
4988.0	387.41	32.150999999999996
4990.0	387.81	32.211
4992.0	387.5	32.211
4994.0	387.9	32.27
4996.0	387.95	32.3
4998.0	387.64	32.3
5000.0	387.33	32.3
5002.0	387.73	32.359
5004.0	387.42	32.359
5006.0	387.11	32.359
5008.0	386.81	32.359
5010.0	385.78	32.3
5012.0	385.48	32.3
5014.0	385.17	32.3
5016.0	385.57	32.359
5018.0	385.26	32.359
5020.0	384.96	32.359
5022.0	384.65	32.359
5024.0	383.64	32.3
5026.0	383.33	32.3
5028.0	383.03	32.3
5030.0	382.72	32.3
5032.0	382.42	32.3
5034.0	381.76	32.27
5036.0	381.46	32.27
5038.0	380.46	32.211
5040.0	380.15	32.211
5042.0	379.85	32.211
5044.0	378.85	32.150999999999996
5046.0	378.55	32.150999999999996
5048.0	377.56	32.092
5050.0	377.26	32.092
5052.0	376.96	32.092
5054.0	376.66	32.092
5056.0	376.02	32.063
5058.0	375.72	32.063
5060.0	375.42	32.063
5062.0	375.12	32.063
5064.0	374.83	32.063
5066.0	374.88	32.092
5068.0	374.58	32.092
5070.0	373.94	32.063
5072.0	373.65	32.063
5074.0	372.67	32.004
5076.0	372.37	32.004
5078.0	372.08	32.004
5080.0	371.1	31.945
5082.0	370.81	31.945
5084.0	370.52	31.945
5086.0	370.23	31.945
5088.0	369.94	31.945
5090.0	369.65	31.945
5092.0	369.36	31.945
5094.0	369.07	31.945
5096.0	368.1	31.886
5098.0	367.81	31.886
5100.0	367.18	31.857
5102.0	366.89	31.857
5104.0	366.61	31.857
5106.0	366.32	31.857
5108.0	365.36	31.798000000000002
5110.0	365.07	31.798000000000002
5112.0	364.79	31.798000000000002
5114.0	364.5	31.798000000000002
5116.0	364.22	31.798000000000002
5118.0	363.93	31.798000000000002
5120.0	363.65	31.798000000000002
5122.0	363.36	31.798000000000002
5124.0	362.41	31.739
5126.0	362.13	31.739
5128.0	361.18	31.680999999999997
5130.0	360.9	31.680999999999997
5132.0	360.29	31.651999999999997
5134.0	360.0	31.651999999999997
5136.0	359.72	31.651999999999997
5138.0	359.44	31.651999999999997
5140.0	359.16	31.651999999999997
5142.0	358.89	31.651999999999997
5144.0	358.61	31.651999999999997
5146.0	357.67	31.594
5148.0	357.39	31.594
5150.0	357.11	31.594
5152.0	356.84	31.594
5154.0	356.23	31.565
5156.0	355.96	31.565
5158.0	355.35	31.535999999999998
5160.0	355.08	31.535999999999998
5162.0	354.47	31.506
5164.0	354.2	31.506
5166.0	353.93	31.506
5168.0	353.33	31.476999999999997
5170.0	353.05	31.476999999999997
5172.0	352.45	31.448
5174.0	352.18	31.448
5176.0	351.59	31.42
5178.0	351.32	31.42
5180.0	350.72	31.391
5182.0	350.45	31.391
5184.0	349.86	31.362
5186.0	349.59	31.362
5188.0	348.99	31.333000000000002
5190.0	348.73	31.333000000000002
5192.0	348.14	31.304000000000002
5194.0	347.87	31.304000000000002
5196.0	347.28	31.275
5198.0	346.69	31.246
5200.0	346.43	31.246
5202.0	345.84	31.218000000000004
5204.0	345.58	31.218000000000004
5206.0	344.99	31.189
5208.0	344.73	31.189
5210.0	344.15	31.16
5212.0	344.2	31.189
5214.0	343.3	31.131999999999998
5216.0	343.04	31.131999999999998
5218.0	342.46	31.103
5220.0	341.57	31.046
5222.0	341.31	31.046
5224.0	340.42	30.988000000000003
5226.0	340.16	30.988000000000003
5228.0	339.9	30.988000000000003
5230.0	339.64	30.988000000000003
5232.0	339.38	30.988000000000003
5234.0	338.49	30.930999999999997
5236.0	337.93	30.903000000000002
5238.0	337.67	30.903000000000002
5240.0	336.79	30.846
5242.0	336.53	30.846
5244.0	335.66	30.789
5246.0	334.78	30.733
5248.0	334.22	30.704
5250.0	333.97	30.704
5252.0	333.71	30.704
5254.0	332.84	30.648000000000003
5256.0	332.59	30.648000000000003
5258.0	332.34	30.648000000000003
5260.0	332.08	30.648000000000003
5262.0	331.83	30.648000000000003
5264.0	331.58	30.648000000000003
5266.0	331.33	30.648000000000003
5268.0	331.08	30.648000000000003
5270.0	330.82	30.648000000000003
5272.0	330.57	30.648000000000003
5274.0	329.72	30.590999999999998
5276.0	329.47	30.590999999999998
5278.0	328.31	30.506999999999998
5280.0	328.06	30.506999999999998
5282.0	327.21	30.451
5284.0	326.36	30.395
5286.0	325.81	30.366999999999997
5288.0	324.97	30.311
5290.0	324.72	30.311
5292.0	323.88	30.255
5294.0	323.63	30.255
5296.0	322.79	30.199
5298.0	322.55	30.199
5300.0	322.31	30.199
5302.0	321.77	30.171999999999997
5304.0	321.52	30.171999999999997
5306.0	320.69	30.116
5308.0	320.45	30.116
5310.0	320.21	30.116
5312.0	319.97	30.116
5314.0	319.73	30.116
5316.0	319.49	30.116
5318.0	319.25	30.116
5320.0	318.42	30.061
5322.0	318.18	30.061
5324.0	317.94	30.061
5326.0	317.7	30.061
5328.0	316.88	30.005
5330.0	316.35	29.978
5332.0	315.53	29.923000000000002
5334.0	315.29	29.923000000000002
5336.0	314.48	29.866999999999997
5338.0	314.24	29.866999999999997
5340.0	313.14	29.785
5342.0	312.9	29.785
5344.0	312.1	29.73
5346.0	311.86	29.73
5348.0	311.63	29.73
5350.0	310.82	29.676
5352.0	310.59	29.676
5354.0	310.36	29.676
5356.0	310.13	29.676
5358.0	309.89	29.676
5360.0	309.66	29.676
5362.0	309.43	29.676
5364.0	309.2	29.676
5366.0	308.97	29.676
5368.0	308.46	29.648000000000003
5370.0	308.23	29.648000000000003
5372.0	307.43	29.594
5374.0	307.2	29.594
5376.0	306.98	29.594
5378.0	306.75	29.594
5380.0	306.52	29.594
5382.0	305.73	29.539
5384.0	305.5	29.539
5386.0	304.71	29.485
5388.0	304.48	29.485
5390.0	303.98	29.458000000000002
5392.0	303.75	29.458000000000002
5394.0	302.97	29.404
5396.0	302.74	29.404
5398.0	302.52	29.404
5400.0	302.3	29.404
5402.0	301.52	29.349
5404.0	301.29	29.349
5406.0	301.07	29.349
5408.0	300.85	29.349
5410.0	300.63	29.349
5412.0	299.85	29.295
5414.0	299.63	29.295
5416.0	299.13	29.268
5418.0	298.91	29.268
5420.0	298.69	29.268
5422.0	297.92	29.215
5424.0	297.7	29.215
5426.0	297.48	29.215
5428.0	297.26	29.215
5430.0	296.5	29.160999999999998
5432.0	296.28	29.160999999999998
5434.0	295.52	29.107
5436.0	295.03	29.08
5438.0	294.81	29.08
5440.0	294.05	29.026999999999997
5442.0	293.83	29.026999999999997
5444.0	293.62	29.026999999999997
5446.0	292.86	28.973000000000003
5448.0	292.65	28.973000000000003
5450.0	292.43	28.973000000000003
5452.0	292.22	28.973000000000003
5454.0	291.47	28.92
5456.0	291.25	28.92
5458.0	291.04	28.92
5460.0	290.56	28.894000000000002
5462.0	290.35	28.894000000000002
5464.0	290.13	28.894000000000002
5466.0	289.92	28.894000000000002
5468.0	289.18	28.84
5470.0	288.97	28.84
5472.0	288.22	28.787
5474.0	288.01	28.787
5476.0	287.54	28.761
5478.0	286.8	28.708000000000002
5480.0	286.59	28.708000000000002
5482.0	285.85	28.655
5484.0	285.64	28.655
5486.0	284.91	28.601999999999997
5488.0	284.7	28.601999999999997
5490.0	284.5	28.601999999999997
5492.0	284.03	28.576
5494.0	283.3	28.523000000000003
5496.0	283.09	28.523000000000003
5498.0	282.89	28.523000000000003
5500.0	282.68	28.523000000000003
5502.0	282.48	28.523000000000003
5504.0	282.27	28.523000000000003
5506.0	282.06	28.523000000000003
5508.0	281.34	28.471
5510.0	281.14	28.471
5512.0	280.93	28.471
5514.0	280.73	28.471
5516.0	280.53	28.471
5518.0	279.81	28.418000000000003
5520.0	279.6	28.418000000000003
5522.0	279.92	28.471
5524.0	279.71	28.471
5526.0	279.51	28.471
5528.0	279.31	28.471
5530.0	279.11	28.471
5532.0	278.39	28.418000000000003
5534.0	277.93	28.392
5536.0	277.73	28.392
5538.0	277.02	28.34
5540.0	276.31	28.288
5542.0	275.61	28.236
5544.0	275.15	28.21
5546.0	274.95	28.21
5548.0	274.25	28.158
5550.0	274.05	28.158
5552.0	273.35	28.105999999999998
5554.0	273.16	28.105999999999998
5556.0	272.96	28.105999999999998
5558.0	272.76	28.105999999999998
5560.0	272.57	28.105999999999998
5562.0	271.87	28.054000000000002
5564.0	271.42	28.028000000000002
5566.0	271.23	28.028000000000002
5568.0	271.03	28.028000000000002
5570.0	270.84	28.028000000000002
5572.0	270.64	28.028000000000002
5574.0	270.45	28.028000000000002
5576.0	270.26	28.028000000000002
5578.0	269.57	27.976999999999997
5580.0	269.37	27.976999999999997
5582.0	269.18	27.976999999999997
5584.0	268.99	27.976999999999997
5586.0	268.79	27.976999999999997
5588.0	268.6	27.976999999999997
5590.0	267.91	27.925
5592.0	267.72	27.925
5594.0	267.53	27.925
5596.0	267.34	27.925
5598.0	267.15	27.925
5600.0	266.71	27.9
5602.0	266.03	27.848000000000003
5604.0	265.84	27.848000000000003
5606.0	265.16	27.796999999999997
5608.0	264.49	27.746
5610.0	264.05	27.72
5612.0	263.38	27.669
5614.0	263.19	27.669
5616.0	262.52	27.619
5618.0	262.34	27.619
5620.0	262.15	27.619
5622.0	261.48	27.568
5624.0	261.29	27.568
5626.0	260.87	27.541999999999998
5628.0	260.68	27.541999999999998
5630.0	260.5	27.541999999999998
5632.0	259.83	27.491999999999997
5634.0	259.65	27.491999999999997
5636.0	259.46	27.491999999999997
5638.0	258.8	27.441
5640.0	258.62	27.441
5642.0	257.96	27.391
5644.0	257.78	27.391
5646.0	257.36	27.365
5648.0	257.18	27.365
5650.0	256.99	27.365
5652.0	256.34	27.315
5654.0	256.16	27.315
5656.0	255.98	27.315
5658.0	255.8	27.315
5660.0	255.62	27.315
5662.0	254.97	27.265
5664.0	254.79	27.265
5666.0	254.61	27.265
5668.0	254.43	27.265
5670.0	254.01	27.24
5672.0	253.36	27.189
5674.0	253.19	27.189
5676.0	253.01	27.189
5678.0	252.37	27.139
5680.0	252.19	27.139
5682.0	251.55	27.089000000000002
5684.0	251.37	27.089000000000002
5686.0	250.96	27.064
5688.0	250.32	27.015
5690.0	250.15	27.015
5692.0	249.97	27.015
5694.0	249.34	26.965
5696.0	249.16	26.965
5698.0	248.99	26.965
5700.0	248.81	26.965
5702.0	248.18	26.915
5704.0	248.01	26.915
5706.0	247.83	26.915
5708.0	247.66	26.915
5710.0	247.26	26.89
5712.0	246.63	26.840999999999998
5714.0	246.46	26.840999999999998
5716.0	245.83	26.791999999999998
5718.0	245.66	26.791999999999998
5720.0	245.04	26.741999999999997
5722.0	244.86	26.741999999999997
5724.0	244.47	26.718000000000004
5726.0	244.3	26.718000000000004
5728.0	244.13	26.718000000000004
5730.0	243.96	26.718000000000004
5732.0	243.34	26.669
5734.0	243.17	26.669
5736.0	243.0	26.669
5738.0	242.83	26.669
5740.0	242.21	26.619
5742.0	242.04	26.619
5744.0	241.88	26.619
5746.0	241.26	26.570999999999998
5748.0	241.09	26.570999999999998
5750.0	240.7	26.546
5752.0	240.54	26.546
5754.0	240.37	26.546
5756.0	240.2	26.546
5758.0	239.59	26.497
5760.0	239.43	26.497
5762.0	239.26	26.497
5764.0	239.1	26.497
5766.0	238.49	26.448
5768.0	238.32	26.448
5770.0	238.16	26.448
5772.0	238.0	26.448
5774.0	237.83	26.448
5776.0	237.67	26.448
5778.0	237.5	26.448
5780.0	237.34	26.448
5782.0	237.17	26.448
5784.0	236.79	26.424
5786.0	236.63	26.424
5788.0	236.03	26.375
5790.0	235.87	26.375
5792.0	235.27	26.326999999999998
5794.0	235.11	26.326999999999998
5796.0	234.51	26.278000000000002
5798.0	234.35	26.278000000000002
5800.0	233.97	26.254
5802.0	233.38	26.206
5804.0	233.22	26.206
5806.0	233.06	26.206
5808.0	232.9	26.206
5810.0	232.74	26.206
5812.0	232.58	26.206
5814.0	231.99	26.158
5816.0	231.83	26.158
5818.0	231.67	26.158
5820.0	231.09	26.11
5822.0	230.71	26.085
5824.0	230.56	26.085
5826.0	230.4	26.085
5828.0	230.24	26.085
5830.0	230.08	26.085
5832.0	229.92	26.085
5834.0	229.34	26.038
5836.0	229.19	26.038
5838.0	229.03	26.038
5840.0	228.87	26.038
5842.0	228.72	26.038
5844.0	228.14	25.99
5846.0	227.98	25.99
5848.0	227.83	25.99
5850.0	227.67	25.99
5852.0	227.1	25.941999999999997
5854.0	226.73	25.918000000000003
5856.0	226.58	25.918000000000003
5858.0	226.01	25.87
5860.0	225.85	25.87
5862.0	225.28	25.823
5864.0	225.13	25.823
5866.0	224.98	25.823
5868.0	224.41	25.775
5870.0	224.26	25.775
5872.0	224.1	25.775
5874.0	223.95	25.775
5876.0	224.21	25.823
5878.0	224.06	25.823
5880.0	223.91	25.823
5882.0	224.17	25.87
5884.0	224.01	25.87
5886.0	223.86	25.87
5888.0	223.71	25.87
5890.0	223.15	25.823
5892.0	222.99	25.823
5894.0	222.43	25.775
5896.0	222.08	25.750999999999998
5898.0	221.93	25.750999999999998
5900.0	221.37	25.704
5902.0	220.81	25.656999999999996
5904.0	220.66	25.656999999999996
5906.0	220.31	25.633000000000003
5908.0	219.76	25.586
5910.0	219.2	25.539
5912.0	219.05	25.539
5914.0	218.5	25.491999999999997
5916.0	218.36	25.491999999999997
5918.0	217.61	25.421
5920.0	217.46	25.421
5922.0	217.31	25.421
5924.0	216.77	25.375
5926.0	216.62	25.375
5928.0	216.47	25.375
5930.0	216.33	25.375
5932.0	215.78	25.328000000000003
5934.0	215.44	25.305
5936.0	215.29	25.305
5938.0	214.75	25.258000000000003
5940.0	214.61	25.258000000000003
5942.0	214.07	25.211
5944.0	213.92	25.211
5946.0	213.39	25.165
5948.0	213.05	25.142
5950.0	212.91	25.142
5952.0	212.76	25.142
5954.0	212.62	25.142
5956.0	212.48	25.142
5958.0	212.33	25.142
5960.0	212.19	25.142
5962.0	212.05	25.142
5964.0	211.91	25.142
5966.0	211.37	25.096
5968.0	211.23	25.096
5970.0	211.09	25.096
5972.0	210.95	25.096
5974.0	210.81	25.096
5976.0	210.67	25.096
5978.0	210.14	25.05
5980.0	210.0	25.05
5982.0	209.86	25.05
5984.0	209.72	25.05
5986.0	209.58	25.05
5988.0	209.44	25.05
5990.0	208.91	25.003
5992.0	208.77	25.003
5994.0	208.44	24.98
5996.0	208.3	24.98
5998.0	208.17	24.98
6000.0	208.03	24.98
6002.0	207.89	24.98
6004.0	207.37	24.934
6006.0	207.23	24.934
6008.0	207.09	24.934
6010.0	206.95	24.934
6012.0	206.43	24.888
6014.0	206.3	24.888
6016.0	206.16	24.888
6018.0	206.02	24.888
6020.0	205.89	24.888
6022.0	205.56	24.866
6024.0	205.42	24.866
6026.0	204.91	24.82
6028.0	204.77	24.82
6030.0	204.64	24.82
6032.0	204.5	24.82
6034.0	203.99	24.774
6036.0	203.86	24.774
6038.0	203.72	24.774
6040.0	203.59	24.774
6042.0	203.08	24.729
6044.0	202.94	24.729
6046.0	202.62	24.706
6048.0	202.11	24.66
6050.0	201.98	24.66
6052.0	201.48	24.615
6054.0	201.34	24.615
6056.0	201.21	24.615
6058.0	200.71	24.57
6060.0	200.57	24.57
6062.0	200.26	24.546999999999997
6064.0	200.13	24.546999999999997
6066.0	199.99	24.546999999999997
6068.0	199.86	24.546999999999997
6070.0	199.73	24.546999999999997
6072.0	199.6	24.546999999999997
6074.0	199.47	24.546999999999997
6076.0	199.34	24.546999999999997
6078.0	198.84	24.502
6080.0	198.71	24.502
6082.0	198.58	24.502
6084.0	198.45	24.502
6086.0	198.32	24.502
6088.0	197.82	24.456999999999997
6090.0	197.69	24.456999999999997
6092.0	197.56	24.456999999999997
6094.0	197.07	24.412
6096.0	196.94	24.412
6098.0	196.63	24.389
6100.0	196.5	24.389
6102.0	196.37	24.389
6104.0	196.24	24.389
6106.0	196.11	24.389
6108.0	195.98	24.389
6110.0	195.86	24.389
6112.0	195.73	24.389
6114.0	195.24	24.344
6116.0	195.11	24.344
6118.0	194.99	24.344
6120.0	194.86	24.344
6122.0	194.37	24.3
6124.0	194.25	24.3
6126.0	193.94	24.276999999999997
6128.0	193.46	24.233
6130.0	193.33	24.233
6132.0	193.2	24.233
6134.0	193.08	24.233
6136.0	192.95	24.233
6138.0	192.83	24.233
6140.0	192.7	24.233
6142.0	192.58	24.233
6144.0	192.45	24.233
6146.0	191.97	24.188000000000002
6148.0	191.85	24.188000000000002
6150.0	191.72	24.188000000000002
6152.0	191.24	24.143
6154.0	191.12	24.143
6156.0	191.0	24.143
6158.0	190.87	24.143
6160.0	190.57	24.121
6162.0	190.45	24.121
6164.0	189.97	24.076999999999998
6166.0	189.85	24.076999999999998
6168.0	189.38	24.033
6170.0	189.26	24.033
6172.0	189.13	24.033
6174.0	188.66	23.988000000000003
6176.0	188.54	23.988000000000003
6178.0	188.25	23.965999999999998
6180.0	187.78	23.921999999999997
6182.0	187.66	23.921999999999997
6184.0	187.53	23.921999999999997
6186.0	187.07	23.878
6188.0	186.95	23.878
6190.0	186.83	23.878
6192.0	186.71	23.878
6194.0	186.59	23.878
6196.0	186.47	23.878
6198.0	186.0	23.834
6200.0	185.88	23.834
6202.0	185.59	23.811999999999998
6204.0	185.47	23.811999999999998
6206.0	185.01	23.768
6208.0	184.55	23.725
6210.0	184.43	23.725
6212.0	184.31	23.725
6214.0	183.86	23.680999999999997
6216.0	183.57	23.659000000000002
6218.0	183.45	23.659000000000002
6220.0	183.33	23.659000000000002
6222.0	182.88	23.616
6224.0	182.76	23.616
6226.0	182.64	23.616
6228.0	182.19	23.572
6230.0	182.07	23.572
6232.0	181.96	23.572
6234.0	181.84	23.572
6236.0	181.56	23.55
6238.0	181.44	23.55
6240.0	181.32	23.55
6242.0	180.87	23.506999999999998
6244.0	180.76	23.506999999999998
6246.0	180.64	23.506999999999998
6248.0	180.19	23.464000000000002
6250.0	180.08	23.464000000000002
6252.0	179.96	23.464000000000002
6254.0	179.52	23.421
6256.0	179.4	23.421
6258.0	179.29	23.421
6260.0	179.17	23.421
6262.0	179.06	23.421
6264.0	178.78	23.399
6266.0	178.67	23.399
6268.0	178.22	23.355999999999998
6270.0	178.11	23.355999999999998
6272.0	177.67	23.313000000000002
6274.0	177.55	23.313000000000002
6276.0	176.95	23.249000000000002
6278.0	176.84	23.249000000000002
6280.0	176.4	23.206
6282.0	175.96	23.163
6284.0	175.53	23.121
6286.0	175.26	23.099
6288.0	174.82	23.057
6290.0	174.71	23.057
6292.0	174.6	23.057
6294.0	174.17	23.014
6296.0	174.06	23.014
6298.0	173.95	23.014
6300.0	173.84	23.014
6302.0	173.41	22.971999999999998
6304.0	173.3	22.971999999999998
6306.0	173.03	22.951
6308.0	172.92	22.951
6310.0	172.81	22.951
6312.0	172.7	22.951
6314.0	172.59	22.951
6316.0	172.16	22.909000000000002
6318.0	172.05	22.909000000000002
6320.0	171.94	22.909000000000002
6322.0	171.84	22.909000000000002
6324.0	171.73	22.909000000000002
6326.0	171.62	22.909000000000002
6328.0	171.51	22.909000000000002
6330.0	171.4	22.909000000000002
6332.0	170.98	22.866
6334.0	170.87	22.866
6336.0	170.6	22.845
6338.0	170.18	22.803
6340.0	170.08	22.803
6342.0	169.66	22.761
6344.0	169.55	22.761
6346.0	169.13	22.72
6348.0	169.02	22.72
6350.0	168.92	22.72
6352.0	168.65	22.699
6354.0	168.55	22.699
6356.0	168.13	22.656999999999996
6358.0	168.03	22.656999999999996
6360.0	167.92	22.656999999999996
6362.0	167.51	22.615
6364.0	167.4	22.615
6366.0	167.3	22.615
6368.0	167.19	22.615
6370.0	167.09	22.615
6372.0	166.98	22.615
6374.0	166.57	22.574
6376.0	166.47	22.574
6378.0	166.36	22.574
6380.0	166.1	22.553
6382.0	165.69	22.511
6384.0	165.59	22.511
6386.0	165.18	22.47
6388.0	165.08	22.47
6390.0	164.67	22.428
6392.0	164.57	22.428
6394.0	164.31	22.408
6396.0	164.21	22.408
6398.0	164.11	22.408
6400.0	163.7	22.366999999999997
6402.0	163.6	22.366999999999997
6404.0	163.5	22.366999999999997
6406.0	163.1	22.325
6408.0	163.0	22.325
6410.0	162.89	22.325
6412.0	162.49	22.284000000000002
6414.0	162.39	22.284000000000002
6416.0	162.14	22.264
6418.0	162.04	22.264
6420.0	161.64	22.223000000000003
6422.0	161.54	22.223000000000003
6424.0	161.14	22.182
6426.0	161.04	22.182
6428.0	160.79	22.160999999999998
6430.0	160.4	22.121
6432.0	160.0	22.08
6434.0	159.9	22.08
6436.0	159.8	22.08
6438.0	159.41	22.039
6440.0	159.31	22.039
6442.0	158.77	21.979
6444.0	158.68	21.979
6446.0	158.29	21.938000000000002
6448.0	157.9	21.898000000000003
6450.0	157.65	21.878
6452.0	157.55	21.878
6454.0	157.17	21.837
6456.0	156.78	21.796999999999997
6458.0	156.68	21.796999999999997
6460.0	156.15	21.737
6462.0	156.06	21.737
6464.0	155.67	21.697
6466.0	155.15	21.636999999999997
6468.0	154.77	21.596999999999998
6470.0	154.1	21.518
6472.0	153.58	21.458000000000002
6474.0	152.92	21.38
6476.0	152.41	21.320999999999998
6478.0	151.61	21.223000000000003
6480.0	150.96	21.145
6482.0	150.45	21.086
6484.0	150.08	21.046999999999997
6486.0	149.3	20.951
6488.0	148.94	20.912
6490.0	148.43	20.855
6492.0	147.8	20.778000000000002
6494.0	147.3	20.721
6496.0	146.94	20.682
6498.0	146.17	20.587
6500.0	145.54	20.511999999999997
6502.0	144.79	20.417
6504.0	144.03	20.324
6506.0	143.41	20.249000000000002
6508.0	142.4	20.119
6510.0	141.4	19.989
6512.0	140.41	19.861
6514.0	139.29	19.715
6516.0	138.31	19.588
6518.0	137.09	19.427
6520.0	136.0	19.284000000000002
6522.0	134.79	19.125
6524.0	133.6	18.967
6526.0	132.41	18.811
6528.0	131.36	18.672
6530.0	130.19	18.518
6532.0	128.92	18.348
6534.0	127.78	18.197
6536.0	126.65	18.047
6538.0	125.18	17.848
6540.0	123.73	17.652
6542.0	122.29	17.458
6544.0	120.65	17.235
6546.0	119.03	17.014
6548.0	117.44	16.796
6550.0	115.54	16.535
6552.0	113.78	16.293
6554.0	111.95	16.04
6556.0	109.94	15.762
6558.0	108.26	15.530999999999999
6560.0	106.52	15.29
6562.0	105.38	15.136
6564.0	104.35	14.997
6566.0	103.42	14.873
6568.0	103.36	14.873
6570.0	103.49	14.9
6572.0	103.62	14.927999999999999
6574.0	104.9	15.122
6576.0	106.0	15.29
6578.0	107.31	15.488
6580.0	108.94	15.732999999999999
6582.0	110.49	15.966
6584.0	112.16	16.218
6586.0	113.76	16.459
6588.0	115.27	16.688
6590.0	116.91	16.936
6592.0	118.14	17.124000000000002
6594.0	119.6	17.346
6596.0	120.85	17.539
6598.0	122.12	17.734
6600.0	123.06	17.881
6602.0	124.36	18.08
6604.0	125.32	18.230999999999998
6606.0	126.17	18.365
6608.0	127.14	18.518
6610.0	127.88	18.637999999999998
6612.0	128.87	18.793
6614.0	129.63	18.915
6616.0	130.39	19.037
6618.0	131.15	19.16
6620.0	131.92	19.284000000000002
6622.0	132.45	19.373
6624.0	132.98	19.463
6626.0	133.51	19.552
6628.0	134.05	19.643
6630.0	134.46	19.715
6632.0	135.0	19.805999999999997
6634.0	135.29	19.861
6636.0	135.71	19.934
6638.0	135.88	19.971
6640.0	136.17	20.026
6642.0	136.59	20.1
6644.0	136.89	20.156
6646.0	137.06	20.192999999999998
6648.0	137.23	20.23
6650.0	137.52	20.285999999999998
6652.0	137.44	20.285999999999998
6654.0	137.61	20.324
6656.0	137.78	20.361
6658.0	137.83	20.38
6660.0	137.74	20.38
6662.0	137.91	20.417
6664.0	137.83	20.417
6666.0	138.0	20.455
6668.0	137.92	20.455
6670.0	137.96	20.474
6672.0	138.14	20.511999999999997
6674.0	138.05	20.511999999999997
6676.0	138.23	20.549
6678.0	138.14	20.549
6680.0	138.31	20.587
6682.0	138.36	20.605999999999998
6684.0	138.53	20.644000000000002
6686.0	138.45	20.644000000000002
6688.0	138.62	20.682
6690.0	138.54	20.682
6692.0	138.46	20.682
6694.0	138.63	20.721
6696.0	138.55	20.721
6698.0	138.21	20.682
6700.0	138.12	20.682
6702.0	138.04	20.682
6704.0	137.96	20.682
6706.0	137.88	20.682
6708.0	137.8	20.682
6710.0	137.71	20.682
6712.0	137.38	20.644000000000002
6714.0	137.3	20.644000000000002
6716.0	137.21	20.644000000000002
6718.0	137.13	20.644000000000002
6720.0	137.05	20.644000000000002
6722.0	136.97	20.644000000000002
6724.0	136.89	20.644000000000002
6726.0	136.81	20.644000000000002
6728.0	136.72	20.644000000000002
6730.0	136.64	20.644000000000002
6732.0	136.56	20.644000000000002
6734.0	136.48	20.644000000000002
6736.0	136.4	20.644000000000002
6738.0	136.32	20.644000000000002
6740.0	136.24	20.644000000000002
6742.0	136.16	20.644000000000002
6744.0	135.83	20.605999999999998
6746.0	135.75	20.605999999999998
6748.0	135.67	20.605999999999998
6750.0	135.59	20.605999999999998
6752.0	135.38	20.587
6754.0	135.3	20.587
6756.0	135.22	20.587
6758.0	135.14	20.587
6760.0	135.06	20.587
6762.0	134.98	20.587
6764.0	134.9	20.587
6766.0	134.82	20.587
6768.0	134.74	20.587
6770.0	134.66	20.587
6772.0	134.58	20.587
6774.0	134.5	20.587
6776.0	134.42	20.587
6778.0	134.34	20.587
6780.0	134.26	20.587
6782.0	133.94	20.549
6784.0	133.86	20.549
6786.0	133.78	20.549
6788.0	133.7	20.549
6790.0	133.38	20.511999999999997
6792.0	133.3	20.511999999999997
6794.0	133.47	20.549
6796.0	133.39	20.549
6798.0	133.31	20.549
6800.0	133.23	20.549
6802.0	133.15	20.549
6804.0	133.07	20.549
6806.0	133.0	20.549
6808.0	132.67	20.511999999999997
6810.0	132.59	20.511999999999997
6812.0	132.27	20.474
6814.0	132.2	20.474
6816.0	132.0	20.455
6818.0	131.92	20.455
6820.0	131.6	20.417
6822.0	131.52	20.417
6824.0	131.44	20.417
6826.0	131.37	20.417
6828.0	131.05	20.38
6830.0	130.97	20.38
6832.0	130.9	20.38
6834.0	130.82	20.38
6836.0	130.74	20.38
6838.0	130.67	20.38
6840.0	130.83	20.417
6842.0	130.75	20.417
6844.0	130.68	20.417
6846.0	130.0	20.324
6848.0	129.81	20.305
6850.0	129.73	20.305
6852.0	129.53	20.285999999999998
6854.0	129.46	20.285999999999998
6856.0	129.26	20.267
6858.0	129.19	20.267
6860.0	128.99	20.249000000000002
6862.0	128.8	20.23
6864.0	128.73	20.23
6866.0	128.53	20.212
6868.0	128.46	20.212
6870.0	128.26	20.192999999999998
6872.0	128.19	20.192999999999998
6874.0	128.0	20.174
6876.0	127.81	20.156
6878.0	127.73	20.156
6880.0	127.54	20.137
6882.0	127.47	20.137
6884.0	127.27	20.119
6886.0	127.2	20.119
6888.0	127.01	20.1
6890.0	126.94	20.1
6892.0	126.74	20.082
6894.0	126.67	20.082
6896.0	126.48	20.063
6898.0	126.29	20.045
6900.0	126.22	20.045
6902.0	126.03	20.026
6904.0	125.96	20.026
6906.0	125.77	20.008
6908.0	125.69	20.008
6910.0	125.51	19.989
6912.0	125.43	19.989
6914.0	125.25	19.971
6916.0	125.17	19.971
6918.0	124.99	19.953
6920.0	124.91	19.953
6922.0	124.73	19.934
6924.0	124.54	19.916
6926.0	124.47	19.916
6928.0	124.28	19.898
6930.0	124.21	19.898
6932.0	124.02	19.879
6934.0	123.95	19.879
6936.0	123.77	19.861
6938.0	123.69	19.861
6940.0	123.51	19.843
6942.0	123.44	19.843
6944.0	123.25	19.824
6946.0	123.18	19.824
6948.0	123.0	19.805999999999997
6950.0	122.93	19.805999999999997
6952.0	122.63	19.77
6954.0	122.56	19.77
6956.0	122.38	19.750999999999998
6958.0	122.08	19.715
6960.0	122.01	19.715
6962.0	121.94	19.715
6964.0	121.65	19.679000000000002
6966.0	121.58	19.679000000000002
6968.0	121.73	19.715
6970.0	121.66	19.715
6972.0	121.82	19.750999999999998
6974.0	121.86	19.77
6976.0	121.79	19.77
6978.0	121.72	19.77
6980.0	121.65	19.77
6982.0	121.58	19.77
6984.0	121.51	19.77
6986.0	121.44	19.77
6988.0	121.26	19.750999999999998
6990.0	120.97	19.715
6992.0	120.9	19.715
6994.0	120.61	19.679000000000002
6996.0	120.54	19.679000000000002
6998.0	120.47	19.679000000000002
7000.0	120.18	19.643
7002.0	120.11	19.643
7004.0	119.93	19.625
7006.0	119.64	19.588
7008.0	119.57	19.588
7010.0	119.28	19.552
7012.0	119.22	19.552
7014.0	118.93	19.516
7016.0	118.86	19.516
7018.0	118.68	19.498
7020.0	118.62	19.498
7022.0	118.55	19.498
7024.0	118.48	19.498
7026.0	118.41	19.498
7028.0	118.35	19.498
7030.0	118.28	19.498
7032.0	118.21	19.498
7034.0	118.25	19.516
7036.0	118.19	19.516
7038.0	118.34	19.552
7040.0	118.27	19.552
7042.0	118.2	19.552
7044.0	118.14	19.552
7046.0	118.07	19.552
7048.0	118.0	19.552
7050.0	117.94	19.552
7052.0	117.65	19.516
7054.0	117.58	19.516
7056.0	117.41	19.498
7058.0	117.34	19.498
7060.0	117.28	19.498
7062.0	116.99	19.463
7064.0	116.93	19.463
7066.0	116.65	19.427
7068.0	116.58	19.427
7070.0	116.3	19.391
7072.0	116.13	19.373
7074.0	116.06	19.373
7076.0	115.78	19.337
7078.0	115.72	19.337
7080.0	115.65	19.337
7082.0	115.59	19.337
7084.0	115.52	19.337
7086.0	115.46	19.337
7088.0	115.39	19.337
7090.0	115.33	19.337
7092.0	115.26	19.337
7094.0	114.98	19.302
7096.0	114.92	19.302
7098.0	114.85	19.302
7100.0	114.79	19.302
7102.0	114.73	19.302
7104.0	114.66	19.302
7106.0	114.6	19.302
7108.0	114.53	19.302
7110.0	114.36	19.284000000000002
7112.0	114.3	19.284000000000002
7114.0	114.23	19.284000000000002
7116.0	114.17	19.284000000000002
7118.0	113.89	19.249000000000002
7120.0	113.83	19.249000000000002
7122.0	113.77	19.249000000000002
7124.0	113.7	19.249000000000002
7126.0	113.64	19.249000000000002
7128.0	113.58	19.249000000000002
7130.0	113.51	19.249000000000002
7132.0	113.24	19.213
7134.0	113.18	19.213
7136.0	113.11	19.213
7138.0	112.84	19.178
7140.0	112.78	19.178
7142.0	112.61	19.16
7144.0	112.34	19.125
7146.0	112.28	19.125
7148.0	112.01	19.09
7150.0	111.95	19.09
7152.0	111.68	19.055
7154.0	111.62	19.055
7156.0	111.55	19.055
7158.0	111.49	19.055
7160.0	111.43	19.055
7162.0	111.26	19.037
7164.0	111.2	19.037
7166.0	111.14	19.037
7168.0	111.08	19.037
7170.0	110.81	19.002
7172.0	110.75	19.002
7174.0	110.69	19.002
7176.0	110.42	18.967
7178.0	110.36	18.967
7180.0	110.1	18.932000000000002
7182.0	109.93	18.915
7184.0	109.67	18.88
7186.0	109.41	18.845
7188.0	109.04	18.793
7190.0	108.78	18.759
7192.0	108.42	18.707
7194.0	107.96	18.637999999999998
7196.0	107.71	18.604
7198.0	107.55	18.587
7200.0	107.29	18.552
7202.0	107.03	18.518
7204.0	106.97	18.518
7206.0	106.91	18.518
7208.0	106.85	18.518
7210.0	106.79	18.518
7212.0	106.74	18.518
7214.0	106.87	18.552
7216.0	107.01	18.587
7218.0	107.25	18.637999999999998
7220.0	107.39	18.672
7222.0	107.52	18.707
7224.0	107.56	18.724
7226.0	107.5	18.724
7228.0	107.64	18.759
7230.0	107.58	18.759
7232.0	107.33	18.724
7234.0	107.27	18.724
7236.0	107.11	18.707
7238.0	106.85	18.672
7240.0	106.6	18.637999999999998
7242.0	106.34	18.604
7244.0	106.28	18.604
7246.0	105.93	18.552
7248.0	105.68	18.518
7250.0	105.43	18.484
7252.0	105.27	18.467
7254.0	105.21	18.467
7256.0	104.96	18.433
7258.0	104.9	18.433
7260.0	104.65	18.399
7262.0	104.4	18.365
7264.0	104.25	18.348
7266.0	104.19	18.348
7268.0	103.94	18.315
7270.0	103.88	18.315
7272.0	103.64	18.281
7274.0	103.58	18.281
7276.0	103.24	18.230999999999998
7278.0	103.18	18.230999999999998
7280.0	103.12	18.230999999999998
7282.0	103.07	18.230999999999998
7284.0	103.01	18.230999999999998
7286.0	102.95	18.230999999999998
7288.0	102.9	18.230999999999998
7290.0	102.84	18.230999999999998
7292.0	102.78	18.230999999999998
7294.0	102.73	18.230999999999998
7296.0	102.67	18.230999999999998
7298.0	102.62	18.230999999999998
7300.0	102.65	18.247
7302.0	102.6	18.247
7304.0	102.45	18.230999999999998
7306.0	102.39	18.230999999999998
7308.0	102.33	18.230999999999998
7310.0	102.28	18.230999999999998
7312.0	102.22	18.230999999999998
7314.0	102.17	18.230999999999998
7316.0	101.92	18.197
7318.0	101.87	18.197
7320.0	101.81	18.197
7322.0	101.76	18.197
7324.0	101.7	18.197
7326.0	101.83	18.230999999999998
7328.0	101.78	18.230999999999998
7330.0	101.72	18.230999999999998
7332.0	101.67	18.230999999999998
7334.0	101.61	18.230999999999998
7336.0	101.56	18.230999999999998
7338.0	101.5	18.230999999999998
7340.0	101.44	18.230999999999998
7342.0	101.39	18.230999999999998
7344.0	101.33	18.230999999999998
7346.0	101.09	18.197
7348.0	101.04	18.197
7350.0	100.98	18.197
7352.0	100.93	18.197
7354.0	100.69	18.163
7356.0	100.63	18.163
7358.0	100.58	18.163
7360.0	100.52	18.163
7362.0	100.47	18.163
7364.0	100.32	18.147000000000002
7366.0	100.27	18.147000000000002
7368.0	100.21	18.147000000000002
7370.0	100.16	18.147000000000002
7372.0	100.1	18.147000000000002
7374.0	100.05	18.147000000000002
7376.0	99.995	18.147000000000002
7378.0	99.941	18.147000000000002
7380.0	99.887	18.147000000000002
7382.0	99.83200000000001	18.147000000000002
7384.0	99.87	18.163
7386.0	99.816	18.163
7388.0	99.762	18.163
7390.0	99.708	18.163
7392.0	99.654	18.163
7394.0	99.509	18.147000000000002
7396.0	99.455	18.147000000000002
7398.0	99.40100000000001	18.147000000000002
7400.0	99.34700000000001	18.147000000000002
7402.0	99.294	18.147000000000002
7404.0	99.24	18.147000000000002
7406.0	99.186	18.147000000000002
7408.0	99.133	18.147000000000002
7410.0	98.897	18.113
7412.0	98.844	18.113
7414.0	98.791	18.113
7416.0	98.555	18.08
7418.0	98.50200000000001	18.08
7420.0	98.449	18.08
7422.0	98.215	18.047
7424.0	98.162	18.047
7426.0	98.109	18.047
7428.0	97.96600000000001	18.03
7430.0	97.913	18.03
7432.0	97.681	17.997
7434.0	97.62799999999999	17.997
7436.0	97.57600000000001	17.997
7438.0	97.523	17.997
7440.0	97.471	17.997
7442.0	97.41799999999999	17.997
7444.0	97.366	17.997
7446.0	97.314	17.997
7448.0	97.26100000000001	17.997
7450.0	97.031	17.964000000000002
7452.0	96.978	17.964000000000002
7454.0	96.927	17.964000000000002
7456.0	96.874	17.964000000000002
7458.0	96.64399999999999	17.930999999999997
7460.0	96.50299999999999	17.914
7462.0	96.45200000000001	17.914
7464.0	96.4	17.914
7466.0	96.348	17.914
7468.0	96.29700000000001	17.914
7470.0	96.245	17.914
7472.0	96.01700000000001	17.881
7474.0	95.965	17.881
7476.0	95.914	17.881
7478.0	95.863	17.881
7480.0	95.635	17.848
7482.0	95.584	17.848
7484.0	95.53299999999999	17.848
7486.0	95.48200000000001	17.848
7488.0	95.431	17.848
7490.0	95.37899999999999	17.848
7492.0	95.329	17.848
7494.0	95.27799999999999	17.848
7496.0	95.052	17.816
7498.0	95.001	17.816
7500.0	94.863	17.799
7502.0	94.81200000000001	17.799
7504.0	94.762	17.799
7506.0	94.711	17.799
7508.0	94.661	17.799
7510.0	94.43700000000001	17.766
7512.0	94.38600000000001	17.766
7514.0	94.336	17.766
7516.0	94.286	17.766
7518.0	94.06200000000001	17.734
7520.0	94.012	17.734
7522.0	93.963	17.734
7524.0	93.913	17.734
7526.0	93.69	17.701
7528.0	93.64	17.701
7530.0	93.50399999999999	17.685
7532.0	93.454	17.685
7534.0	93.405	17.685
7536.0	93.18299999999999	17.652
7538.0	93.134	17.652
7540.0	93.085	17.652
7542.0	92.86399999999999	17.62
7544.0	92.815	17.62
7546.0	92.765	17.62
7548.0	92.71600000000001	17.62
7550.0	92.49700000000001	17.587
7552.0	92.448	17.587
7554.0	92.314	17.570999999999998
7556.0	92.18	17.555
7558.0	92.131	17.555
7560.0	91.99799999999999	17.539
7562.0	91.949	17.539
7564.0	91.816	17.523
7566.0	91.76799999999999	17.523
7568.0	91.634	17.507
7570.0	91.50200000000001	17.49
7572.0	91.45299999999999	17.49
7574.0	91.321	17.474
7576.0	91.272	17.474
7578.0	91.14	17.458
7580.0	91.09200000000001	17.458
7582.0	90.961	17.442
7584.0	90.913	17.442
7586.0	90.781	17.426
7588.0	90.73299999999999	17.426
7590.0	90.602	17.41
7592.0	90.554	17.41
7594.0	90.42299999999999	17.394000000000002
7596.0	90.375	17.394000000000002
7598.0	90.245	17.378
7600.0	90.197	17.378
7602.0	90.06700000000001	17.362000000000002
7604.0	90.01899999999999	17.362000000000002
7606.0	89.889	17.346
7608.0	89.84200000000001	17.346
7610.0	89.795	17.346
7612.0	89.665	17.33
7614.0	89.618	17.33
7616.0	89.488	17.314
7618.0	89.441	17.314
7620.0	89.31200000000001	17.298
7622.0	89.265	17.298
7624.0	89.219	17.298
7626.0	89.09	17.282
7628.0	89.04299999999999	17.282
7630.0	88.914	17.266
7632.0	88.868	17.266
7634.0	88.821	17.266
7636.0	88.693	17.25
7638.0	88.646	17.25
7640.0	88.51799999999999	17.235
7642.0	88.47200000000001	17.235
7644.0	88.426	17.235
7646.0	88.29799999999999	17.219
7648.0	88.25200000000001	17.219
7650.0	88.206	17.219
7652.0	88.079	17.203
7654.0	88.03299999999999	17.203
7656.0	87.98700000000001	17.203
7658.0	87.86	17.187
7660.0	87.814	17.187
7662.0	87.76799999999999	17.187
7664.0	87.72200000000001	17.187
7666.0	87.595	17.171
7668.0	87.55	17.171
7670.0	87.50399999999999	17.171
7672.0	87.37799999999999	17.155
7674.0	87.333	17.155
7676.0	87.287	17.155
7678.0	87.242	17.155
7680.0	87.116	17.14
7682.0	87.071	17.14
7684.0	87.025	17.14
7686.0	86.98	17.14
7688.0	86.854	17.124000000000002
7690.0	86.809	17.124000000000002
7692.0	86.605	17.092
7694.0	86.719	17.124000000000002
7696.0	86.67399999999999	17.124000000000002
7698.0	86.62899999999999	17.124000000000002
7700.0	86.584	17.124000000000002
7702.0	86.539	17.124000000000002
7704.0	86.335	17.092
7706.0	86.29	17.092
7708.0	86.24600000000001	17.092
7710.0	86.20100000000001	17.092
7712.0	86.156	17.092
7714.0	86.11200000000001	17.092
7716.0	86.06700000000001	17.092
7718.0	86.022	17.092
7720.0	85.899	17.077
7722.0	85.854	17.077
7724.0	85.652	17.045
7726.0	85.60700000000001	17.045
7728.0	85.405	17.014
7730.0	85.361	17.014
7732.0	85.16	16.982
7734.0	85.116	16.982
7736.0	85.072	16.982
7738.0	85.02799999999999	16.982
7740.0	84.906	16.967
7742.0	84.86200000000001	16.967
7744.0	84.818	16.967
7746.0	84.619	16.936
7748.0	84.575	16.936
7750.0	84.531	16.936
7752.0	84.33200000000001	16.904
7754.0	84.288	16.904
7756.0	84.245	16.904
7758.0	84.04700000000001	16.873
7760.0	84.00299999999999	16.873
7762.0	83.96	16.873
7764.0	83.84	16.858
7766.0	83.79700000000001	16.858
7768.0	83.75399999999999	16.858
7770.0	83.556	16.827
7772.0	83.51299999999999	16.827
7774.0	83.47	16.827
7776.0	83.273	16.796
7778.0	83.23100000000001	16.796
7780.0	83.18799999999999	16.796
7782.0	82.992	16.765
7784.0	82.87299999999999	16.749000000000002
7786.0	82.831	16.749000000000002
7788.0	82.788	16.749000000000002
7790.0	82.59299999999999	16.719
7792.0	82.551	16.719
7794.0	82.509	16.719
7796.0	82.46600000000001	16.719
7798.0	82.42399999999999	16.719
7800.0	82.382	16.719
7802.0	82.18799999999999	16.688
7804.0	82.146	16.688
7806.0	82.104	16.688
7808.0	82.06200000000001	16.688
7810.0	81.944	16.672
7812.0	81.902	16.672
7814.0	81.86	16.672
7816.0	81.819	16.672
7818.0	81.777	16.672
7820.0	81.585	16.642
7822.0	81.543	16.642
7824.0	81.501	16.642
7826.0	81.309	16.611
7828.0	81.268	16.611
7830.0	81.077	16.581
7832.0	81.035	16.581
7834.0	80.92	16.565
7836.0	80.729	16.535
7838.0	80.688	16.535
7840.0	80.499	16.504
7842.0	80.458	16.504
7844.0	80.416	16.504
7846.0	80.376	16.504
7848.0	80.335	16.504
7850.0	80.294	16.504
7852.0	80.253	16.504
7854.0	80.212	16.504
7856.0	80.023	16.474
7858.0	79.983	16.474
7860.0	79.869	16.459
7862.0	79.828	16.459
7864.0	79.78699999999999	16.459
7866.0	79.747	16.459
7868.0	79.706	16.459
7870.0	79.666	16.459
7872.0	79.625	16.459
7874.0	79.439	16.429000000000002
7876.0	79.398	16.429000000000002
7878.0	79.212	16.398
7880.0	79.171	16.398
7882.0	78.913	16.352999999999998
7884.0	78.72800000000001	16.323
7886.0	78.543	16.293
7888.0	78.503	16.293
7890.0	78.319	16.262999999999998
7892.0	78.207	16.248
7894.0	78.168	16.248
7896.0	77.984	16.218
7898.0	77.945	16.218
7900.0	77.906	16.218
7902.0	78.009	16.248
7904.0	77.827	16.218
7906.0	77.78699999999999	16.218
7908.0	77.748	16.218
7910.0	77.709	16.218
7912.0	77.669	16.218
7914.0	77.63	16.218
7916.0	77.59100000000001	16.218
7918.0	77.55199999999999	16.218
7920.0	77.37	16.188
7922.0	77.33	16.188
7924.0	77.292	16.188
7926.0	77.253	16.188
7928.0	77.214	16.188
7930.0	77.175	16.188
7932.0	77.278	16.218
7934.0	77.23899999999999	16.218
7936.0	77.2	16.218
7938.0	77.161	16.218
7940.0	77.123	16.218
7942.0	77.084	16.218
7944.0	77.045	16.218
7946.0	77.006	16.218
7948.0	76.825	16.188
7950.0	76.78699999999999	16.188
7952.0	76.67699999999999	16.173
7954.0	76.498	16.144000000000002
7956.0	76.459	16.144000000000002
7958.0	76.28	16.114
7960.0	76.242	16.114
7962.0	76.204	16.114
7964.0	76.025	16.084
7966.0	75.987	16.084
7968.0	75.87899999999999	16.069000000000003
7970.0	75.84100000000001	16.069000000000003
7972.0	75.663	16.04
7974.0	75.626	16.04
7976.0	75.58800000000001	16.04
7978.0	75.55	16.04
7980.0	75.512	16.04
7982.0	75.613	16.069000000000003
7984.0	75.575	16.069000000000003
7986.0	75.53699999999999	16.069000000000003
7988.0	75.361	16.04
7990.0	75.32300000000001	16.04
7992.0	75.14699999999999	16.01
7994.0	74.971	15.981
7996.0	74.86399999999999	15.966
7998.0	74.827	15.966
8000.0	74.652	15.937000000000001
8002.0	74.615	15.937000000000001
8004.0	74.577	15.937000000000001
8006.0	74.54	15.937000000000001
8008.0	74.503	15.937000000000001
8010.0	74.46600000000001	15.937000000000001
8012.0	74.429	15.937000000000001
8014.0	74.391	15.937000000000001
8016.0	74.354	15.937000000000001
8018.0	74.317	15.937000000000001
8020.0	74.143	15.907
8022.0	74.10600000000001	15.907
8024.0	73.933	15.878
8026.0	73.828	15.864
8028.0	73.791	15.864
8030.0	73.755	15.864
8032.0	73.718	15.864
8034.0	73.681	15.864
8036.0	73.645	15.864
8038.0	73.608	15.864
8040.0	73.571	15.864
8042.0	73.535	15.864
8044.0	73.498	15.864
8046.0	73.327	15.834000000000001
8048.0	73.29	15.834000000000001
8050.0	73.25399999999999	15.834000000000001
8052.0	73.217	15.834000000000001
8054.0	73.181	15.834000000000001
8056.0	73.145	15.834000000000001
8058.0	73.108	15.834000000000001
8060.0	73.072	15.834000000000001
8062.0	73.036	15.834000000000001
8064.0	73.0	15.834000000000001
8066.0	72.96300000000001	15.834000000000001
8068.0	72.92699999999999	15.834000000000001
8070.0	72.891	15.834000000000001
8072.0	72.98899999999999	15.864
8074.0	72.953	15.864
8076.0	72.783	15.834000000000001
8078.0	72.747	15.834000000000001
8080.0	72.711	15.834000000000001
8082.0	72.541	15.805
8084.0	72.505	15.805
8086.0	72.336	15.776
8088.0	72.233	15.762
8090.0	72.19800000000001	15.762
8092.0	72.029	15.732999999999999
8094.0	71.994	15.732999999999999
8096.0	71.825	15.704
8098.0	71.79	15.704
8100.0	71.755	15.704
8102.0	71.719	15.704
8104.0	71.684	15.704
8106.0	71.648	15.704
8108.0	71.613	15.704
8110.0	71.578	15.704
8112.0	71.542	15.704
8114.0	71.507	15.704
8116.0	71.472	15.704
8118.0	71.37100000000001	15.689
8120.0	71.205	15.66
8122.0	71.17	15.66
8124.0	71.00399999999999	15.630999999999998
8126.0	70.83800000000001	15.603
8128.0	70.804	15.603
8130.0	70.703	15.588
8132.0	70.538	15.56
8134.0	70.374	15.530999999999999
8136.0	70.34	15.530999999999999
8138.0	70.305	15.530999999999999
8140.0	70.141	15.502
8142.0	70.10600000000001	15.502
8144.0	70.072	15.502
8146.0	69.973	15.488
8148.0	69.939	15.488
8150.0	69.77600000000001	15.46
8152.0	69.742	15.46
8154.0	69.579	15.431
8156.0	69.545	15.431
8158.0	69.319	15.389000000000001
8160.0	69.285	15.389000000000001
8162.0	69.124	15.36
8164.0	69.09	15.36
8166.0	68.929	15.332
8168.0	68.895	15.332
8170.0	68.862	15.332
8172.0	68.638	15.29
8174.0	68.604	15.29
8176.0	68.445	15.262
8178.0	68.411	15.262
8180.0	68.378	15.262
8182.0	68.219	15.234000000000002
8184.0	68.185	15.234000000000002
8186.0	68.152	15.234000000000002
8188.0	68.244	15.262
8190.0	68.211	15.262
8192.0	68.17699999999999	15.262
8194.0	68.14399999999999	15.262
8196.0	68.111	15.262
8198.0	68.078	15.262
8200.0	68.044	15.262
8202.0	68.13600000000001	15.29
8204.0	68.10300000000001	15.29
8206.0	68.196	15.318
8208.0	68.225	15.332
8210.0	68.318	15.36
8212.0	68.285	15.36
8214.0	68.377	15.389000000000001
8216.0	68.407	15.402999999999999
8218.0	68.5	15.431
8220.0	68.46600000000001	15.431
8222.0	68.244	15.389000000000001
8224.0	68.211	15.389000000000001
8226.0	68.05199999999999	15.36
8228.0	67.89399999999999	15.332
8230.0	67.67399999999999	15.29
8232.0	67.392	15.234000000000002
8234.0	67.298	15.219000000000001
8236.0	67.141	15.190999999999999
8238.0	66.985	15.164000000000001
8240.0	66.952	15.164000000000001
8242.0	66.92	15.164000000000001
8244.0	66.887	15.164000000000001
8246.0	66.855	15.164000000000001
8248.0	66.946	15.190999999999999
8250.0	66.913	15.190999999999999
8252.0	66.881	15.190999999999999
8254.0	66.848	15.190999999999999
8256.0	66.816	15.190999999999999
8258.0	66.78399999999999	15.190999999999999
8260.0	66.875	15.219000000000001
8262.0	66.842	15.219000000000001
8264.0	66.81	15.219000000000001
8266.0	66.777	15.219000000000001
8268.0	66.745	15.219000000000001
8270.0	66.59	15.190999999999999
8272.0	66.558	15.190999999999999
8274.0	66.403	15.164000000000001
8276.0	66.37100000000001	15.164000000000001
8278.0	66.217	15.136
8280.0	66.124	15.122
8282.0	65.97	15.094000000000001
8284.0	65.939	15.094000000000001
8286.0	65.907	15.094000000000001
8288.0	65.75399999999999	15.065999999999999
8290.0	65.722	15.065999999999999
8292.0	65.69	15.065999999999999
8294.0	65.65899999999999	15.065999999999999
8296.0	65.627	15.065999999999999
8298.0	65.595	15.065999999999999
8300.0	65.564	15.065999999999999
8302.0	65.532	15.065999999999999
8304.0	65.501	15.065999999999999
8306.0	65.469	15.065999999999999
8308.0	65.438	15.065999999999999
8310.0	65.406	15.065999999999999
8312.0	65.375	15.065999999999999
8314.0	65.223	15.038
8316.0	65.132	15.024000000000001
8318.0	65.1	15.024000000000001
8320.0	65.069	15.024000000000001
8322.0	64.918	14.997
8324.0	64.887	14.997
8326.0	64.736	14.969000000000001
8328.0	64.705	14.969000000000001
8330.0	64.555	14.942
8332.0	64.524	14.942
8334.0	64.493	14.942
8336.0	64.462	14.942
8338.0	64.431	14.942
8340.0	64.40100000000001	14.942
8342.0	64.488	14.969000000000001
8344.0	64.457	14.969000000000001
8346.0	64.426	14.969000000000001
8348.0	64.396	14.969000000000001
8350.0	64.365	14.969000000000001
8352.0	64.334	14.969000000000001
8354.0	64.303	14.969000000000001
8356.0	64.27199999999999	14.969000000000001
8358.0	64.241	14.969000000000001
8360.0	64.211	14.969000000000001
8362.0	64.18	14.969000000000001
8364.0	64.149	14.969000000000001
8366.0	64.001	14.942
8368.0	63.911	14.927999999999999
8370.0	63.88	14.927999999999999
8372.0	63.733000000000004	14.9
8374.0	63.702	14.9
8376.0	63.555	14.873
8378.0	63.523999999999994	14.873
8380.0	63.494	14.873
8382.0	63.464	14.873
8384.0	63.433	14.873
8386.0	63.403	14.873
8388.0	63.373000000000005	14.873
8390.0	63.343	14.873
8392.0	63.313	14.873
8394.0	63.282	14.873
8396.0	63.251999999999995	14.873
8398.0	63.222	14.873
8400.0	63.192	14.873
8402.0	63.162	14.873
8404.0	63.132	14.873
8406.0	63.102	14.873
8408.0	63.013999999999996	14.859000000000002
8410.0	62.983999999999995	14.859000000000002
8412.0	63.012	14.873
8414.0	62.982	14.873
8416.0	62.952	14.873
8418.0	62.864	14.859000000000002
8420.0	62.833999999999996	14.859000000000002
8422.0	62.803999999999995	14.859000000000002
8424.0	62.659	14.832
8426.0	62.629	14.832
8428.0	62.6	14.832
8430.0	62.455	14.805
8432.0	62.425	14.805
8434.0	62.281000000000006	14.777000000000001
8436.0	62.193999999999996	14.764000000000001
8438.0	62.05	14.737
8440.0	61.906000000000006	14.71
8442.0	61.876999999999995	14.71
8444.0	61.677	14.669
8446.0	61.648	14.669
8448.0	61.619	14.669
8450.0	61.589	14.669
8452.0	61.56	14.669
8454.0	61.531000000000006	14.669
8456.0	61.501999999999995	14.669
8458.0	61.473	14.669
8460.0	61.443999999999996	14.669
8462.0	61.415	14.669
8464.0	61.386	14.669
8466.0	61.357	14.669
8468.0	61.328	14.669
8470.0	61.355	14.682
8472.0	61.327	14.682
8474.0	61.41	14.71
8476.0	61.381	14.71
8478.0	61.353	14.71
8480.0	61.324	14.71
8482.0	61.408	14.737
8484.0	61.379	14.737
8486.0	61.35	14.737
8488.0	61.321000000000005	14.737
8490.0	61.292	14.737
8492.0	61.376000000000005	14.764000000000001
8494.0	61.233999999999995	14.737
8496.0	61.205	14.737
8498.0	61.177	14.737
8500.0	61.035	14.71
8502.0	60.895	14.682
8504.0	60.81	14.669
8506.0	60.781000000000006	14.669
8508.0	60.641000000000005	14.642000000000001
8510.0	60.611999999999995	14.642000000000001
8512.0	60.583999999999996	14.642000000000001
8514.0	60.555	14.642000000000001
8516.0	60.527	14.642000000000001
8518.0	60.498999999999995	14.642000000000001
8520.0	60.47	14.642000000000001
8522.0	60.442	14.642000000000001
8524.0	60.413000000000004	14.642000000000001
8526.0	60.385	14.642000000000001
8528.0	60.357	14.642000000000001
8530.0	60.44	14.669
8532.0	60.578	14.71
8534.0	60.662	14.737
8536.0	60.745	14.764000000000001
8538.0	60.773	14.777000000000001
8540.0	60.744	14.777000000000001
8542.0	60.716	14.777000000000001
8544.0	60.631	14.764000000000001
8546.0	60.49100000000001	14.737
8548.0	60.352	14.71
8550.0	60.213	14.682
8552.0	60.018	14.642000000000001
8554.0	59.88	14.615
8556.0	59.687	14.575
8558.0	59.549	14.548
8560.0	59.412	14.520999999999999
8562.0	59.275	14.494000000000002
8564.0	59.192	14.481
8566.0	59.056000000000004	14.454
8568.0	58.92	14.427999999999999
8570.0	58.838	14.415
8572.0	58.702	14.388
8574.0	58.675	14.388
8576.0	58.648	14.388
8578.0	58.729	14.415
8580.0	58.701	14.415
8582.0	58.728	14.427999999999999
8584.0	58.7	14.427999999999999
8586.0	58.673	14.427999999999999
8588.0	58.646	14.427999999999999
8590.0	58.618	14.427999999999999
8592.0	58.537	14.415
8594.0	58.402	14.388
8596.0	58.266999999999996	14.360999999999999
8598.0	58.24	14.360999999999999
8600.0	58.106	14.335
8602.0	58.07899999999999	14.335
8604.0	58.052	14.335
8606.0	58.025	14.335
8608.0	57.945	14.322000000000001
8610.0	57.81100000000001	14.295
8612.0	57.784	14.295
8614.0	57.652	14.269
8616.0	57.625	14.269
8618.0	57.43899999999999	14.23
8620.0	57.306999999999995	14.204
8622.0	57.28	14.204
8624.0	57.148	14.177
8626.0	57.122	14.177
8628.0	57.095	14.177
8630.0	57.068999999999996	14.177
8632.0	57.147	14.204
8634.0	57.121	14.204
8636.0	57.095	14.204
8638.0	57.173	14.23
8640.0	57.199	14.243
8642.0	57.278999999999996	14.269
8644.0	57.251999999999995	14.269
8646.0	57.331	14.295
8648.0	57.41	14.322000000000001
8650.0	57.43600000000001	14.335
8652.0	57.516000000000005	14.360999999999999
8654.0	57.595	14.388
8656.0	57.568999999999996	14.388
8658.0	57.648	14.415
8660.0	57.622	14.415
8662.0	57.595	14.415
8664.0	57.461999999999996	14.388
8666.0	57.43600000000001	14.388
8668.0	57.303999999999995	14.360999999999999
8670.0	57.277	14.360999999999999
8672.0	57.145	14.335
8674.0	56.961000000000006	14.295
8676.0	56.83	14.269
8678.0	56.648	14.23
8680.0	56.516999999999996	14.204
8682.0	56.283	14.151
8684.0	56.102	14.112
8686.0	55.87	14.06
8688.0	55.69	14.022
8690.0	55.511	13.982999999999999
8692.0	55.282	13.932
8694.0	55.001999999999995	13.868
8696.0	54.775	13.815999999999999
8698.0	54.498000000000005	13.753
8700.0	54.323	13.715
8702.0	54.048	13.652000000000001
8704.0	53.825	13.602
8706.0	53.553000000000004	13.539000000000001
8708.0	53.43	13.515
8710.0	53.405	13.515
8712.0	53.282	13.49
8714.0	53.455	13.539000000000001
8716.0	53.677	13.602
8718.0	53.85	13.652000000000001
8720.0	54.074	13.715
8722.0	54.299	13.777999999999999
8724.0	54.625	13.868
8726.0	54.751000000000005	13.905999999999999
8728.0	54.827	13.932
8730.0	54.903	13.957
8732.0	54.876999999999995	13.957
8734.0	54.852	13.957
8736.0	54.928000000000004	13.982999999999999
8738.0	54.903	13.982999999999999
8740.0	54.928000000000004	13.995999999999999
8742.0	54.903	13.995999999999999
8744.0	54.878	13.995999999999999
8746.0	54.853	13.995999999999999
8748.0	54.828	13.995999999999999
8750.0	54.803000000000004	13.995999999999999
8752.0	54.778	13.995999999999999
8754.0	54.753	13.995999999999999
8756.0	54.678000000000004	13.982999999999999
8758.0	54.552	13.957
8760.0	54.527	13.957
8762.0	54.402	13.932
8764.0	54.376999999999995	13.932
8766.0	54.251999999999995	13.905999999999999
8768.0	54.078	13.868
8770.0	53.95399999999999	13.842
8772.0	53.83	13.815999999999999
8774.0	53.756	13.804
8776.0	53.633	13.777999999999999
8778.0	53.50899999999999	13.753
8780.0	53.485	13.753
8782.0	53.461000000000006	13.753
8784.0	53.338	13.728
8786.0	53.31399999999999	13.728
8788.0	53.288999999999994	13.728
8790.0	53.216	13.715
8792.0	53.192	13.715
8794.0	53.07	13.69
8796.0	52.948	13.665
8798.0	52.875	13.652000000000001
8800.0	52.754	13.627
8802.0	52.73	13.627
8804.0	52.608999999999995	13.602
8806.0	52.585	13.602
8808.0	52.464	13.577
8810.0	52.441	13.577
8812.0	52.417	13.577
8814.0	52.393	13.577
8816.0	52.369	13.577
8818.0	52.346000000000004	13.577
8820.0	52.273999999999994	13.564
8822.0	52.25	13.564
8824.0	52.13	13.539000000000001
8826.0	52.107	13.539000000000001
8828.0	52.083	13.539000000000001
8830.0	52.059	13.539000000000001
8832.0	52.132	13.564
8834.0	52.156000000000006	13.577
8836.0	52.133	13.577
8838.0	52.205	13.602
8840.0	52.181999999999995	13.602
8842.0	52.254	13.627
8844.0	52.327	13.652000000000001
8846.0	52.351000000000006	13.665
8848.0	52.327	13.665
8850.0	52.4	13.69
8852.0	52.376999999999995	13.69
8854.0	52.353	13.69
8856.0	52.32899999999999	13.69
8858.0	52.306000000000004	13.69
8860.0	52.282	13.69
8862.0	52.162	13.665
8864.0	52.091	13.652000000000001
8866.0	51.971000000000004	13.627
8868.0	51.948	13.627
8870.0	51.82899999999999	13.602
8872.0	51.71	13.577
8874.0	51.64	13.564
8876.0	51.521	13.539000000000001
8878.0	51.403	13.515
8880.0	51.38	13.515
8882.0	51.262	13.49
8884.0	51.239	13.49
8886.0	51.075	13.452
8888.0	51.052	13.452
8890.0	50.935	13.427999999999999
8892.0	50.818000000000005	13.402999999999999
8894.0	50.748999999999995	13.390999999999998
8896.0	50.633	13.366
8898.0	50.516999999999996	13.341
8900.0	50.494	13.341
8902.0	50.378	13.317
8904.0	50.356	13.317
8906.0	50.287	13.305
8908.0	50.263999999999996	13.305
8910.0	50.148999999999994	13.28
8912.0	50.126999999999995	13.28
8914.0	50.012	13.255999999999998
8916.0	49.943999999999996	13.243
8918.0	49.82899999999999	13.219000000000001
8920.0	49.715	13.195
8922.0	49.602	13.17
8924.0	49.442	13.134
8926.0	49.32899999999999	13.11
8928.0	49.17100000000001	13.074000000000002
8930.0	49.148999999999994	13.074000000000002
8932.0	49.037	13.05
8934.0	48.925	13.026
8936.0	48.903	13.026
8938.0	48.791000000000004	13.002
8940.0	48.724	12.99
8942.0	48.703	12.99
8944.0	48.591	12.966
8946.0	48.48	12.942
8948.0	48.325	12.905999999999999
8950.0	48.214	12.883
8952.0	48.06	12.847000000000001
8954.0	47.861000000000004	12.8
8956.0	47.751999999999995	12.776
8958.0	47.599	12.741
8960.0	47.49	12.717
8962.0	47.382	12.694
8964.0	47.317	12.682
8966.0	47.208999999999996	12.659
8968.0	47.188	12.659
8970.0	47.167	12.659
8972.0	47.146	12.659
8974.0	47.125	12.659
8976.0	47.104	12.659
8978.0	47.083	12.659
8980.0	47.062	12.659
8982.0	47.041000000000004	12.659
8984.0	47.02	12.659
8986.0	46.998999999999995	12.659
8988.0	46.978	12.659
8990.0	46.871	12.636
8992.0	46.85	12.636
8994.0	46.82899999999999	12.636
8996.0	46.808	12.636
8998.0	46.701	12.612
9000.0	46.68	12.612
9002.0	46.617	12.600999999999999
9004.0	46.596000000000004	12.600999999999999
9006.0	46.618	12.612
9008.0	46.598	12.612
9010.0	46.663000000000004	12.636
9012.0	46.641999999999996	12.636
9014.0	46.621	12.636
9016.0	46.601000000000006	12.636
9018.0	46.58	12.636
9020.0	46.474	12.612
9022.0	46.41	12.600999999999999
9024.0	46.303999999999995	12.578
9026.0	46.199	12.555
9028.0	46.178000000000004	12.555
9030.0	46.03	12.52
9032.0	46.01	12.52
9034.0	45.905	12.497
9036.0	45.8	12.474
9038.0	45.653999999999996	12.439
9040.0	45.466	12.394
9042.0	45.403999999999996	12.382
9044.0	45.3	12.359000000000002
9046.0	45.196999999999996	12.337
9048.0	45.177	12.337
9050.0	45.24	12.359000000000002
9052.0	45.22	12.359000000000002
9054.0	45.325	12.394
9056.0	45.305	12.394
9058.0	45.369	12.417
9060.0	45.431999999999995	12.439
9062.0	45.538000000000004	12.474
9064.0	45.602	12.497
9066.0	45.582	12.497
9068.0	45.645	12.52
9070.0	45.625	12.52
9072.0	45.605	12.52
9074.0	45.626999999999995	12.530999999999999
9076.0	45.607	12.530999999999999
9078.0	45.586999999999996	12.530999999999999
9080.0	45.525	12.52
9082.0	45.505	12.52
9084.0	45.401	12.497
9086.0	45.297	12.474
9088.0	45.153	12.439
9090.0	45.05	12.417
9092.0	44.946999999999996	12.394
9094.0	44.886	12.382
9096.0	44.784	12.359000000000002
9098.0	44.763999999999996	12.359000000000002
9100.0	44.744	12.359000000000002
9102.0	44.725	12.359000000000002
9104.0	44.705	12.359000000000002
9106.0	44.809	12.394
9108.0	44.788999999999994	12.394
9110.0	44.77	12.394
9112.0	44.75	12.394
9114.0	44.73	12.394
9116.0	44.669	12.382
9118.0	44.568000000000005	12.359000000000002
9120.0	44.548	12.359000000000002
9122.0	44.528999999999996	12.359000000000002
9124.0	44.591	12.382
9126.0	44.571999999999996	12.382
9128.0	44.552	12.382
9130.0	44.533	12.382
9132.0	44.513000000000005	12.382
9134.0	44.412	12.359000000000002
9136.0	44.31100000000001	12.337
9138.0	44.291000000000004	12.337
9140.0	44.19	12.314
9142.0	44.13	12.302999999999999
9144.0	44.111000000000004	12.302999999999999
9146.0	44.132	12.314
9148.0	44.195	12.337
9150.0	44.175	12.337
9152.0	44.236999999999995	12.359000000000002
9154.0	44.299	12.382
9156.0	44.321000000000005	12.394
9158.0	44.302	12.394
9160.0	44.24100000000001	12.382
9162.0	44.222	12.382
9164.0	44.121	12.359000000000002
9166.0	44.021	12.337
9168.0	43.88	12.302999999999999
9170.0	43.861000000000004	12.302999999999999
9172.0	43.842	12.302999999999999
9174.0	43.823	12.302999999999999
9176.0	43.803999999999995	12.302999999999999
9178.0	43.785	12.302999999999999
9180.0	43.766000000000005	12.302999999999999
9182.0	43.747	12.302999999999999
9184.0	43.647	12.28
9186.0	43.548	12.257
9188.0	43.608999999999995	12.28
9190.0	43.59	12.28
9192.0	43.571000000000005	12.28
9194.0	43.552	12.28
9196.0	43.613	12.302999999999999
9198.0	43.595	12.302999999999999
9200.0	43.576	12.302999999999999
