3300.0	583700.0	21203.0
3316.0	582360.0	21360.0
3332.0	575190.0	21301.0
3348.0	577100.0	21577.0
3364.0	577440.0	21797.0
3380.0	575160.0	21918.0
3396.0	575020.0	22121.0
3412.0	572270.0	22223.0
3428.0	563300.0	22080.0
3444.0	555510.0	21979.0
3460.0	554460.0	22141.0
3476.0	549870.0	22161.0
3492.0	546350.0	22223.0
3508.0	548910.0	22532.0
3524.0	554050.0	22951.0
3540.0	557200.0	23292.0
3556.0	551690.0	23270.0
3572.0	549790.0	23399.0
3588.0	548420.0	23550.0
3604.0	549100.0	23790.0
3620.0	549800.0	24033.0
3636.0	552040.0	24344.0
3652.0	553300.0	24615.0
3668.0	550510.0	24706.0
3684.0	555880.0	25165.0
3700.0	579720.0	26473.0
3716.0	634850.0	29241.0
3732.0	703620.0	32689.0
3748.0	789990.0	37017.0
3764.0	876440.0	41419.0
3780.0	1029500.0	49068.0
3796.0	1027500.0	49386.0
3812.0	1246600.0	60422.0
3828.0	1071700.0	52384.0
3844.0	1283700.0	63270.0
3860.0	1502600.0	74679.0
3876.0	1204600.0	60367.0
3892.0	1129500.0	57069.0
3908.0	1495900.0	76208.0
3924.0	1555100.0	79873.0
3940.0	1485300.0	76913.0
3956.0	1185500.0	61887.0
3972.0	1049100.0	55208.0
3988.0	1424700.0	75579.0
4004.0	1562500.0	83560.0
4020.0	1577500.0	85035.0
4036.0	1576600.0	85664.0
4052.0	1547000.0	84723.0
4068.0	1472500.0	81283.0
4084.0	1224200.0	68108.0
4100.0	947220.0	53113.0
4116.0	1223100.0	69119.0
4132.0	1398600.0	79652.0
4148.0	1441300.0	82718.0
4164.0	1428900.0	82642.0
4180.0	1411500.0	82262.0
4196.0	1412400.0	82947.0
4212.0	1400400.0	82870.0
4228.0	1383400.0	82490.0
4244.0	1365400.0	82035.0
4260.0	1341500.0	81208.0
4276.0	1323000.0	80686.0
4292.0	1285600.0	78995.0
4308.0	1218600.0	75440.0
4324.0	1014500.0	63270.0
4340.0	799910.0	50257.0
4356.0	1042900.0	66008.0
4372.0	1192000.0	75998.0
4388.0	1208600.0	77625.0
4404.0	1208700.0	78199.0
4420.0	1205500.0	78560.0
4436.0	1199000.0	78704.0
4452.0	1181700.0	78127.0
4468.0	1163600.0	77482.0
4484.0	1143600.0	76700.0
4500.0	1147100.0	77482.0
4516.0	1133700.0	77126.0
4532.0	1119500.0	76700.0
4548.0	1101500.0	75998.0
4564.0	1096800.0	76208.0
4580.0	1084100.0	75858.0
4596.0	1082600.0	76278.0
4612.0	1076100.0	76348.0
4628.0	1060800.0	75788.0
4644.0	1056400.0	75998.0
4660.0	1042400.0	75509.0
4676.0	1036300.0	75579.0
4692.0	1028300.0	75509.0
4708.0	1010100.0	74679.0
4724.0	1005100.0	74817.0
4740.0	988240.0	74063.0
4756.0	980700.0	73995.0
4772.0	963430.0	73181.0
4788.0	957880.0	73249.0
4804.0	942790.0	72577.0
4820.0	919450.0	71253.0
4836.0	856340.0	66804.0
4852.0	657930.0	51665.0
4868.0	623040.0	49249.0
4884.0	816710.0	64983.0
4900.0	878270.0	70340.0
4916.0	887150.0	71516.0
4932.0	887100.0	71978.0
4948.0	885440.0	72310.0
4964.0	877320.0	72111.0
4980.0	870890.0	72044.0
4996.0	858170.0	71449.0
5012.0	843330.0	70664.0
5028.0	835660.0	70469.0
5044.0	830370.0	70469.0
5060.0	821330.0	70145.0
5076.0	818420.0	70340.0
5092.0	811790.0	70210.0
5108.0	806710.0	70210.0
5124.0	798000.0	69888.0
5140.0	790850.0	69695.0
5156.0	778030.0	68992.0
5172.0	763320.0	68108.0
5188.0	758610.0	68108.0
5204.0	758830.0	68549.0
5220.0	752110.0	68359.0
5236.0	741350.0	67795.0
5252.0	737510.0	67858.0
5268.0	725650.0	67174.0
5284.0	723260.0	67360.0
5300.0	720890.0	67546.0
5316.0	706720.0	66619.0
5332.0	702490.0	66619.0
5348.0	702810.0	67050.0
5364.0	696060.0	66804.0
5380.0	692560.0	66865.0
5396.0	685920.0	66619.0
5412.0	677490.0	66191.0
5428.0	672880.0	66130.0
5444.0	670170.0	66252.0
5460.0	664410.0	66069.0
5476.0	658710.0	65887.0
5492.0	653070.0	65705.0
5508.0	648680.0	65645.0
5524.0	644340.0	65584.0
5540.0	638850.0	65403.0
5556.0	635760.0	65464.0
5572.0	629790.0	65223.0
5588.0	623890.0	64983.0
5604.0	619190.0	64863.0
5620.0	613410.0	64625.0
5636.0	608240.0	64446.0
5652.0	600920.0	64032.0
5668.0	594240.0	63679.0
5684.0	588730.0	63445.0
5700.0	582740.0	63154.0
5716.0	578940.0	63096.0
5732.0	572540.0	62748.0
5748.0	567790.0	62575.0
5764.0	563080.0	62402.0
5780.0	559970.0	62402.0
5796.0	556370.0	62345.0
5812.0	554840.0	62517.0
5828.0	552820.0	62633.0
5844.0	549800.0	62633.0
5860.0	545790.0	62517.0
5876.0	537350.0	61887.0
5892.0	525650.0	60869.0
5908.0	526190.0	61263.0
5924.0	522860.0	61207.0
5940.0	518140.0	60982.0
5956.0	512990.0	60701.0
5972.0	509310.0	60590.0
5988.0	506590.0	60590.0
6004.0	503430.0	60534.0
6020.0	498920.0	60311.0
6036.0	494450.0	60090.0
6052.0	491380.0	60034.0
6068.0	487000.0	59814.0
6084.0	482220.0	59539.0
6100.0	479690.0	59539.0
6116.0	476310.0	59429.0
6132.0	471210.0	59102.0
6148.0	464890.0	58614.0
6164.0	461630.0	58506.0
6180.0	460520.0	58668.0
6196.0	458560.0	58722.0
6212.0	454520.0	58506.0
6228.0	449700.0	58183.0
6244.0	443710.0	57703.0
6260.0	441030.0	57650.0
6276.0	430780.0	56598.0
6292.0	426620.0	56338.0
6308.0	427210.0	56702.0
6324.0	426620.0	56911.0
6340.0	423290.0	56754.0
6356.0	421170.0	56754.0
6372.0	417900.0	56598.0
6388.0	417340.0	56807.0
6404.0	414880.0	56754.0
6420.0	411670.0	56598.0
6436.0	407740.0	56338.0
6452.0	403490.0	56027.0
6468.0	400390.0	55873.0
6484.0	395850.0	55514.0
6500.0	392460.0	55310.0
6516.0	386240.0	54702.0
6532.0	373880.0	53211.0
6548.0	327040.0	46774.0
6564.0	272450.0	39156.0
6580.0	335710.0	48484.0
6596.0	366660.0	53211.0
6612.0	373040.0	54400.0
6628.0	373990.0	54802.0
6644.0	372530.0	54853.0
6660.0	370740.0	54853.0
6676.0	368630.0	54802.0
6692.0	366870.0	54802.0
6708.0	364450.0	54702.0
6724.0	361710.0	54551.0
6740.0	359670.0	54500.0
6756.0	355990.0	54200.0
6772.0	353990.0	54150.0
6788.0	351020.0	53951.0
6804.0	349050.0	53901.0
6820.0	346140.0	53703.0
6836.0	343570.0	53555.0
6852.0	336660.0	52723.0
6868.0	293200.0	46132.0
6884.0	292640.0	46259.0
6900.0	300830.0	47775.0
6916.0	313550.0	50026.0
6932.0	318200.0	51003.0
6948.0	318490.0	51286.0
6964.0	319960.0	51761.0
6980.0	318500.0	51761.0
6996.0	314720.0	51381.0
7012.0	312710.0	51286.0
7028.0	311000.0	51239.0
7044.0	309590.0	51239.0
7060.0	307900.0	51192.0
7076.0	305950.0	51097.0
7092.0	304290.0	51051.0
7108.0	301800.0	50863.0
7124.0	299350.0	50676.0
7140.0	297180.0	50536.0
7156.0	291800.0	49842.0
7172.0	277420.0	47599.0
7188.0	265950.0	45835.0
7204.0	269940.0	46730.0
7220.0	277810.0	48306.0
7236.0	268300.0	46860.0
7252.0	266380.0	46730.0
7268.0	265700.0	46816.0
7284.0	265510.0	46989.0
7300.0	265570.0	47206.0
7316.0	266120.0	47512.0
7332.0	269630.0	48350.0
7348.0	269210.0	48484.0
7364.0	267300.0	48350.0
7380.0	266630.0	48440.0
7396.0	265720.0	48484.0
7412.0	264090.0	48395.0
7428.0	262470.0	48306.0
7444.0	260620.0	48173.0
7460.0	259030.0	48084.0
7476.0	257440.0	47995.0
7492.0	256580.0	48040.0
7508.0	255250.0	47995.0
7524.0	253470.0	47863.0
7540.0	252160.0	47819.0
7556.0	250400.0	47687.0
7572.0	247970.0	47424.0
7588.0	207280.0	39811.0
7604.0	104890.0	20230.0
7620.0	138710.0	26866.0
7636.0	140180.0	27265.0
7652.0	179670.0	35091.0
7668.0	213730.0	41918.0
7684.0	229320.0	45165.0
7700.0	234340.0	46345.0
7716.0	235310.0	46730.0
7732.0	234770.0	46816.0
7748.0	233580.0	46774.0
7764.0	228370.0	45920.0
7780.0	225560.0	45541.0
7796.0	229020.0	46430.0
7812.0	228500.0	46516.0
7828.0	226740.0	46345.0
7844.0	225810.0	46345.0
7860.0	223240.0	46004.0
7876.0	220700.0	45667.0
7892.0	217790.0	45248.0
7908.0	217710.0	45415.0
7924.0	216640.0	45373.0
7940.0	215960.0	45415.0
7956.0	213710.0	45123.0
7972.0	212860.0	45123.0
7988.0	212000.0	45123.0
8004.0	209990.0	44875.0
8020.0	209160.0	44875.0
8036.0	208130.0	44833.0
8052.0	207310.0	44833.0
8068.0	206100.0	44751.0
8084.0	204910.0	44668.0
8100.0	202230.0	44259.0
8116.0	198850.0	43692.0
8132.0	193210.0	42619.0
8148.0	186000.0	41191.0
8164.0	180390.0	40105.0
8180.0	180850.0	40364.0
8196.0	183320.0	41077.0
8212.0	185490.0	41725.0
8228.0	173230.0	39120.0
8244.0	183380.0	41572.0
8260.0	184020.0	41879.0
8276.0	180290.0	41191.0
8292.0	179760.0	41229.0
8308.0	180730.0	41610.0
8324.0	180200.0	41649.0
8340.0	181500.0	42111.0
8356.0	181980.0	42384.0
8372.0	181790.0	42501.0
8388.0	181090.0	42501.0
8404.0	180570.0	42540.0
8420.0	180220.0	42619.0
8436.0	176260.0	41841.0
8452.0	176560.0	42073.0
8468.0	175410.0	41956.0
8484.0	178490.0	42855.0
8500.0	169510.0	40851.0
8516.0	177970.0	43053.0
8532.0	172950.0	41995.0
8548.0	163940.0	39958.0
8564.0	179250.0	43853.0
8580.0	176300.0	43291.0
8596.0	158430.0	39048.0
8612.0	172590.0	42697.0
8628.0	183740.0	45625.0
8644.0	176110.0	43893.0
8660.0	150860.0	37740.0
8676.0	160170.0	40216.0
8692.0	179550.0	45248.0
8708.0	183900.0	46516.0
8724.0	176760.0	44875.0
8740.0	153250.0	39048.0
8756.0	146220.0	37394.0
8772.0	171010.0	43893.0
8788.0	180900.0	46601.0
8804.0	181740.0	46989.0
8820.0	179090.0	46473.0
8836.0	170100.0	44300.0
8852.0	145320.0	37984.0
8868.0	136890.0	35909.0
8884.0	161440.0	42501.0
8900.0	172200.0	45499.0
8916.0	173650.0	46047.0
8932.0	172080.0	45793.0
8948.0	167250.0	44668.0
8964.0	157990.0	42345.0
8980.0	148410.0	39921.0
8996.0	131680.0	35547.0
9012.0	111680.0	30255.0
9028.0	130630.0	35514.0
9044.0	152230.0	41534.0
9060.0	151830.0	41572.0
9076.0	146500.0	40253.0
9092.0	145980.0	40253.0
9108.0	148590.0	41115.0
9124.0	147380.0	40926.0
9140.0	145660.0	40588.0
9156.0	143680.0	40179.0
9172.0	143050.0	40142.0
9188.0	143210.0	40327.0
9204.0	137550.0	38869.0
9220.0	115070.0	32629.0
9236.0	112470.0	32004.0
9252.0	131570.0	37566.0
9268.0	137290.0	39337.0
9284.0	132720.0	38159.0
9300.0	121080.0	34930.0
9316.0	103460.0	29950.0
9332.0	89965.0	26134.0
9348.0	86017.0	25073.0
9364.0	89846.0	26278.0
9380.0	95591.0	28054.0
9396.0	114960.0	33853.0
9412.0	111030.0	32810.0
9428.0	101010.0	29950.0
9444.0	97748.0	29080.0
9460.0	98591.0	29431.0
9476.0	101100.0	30283.0
9492.0	98470.0	29594.0
9508.0	101820.0	30704.0
9524.0	90778.0	27466.0
9540.0	79822.0	24233.0
9556.0	81408.0	24797.0
9572.0	99087.0	30283.0
9588.0	100680.0	30874.0
9604.0	107130.0	32961.0
9620.0	108360.0	33450.0
9636.0	111030.0	34387.0
9652.0	113550.0	35286.0
9668.0	116240.0	36241.0
9684.0	123800.0	38726.0
9700.0	124300.0	39012.0
9716.0	123320.0	38833.0
9732.0	119680.0	37809.0
9748.0	117870.0	37359.0
9764.0	118680.0	37740.0
9780.0	120160.0	38335.0
9796.0	119210.0	38159.0
9812.0	121930.0	39156.0
9828.0	121530.0	39156.0
9844.0	122150.0	39482.0
9860.0	123670.0	40105.0
9876.0	123500.0	40179.0
9892.0	122760.0	40068.0
9908.0	123270.0	40364.0
9924.0	122420.0	40216.0
9940.0	121460.0	40031.0
9956.0	120740.0	39921.0
9972.0	120910.0	40105.0
9988.0	119200.0	39664.0
10004.0	117400.0	39192.0
10020.0	111970.0	37497.0
10036.0	99197.0	33327.0
10052.0	88698.0	29895.0
10068.0	103980.0	35156.0
10084.0	111160.0	37705.0
10100.0	114550.0	38976.0
10116.0	114290.0	39012.0
10132.0	114880.0	39337.0
10148.0	116110.0	39884.0
10164.0	115000.0	39628.0
10180.0	115170.0	39811.0
10196.0	116510.0	40402.0
10212.0	114020.0	39664.0
10228.0	112630.0	39301.0
10244.0	113100.0	39591.0
10260.0	113900.0	39994.0
10276.0	113650.0	40031.0
10292.0	110520.0	39048.0
10308.0	108860.0	38583.0
10324.0	108020.0	38406.0
10340.0	106020.0	37809.0
10356.0	106960.0	38265.0
10372.0	97341.0	34930.0
10388.0	106700.0	38406.0
10404.0	103660.0	37428.0
