3300.0	612340.0	22243.0
3316.0	610370.0	22387.0
3332.0	603410.0	22346.0
3348.0	605970.0	22657.0
3364.0	599110.0	22615.0
3380.0	597840.0	22782.0
3396.0	592220.0	22782.0
3412.0	587760.0	22824.0
3428.0	577480.0	22636.0
3444.0	571070.0	22594.0
3460.0	566330.0	22615.0
3476.0	561130.0	22615.0
3492.0	556000.0	22615.0
3508.0	555010.0	22782.0
3524.0	555070.0	22993.0
3540.0	554640.0	23185.0
3556.0	551180.0	23249.0
3572.0	546760.0	23270.0
3588.0	545900.0	23442.0
3604.0	544070.0	23572.0
3620.0	543750.0	23768.0
3636.0	542470.0	23922.0
3652.0	540210.0	24033.0
3668.0	536990.0	24099.0
3684.0	535280.0	24233.0
3700.0	549060.0	25073.0
3716.0	584340.0	26915.0
3732.0	640530.0	29758.0
3748.0	709290.0	33235.0
3764.0	779690.0	36847.0
3780.0	890920.0	42462.0
3796.0	883420.0	42462.0
3812.0	1061000.0	51428.0
3828.0	913010.0	44627.0
3844.0	1070700.0	52771.0
3860.0	1237200.0	61489.0
3876.0	1013100.0	50769.0
3892.0	943790.0	47687.0
3908.0	1235100.0	62922.0
3924.0	1288700.0	66191.0
3940.0	1230900.0	63738.0
3956.0	988800.0	51618.0
3972.0	872570.0	45920.0
3988.0	1161200.0	61603.0
4004.0	1251500.0	66927.0
4020.0	1251900.0	67484.0
4036.0	1245400.0	67671.0
4052.0	1226500.0	67174.0
4068.0	1172900.0	64744.0
4084.0	987750.0	54954.0
4100.0	777770.0	43611.0
4116.0	993280.0	56131.0
4132.0	1116100.0	63562.0
4148.0	1141700.0	65524.0
4164.0	1130800.0	65403.0
4180.0	1121200.0	65343.0
4196.0	1113700.0	65403.0
4212.0	1097100.0	64923.0
4228.0	1085800.0	64744.0
4244.0	1066800.0	64091.0
4260.0	1049100.0	63504.0
4276.0	1033600.0	63038.0
4292.0	1013700.0	62287.0
4308.0	967100.0	59869.0
4324.0	815550.0	50863.0
4340.0	645420.0	40551.0
4356.0	837620.0	53015.0
4372.0	935530.0	59648.0
4388.0	941640.0	60478.0
4404.0	942600.0	60982.0
4420.0	936650.0	61038.0
4436.0	927330.0	60869.0
4452.0	914760.0	60478.0
4468.0	890830.0	59320.0
4484.0	880420.0	59047.0
4500.0	881440.0	59539.0
4516.0	871990.0	59320.0
4532.0	865050.0	59265.0
4548.0	851880.0	58776.0
4564.0	845140.0	58722.0
4580.0	836160.0	58506.0
4596.0	831880.0	58614.0
4612.0	823080.0	58398.0
4628.0	810650.0	57916.0
4644.0	806560.0	58023.0
4660.0	797350.0	57756.0
4676.0	789720.0	57597.0
4692.0	781450.0	57385.0
4708.0	772590.0	57122.0
4724.0	763140.0	56807.0
4740.0	753820.0	56494.0
4756.0	747370.0	56390.0
4772.0	736920.0	55976.0
4788.0	729310.0	55770.0
4804.0	720470.0	55463.0
4820.0	704570.0	54601.0
4836.0	661680.0	51618.0
4852.0	513070.0	40290.0
4868.0	487210.0	38512.0
4884.0	636310.0	50629.0
4900.0	674260.0	54001.0
4916.0	673590.0	54300.0
4932.0	671700.0	54500.0
4948.0	667980.0	54551.0
4964.0	662460.0	54450.0
4980.0	656390.0	54300.0
4996.0	645020.0	53703.0
5012.0	636210.0	53309.0
5028.0	628100.0	52966.0
5044.0	624130.0	52966.0
5060.0	618470.0	52820.0
5076.0	615710.0	52917.0
5092.0	611290.0	52869.0
5108.0	606340.0	52771.0
5124.0	601450.0	52674.0
5140.0	593330.0	52288.0
5156.0	584780.0	51856.0
5172.0	575840.0	51381.0
5188.0	571770.0	51333.0
5204.0	568780.0	51381.0
5220.0	562700.0	51145.0
5236.0	556190.0	50863.0
5252.0	551790.0	50769.0
5268.0	543910.0	50350.0
5284.0	540620.0	50350.0
5300.0	536870.0	50304.0
5316.0	528260.0	49797.0
5332.0	526070.0	49888.0
5348.0	523890.0	49981.0
5364.0	519810.0	49888.0
5380.0	515300.0	49751.0
5396.0	509890.0	49522.0
5412.0	505480.0	49386.0
5428.0	500200.0	49159.0
5444.0	496800.0	49113.0
5460.0	492530.0	48978.0
5476.0	487860.0	48798.0
5492.0	484130.0	48708.0
5508.0	479110.0	48484.0
5524.0	476770.0	48529.0
5540.0	471850.0	48306.0
5556.0	468270.0	48217.0
5572.0	464300.0	48084.0
5588.0	460370.0	47951.0
5604.0	456060.0	47775.0
5620.0	452640.0	47687.0
5636.0	447590.0	47424.0
5652.0	441790.0	47076.0
5668.0	436880.0	46816.0
5684.0	433220.0	46687.0
5700.0	428420.0	46430.0
5716.0	425240.0	46345.0
5732.0	419770.0	46004.0
5748.0	415510.0	45793.0
5764.0	412450.0	45709.0
5780.0	409040.0	45583.0
5796.0	407160.0	45625.0
5812.0	404920.0	45625.0
5828.0	403440.0	45709.0
5844.0	400500.0	45625.0
5860.0	396850.0	45457.0
5876.0	390350.0	44957.0
5892.0	385030.0	44586.0
5908.0	384010.0	44710.0
5924.0	381230.0	44627.0
5940.0	377790.0	44463.0
5956.0	373000.0	44137.0
5972.0	370320.0	44055.0
5988.0	368350.0	44055.0
6004.0	365380.0	43934.0
6020.0	363440.0	43934.0
6036.0	359850.0	43732.0
6052.0	356630.0	43571.0
6068.0	353780.0	43451.0
6084.0	350950.0	43331.0
6100.0	348470.0	43251.0
6116.0	345690.0	43132.0
6132.0	342940.0	43013.0
6148.0	338340.0	42658.0
6164.0	335350.0	42501.0
6180.0	334840.0	42658.0
6196.0	332200.0	42540.0
6212.0	329270.0	42384.0
6228.0	325480.0	42111.0
6244.0	321730.0	41841.0
6260.0	319500.0	41764.0
6276.0	312360.0	41039.0
6292.0	309350.0	40851.0
6308.0	308630.0	40964.0
6324.0	308490.0	41153.0
6340.0	306080.0	41039.0
6356.0	303710.0	40926.0
6372.0	302180.0	40926.0
6388.0	301230.0	41002.0
6404.0	299440.0	40964.0
6420.0	297130.0	40851.0
6436.0	294570.0	40700.0
6452.0	291760.0	40513.0
6468.0	288990.0	40327.0
6484.0	285720.0	40068.0
6500.0	283790.0	39994.0
6516.0	279040.0	39518.0
6532.0	270850.0	38548.0
6548.0	238010.0	34041.0
6564.0	199750.0	28708.0
6580.0	244550.0	35318.0
6596.0	265620.0	38548.0
6612.0	268510.0	39156.0
6628.0	268200.0	39301.0
6644.0	267400.0	39373.0
6660.0	265630.0	39301.0
6676.0	263630.0	39192.0
6692.0	262370.0	39192.0
6708.0	260870.0	39156.0
6724.0	258920.0	39048.0
6740.0	256740.0	38904.0
6756.0	254360.0	38726.0
6772.0	252690.0	38654.0
6788.0	250340.0	38477.0
6804.0	248250.0	38335.0
6820.0	246410.0	38230.0
6836.0	244580.0	38124.0
6852.0	239210.0	37463.0
6868.0	209300.0	32931.0
6884.0	208320.0	32931.0
6900.0	214750.0	34104.0
6916.0	223620.0	35678.0
6932.0	226730.0	36341.0
6948.0	226520.0	36475.0
6964.0	227350.0	36779.0
6980.0	226100.0	36745.0
6996.0	223210.0	36442.0
7012.0	221580.0	36341.0
7028.0	220580.0	36341.0
7044.0	219370.0	36308.0
7060.0	217980.0	36241.0
7076.0	216990.0	36241.0
7092.0	215420.0	36141.0
7108.0	213860.0	36041.0
7124.0	212310.0	35942.0
7140.0	210000.0	35711.0
7156.0	206390.0	35253.0
7172.0	196400.0	33698.0
7188.0	188280.0	32449.0
7204.0	190930.0	33052.0
7220.0	197580.0	34356.0
7236.0	189940.0	33174.0
7252.0	188410.0	33052.0
7268.0	188270.0	33174.0
7284.0	187790.0	33235.0
7300.0	187660.0	33358.0
7316.0	188400.0	33636.0
7332.0	190710.0	34198.0
7348.0	189880.0	34198.0
7364.0	188880.0	34166.0
7380.0	188240.0	34198.0
7396.0	187250.0	34166.0
7412.0	186270.0	34135.0
7428.0	185300.0	34104.0
7444.0	184000.0	34009.0
7460.0	182870.0	33947.0
7476.0	181250.0	33791.0
7492.0	180640.0	33822.0
7508.0	179540.0	33760.0
7524.0	178120.0	33636.0
7540.0	177040.0	33574.0
7556.0	175970.0	33512.0
7572.0	173940.0	33266.0
7588.0	145670.0	27977.0
7604.0	73712.0	14217.0
7620.0	98744.0	19125.0
7636.0	100810.0	19606.0
7652.0	127660.0	24934.0
7668.0	150890.0	29594.0
7684.0	161160.0	31739.0
7700.0	164380.0	32509.0
7716.0	164600.0	32689.0
7732.0	164530.0	32810.0
7748.0	163400.0	32719.0
7764.0	160050.0	32181.0
7780.0	158070.0	31915.0
7796.0	159910.0	32419.0
7812.0	158960.0	32359.0
7828.0	157730.0	32240.0
7844.0	156800.0	32181.0
7860.0	155300.0	32004.0
7876.0	153540.0	31769.0
7892.0	151650.0	31506.0
7908.0	151320.0	31565.0
7924.0	150850.0	31594.0
7940.0	150380.0	31623.0
7956.0	148260.0	31304.0
7972.0	147940.0	31362.0
7988.0	147350.0	31362.0
8004.0	145680.0	31132.0
8020.0	144830.0	31074.0
8036.0	143860.0	30988.0
8052.0	143550.0	31046.0
8068.0	142720.0	30988.0
8084.0	141500.0	30846.0
8100.0	140040.0	30648.0
8116.0	138340.0	30395.0
8132.0	133790.0	29512.0
8148.0	128560.0	28471.0
8164.0	124680.0	27720.0
8180.0	125000.0	27900.0
8196.0	127650.0	28602.0
8212.0	128450.0	28894.0
8228.0	119520.0	26990.0
8244.0	126280.0	28628.0
8260.0	127310.0	28973.0
8276.0	124620.0	28471.0
8292.0	123450.0	28314.0
8308.0	124800.0	28734.0
8324.0	123870.0	28628.0
8340.0	124880.0	28973.0
8356.0	124860.0	29080.0
8372.0	124730.0	29161.0
8388.0	124370.0	29188.0
8404.0	123670.0	29134.0
8420.0	123080.0	29107.0
8436.0	121160.0	28761.0
8452.0	120480.0	28708.0
8468.0	120350.0	28787.0
8484.0	121570.0	29188.0
8500.0	117050.0	28210.0
8516.0	120660.0	29188.0
8532.0	118120.0	28681.0
8548.0	113210.0	27593.0
8564.0	121300.0	29676.0
8580.0	119410.0	29322.0
8596.0	108900.0	26841.0
8612.0	116470.0	28814.0
8628.0	123770.0	30733.0
8644.0	118850.0	29621.0
8660.0	103800.0	25966.0
8676.0	108390.0	27214.0
8692.0	120940.0	30479.0
8708.0	123650.0	31275.0
8724.0	118630.0	30116.0
8740.0	103610.0	26400.0
8756.0	99040.0	25328.0
8772.0	114240.0	29322.0
8788.0	121410.0	31275.0
8804.0	122200.0	31594.0
8820.0	120190.0	31189.0
8836.0	113950.0	29676.0
8852.0	97890.0	25586.0
8868.0	91954.0	24121.0
8884.0	107950.0	28418.0
8900.0	115460.0	30507.0
8916.0	116540.0	30903.0
8932.0	115170.0	30648.0
8948.0	111940.0	29895.0
8964.0	105830.0	28366.0
8980.0	99877.0	26866.0
8996.0	87967.0	23746.0
9012.0	76134.0	20625.0
9028.0	87104.0	23681.0
9044.0	102350.0	27925.0
9060.0	102650.0	28106.0
9076.0	98590.0	27089.0
9092.0	98787.0	27240.0
9108.0	100180.0	27720.0
9124.0	99369.0	27593.0
9140.0	97843.0	27265.0
9156.0	96696.0	27040.0
9172.0	96182.0	26990.0
9188.0	96289.0	27114.0
9204.0	92229.0	26062.0
9220.0	77225.0	21898.0
9236.0	75762.0	21558.0
9252.0	87811.0	25073.0
9268.0	92140.0	26400.0
9284.0	88501.0	25445.0
9300.0	80808.0	23313.0
9316.0	68986.0	19971.0
9332.0	60377.0	17539.0
9348.0	57781.0	16842.0
9364.0	60799.0	17783.0
9380.0	64094.0	18811.0
9396.0	77792.0	22909.0
9412.0	75207.0	22223.0
9428.0	67792.0	20100.0
9444.0	65300.0	19427.0
9460.0	66472.0	19843.0
9476.0	68104.0	20399.0
9492.0	66390.0	19953.0
9508.0	67896.0	20474.0
9524.0	60420.0	18281.0
9540.0	53570.0	16263.0
9556.0	54584.0	16626.0
9572.0	66560.0	20342.0
9588.0	67758.0	20778.0
9604.0	71766.0	22080.0
9620.0	72656.0	22428.0
9636.0	74102.0	22951.0
9652.0	75576.0	23486.0
9668.0	77794.0	24255.0
9684.0	82170.0	25704.0
9700.0	83344.0	26158.0
9716.0	82460.0	25966.0
9732.0	79217.0	25026.0
9748.0	77873.0	24683.0
9764.0	78989.0	25119.0
9780.0	80046.0	25539.0
9796.0	79419.0	25421.0
9812.0	81453.0	26158.0
9828.0	80964.0	26085.0
9844.0	81899.0	26473.0
9860.0	81935.0	26571.0
9876.0	81744.0	26595.0
9892.0	81330.0	26546.0
9908.0	81668.0	26742.0
9924.0	81329.0	26718.0
9940.0	81292.0	26792.0
9956.0	80658.0	26669.0
9972.0	80178.0	26595.0
9988.0	79701.0	26522.0
10004.0	77852.0	25990.0
10020.0	74043.0	24797.0
10036.0	64878.0	21797.0
10052.0	59199.0	19953.0
10068.0	69205.0	23399.0
10084.0	74740.0	25351.0
10100.0	75889.0	25823.0
10116.0	76772.0	26206.0
10132.0	77594.0	26571.0
10148.0	77279.0	26546.0
10164.0	76965.0	26522.0
10180.0	76230.0	26351.0
10196.0	76271.0	26448.0
10212.0	74989.0	26085.0
10228.0	74548.0	26014.0
10244.0	75211.0	26327.0
10260.0	74563.0	26182.0
10276.0	75019.0	26424.0
10292.0	73828.0	26085.0
10308.0	72322.0	25633.0
