3300.0	978570.0	35547.0
3316.0	971830.0	35645.0
3332.0	961640.0	35612.0
3348.0	966610.0	36141.0
3364.0	964510.0	36408.0
3380.0	966910.0	36847.0
3396.0	965800.0	37153.0
3412.0	959410.0	37256.0
3428.0	952230.0	37325.0
3444.0	935610.0	37017.0
3460.0	926120.0	36983.0
3476.0	920160.0	37085.0
3492.0	918480.0	37359.0
3508.0	923630.0	37914.0
3524.0	927140.0	38406.0
3540.0	933280.0	39012.0
3556.0	925760.0	39048.0
3572.0	922570.0	39264.0
3588.0	921120.0	39555.0
3604.0	921400.0	39921.0
3620.0	923430.0	40364.0
3636.0	924640.0	40775.0
3652.0	923340.0	41077.0
3668.0	922910.0	41419.0
3684.0	929360.0	42073.0
3700.0	974580.0	44504.0
3716.0	1065300.0	49068.0
3732.0	1179600.0	54802.0
3748.0	1315900.0	61659.0
3764.0	1470700.0	69502.0
3780.0	1714900.0	81733.0
3796.0	1722500.0	82794.0
3812.0	2101400.0	101860.0
3828.0	1760700.0	86060.0
3844.0	2162000.0	106560.0
3860.0	2561200.0	127290.0
3876.0	2002900.0	100370.0
3892.0	1893500.0	95675.0
3908.0	2545100.0	129660.0
3924.0	2631300.0	135150.0
3940.0	2515500.0	130260.0
3956.0	1987500.0	103750.0
3972.0	1766900.0	92982.0
3988.0	2435100.0	129180.0
4004.0	2715400.0	145210.0
4020.0	2764200.0	149000.0
4036.0	2747400.0	149280.0
4052.0	2695800.0	147640.0
4068.0	2551900.0	140860.0
4084.0	2084700.0	115980.0
4100.0	1593900.0	89371.0
4116.0	2117700.0	119670.0
4132.0	2446200.0	139320.0
4148.0	2523100.0	144810.0
4164.0	2499200.0	144540.0
4180.0	2468700.0	143880.0
4196.0	2472600.0	145210.0
4212.0	2453800.0	145210.0
4228.0	2417400.0	144150.0
4244.0	2386000.0	143350.0
4260.0	2346400.0	142040.0
4276.0	2309600.0	140860.0
4292.0	2236200.0	137400.0
4308.0	2111900.0	130740.0
4324.0	1740400.0	108540.0
4340.0	1347200.0	84645.0
4356.0	1807400.0	114390.0
4372.0	2080900.0	132680.0
4388.0	2106100.0	135270.0
4404.0	2106300.0	136270.0
4420.0	2106600.0	137280.0
4436.0	2097200.0	137660.0
4452.0	2068800.0	136770.0
4468.0	2027700.0	135020.0
4484.0	1998400.0	134030.0
4500.0	2004500.0	135390.0
4516.0	1984800.0	135020.0
4532.0	1954500.0	133910.0
4548.0	1915900.0	132190.0
4564.0	1909500.0	132680.0
4580.0	1894500.0	132560.0
4596.0	1893500.0	133410.0
4612.0	1876900.0	133170.0
4628.0	1848600.0	132070.0
4644.0	1846000.0	132800.0
4660.0	1819900.0	131830.0
4676.0	1805800.0	131700.0
4692.0	1788600.0	131340.0
4708.0	1773200.0	131100.0
4724.0	1749900.0	130260.0
4740.0	1726900.0	129420.0
4756.0	1710600.0	129060.0
4772.0	1686600.0	128110.0
4788.0	1670800.0	127760.0
4804.0	1642900.0	126470.0
4820.0	1602200.0	124170.0
4836.0	1480000.0	115450.0
4852.0	1116300.0	87659.0
4868.0	1066900.0	84333.0
4884.0	1421900.0	113140.0
4900.0	1540400.0	123370.0
4916.0	1544500.0	124510.0
4932.0	1547300.0	125550.0
4948.0	1543000.0	126010.0
4964.0	1530200.0	125780.0
4980.0	1519000.0	125660.0
4996.0	1495500.0	124510.0
5012.0	1470900.0	123250.0
5028.0	1461600.0	123250.0
5044.0	1451000.0	123140.0
5060.0	1441800.0	123140.0
5076.0	1436700.0	123480.0
5092.0	1427700.0	123480.0
5108.0	1418800.0	123480.0
5124.0	1400900.0	122690.0
5140.0	1385800.0	122120.0
5156.0	1364600.0	121000.0
5172.0	1341200.0	119670.0
5188.0	1331700.0	119560.0
5204.0	1328500.0	120000.0
5220.0	1316700.0	119670.0
5236.0	1295400.0	118470.0
5252.0	1295900.0	119230.0
5268.0	1264500.0	117060.0
5284.0	1268500.0	118140.0
5300.0	1260900.0	118140.0
5316.0	1237200.0	116630.0
5332.0	1231000.0	116730.0
5348.0	1232600.0	117600.0
5364.0	1220800.0	117170.0
5380.0	1212400.0	117060.0
5396.0	1199700.0	116520.0
5412.0	1189300.0	116200.0
5428.0	1180200.0	115980.0
5444.0	1175400.0	116200.0
5460.0	1165300.0	115880.0
5476.0	1154200.0	115450.0
5492.0	1149600.0	115660.0
5508.0	1136700.0	115030.0
5524.0	1129100.0	114920.0
5540.0	1119400.0	114600.0
5556.0	1116100.0	114920.0
5572.0	1103600.0	114290.0
5588.0	1093200.0	113870.0
5604.0	1085000.0	113660.0
5620.0	1075800.0	113340.0
5636.0	1065800.0	112930.0
5652.0	1053900.0	112310.0
5668.0	1041300.0	111580.0
5684.0	1033500.0	111380.0
5700.0	1023000.0	110870.0
5716.0	1013500.0	110460.0
5732.0	1003200.0	109950.0
5748.0	994000.0	109550.0
5764.0	984860.0	109140.0
5780.0	979410.0	109140.0
5796.0	973110.0	109040.0
5812.0	970440.0	109350.0
5828.0	966010.0	109450.0
5844.0	961610.0	109550.0
5860.0	953730.0	109240.0
5876.0	939840.0	108240.0
5892.0	920230.0	106560.0
5908.0	920320.0	107150.0
5924.0	916200.0	107250.0
5940.0	909590.0	107050.0
5956.0	898070.0	106270.0
5972.0	893270.0	106270.0
5988.0	886050.0	105970.0
6004.0	878090.0	105580.0
6020.0	871020.0	105290.0
6036.0	864810.0	105100.0
6052.0	857870.0	104810.0
6068.0	851780.0	104620.0
6084.0	848090.0	104710.0
6100.0	838220.0	104040.0
6116.0	831550.0	103750.0
6132.0	822650.0	103180.0
6148.0	810870.0	102240.0
6164.0	805930.0	102140.0
6180.0	804720.0	102520.0
6196.0	801310.0	102610.0
6212.0	794980.0	102330.0
6228.0	785820.0	101670.0
6244.0	773920.0	100650.0
6260.0	769260.0	100550.0
6276.0	754140.0	99083.0
6292.0	744810.0	98356.0
6308.0	747200.0	99175.0
6324.0	745480.0	99449.0
6340.0	740360.0	99266.0
6356.0	735280.0	99083.0
6372.0	729570.0	98809.0
6388.0	729270.0	99266.0
6404.0	725630.0	99266.0
6420.0	718040.0	98719.0
6436.0	712510.0	98447.0
6452.0	704420.0	97813.0
6468.0	699000.0	97544.0
6484.0	693000.0	97185.0
6500.0	686430.0	96739.0
6516.0	676170.0	95763.0
6532.0	653320.0	92982.0
6548.0	569910.0	81508.0
6564.0	469980.0	67546.0
6580.0	580720.0	83869.0
6596.0	640710.0	92982.0
6612.0	652460.0	95148.0
6628.0	653510.0	95763.0
6644.0	650970.0	95852.0
6660.0	649040.0	96029.0
6676.0	644750.0	95852.0
6692.0	642850.0	96029.0
6708.0	638610.0	95852.0
6724.0	633820.0	95587.0
6740.0	629070.0	95323.0
6756.0	623790.0	94973.0
6772.0	619710.0	94798.0
6788.0	613960.0	94363.0
6804.0	609950.0	94189.0
6820.0	604300.0	93756.0
6836.0	600920.0	93670.0
6852.0	590450.0	92470.0
6868.0	515660.0	81133.0
6884.0	509490.0	80538.0
6900.0	526160.0	83560.0
6916.0	549940.0	87741.0
6932.0	561180.0	89949.0
6948.0	561700.0	90448.0
6964.0	562220.0	90949.0
6980.0	560160.0	91033.0
6996.0	552490.0	90199.0
7012.0	549460.0	90116.0
7028.0	546460.0	90033.0
7044.0	543980.0	90033.0
7060.0	540020.0	89784.0
7076.0	536590.0	89619.0
7092.0	533680.0	89536.0
7108.0	527870.0	88961.0
7124.0	524530.0	88797.0
7140.0	521700.0	88716.0
7156.0	513670.0	87741.0
7172.0	494240.0	84801.0
7188.0	476000.0	82035.0
7204.0	480040.0	83100.0
7220.0	492210.0	85585.0
7236.0	478000.0	83483.0
7252.0	474570.0	83253.0
7268.0	472930.0	83330.0
7284.0	471280.0	83406.0
7300.0	470080.0	83560.0
7316.0	471920.0	84256.0
7332.0	475090.0	85192.0
7348.0	473020.0	85192.0
7364.0	470540.0	85114.0
7380.0	468070.0	85035.0
7396.0	466040.0	85035.0
7412.0	462750.0	84801.0
7428.0	459910.0	84645.0
7444.0	456250.0	84333.0
7460.0	453050.0	84101.0
7476.0	450280.0	83946.0
7492.0	447530.0	83791.0
7508.0	444810.0	83637.0
7524.0	441290.0	83330.0
7540.0	439420.0	83330.0
7556.0	435950.0	83023.0
7572.0	432510.0	82718.0
7588.0	372710.0	71581.0
7604.0	182280.0	35156.0
7620.0	237090.0	45920.0
7636.0	242930.0	47250.0
7652.0	308800.0	60311.0
7668.0	371070.0	72778.0
7684.0	398880.0	78560.0
7700.0	407230.0	80538.0
7716.0	408540.0	81133.0
7732.0	406480.0	81059.0
7748.0	404430.0	80984.0
7764.0	395410.0	79506.0
7780.0	388380.0	78415.0
7796.0	397630.0	80612.0
7812.0	395270.0	80464.0
7828.0	392570.0	80242.0
7844.0	389890.0	80020.0
7860.0	386880.0	79726.0
7876.0	382830.0	79214.0
7892.0	379530.0	78850.0
7908.0	378690.0	78995.0
7924.0	377170.0	78995.0
7940.0	374960.0	78850.0
7956.0	372070.0	78560.0
7972.0	371270.0	78704.0
7988.0	368760.0	78487.0
8004.0	365940.0	78199.0
8020.0	363810.0	78055.0
8036.0	361360.0	77839.0
8052.0	359930.0	77839.0
8068.0	356850.0	77482.0
8084.0	354460.0	77268.0
8100.0	351760.0	76984.0
8116.0	348130.0	76489.0
8132.0	340740.0	75162.0
8148.0	333820.0	73926.0
8164.0	326150.0	72510.0
8180.0	323980.0	72310.0
8196.0	324500.0	72711.0
8212.0	327430.0	73654.0
8228.0	313780.0	70860.0
8244.0	322510.0	73114.0
8260.0	324230.0	73790.0
8276.0	320320.0	73181.0
8292.0	317320.0	72778.0
8308.0	317850.0	73181.0
8324.0	316630.0	73181.0
8340.0	315710.0	73249.0
8356.0	318290.0	74131.0
8372.0	316200.0	73926.0
8388.0	314410.0	73790.0
8404.0	313220.0	73790.0
8420.0	310600.0	73451.0
8436.0	304890.0	72377.0
8452.0	304020.0	72444.0
8468.0	302870.0	72444.0
8484.0	309610.0	74336.0
8500.0	293210.0	70664.0
8516.0	306160.0	74063.0
8532.0	300550.0	72979.0
8548.0	279960.0	68234.0
8564.0	308650.0	75509.0
8580.0	306650.0	75301.0
8596.0	274300.0	67608.0
8612.0	293910.0	72711.0
8628.0	315210.0	78271.0
8644.0	303800.0	75718.0
8660.0	260250.0	65103.0
8676.0	271010.0	68046.0
8692.0	306040.0	77126.0
8708.0	315200.0	79726.0
8724.0	304640.0	77339.0
8740.0	266560.0	67920.0
8756.0	247180.0	63212.0
8772.0	289880.0	74404.0
8788.0	309770.0	79800.0
8804.0	311790.0	80612.0
8820.0	307810.0	79873.0
8836.0	293700.0	76489.0
8852.0	253240.0	66191.0
8868.0	231400.0	60701.0
8884.0	273660.0	72044.0
8900.0	294060.0	77696.0
8916.0	297360.0	78850.0
8932.0	296570.0	78922.0
8948.0	293880.0	78487.0
8964.0	283540.0	75998.0
8980.0	269070.0	72377.0
8996.0	240060.0	64804.0
9012.0	201550.0	54601.0
9028.0	225340.0	61263.0
9044.0	264300.0	72111.0
9060.0	267770.0	73316.0
9076.0	263170.0	72310.0
9092.0	261520.0	72111.0
9108.0	265440.0	73451.0
9124.0	266470.0	73995.0
9140.0	264080.0	73587.0
9156.0	261460.0	73114.0
9172.0	258880.0	72644.0
9188.0	256320.0	72177.0
9204.0	242810.0	68612.0
9220.0	203500.0	57703.0
9236.0	193840.0	55157.0
9252.0	228640.0	65283.0
9268.0	242800.0	69566.0
9284.0	244650.0	70340.0
9300.0	232200.0	66988.0
9316.0	207380.0	60034.0
9332.0	190750.0	55412.0
9348.0	181880.0	53015.0
9364.0	189450.0	55412.0
9380.0	194810.0	57174.0
9396.0	220460.0	64923.0
9412.0	214320.0	63329.0
9428.0	198970.0	58993.0
9444.0	193780.0	57650.0
9460.0	197810.0	59047.0
9476.0	201360.0	60311.0
9492.0	195570.0	58776.0
9508.0	196900.0	59374.0
9524.0	178970.0	54150.0
9540.0	154640.0	46946.0
9556.0	155550.0	47381.0
9572.0	186900.0	57122.0
9588.0	196140.0	60145.0
9604.0	202450.0	62287.0
9620.0	204210.0	63038.0
9636.0	207120.0	64150.0
9652.0	209120.0	64983.0
9668.0	211130.0	65826.0
9684.0	217530.0	68046.0
9700.0	219830.0	68992.0
9716.0	217890.0	68612.0
9732.0	213800.0	67546.0
9748.0	209410.0	66374.0
9764.0	211230.0	67174.0
9780.0	210930.0	67298.0
9796.0	209860.0	67174.0
9812.0	213060.0	68423.0
9828.0	211000.0	67983.0
9844.0	211870.0	68486.0
9860.0	211190.0	68486.0
9876.0	210700.0	68549.0
9892.0	209050.0	68234.0
9908.0	209530.0	68612.0
9924.0	210010.0	68992.0
9940.0	207800.0	68486.0
9956.0	207130.0	68486.0
9972.0	205330.0	68108.0
9988.0	203170.0	67608.0
10004.0	198640.0	66313.0
10020.0	192610.0	64506.0
10036.0	168460.0	56598.0
10052.0	148840.0	50165.0
10068.0	174640.0	59047.0
10084.0	188780.0	64032.0
10100.0	194710.0	66252.0
10116.0	197330.0	67360.0
10132.0	197440.0	67608.0
10148.0	196450.0	67484.0
10164.0	200770.0	69183.0
10180.0	198120.0	68486.0
10196.0	196950.0	68296.0
10212.0	194710.0	67733.0
10228.0	192500.0	67174.0
10244.0	190670.0	66742.0
10260.0	194320.0	68234.0
10276.0	191060.0	67298.0
10292.0	189070.0	66804.0
10308.0	187790.0	66558.0
10324.0	183620.0	65283.0
10340.0	182040.0	64923.0
10356.0	180150.0	64446.0
10372.0	176810.0	63445.0
10388.0	178060.0	64091.0
10404.0	174910.0	63154.0
