3300.0	839830.0	30507.0
3316.0	834050.0	30591.0
3332.0	827580.0	30648.0
3348.0	829560.0	31017.0
3364.0	823970.0	31103.0
3380.0	817690.0	31160.0
3396.0	808510.0	31103.0
3412.0	806870.0	31333.0
3428.0	794950.0	31160.0
3444.0	789760.0	31246.0
3460.0	778880.0	31103.0
3476.0	771010.0	31074.0
3492.0	766780.0	31189.0
3508.0	767540.0	31506.0
3524.0	766920.0	31769.0
3540.0	769150.0	32151.0
3556.0	762250.0	32151.0
3572.0	759620.0	32330.0
3588.0	759830.0	32629.0
3604.0	760070.0	32931.0
3620.0	754060.0	32961.0
3636.0	754350.0	33266.0
3652.0	751210.0	33420.0
3668.0	747410.0	33543.0
3684.0	739570.0	33481.0
3700.0	750960.0	34293.0
3716.0	786810.0	36241.0
3732.0	850620.0	39518.0
3748.0	928160.0	43491.0
3764.0	1030700.0	48708.0
3780.0	1187500.0	56598.0
3796.0	1174300.0	56441.0
3812.0	1443200.0	69952.0
3828.0	1283700.0	62748.0
3844.0	1423200.0	70145.0
3860.0	1765400.0	87741.0
3876.0	1475200.0	73926.0
3892.0	1248700.0	63096.0
3908.0	1751100.0	89207.0
3924.0	1881800.0	96650.0
3940.0	1787400.0	92555.0
3956.0	1441100.0	75232.0
3972.0	1174900.0	61830.0
3988.0	1626700.0	86298.0
4004.0	1812300.0	96917.0
4020.0	1826300.0	98447.0
4036.0	1820200.0	98901.0
4052.0	1795900.0	98356.0
4068.0	1707900.0	94276.0
4084.0	1431700.0	79652.0
4100.0	1048200.0	58776.0
4116.0	1395300.0	78850.0
4132.0	1637200.0	93239.0
4148.0	1684000.0	96650.0
4164.0	1663400.0	96206.0
4180.0	1641600.0	95675.0
4196.0	1621600.0	95236.0
4212.0	1600500.0	94711.0
4228.0	1576700.0	94016.0
4244.0	1554800.0	93411.0
4260.0	1541700.0	93325.0
4276.0	1513400.0	92299.0
4292.0	1476000.0	90698.0
4308.0	1392700.0	86218.0
4324.0	1158400.0	72244.0
4340.0	867440.0	54500.0
4356.0	1181000.0	74748.0
4372.0	1357200.0	86536.0
4388.0	1373700.0	88226.0
4404.0	1377600.0	89125.0
4420.0	1366400.0	89043.0
4436.0	1357800.0	89125.0
4452.0	1341900.0	88716.0
4468.0	1318800.0	87821.0
4484.0	1295100.0	86856.0
4500.0	1301400.0	87902.0
4516.0	1285000.0	87418.0
4532.0	1276000.0	87418.0
4548.0	1254200.0	86536.0
4564.0	1248900.0	86776.0
4580.0	1232200.0	86218.0
4596.0	1222500.0	86139.0
4612.0	1214100.0	86139.0
4628.0	1195700.0	85428.0
4644.0	1191900.0	85743.0
4660.0	1176100.0	85192.0
4676.0	1162700.0	84801.0
4692.0	1152700.0	84645.0
4708.0	1138500.0	84178.0
4724.0	1127700.0	83946.0
4740.0	1112900.0	83406.0
4756.0	1098300.0	82870.0
4772.0	1086000.0	82490.0
4788.0	1073800.0	82111.0
4804.0	1059800.0	81583.0
4820.0	1030700.0	79873.0
4836.0	953780.0	74404.0
4852.0	722740.0	56754.0
4868.0	680020.0	53753.0
4884.0	913840.0	72711.0
4900.0	982710.0	78704.0
4916.0	988090.0	79652.0
4932.0	985310.0	79947.0
4948.0	982560.0	80242.0
4964.0	973550.0	80020.0
4980.0	962860.0	79652.0
4996.0	949670.0	79068.0
5012.0	934970.0	78343.0
5028.0	925610.0	78055.0
5044.0	915520.0	77696.0
5060.0	908910.0	77625.0
5076.0	904850.0	77768.0
5092.0	897520.0	77625.0
5108.0	891900.0	77625.0
5124.0	884710.0	77482.0
5140.0	876790.0	77268.0
5156.0	866550.0	76842.0
5172.0	850170.0	75858.0
5188.0	848050.0	76138.0
5204.0	844400.0	76278.0
5220.0	836140.0	75998.0
5236.0	826460.0	75579.0
5252.0	820680.0	75509.0
5268.0	811950.0	75162.0
5284.0	805560.0	75024.0
5300.0	801430.0	75093.0
5316.0	789310.0	74404.0
5332.0	784580.0	74404.0
5348.0	781340.0	74542.0
5364.0	775250.0	74404.0
5380.0	768520.0	74199.0
5396.0	760460.0	73859.0
5412.0	752500.0	73519.0
5428.0	746690.0	73384.0
5444.0	741620.0	73316.0
5460.0	734570.0	73047.0
5476.0	727600.0	72778.0
5492.0	721370.0	72577.0
5508.0	714550.0	72310.0
5524.0	709110.0	72177.0
5540.0	701780.0	71845.0
5556.0	695820.0	71647.0
5572.0	689920.0	71449.0
5588.0	682820.0	71121.0
5604.0	677060.0	70925.0
5620.0	670110.0	70599.0
5636.0	662030.0	70145.0
5652.0	655260.0	69823.0
5668.0	649170.0	69566.0
5684.0	641960.0	69183.0
5700.0	635430.0	68865.0
5716.0	630140.0	68675.0
5732.0	622020.0	68171.0
5748.0	616860.0	67983.0
5764.0	614570.0	68108.0
5780.0	607250.0	67671.0
5796.0	606690.0	67983.0
5812.0	603910.0	68046.0
5828.0	600040.0	67983.0
5844.0	597310.0	68046.0
5860.0	592410.0	67858.0
5876.0	582720.0	67112.0
5892.0	572660.0	66313.0
5908.0	570610.0	66435.0
5924.0	568580.0	66558.0
5940.0	562400.0	66191.0
5956.0	555280.0	65705.0
5972.0	552820.0	65766.0
5988.0	547340.0	65464.0
6004.0	544430.0	65464.0
6020.0	539550.0	65223.0
6036.0	533240.0	64804.0
6052.0	529450.0	64685.0
6068.0	524720.0	64446.0
6084.0	517660.0	63914.0
6100.0	512110.0	63562.0
6116.0	509900.0	63621.0
6132.0	504450.0	63270.0
6148.0	498600.0	62864.0
6164.0	494650.0	62690.0
6180.0	492990.0	62806.0
6196.0	489100.0	62633.0
6212.0	484790.0	62402.0
6228.0	479210.0	62001.0
6244.0	473690.0	61603.0
6260.0	469970.0	61433.0
6276.0	456090.0	59924.0
6292.0	454610.0	60034.0
6308.0	454820.0	60367.0
6324.0	454190.0	60590.0
6340.0	449000.0	60201.0
6356.0	447560.0	60311.0
6372.0	444090.0	60145.0
6388.0	441460.0	60090.0
6404.0	440070.0	60201.0
6420.0	435460.0	59869.0
6436.0	433700.0	59924.0
6452.0	426810.0	59265.0
6468.0	421970.0	58884.0
6484.0	417190.0	58506.0
6500.0	414370.0	58398.0
6516.0	407440.0	57703.0
6532.0	392940.0	55924.0
6548.0	342450.0	48978.0
6564.0	286870.0	41229.0
6580.0	348960.0	50396.0
6596.0	386060.0	56027.0
6612.0	393510.0	57385.0
6628.0	393060.0	57597.0
6644.0	392250.0	57756.0
6660.0	390010.0	57703.0
6676.0	387070.0	57544.0
6692.0	384870.0	57491.0
6708.0	381970.0	57332.0
6724.0	380510.0	57385.0
6740.0	377310.0	57174.0
6756.0	374840.0	57069.0
6772.0	371350.0	56807.0
6788.0	368920.0	56702.0
6804.0	366180.0	56546.0
6820.0	363120.0	56338.0
6836.0	361090.0	56286.0
6852.0	351870.0	55106.0
6868.0	307870.0	48440.0
6884.0	306150.0	48395.0
6900.0	316170.0	50211.0
6916.0	330450.0	52723.0
6932.0	334430.0	53604.0
6948.0	334120.0	53802.0
6964.0	335660.0	54300.0
6980.0	334430.0	54350.0
6996.0	329550.0	53802.0
7012.0	326540.0	53555.0
7028.0	325350.0	53604.0
7044.0	324180.0	53654.0
7060.0	321820.0	53506.0
7076.0	320660.0	53555.0
7092.0	318040.0	53358.0
7108.0	315740.0	53211.0
7124.0	313160.0	53015.0
7140.0	310620.0	52820.0
7156.0	304990.0	52095.0
7172.0	288900.0	49568.0
7188.0	277210.0	47775.0
7204.0	282150.0	48843.0
7220.0	289830.0	50396.0
7236.0	280170.0	48933.0
7252.0	277140.0	48618.0
7268.0	276430.0	48708.0
7284.0	276490.0	48933.0
7300.0	276300.0	49113.0
7316.0	277120.0	49476.0
7332.0	280010.0	50211.0
7348.0	279050.0	50257.0
7364.0	276820.0	50073.0
7380.0	276630.0	50257.0
7396.0	275690.0	50304.0
7412.0	274000.0	50211.0
7428.0	272320.0	50119.0
7444.0	270650.0	50026.0
7460.0	268250.0	49797.0
7476.0	266370.0	49659.0
7492.0	265230.0	49659.0
7508.0	265080.0	49842.0
7524.0	262980.0	49659.0
7540.0	260900.0	49476.0
7556.0	259560.0	49431.0
7572.0	256330.0	49023.0
7588.0	218260.0	41918.0
7604.0	111460.0	21498.0
7620.0	140120.0	27139.0
7636.0	146110.0	28418.0
7652.0	184360.0	36008.0
7668.0	220320.0	43211.0
7684.0	236840.0	46644.0
7700.0	242240.0	47907.0
7716.0	242350.0	48128.0
7732.0	241790.0	48217.0
7748.0	240350.0	48128.0
7764.0	235860.0	47424.0
7780.0	232310.0	46903.0
7796.0	235650.0	47775.0
7812.0	234040.0	47643.0
7828.0	232870.0	47599.0
7844.0	231070.0	47424.0
7860.0	229500.0	47293.0
7876.0	226680.0	46903.0
7892.0	223900.0	46516.0
7908.0	222990.0	46516.0
7924.0	222300.0	46559.0
7940.0	221400.0	46559.0
7956.0	218890.0	46217.0
7972.0	218420.0	46302.0
7988.0	216940.0	46174.0
8004.0	215080.0	45962.0
8020.0	213440.0	45793.0
8036.0	212200.0	45709.0
8052.0	211740.0	45793.0
8068.0	209940.0	45583.0
8084.0	208530.0	45457.0
8100.0	206370.0	45165.0
8116.0	203860.0	44792.0
8132.0	198260.0	43732.0
8148.0	191570.0	42423.0
8164.0	185790.0	41305.0
8180.0	185740.0	41457.0
8196.0	187770.0	42073.0
8212.0	189990.0	42737.0
8228.0	179400.0	40513.0
8244.0	186440.0	42267.0
8260.0	188480.0	42894.0
8276.0	184490.0	42150.0
8292.0	183440.0	42073.0
8308.0	184260.0	42423.0
8324.0	183550.0	42423.0
8340.0	184710.0	42855.0
8356.0	184510.0	42973.0
8372.0	183980.0	43013.0
8388.0	183280.0	43013.0
8404.0	182410.0	42973.0
8420.0	181220.0	42855.0
8436.0	179200.0	42540.0
8452.0	177220.0	42228.0
8468.0	177200.0	42384.0
8484.0	178330.0	42815.0
8500.0	173130.0	41725.0
8516.0	176180.0	42619.0
8532.0	174390.0	42345.0
8548.0	166680.0	40626.0
8564.0	176310.0	43132.0
8580.0	174840.0	42934.0
8596.0	161520.0	39811.0
8612.0	168500.0	41687.0
8628.0	178730.0	44381.0
8644.0	173700.0	43291.0
8660.0	154520.0	38654.0
8676.0	156670.0	39337.0
8692.0	174330.0	43934.0
8708.0	178890.0	45248.0
8724.0	173540.0	44055.0
8740.0	153810.0	39192.0
8756.0	143160.0	36610.0
8772.0	163770.0	42034.0
8788.0	176130.0	45373.0
8804.0	178100.0	46047.0
8820.0	175830.0	45625.0
8836.0	166840.0	43451.0
8852.0	144920.0	37879.0
8868.0	132550.0	34770.0
8884.0	154460.0	40663.0
8900.0	167200.0	44177.0
8916.0	170480.0	45206.0
8932.0	169560.0	45123.0
8948.0	165870.0	44300.0
8964.0	157840.0	42306.0
8980.0	148550.0	39958.0
8996.0	131560.0	35514.0
9012.0	112920.0	30591.0
9028.0	124180.0	33760.0
9044.0	147940.0	40364.0
9060.0	151000.0	41343.0
9076.0	147040.0	40402.0
9092.0	146930.0	40513.0
9108.0	148590.0	41115.0
9124.0	148060.0	41115.0
9140.0	145250.0	40476.0
9156.0	143950.0	40253.0
9172.0	142790.0	40068.0
9188.0	141770.0	39921.0
9204.0	136290.0	38512.0
9220.0	115390.0	32719.0
9236.0	108310.0	30818.0
9252.0	126930.0	36241.0
9268.0	134660.0	38583.0
9284.0	132850.0	38194.0
9300.0	123900.0	35744.0
9316.0	107840.0	31218.0
9332.0	95603.0	27772.0
9348.0	90988.0	26522.0
9364.0	94864.0	27746.0
9380.0	99269.0	29134.0
9396.0	117420.0	34578.0
9412.0	115200.0	34041.0
9428.0	104420.0	30960.0
9444.0	100580.0	29923.0
9460.0	102480.0	30591.0
9476.0	104800.0	31391.0
9492.0	101880.0	30620.0
9508.0	102860.0	31017.0
9524.0	93236.0	28210.0
9540.0	82286.0	24980.0
9556.0	80588.0	24547.0
9572.0	98723.0	30172.0
9588.0	103700.0	31798.0
9604.0	109320.0	33636.0
9620.0	110680.0	34166.0
9636.0	112670.0	34898.0
9652.0	114490.0	35579.0
9668.0	117750.0	36711.0
9684.0	123000.0	38477.0
9700.0	123620.0	38797.0
9716.0	122980.0	38726.0
9732.0	119680.0	37809.0
9748.0	117430.0	37222.0
9764.0	117370.0	37325.0
9780.0	118940.0	37949.0
9796.0	118560.0	37949.0
9812.0	120700.0	38761.0
9828.0	119420.0	38477.0
9844.0	121360.0	39228.0
9860.0	121520.0	39409.0
9876.0	120580.0	39228.0
9892.0	120960.0	39482.0
9908.0	120020.0	39301.0
9924.0	119740.0	39337.0
9940.0	120130.0	39591.0
9956.0	118650.0	39228.0
9972.0	118480.0	39301.0
9988.0	116160.0	38654.0
10004.0	113360.0	37844.0
10020.0	107620.0	36041.0
10036.0	97029.0	32599.0
10052.0	84550.0	28497.0
10068.0	98296.0	33235.0
10084.0	107040.0	36308.0
10100.0	109890.0	37394.0
10116.0	111790.0	38159.0
10132.0	113090.0	38726.0
10148.0	114720.0	39409.0
10164.0	113520.0	39120.0
10180.0	111720.0	38619.0
10196.0	112610.0	39048.0
10212.0	112980.0	39301.0
10228.0	112630.0	39301.0
10244.0	109920.0	38477.0
10260.0	112440.0	39482.0
10276.0	108140.0	38089.0
10292.0	109600.0	38726.0
10308.0	108560.0	38477.0
10324.0	108220.0	38477.0
10340.0	105430.0	37601.0
10356.0	104140.0	37256.0
10372.0	98968.0	35514.0
10388.0	105330.0	37914.0
10404.0	99270.0	35843.0
10420.0	96357.0	34898.0
