3200.0	321.01	10.965
3201.0	318.75	10.894
3202.0	317.38	10.854000000000001
3203.0	315.72	10.804
3204.0	314.95	10.785
3205.0	315.33	10.804
3206.0	316.3	10.844000000000001
3207.0	317.85	10.904000000000002
3208.0	321.77	11.046
3209.0	325.15	11.169
3210.0	329.16	11.314
3211.0	333.23	11.46
3212.0	335.79	11.556
3213.0	337.75	11.630999999999998
3214.0	340.35	11.727
3215.0	342.66	11.814
3216.0	344.02	11.869000000000002
3217.0	345.71	11.934000000000001
3218.0	347.09	11.989
3219.0	347.84	12.023
3220.0	349.87	12.1
3221.0	351.92	12.179
3222.0	354.63	12.28
3223.0	356.7	12.359000000000002
3224.0	358.78	12.439
3225.0	360.88	12.52
3226.0	362.32	12.578
3227.0	363.77	12.636
3228.0	364.88	12.682
3229.0	367.02	12.764000000000001
3230.0	368.48	12.823
3231.0	369.27	12.859000000000002
3232.0	370.41	12.905999999999999
3233.0	370.18	12.905999999999999
3234.0	369.95	12.905999999999999
3235.0	370.06	12.918
3236.0	369.83	12.918
3237.0	369.6	12.918
3238.0	369.03	12.905999999999999
3239.0	368.13	12.883
3240.0	365.54	12.8
3241.0	363.63	12.741
3242.0	361.74	12.682
3243.0	359.52	12.612
3244.0	358.97	12.600999999999999
3245.0	358.09	12.578
3246.0	356.55	12.530999999999999
3247.0	355.35	12.497
3248.0	355.13	12.497
3249.0	354.26	12.474
3250.0	353.71	12.462
3251.0	352.85	12.439
3252.0	351.98	12.417
3253.0	351.12	12.394
3254.0	350.58	12.382
3255.0	349.07	12.337
3256.0	348.22	12.314
3257.0	348.0	12.314
3258.0	347.47	12.302999999999999
3259.0	345.98	12.257
3260.0	344.18	12.200999999999999
3261.0	342.39	12.145
3262.0	340.92	12.1
3263.0	339.77	12.067
3264.0	338.94	12.045
3265.0	339.35	12.067
3266.0	339.77	12.089
3267.0	339.88	12.1
3268.0	339.67	12.1
3269.0	339.46	12.1
3270.0	339.25	12.1
3271.0	339.05	12.1
3272.0	338.84	12.1
3273.0	338.32	12.089
3274.0	337.49	12.067
3275.0	336.05	12.023
3276.0	335.84	12.023
3277.0	335.33	12.012
3278.0	335.43	12.023
3279.0	335.23	12.023
3280.0	334.71	12.012
3281.0	333.89	11.989
3282.0	333.08	11.967
3283.0	331.95	11.934000000000001
3284.0	331.14	11.912
3285.0	330.33	11.89
3286.0	329.22	11.857999999999999
3287.0	328.41	11.835999999999999
3288.0	327.61	11.814
3289.0	326.51	11.780999999999999
3290.0	325.11	11.738
3291.0	324.01	11.706
3292.0	322.33	11.652000000000001
3293.0	322.14	11.652000000000001
3294.0	321.35	11.630999999999998
3295.0	321.74	11.652000000000001
3296.0	321.84	11.663
3297.0	321.35	11.652000000000001
3298.0	321.16	11.652000000000001
3299.0	320.96	11.652000000000001
3300.0	321.06	11.663
3301.0	321.46	11.684000000000001
3302.0	321.27	11.684000000000001
3303.0	321.07	11.684000000000001
3304.0	319.99	11.652000000000001
3305.0	319.21	11.630999999999998
3306.0	318.43	11.609000000000002
3307.0	317.65	11.588
3308.0	317.46	11.588
3309.0	317.27	11.588
3310.0	317.66	11.609000000000002
3311.0	317.47	11.609000000000002
3312.0	317.28	11.609000000000002
3313.0	317.09	11.609000000000002
3314.0	316.89	11.609000000000002
3315.0	316.7	11.609000000000002
3316.0	317.1	11.630999999999998
3317.0	317.49	11.652000000000001
3318.0	318.18	11.684000000000001
3319.0	318.57	11.706
3320.0	318.97	11.727
3321.0	318.77	11.727
3322.0	318.88	11.738
3323.0	319.27	11.76
3324.0	319.67	11.780999999999999
3325.0	320.07	11.802999999999999
3326.0	320.76	11.835999999999999
3327.0	320.56	11.835999999999999
3328.0	320.37	11.835999999999999
3329.0	320.77	11.857999999999999
3330.0	320.58	11.857999999999999
3331.0	320.38	11.857999999999999
3332.0	320.19	11.857999999999999
3333.0	320.0	11.857999999999999
3334.0	319.81	11.857999999999999
3335.0	319.03	11.835999999999999
3336.0	317.96	11.802999999999999
3337.0	317.18	11.780999999999999
3338.0	316.41	11.76
3339.0	315.64	11.738
3340.0	315.45	11.738
3341.0	315.26	11.738
3342.0	315.07	11.738
3343.0	314.88	11.738
3344.0	314.69	11.738
3345.0	313.64	11.706
3346.0	313.45	11.706
3347.0	313.26	11.706
3348.0	313.08	11.706
3349.0	312.31	11.684000000000001
3350.0	311.55	11.663
3351.0	310.51	11.630999999999998
3352.0	309.75	11.609000000000002
3353.0	309.0	11.588
3354.0	308.53	11.577
3355.0	307.78	11.556
3356.0	307.03	11.534
3357.0	306.28	11.513
3358.0	305.82	11.503
3359.0	305.07	11.482000000000001
3360.0	304.89	11.482000000000001
3361.0	304.15	11.46
3362.0	303.96	11.46
3363.0	303.78	11.46
3364.0	303.6	11.46
3365.0	303.98	11.482000000000001
3366.0	304.36	11.503
3367.0	304.46	11.513
3368.0	304.84	11.534
3369.0	304.66	11.534
3370.0	304.48	11.534
3371.0	304.3	11.534
3372.0	303.56	11.513
3373.0	303.1	11.503
3374.0	302.92	11.503
3375.0	302.74	11.503
3376.0	302.56	11.503
3377.0	301.83	11.482000000000001
3378.0	301.65	11.482000000000001
3379.0	301.47	11.482000000000001
3380.0	301.29	11.482000000000001
3381.0	300.56	11.46
3382.0	300.38	11.46
3383.0	300.2	11.46
3384.0	300.03	11.46
3385.0	300.4	11.482000000000001
3386.0	300.22	11.482000000000001
3387.0	299.49	11.46
3388.0	299.04	11.45
3389.0	298.32	11.429
3390.0	297.59	11.408
3391.0	296.87	11.387
3392.0	296.42	11.376
3393.0	295.7	11.355
3394.0	294.44	11.314
3395.0	293.46	11.282
3396.0	292.74	11.262
3397.0	291.76	11.231
3398.0	291.05	11.21
3399.0	290.35	11.189
3400.0	289.64	11.169
3401.0	289.21	11.158
3402.0	289.3	11.169
3403.0	289.66	11.189
3404.0	289.5	11.189
3405.0	289.86	11.21
3406.0	290.22	11.231
3407.0	290.85	11.262
3408.0	291.22	11.282
3409.0	291.59	11.302999999999999
3410.0	291.41	11.302999999999999
3411.0	290.71	11.282
3412.0	290.54	11.282
3413.0	289.03	11.231
3414.0	287.27	11.169
3415.0	286.31	11.138
3416.0	285.35	11.107000000000001
3417.0	284.66	11.087
3418.0	284.5	11.087
3419.0	284.85	11.107000000000001
3420.0	284.95	11.117
3421.0	284.78	11.117
3422.0	284.62	11.117
3423.0	284.45	11.117
3424.0	282.98	11.065999999999999
3425.0	281.51	11.015
3426.0	280.83	10.995
3427.0	280.67	10.995
3428.0	280.5	10.995
3429.0	279.82	10.975
3430.0	279.66	10.975
3431.0	280.01	10.995
3432.0	279.85	10.995
3433.0	279.69	10.995
3434.0	279.52	10.995
3435.0	279.88	11.015
3436.0	280.23	11.036
3437.0	280.84	11.065999999999999
3438.0	281.71	11.107000000000001
3439.0	281.81	11.117
3440.0	282.17	11.138
3441.0	281.48	11.117
3442.0	281.32	11.117
3443.0	280.9	11.107000000000001
3444.0	280.22	11.087
3445.0	279.54	11.065999999999999
3446.0	278.86	11.046
3447.0	277.42	10.995
3448.0	275.99	10.945
3449.0	275.32	10.924000000000001
3450.0	274.4	10.894
3451.0	273.74	10.874
3452.0	274.08	10.894
3453.0	273.92	10.894
3454.0	273.26	10.874
3455.0	272.35	10.844000000000001
3456.0	271.19	10.804
3457.0	270.29	10.775
3458.0	270.38	10.785
3459.0	270.22	10.785
3460.0	270.56	10.804
3461.0	270.9	10.824000000000002
3462.0	270.75	10.824000000000002
3463.0	270.59	10.824000000000002
3464.0	270.44	10.824000000000002
3465.0	269.78	10.804
3466.0	269.13	10.785
3467.0	268.73	10.775
3468.0	268.08	10.755
3469.0	268.67	10.785
3470.0	269.5	10.824000000000002
3471.0	269.35	10.824000000000002
3472.0	269.69	10.844000000000001
3473.0	269.53	10.844000000000001
3474.0	269.38	10.844000000000001
3475.0	268.73	10.824000000000002
3476.0	268.08	10.804
3477.0	267.43	10.785
3478.0	267.03	10.775
3479.0	266.39	10.755
3480.0	265.74	10.735
3481.0	265.59	10.735
3482.0	265.44	10.735
3483.0	265.29	10.735
3484.0	264.65	10.715
3485.0	264.49	10.715
3486.0	264.34	10.715
3487.0	264.19	10.715
3488.0	263.79	10.705
3489.0	263.16	10.686
3490.0	263.01	10.686
3491.0	262.86	10.686
3492.0	262.71	10.686
3493.0	263.04	10.705
3494.0	262.89	10.705
3495.0	262.26	10.686
3496.0	261.62	10.665999999999999
3497.0	261.47	10.665999999999999
3498.0	260.84	10.645999999999999
3499.0	260.7	10.645999999999999
3500.0	260.55	10.645999999999999
3501.0	260.16	10.637
3502.0	259.05	10.597000000000001
3503.0	258.43	10.578
3504.0	258.04	10.568
3505.0	257.42	10.549000000000001
3506.0	257.27	10.549000000000001
3507.0	257.13	10.549000000000001
3508.0	256.51	10.529000000000002
3509.0	256.13	10.52
3510.0	255.98	10.52
3511.0	256.07	10.529000000000002
3512.0	255.69	10.52
3513.0	255.07	10.5
3514.0	254.93	10.5
3515.0	254.78	10.5
3516.0	254.64	10.5
3517.0	254.49	10.5
3518.0	254.35	10.5
3519.0	254.67	10.52
3520.0	254.76	10.529000000000002
3521.0	255.09	10.549000000000001
3522.0	255.41	10.568
3523.0	255.27	10.568
3524.0	254.65	10.549000000000001
3525.0	254.51	10.549000000000001
3526.0	253.9	10.529000000000002
3527.0	253.75	10.529000000000002
3528.0	253.61	10.529000000000002
3529.0	252.3	10.481
3530.0	251.0	10.433
3531.0	249.7	10.385
3532.0	248.64	10.347000000000001
3533.0	247.82	10.318
3534.0	247.22	10.299000000000001
3535.0	246.63	10.28
3536.0	246.49	10.28
3537.0	246.35	10.28
3538.0	246.21	10.28
3539.0	246.07	10.28
3540.0	245.25	10.252
3541.0	244.66	10.232999999999999
3542.0	244.07	10.214
3543.0	243.94	10.214
3544.0	243.8	10.214
3545.0	243.66	10.214
3546.0	242.85	10.186
3547.0	242.27	10.167
3548.0	242.13	10.167
3549.0	241.55	10.148
3550.0	241.41	10.148
3551.0	241.28	10.148
3552.0	241.59	10.167
3553.0	241.45	10.167
3554.0	241.76	10.186
3555.0	242.07	10.205
3556.0	242.16	10.214
3557.0	242.02	10.214
3558.0	241.66	10.205
3559.0	241.75	10.214
3560.0	241.61	10.214
3561.0	241.92	10.232999999999999
3562.0	241.79	10.232999999999999
3563.0	241.21	10.214
3564.0	240.41	10.186
3565.0	239.83	10.167
3566.0	240.14	10.186
3567.0	240.0	10.186
3568.0	240.53	10.214
3569.0	240.4	10.214
3570.0	240.04	10.205
3571.0	239.46	10.186
3572.0	238.89	10.167
3573.0	238.32	10.148
3574.0	238.18	10.148
3575.0	238.49	10.167
3576.0	238.35	10.167
3577.0	237.78	10.148
3578.0	237.65	10.148
3579.0	237.3	10.139
3580.0	236.73	10.12
3581.0	236.16	10.102
3582.0	236.03	10.102
3583.0	235.9	10.102
3584.0	235.77	10.102
3585.0	236.07	10.12
3586.0	235.94	10.12
3587.0	236.46	10.148
3588.0	237.2	10.186
3589.0	237.5	10.205
3590.0	237.37	10.205
3591.0	236.8	10.186
3592.0	235.8	10.148
3593.0	235.45	10.139
3594.0	234.89	10.12
3595.0	234.76	10.12
3596.0	234.63	10.12
3597.0	234.5	10.12
3598.0	234.37	10.12
3599.0	233.81	10.102
3600.0	233.25	10.083
3601.0	232.47	10.055
3602.0	232.34	10.055
3603.0	231.79	10.037
3604.0	231.66	10.037
3605.0	231.53	10.037
3606.0	231.4	10.037
3607.0	231.7	10.055
3608.0	231.57	10.055
3609.0	231.44	10.055
3610.0	231.32	10.055
3611.0	230.76	10.037
3612.0	230.63	10.037
3613.0	230.08	10.017999999999999
3614.0	229.74	10.009
3615.0	229.62	10.009
3616.0	229.07	9.9908
3617.0	228.94	9.9908
3618.0	228.39	9.9724
3619.0	228.27	9.9724
3620.0	227.72	9.954
3621.0	227.39	9.9449
3622.0	226.42	9.9083
3623.0	225.67	9.8809
3624.0	225.14	9.8628
3625.0	224.6	9.8447
3626.0	224.47	9.8447
3627.0	224.35	9.8447
3628.0	224.23	9.8447
3629.0	223.48	9.8174
3630.0	223.36	9.8174
3631.0	223.65	9.8356
3632.0	223.53	9.8356
3633.0	223.61	9.8447
3634.0	223.49	9.8447
3635.0	222.75	9.8174
3636.0	222.62	9.8174
3637.0	222.09	9.7994
3638.0	221.97	9.7994
3639.0	222.26	9.8174
3640.0	222.75	9.8447
3641.0	222.42	9.8356
3642.0	221.89	9.8174
3643.0	221.36	9.7994
3644.0	221.24	9.7994
3645.0	220.71	9.7813
3646.0	220.59	9.7813
3647.0	220.47	9.7813
3648.0	220.35	9.7813
3649.0	220.03	9.7724
3650.0	219.5	9.7544
3651.0	218.98	9.7364
3652.0	217.85	9.6917
3653.0	217.33	9.6739
3654.0	216.21	9.6294
3655.0	215.5	9.6029
3656.0	214.98	9.5852
3657.0	214.47	9.5675
3658.0	214.75	9.5852
3659.0	214.63	9.5852
3660.0	214.52	9.5852
3661.0	214.0	9.5675
3662.0	213.89	9.5675
3663.0	213.77	9.5675
3664.0	213.65	9.5675
3665.0	212.95	9.5411
3666.0	212.44	9.5236
3667.0	211.93	9.506
3668.0	211.43	9.4885
3669.0	211.7	9.506
3670.0	211.59	9.506
3671.0	211.86	9.5236
3672.0	211.75	9.5236
3673.0	211.63	9.5236
3674.0	211.52	9.5236
3675.0	211.79	9.5411
3676.0	212.26	9.5675
3677.0	212.14	9.5675
3678.0	212.42	9.5852
3679.0	212.31	9.5852
3680.0	212.58	9.6029
3681.0	212.47	9.6029
3682.0	212.35	9.6029
3683.0	212.24	9.6029
3684.0	212.12	9.6029
3685.0	212.01	9.6029
3686.0	211.5	9.5852
3687.0	211.0	9.5675
3688.0	209.91	9.5236
3689.0	209.03	9.4885
3690.0	208.34	9.4624
3691.0	207.84	9.4449
3692.0	207.16	9.4189
3693.0	206.28	9.3842
3694.0	205.6	9.3584
3695.0	205.49	9.3584
3696.0	205.0	9.3411
3697.0	204.89	9.3411
3698.0	205.16	9.3584
3699.0	205.05	9.3584
3700.0	205.31	9.3756
3701.0	205.77	9.4016
3702.0	206.04	9.4189
3703.0	206.5	9.4449
3704.0	205.82	9.4189
3705.0	205.33	9.4016
3706.0	204.84	9.3842
3707.0	204.16	9.3584
3708.0	204.05	9.3584
3709.0	204.32	9.3756
3710.0	204.21	9.3756
3711.0	203.72	9.3584
3712.0	203.99	9.3756
3713.0	204.07	9.3842
3714.0	203.96	9.3842
3715.0	203.85	9.3842
3716.0	204.11	9.4016
3717.0	204.0	9.4016
3718.0	203.89	9.4016
3719.0	203.41	9.3842
3720.0	203.3	9.3842
3721.0	203.19	9.3842
3722.0	203.08	9.3842
3723.0	202.97	9.3842
3724.0	203.24	9.4016
3725.0	202.75	9.3842
3726.0	202.46	9.3756
3727.0	202.35	9.3756
3728.0	202.24	9.3756
3729.0	202.69	9.4016
3730.0	202.96	9.4189
3731.0	203.78	9.4624
3732.0	204.05	9.4798
3733.0	204.51	9.506
3734.0	204.4	9.506
3735.0	203.72	9.4798
3736.0	202.86	9.4449
3737.0	201.82	9.4016
3738.0	201.16	9.3756
3739.0	200.31	9.3411
3740.0	200.58	9.3584
3741.0	201.02	9.3842
3742.0	200.91	9.3842
3743.0	201.18	9.4016
3744.0	201.07	9.4016
3745.0	200.59	9.3842
3746.0	200.49	9.3842
3747.0	200.38	9.3842
3748.0	200.27	9.3842
3749.0	200.17	9.3842
3750.0	199.51	9.3584
3751.0	199.4	9.3584
3752.0	199.3	9.3584
3753.0	198.82	9.3411
3754.0	198.35	9.3239
3755.0	197.7	9.2982
3756.0	196.86	9.264
3757.0	196.58	9.2555
3758.0	196.11	9.2385
3759.0	196.01	9.2385
3760.0	195.91	9.2385
3761.0	195.8	9.2385
3762.0	195.7	9.2385
3763.0	195.59	9.2385
3764.0	195.49	9.2385
3765.0	195.39	9.2385
3766.0	195.28	9.2385
3767.0	195.54	9.2555
3768.0	195.43	9.2555
3769.0	195.33	9.2555
3770.0	195.23	9.2555
3771.0	195.3	9.264
3772.0	195.56	9.2811
3773.0	195.46	9.2811
3774.0	195.35	9.2811
3775.0	195.25	9.2811
3776.0	195.14	9.2811
3777.0	194.15	9.2385
3778.0	193.33	9.2045
3779.0	191.98	9.1453
3780.0	190.83	9.0949
3781.0	189.67	9.0448
3782.0	188.18	8.9784
3783.0	187.74	8.9619
3784.0	187.29	8.9454
3785.0	187.19	8.9454
3786.0	187.09	8.9454
3787.0	186.99	8.9454
3788.0	186.38	8.9207
3789.0	185.94	8.9043
3790.0	184.99	8.8634
3791.0	184.21	8.8308
3792.0	183.27	8.7902
3793.0	181.99	8.7337
3794.0	181.9	8.7337
3795.0	181.8	8.7337
3796.0	182.04	8.7498
3797.0	182.45	8.7741
3798.0	183.02	8.8064
3799.0	183.43	8.8308
3800.0	184.02	8.8634
3801.0	188.72	9.0949
3802.0	189.15	9.1201
3803.0	188.7	9.1033
3804.0	188.43	9.0949
3805.0	188.33	9.0949
3806.0	187.88	9.0782
3807.0	187.44	9.0615
3808.0	186.99	9.0448
3809.0	186.72	9.0365
3810.0	186.28	9.0199
3811.0	186.18	9.0199
3812.0	186.6	9.0448
3813.0	186.5	9.0448
3814.0	185.89	9.0199
3815.0	185.11	8.9867
3816.0	184.84	8.9784
3817.0	184.41	8.9619
3818.0	184.31	8.9619
3819.0	184.21	8.9619
3820.0	184.12	8.9619
3821.0	184.02	8.9619
3822.0	183.92	8.9619
3823.0	183.49	8.9454
3824.0	183.39	8.9454
3825.0	183.3	8.9454
3826.0	182.7	8.9207
3827.0	182.27	8.9043
3828.0	182.17	8.9043
3829.0	182.07	8.9043
3830.0	181.98	8.9043
3831.0	182.39	8.9289
3832.0	182.97	8.9619
3833.0	183.38	8.9867
3834.0	183.96	9.0199
3835.0	184.37	9.0448
3836.0	184.61	9.0615
3837.0	185.2	9.0949
3838.0	185.27	9.1033
3839.0	185.86	9.1369
3840.0	185.76	9.1369
3841.0	186.18	9.1622
3842.0	186.08	9.1622
3843.0	185.99	9.1622
3844.0	185.89	9.1622
3845.0	185.45	9.1453
3846.0	185.7	9.1622
3847.0	185.6	9.1622
3848.0	185.84	9.1791
3849.0	186.09	9.196
3850.0	185.99	9.196
3851.0	186.07	9.2045
3852.0	185.97	9.2045
3853.0	185.7	9.196
3854.0	185.61	9.196
3855.0	185.17	9.1791
3856.0	184.73	9.1622
3857.0	184.98	9.1791
3858.0	185.22	9.196
3859.0	184.79	9.1791
3860.0	184.35	9.1622
3861.0	183.75	9.1369
3862.0	183.31	9.1201
3863.0	183.22	9.1201
3864.0	182.79	9.1033
3865.0	183.03	9.1201
3866.0	182.94	9.1201
3867.0	182.84	9.1201
3868.0	183.08	9.1369
3869.0	182.99	9.1369
3870.0	182.89	9.1369
3871.0	182.8	9.1369
3872.0	182.87	9.1453
3873.0	183.12	9.1622
3874.0	183.02	9.1622
3875.0	183.26	9.1791
3876.0	183.17	9.1791
3877.0	182.74	9.1622
3878.0	182.64	9.1622
3879.0	182.05	9.1369
3880.0	181.28	9.1033
3881.0	180.69	9.0782
3882.0	179.93	9.0448
3883.0	179.01	9.0033
3884.0	177.77	8.9454
3885.0	176.86	8.9043
3886.0	175.64	8.8471
3887.0	175.22	8.8308
3888.0	174.65	8.8064
3889.0	175.04	8.8308
3890.0	175.6	8.8634
3891.0	176.32	8.9043
3892.0	177.37	8.9619
3893.0	178.1	9.0033
3894.0	178.83	9.0448
3895.0	179.39	9.0782
3896.0	179.8	9.1033
3897.0	180.37	9.1369
3898.0	180.28	9.1369
3899.0	180.68	9.1622
3900.0	180.59	9.1622
3901.0	180.5	9.1622
3902.0	180.4	9.1622
3903.0	180.31	9.1622
3904.0	180.22	9.1622
3905.0	180.13	9.1622
3906.0	179.7	9.1453
3907.0	179.45	9.1369
3908.0	179.02	9.1201
3909.0	178.93	9.1201
3910.0	178.84	9.1201
3911.0	178.75	9.1201
3912.0	178.66	9.1201
3913.0	178.57	9.1201
3914.0	178.48	9.1201
3915.0	178.06	9.1033
3916.0	177.97	9.1033
3917.0	177.71	9.0949
3918.0	177.29	9.0782
3919.0	176.88	9.0615
3920.0	176.46	9.0448
3921.0	176.21	9.0365
3922.0	175.79	9.0199
3923.0	175.38	9.0033
3924.0	174.81	8.9784
3925.0	174.4	8.9619
3926.0	173.99	8.9454
3927.0	173.58	8.9289
3928.0	173.01	8.9043
3929.0	172.61	8.8879
3930.0	172.2	8.8716
3931.0	172.11	8.8716
3932.0	172.03	8.8716
3933.0	172.26	8.8879
3934.0	172.49	8.9043
3935.0	172.4	8.9043
3936.0	172.63	8.9207
3937.0	172.54	8.9207
3938.0	172.45	8.9207
3939.0	172.05	8.9043
3940.0	171.96	8.9043
3941.0	171.56	8.8879
3942.0	171.15	8.8716
3943.0	171.07	8.8716
3944.0	170.98	8.8716
3945.0	171.21	8.8879
3946.0	171.12	8.8879
3947.0	171.04	8.8879
3948.0	170.63	8.8716
3949.0	170.39	8.8634
3950.0	169.99	8.8471
3951.0	169.91	8.8471
3952.0	169.51	8.8308
3953.0	169.42	8.8308
3954.0	168.87	8.8064
3955.0	168.47	8.7902
3956.0	168.08	8.7741
3957.0	167.99	8.7741
3958.0	167.91	8.7741
3959.0	167.67	8.7659
3960.0	167.27	8.7498
3961.0	166.88	8.7337
3962.0	166.49	8.7176
3963.0	166.25	8.7096
3964.0	165.56	8.6776
3965.0	165.48	8.6776
3966.0	165.39	8.6776
3967.0	165.31	8.6776
3968.0	164.92	8.6617
3969.0	164.38	8.6377
3970.0	163.55	8.598
3971.0	163.16	8.5822
3972.0	162.63	8.5585
3973.0	162.25	8.5428
3974.0	162.17	8.5428
3975.0	162.09	8.5428
3976.0	162.45	8.5664
3977.0	162.37	8.5664
3978.0	162.59	8.5822
3979.0	162.81	8.598
3980.0	162.72	8.598
3981.0	162.64	8.598
3982.0	162.86	8.6139
3983.0	162.78	8.6139
3984.0	162.7	8.6139
3985.0	162.62	8.6139
3986.0	162.53	8.6139
3987.0	162.15	8.598
3988.0	162.07	8.598
3989.0	161.69	8.5822
3990.0	161.32	8.5664
3991.0	161.53	8.5822
3992.0	161.75	8.598
3993.0	162.11	8.6218
3994.0	162.33	8.6377
3995.0	162.55	8.6536
3996.0	162.62	8.6617
3997.0	162.54	8.6617
3998.0	162.01	8.6377
3999.0	161.63	8.6218
4000.0	161.1	8.598
4001.0	160.43	8.5664
4002.0	160.2	8.5585
4003.0	159.83	8.5428
4004.0	159.45	8.5271
4005.0	158.93	8.5035
4006.0	158.27	8.4723
4007.0	157.46	8.4333
4008.0	156.37	8.3791
4009.0	155.58	8.3406
4010.0	154.93	8.31
4011.0	154.42	8.287
4012.0	154.06	8.2718
4013.0	153.99	8.2718
4014.0	153.63	8.2566
4015.0	152.84	8.2186
4016.0	152.35	8.1959
4017.0	151.43	8.1508
4018.0	150.94	8.1283
4019.0	150.45	8.1059
4020.0	149.82	8.076
4021.0	149.47	8.0612
4022.0	148.98	8.0389
4023.0	148.36	8.0094
4024.0	148.15	8.002
4025.0	147.8	7.9873
4026.0	148.14	8.0094
4027.0	148.61	8.0389
4028.0	148.95	8.0612
4029.0	149.43	8.0909
4030.0	150.04	8.1283
4031.0	150.38	8.1508
4032.0	150.86	8.1808
4033.0	151.2	8.2035
4034.0	151.41	8.2186
4035.0	151.61	8.2338
4036.0	151.54	8.2338
4037.0	151.74	8.249
4038.0	151.67	8.249
4039.0	151.59	8.249
4040.0	151.52	8.249
4041.0	151.86	8.2718
4042.0	152.06	8.287
4043.0	151.99	8.287
4044.0	152.33	8.31
4045.0	152.26	8.31
4046.0	152.18	8.31
4047.0	152.39	8.3253
4048.0	152.88	8.356
4049.0	152.94	8.3637
4050.0	152.87	8.3637
4051.0	153.07	8.3791
4052.0	153.0	8.3791
4053.0	152.64	8.3637
4054.0	152.56	8.3637
4055.0	152.49	8.3637
4056.0	152.41	8.3637
4057.0	152.62	8.3791
4058.0	152.83	8.3946
4059.0	152.89	8.4023
4060.0	153.1	8.4178
4061.0	152.74	8.4023
4062.0	152.67	8.4023
4063.0	152.45	8.3946
4064.0	152.37	8.3946
4065.0	152.3	8.3946
4066.0	152.22	8.3946
4067.0	152.15	8.3946
4068.0	152.5	8.4178
4069.0	152.42	8.4178
4070.0	152.35	8.4178
4071.0	152.27	8.4178
4072.0	152.2	8.4178
4073.0	152.12	8.4178
4074.0	152.05	8.4178
4075.0	151.97	8.4178
4076.0	151.48	8.3946
4077.0	151.4	8.3946
4078.0	151.33	8.3946
4079.0	151.26	8.3946
4080.0	151.18	8.3946
4081.0	151.11	8.3946
4082.0	150.76	8.3791
4083.0	150.4	8.3637
4084.0	150.19	8.356
4085.0	149.84	8.3406
4086.0	149.49	8.3253
4087.0	149.01	8.3023
4088.0	148.66	8.287
4089.0	148.59	8.287
4090.0	148.52	8.287
4091.0	148.17	8.2718
4092.0	148.1	8.2718
4093.0	147.75	8.2566
4094.0	147.27	8.2338
4095.0	146.93	8.2186
4096.0	146.18	8.1808
4097.0	145.84	8.1658
4098.0	145.5	8.1508
4099.0	145.43	8.1508
4100.0	145.63	8.1658
4101.0	145.83	8.1808
4102.0	145.49	8.1658
4103.0	145.42	8.1658
4104.0	145.08	8.1508
4105.0	144.88	8.1433
4106.0	144.8	8.1433
4107.0	144.73	8.1433
4108.0	144.8	8.1508
4109.0	144.99	8.1658
4110.0	145.19	8.1808
4111.0	145.79	8.2186
4112.0	145.99	8.2338
4113.0	146.18	8.249
4114.0	146.11	8.249
4115.0	145.77	8.2338
4116.0	145.44	8.2186
4117.0	145.1	8.2035
4118.0	144.63	8.1808
4119.0	144.56	8.1808
4120.0	144.22	8.1658
4121.0	144.15	8.1658
4122.0	144.35	8.1808
4123.0	144.28	8.1808
4124.0	143.94	8.1658
4125.0	143.47	8.1433
4126.0	143.14	8.1283
4127.0	142.81	8.1133
4128.0	142.61	8.1059
4129.0	142.54	8.1059
4130.0	142.6	8.1133
4131.0	142.79	8.1283
4132.0	142.72	8.1283
4133.0	142.39	8.1133
4134.0	142.19	8.1059
4135.0	141.86	8.0909
4136.0	141.53	8.076
4137.0	141.2	8.0612
4138.0	141.01	8.0538
4139.0	140.68	8.0389
4140.0	140.35	8.0242
4141.0	140.28	8.0242
4142.0	140.22	8.0242
4143.0	139.89	8.0094
4144.0	139.82	8.0094
4145.0	139.63	8.002
4146.0	139.3	7.9873
4147.0	139.24	7.9873
4148.0	139.17	7.9873
4149.0	138.85	7.9726
4150.0	138.78	7.9726
4151.0	138.46	7.9579
4152.0	138.26	7.9506
4153.0	138.2	7.9506
4154.0	138.13	7.9506
4155.0	138.06	7.9506
4156.0	138.12	7.9579
4157.0	138.31	7.9726
4158.0	138.25	7.9726
4159.0	138.18	7.9726
4160.0	138.11	7.9726
4161.0	138.05	7.9726
4162.0	137.6	7.9506
4163.0	137.28	7.936
4164.0	136.96	7.9214
4165.0	136.64	7.9068
4166.0	136.45	7.8995
4167.0	136.39	7.8995
4168.0	136.32	7.8995
4169.0	136.38	7.9068
4170.0	136.32	7.9068
4171.0	136.25	7.9068
4172.0	136.44	7.9214
4173.0	136.37	7.9214
4174.0	136.31	7.9214
4175.0	135.99	7.9068
4176.0	135.55	7.885
4177.0	135.24	7.8704
4178.0	135.17	7.8704
4179.0	135.11	7.8704
4180.0	135.04	7.8704
4181.0	134.98	7.8704
4182.0	134.79	7.8632
4183.0	134.48	7.8487
4184.0	134.41	7.8487
4185.0	134.35	7.8487
4186.0	134.28	7.8487
4187.0	134.22	7.8487
4188.0	133.91	7.8343
4189.0	133.84	7.8343
4190.0	133.53	7.8199
4191.0	133.1	7.7983
4192.0	133.04	7.7983
4193.0	132.73	7.7839
4194.0	132.3	7.7625
4195.0	132.36	7.7696
4196.0	132.54	7.7839
4197.0	132.48	7.7839
4198.0	132.41	7.7839
4199.0	132.35	7.7839
4200.0	132.29	7.7839
4201.0	132.23	7.7839
4202.0	131.92	7.7696
4203.0	131.74	7.7625
4204.0	131.43	7.7482
4205.0	131.13	7.7339
4206.0	131.06	7.7339
4207.0	131.0	7.7339
4208.0	130.94	7.7339
4209.0	131.12	7.7482
4210.0	131.06	7.7482
4211.0	130.75	7.7339
4212.0	130.93	7.7482
4213.0	130.87	7.7482
4214.0	130.81	7.7482
4215.0	130.75	7.7482
4216.0	130.92	7.7625
4217.0	130.86	7.7625
4218.0	130.8	7.7625
4219.0	130.74	7.7625
4220.0	130.68	7.7625
4221.0	130.98	7.7839
4222.0	131.15	7.7983
4223.0	131.33	7.8127
4224.0	131.64	7.8343
4225.0	131.57	7.8343
4226.0	131.75	7.8487
4227.0	131.45	7.8343
4228.0	131.39	7.8343
4229.0	131.08	7.8199
4230.0	131.02	7.8199
4231.0	130.96	7.8199
4232.0	130.78	7.8127
4233.0	130.47	7.7983
4234.0	130.41	7.7983
4235.0	130.11	7.7839
4236.0	130.05	7.7839
4237.0	129.99	7.7839
4238.0	129.93	7.7839
4239.0	129.63	7.7696
4240.0	129.45	7.7625
4241.0	129.15	7.7482
4242.0	128.85	7.7339
4243.0	128.55	7.7197
4244.0	128.37	7.7126
4245.0	128.31	7.7126
4246.0	128.37	7.7197
4247.0	128.55	7.7339
4248.0	128.48	7.7339
4249.0	128.66	7.7482
4250.0	128.6	7.7482
4251.0	128.54	7.7482
4252.0	128.48	7.7482
4253.0	128.18	7.7339
4254.0	128.12	7.7339
4255.0	127.83	7.7197
4256.0	127.65	7.7126
4257.0	127.59	7.7126
4258.0	127.29	7.6984
4259.0	127.0	7.6842
4260.0	126.94	7.6842
4261.0	126.53	7.663
4262.0	126.47	7.663
4263.0	126.41	7.663
4264.0	126.35	7.663
4265.0	126.29	7.663
4266.0	126.23	7.663
4267.0	126.41	7.6772
4268.0	126.35	7.6772
4269.0	126.29	7.6772
4270.0	126.23	7.6772
4271.0	125.94	7.663
4272.0	125.88	7.663
4273.0	125.59	7.6489
4274.0	125.3	7.6348
4275.0	125.13	7.6278
4276.0	124.84	7.6138
4277.0	124.78	7.6138
4278.0	124.49	7.5998
4279.0	124.43	7.5998
4280.0	124.15	7.5858
4281.0	124.09	7.5858
4282.0	123.92	7.5788
4283.0	123.63	7.5648
4284.0	123.91	7.5858
4285.0	123.86	7.5858
4286.0	124.03	7.5998
4287.0	123.97	7.5998
4288.0	123.91	7.5998
4289.0	123.85	7.5998
4290.0	123.57	7.5858
4291.0	123.51	7.5858
4292.0	123.11	7.5648
4293.0	122.6	7.537
4294.0	122.21	7.5162
4295.0	121.93	7.5024
4296.0	121.53	7.4817
4297.0	121.25	7.4679
4298.0	120.97	7.4542
4299.0	120.92	7.4542
4300.0	120.53	7.4336
4301.0	120.47	7.4336
4302.0	120.42	7.4336
4303.0	120.36	7.4336
4304.0	120.52	7.4473
4305.0	120.47	7.4473
4306.0	120.41	7.4473
4307.0	120.36	7.4473
4308.0	120.08	7.4336
4309.0	120.02	7.4336
4310.0	119.75	7.4199
4311.0	119.69	7.4199
4312.0	119.42	7.4063
4313.0	119.36	7.4063
4314.0	119.31	7.4063
4315.0	119.25	7.4063
4316.0	119.41	7.4199
4317.0	119.36	7.4199
4318.0	119.3	7.4199
4319.0	119.25	7.4199
4320.0	119.19	7.4199
4321.0	118.92	7.4063
4322.0	118.54	7.3858
4323.0	118.48	7.3858
4324.0	118.21	7.3722
4325.0	118.15	7.3722
4326.0	118.1	7.3722
4327.0	117.83	7.3587
4328.0	117.66	7.3519
4329.0	117.39	7.3384
4330.0	117.12	7.3249
4331.0	116.85	7.3114
4332.0	116.69	7.3047
4333.0	116.42	7.2912
4334.0	116.16	7.2778
4335.0	115.78	7.2577
4336.0	115.3	7.231
4337.0	114.93	7.2111
4338.0	114.88	7.2111
4339.0	114.83	7.2111
4340.0	114.56	7.1978
4341.0	114.51	7.1978
4342.0	114.67	7.2111
4343.0	114.83	7.2244
4344.0	114.88	7.231
4345.0	115.25	7.2577
4346.0	115.3	7.2644
4347.0	115.46	7.2778
4348.0	115.41	7.2778
4349.0	115.36	7.2778
4350.0	115.52	7.2912
4351.0	115.46	7.2912
4352.0	115.41	7.2912
4353.0	115.57	7.3047
4354.0	115.52	7.3047
4355.0	115.57	7.3114
4356.0	115.52	7.3114
4357.0	115.68	7.3249
4358.0	115.62	7.3249
4359.0	115.57	7.3249
4360.0	115.52	7.3249
4361.0	115.68	7.3384
4362.0	115.62	7.3384
4363.0	115.78	7.3519
4364.0	115.73	7.3519
4365.0	115.68	7.3519
4366.0	115.41	7.3384
4367.0	115.15	7.3249
4368.0	115.09	7.3249
4369.0	114.72	7.3047
4370.0	114.67	7.3047
4371.0	114.41	7.2912
4372.0	114.36	7.2912
4373.0	114.3	7.2912
4374.0	114.25	7.2912
4375.0	114.2	7.2912
4376.0	114.36	7.3047
4377.0	114.31	7.3047
4378.0	114.04	7.2912
4379.0	113.99	7.2912
4380.0	113.73	7.2778
4381.0	113.68	7.2778
4382.0	113.31	7.2577
4383.0	113.05	7.2444
4384.0	113.0	7.2444
4385.0	112.74	7.231
4386.0	112.59	7.2244
4387.0	112.33	7.2111
4388.0	112.07	7.1978
4389.0	112.02	7.1978
4390.0	111.97	7.1978
4391.0	111.92	7.1978
4392.0	111.87	7.1978
4393.0	111.81	7.1978
4394.0	111.76	7.1978
4395.0	111.92	7.2111
4396.0	111.87	7.2111
4397.0	111.82	7.2111
4398.0	111.77	7.2111
4399.0	111.72	7.2111
4400.0	111.87	7.2244
4401.0	111.92	7.231
4402.0	111.87	7.231
4403.0	111.82	7.231
4404.0	111.77	7.231
4405.0	111.41	7.2111
4406.0	111.36	7.2111
4407.0	111.31	7.2111
4408.0	111.26	7.2111
4409.0	111.21	7.2111
4410.0	111.16	7.2111
4411.0	110.9	7.1978
4412.0	110.85	7.1978
4413.0	110.8	7.1978
4414.0	110.75	7.1978
4415.0	110.7	7.1978
4416.0	110.65	7.1978
4417.0	110.6	7.1978
4418.0	110.35	7.1845
4419.0	110.3	7.1845
4420.0	110.15	7.1779
4421.0	109.9	7.1647
4422.0	109.85	7.1647
4423.0	109.59	7.1516
4424.0	109.54	7.1516
4425.0	109.5	7.1516
4426.0	109.24	7.1384
4427.0	109.19	7.1384
4428.0	109.04	7.1318
4429.0	109.0	7.1318
4430.0	108.75	7.1187
4431.0	108.5	7.1056
4432.0	108.25	7.0925
4433.0	108.2	7.0925
4434.0	108.05	7.086
4435.0	108.0	7.086
4436.0	107.75	7.0729
4437.0	107.71	7.0729
4438.0	107.46	7.0599
4439.0	107.21	7.0469
4440.0	107.17	7.0469
4441.0	107.02	7.0404
4442.0	106.97	7.0404
4443.0	106.92	7.0404
4444.0	106.68	7.0275
4445.0	106.43	7.0145
4446.0	106.09	6.9952
4447.0	105.85	6.9823
4448.0	105.61	6.9695
4449.0	105.27	6.9502
4450.0	105.03	6.9374
4451.0	104.69	6.9183
4452.0	104.26	6.8929
4453.0	103.92	6.8738
4454.0	103.5	6.8486
4455.0	102.97	6.8171
4456.0	102.45	6.7858
4457.0	101.75	6.7421
4458.0	101.05	6.6988
4459.0	100.54	6.6681
4460.0	99.851	6.6252
4461.0	99.164	6.5826
4462.0	98.48299999999999	6.5403
4463.0	97.98700000000001	6.5103
4464.0	97.314	6.4685
4465.0	96.823	6.4387
4466.0	96.24600000000001	6.4032
4467.0	95.585	6.3621
4468.0	94.928	6.3212
4469.0	94.275	6.2806
4470.0	93.97399999999999	6.2633
4471.0	93.5	6.2345
4472.0	93.458	6.2345
4473.0	93.675	6.2517
4474.0	93.806	6.2633
4475.0	94.196	6.2922
4476.0	94.50200000000001	6.3154
4477.0	95.071	6.3562
4478.0	95.64299999999999	6.3973
4479.0	96.21799999999999	6.4387
4480.0	96.62	6.4685
4481.0	97.291	6.5163
4482.0	98.056	6.5705
4483.0	98.646	6.613
4484.0	99.05799999999999	6.6435
4485.0	99.196	6.6558
4486.0	99.335	6.6681
4487.0	99.565	6.6865
4488.0	99.88799999999999	6.7112
4489.0	99.936	6.7174
4490.0	100.26	6.7421
4491.0	100.49	6.7608
4492.0	100.45	6.7608
4493.0	100.59	6.7733
4494.0	100.54	6.7733
4495.0	100.68	6.7858
4496.0	100.64	6.7858
4497.0	100.78	6.7983
4498.0	100.83	6.8046
4499.0	100.69	6.7983
4500.0	100.65	6.7983
4501.0	100.42	6.7858
4502.0	100.37	6.7858
4503.0	100.14	6.7733
4504.0	100.1	6.7733
4505.0	99.869	6.7608
4506.0	99.73299999999999	6.7546
4507.0	99.505	6.7421
4508.0	99.27799999999999	6.7298
4509.0	99.234	6.7298
4510.0	99.19	6.7298
4511.0	98.963	6.7174
4512.0	98.82799999999999	6.7112
4513.0	98.602	6.6988
4514.0	98.37799999999999	6.6865
4515.0	98.06299999999999	6.6681
4516.0	98.02	6.6681
4517.0	97.796	6.6558
4518.0	97.573	6.6435
4519.0	97.44	6.6374
4520.0	97.21700000000001	6.6252
4521.0	96.995	6.613
4522.0	96.95200000000001	6.613
4523.0	96.90899999999999	6.613
4524.0	96.689	6.6008
4525.0	96.646	6.6008
4526.0	96.603	6.6008
4527.0	96.738	6.613
4528.0	96.695	6.613
4529.0	96.475	6.6008
4530.0	96.432	6.6008
4531.0	96.124	6.5826
4532.0	95.728	6.5584
4533.0	95.42200000000001	6.5403
4534.0	95.204	6.5283
4535.0	94.9	6.5103
4536.0	94.684	6.4983
4537.0	94.46700000000001	6.4863
4538.0	94.166	6.4685
4539.0	93.95100000000001	6.4565
4540.0	93.65	6.4387
4541.0	93.43700000000001	6.4269
4542.0	93.22399999999999	6.415
4543.0	93.01100000000001	6.4032
4544.0	93.14200000000001	6.415
4545.0	93.273	6.4269
4546.0	93.48899999999999	6.4446
4547.0	93.79299999999999	6.4685
4548.0	94.01100000000001	6.4863
4549.0	94.31700000000001	6.5103
4550.0	94.536	6.5283
4551.0	94.669	6.5403
4552.0	94.802	6.5524
4553.0	94.76	6.5524
4554.0	94.719	6.5524
4555.0	94.677	6.5524
4556.0	94.63600000000001	6.5524
4557.0	94.594	6.5524
4558.0	94.37799999999999	6.5403
4559.0	94.51100000000001	6.5524
4560.0	94.469	6.5524
4561.0	94.428	6.5524
4562.0	94.387	6.5524
4563.0	94.345	6.5524
4564.0	94.304	6.5524
4565.0	94.089	6.5403
4566.0	94.04799999999999	6.5403
4567.0	94.007	6.5403
4568.0	94.139	6.5524
4569.0	94.098	6.5524
4570.0	94.14299999999999	6.5584
4571.0	94.275	6.5705
4572.0	94.234	6.5705
4573.0	94.367	6.5826
4574.0	94.325	6.5826
4575.0	94.28399999999999	6.5826
4576.0	94.243	6.5826
4577.0	94.20200000000001	6.5826
4578.0	94.334	6.5948
4579.0	94.38	6.6008
4580.0	94.338	6.6008
4581.0	94.471	6.613
4582.0	94.43	6.613
4583.0	94.389	6.613
4584.0	94.348	6.613
4585.0	94.133	6.6008
4586.0	94.09200000000001	6.6008
4587.0	94.051	6.6008
4588.0	94.01	6.6008
4589.0	93.969	6.6008
4590.0	93.928	6.6008
4591.0	93.62799999999999	6.5826
4592.0	93.415	6.5705
4593.0	93.117	6.5524
4594.0	92.905	6.5403
4595.0	92.693	6.5283
4596.0	92.824	6.5403
4597.0	92.78399999999999	6.5403
4598.0	92.914	6.5524
4599.0	92.874	6.5524
4600.0	92.834	6.5524
4601.0	92.79299999999999	6.5524
4602.0	92.58200000000001	6.5403
4603.0	92.542	6.5403
4604.0	92.50200000000001	6.5403
4605.0	92.291	6.5283
4606.0	92.251	6.5283
4607.0	92.211	6.5283
4608.0	92.171	6.5283
4609.0	92.131	6.5283
4610.0	92.26100000000001	6.5403
4611.0	92.221	6.5403
4612.0	92.181	6.5403
4613.0	91.971	6.5283
4614.0	91.931	6.5283
4615.0	91.639	6.5103
4616.0	91.43	6.4983
4617.0	91.22200000000001	6.4863
4618.0	91.182	6.4863
4619.0	90.975	6.4744
4620.0	91.104	6.4863
4621.0	91.23200000000001	6.4983
4622.0	91.193	6.4983
4623.0	91.15299999999999	6.4983
4624.0	90.946	6.4863
4625.0	90.74	6.4744
4626.0	90.617	6.4685
4627.0	90.411	6.4565
4628.0	90.37200000000001	6.4565
4629.0	90.166	6.4446
4630.0	90.12799999999999	6.4446
4631.0	90.089	6.4446
4632.0	89.96700000000001	6.4387
4633.0	89.76299999999999	6.4269
4634.0	89.72399999999999	6.4269
4635.0	89.52	6.415
4636.0	89.48200000000001	6.415
4637.0	89.27799999999999	6.4032
4638.0	88.994	6.3856
4639.0	88.956	6.3856
4640.0	88.917	6.3856
4641.0	88.715	6.3738
4642.0	88.677	6.3738
4643.0	88.475	6.3621
4644.0	88.35600000000001	6.3562
4645.0	88.156	6.3445
4646.0	88.118	6.3445
4647.0	87.91799999999999	6.3329
4648.0	87.88	6.3329
4649.0	87.6	6.3154
4650.0	87.24	6.2922
4651.0	86.802	6.2633
4652.0	86.605	6.2517
4653.0	86.329	6.2345
4654.0	85.97399999999999	6.2115
4655.0	85.85799999999999	6.2058
4656.0	85.663	6.1944
4657.0	85.469	6.183
4658.0	85.275	6.1716
4659.0	85.00299999999999	6.1546
4660.0	84.811	6.1433
4661.0	84.54	6.1263
4662.0	84.348	6.115
4663.0	83.77	6.0757
4664.0	83.35	6.0478
4665.0	82.931	6.02
4666.0	82.59100000000001	5.9979
4667.0	82.176	5.9703
4668.0	81.99	5.9594
4669.0	81.578	5.932
4670.0	81.01899999999999	5.8939
4671.0	80.464	5.856
4672.0	79.766	5.8076
4673.0	79.146	5.765
4674.0	78.459	5.7174
4675.0	77.778	5.6702
4676.0	77.032	5.6182
4677.0	76.293	5.5667
4678.0	75.492	5.5106
4679.0	74.768	5.4601
4680.0	73.982	5.405
4681.0	76.726	5.6079
4682.0	76.34100000000001	5.5821
4683.0	75.958	5.5565
4684.0	75.646	5.5361
4685.0	75.544	5.531
4686.0	75.373	5.5208
4687.0	75.202	5.5106
4688.0	75.032	5.5005
4689.0	74.931	5.4954
4690.0	74.899	5.4954
4691.0	75.074	5.5106
4692.0	75.18	5.5208
4693.0	75.148	5.5208
4694.0	75.324	5.5361
4695.0	75.431	5.5463
4696.0	75.538	5.5565
4697.0	75.854	5.5821
4698.0	76.032	5.5976
4699.0	76.28	5.6182
4700.0	76.458	5.6338
4702.0	77.029	5.6807
4704.0	77.319	5.7069
4706.0	77.753	5.7438
4708.0	78.046	5.7703
4710.0	78.411	5.8023
4712.0	78.706	5.8291
4714.0	79.003	5.856
4716.0	79.3	5.883
4718.0	79.745	5.9211
4720.0	79.971	5.9429
4722.0	80.273	5.9703
4724.0	80.575	5.9979
4726.0	80.87899999999999	6.0256
4728.0	80.959	6.0367
4730.0	81.189	6.059
4732.0	81.195	6.0646
4734.0	81.27600000000001	6.0757
4736.0	81.357	6.0869
4738.0	81.439	6.0982
4740.0	81.445	6.1038
4742.0	81.376	6.1038
4744.0	81.458	6.115
4746.0	81.389	6.115
4748.0	81.32	6.115
4750.0	81.252	6.115
4752.0	81.333	6.1263
4754.0	81.265	6.1263
4756.0	81.196	6.1263
4758.0	81.128	6.1263
4760.0	81.06	6.1263
4762.0	80.843	6.115
4764.0	80.775	6.115
4766.0	80.707	6.115
4768.0	80.491	6.1038
4770.0	80.42399999999999	6.1038
4772.0	80.35600000000001	6.1038
4774.0	80.215	6.0982
4776.0	80.148	6.0982
4778.0	79.933	6.0869
4780.0	79.866	6.0869
4782.0	79.653	6.0757
4784.0	79.44	6.0646
4786.0	79.3	6.059
4788.0	79.08800000000001	6.0478
4790.0	79.02199999999999	6.0478
4792.0	78.811	6.0367
4794.0	78.745	6.0367
4796.0	78.68	6.0367
4798.0	78.61399999999999	6.0367
4800.0	78.404	6.0256
4802.0	78.339	6.0256
4804.0	78.20100000000001	6.02
4806.0	77.992	6.009
4808.0	77.78399999999999	5.9979
4810.0	77.505	5.9814
4812.0	77.298	5.9703
4814.0	76.95	5.9484
4816.0	76.815	5.9429
4818.0	76.61	5.932
4820.0	76.547	5.932
4822.0	76.342	5.9211
4824.0	76.279	5.9211
4826.0	76.21600000000001	5.9211
4828.0	76.153	5.9211
4830.0	75.88	5.9047
4832.0	75.817	5.9047
4834.0	75.615	5.8939
4836.0	75.344	5.8776
4838.0	75.005	5.856
4840.0	74.805	5.8452
4842.0	74.53699999999999	5.8291
4844.0	74.202	5.8076
4846.0	73.935	5.7916
4848.0	73.535	5.765
4850.0	73.204	5.7438
4852.0	72.808	5.7174
4854.0	72.414	5.6911
4856.0	72.021	5.665
4858.0	71.69800000000001	5.6441
4860.0	71.441	5.6286
4862.0	71.251	5.6182
4864.0	71.192	5.6182
4866.0	71.265	5.6286
4868.0	71.206	5.6286
4870.0	71.476	5.6546
4872.0	71.747	5.6807
4874.0	72.01899999999999	5.7069
4876.0	72.426	5.7438
4878.0	72.7	5.7703
4880.0	73.043	5.8023
4882.0	73.185	5.8183
4884.0	73.126	5.8183
4886.0	73.066	5.8183
4888.0	72.872	5.8076
4890.0	72.611	5.7916
4892.0	72.418	5.7809
4894.0	72.15899999999999	5.765
4896.0	71.968	5.7544
4898.0	71.777	5.7438
4900.0	71.52	5.728
4902.0	71.33	5.7174
4904.0	71.141	5.7069
4906.0	70.887	5.6911
4908.0	70.699	5.6807
4910.0	70.446	5.665
4912.0	70.13	5.6441
4914.0	69.944	5.6338
4916.0	69.694	5.6182
4918.0	69.509	5.6079
4920.0	69.453	5.6079
4922.0	69.26899999999999	5.5976
4924.0	69.212	5.5976
4926.0	69.156	5.5976
4928.0	69.1	5.5976
4930.0	69.171	5.6079
4932.0	69.115	5.6079
4934.0	69.187	5.6182
4936.0	69.258	5.6286
4938.0	69.266	5.6338
4940.0	69.465	5.6546
4942.0	69.53699999999999	5.665
4944.0	69.673	5.6807
4946.0	69.745	5.6911
4948.0	69.881	5.7069
4950.0	69.953	5.7174
4952.0	70.02600000000001	5.728
4954.0	69.969	5.728
4956.0	70.10600000000001	5.7438
4958.0	70.05	5.7438
4960.0	70.123	5.7544
4962.0	70.066	5.7544
4964.0	70.01	5.7544
4966.0	69.953	5.7544
4968.0	69.768	5.7438
4970.0	69.712	5.7438
4972.0	69.656	5.7438
4974.0	69.6	5.7438
4976.0	69.48	5.7385
4978.0	69.42399999999999	5.7385
4980.0	69.432	5.7438
4982.0	69.376	5.7438
4984.0	69.321	5.7438
4986.0	69.20100000000001	5.7385
4988.0	69.146	5.7385
4990.0	68.96300000000001	5.728
4992.0	68.781	5.7174
4994.0	68.726	5.7174
4996.0	68.545	5.7069
4998.0	68.42699999999999	5.7016
5000.0	68.247	5.6911
5002.0	68.066	5.6807
5004.0	67.824	5.665
5006.0	67.645	5.6546
5008.0	67.467	5.6441
5010.0	67.227	5.6286
5012.0	67.05	5.6182
5014.0	66.873	5.6079
5016.0	66.82	5.6079
5018.0	66.767	5.6079
5020.0	66.59100000000001	5.5976
5022.0	66.538	5.5976
5024.0	66.607	5.6079
5026.0	66.554	5.6079
5028.0	66.501	5.6079
5030.0	66.44800000000001	5.6079
5032.0	66.396	5.6079
5034.0	66.465	5.6182
5036.0	66.41199999999999	5.6182
5038.0	66.36	5.6182
5040.0	66.307	5.6182
5042.0	66.25399999999999	5.6182
5044.0	66.202	5.6182
5046.0	66.149	5.6182
5048.0	66.097	5.6182
5050.0	65.923	5.6079
5052.0	65.75	5.5976
5054.0	65.637	5.5924
5056.0	65.585	5.5924
5058.0	65.413	5.5821
5060.0	65.361	5.5821
5062.0	65.189	5.5718
5064.0	65.138	5.5718
5066.0	65.086	5.5718
5068.0	65.035	5.5718
5070.0	64.984	5.5718
5072.0	64.932	5.5718
5074.0	64.881	5.5718
5076.0	64.771	5.5667
5078.0	64.6	5.5565
5080.0	64.431	5.5463
5082.0	64.38	5.5463
5084.0	64.211	5.5361
5086.0	64.161	5.5361
5088.0	64.051	5.531
5090.0	63.883	5.5208
5092.0	63.833	5.5208
5094.0	63.783	5.5208
5096.0	63.732	5.5208
5098.0	63.565	5.5106
5100.0	63.516000000000005	5.5106
5102.0	63.466	5.5106
5104.0	63.299	5.5005
5106.0	63.25	5.5005
5108.0	63.141999999999996	5.4954
5110.0	63.093	5.4954
5112.0	63.043	5.4954
5114.0	62.878	5.4853
5116.0	62.82899999999999	5.4853
5118.0	62.78	5.4853
5120.0	62.615	5.4752
5122.0	62.566	5.4752
5124.0	62.518	5.4752
5126.0	62.354	5.4651
5128.0	62.248000000000005	5.4601
5130.0	62.199	5.4601
5132.0	62.151	5.4601
5134.0	62.102	5.4601
5136.0	62.053999999999995	5.4601
5138.0	62.006	5.4601
5140.0	61.958	5.4601
5142.0	61.795	5.45
5144.0	61.747	5.45
5146.0	61.586000000000006	5.44
5148.0	61.538000000000004	5.44
5150.0	61.49	5.44
5152.0	61.442	5.44
5154.0	61.338	5.435
5156.0	61.291000000000004	5.435
5158.0	61.187	5.43
5160.0	61.138999999999996	5.43
5162.0	61.036	5.425
5164.0	60.931999999999995	5.42
5166.0	60.885	5.42
5168.0	60.782	5.415
5170.0	60.678999999999995	5.41
5172.0	60.632	5.41
5174.0	60.53	5.405
5176.0	60.427	5.4001
5178.0	60.381	5.4001
5180.0	60.278	5.3951
5182.0	60.176	5.3901
5184.0	60.13	5.3901
5186.0	60.028	5.3852
5188.0	59.927	5.3802
5190.0	59.825	5.3753
5192.0	59.724	5.3703
5194.0	59.678000000000004	5.3703
5196.0	59.577	5.3654
5198.0	59.477	5.3604
5200.0	59.376000000000005	5.3555
5202.0	59.276	5.3506
5204.0	59.176	5.3456
5206.0	59.076	5.3407
5208.0	58.976000000000006	5.3358
5210.0	58.931000000000004	5.3358
5212.0	58.832	5.3309
5214.0	58.678000000000004	5.3211
5216.0	58.633	5.3211
5218.0	58.589	5.3211
5220.0	58.43600000000001	5.3113
5222.0	58.391000000000005	5.3113
5224.0	58.185	5.2966
5226.0	58.141000000000005	5.2966
5228.0	57.99	5.2869
5230.0	57.945	5.2869
5232.0	57.794	5.2771
5234.0	57.696999999999996	5.2723
5236.0	57.547	5.2626
5238.0	57.503	5.2626
5240.0	57.353	5.2529
5242.0	57.20399999999999	5.2432
5244.0	57.16	5.2432
5246.0	57.117	5.2432
5248.0	57.073	5.2432
5250.0	56.977	5.2384
5252.0	56.82899999999999	5.2288
5254.0	56.786	5.2288
5256.0	56.743	5.2288
5258.0	56.595	5.2192
5260.0	56.552	5.2192
5262.0	56.50899999999999	5.2192
5264.0	56.466	5.2192
5266.0	56.423	5.2192
5268.0	56.381	5.2192
5270.0	56.338	5.2192
5272.0	56.191	5.2095
5274.0	56.097	5.2048
5276.0	56.055	5.2048
5278.0	55.909	5.1952
5280.0	55.763999999999996	5.1856
5282.0	55.619	5.1761
5284.0	55.526	5.1713
5286.0	55.382	5.1618
5288.0	55.238	5.1523
5290.0	55.196000000000005	5.1523
5292.0	55.053000000000004	5.1428
5294.0	54.961000000000006	5.1381
5296.0	54.919	5.1381
5298.0	54.777	5.1286
5300.0	54.736000000000004	5.1286
5302.0	54.593999999999994	5.1192
5304.0	54.552	5.1192
5306.0	54.461000000000006	5.1145
5308.0	54.32	5.1051
5310.0	54.278999999999996	5.1051
5312.0	54.138000000000005	5.0956
5314.0	54.097	5.0956
5316.0	54.056999999999995	5.0956
5318.0	53.917	5.0863
5320.0	53.876000000000005	5.0863
5322.0	53.836000000000006	5.0863
5324.0	53.746	5.0816
5326.0	53.607	5.0722
5328.0	53.566	5.0722
5330.0	53.428000000000004	5.0629
5332.0	53.288999999999994	5.0536
5334.0	53.2	5.0489
5336.0	53.063	5.0396
5338.0	53.023	5.0396
5340.0	52.886	5.0304
5342.0	52.748999999999995	5.0211
5344.0	52.661	5.0165
5346.0	52.525	5.0073
5348.0	52.388999999999996	4.9981
5350.0	52.253	4.9888
5352.0	52.166000000000004	4.9842
5354.0	52.031000000000006	4.9751
5356.0	51.897	4.9659
5358.0	51.715	4.9522
5360.0	51.581	4.9431
5362.0	51.448	4.934
5364.0	51.268	4.9204
5366.0	51.135	4.9113
5368.0	51.003	4.9023
5370.0	50.824	4.8888
5372.0	50.693000000000005	4.8798
5374.0	50.515	4.8663
5376.0	50.385	4.8574
5378.0	50.255	4.8484
5380.0	49.986999999999995	4.8261
5382.0	49.812	4.8128
5384.0	49.592	4.7951
5386.0	49.327	4.7731
5388.0	49.06399999999999	4.7512
5390.0	48.848	4.7337
5392.0	48.586999999999996	4.7119
5394.0	48.328	4.6903
5396.0	48.115	4.673
5398.0	47.77	4.643
5400.0	47.515	4.6217
5402.0	47.175	4.592
5404.0	46.836999999999996	4.5625
5406.0	46.586999999999996	4.5415
5408.0	46.339	4.5206
5410.0	46.092	4.4999
5412.0	45.973	4.4916
5414.0	45.854	4.4833
5416.0	45.736000000000004	4.4751
5418.0	45.787	4.4833
5420.0	45.838	4.4916
5422.0	45.888000000000005	4.4999
5424.0	45.981	4.5123
5426.0	46.159	4.5331
5428.0	46.29600000000001	4.5499
5430.0	46.475	4.5709
5432.0	46.568999999999996	4.5835
5434.0	46.793	4.6089
5436.0	46.888000000000005	4.6217
5438.0	47.026	4.6387
5440.0	47.208999999999996	4.6601
5442.0	47.261	4.6687
5444.0	47.357	4.6816
5446.0	47.409	4.6903
5448.0	47.506	4.7033
5450.0	47.558	4.7119
5452.0	47.611000000000004	4.7206
5454.0	47.708	4.7337
5456.0	47.673	4.7337
5458.0	47.726000000000006	4.7424
5460.0	47.778999999999996	4.7512
5462.0	47.788000000000004	4.7555
5464.0	47.841	4.7643
5466.0	47.806000000000004	4.7643
5468.0	47.858999999999995	4.7731
5470.0	47.824	4.7731
5472.0	47.876999999999995	4.7819
5474.0	47.842	4.7819
5476.0	47.851000000000006	4.7863
5478.0	47.816	4.7863
5480.0	47.782	4.7863
5482.0	47.702	4.7819
5484.0	47.668	4.7819
5486.0	47.545	4.7731
5488.0	47.511	4.7731
5490.0	47.476000000000006	4.7731
5492.0	47.441	4.7731
5494.0	47.32	4.7643
5496.0	47.285	4.7643
5498.0	47.251000000000005	4.7643
5500.0	47.217	4.7643
5502.0	47.181999999999995	4.7643
5504.0	47.148	4.7643
5506.0	47.114	4.7643
5508.0	47.08	4.7643
5510.0	47.045	4.7643
5512.0	46.925	4.7555
5514.0	46.891000000000005	4.7555
5516.0	46.857	4.7555
5518.0	46.78	4.7512
5520.0	46.746	4.7512
5522.0	46.711999999999996	4.7512
5524.0	46.592	4.7424
5526.0	46.558	4.7424
5528.0	46.43899999999999	4.7337
5530.0	46.406000000000006	4.7337
5532.0	46.372	4.7337
5534.0	46.339	4.7337
5536.0	46.22	4.725
5538.0	46.144	4.7206
5540.0	46.11	4.7206
5542.0	45.992	4.7119
5544.0	45.958999999999996	4.7119
5546.0	45.842	4.7033
5548.0	45.809	4.7033
5550.0	45.776	4.7033
5552.0	45.743	4.7033
5554.0	45.71	4.7033
5556.0	45.677	4.7033
5558.0	45.644	4.7033
5560.0	45.611000000000004	4.7033
5562.0	45.578	4.7033
5564.0	45.504	4.6989
5566.0	45.471000000000004	4.6989
5568.0	45.355	4.6903
5570.0	45.321999999999996	4.6903
5572.0	45.206	4.6816
5574.0	45.174	4.6816
5576.0	45.141000000000005	4.6816
5578.0	45.108999999999995	4.6816
5580.0	44.994	4.673
5582.0	44.961000000000006	4.673
5584.0	44.928999999999995	4.673
5586.0	44.897	4.673
5588.0	44.865	4.673
5590.0	44.833	4.673
5592.0	44.801	4.673
5594.0	44.769	4.673
5596.0	44.736999999999995	4.673
5598.0	44.705	4.673
5600.0	44.673	4.673
5602.0	44.6	4.6687
5604.0	44.486000000000004	4.6601
5606.0	44.45399999999999	4.6601
5608.0	44.341	4.6516
5610.0	44.228	4.643
5612.0	44.155	4.6387
5614.0	44.043	4.6302
5616.0	44.011	4.6302
5618.0	43.898999999999994	4.6217
5620.0	43.868	4.6217
5622.0	43.836999999999996	4.6217
5624.0	43.725	4.6132
5626.0	43.693999999999996	4.6132
5628.0	43.623000000000005	4.6089
5630.0	43.592	4.6089
5632.0	43.56100000000001	4.6089
5634.0	43.45	4.6004
5636.0	43.419	4.6004
5638.0	43.388000000000005	4.6004
5640.0	43.277	4.592
5642.0	43.247	4.592
5644.0	43.216	4.592
5646.0	43.106	4.5835
5648.0	43.076	4.5835
5650.0	43.005	4.5793
5652.0	42.975	4.5793
5654.0	42.945	4.5793
5656.0	42.913999999999994	4.5793
5658.0	42.88399999999999	4.5793
5660.0	42.775	4.5709
5662.0	42.745	4.5709
5664.0	42.714	4.5709
5666.0	42.606	4.5625
5668.0	42.576	4.5625
5670.0	42.54600000000001	4.5625
5672.0	42.476000000000006	4.5583
5674.0	42.446999999999996	4.5583
5676.0	42.338	4.5499
5678.0	42.309	4.5499
5680.0	42.278999999999996	4.5499
5682.0	42.17100000000001	4.5415
5684.0	42.141999999999996	4.5415
5686.0	42.034	4.5331
5688.0	42.005	4.5331
5690.0	41.937	4.529
5692.0	41.83	4.5206
5694.0	41.801	4.5206
5696.0	41.772	4.5206
5698.0	41.665	4.5123
5700.0	41.636	4.5123
5702.0	41.607	4.5123
5704.0	41.501000000000005	4.504
5706.0	41.434	4.4999
5708.0	41.405	4.4999
5710.0	41.3	4.4916
5712.0	41.271	4.4916
5714.0	41.166000000000004	4.4833
5716.0	41.137	4.4833
5718.0	41.108000000000004	4.4833
5720.0	41.004	4.4751
5722.0	40.938	4.471
5724.0	40.909	4.471
5726.0	40.881	4.471
5728.0	40.777	4.4627
5730.0	40.748000000000005	4.4627
5732.0	40.72	4.4627
5734.0	40.692	4.4627
5736.0	40.663000000000004	4.4627
5738.0	40.56	4.4545
5740.0	40.532	4.4545
5742.0	40.504	4.4545
5744.0	40.400999999999996	4.4463
5746.0	40.336	4.4422
5748.0	40.308	4.4422
5750.0	40.205	4.434
5752.0	40.177	4.434
5754.0	40.15	4.434
5756.0	40.048	4.4259
5758.0	40.02	4.4259
5760.0	39.992	4.4259
5762.0	39.928000000000004	4.4218
5764.0	39.827	4.4137
5766.0	39.799	4.4137
5768.0	39.771	4.4137
5770.0	39.744	4.4137
5772.0	39.643	4.4055
5774.0	39.616	4.4055
5776.0	39.588	4.4055
5778.0	39.488	4.3974
5780.0	39.461	4.3974
5782.0	39.433	4.3974
5784.0	39.37	4.3934
5786.0	39.343	4.3934
5788.0	39.243	4.3853
5790.0	39.216	4.3853
5792.0	39.189	4.3853
5794.0	39.162	4.3853
5796.0	39.135	4.3853
5798.0	39.036	4.3772
5800.0	39.009	4.3772
5802.0	38.982	4.3772
5804.0	38.883	4.3692
5806.0	38.821	4.3652
5808.0	38.794000000000004	4.3652
5810.0	38.766999999999996	4.3652
5812.0	38.67	4.3571
5814.0	38.643	4.3571
5816.0	38.545	4.3491
5818.0	38.519	4.3491
5820.0	38.492	4.3491
5822.0	38.36	4.3371
5824.0	38.333	4.3371
5826.0	38.236999999999995	4.3291
5828.0	38.21	4.3291
5830.0	38.114000000000004	4.3211
5832.0	38.053000000000004	4.3172
5834.0	37.957	4.3092
5836.0	37.861	4.3013
5838.0	37.835	4.3013
5840.0	37.739000000000004	4.2934
5842.0	37.609	4.2815
5844.0	37.584	4.2815
5846.0	37.489000000000004	4.2737
5848.0	37.394	4.2658
5850.0	37.334	4.2619
5852.0	37.172	4.2462
5854.0	37.044000000000004	4.2345
5856.0	36.95	4.2267
5858.0	36.789	4.2111
5860.0	36.595	4.1918
5862.0	36.469	4.1802
5864.0	36.21	4.1534
5866.0	36.019	4.1343
5868.0	35.764	4.1077
5870.0	35.542	4.0851
5872.0	35.355	4.0663
5874.0	35.104	4.0402
5876.0	35.047	4.0364
5878.0	34.959	4.029
5880.0	34.871	4.0216
5882.0	34.912	4.029
5884.0	34.984	4.0402
5886.0	35.025	4.0476
5888.0	35.163000000000004	4.0663
5890.0	35.366	4.0926
5892.0	35.473	4.1077
5894.0	35.678000000000004	4.1343
5896.0	35.818000000000005	4.1534
5898.0	35.959	4.1725
5900.0	36.001	4.1802
5902.0	36.076	4.1918
5904.0	36.118	4.1995
5906.0	36.094	4.1995
5908.0	36.069	4.1995
5910.0	36.045	4.1995
5912.0	36.021	4.1995
5914.0	35.996	4.1995
5916.0	35.972	4.1995
5918.0	35.948	4.1995
5920.0	35.923	4.1995
5922.0	35.899	4.1995
5924.0	35.875	4.1995
5926.0	35.785	4.1918
5928.0	35.760999999999996	4.1918
5930.0	35.704	4.1879
5932.0	35.679	4.1879
5934.0	35.59	4.1802
5936.0	35.566	4.1802
5938.0	35.542	4.1802
5940.0	35.453	4.1725
5942.0	35.429	4.1725
5944.0	35.405	4.1725
5946.0	35.381	4.1725
5948.0	35.357	4.1725
5950.0	35.333	4.1725
5952.0	35.31	4.1725
5954.0	35.286	4.1725
5956.0	35.262	4.1725
5958.0	35.239000000000004	4.1725
5960.0	35.215	4.1725
5962.0	35.126999999999995	4.1649
5964.0	35.103	4.1649
5966.0	35.08	4.1649
5968.0	35.056	4.1649
5970.0	35.0	4.161
5972.0	34.977	4.161
5974.0	34.889	4.1534
5976.0	34.866	4.1534
5978.0	34.778	4.1457
5980.0	34.755	4.1457
5982.0	34.732	4.1457
5984.0	34.645	4.1381
5986.0	34.59	4.1343
5988.0	34.567	4.1343
5990.0	34.544000000000004	4.1343
5992.0	34.457	4.1267
5994.0	34.434	4.1267
5996.0	34.411	4.1267
5998.0	34.388000000000005	4.1267
6000.0	34.302	4.1191
6002.0	34.279	4.1191
6004.0	34.256	4.1191
6006.0	34.233000000000004	4.1191
6008.0	34.148	4.1115
6010.0	34.125	4.1115
6012.0	34.071	4.1077
6014.0	34.048	4.1077
6016.0	34.025999999999996	4.1077
6018.0	33.94	4.1001
6020.0	33.918	4.1001
6022.0	33.895	4.1001
6024.0	33.873000000000005	4.1001
6026.0	33.788000000000004	4.0926
6028.0	33.766	4.0926
6030.0	33.743	4.0926
6032.0	33.721	4.0926
6034.0	33.698	4.0926
6036.0	33.676	4.0926
6038.0	33.592	4.0851
6040.0	33.57	4.0851
6042.0	33.516999999999996	4.0813
6044.0	33.494	4.0813
6046.0	33.472	4.0813
6048.0	33.389	4.0738
6050.0	33.367	4.0738
6052.0	33.283	4.0663
6054.0	33.260999999999996	4.0663
6056.0	33.208	4.0626
6058.0	33.125	4.0551
6060.0	33.104	4.0551
6062.0	33.082	4.0551
6064.0	32.999	4.0476
6066.0	32.977	4.0476
6068.0	32.955999999999996	4.0476
6070.0	32.873000000000005	4.0402
6072.0	32.852	4.0402
6074.0	32.83	4.0402
6076.0	32.778	4.0364
6078.0	32.696	4.029
6080.0	32.675	4.029
6082.0	32.593	4.0216
6084.0	32.512	4.0142
6086.0	32.461	4.0105
6088.0	32.439	4.0105
6090.0	32.418	4.0105
6092.0	32.397	4.0105
6094.0	32.375	4.0105
6096.0	32.354	4.0105
6098.0	32.333	4.0105
6100.0	32.312	4.0105
6102.0	32.291	4.0105
6104.0	32.269	4.0105
6106.0	32.189	4.0031
6108.0	32.168	4.0031
6110.0	32.147	4.0031
6112.0	32.067	3.9958
6114.0	32.046	3.9958
6116.0	31.965999999999998	3.9884
6118.0	31.915	3.9847
6120.0	31.895	3.9847
6122.0	31.815	3.9774
6124.0	31.794	3.9774
6126.0	31.715	3.9701
6128.0	31.695	3.9701
6130.0	31.674	3.9701
6132.0	31.653000000000002	3.9701
6134.0	31.574	3.9628
6136.0	31.554000000000002	3.9628
6138.0	31.533	3.9628
6140.0	31.484	3.9591
6142.0	31.463	3.9591
6144.0	31.443	3.9591
6146.0	31.421999999999997	3.9591
6148.0	31.401999999999997	3.9591
6150.0	31.324	3.9518
6152.0	31.303	3.9518
6154.0	31.283	3.9518
6156.0	31.205	3.9446
6158.0	31.156	3.9409
6160.0	31.078000000000003	3.9337
6162.0	31.058000000000003	3.9337
6164.0	30.980999999999998	3.9264
6166.0	30.961	3.9264
6168.0	30.941	3.9264
6170.0	30.864	3.9192
6172.0	30.844	3.9192
6174.0	30.824	3.9192
6176.0	30.804000000000002	3.9192
6178.0	30.756	3.9156
6180.0	30.736	3.9156
6182.0	30.659000000000002	3.9084
6184.0	30.639	3.9084
6186.0	30.62	3.9084
6188.0	30.544	3.9012
6190.0	30.524	3.9012
6192.0	30.448	3.894
6194.0	30.428	3.894
6196.0	30.381	3.8904
6198.0	30.361	3.8904
6200.0	30.285999999999998	3.8833
6202.0	30.266	3.8833
6204.0	30.191	3.8761
6206.0	30.171999999999997	3.8761
6208.0	30.096999999999998	3.869
6210.0	30.049	3.8654
6212.0	30.03	3.8654
6214.0	30.011	3.8654
6216.0	29.936	3.8583
6218.0	29.916999999999998	3.8583
6220.0	29.898000000000003	3.8583
6222.0	29.824	3.8512
6224.0	29.804000000000002	3.8512
6226.0	29.758000000000003	3.8477
6228.0	29.684	3.8406
6230.0	29.665	3.8406
6232.0	29.646	3.8406
6234.0	29.627	3.8406
6236.0	29.553	3.8335
6238.0	29.534000000000002	3.8335
6240.0	29.516	3.8335
6242.0	29.497	3.8335
6244.0	29.478	3.8335
6246.0	29.405	3.8265
6248.0	29.386	3.8265
6250.0	29.366999999999997	3.8265
6252.0	29.348000000000003	3.8265
6254.0	29.33	3.8265
6256.0	29.284000000000002	3.823
6258.0	29.265	3.823
6260.0	29.246	3.823
6262.0	29.174	3.8159
6264.0	29.155	3.8159
6266.0	29.083000000000002	3.8089
6268.0	29.064	3.8089
6270.0	28.993000000000002	3.8019
6272.0	28.974	3.8019
6274.0	28.875999999999998	3.7914
6276.0	28.857	3.7914
6278.0	28.785999999999998	3.7844
6280.0	28.767	3.7844
6282.0	28.695999999999998	3.7775
6284.0	28.678	3.7775
6286.0	28.633000000000003	3.774
6288.0	28.615	3.774
6290.0	28.596999999999998	3.774
6292.0	28.579	3.774
6294.0	28.561	3.774
6296.0	28.49	3.767
6298.0	28.471999999999998	3.767
6300.0	28.454	3.767
6302.0	28.436	3.767
6304.0	28.418000000000003	3.767
6306.0	28.346999999999998	3.7601
6308.0	28.329	3.7601
6310.0	28.311	3.7601
6312.0	28.293000000000003	3.7601
6314.0	28.276	3.7601
6316.0	28.206	3.7532
6318.0	28.162	3.7497
6320.0	28.092	3.7428
6322.0	28.023000000000003	3.7359
6324.0	28.005	3.7359
6326.0	27.91	3.7256
6328.0	27.892	3.7256
6330.0	27.823	3.7188
6332.0	27.805999999999997	3.7188
6334.0	27.788	3.7188
6336.0	27.72	3.7119
6338.0	27.701999999999998	3.7119
6340.0	27.685	3.7119
6342.0	27.666999999999998	3.7119
6344.0	27.65	3.7119
6346.0	27.631999999999998	3.7119
6348.0	27.615	3.7119
6350.0	27.598000000000003	3.7119
6352.0	27.58	3.7119
6354.0	27.563000000000002	3.7119
6356.0	27.546	3.7119
6358.0	27.528000000000002	3.7119
6360.0	27.486	3.7085
6362.0	27.418000000000003	3.7017
6364.0	27.401	3.7017
6366.0	27.333000000000002	3.6949
6368.0	27.316	3.6949
6370.0	27.248	3.6881
6372.0	27.206	3.6847
6374.0	27.189	3.6847
6376.0	27.171999999999997	3.6847
6378.0	27.155	3.6847
6380.0	27.138	3.6847
6382.0	27.121	3.6847
6384.0	27.104	3.6847
6386.0	27.037	3.6779
6388.0	27.02	3.6779
6390.0	27.003	3.6779
6392.0	26.936999999999998	3.6711
6394.0	26.92	3.6711
6396.0	26.854	3.6644
6398.0	26.811999999999998	3.661
6400.0	26.746	3.6543
6402.0	26.729	3.6543
6404.0	26.663	3.6475
6406.0	26.647	3.6475
6408.0	26.63	3.6475
6410.0	26.614	3.6475
6412.0	26.548000000000002	3.6408
6414.0	26.531999999999996	3.6408
6416.0	26.515	3.6408
6418.0	26.474	3.6375
6420.0	26.458000000000002	3.6375
6422.0	26.441	3.6375
6424.0	26.375999999999998	3.6308
6426.0	26.36	3.6308
6428.0	26.343000000000004	3.6308
6430.0	26.278000000000002	3.6241
6432.0	26.261999999999997	3.6241
6434.0	26.246	3.6241
6436.0	26.205	3.6208
6438.0	26.141	3.6141
6440.0	26.125	3.6141
6442.0	26.06	3.6074
6444.0	26.044	3.6074
6446.0	26.028000000000002	3.6074
6448.0	25.964000000000002	3.6008
6450.0	25.948	3.6008
6452.0	25.932	3.6008
6454.0	25.916	3.6008
6456.0	25.9	3.6008
6458.0	25.883000000000003	3.6008
6460.0	25.844	3.5975
6462.0	25.78	3.5909
6464.0	25.764	3.5909
6466.0	25.701	3.5843
6468.0	25.685	3.5843
6470.0	25.622	3.5777
6472.0	25.583000000000002	3.5744
6474.0	25.566999999999997	3.5744
6476.0	25.504	3.5678
6478.0	25.441	3.5612
6480.0	25.379	3.5547
6482.0	25.34	3.5514
6484.0	25.278000000000002	3.5449
6486.0	25.215	3.5383
6488.0	25.2	3.5383
6490.0	25.138	3.5318
6492.0	25.099	3.5286
6494.0	25.038	3.5221
6496.0	24.976	3.5156
6498.0	24.938000000000002	3.5124
6500.0	24.877	3.5059
6502.0	24.77	3.493
6504.0	24.686999999999998	3.4834
6506.0	24.625999999999998	3.477
6508.0	24.543000000000003	3.4674
6510.0	24.438000000000002	3.4546
6512.0	24.31	3.4387
6514.0	24.228	3.4293
6516.0	24.125	3.4166
6518.0	23.999000000000002	3.4009
6520.0	23.896	3.3884
6522.0	23.815	3.3791
6524.0	23.713	3.3667
6526.0	23.633000000000003	3.3574
6528.0	23.531999999999996	3.345
6530.0	23.453000000000003	3.3358
6532.0	23.395	3.3297
6534.0	23.316	3.3205
6536.0	23.215999999999998	3.3083
6538.0	23.096	3.2931
6540.0	23.018	3.284
6542.0	22.855999999999998	3.2629
6544.0	22.715999999999998	3.2449
6546.0	22.598000000000003	3.23
6548.0	22.439	3.2092
6550.0	22.261	3.1857
6552.0	22.104	3.1652
6554.0	21.969	3.1477
6556.0	21.855	3.1333
6558.0	21.701	3.1132
6560.0	21.628	3.1046
6562.0	21.535	3.0931
6564.0	21.463	3.0846
6566.0	21.45	3.0846
6568.0	21.476	3.0903
6570.0	21.483	3.0931
6572.0	21.549	3.1046
6574.0	21.635	3.1189
6576.0	21.721999999999998	3.1333
6578.0	21.789	3.1448
6580.0	21.916	3.1652
6582.0	22.045	3.1857
6584.0	22.133000000000003	3.2004
6586.0	22.263	3.2211
6588.0	22.351999999999997	3.2359
6590.0	22.441	3.2509
6592.0	22.469	3.2569
6594.0	22.518	3.2659
6596.0	22.587	3.2779
6598.0	22.615	3.284
6600.0	22.622	3.287
6602.0	22.65	3.2931
6604.0	22.678	3.2991
6606.0	22.706	3.3052
6608.0	22.755	3.3144
6610.0	22.783	3.3205
6612.0	22.811999999999998	3.3266
6614.0	22.861	3.3358
6616.0	22.889	3.3419
6618.0	22.896	3.345
6620.0	22.925	3.3512
6622.0	22.953000000000003	3.3574
6624.0	22.939	3.3574
6626.0	22.968000000000004	3.3636
6628.0	22.954	3.3636
6630.0	22.94	3.3636
6632.0	22.926	3.3636
6634.0	22.912	3.3636
6636.0	22.899	3.3636
6638.0	22.885	3.3636
6640.0	22.871	3.3636
6642.0	22.857	3.3636
6644.0	22.843000000000004	3.3636
6646.0	22.83	3.3636
6648.0	22.816	3.3636
6650.0	22.802	3.3636
6652.0	22.789	3.3636
6654.0	22.775	3.3636
6656.0	22.719	3.3574
6658.0	22.706	3.3574
6660.0	22.65	3.3512
6662.0	22.595	3.345
6664.0	22.519000000000002	3.3358
6666.0	22.464000000000002	3.3297
6668.0	22.389	3.3205
6670.0	22.293000000000003	3.3083
6672.0	22.177	3.2931
6674.0	22.103	3.284
6676.0	21.968000000000004	3.2659
6678.0	21.894000000000002	3.2569
6680.0	21.801	3.2449
6682.0	21.767	3.2419
6684.0	21.714000000000002	3.2359
6686.0	21.660999999999998	3.23
6688.0	21.688000000000002	3.2359
6690.0	21.715	3.2419
6692.0	21.721999999999998	3.2449
6694.0	21.79	3.2569
6696.0	21.877	3.2719
6698.0	21.945	3.284
6700.0	21.991999999999997	3.2931
6702.0	22.02	3.2991
6704.0	22.066999999999997	3.3083
6706.0	22.095	3.3144
6708.0	22.081999999999997	3.3144
6710.0	22.109	3.3205
6712.0	22.136999999999997	3.3266
6714.0	22.144000000000002	3.3297
6716.0	22.131	3.3297
6718.0	22.118000000000002	3.3297
6720.0	22.105	3.3297
6722.0	22.090999999999998	3.3297
6724.0	22.058000000000003	3.3266
6726.0	22.045	3.3266
6728.0	21.991	3.3205
6730.0	21.978	3.3205
6732.0	21.965	3.3205
6734.0	21.912	3.3144
6736.0	21.899	3.3144
6738.0	21.886	3.3144
6740.0	21.831999999999997	3.3083
6742.0	21.819000000000003	3.3083
6744.0	21.805999999999997	3.3083
6746.0	21.773000000000003	3.3052
6748.0	21.761	3.3052
6750.0	21.708000000000002	3.2991
6752.0	21.695	3.2991
6754.0	21.682	3.2991
6756.0	21.669	3.2991
6758.0	21.656	3.2991
6760.0	21.643	3.2991
6762.0	21.631	3.2991
6764.0	21.618000000000002	3.2991
6766.0	21.645	3.3052
6768.0	21.631999999999998	3.3052
6770.0	21.619	3.3052
6772.0	21.607	3.3052
6774.0	21.554000000000002	3.2991
6776.0	21.541	3.2991
6778.0	21.529	3.2991
6780.0	21.516	3.2991
6782.0	21.464000000000002	3.2931
6784.0	21.451	3.2931
6786.0	21.438000000000002	3.2931
6788.0	21.426	3.2931
6790.0	21.413	3.2931
6792.0	21.401	3.2931
6794.0	21.388	3.2931
6796.0	21.375	3.2931
6798.0	21.363000000000003	3.2931
6800.0	21.35	3.2931
6802.0	21.298000000000002	3.287
6804.0	21.266	3.284
6806.0	21.254	3.284
6808.0	21.201999999999998	3.2779
6810.0	21.19	3.2779
6812.0	21.138	3.2719
6814.0	21.125999999999998	3.2719
6816.0	21.075	3.2659
6818.0	21.061999999999998	3.2659
6820.0	21.031	3.2629
6822.0	21.018	3.2629
6824.0	20.967	3.2569
6826.0	20.955	3.2569
6828.0	20.943	3.2569
6830.0	20.892	3.2509
6832.0	20.88	3.2509
6834.0	20.866999999999997	3.2509
6836.0	20.816999999999997	3.2449
6838.0	20.805	3.2449
6840.0	20.793000000000003	3.2449
6842.0	20.78	3.2449
6844.0	20.768	3.2449
6846.0	20.737	3.2419
6848.0	20.706	3.2389
6850.0	20.694000000000003	3.2389
6852.0	20.663	3.2359
6854.0	20.651	3.2359
6856.0	20.62	3.233
6858.0	20.608	3.233
6860.0	20.576999999999998	3.23
6862.0	20.565	3.23
6864.0	20.534000000000002	3.227
6866.0	20.522	3.227
6868.0	20.491	3.224
6870.0	20.479	3.224
6872.0	20.448	3.2211
6874.0	20.436	3.2211
6876.0	20.406	3.2181
6878.0	20.394000000000002	3.2181
6880.0	20.363	3.2151
6882.0	20.351	3.2151
6884.0	20.320999999999998	3.2122
6886.0	20.309	3.2122
6888.0	20.278	3.2092
6890.0	20.267	3.2092
6892.0	20.236	3.2063
6894.0	20.224	3.2063
6896.0	20.194000000000003	3.2033
6898.0	20.182000000000002	3.2033
6900.0	20.152	3.2004
6902.0	20.141	3.2004
6904.0	20.11	3.1974
6906.0	20.099	3.1974
6908.0	20.069000000000003	3.1945
6910.0	20.057000000000002	3.1945
6912.0	20.027	3.1915
6914.0	20.015	3.1915
6916.0	19.985	3.1886
6918.0	19.974	3.1886
6920.0	19.944000000000003	3.1857
6922.0	19.932000000000002	3.1857
6924.0	19.902	3.1827
6926.0	19.891	3.1827
6928.0	19.861	3.1798
6930.0	19.85	3.1798
6932.0	19.82	3.1769
6934.0	19.809	3.1769
6936.0	19.779	3.1739
6938.0	19.767	3.1739
6940.0	19.738	3.171
6942.0	19.727	3.171
6944.0	19.697	3.1681
6946.0	19.686	3.1681
6948.0	19.656	3.1652
6950.0	19.645	3.1652
6952.0	19.634	3.1652
6954.0	19.586	3.1594
6956.0	19.575	3.1594
6958.0	19.564	3.1594
6960.0	19.552	3.1594
6962.0	19.505	3.1536
6964.0	19.494	3.1536
6966.0	19.483	3.1536
6968.0	19.472	3.1536
6970.0	19.425	3.1477
6972.0	19.414	3.1477
6974.0	19.385	3.1448
6976.0	19.373	3.1448
6978.0	19.327	3.1391
6980.0	19.316	3.1391
6982.0	19.269000000000002	3.1333
6984.0	19.258	3.1333
6986.0	19.247	3.1333
6988.0	19.236	3.1333
6990.0	19.225	3.1333
6992.0	19.214000000000002	3.1333
6994.0	19.203	3.1333
6996.0	19.192	3.1333
6998.0	19.180999999999997	3.1333
7000.0	19.17	3.1333
7002.0	19.142	3.1304
7004.0	19.095	3.1246
7006.0	19.084	3.1246
7008.0	19.038	3.1189
7010.0	19.028	3.1189
7012.0	18.982	3.1132
7014.0	18.971	3.1132
7016.0	18.942999999999998	3.1103
7018.0	18.897000000000002	3.1046
7020.0	18.886	3.1046
7022.0	18.875	3.1046
7024.0	18.865	3.1046
7026.0	18.854	3.1046
7028.0	18.843	3.1046
7030.0	18.833	3.1046
7032.0	18.822	3.1046
7034.0	18.811	3.1046
7036.0	18.8	3.1046
7038.0	18.79	3.1046
7040.0	18.745	3.0988
7042.0	18.734	3.0988
7044.0	18.689	3.0931
7046.0	18.660999999999998	3.0903
7048.0	18.616	3.0846
7050.0	18.570999999999998	3.0789
7052.0	18.51	3.0704
7054.0	18.430999999999997	3.0591
7056.0	18.37	3.0507
7058.0	18.292	3.0395
7060.0	18.230999999999998	3.0311
7062.0	18.154	3.0199
7064.0	18.093	3.0116
7066.0	18.05	3.0061
7068.0	17.99	2.9978
7070.0	17.98	2.9978
7072.0	17.97	2.9978
7074.0	17.959	2.9978
7076.0	17.999000000000002	3.0061
7078.0	18.022000000000002	3.0116
7080.0	18.062	3.0199
7082.0	18.085	3.0255
7084.0	18.108	3.0311
7086.0	18.148	3.0395
7088.0	18.137	3.0395
7090.0	18.127	3.0395
7092.0	18.117	3.0395
7094.0	18.107	3.0395
7096.0	18.096	3.0395
7098.0	18.07	3.0367
7100.0	18.026	3.0311
7102.0	18.016	3.0311
7104.0	17.973	3.0255
7106.0	17.963	3.0255
7108.0	17.952	3.0255
7110.0	17.942	3.0255
7112.0	17.899	3.0199
7114.0	17.922	3.0255
7116.0	17.912	3.0255
7118.0	17.902	3.0255
7120.0	17.859	3.0199
7122.0	17.849	3.0199
7124.0	17.839000000000002	3.0199
7126.0	17.829	3.0199
7128.0	17.819000000000003	3.0199
7130.0	17.809	3.0199
7132.0	17.783	3.0172
7134.0	17.74	3.0116
7136.0	17.73	3.0116
7138.0	17.687	3.0061
7140.0	17.678	3.0061
7142.0	17.635	3.0005
7144.0	17.609	2.9978
7146.0	17.599	2.9978
7148.0	17.589000000000002	2.9978
7150.0	17.547	2.9923
7152.0	17.505	2.9867
7154.0	17.495	2.9867
7156.0	17.437	2.9785
7158.0	17.396	2.973
7160.0	17.354	2.9676
7162.0	17.296	2.9594
7164.0	17.255	2.9539
7166.0	17.213	2.9485
7168.0	17.188	2.9458
7170.0	17.147000000000002	2.9404
7172.0	17.105999999999998	2.9349
7174.0	17.096	2.9349
7176.0	17.087	2.9349
7178.0	17.077	2.9349
7180.0	17.067999999999998	2.9349
7182.0	17.058	2.9349
7184.0	17.08	2.9404
7186.0	17.07	2.9404
7188.0	17.061	2.9404
7190.0	17.051	2.9404
7192.0	17.042	2.9404
7194.0	17.033	2.9404
7196.0	17.023	2.9404
7198.0	17.014	2.9404
7200.0	17.035999999999998	2.9458
7202.0	17.042	2.9485
7204.0	17.032	2.9485
7206.0	17.054000000000002	2.9539
7208.0	17.076	2.9594
7210.0	17.067	2.9594
7212.0	17.089000000000002	2.9648
7214.0	17.095	2.9676
7216.0	17.07	2.9648
7218.0	17.029	2.9594
7220.0	17.02	2.9594
7222.0	16.979	2.9539
7224.0	16.938	2.9485
7226.0	16.882	2.9404
7228.0	16.842	2.9349
7230.0	16.832	2.9349
7232.0	16.777	2.9268
7234.0	16.767	2.9268
7236.0	16.758	2.9268
7238.0	16.718	2.9215
7240.0	16.709	2.9215
7242.0	16.7	2.9215
7244.0	16.69	2.9215
7246.0	16.680999999999997	2.9215
7248.0	16.641	2.9161
7250.0	16.632	2.9161
7252.0	16.623	2.9161
7254.0	16.583	2.9107
7256.0	16.574	2.9107
7258.0	16.55	2.908
7260.0	16.54	2.908
7262.0	16.531	2.908
7264.0	16.492	2.9027
7266.0	16.483	2.9027
7268.0	16.442999999999998	2.8973
7270.0	16.404	2.892
7272.0	16.38	2.8894
7274.0	16.340999999999998	2.884
7276.0	16.302	2.8787
7278.0	16.278	2.8761
7280.0	16.239	2.8708
7282.0	16.23	2.8708
7284.0	16.221	2.8708
7286.0	16.212	2.8708
7288.0	16.203	2.8708
7290.0	16.194000000000003	2.8708
7292.0	16.186	2.8708
7294.0	16.177	2.8708
7296.0	16.168	2.8708
7298.0	16.129	2.8655
7300.0	16.12	2.8655
7302.0	16.112000000000002	2.8655
7304.0	16.073	2.8602
7306.0	16.064	2.8602
7308.0	16.055	2.8602
7310.0	16.047	2.8602
7312.0	16.038	2.8602
7314.0	16.029	2.8602
7316.0	16.02	2.8602
7318.0	16.041	2.8655
7320.0	16.032	2.8655
7322.0	16.053	2.8708
7324.0	16.044	2.8708
7326.0	16.065	2.8761
7328.0	16.055999999999997	2.8761
7330.0	16.048	2.8761
7332.0	16.039	2.8761
7334.0	16.03	2.8761
7336.0	15.992	2.8708
7338.0	15.982999999999999	2.8708
7340.0	15.975	2.8708
7342.0	15.966	2.8708
7344.0	15.957	2.8708
7346.0	15.948	2.8708
7348.0	15.94	2.8708
7350.0	15.902000000000001	2.8655
7352.0	15.892999999999999	2.8655
7354.0	15.855	2.8602
7356.0	15.847000000000001	2.8602
7358.0	15.823	2.8576
7360.0	15.786	2.8523
7362.0	15.777000000000001	2.8523
7364.0	15.769	2.8523
7366.0	15.731	2.8471
7368.0	15.722999999999999	2.8471
7370.0	15.714	2.8471
7372.0	15.705	2.8471
7374.0	15.697000000000001	2.8471
7376.0	15.66	2.8418
7378.0	15.637	2.8392
7380.0	15.628	2.8392
7382.0	15.62	2.8392
7384.0	15.610999999999999	2.8392
7386.0	15.603	2.8392
7388.0	15.594000000000001	2.8392
7390.0	15.585999999999999	2.8392
7392.0	15.577	2.8392
7394.0	15.569	2.8392
7396.0	15.561	2.8392
7398.0	15.524000000000001	2.834
7400.0	15.515	2.834
7402.0	15.507	2.834
7404.0	15.47	2.8288
7406.0	15.462	2.8288
7408.0	15.453	2.8288
7410.0	15.472999999999999	2.834
7412.0	15.465	2.834
7414.0	15.457	2.834
7416.0	15.448	2.834
7418.0	15.44	2.834
7420.0	15.432	2.834
7422.0	15.423	2.834
7424.0	15.387	2.8288
7426.0	15.35	2.8236
7428.0	15.328	2.821
7430.0	15.290999999999999	2.8158
7432.0	15.283	2.8158
7434.0	15.247	2.8106
7436.0	15.21	2.8054
7438.0	15.187999999999999	2.8028
7440.0	15.18	2.8028
7442.0	15.144	2.7977
7444.0	15.136	2.7977
7446.0	15.1	2.7925
7448.0	15.092	2.7925
7450.0	15.084000000000001	2.7925
7452.0	15.062000000000001	2.79
7454.0	15.054	2.79
7456.0	15.046	2.79
7458.0	15.01	2.7848
7460.0	15.002	2.7848
7462.0	14.994000000000002	2.7848
7464.0	14.985999999999999	2.7848
7466.0	14.95	2.7797
7468.0	14.942	2.7797
7470.0	14.907	2.7746
7472.0	14.899000000000001	2.7746
7474.0	14.890999999999998	2.7746
7476.0	14.883	2.7746
7478.0	14.875	2.7746
7480.0	14.867	2.7746
7482.0	14.845	2.772
7484.0	14.81	2.7669
7486.0	14.802	2.7669
7488.0	14.767000000000001	2.7619
7490.0	14.759	2.7619
7492.0	14.724	2.7568
7494.0	14.716	2.7568
7496.0	14.695	2.7542
7498.0	14.687000000000001	2.7542
7500.0	14.652000000000001	2.7492
7502.0	14.644	2.7492
7504.0	14.636	2.7492
7506.0	14.602	2.7441
7508.0	14.594000000000001	2.7441
7510.0	14.585999999999999	2.7441
7512.0	14.552	2.7391
7514.0	14.544	2.7391
7516.0	14.523	2.7365
7518.0	14.515	2.7365
7520.0	14.507	2.7365
7522.0	14.472999999999999	2.7315
7524.0	14.465	2.7315
7526.0	14.457	2.7315
7528.0	14.45	2.7315
7530.0	14.442	2.7315
7532.0	14.434000000000001	2.7315
7534.0	14.4	2.7265
7536.0	14.392999999999999	2.7265
7538.0	14.385	2.7265
7540.0	14.364	2.724
7542.0	14.33	2.7189
7544.0	14.296	2.7139
7546.0	14.288	2.7139
7548.0	14.255	2.7089
7550.0	14.273	2.7139
7552.0	14.253	2.7114
7554.0	14.245	2.7114
7556.0	14.225	2.7089
7558.0	14.204	2.7064
7560.0	14.196	2.7064
7562.0	14.175999999999998	2.704
7564.0	14.168	2.704
7566.0	14.148	2.7015
7568.0	14.14	2.7015
7570.0	14.12	2.699
7572.0	14.099	2.6965
7574.0	14.092	2.6965
7576.0	14.071	2.694
7578.0	14.064	2.694
7580.0	14.044	2.6915
7582.0	14.036	2.6915
7584.0	14.015999999999998	2.689
7586.0	14.009	2.689
7588.0	13.988	2.6866
7590.0	13.968	2.6841
7592.0	13.960999999999999	2.6841
7594.0	13.940999999999999	2.6816
7596.0	13.933	2.6816
7598.0	13.913	2.6792
7600.0	13.905999999999999	2.6792
7602.0	13.886	2.6767
7604.0	13.878	2.6767
7606.0	13.857999999999999	2.6742
7608.0	13.850999999999999	2.6742
7610.0	13.831	2.6718
7612.0	13.824000000000002	2.6718
7614.0	13.804	2.6693
7616.0	13.796	2.6693
7618.0	13.776	2.6669
7620.0	13.769	2.6669
7622.0	13.749	2.6644
7624.0	13.742	2.6644
7626.0	13.722000000000001	2.6619
7628.0	13.715	2.6619
7630.0	13.708	2.6619
7632.0	13.687999999999999	2.6595
7634.0	13.681	2.6595
7636.0	13.661	2.6571
7638.0	13.654000000000002	2.6571
7640.0	13.634	2.6546
7642.0	13.627	2.6546
7644.0	13.607999999999999	2.6522
7646.0	13.6	2.6522
7648.0	13.593	2.6522
7650.0	13.574000000000002	2.6497
7652.0	13.567	2.6497
7654.0	13.547	2.6473
7656.0	13.54	2.6473
7658.0	13.52	2.6448
7660.0	13.513	2.6448
7662.0	13.505999999999998	2.6448
7664.0	13.487	2.6424
7666.0	13.48	2.6424
7668.0	13.46	2.64
7670.0	13.453	2.64
7672.0	13.446	2.64
7674.0	13.427	2.6375
7676.0	13.42	2.6375
7678.0	13.401	2.6351
7680.0	13.394	2.6351
7682.0	13.387	2.6351
7684.0	13.367	2.6327
7686.0	13.36	2.6327
7688.0	13.353	2.6327
7690.0	13.334000000000001	2.6303
7692.0	13.34	2.6327
7694.0	13.308	2.6278
7696.0	13.300999999999998	2.6278
7698.0	13.294	2.6278
7700.0	13.287	2.6278
7702.0	13.28	2.6278
7704.0	13.274000000000001	2.6278
7706.0	13.267000000000001	2.6278
7708.0	13.26	2.6278
7710.0	13.241	2.6254
7712.0	13.209000000000001	2.6206
7714.0	13.177999999999999	2.6158
7716.0	13.172	2.6158
7718.0	13.14	2.611
7720.0	13.122	2.6085
7722.0	13.115	2.6085
7724.0	13.084000000000001	2.6038
7726.0	13.077	2.6038
7728.0	13.07	2.6038
7730.0	13.039000000000001	2.599
7732.0	13.033	2.599
7734.0	13.002	2.5942
7736.0	12.982999999999999	2.5918
7738.0	12.977	2.5918
7740.0	12.946	2.587
7742.0	12.915999999999999	2.5823
7744.0	12.885	2.5775
7746.0	12.867	2.5751
7748.0	12.86	2.5751
7750.0	12.853	2.5751
7752.0	12.847000000000001	2.5751
7754.0	12.852	2.5775
7756.0	12.869000000000002	2.5823
7758.0	12.862	2.5823
7760.0	12.879000000000001	2.587
7762.0	12.873	2.587
7764.0	12.866	2.587
7766.0	12.86	2.587
7768.0	12.853	2.587
7770.0	12.823	2.5823
7772.0	12.815999999999999	2.5823
7774.0	12.809000000000001	2.5823
7776.0	12.779000000000002	2.5775
7778.0	12.761	2.5751
7780.0	12.754000000000001	2.5751
7782.0	12.724	2.5704
7784.0	12.694	2.5657
7786.0	12.675999999999998	2.5633
7788.0	12.645999999999999	2.5586
7790.0	12.64	2.5586
7792.0	12.61	2.5539
7794.0	12.604000000000001	2.5539
7796.0	12.597000000000001	2.5539
7798.0	12.591	2.5539
7800.0	12.561	2.5492
7802.0	12.555	2.5492
7804.0	12.548	2.5492
7806.0	12.53	2.5468
7808.0	12.501	2.5421
7810.0	12.470999999999998	2.5375
7812.0	12.465	2.5375
7814.0	12.459000000000001	2.5375
7816.0	12.429	2.5328
7818.0	12.412	2.5305
7820.0	12.405	2.5305
7822.0	12.399000000000001	2.5305
7824.0	12.392999999999999	2.5305
7826.0	12.386	2.5305
7828.0	12.38	2.5305
7830.0	12.385	2.5328
7832.0	12.379000000000001	2.5328
7834.0	12.372	2.5328
7836.0	12.366	2.5328
7838.0	12.347999999999999	2.5305
7840.0	12.342	2.5305
7842.0	12.312999999999999	2.5258
7844.0	12.307	2.5258
7846.0	12.277999999999999	2.5211
7848.0	12.272	2.5211
7850.0	12.265	2.5211
7852.0	12.259	2.5211
7854.0	12.253	2.5211
7856.0	12.247	2.5211
7858.0	12.24	2.5211
7860.0	12.234000000000002	2.5211
7862.0	12.228	2.5211
7864.0	12.222000000000001	2.5211
7866.0	12.215	2.5211
7868.0	12.187000000000001	2.5165
7870.0	12.181	2.5165
7872.0	12.163	2.5142
7874.0	12.157	2.5142
7876.0	12.129000000000001	2.5096
7878.0	12.122	2.5096
7880.0	12.094000000000001	2.505
7882.0	12.088	2.505
7884.0	12.059000000000001	2.5003
7886.0	12.042	2.498
7888.0	12.036	2.498
7890.0	12.03	2.498
7892.0	12.024000000000001	2.498
7894.0	12.050999999999998	2.505
7896.0	12.045	2.505
7898.0	12.061	2.5096
7900.0	12.055	2.5096
7902.0	12.071	2.5142
7904.0	12.043	2.5096
7906.0	12.037	2.5096
7908.0	12.008	2.505
7910.0	11.98	2.5003
7912.0	11.963	2.498
7914.0	11.935	2.4934
7916.0	11.907	2.4888
7918.0	11.89	2.4866
7920.0	11.862	2.482
7922.0	11.856	2.482
7924.0	11.829	2.4774
7926.0	11.823	2.4774
7928.0	11.817	2.4774
7930.0	11.811	2.4774
7932.0	11.805	2.4774
7934.0	11.799000000000001	2.4774
7936.0	11.793	2.4774
7938.0	11.787	2.4774
7940.0	11.780999999999999	2.4774
7942.0	11.775	2.4774
7944.0	11.790999999999999	2.482
7946.0	11.785	2.482
7948.0	11.779000000000002	2.482
7950.0	11.773	2.482
7952.0	11.745	2.4774
7954.0	11.739	2.4774
7956.0	11.712	2.4729
7958.0	11.706	2.4729
7960.0	11.689	2.4706
7962.0	11.662	2.466
7964.0	11.655999999999999	2.466
7966.0	11.65	2.466
7968.0	11.644	2.466
7970.0	11.639000000000001	2.466
7972.0	11.610999999999999	2.4615
7974.0	11.606	2.4615
7976.0	11.568	2.4547
7978.0	11.540999999999999	2.4502
7980.0	11.514000000000001	2.4457
7982.0	11.508	2.4457
7984.0	11.481	2.4412
7986.0	11.465	2.4389
7988.0	11.459000000000001	2.4389
7990.0	11.453	2.4389
7992.0	11.425999999999998	2.4344
7994.0	11.421	2.4344
7996.0	11.415	2.4344
7998.0	11.388	2.43
8000.0	11.383	2.43
8002.0	11.377	2.43
8004.0	11.370999999999999	2.43
8006.0	11.366	2.43
8008.0	11.380999999999998	2.4344
8010.0	11.375	2.4344
8012.0	11.369000000000002	2.4344
8014.0	11.364	2.4344
8016.0	11.357999999999999	2.4344
8018.0	11.332	2.43
8020.0	11.325999999999999	2.43
8022.0	11.32	2.43
8024.0	11.315	2.43
8026.0	11.309000000000001	2.43
8028.0	11.302999999999999	2.43
8030.0	11.319	2.4344
8032.0	11.312999999999999	2.4344
8034.0	11.307	2.4344
8036.0	11.302	2.4344
8038.0	11.296	2.4344
8040.0	11.311	2.4389
8042.0	11.306	2.4389
8044.0	11.279000000000002	2.4344
8046.0	11.274000000000001	2.4344
8048.0	11.267999999999999	2.4344
8050.0	11.242	2.43
8052.0	11.235999999999999	2.43
8054.0	11.23	2.43
8056.0	11.225	2.43
8058.0	11.219000000000001	2.43
8060.0	11.214	2.43
8062.0	11.198	2.4277
8064.0	11.172	2.4233
8066.0	11.165999999999999	2.4233
8068.0	11.14	2.4188
8070.0	11.135	2.4188
8072.0	11.129000000000001	2.4188
8074.0	11.124	2.4188
8076.0	11.097999999999999	2.4143
8078.0	11.092	2.4143
8080.0	11.087	2.4143
8082.0	11.071	2.4121
8084.0	11.045	2.4077
8086.0	11.04	2.4077
8088.0	11.014000000000001	2.4032
8090.0	11.008	2.4032
8092.0	10.982999999999999	2.3988
8094.0	10.977	2.3988
8096.0	10.972000000000001	2.3988
8098.0	10.966	2.3988
8100.0	10.950999999999999	2.3966
8102.0	10.945	2.3966
8104.0	10.94	2.3966
8106.0	10.915	2.3922
8108.0	10.909	2.3922
8110.0	10.904000000000002	2.3922
8112.0	10.898	2.3922
8114.0	10.892999999999999	2.3922
8116.0	10.868	2.3878
8118.0	10.842	2.3834
8120.0	10.827	2.3812
8122.0	10.822000000000001	2.3812
8124.0	10.796	2.3768
8126.0	10.770999999999999	2.3725
8128.0	10.765999999999998	2.3725
8130.0	10.741	2.3681
8132.0	10.735999999999999	2.3681
8134.0	10.72	2.3659
8136.0	10.715	2.3659
8138.0	10.71	2.3659
8140.0	10.705	2.3659
8142.0	10.68	2.3616
8144.0	10.674000000000001	2.3616
8146.0	10.65	2.3572
8148.0	10.644	2.3572
8150.0	10.639000000000001	2.3572
8152.0	10.624	2.355
8154.0	10.619000000000002	2.355
8156.0	10.614	2.355
8158.0	10.589	2.3507
8160.0	10.584000000000001	2.3507
8162.0	10.559000000000001	2.3464
8164.0	10.554	2.3464
8166.0	10.549000000000001	2.3464
8168.0	10.544	2.3464
8170.0	10.538	2.3464
8172.0	10.533	2.3464
8174.0	10.527999999999999	2.3464
8176.0	10.523	2.3464
8178.0	10.517999999999999	2.3464
8180.0	10.513	2.3464
8182.0	10.508	2.3464
8184.0	10.502	2.3464
8186.0	10.497	2.3464
8188.0	10.492	2.3464
8190.0	10.468	2.3421
8192.0	10.453	2.3399
8194.0	10.429	2.3356
8196.0	10.404000000000002	2.3313
8198.0	10.370999999999999	2.3249
8200.0	10.345999999999998	2.3206
8202.0	10.322000000000001	2.3163
8204.0	10.298	2.3121
8206.0	10.284	2.3099
8208.0	10.26	2.3057
8210.0	10.236	2.3014
8212.0	10.212	2.2972
8214.0	10.179	2.2909
8216.0	10.146	2.2846
8218.0	10.104	2.2761
8220.0	10.071	2.2699
8222.0	10.029	2.2615
8224.0	9.9966	2.2553
8226.0	9.9917	2.2553
8228.0	9.9685	2.2511
8230.0	9.9637	2.2511
8232.0	9.9772	2.2553
8234.0	9.9816	2.2574
8236.0	10.014	2.2657
8238.0	10.009	2.2657
8240.0	10.031	2.272
8242.0	10.045	2.2761
8244.0	10.022	2.272
8246.0	10.017000000000001	2.272
8248.0	10.003	2.2699
8250.0	9.9796	2.2657
8252.0	9.9748	2.2657
8254.0	9.9516	2.2615
8256.0	9.9468	2.2615
8258.0	9.942	2.2615
8260.0	9.9372	2.2615
8262.0	9.9141	2.2574
8264.0	9.9	2.2553
8266.0	9.8953	2.2553
8268.0	9.8723	2.2511
8270.0	9.8494	2.247
8272.0	9.8446	2.247
8274.0	9.8218	2.2428
8276.0	9.817	2.2428
8278.0	9.8123	2.2428
8280.0	9.8256	2.247
8282.0	9.8209	2.247
8284.0	9.8342	2.2511
8286.0	9.8475	2.2553
8288.0	9.8428	2.2553
8290.0	9.8654	2.2615
8292.0	9.8788	2.2657
8294.0	9.8922	2.2699
8296.0	9.8965	2.272
8298.0	9.91	2.2761
8300.0	9.9052	2.2761
8302.0	9.9004	2.2761
8304.0	9.8956	2.2761
8306.0	9.8909	2.2761
8308.0	9.868	2.272
8310.0	9.8541	2.2699
8312.0	9.8313	2.2657
8314.0	9.8085	2.2615
8316.0	9.7766	2.2553
8318.0	9.754	2.2511
8320.0	9.7493	2.2511
8322.0	9.7267	2.247
8324.0	9.722	2.247
8326.0	9.7173	2.247
8328.0	9.7127	2.247
8330.0	9.708	2.247
8332.0	9.7033	2.247
8334.0	9.6987	2.247
8336.0	9.694	2.247
8338.0	9.7072	2.2511
8340.0	9.6847	2.247
8342.0	9.6801	2.247
8344.0	9.6754	2.247
8346.0	9.6708	2.247
8348.0	9.6662	2.247
8350.0	9.6615	2.247
8352.0	9.6569	2.247
8354.0	9.6523	2.247
8356.0	9.6477	2.247
8358.0	9.6431	2.247
8360.0	9.6384	2.247
8362.0	9.6161	2.2428
8364.0	9.6115	2.2428
8366.0	9.5981	2.2408
8368.0	9.5935	2.2408
8370.0	9.5713	2.2367
8372.0	9.5667	2.2367
8374.0	9.5621	2.2367
8376.0	9.5576	2.2367
8378.0	9.553	2.2367
8380.0	9.5484	2.2367
8382.0	9.5439	2.2367
8384.0	9.5393	2.2367
8386.0	9.5348	2.2367
8388.0	9.5302	2.2367
8390.0	9.5082	2.2325
8392.0	9.5037	2.2325
8394.0	9.4991	2.2325
8396.0	9.4772	2.2284
8398.0	9.4639	2.2264
8400.0	9.4419	2.2223
8402.0	9.4549	2.2264
8404.0	9.4504	2.2264
8406.0	9.4546	2.2284
8408.0	9.4501	2.2284
8410.0	9.463	2.2325
8412.0	9.4585	2.2325
8414.0	9.4366	2.2284
8416.0	9.4234	2.2264
8418.0	9.4016	2.2223
8420.0	9.3798	2.2182
8422.0	9.3754	2.2182
8424.0	9.3709	2.2182
8426.0	9.3579	2.2161
8428.0	9.3534	2.2161
8430.0	9.349	2.2161
8432.0	9.3274	2.2121
8434.0	9.3229	2.2121
8436.0	9.3185	2.2121
8438.0	9.3141	2.2121
8440.0	9.2926	2.208
8442.0	9.2882	2.208
8444.0	9.2838	2.208
8446.0	9.2623	2.2039
8448.0	9.2579	2.2039
8450.0	9.2535	2.2039
8452.0	9.2492	2.2039
8454.0	9.2363	2.2019
8456.0	9.2404	2.2039
8458.0	9.253	2.208
8460.0	9.2657	2.2121
8462.0	9.2784	2.2161
8464.0	9.2826	2.2182
8466.0	9.2782	2.2182
8468.0	9.2909	2.2223
8470.0	9.2865	2.2223
8472.0	9.2821	2.2223
8474.0	9.2777	2.2223
8476.0	9.2733	2.2223
8478.0	9.2519	2.2182
8480.0	9.2476	2.2182
8482.0	9.2177	2.2121
8484.0	9.1964	2.208
8486.0	9.1752	2.2039
8488.0	9.1709	2.2039
8490.0	9.1581	2.2019
8492.0	9.1538	2.2019
8494.0	9.1495	2.2019
8496.0	9.1536	2.2039
8498.0	9.1493	2.2039
8500.0	9.145	2.2039
8502.0	9.1575	2.208
8504.0	9.1532	2.208
8506.0	9.1321	2.2039
8508.0	9.1278	2.2039
8510.0	9.0983	2.1978
8512.0	9.094	2.1978
8514.0	9.0897	2.1978
8516.0	9.0687	2.1938
8518.0	9.0645	2.1938
8520.0	9.0602	2.1938
8522.0	9.056	2.1938
8524.0	9.0684	2.1978
8526.0	9.0809	2.2019
8528.0	9.085	2.2039
8530.0	9.0975	2.208
8532.0	9.11	2.2121
8534.0	9.1225	2.2161
8536.0	9.1266	2.2182
8538.0	9.1392	2.2223
8540.0	9.1518	2.2264
8542.0	9.1475	2.2264
8544.0	9.1517	2.2284
8546.0	9.1474	2.2284
8548.0	9.1347	2.2264
8550.0	9.1135	2.2223
8552.0	9.0925	2.2182
8554.0	9.0883	2.2182
8556.0	9.059	2.2121
8558.0	9.0381	2.208
8560.0	9.0173	2.2039
8562.0	8.9716	2.1938
8564.0	8.9426	2.1878
8566.0	8.9056	2.1797
8568.0	8.8769	2.1737
8570.0	8.832	2.1637
8572.0	8.7954	2.1558
8574.0	8.7751	2.1518
8576.0	8.763	2.1498
8578.0	8.7589	2.1498
8580.0	8.7629	2.1518
8582.0	8.7588	2.1518
8584.0	8.7708	2.1558
8586.0	8.7667	2.1558
8588.0	8.7788	2.1597
8590.0	8.7909	2.1637
8592.0	8.7706	2.1597
8594.0	8.7665	2.1597
8596.0	8.7463	2.1558
8598.0	8.7262	2.1518
8600.0	8.6981	2.1459
8602.0	8.678	2.1419
8604.0	8.658	2.138
8606.0	8.654	2.138
8608.0	8.642	2.136
8610.0	8.638	2.136
8612.0	8.634	2.136
8614.0	8.63	2.136
8616.0	8.626	2.136
8618.0	8.622	2.136
8620.0	8.618	2.136
8622.0	8.614	2.136
8624.0	8.5941	2.1321
8626.0	8.5901	2.1321
8628.0	8.5862	2.1321
8630.0	8.5822	2.1321
8632.0	8.5782	2.1321
8634.0	8.5585	2.1281
8636.0	8.5388	2.1242
8638.0	8.527	2.1223
8640.0	8.5073	2.1184
8642.0	8.4878	2.1145
8644.0	8.4838	2.1145
8646.0	8.4799	2.1145
8648.0	8.4916	2.1184
8650.0	8.4877	2.1184
8652.0	8.4994	2.1223
8654.0	8.519	2.1281
8656.0	8.5307	2.1321
8658.0	8.5268	2.1321
8660.0	8.5228	2.1321
8662.0	8.5189	2.1321
8664.0	8.515	2.1321
8666.0	8.4954	2.1281
8668.0	8.4759	2.1242
8670.0	8.4641	2.1223
8672.0	8.4291	2.1145
8674.0	8.402	2.1086
8676.0	8.3826	2.1047
8678.0	8.3557	2.0989
8680.0	8.3211	2.0912
8682.0	8.3019	2.0874
8684.0	8.2752	2.0816
8686.0	8.241	2.074
8688.0	8.2297	2.0721
8690.0	8.2107	2.0682
8692.0	8.1918	2.0644
8694.0	8.1881	2.0644
8696.0	8.1693	2.0606
8698.0	8.1579	2.0587
8700.0	8.1242	2.0512
8702.0	8.0981	2.0455
8704.0	8.0646	2.038
8706.0	8.0386	2.0324
8708.0	8.0202	2.0286
8710.0	7.9797	2.0193
8712.0	7.976	2.0193
8714.0	7.987	2.023
8716.0	7.9907	2.0249
8718.0	8.0018	2.0286
8720.0	8.035	2.038
8722.0	8.0684	2.0474
8724.0	8.0945	2.0549
8726.0	8.1281	2.0644
8728.0	8.1394	2.0682
8730.0	8.1581	2.074
8732.0	8.1694	2.0778
8734.0	8.1808	2.0816
8736.0	8.177	2.0816
8738.0	8.1883	2.0854
8740.0	8.1921	2.0874
8742.0	8.1884	2.0874
8744.0	8.1846	2.0874
8746.0	8.1734	2.0854
8748.0	8.1696	2.0854
8750.0	8.1509	2.0816
8752.0	8.1472	2.0816
8754.0	8.1284	2.0778
8756.0	8.1023	2.0721
8758.0	8.0837	2.0682
8760.0	8.0652	2.0644
8762.0	8.0244	2.0549
8764.0	8.006	2.0512
8766.0	7.9656	2.0417
8768.0	7.9473	2.038
8770.0	7.9217	2.0324
8772.0	7.889	2.0249
8774.0	7.8782	2.023
8776.0	7.8601	2.0193
8778.0	7.842	2.0156
8780.0	7.8241	2.0119
8782.0	7.8133	2.01
8784.0	7.7953	2.0063
8786.0	7.7918	2.0063
8788.0	7.8026	2.01
8790.0	7.799	2.01
8792.0	7.8027	2.0119
8794.0	7.8135	2.0156
8796.0	7.8244	2.0193
8798.0	7.8208	2.0193
8800.0	7.8173	2.0193
8802.0	7.8137	2.0193
8804.0	7.7958	2.0156
8806.0	7.7779	2.0119
8808.0	7.7672	2.01
8810.0	7.7637	2.01
8812.0	7.7601	2.01
8814.0	7.7424	2.0063
8816.0	7.7531	2.01
8818.0	7.7711	2.0156
8820.0	7.7819	2.0193
8822.0	7.7998	2.0249
8824.0	7.7963	2.0249
8826.0	7.8071	2.0286
8828.0	7.8036	2.0286
8830.0	7.8001	2.0286
8832.0	7.7965	2.0286
8834.0	7.7787	2.0249
8836.0	7.768	2.023
8838.0	7.7502	2.0193
8840.0	7.7467	2.0193
8842.0	7.7432	2.0193
8844.0	7.7397	2.0193
8846.0	7.7362	2.0193
8848.0	7.7469	2.023
8850.0	7.7434	2.023
8852.0	7.7399	2.023
8854.0	7.7364	2.023
8856.0	7.7187	2.0193
8858.0	7.7153	2.0193
8860.0	7.6834	2.0119
8862.0	7.6728	2.01
8864.0	7.6412	2.0026
8866.0	7.6237	1.9989
8868.0	7.6132	1.9971
8870.0	7.5818	1.9898
8872.0	7.5575	1.9843
8874.0	7.5402	1.9806
8876.0	7.516	1.9751
8878.0	7.485	1.9679
8880.0	7.4678	1.9643
8882.0	7.4438	1.9588
8884.0	7.4268	1.9552
8886.0	7.4235	1.9552
8888.0	7.3997	1.9498
8890.0	7.3963	1.9498
8892.0	7.3794	1.9463
8894.0	7.3761	1.9463
8896.0	7.3592	1.9427
8898.0	7.3424	1.9391
8900.0	7.3391	1.9391
8902.0	7.3358	1.9391
8904.0	7.346	1.9427
8906.0	7.3427	1.9427
8908.0	7.3529	1.9463
8910.0	7.3496	1.9463
8912.0	7.3463	1.9463
8914.0	7.3093	1.9373
8916.0	7.2926	1.9338
8918.0	7.2558	1.9249
8920.0	7.2259	1.9178
8922.0	7.1894	1.909
8924.0	7.1532	1.9002
8926.0	7.1369	1.8967
8928.0	7.114	1.8915
8930.0	7.1108	1.8915
8932.0	7.1076	1.8915
8934.0	7.1044	1.8915
8936.0	7.1012	1.8915
8938.0	7.085	1.888
8940.0	7.0818	1.888
8942.0	7.0657	1.8845
8944.0	7.03	1.8759
8946.0	6.9946	1.8672
8948.0	6.9465	1.8552
8950.0	6.9179	1.8484
8952.0	6.8957	1.8433
8954.0	6.8609	1.8348
8956.0	6.8579	1.8348
8958.0	6.8548	1.8348
8960.0	6.8518	1.8348
8962.0	6.8677	1.8399
8964.0	6.8647	1.8399
8966.0	6.8742	1.8433
8968.0	6.8838	1.8467
8970.0	6.8871	1.8484
8972.0	6.8967	1.8518
8974.0	6.8936	1.8518
8976.0	6.9032	1.8552
8978.0	6.9002	1.8552
8980.0	6.9162	1.8604
8982.0	6.9131	1.8604
8984.0	6.9228	1.8638
8986.0	6.9325	1.8672
8988.0	6.9486	1.8724
8990.0	6.9583	1.8759
8992.0	6.968	1.8793
8994.0	6.9971	1.888
8996.0	7.0068	1.8915
8998.0	7.0102	1.8932
9000.0	7.02	1.8967
9002.0	7.0169	1.8967
9004.0	7.0137	1.8967
9006.0	6.9913	1.8915
9008.0	6.9882	1.8915
9010.0	6.9722	1.888
9012.0	6.9691	1.888
9014.0	6.9532	1.8845
9016.0	6.9502	1.8845
9018.0	6.9471	1.8845
9020.0	6.944	1.8845
9022.0	6.9281	1.881
9024.0	6.9059	1.8759
9026.0	6.8838	1.8707
9028.0	6.8555	1.8638
9030.0	6.8209	1.8552
9032.0	6.7929	1.8484
9034.0	6.7836	1.8467
9036.0	6.7806	1.8467
9038.0	6.7651	1.8433
9040.0	6.7497	1.8399
9042.0	6.7281	1.8348
9044.0	6.7127	1.8315
9046.0	6.6851	1.8247
9048.0	6.6637	1.8197
9050.0	6.6485	1.8164
9052.0	6.6272	1.8113
9054.0	6.6121	1.808
9056.0	6.597	1.8047
9058.0	6.5941	1.8047
9060.0	6.5851	1.803
9062.0	6.5701	1.7997
9064.0	6.5672	1.7997
9066.0	6.5643	1.7997
9068.0	6.5735	1.803
9070.0	6.5706	1.803
9072.0	6.5677	1.803
9074.0	6.5648	1.803
9076.0	6.568	1.8047
9078.0	6.5651	1.8047
9080.0	6.5743	1.808
9082.0	6.5835	1.8113
9084.0	6.5928	1.8147
9086.0	6.5959	1.8164
9088.0	6.6052	1.8197
9090.0	6.5901	1.8164
9092.0	6.5872	1.8164
9094.0	6.5843	1.8164
9096.0	6.5936	1.8197
9098.0	6.6028	1.8231
9100.0	6.606	1.8247
9102.0	6.6152	1.8281
9104.0	6.6123	1.8281
9106.0	6.6216	1.8315
9108.0	6.6187	1.8315
9110.0	6.6158	1.8315
9112.0	6.6129	1.8315
9114.0	6.5978	1.8281
9116.0	6.5949	1.8281
9118.0	6.592	1.8281
9120.0	6.5892	1.8281
9122.0	6.5863	1.8281
9124.0	6.5834	1.8281
9126.0	6.5926	1.8315
9128.0	6.6019	1.8348
9130.0	6.6051	1.8365
9132.0	6.6144	1.8399
9134.0	6.6237	1.8433
9136.0	6.633	1.8467
9138.0	6.6301	1.8467
9140.0	6.6272	1.8467
9142.0	6.6243	1.8467
9144.0	6.6092	1.8433
9146.0	6.6063	1.8433
9148.0	6.6034	1.8433
9150.0	6.6127	1.8467
9152.0	6.6159	1.8484
9154.0	6.6252	1.8518
9156.0	6.6223	1.8518
9158.0	6.6194	1.8518
9160.0	6.6165	1.8518
9162.0	6.6015	1.8484
9164.0	6.5925	1.8467
9166.0	6.5775	1.8433
9168.0	6.5868	1.8467
9170.0	6.6021	1.8518
9172.0	6.6235	1.8586
9174.0	6.639	1.8638
9176.0	6.6667	1.8724
9178.0	6.6884	1.8793
9180.0	6.6917	1.881
9182.0	6.6888	1.881
9184.0	6.6858	1.881
9186.0	6.6768	1.8793
9188.0	6.6616	1.8759
9190.0	6.6587	1.8759
9192.0	6.6558	1.8759
9194.0	6.6529	1.8759
9196.0	6.6622	1.8793
9198.0	6.6471	1.8759
9200.0	6.6442	1.8759
