3200.0	5004.0	170.92
3201.0	4945.9	169.04
3202.0	4888.5	167.19
3203.0	4845.1	165.81
3204.0	4842.1	165.81
3205.0	4839.1	165.81
3206.0	4862.9	166.72
3207.0	4886.8	167.65
3208.0	4947.1	169.82
3209.0	5017.4	172.35
3210.0	5079.4	174.58
3211.0	5156.3	177.34
3212.0	5229.6	179.97
3213.0	5294.2	182.31
3214.0	5339.8	183.99
3215.0	5380.9	185.52
3216.0	5402.4	186.38
3217.0	5419.0	187.07
3218.0	5420.6	187.24
3219.0	5427.2	187.59
3220.0	5423.9	187.59
3221.0	5420.5	187.59
3222.0	5427.1	187.93
3223.0	5428.8	188.11
3224.0	5435.4	188.45
3225.0	5432.0	188.45
3226.0	5438.7	188.8
3227.0	5435.3	188.8
3228.0	5441.9	189.15
3229.0	5453.6	189.67
3230.0	5460.3	190.02
3231.0	5472.0	190.55
3232.0	5478.7	190.9
3233.0	5485.4	191.25
3234.0	5497.2	191.78
3235.0	5514.1	192.49
3236.0	5536.1	193.37
3237.0	5548.0	193.91
3238.0	5565.0	194.63
3239.0	5571.8	194.98
3240.0	5568.4	194.98
3241.0	5544.5	194.27
3242.0	5541.1	194.27
3243.0	5522.4	193.73
3244.0	5508.8	193.37
3245.0	5495.3	193.02
3246.0	5476.7	192.49
3247.0	5453.3	191.78
3248.0	5414.9	190.55
3249.0	5376.8	189.32
3250.0	5334.0	187.93
3251.0	5296.5	186.72
3252.0	5259.2	185.52
3253.0	5231.8	184.67
3254.0	5209.4	183.99
3255.0	5172.7	182.81
3256.0	5136.3	181.63
3257.0	5119.0	181.13
3258.0	5106.4	180.8
3259.0	5089.2	180.3
3260.0	5076.7	179.97
3261.0	5064.3	179.64
3262.0	5061.2	179.64
3263.0	5067.4	179.97
3264.0	5064.3	179.97
3265.0	5061.2	179.97
3266.0	5072.1	180.47
3267.0	5069.0	180.47
3268.0	5075.2	180.8
3269.0	5072.1	180.8
3270.0	5069.0	180.8
3271.0	5056.6	180.47
3272.0	5048.9	180.3
3273.0	5036.5	179.97
3274.0	5024.2	179.64
3275.0	5007.2	179.14
3276.0	4985.8	178.48
3277.0	4959.8	177.66
3278.0	4934.0	176.85
3279.0	4908.4	176.04
3280.0	4878.4	175.07
3281.0	4861.9	174.58
3282.0	4841.1	173.94
3283.0	4824.8	173.46
3284.0	4804.1	172.82
3285.0	4796.8	172.66
3286.0	4793.9	172.66
3287.0	4790.9	172.66
3288.0	4788.0	172.66
3289.0	4785.1	172.66
3290.0	4782.2	172.66
3291.0	4779.3	172.66
3292.0	4776.4	172.66
3293.0	4777.9	172.82
3294.0	4783.8	173.14
3295.0	4789.7	173.46
3296.0	4795.6	173.78
3297.0	4797.1	173.94
3298.0	4794.2	173.94
3299.0	4786.9	173.78
3300.0	4788.4	173.94
3301.0	4794.4	174.26
3302.0	4791.4	174.26
3303.0	4797.4	174.58
3304.0	4803.3	174.9
3305.0	4800.4	174.9
3306.0	4788.7	174.58
3307.0	4777.0	174.26
3308.0	4760.9	173.78
3309.0	4758.0	173.78
3310.0	4755.2	173.78
3311.0	4756.6	173.94
3312.0	4762.6	174.26
3313.0	4768.4	174.58
3314.0	4765.6	174.58
3315.0	4775.9	175.07
3316.0	4790.6	175.71
3317.0	4796.6	176.04
3318.0	4793.7	176.04
3319.0	4795.2	176.2
3320.0	4801.1	176.52
3321.0	4798.2	176.52
3322.0	4795.4	176.52
3323.0	4783.6	176.2
3324.0	4767.6	175.71
3325.0	4747.2	175.07
3326.0	4753.1	175.39
3327.0	4750.2	175.39
3328.0	4747.4	175.39
3329.0	4744.5	175.39
3330.0	4728.6	174.9
3331.0	4708.4	174.26
3332.0	4683.9	173.46
3333.0	4659.6	172.66
3334.0	4639.7	172.03
3335.0	4607.1	170.92
3336.0	4583.2	170.14
3337.0	4559.4	169.36
3338.0	4535.8	168.58
3339.0	4503.9	167.49
3340.0	4480.5	166.72
3341.0	4461.4	166.11
3342.0	4450.5	165.81
3343.0	4443.7	165.65
3344.0	4432.9	165.35
3345.0	4430.2	165.35
3346.0	4427.6	165.35
3347.0	4424.9	165.35
3348.0	4414.2	165.04
3349.0	4411.5	165.04
3350.0	4408.9	165.04
3351.0	4394.1	164.59
3352.0	4375.4	163.98
3353.0	4364.7	163.68
3354.0	4358.1	163.53
3355.0	4347.5	163.23
3356.0	4336.9	162.93
3357.0	4334.3	162.93
3358.0	4331.7	162.93
3359.0	4321.2	162.63
3360.0	4318.6	162.63
3361.0	4324.0	162.93
3362.0	4321.4	162.93
3363.0	4326.8	163.23
3364.0	4332.2	163.53
3365.0	4329.6	163.53
3366.0	4331.0	163.68
3367.0	4344.5	164.29
3368.0	4349.9	164.59
3369.0	4351.3	164.74
3370.0	4356.7	165.04
3371.0	4346.1	164.74
3372.0	4339.6	164.59
3373.0	4349.0	165.04
3374.0	4354.4	165.35
3375.0	4359.9	165.65
3376.0	4369.3	166.11
3377.0	4374.8	166.42
3378.0	4392.4	167.19
3379.0	4401.9	167.65
3380.0	4423.7	168.58
3381.0	4425.2	168.73
3382.0	4430.7	169.04
3383.0	4436.3	169.36
3384.0	4441.8	169.67
3385.0	4443.3	169.82
3386.0	4436.6	169.67
3387.0	4425.8	169.36
3388.0	4423.2	169.36
3389.0	4420.6	169.36
3390.0	4426.1	169.67
3391.0	4435.7	170.14
3392.0	4424.9	169.82
3393.0	4418.3	169.67
3394.0	4407.5	169.36
3395.0	4388.7	168.73
3396.0	4386.2	168.73
3397.0	4391.7	169.04
3398.0	4397.2	169.36
3399.0	4394.6	169.36
3400.0	4392.0	169.36
3401.0	4397.5	169.67
3402.0	4399.0	169.82
3403.0	4404.5	170.14
3404.0	4410.0	170.45
3405.0	4407.4	170.45
3406.0	4404.9	170.45
3407.0	4402.3	170.45
3408.0	4407.8	170.77
3409.0	4405.2	170.77
3410.0	4406.7	170.92
3411.0	4400.1	170.77
3412.0	4389.4	170.45
3413.0	4378.7	170.14
3414.0	4368.1	169.82
3415.0	4365.5	169.82
3416.0	4363.0	169.82
3417.0	4360.4	169.82
3418.0	4345.9	169.36
3419.0	4335.3	169.04
3420.0	4332.8	169.04
3421.0	4330.3	169.04
3422.0	4327.7	169.04
3423.0	4333.2	169.36
3424.0	4330.7	169.36
3425.0	4328.1	169.36
3426.0	4317.6	169.04
3427.0	4303.2	168.58
3428.0	4300.7	168.58
3429.0	4290.3	168.27
3430.0	4287.8	168.27
3431.0	4277.4	167.96
3432.0	4263.1	167.49
3433.0	4260.6	167.49
3434.0	4250.3	167.19
3435.0	4240.0	166.88
3436.0	4233.6	166.72
3437.0	4235.1	166.88
3438.0	4232.6	166.88
3439.0	4230.1	166.88
3440.0	4216.0	166.42
3441.0	4198.1	165.81
3442.0	4184.1	165.35
3443.0	4162.4	164.59
3444.0	4144.7	163.98
3445.0	4123.3	163.23
3446.0	4102.0	162.48
3447.0	4080.7	161.73
3448.0	4063.4	161.14
3449.0	4042.4	160.4
3450.0	4040.0	160.4
3451.0	4037.7	160.4
3452.0	4035.3	160.4
3453.0	4033.0	160.4
3454.0	4038.1	160.69
3455.0	4035.7	160.69
3456.0	4033.4	160.69
3457.0	4023.7	160.4
3458.0	4028.7	160.69
3459.0	4030.1	160.84
3460.0	4027.8	160.84
3461.0	4025.5	160.84
3462.0	4023.2	160.84
3463.0	4020.8	160.84
3464.0	4025.9	161.14
3465.0	4023.6	161.14
3466.0	4021.3	161.14
3467.0	4018.9	161.14
3468.0	4009.2	160.84
3469.0	4021.7	161.44
3470.0	4049.1	162.63
3471.0	4069.2	163.53
3472.0	4070.6	163.68
3473.0	4064.5	163.53
3474.0	4054.7	163.23
3475.0	4037.5	162.63
3476.0	4024.0	162.18
3477.0	4014.3	161.88
3478.0	4000.9	161.44
3479.0	3983.9	160.84
3480.0	3970.7	160.4
3481.0	3950.1	159.66
3482.0	3940.6	159.37
3483.0	3931.1	159.07
3484.0	3928.8	159.07
3485.0	3933.8	159.37
3486.0	3931.6	159.37
3487.0	3929.3	159.37
3488.0	3927.1	159.37
3489.0	3924.8	159.37
3490.0	3922.6	159.37
3491.0	3927.5	159.66
3492.0	3925.3	159.66
3493.0	3923.0	159.66
3494.0	3920.8	159.66
3495.0	3918.5	159.66
3496.0	3909.1	159.37
3497.0	3899.7	159.07
3498.0	3886.7	158.64
3499.0	3877.3	158.34
3500.0	3868.0	158.05
3501.0	3865.8	158.05
3502.0	3852.9	157.62
3503.0	3850.7	157.62
3504.0	3841.4	157.33
3505.0	3839.2	157.33
3506.0	3837.0	157.33
3507.0	3841.9	157.62
3508.0	3832.7	157.33
3509.0	3823.4	157.04
3510.0	3828.3	157.33
3511.0	3826.1	157.33
3512.0	3816.9	157.04
3513.0	3811.2	156.89
3514.0	3802.0	156.6
3515.0	3792.9	156.31
3516.0	3783.8	156.03
3517.0	3781.6	156.03
3518.0	3779.5	156.03
3519.0	3777.3	156.03
3520.0	3775.2	156.03
3521.0	3797.4	157.04
3522.0	3819.8	158.05
3523.0	3824.7	158.34
3524.0	3822.5	158.34
3525.0	3795.8	157.33
3526.0	3762.3	156.03
3527.0	3749.8	155.6
3528.0	3747.7	155.6
3529.0	3745.6	155.6
3530.0	3743.4	155.6
3531.0	3734.4	155.31
3532.0	3715.2	154.6
3533.0	3696.0	153.89
3534.0	3693.9	153.89
3535.0	3691.8	153.89
3536.0	3689.7	153.89
3537.0	3687.6	153.89
3538.0	3678.8	153.6
3539.0	3666.6	153.18
3540.0	3657.7	152.9
3541.0	3655.7	152.9
3542.0	3653.6	152.9
3543.0	3644.8	152.62
3544.0	3636.1	152.34
3545.0	3634.0	152.34
3546.0	3632.0	152.34
3547.0	3629.9	152.34
3548.0	3634.6	152.62
3549.0	3625.8	152.34
3550.0	3620.5	152.19
3551.0	3611.8	151.91
3552.0	3596.5	151.36
3553.0	3594.4	151.36
3554.0	3599.0	151.64
3555.0	3603.6	151.91
3556.0	3611.6	152.34
3557.0	3616.2	152.62
3558.0	3620.8	152.9
3559.0	3625.5	153.18
3560.0	3633.5	153.6
3561.0	3638.1	153.89
3562.0	3636.1	153.89
3563.0	3637.4	154.03
3564.0	3642.1	154.31
3565.0	3640.0	154.31
3566.0	3631.3	154.03
3567.0	3625.9	153.89
3568.0	3627.2	154.03
3569.0	3638.5	154.6
3570.0	3636.5	154.6
3571.0	3634.5	154.6
3572.0	3625.7	154.31
3573.0	3617.1	154.03
3574.0	3611.7	153.89
3575.0	3609.7	153.89
3576.0	3601.0	153.6
3577.0	3599.0	153.6
3578.0	3590.4	153.32
3579.0	3578.5	152.9
3580.0	3569.9	152.62
3581.0	3551.5	151.91
3582.0	3543.0	151.64
3583.0	3534.5	151.36
3584.0	3522.8	150.94
3585.0	3520.8	150.94
3586.0	3512.4	150.66
3587.0	3504.0	150.38
3588.0	3498.8	150.24
3589.0	3496.8	150.24
3590.0	3498.1	150.38
3591.0	3502.6	150.66
3592.0	3507.1	150.94
3593.0	3514.9	151.36
3594.0	3519.4	151.64
3595.0	3523.9	151.91
3596.0	3521.9	151.91
3597.0	3529.7	152.34
3598.0	3527.8	152.34
3599.0	3525.8	152.34
3600.0	3523.8	152.34
3601.0	3521.9	152.34
3602.0	3519.9	152.34
3603.0	3524.5	152.62
3604.0	3522.5	152.62
3605.0	3520.5	152.62
3606.0	3518.6	152.62
3607.0	3510.2	152.34
3608.0	3508.2	152.34
3609.0	3490.2	151.64
3610.0	3478.6	151.22
3611.0	3454.3	150.24
3612.0	3433.4	149.42
3613.0	3422.0	149.0
3614.0	3413.8	148.73
3615.0	3412.0	148.73
3616.0	3406.9	148.59
3617.0	3405.0	148.59
3618.0	3406.3	148.73
3619.0	3404.4	148.73
3620.0	3399.4	148.59
3621.0	3391.3	148.32
3622.0	3383.2	148.05
3623.0	3372.0	147.64
3624.0	3357.7	147.1
3625.0	3340.4	146.42
3626.0	3323.3	145.75
3627.0	3300.1	144.81
3628.0	3283.1	144.15
3629.0	3263.2	143.35
3630.0	3246.4	142.69
3631.0	3223.8	141.77
3632.0	3207.2	141.12
3633.0	3199.6	140.86
3634.0	3189.0	140.48
3635.0	3181.3	140.22
3636.0	3170.8	139.83
3637.0	3163.3	139.57
3638.0	3155.7	139.32
3639.0	3189.0	140.86
3640.0	3243.5	143.35
3641.0	3268.7	144.54
3642.0	3260.9	144.28
3643.0	3256.1	144.15
3644.0	3263.4	144.54
3645.0	3267.6	144.81
3646.0	3280.8	145.48
3647.0	3288.1	145.88
3648.0	3292.4	146.15
3649.0	3296.7	146.42
3650.0	3294.8	146.42
3651.0	3293.0	146.42
3652.0	3291.2	146.42
3653.0	3289.4	146.42
3654.0	3281.6	146.15
3655.0	3279.8	146.15
3656.0	3278.0	146.15
3657.0	3276.2	146.15
3658.0	3280.4	146.42
3659.0	3284.7	146.69
3660.0	3282.9	146.69
3661.0	3281.1	146.69
3662.0	3273.3	146.42
3663.0	3271.5	146.42
3664.0	3263.7	146.15
3665.0	3267.9	146.42
3666.0	3272.2	146.69
3667.0	3270.4	146.69
3668.0	3271.6	146.82
3669.0	3275.9	147.1
3670.0	3274.1	147.1
3671.0	3278.3	147.37
3672.0	3285.6	147.77
3673.0	3289.9	148.05
3674.0	3282.0	147.77
3675.0	3280.2	147.77
3676.0	3275.4	147.64
3677.0	3273.7	147.64
3678.0	3271.9	147.64
3679.0	3270.1	147.64
3680.0	3271.3	147.77
3681.0	3275.6	148.05
3682.0	3273.8	148.05
3683.0	3266.0	147.77
3684.0	3255.2	147.37
3685.0	3247.5	147.1
3686.0	3236.7	146.69
3687.0	3229.0	146.42
3688.0	3221.3	146.15
3689.0	3198.9	145.21
3690.0	3176.6	144.28
3691.0	3151.6	143.22
3692.0	3123.9	142.04
3693.0	3102.1	141.12
3694.0	3074.9	139.96
3695.0	3050.6	138.93
3696.0	3029.4	138.04
3697.0	3002.8	136.9
3698.0	2981.9	136.02
3699.0	2961.1	135.15
3700.0	2932.4	133.91
3701.0	2906.6	132.8
3702.0	2891.7	132.19
3703.0	2876.8	131.58
3704.0	2859.4	130.86
3705.0	2844.7	130.26
3706.0	2843.2	130.26
3707.0	2833.8	129.9
3708.0	2845.4	130.5
3709.0	2851.7	130.86
3710.0	2868.6	131.7
3711.0	2890.9	132.8
3712.0	2908.1	133.66
3713.0	2925.3	134.52
3714.0	2942.6	135.39
3715.0	2968.3	136.65
3716.0	2985.9	137.53
3717.0	2989.8	137.78
3718.0	2993.7	138.04
3719.0	3000.3	138.42
3720.0	3009.8	138.93
3721.0	3022.1	139.57
3722.0	3034.4	140.22
3723.0	3046.7	140.86
3724.0	3050.7	141.12
3725.0	3054.7	141.38
3726.0	3053.1	141.38
3727.0	3045.8	141.12
3728.0	3038.6	140.86
3729.0	3028.6	140.48
3730.0	3029.7	140.6
3731.0	3033.7	140.86
3732.0	3037.6	141.12
3733.0	3036.0	141.12
3734.0	3034.4	141.12
3735.0	3032.8	141.12
3736.0	3025.6	140.86
3737.0	3018.4	140.6
3738.0	3016.8	140.6
3739.0	3015.1	140.6
3740.0	3013.5	140.6
3741.0	3017.5	140.86
3742.0	3010.3	140.6
3743.0	3008.7	140.6
3744.0	3012.7	140.86
3745.0	3011.0	140.86
3746.0	3003.9	140.6
3747.0	3007.8	140.86
3748.0	3006.2	140.86
3749.0	3010.2	141.12
3750.0	3014.1	141.38
3751.0	3012.5	141.38
3752.0	3005.3	141.12
3753.0	3003.7	141.12
3754.0	2996.6	140.86
3755.0	2995.0	140.86
3756.0	2993.4	140.86
3757.0	2983.6	140.48
3758.0	2976.5	140.22
3759.0	2961.3	139.57
3760.0	2954.2	139.32
3761.0	2947.2	139.06
3762.0	2942.9	138.93
3763.0	2936.0	138.68
3764.0	2934.4	138.68
3765.0	2932.9	138.68
3766.0	2931.3	138.68
3767.0	2935.1	138.93
3768.0	2933.6	138.93
3769.0	2926.6	138.68
3770.0	2925.1	138.68
3771.0	2928.9	138.93
3772.0	2930.1	139.06
3773.0	2928.5	139.06
3774.0	2924.3	138.93
3775.0	2922.7	138.93
3776.0	2915.8	138.68
3777.0	2914.3	138.68
3778.0	2912.7	138.68
3779.0	2905.8	138.42
3780.0	2896.3	138.04
3781.0	2884.1	137.53
3782.0	2874.6	137.15
3783.0	2862.5	136.65
3784.0	2853.1	136.27
3785.0	2841.1	135.77
3786.0	2837.0	135.64
3787.0	2825.1	135.15
3788.0	2818.4	134.9
3789.0	2809.1	134.52
3790.0	2794.8	133.91
3791.0	2777.9	133.17
3792.0	2761.1	132.43
3793.0	2744.5	131.7
3794.0	2730.4	131.1
3795.0	2716.4	130.5
3796.0	2710.0	130.26
3797.0	2718.6	130.74
3798.0	2724.6	131.1
3799.0	2728.2	131.34
3800.0	2734.4	131.7
3801.0	2827.6	136.27
3802.0	2831.4	136.52
3803.0	2829.9	136.52
3804.0	2823.2	136.27
3805.0	2816.5	136.02
3806.0	2809.8	135.77
3807.0	2800.6	135.39
3808.0	2788.9	134.9
3809.0	2779.7	134.52
3810.0	2765.5	133.91
3811.0	2748.8	133.17
3812.0	2727.2	132.19
3813.0	2703.3	131.1
3814.0	2667.2	129.42
3815.0	2631.7	127.76
3816.0	2601.4	126.36
3817.0	2566.7	124.74
3818.0	2553.6	124.17
3819.0	2535.8	123.37
3820.0	2539.2	123.59
3821.0	2542.5	123.82
3822.0	2557.6	124.62
3823.0	2575.2	125.55
3824.0	2590.5	126.36
3825.0	2598.7	126.82
3826.0	2614.1	127.64
3827.0	2624.8	128.23
3828.0	2635.6	128.83
3829.0	2651.2	129.66
3830.0	2667.0	130.5
3831.0	2677.9	131.1
3832.0	2688.9	131.7
3833.0	2702.4	132.43
3834.0	2713.4	133.05
3835.0	2724.5	133.66
3836.0	2735.7	134.28
3837.0	2751.9	135.15
3838.0	2768.3	136.02
3839.0	2784.7	136.9
3840.0	2801.3	137.78
3841.0	2812.7	138.42
3842.0	2824.3	139.06
3843.0	2833.2	139.57
3844.0	2844.8	140.22
3845.0	2856.5	140.86
3846.0	2868.1	141.51
3847.0	2882.6	142.3
3848.0	2894.3	142.95
3849.0	2906.2	143.61
3850.0	2910.0	143.88
3851.0	2916.6	144.28
3852.0	2925.8	144.81
3853.0	2924.3	144.81
3854.0	2930.9	145.21
3855.0	2929.3	145.21
3856.0	2927.8	145.21
3857.0	2926.3	145.21
3858.0	2924.8	145.21
3859.0	2909.9	144.54
3860.0	2895.0	143.88
3861.0	2874.9	142.95
3862.0	2854.9	142.04
3863.0	2840.4	141.38
3864.0	2823.2	140.6
3865.0	2814.0	140.22
3866.0	2812.5	140.22
3867.0	2811.1	140.22
3868.0	2814.8	140.48
3869.0	2813.3	140.48
3870.0	2814.5	140.6
3871.0	2818.2	140.86
3872.0	2811.6	140.6
3873.0	2807.5	140.48
3874.0	2800.9	140.22
3875.0	2791.8	139.83
3876.0	2780.1	139.32
3877.0	2765.9	138.68
3878.0	2751.7	138.04
3879.0	2735.2	137.28
3880.0	2721.2	136.65
3881.0	2707.3	136.02
3882.0	2688.5	135.15
3883.0	2669.8	134.28
3884.0	2646.4	133.17
3885.0	2625.7	132.19
3886.0	2602.6	131.1
3887.0	2594.1	130.74
3888.0	2588.0	130.5
3889.0	2591.5	130.74
3890.0	2606.9	131.58
3891.0	2622.4	132.43
3892.0	2635.6	133.17
3893.0	2656.1	134.28
3894.0	2672.0	135.15
3895.0	2687.9	136.02
3896.0	2703.9	136.9
3897.0	2725.0	138.04
3898.0	2743.7	139.06
3899.0	2760.0	139.96
3900.0	2776.5	140.86
3901.0	2793.0	141.77
3902.0	2801.9	142.3
3903.0	2813.3	142.95
3904.0	2819.7	143.35
3905.0	2818.2	143.35
3906.0	2822.0	143.61
3907.0	2825.7	143.88
3908.0	2824.3	143.88
3909.0	2817.7	143.61
3910.0	2816.2	143.61
3911.0	2814.8	143.61
3912.0	2813.3	143.61
3913.0	2811.9	143.61
3914.0	2815.6	143.88
3915.0	2809.0	143.61
3916.0	2807.6	143.61
3917.0	2801.0	143.35
3918.0	2786.7	142.69
3919.0	2777.6	142.3
3920.0	2766.0	141.77
3921.0	2751.9	141.12
3922.0	2740.3	140.6
3923.0	2731.4	140.22
3924.0	2717.5	139.57
3925.0	2711.1	139.32
3926.0	2702.2	138.93
3927.0	2690.9	138.42
3928.0	2682.1	138.04
3929.0	2675.8	137.78
3930.0	2669.5	137.53
3931.0	2668.2	137.53
3932.0	2666.8	137.53
3933.0	2665.5	137.53
3934.0	2664.1	137.53
3935.0	2667.7	137.78
3936.0	2666.3	137.78
3937.0	2665.0	137.78
3938.0	2668.5	138.04
3939.0	2669.6	138.16
3940.0	2673.2	138.42
3941.0	2681.7	138.93
3942.0	2682.8	139.06
3943.0	2686.4	139.32
3944.0	2690.0	139.57
3945.0	2693.6	139.83
3946.0	2692.2	139.83
3947.0	2690.8	139.83
3948.0	2689.5	139.83
3949.0	2688.1	139.83
3950.0	2681.8	139.57
3951.0	2670.6	139.06
3952.0	2649.6	138.04
3953.0	2626.4	136.9
3954.0	2608.2	136.02
3955.0	2585.4	134.9
3956.0	2567.5	134.03
3957.0	2554.4	133.41
3958.0	2529.7	132.19
3959.0	2502.9	130.86
3960.0	2478.7	129.66
3961.0	2445.7	128.0
3962.0	2417.6	126.59
3963.0	2385.5	124.97
3964.0	2358.0	123.59
3965.0	2337.4	122.57
3966.0	2314.8	121.45
3967.0	2294.5	120.45
3968.0	2274.5	119.45
3969.0	2262.9	118.9
3970.0	2255.5	118.58
3971.0	2250.2	118.36
3972.0	2249.1	118.36
3973.0	2252.1	118.58
3974.0	2261.3	119.12
3975.0	2274.8	119.89
3976.0	2309.6	121.79
3977.0	2347.0	123.82
3978.0	2393.8	126.36
3979.0	2439.3	128.83
3980.0	2469.8	130.5
3981.0	2495.9	131.95
3982.0	2510.8	132.8
3983.0	2516.5	133.17
3984.0	2519.9	133.41
3985.0	2523.3	133.66
3986.0	2522.0	133.66
3987.0	2525.4	133.91
3988.0	2531.1	134.28
3989.0	2529.8	134.28
3990.0	2528.6	134.28
3991.0	2532.0	134.52
3992.0	2535.4	134.77
3993.0	2534.1	134.77
3994.0	2532.8	134.77
3995.0	2526.9	134.52
3996.0	2521.0	134.28
3997.0	2515.1	134.03
3998.0	2506.9	133.66
3999.0	2501.0	133.41
4000.0	2488.3	132.8
4001.0	2475.6	132.19
4002.0	2465.3	131.7
4003.0	2452.7	131.1
4004.0	2440.2	130.5
4005.0	2423.3	129.66
4006.0	2411.0	129.06
4007.0	2400.9	128.59
4008.0	2384.3	127.76
4009.0	2372.2	127.17
4010.0	2360.1	126.59
4011.0	2350.3	126.12
4012.0	2342.6	125.78
4013.0	2330.7	125.2
4014.0	2318.8	124.62
4015.0	2304.9	123.94
4016.0	2286.8	123.03
4017.0	2266.8	122.01
4018.0	2240.8	120.67
4019.0	2215.1	119.34
4020.0	2189.6	118.03
4021.0	2162.5	116.63
4022.0	2137.6	115.34
4023.0	2117.0	114.29
4024.0	2106.2	113.76
4025.0	2097.4	113.34
4026.0	2100.3	113.55
4027.0	2105.0	113.87
4028.0	2125.4	115.03
4029.0	2144.0	116.09
4030.0	2174.8	117.81
4031.0	2203.9	119.45
4032.0	2231.4	121.0
4033.0	2259.3	122.57
4034.0	2281.1	123.82
4035.0	2296.8	124.74
4036.0	2314.8	125.78
4037.0	2335.1	126.94
4038.0	2353.4	128.0
4039.0	2367.4	128.83
4040.0	2377.2	129.42
4041.0	2386.9	130.02
4042.0	2394.6	130.5
4043.0	2397.8	130.74
4044.0	2403.2	131.1
4045.0	2410.9	131.58
4046.0	2420.9	132.19
4047.0	2430.8	132.8
4048.0	2440.8	133.41
4049.0	2448.6	133.91
4050.0	2449.7	134.03
4051.0	2453.0	134.28
4052.0	2456.3	134.52
4053.0	2461.9	134.9
4054.0	2465.2	135.15
4055.0	2468.5	135.39
4056.0	2471.9	135.64
4057.0	2472.9	135.77
4058.0	2476.3	136.02
4059.0	2475.0	136.02
4060.0	2473.8	136.02
4061.0	2472.6	136.02
4062.0	2471.4	136.02
4063.0	2465.6	135.77
4064.0	2464.4	135.77
4065.0	2467.7	136.02
4066.0	2466.5	136.02
4067.0	2460.8	135.77
4068.0	2459.6	135.77
4069.0	2456.1	135.64
4070.0	2454.9	135.64
4071.0	2453.7	135.64
4072.0	2452.5	135.64
4073.0	2446.8	135.39
4074.0	2441.1	135.15
4075.0	2435.4	134.9
4076.0	2427.5	134.52
4077.0	2417.3	134.03
4078.0	2413.9	133.91
4079.0	2403.9	133.41
4080.0	2391.7	132.8
4081.0	2375.1	131.95
4082.0	2358.7	131.1
4083.0	2342.4	130.26
4084.0	2319.8	129.06
4085.0	2295.3	127.76
4086.0	2277.3	126.82
4087.0	2261.6	126.01
4088.0	2241.8	124.97
4089.0	2222.2	123.94
4090.0	2200.8	122.8
4091.0	2179.5	121.67
4092.0	2156.5	120.45
4093.0	2127.8	118.9
4094.0	2103.4	117.6
4095.0	2071.6	115.88
4096.0	2042.2	114.29
4097.0	2018.8	113.03
4098.0	1997.5	111.89
4099.0	1987.3	111.38
4100.0	1986.3	111.38
4101.0	1981.7	111.17
4102.0	1980.7	111.17
4103.0	1979.8	111.17
4104.0	1986.1	111.58
4105.0	1994.3	112.1
4106.0	2019.2	113.55
4107.0	2044.4	115.03
4108.0	2079.5	117.06
4109.0	2115.2	119.12
4110.0	2145.5	120.89
4111.0	2174.3	122.57
4112.0	2191.4	123.59
4113.0	2204.5	124.39
4114.0	2207.4	124.62
4115.0	2206.4	124.62
4116.0	2201.3	124.39
4117.0	2200.2	124.39
4118.0	2199.1	124.39
4119.0	2208.2	124.97
4120.0	2213.2	125.31
4121.0	2226.5	126.12
4122.0	2243.9	127.17
4123.0	2251.1	127.64
4124.0	2256.2	128.0
4125.0	2259.3	128.23
4126.0	2258.2	128.23
4127.0	2257.1	128.23
4128.0	2256.0	128.23
4129.0	2254.9	128.23
4130.0	2245.5	127.76
4131.0	2238.3	127.41
4132.0	2222.8	126.59
4133.0	2211.5	126.01
4134.0	2202.3	125.55
4135.0	2191.1	124.97
4136.0	2180.0	124.39
4137.0	2168.9	123.82
4138.0	2154.0	123.03
4139.0	2139.1	122.24
4140.0	2130.2	121.79
4141.0	2123.3	121.45
4142.0	2122.3	121.45
4143.0	2125.2	121.67
4144.0	2130.0	122.01
4145.0	2132.9	122.24
4146.0	2137.8	122.57
4147.0	2140.7	122.8
4148.0	2149.5	123.37
4149.0	2158.4	123.94
4150.0	2169.3	124.62
4151.0	2178.3	125.2
4152.0	2191.3	126.01
4153.0	2204.4	126.82
4154.0	2217.6	127.64
4155.0	2226.8	128.23
4156.0	2231.9	128.59
4157.0	2234.9	128.83
4158.0	2238.0	129.06
4159.0	2236.9	129.06
4160.0	2227.6	128.59
4161.0	2220.4	128.23
4162.0	2219.3	128.23
4163.0	2218.2	128.23
4164.0	2213.1	128.0
4165.0	2212.0	128.0
4166.0	2206.9	127.76
4167.0	2199.8	127.41
4168.0	2194.7	127.17
4169.0	2193.6	127.17
4170.0	2192.5	127.17
4171.0	2195.5	127.41
4172.0	2198.5	127.64
4173.0	2193.4	127.41
4174.0	2192.4	127.41
4175.0	2187.3	127.17
4176.0	2180.2	126.82
4177.0	2175.2	126.59
4178.0	2174.1	126.59
4179.0	2169.1	126.36
4180.0	2168.0	126.36
4181.0	2163.0	126.12
4182.0	2166.0	126.36
4183.0	2164.9	126.36
4184.0	2163.9	126.36
4185.0	2162.9	126.36
4186.0	2157.9	126.12
4187.0	2154.8	126.01
4188.0	2149.8	125.78
4189.0	2144.9	125.55
4190.0	2139.9	125.31
4191.0	2136.9	125.2
4192.0	2128.0	124.74
4193.0	2125.0	124.62
4194.0	2120.1	124.39
4195.0	2115.2	124.17
4196.0	2110.3	123.94
4197.0	2107.4	123.82
4198.0	2102.5	123.59
4199.0	2097.6	123.37
4200.0	2096.6	123.37
4201.0	2095.6	123.37
4202.0	2094.6	123.37
4203.0	2093.6	123.37
4204.0	2096.5	123.59
4205.0	2095.5	123.59
4206.0	2098.4	123.82
4207.0	2099.3	123.94
4208.0	2102.2	124.17
4209.0	2101.2	124.17
4210.0	2104.1	124.39
4211.0	2106.9	124.62
4212.0	2107.9	124.74
4213.0	2106.9	124.74
4214.0	2109.8	124.97
4215.0	2112.6	125.2
4216.0	2117.5	125.55
4217.0	2120.4	125.78
4218.0	2125.2	126.12
4219.0	2128.1	126.36
4220.0	2131.1	126.59
4221.0	2130.1	126.59
4222.0	2129.0	126.59
4223.0	2132.0	126.82
4224.0	2130.9	126.82
4225.0	2131.9	126.94
4226.0	2134.8	127.17
4227.0	2133.8	127.17
4228.0	2136.7	127.41
4229.0	2131.8	127.17
4230.0	2130.8	127.17
4231.0	2125.9	126.94
4232.0	2119.0	126.59
4233.0	2114.1	126.36
4234.0	2113.1	126.36
4235.0	2108.2	126.12
4236.0	2105.3	126.01
4237.0	2104.3	126.01
4238.0	2099.4	125.78
4239.0	2094.6	125.55
4240.0	2089.7	125.31
4241.0	2088.7	125.31
4242.0	2087.8	125.31
4243.0	2090.6	125.55
4244.0	2093.5	125.78
4245.0	2096.4	126.01
4246.0	2095.4	126.01
4247.0	2096.3	126.12
4248.0	2095.3	126.12
4249.0	2098.2	126.36
4250.0	2097.2	126.36
4251.0	2096.2	126.36
4252.0	2095.2	126.36
4253.0	2098.1	126.59
4254.0	2097.1	126.59
4255.0	2096.1	126.59
4256.0	2095.2	126.59
4257.0	2094.2	126.59
4258.0	2089.3	126.36
4259.0	2084.5	126.12
4260.0	2081.6	126.01
4261.0	2080.6	126.01
4262.0	2081.6	126.12
4263.0	2084.4	126.36
4264.0	2083.5	126.36
4265.0	2082.5	126.36
4266.0	2081.5	126.36
4267.0	2076.7	126.12
4268.0	2073.8	126.01
4269.0	2072.8	126.01
4270.0	2071.9	126.01
4271.0	2070.9	126.01
4272.0	2066.1	125.78
4273.0	2061.4	125.55
4274.0	2054.7	125.2
4275.0	2046.2	124.74
4276.0	2039.6	124.39
4277.0	2031.2	123.94
4278.0	2024.6	123.59
4279.0	2016.2	123.14
4280.0	2009.7	122.8
4281.0	2008.8	122.8
4282.0	2004.1	122.57
4283.0	2003.2	122.57
4284.0	2002.3	122.57
4285.0	2001.3	122.57
4286.0	2000.4	122.57
4287.0	1995.8	122.35
4288.0	1993.0	122.24
4289.0	1992.1	122.24
4290.0	1991.2	122.24
4291.0	1986.6	122.01
4292.0	1985.6	122.01
4293.0	1981.1	121.79
4294.0	1978.3	121.67
4295.0	1973.8	121.45
4296.0	1969.2	121.23
4297.0	1964.7	121.0
4298.0	1961.9	120.89
4299.0	1957.4	120.67
4300.0	1956.5	120.67
4301.0	1955.6	120.67
4302.0	1960.1	121.0
4303.0	1959.2	121.0
4304.0	1958.3	121.0
4305.0	1957.4	121.0
4306.0	1954.7	120.89
4307.0	1950.2	120.67
4308.0	1945.7	120.45
4309.0	1941.2	120.23
4310.0	1938.5	120.12
4311.0	1934.0	119.89
4312.0	1929.6	119.67
4313.0	1923.4	119.34
4314.0	1922.5	119.34
4315.0	1918.0	119.12
4316.0	1910.1	118.69
4317.0	1907.5	118.58
4318.0	1899.6	118.14
4319.0	1890.0	117.6
4320.0	1883.9	117.27
4321.0	1872.6	116.63
4322.0	1863.2	116.09
4323.0	1850.3	115.34
4324.0	1837.6	114.6
4325.0	1823.3	113.76
4326.0	1807.4	112.82
4327.0	1788.3	111.69
4328.0	1771.1	110.66
4329.0	1750.8	109.45
4330.0	1730.8	108.24
4331.0	1707.8	106.86
4332.0	1688.3	105.68
4333.0	1665.9	104.33
4334.0	1640.7	102.8
4335.0	1619.0	101.48
4336.0	1597.5	100.18
4337.0	1579.2	99.083
4338.0	1568.3	98.447
4339.0	1560.4	97.994
4340.0	1562.6	98.17399999999999
4341.0	1564.7	98.35600000000001
4342.0	1575.6	99.083
4343.0	1590.9	100.09
4344.0	1610.8	101.39
4345.0	1632.5	102.8
4346.0	1652.9	104.14
4347.0	1673.6	105.49
4348.0	1697.6	107.05
4349.0	1715.7	108.24
4350.0	1734.0	109.45
4351.0	1749.2	110.46
4352.0	1766.2	111.58
4353.0	1776.8	112.31
4354.0	1787.5	113.03
4355.0	1798.2	113.76
4356.0	1805.7	114.29
4357.0	1813.2	114.82
4358.0	1820.7	115.34
4359.0	1823.2	115.56
4360.0	1827.5	115.88
4361.0	1833.4	116.31
4362.0	1835.9	116.52
4363.0	1840.1	116.84
4364.0	1839.3	116.84
4365.0	1838.4	116.84
4366.0	1837.6	116.84
4367.0	1831.7	116.52
4368.0	1827.5	116.31
4369.0	1823.3	116.09
4370.0	1819.1	115.88
4371.0	1813.3	115.56
4372.0	1809.1	115.34
4373.0	1800.0	114.82
4374.0	1790.9	114.29
4375.0	1778.5	113.55
4376.0	1769.6	113.03
4377.0	1757.4	112.31
4378.0	1745.3	111.58
4379.0	1738.1	111.17
4380.0	1726.1	110.46
4381.0	1717.4	109.95
4382.0	1705.6	109.24
4383.0	1693.9	108.54
4384.0	1682.2	107.85
4385.0	1673.7	107.35
4386.0	1665.3	106.86
4387.0	1661.4	106.66
4388.0	1663.7	106.86
4389.0	1667.6	107.15
4390.0	1676.1	107.75
4391.0	1683.0	108.24
4392.0	1694.7	109.04
4393.0	1708.0	109.95
4394.0	1721.5	110.87
4395.0	1733.4	111.69
4396.0	1743.8	112.41
4397.0	1754.3	113.14
4398.0	1764.9	113.87
4399.0	1770.6	114.29
4400.0	1777.9	114.82
4401.0	1780.4	115.03
4402.0	1781.2	115.13
4403.0	1783.7	115.34
4404.0	1786.2	115.56
4405.0	1788.7	115.77
4406.0	1792.8	116.09
4407.0	1795.3	116.31
4408.0	1797.8	116.52
4409.0	1797.0	116.52
4410.0	1796.2	116.52
4411.0	1795.3	116.52
4412.0	1794.5	116.52
4413.0	1793.7	116.52
4414.0	1792.9	116.52
4415.0	1793.7	116.63
4416.0	1792.9	116.63
4417.0	1795.4	116.84
4418.0	1791.3	116.63
4419.0	1790.5	116.63
4420.0	1788.0	116.52
4421.0	1783.9	116.31
4422.0	1779.8	116.09
4423.0	1779.0	116.09
4424.0	1775.0	115.88
4425.0	1772.5	115.77
4426.0	1768.5	115.56
4427.0	1759.6	115.03
4428.0	1755.5	114.82
4429.0	1749.9	114.5
4430.0	1742.7	114.08
4431.0	1738.7	113.87
4432.0	1736.3	113.76
4433.0	1732.3	113.55
4434.0	1728.3	113.34
4435.0	1727.6	113.34
4436.0	1726.8	113.34
4437.0	1722.8	113.14
4438.0	1720.5	113.03
4439.0	1719.7	113.03
4440.0	1718.9	113.03
4441.0	1718.1	113.03
4442.0	1717.4	113.03
4443.0	1716.6	113.03
4444.0	1715.8	113.03
4445.0	1715.0	113.03
4446.0	1711.1	112.82
4447.0	1707.2	112.62
4448.0	1703.3	112.41
4449.0	1697.8	112.1
4450.0	1689.3	111.58
4451.0	1685.4	111.38
4452.0	1676.9	110.87
4453.0	1670.0	110.46
4454.0	1661.6	109.95
4455.0	1653.2	109.45
4456.0	1644.9	108.94
4457.0	1633.6	108.24
4458.0	1626.8	107.85
4459.0	1615.6	107.15
4460.0	1604.5	106.46
4461.0	1589.1	105.49
4462.0	1570.9	104.33
4463.0	1550.1	102.99
4464.0	1519.8	101.02
4465.0	1492.7	99.266
4466.0	1472.9	97.994
4467.0	1449.4	96.47200000000001
4468.0	1436.8	95.675
4469.0	1423.0	94.79799999999999
4470.0	1419.7	94.624
4471.0	1416.5	94.449
4472.0	1425.0	95.06
4473.0	1433.6	95.675
4474.0	1447.5	96.65
4475.0	1460.3	97.544
4476.0	1475.8	98.62799999999999
4477.0	1488.8	99.54
4478.0	1503.3	100.55
4479.0	1522.2	101.86
4480.0	1541.2	103.18
4481.0	1557.6	104.33
4482.0	1577.2	105.68
4483.0	1586.7	106.37
4484.0	1597.7	107.15
4485.0	1602.9	107.55
4486.0	1609.5	108.04
4487.0	1614.8	108.44
4488.0	1618.5	108.74
4489.0	1625.3	109.24
4490.0	1627.5	109.45
4491.0	1629.8	109.65
4492.0	1633.6	109.95
4493.0	1632.9	109.95
4494.0	1635.1	110.15
4495.0	1638.9	110.46
4496.0	1641.2	110.66
4497.0	1640.5	110.66
4498.0	1639.8	110.66
4499.0	1639.0	110.66
4500.0	1638.3	110.66
4501.0	1634.6	110.46
4502.0	1632.3	110.36
4503.0	1628.6	110.15
4504.0	1621.9	109.75
4505.0	1619.7	109.65
4506.0	1616.0	109.45
4507.0	1612.3	109.24
4508.0	1607.1	108.94
4509.0	1606.4	108.94
4510.0	1602.8	108.74
4511.0	1599.1	108.54
4512.0	1596.9	108.44
4513.0	1593.3	108.24
4514.0	1592.6	108.24
4515.0	1594.8	108.44
4516.0	1594.1	108.44
4517.0	1594.9	108.54
4518.0	1592.7	108.44
4519.0	1592.0	108.44
4520.0	1588.3	108.24
4521.0	1584.7	108.04
4522.0	1581.1	107.85
4523.0	1576.0	107.55
4524.0	1572.4	107.35
4525.0	1568.9	107.15
4526.0	1566.7	107.05
4527.0	1563.1	106.86
4528.0	1556.7	106.46
4529.0	1551.7	106.17
4530.0	1543.9	105.68
4531.0	1537.6	105.29
4532.0	1532.6	105.0
4533.0	1526.3	104.62
4534.0	1521.4	104.33
4535.0	1515.2	103.94
4536.0	1510.3	103.66
4537.0	1506.9	103.47
4538.0	1503.5	103.28
4539.0	1501.4	103.18
4540.0	1500.8	103.18
4541.0	1497.3	102.99
4542.0	1496.7	102.99
4543.0	1496.0	102.99
4544.0	1498.1	103.18
4545.0	1501.6	103.47
4546.0	1503.7	103.66
4547.0	1505.8	103.85
4548.0	1512.1	104.33
4549.0	1515.6	104.62
4550.0	1523.3	105.2
4551.0	1526.9	105.49
4552.0	1533.3	105.97
4553.0	1535.4	106.17
4554.0	1541.8	106.66
4555.0	1544.0	106.86
4556.0	1547.6	107.15
4557.0	1552.6	107.55
4558.0	1556.2	107.85
4559.0	1558.4	108.04
4560.0	1560.6	108.24
4561.0	1559.9	108.24
4562.0	1562.1	108.44
4563.0	1561.4	108.44
4564.0	1560.7	108.44
4565.0	1557.2	108.24
4566.0	1556.5	108.24
4567.0	1555.8	108.24
4568.0	1555.1	108.24
4569.0	1557.3	108.44
4570.0	1556.6	108.44
4571.0	1556.0	108.44
4572.0	1555.3	108.44
4573.0	1554.6	108.44
4574.0	1555.4	108.54
4575.0	1557.5	108.74
4576.0	1559.7	108.94
4577.0	1559.0	108.94
4578.0	1558.4	108.94
4579.0	1557.7	108.94
4580.0	1557.0	108.94
4581.0	1556.3	108.94
4582.0	1555.6	108.94
4583.0	1555.0	108.94
4584.0	1551.4	108.74
4585.0	1550.8	108.74
4586.0	1550.1	108.74
4587.0	1546.6	108.54
4588.0	1545.9	108.54
4589.0	1540.9	108.24
4590.0	1537.4	108.04
4591.0	1533.9	107.85
4592.0	1529.0	107.55
4593.0	1528.4	107.55
4594.0	1524.9	107.35
4595.0	1524.2	107.35
4596.0	1520.8	107.15
4597.0	1518.7	107.05
4598.0	1515.2	106.86
4599.0	1511.8	106.66
4600.0	1507.0	106.37
4601.0	1503.5	106.17
4602.0	1500.1	105.97
4603.0	1496.7	105.78
4604.0	1494.7	105.68
4605.0	1488.5	105.29
4606.0	1483.8	105.0
4607.0	1480.4	104.81
4608.0	1477.1	104.62
4609.0	1475.1	104.52
4610.0	1471.7	104.33
4611.0	1468.3	104.14
4612.0	1463.7	103.85
4613.0	1460.3	103.66
4614.0	1457.0	103.47
4615.0	1453.7	103.28
4616.0	1451.7	103.18
4617.0	1451.1	103.18
4618.0	1447.8	102.99
4619.0	1447.2	102.99
4620.0	1441.2	102.61
4621.0	1439.3	102.52
4622.0	1436.0	102.33
4623.0	1432.8	102.14
4624.0	1428.2	101.86
4625.0	1424.9	101.67
4626.0	1420.4	101.39
4627.0	1414.6	101.02
4628.0	1410.0	100.74
4629.0	1406.8	100.55
4630.0	1403.6	100.37
4631.0	1400.5	100.18
4632.0	1398.6	100.09
4633.0	1398.0	100.09
4634.0	1397.4	100.09
4635.0	1396.8	100.09
4636.0	1393.6	99.90799999999999
4637.0	1395.6	100.09
4638.0	1396.2	100.18
4639.0	1395.6	100.18
4640.0	1397.6	100.37
4641.0	1397.0	100.37
4642.0	1399.0	100.55
4643.0	1400.9	100.74
4644.0	1404.2	101.02
4645.0	1406.2	101.2
4646.0	1408.2	101.39
4647.0	1408.9	101.48
4648.0	1410.9	101.67
4649.0	1410.3	101.67
4650.0	1409.7	101.67
4651.0	1409.1	101.67
4652.0	1408.4	101.67
4653.0	1407.8	101.67
4654.0	1407.2	101.67
4655.0	1409.2	101.86
4656.0	1408.6	101.86
4657.0	1410.6	102.05
4658.0	1411.3	102.14
4659.0	1410.7	102.14
4660.0	1412.7	102.33
4661.0	1412.1	102.33
4662.0	1414.1	102.52
4663.0	1410.9	102.33
4664.0	1410.3	102.33
4665.0	1407.1	102.14
4666.0	1405.2	102.05
4667.0	1402.0	101.86
4668.0	1398.8	101.67
4669.0	1394.4	101.39
4670.0	1388.6	101.02
4671.0	1384.2	100.74
4672.0	1374.7	100.09
4673.0	1366.6	99.54
4674.0	1358.4	98.992
4675.0	1349.1	98.35600000000001
4676.0	1337.4	97.544
4677.0	1325.8	96.73899999999999
4678.0	1313.1	95.852
4679.0	1298.1	94.79799999999999
4680.0	1284.5	93.84200000000001
4681.0	1269.8	92.811
4682.0	1257.6	91.96
4683.0	1246.7	91.20100000000001
4684.0	1235.9	90.448
4685.0	1234.2	90.365
4686.0	1231.5	90.199
4687.0	1236.6	90.615
4688.0	1244.1	91.20100000000001
4689.0	1253.9	91.96
4690.0	1265.0	92.811
4691.0	1272.6	93.411
4692.0	1280.3	94.016
4693.0	1288.0	94.624
4694.0	1293.4	95.06
4695.0	1298.8	95.499
4696.0	1306.7	96.117
4697.0	1313.4	96.65
4698.0	1318.8	97.096
4699.0	1324.4	97.544
4700.0	1326.2	97.72399999999999
4702.0	1291.4	95.236
4704.0	1293.9	95.499
4706.0	1295.1	95.675
4708.0	1296.4	95.852
4710.0	1298.9	96.117
4712.0	1300.2	96.294
4714.0	1301.5	96.47200000000001
4716.0	1302.8	96.65
4718.0	1305.3	96.917
4720.0	1306.6	97.096
4722.0	1309.1	97.36399999999999
4724.0	1310.4	97.544
4726.0	1312.9	97.81299999999999
4728.0	1314.2	97.994
4730.0	1315.5	98.17399999999999
4732.0	1314.4	98.17399999999999
4734.0	1315.7	98.35600000000001
4736.0	1315.8	98.447
4738.0	1317.1	98.62799999999999
4740.0	1316.0	98.62799999999999
4742.0	1317.3	98.809
4744.0	1318.7	98.992
4746.0	1315.1	98.809
4748.0	1314.0	98.809
4750.0	1310.5	98.62799999999999
4752.0	1309.4	98.62799999999999
4754.0	1305.9	98.447
4756.0	1303.6	98.35600000000001
4758.0	1302.5	98.35600000000001
4760.0	1299.0	98.17399999999999
4762.0	1297.9	98.17399999999999
4764.0	1296.8	98.17399999999999
4766.0	1295.7	98.17399999999999
4768.0	1292.3	97.994
4770.0	1291.2	97.994
4772.0	1287.7	97.81299999999999
4774.0	1285.5	97.72399999999999
4776.0	1284.4	97.72399999999999
4778.0	1283.3	97.72399999999999
4780.0	1282.2	97.72399999999999
4782.0	1281.2	97.72399999999999
4784.0	1280.1	97.72399999999999
4786.0	1279.0	97.72399999999999
4788.0	1277.9	97.72399999999999
4790.0	1276.9	97.72399999999999
4792.0	1275.8	97.72399999999999
4794.0	1272.4	97.544
4796.0	1271.3	97.544
4798.0	1270.3	97.544
4800.0	1266.9	97.36399999999999
4802.0	1265.8	97.36399999999999
4804.0	1264.8	97.36399999999999
4806.0	1261.4	97.185
4808.0	1259.2	97.096
4810.0	1258.1	97.096
4812.0	1254.8	96.917
4814.0	1251.4	96.73899999999999
4816.0	1246.9	96.47200000000001
4818.0	1245.9	96.47200000000001
4820.0	1242.6	96.294
4822.0	1239.3	96.117
4824.0	1237.1	96.029
4826.0	1233.8	95.852
4828.0	1230.5	95.675
4830.0	1227.2	95.499
4832.0	1225.1	95.411
4834.0	1219.6	95.06
4836.0	1213.0	94.624
4838.0	1206.4	94.189
4840.0	1199.9	93.756
4842.0	1189.0	92.98200000000001
4844.0	1178.2	92.215
4846.0	1166.4	91.369
4848.0	1155.8	90.615
4850.0	1142.2	89.619
4852.0	1128.7	88.634
4854.0	1118.5	87.902
4856.0	1107.3	87.096
4858.0	1095.2	86.21799999999999
4860.0	1089.3	85.822
4862.0	1085.4	85.585
4864.0	1080.5	85.271
4866.0	1081.6	85.428
4868.0	1085.7	85.822
4870.0	1088.8	86.139
4872.0	1098.0	86.936
4874.0	1107.3	87.741
4876.0	1118.6	88.71600000000001
4878.0	1129.1	89.619
4880.0	1140.7	90.615
4882.0	1152.5	91.62200000000001
4884.0	1159.0	92.215
4886.0	1162.3	92.555
4888.0	1166.7	92.98200000000001
4890.0	1169.0	93.23899999999999
4892.0	1166.9	93.154
4894.0	1166.0	93.154
4896.0	1162.9	92.98200000000001
4898.0	1156.6	92.555
4900.0	1153.5	92.385
4902.0	1147.3	91.96
4904.0	1139.0	91.369
4906.0	1132.8	90.949
4908.0	1124.6	90.365
4910.0	1116.5	89.78399999999999
4912.0	1108.4	89.20700000000001
4914.0	1101.4	88.71600000000001
4916.0	1095.5	88.30799999999999
4918.0	1087.5	87.741
4920.0	1083.7	87.49799999999999
4922.0	1080.8	87.337
4924.0	1076.9	87.096
4926.0	1076.0	87.096
4928.0	1078.2	87.337
4930.0	1079.3	87.49799999999999
4932.0	1081.4	87.741
4934.0	1086.5	88.226
4936.0	1090.6	88.634
4938.0	1096.8	89.20700000000001
4940.0	1100.9	89.619
4942.0	1107.2	90.199
4944.0	1111.4	90.615
4946.0	1114.6	90.949
4948.0	1118.8	91.369
4950.0	1118.9	91.45299999999999
4952.0	1120.1	91.62200000000001
4954.0	1121.3	91.791
4956.0	1120.4	91.791
4958.0	1121.5	91.96
4960.0	1120.6	91.96
4962.0	1119.7	91.96
4964.0	1118.8	91.96
4966.0	1117.9	91.96
4968.0	1117.0	91.96
4970.0	1116.1	91.96
4972.0	1115.2	91.96
4974.0	1112.3	91.791
4976.0	1111.4	91.791
4978.0	1108.4	91.62200000000001
4980.0	1105.5	91.45299999999999
4982.0	1103.6	91.369
4984.0	1100.7	91.20100000000001
4986.0	1099.8	91.20100000000001
4988.0	1096.9	91.03299999999999
4990.0	1093.0	90.78200000000001
4992.0	1090.1	90.615
4994.0	1087.2	90.448
4996.0	1083.4	90.199
4998.0	1078.5	89.867
5000.0	1074.7	89.619
5002.0	1071.8	89.454
5004.0	1068.0	89.20700000000001
5006.0	1065.2	89.04299999999999
5008.0	1062.4	88.87899999999999
5010.0	1058.6	88.634
5012.0	1055.8	88.471
5014.0	1053.1	88.30799999999999
5016.0	1052.2	88.30799999999999
5018.0	1051.4	88.30799999999999
5020.0	1050.5	88.30799999999999
5022.0	1049.7	88.30799999999999
5024.0	1050.8	88.471
5026.0	1050.0	88.471
5028.0	1051.1	88.634
5030.0	1051.2	88.71600000000001
5032.0	1052.3	88.87899999999999
5034.0	1051.5	88.87899999999999
5036.0	1050.6	88.87899999999999
5038.0	1049.8	88.87899999999999
5040.0	1047.0	88.71600000000001
5042.0	1045.2	88.634
5044.0	1042.5	88.471
5046.0	1039.7	88.30799999999999
5048.0	1038.9	88.30799999999999
5050.0	1037.1	88.226
5052.0	1034.4	88.064
5054.0	1033.6	88.064
5056.0	1032.8	88.064
5058.0	1033.9	88.226
5060.0	1034.0	88.30799999999999
5062.0	1033.2	88.30799999999999
5064.0	1034.3	88.471
5066.0	1033.5	88.471
5068.0	1034.5	88.634
5070.0	1033.7	88.634
5072.0	1033.9	88.71600000000001
5074.0	1033.0	88.71600000000001
5076.0	1034.1	88.87899999999999
5078.0	1033.3	88.87899999999999
5080.0	1032.5	88.87899999999999
5082.0	1031.7	88.87899999999999
5084.0	1029.0	88.71600000000001
5086.0	1028.2	88.71600000000001
5088.0	1027.4	88.71600000000001
5090.0	1025.6	88.634
5092.0	1024.8	88.634
5094.0	1022.1	88.471
5096.0	1021.3	88.471
5098.0	1018.6	88.30799999999999
5100.0	1017.8	88.30799999999999
5102.0	1016.1	88.226
5104.0	1013.4	88.064
5106.0	1012.6	88.064
5108.0	1010.0	87.902
5110.0	1009.2	87.902
5112.0	1008.4	87.902
5114.0	1005.8	87.741
5116.0	1005.0	87.741
5118.0	1004.2	87.741
5120.0	1002.5	87.65899999999999
5122.0	1001.7	87.65899999999999
5124.0	999.08	87.49799999999999
5126.0	996.47	87.337
5128.0	995.69	87.337
5130.0	992.17	87.096
5132.0	989.57	86.936
5134.0	988.8	86.936
5136.0	986.21	86.77600000000001
5138.0	983.63	86.617
5140.0	981.96	86.536
5142.0	981.2	86.536
5144.0	978.63	86.37700000000001
5146.0	977.87	86.37700000000001
5148.0	977.11	86.37700000000001
5150.0	977.25	86.45700000000001
5152.0	976.49	86.45700000000001
5154.0	974.84	86.37700000000001
5156.0	973.18	86.29799999999999
5158.0	972.43	86.29799999999999
5160.0	970.78	86.21799999999999
5162.0	970.03	86.21799999999999
5164.0	968.39	86.139
5166.0	966.74	86.06
5168.0	965.99	86.06
5170.0	964.36	85.98
5172.0	963.61	85.98
5174.0	961.99	85.90100000000001
5176.0	961.24	85.90100000000001
5178.0	959.61	85.822
5180.0	957.99	85.743
5182.0	957.25	85.743
5184.0	955.63	85.664
5186.0	954.9	85.664
5188.0	953.28	85.585
5190.0	952.55	85.585
5192.0	950.94	85.507
5194.0	950.21	85.507
5196.0	948.6	85.428
5198.0	947.87	85.428
5200.0	946.27	85.34899999999999
5202.0	945.54	85.34899999999999
5204.0	943.94	85.271
5206.0	943.22	85.271
5208.0	941.62	85.19200000000001
5210.0	940.9	85.19200000000001
5212.0	942.78	85.428
5214.0	942.06	85.428
5216.0	939.6	85.271
5218.0	938.88	85.271
5220.0	936.44	85.11399999999999
5222.0	935.72	85.11399999999999
5224.0	934.14	85.035
5226.0	931.71	84.87899999999999
5228.0	931.0	84.87899999999999
5230.0	928.57	84.723
5232.0	926.16	84.56700000000001
5234.0	925.45	84.56700000000001
5236.0	923.89	84.48899999999999
5238.0	923.19	84.48899999999999
5240.0	920.78	84.333
5242.0	920.08	84.333
5244.0	917.69	84.178
5246.0	916.99	84.178
5248.0	916.29	84.178
5250.0	913.91	84.023
5252.0	912.37	83.946
5254.0	911.67	83.946
5256.0	910.98	83.946
5258.0	908.61	83.791
5260.0	907.92	83.791
5262.0	907.23	83.791
5264.0	906.54	83.791
5266.0	905.85	83.791
5268.0	903.5	83.637
5270.0	902.82	83.637
5272.0	901.3	83.56
5274.0	898.96	83.406
5276.0	896.62	83.25299999999999
5278.0	895.94	83.25299999999999
5280.0	893.62	83.1
5282.0	892.12	83.023
5284.0	889.8	82.87
5286.0	889.13	82.87
5288.0	886.82	82.71799999999999
5290.0	886.15	82.71799999999999
5292.0	883.85	82.566
5294.0	882.37	82.49
5296.0	881.71	82.49
5298.0	879.42	82.338
5300.0	878.76	82.338
5302.0	876.48	82.186
5304.0	875.82	82.186
5306.0	873.55	82.035
5308.0	872.08	81.959
5310.0	871.43	81.959
5312.0	869.17	81.808
5314.0	868.51	81.808
5316.0	866.26	81.658
5318.0	865.61	81.658
5320.0	864.96	81.658
5322.0	864.31	81.658
5324.0	862.07	81.508
5326.0	860.63	81.433
5328.0	859.99	81.433
5330.0	859.34	81.433
5332.0	857.12	81.283
5334.0	856.47	81.283
5336.0	854.26	81.133
5338.0	853.61	81.133
5340.0	852.98	81.133
5342.0	851.56	81.059
5344.0	849.35	80.90899999999999
5346.0	848.71	80.90899999999999
5348.0	848.08	80.90899999999999
5350.0	845.88	80.76
5352.0	845.25	80.76
5354.0	844.62	80.76
5356.0	843.99	80.76
5358.0	841.81	80.612
5360.0	841.18	80.612
5362.0	840.56	80.612
5364.0	839.16	80.538
5366.0	836.99	80.389
5368.0	836.36	80.389
5370.0	834.2	80.242
5372.0	832.05	80.094
5374.0	830.67	80.02
5376.0	828.52	79.873
5378.0	826.38	79.726
5380.0	824.24	79.579
5382.0	822.87	79.506
5384.0	819.24	79.214
5386.0	816.37	78.995
5388.0	814.26	78.85
5390.0	809.92	78.487
5392.0	806.34	78.199
5394.0	802.04	77.839
5396.0	797.77	77.482
5398.0	793.51	77.126
5400.0	790.01	76.842
5402.0	784.35	76.348
5404.0	780.17	75.998
5406.0	776.01	75.648
5408.0	772.58	75.37
5410.0	769.89	75.16199999999999
5412.0	767.9	75.024
5414.0	767.33	75.024
5416.0	766.77	75.024
5418.0	766.2	75.024
5420.0	767.05	75.16199999999999
5422.0	768.6	75.37
5424.0	770.87	75.648
5426.0	772.43	75.858
5428.0	774.71	76.138
5430.0	777.72	76.48899999999999
5432.0	778.58	76.63
5434.0	780.15	76.842
5436.0	782.46	77.126
5438.0	784.05	77.339
5440.0	784.92	77.482
5442.0	785.78	77.625
5444.0	785.93	77.696
5446.0	786.8	77.839
5448.0	786.22	77.839
5450.0	785.65	77.839
5452.0	786.52	77.983
5454.0	785.94	77.983
5456.0	783.92	77.839
5458.0	783.34	77.839
5460.0	782.77	77.839
5462.0	782.2	77.839
5464.0	780.18	77.696
5466.0	778.9	77.625
5468.0	778.33	77.625
5470.0	776.33	77.482
5472.0	775.76	77.482
5474.0	775.2	77.482
5476.0	773.2	77.339
5478.0	772.64	77.339
5480.0	772.07	77.339
5482.0	770.09	77.197
5484.0	768.82	77.126
5486.0	768.26	77.126
5488.0	767.7	77.126
5490.0	767.14	77.126
5492.0	766.58	77.126
5494.0	764.62	76.984
5496.0	764.06	76.984
5498.0	763.5	76.984
5500.0	762.95	76.984
5502.0	762.4	76.984
5504.0	760.44	76.842
5506.0	759.88	76.842
5508.0	759.33	76.842
5510.0	758.78	76.842
5512.0	758.23	76.842
5514.0	756.99	76.77199999999999
5516.0	756.44	76.77199999999999
5518.0	754.5	76.63
5520.0	753.95	76.63
5522.0	753.4	76.63
5524.0	751.47	76.48899999999999
5526.0	750.93	76.48899999999999
5528.0	750.39	76.48899999999999
5530.0	748.46	76.348
5532.0	747.92	76.348
5534.0	747.38	76.348
5536.0	746.16	76.278
5538.0	744.24	76.138
5540.0	743.71	76.138
5542.0	743.17	76.138
5544.0	741.27	75.998
5546.0	740.73	75.998
5548.0	740.2	75.998
5550.0	739.66	75.998
5552.0	737.77	75.858
5554.0	737.24	75.858
5556.0	736.71	75.858
5558.0	736.18	75.858
5560.0	735.65	75.858
5562.0	735.12	75.858
5564.0	733.91	75.788
5566.0	733.39	75.788
5568.0	731.51	75.648
5570.0	730.99	75.648
5572.0	729.12	75.509
5574.0	728.6	75.509
5576.0	728.07	75.509
5578.0	727.55	75.509
5580.0	725.69	75.37
5582.0	725.17	75.37
5584.0	724.65	75.37
5586.0	724.13	75.37
5588.0	723.61	75.37
5590.0	722.43	75.301
5592.0	721.92	75.301
5594.0	721.4	75.301
5596.0	719.56	75.16199999999999
5598.0	719.04	75.16199999999999
5600.0	717.21	75.024
5602.0	716.7	75.024
5604.0	716.19	75.024
5606.0	713.7	74.817
5608.0	713.19	74.817
5610.0	711.37	74.679
5612.0	710.86	74.679
5614.0	710.36	74.679
5616.0	708.54	74.542
5618.0	708.04	74.542
5620.0	706.88	74.473
5622.0	705.08	74.336
5624.0	704.58	74.336
5626.0	704.08	74.336
5628.0	702.28	74.199
5630.0	701.78	74.199
5632.0	701.29	74.199
5634.0	699.5	74.063
5636.0	699.0	74.063
5638.0	697.86	73.995
5640.0	696.08	73.858
5642.0	695.59	73.858
5644.0	695.1	73.858
5646.0	693.33	73.722
5648.0	692.84	73.722
5650.0	691.07	73.587
5652.0	689.95	73.51899999999999
5654.0	689.46	73.51899999999999
5656.0	687.71	73.384
5658.0	685.95	73.249
5660.0	684.21	73.11399999999999
5662.0	683.1	73.047
5664.0	681.35	72.91199999999999
5666.0	679.62	72.778
5668.0	677.89	72.64399999999999
5670.0	676.79	72.577
5672.0	675.07	72.444
5674.0	673.35	72.31
5676.0	672.88	72.31
5678.0	671.78	72.244
5680.0	670.08	72.111
5682.0	669.6	72.111
5684.0	667.9	71.97800000000001
5686.0	667.43	71.97800000000001
5688.0	666.96	71.97800000000001
5690.0	666.49	71.97800000000001
5692.0	666.02	71.97800000000001
5694.0	665.56	71.97800000000001
5696.0	665.09	71.97800000000001
5698.0	664.62	71.97800000000001
5700.0	664.16	71.97800000000001
5702.0	663.69	71.97800000000001
5704.0	663.22	71.97800000000001
5706.0	662.76	71.97800000000001
5708.0	662.3	71.97800000000001
5710.0	661.83	71.97800000000001
5712.0	661.37	71.97800000000001
5714.0	659.69	71.845
5716.0	659.23	71.845
5718.0	658.77	71.845
5720.0	658.31	71.845
5722.0	657.85	71.845
5724.0	656.78	71.779
5726.0	656.32	71.779
5728.0	654.66	71.64699999999999
5730.0	654.2	71.64699999999999
5732.0	653.74	71.64699999999999
5734.0	653.29	71.64699999999999
5736.0	651.63	71.516
5738.0	651.18	71.516
5740.0	650.72	71.516
5742.0	649.07	71.384
5744.0	648.62	71.384
5746.0	647.57	71.318
5748.0	647.12	71.318
5750.0	646.67	71.318
5752.0	646.22	71.318
5754.0	645.77	71.318
5756.0	644.14	71.187
5758.0	643.69	71.187
5760.0	643.24	71.187
5762.0	642.8	71.187
5764.0	642.35	71.187
5766.0	641.91	71.187
5768.0	640.28	71.056
5770.0	639.83	71.056
5772.0	639.39	71.056
5774.0	637.77	70.925
5776.0	637.33	70.925
5778.0	636.3	70.86
5780.0	635.86	70.86
5782.0	635.42	70.86
5784.0	633.82	70.729
5786.0	633.38	70.729
5788.0	632.94	70.729
5790.0	631.34	70.59899999999999
5792.0	630.9	70.59899999999999
5794.0	629.31	70.469
5796.0	628.29	70.404
5798.0	627.86	70.404
5800.0	627.43	70.404
5802.0	625.84	70.275
5804.0	625.41	70.275
5806.0	623.83	70.145
5808.0	623.4	70.145
5810.0	622.4	70.081
5812.0	620.82	69.952
5814.0	620.4	69.952
5816.0	618.83	69.82300000000001
5818.0	618.41	69.82300000000001
5820.0	616.84	69.695
5822.0	615.85	69.63
5824.0	614.29	69.502
5826.0	613.87	69.502
5828.0	612.32	69.375
5830.0	610.78	69.247
5832.0	609.8	69.183
5834.0	609.38	69.183
5836.0	607.84	69.056
5838.0	606.31	68.929
5840.0	605.89	68.929
5842.0	604.36	68.80199999999999
5844.0	603.39	68.738
5846.0	601.87	68.612
5848.0	601.46	68.612
5850.0	599.94	68.486
5852.0	597.88	68.296
5854.0	595.27	68.046
5856.0	593.22	67.858
5858.0	590.64	67.608
5860.0	587.52	67.298
5862.0	583.35	66.865
5864.0	580.27	66.558
5866.0	576.15	66.13
5868.0	572.06	65.705
5870.0	567.99	65.283
5872.0	565.0	64.983
5874.0	562.54	64.744
5876.0	560.6	64.565
5878.0	559.19	64.446
5880.0	558.81	64.446
5882.0	558.43	64.446
5884.0	560.11	64.685
5886.0	561.28	64.863
5888.0	562.97	65.10300000000001
5890.0	565.18	65.403
5892.0	566.36	65.584
5894.0	569.12	65.94800000000001
5896.0	571.35	66.252
5898.0	572.55	66.435
5900.0	574.27	66.681
5902.0	575.47	66.865
5904.0	576.14	66.988
5906.0	576.81	67.112
5908.0	578.01	67.298
5910.0	577.62	67.298
5912.0	577.23	67.298
5914.0	576.84	67.298
5916.0	576.45	67.298
5918.0	576.06	67.298
5920.0	575.67	67.298
5922.0	574.23	67.17399999999999
5924.0	573.84	67.17399999999999
5926.0	572.92	67.112
5928.0	572.54	67.112
5930.0	571.1	66.988
5932.0	570.71	66.988
5934.0	569.28	66.865
5936.0	568.9	66.865
5938.0	568.51	66.865
5940.0	567.08	66.742
5942.0	566.18	66.681
5944.0	565.8	66.681
5946.0	565.42	66.681
5948.0	565.04	66.681
5950.0	564.66	66.681
5952.0	564.28	66.681
5954.0	562.86	66.558
5956.0	562.48	66.558
5958.0	562.11	66.558
5960.0	561.73	66.558
5962.0	561.35	66.558
5964.0	560.98	66.558
5966.0	560.6	66.558
5968.0	560.22	66.558
5970.0	559.85	66.558
5972.0	558.45	66.435
5974.0	558.07	66.435
5976.0	557.7	66.435
5978.0	557.32	66.435
5980.0	556.44	66.374
5982.0	556.07	66.374
5984.0	554.67	66.252
5986.0	554.3	66.252
5988.0	553.93	66.252
5990.0	553.56	66.252
5992.0	553.19	66.252
5994.0	551.81	66.13
5996.0	551.44	66.13
5998.0	550.06	66.008
6000.0	549.69	66.008
6002.0	549.32	66.008
6004.0	548.45	65.94800000000001
6006.0	548.09	65.94800000000001
6008.0	547.72	65.94800000000001
6010.0	546.35	65.82600000000001
6012.0	545.99	65.82600000000001
6014.0	545.62	65.82600000000001
6016.0	545.26	65.82600000000001
6018.0	543.89	65.705
6020.0	543.53	65.705
6022.0	543.17	65.705
6024.0	541.81	65.584
6026.0	541.45	65.584
6028.0	541.09	65.584
6030.0	540.24	65.524
6032.0	539.88	65.524
6034.0	539.52	65.524
6036.0	539.17	65.524
6038.0	537.82	65.403
6040.0	537.46	65.403
6042.0	536.11	65.283
6044.0	535.76	65.283
6046.0	534.42	65.163
6048.0	533.58	65.10300000000001
6050.0	533.23	65.10300000000001
6052.0	532.87	65.10300000000001
6054.0	531.54	64.983
6056.0	531.19	64.983
6058.0	529.86	64.863
6060.0	529.51	64.863
6062.0	529.16	64.863
6064.0	527.84	64.744
6066.0	527.01	64.685
6068.0	526.66	64.685
6070.0	526.31	64.685
6072.0	525.97	64.685
6074.0	525.62	64.685
6076.0	525.27	64.685
6078.0	524.93	64.685
6080.0	523.62	64.565
6082.0	523.27	64.565
6084.0	522.93	64.565
6086.0	522.58	64.565
6088.0	521.28	64.446
6090.0	520.94	64.446
6092.0	520.59	64.446
6094.0	519.78	64.387
6096.0	518.48	64.26899999999999
6098.0	518.14	64.26899999999999
6100.0	516.85	64.15
6102.0	516.51	64.15
6104.0	516.17	64.15
6106.0	514.88	64.032
6108.0	514.54	64.032
6110.0	513.73	63.973
6112.0	513.4	63.973
6114.0	512.12	63.856
6116.0	511.78	63.856
6118.0	511.45	63.856
6120.0	511.11	63.856
6122.0	509.84	63.738
6124.0	509.51	63.738
6126.0	509.17	63.738
6128.0	508.84	63.738
6130.0	507.57	63.621
6132.0	507.24	63.621
6134.0	506.91	63.621
6136.0	506.12	63.562
6138.0	505.79	63.562
6140.0	505.46	63.562
6142.0	505.13	63.562
6144.0	504.8	63.562
6146.0	504.47	63.562
6148.0	504.14	63.562
6150.0	502.89	63.445
6152.0	502.56	63.445
6154.0	502.23	63.445
6156.0	500.98	63.32899999999999
6158.0	500.66	63.32899999999999
6160.0	499.41	63.211999999999996
6162.0	498.63	63.153999999999996
6164.0	497.39	63.038000000000004
6166.0	497.07	63.038000000000004
6168.0	495.83	62.922
6170.0	495.51	62.922
6172.0	495.19	62.922
6174.0	493.95	62.806000000000004
6176.0	493.18	62.748000000000005
6178.0	492.86	62.748000000000005
6180.0	492.54	62.748000000000005
6182.0	491.32	62.633
6184.0	491.0	62.633
6186.0	490.68	62.633
6188.0	490.37	62.633
6190.0	490.05	62.633
6192.0	489.73	62.633
6194.0	489.42	62.633
6196.0	488.2	62.516999999999996
6198.0	487.88	62.516999999999996
6200.0	487.57	62.516999999999996
6202.0	487.26	62.516999999999996
6204.0	486.49	62.46
6206.0	486.18	62.46
6208.0	484.97	62.345
6210.0	484.66	62.345
6212.0	484.35	62.345
6214.0	483.15	62.23
6216.0	482.84	62.23
6218.0	481.64	62.115
6220.0	481.33	62.115
6222.0	479.69	61.943999999999996
6224.0	479.38	61.943999999999996
6226.0	479.07	61.943999999999996
6228.0	477.89	61.83
6230.0	477.58	61.83
6232.0	477.27	61.83
6234.0	476.09	61.716
6236.0	475.78	61.716
6238.0	475.04	61.659
6240.0	474.73	61.659
6242.0	474.43	61.659
6244.0	473.25	61.54600000000001
6246.0	472.95	61.54600000000001
6248.0	472.65	61.54600000000001
6250.0	471.48	61.433
6252.0	471.18	61.433
6254.0	470.88	61.433
6256.0	470.57	61.433
6258.0	469.41	61.32
6260.0	469.11	61.32
6262.0	468.38	61.263000000000005
6264.0	468.08	61.263000000000005
6266.0	467.78	61.263000000000005
6268.0	467.48	61.263000000000005
6270.0	467.18	61.263000000000005
6272.0	466.02	61.15
6274.0	465.73	61.15
6276.0	464.58	61.038000000000004
6278.0	464.28	61.038000000000004
6280.0	463.56	60.982
6282.0	462.41	60.869
6284.0	462.11	60.869
6286.0	461.82	60.869
6288.0	460.68	60.757
6290.0	460.38	60.757
6292.0	459.24	60.646
6294.0	458.95	60.646
6296.0	458.66	60.646
6298.0	457.95	60.59
6300.0	457.66	60.59
6302.0	456.52	60.478
6304.0	456.23	60.478
6306.0	455.11	60.367
6308.0	454.82	60.367
6310.0	453.69	60.256
6312.0	453.41	60.256
6314.0	453.12	60.256
6316.0	452.83	60.256
6318.0	452.55	60.256
6320.0	451.84	60.2
6322.0	451.55	60.2
6324.0	451.27	60.2
6326.0	450.98	60.2
6328.0	450.7	60.2
6330.0	450.41	60.2
6332.0	449.3	60.09
6334.0	449.02	60.09
6336.0	448.73	60.09
6338.0	447.63	59.979
6340.0	447.34	59.979
6342.0	446.24	59.869
6344.0	445.55	59.81399999999999
6346.0	445.27	59.81399999999999
6348.0	444.99	59.81399999999999
6350.0	443.89	59.703
6352.0	443.61	59.703
6354.0	443.33	59.703
6356.0	442.23	59.593999999999994
6358.0	441.96	59.593999999999994
6360.0	441.68	59.593999999999994
6362.0	440.59	59.483999999999995
6364.0	439.91	59.428999999999995
6366.0	439.63	59.428999999999995
6368.0	439.35	59.428999999999995
6370.0	439.08	59.428999999999995
6372.0	437.99	59.32
6374.0	437.72	59.32
6376.0	437.45	59.32
6378.0	436.37	59.211000000000006
6380.0	436.09	59.211000000000006
6382.0	435.82	59.211000000000006
6384.0	435.15	59.156000000000006
6386.0	434.07	59.047
6388.0	433.0	58.93899999999999
6390.0	432.73	58.93899999999999
6392.0	431.67	58.83
6394.0	431.4	58.83
6396.0	430.73	58.776
6398.0	430.46	58.776
6400.0	430.19	58.776
6402.0	429.13	58.668
6404.0	428.86	58.668
6406.0	428.59	58.668
6408.0	428.33	58.668
6410.0	428.06	58.668
6412.0	427.79	58.668
6414.0	427.52	58.668
6416.0	427.26	58.668
6418.0	426.21	58.56
6420.0	425.94	58.56
6422.0	425.68	58.56
6424.0	424.63	58.452
6426.0	424.37	58.452
6428.0	423.71	58.398
6430.0	423.45	58.398
6432.0	422.41	58.291000000000004
6434.0	422.14	58.291000000000004
6436.0	421.1	58.183
6438.0	420.84	58.183
6440.0	420.58	58.183
6442.0	419.55	58.076
6444.0	418.9	58.023
6446.0	418.64	58.023
6448.0	418.38	58.023
6450.0	418.12	58.023
6452.0	417.86	58.023
6454.0	416.83	57.916000000000004
6456.0	416.57	57.916000000000004
6458.0	416.32	57.916000000000004
6460.0	415.29	57.809
6462.0	414.27	57.703
6464.0	413.63	57.65
6466.0	412.62	57.544
6468.0	411.6	57.438
6470.0	411.35	57.438
6472.0	409.96	57.28
6474.0	409.71	57.28
6476.0	408.7	57.174
6478.0	408.45	57.174
6480.0	408.2	57.174
6482.0	407.94	57.174
6484.0	407.69	57.174
6486.0	406.69	57.068999999999996
6488.0	406.44	57.068999999999996
6490.0	406.19	57.068999999999996
6492.0	405.57	57.016000000000005
6494.0	404.57	56.911
6496.0	403.58	56.806999999999995
6498.0	403.33	56.806999999999995
6500.0	401.97	56.65
6502.0	401.72	56.65
6504.0	400.0	56.441
6506.0	399.02	56.338
6508.0	398.4	56.286
6510.0	396.7	56.07899999999999
6512.0	395.36	55.924
6514.0	394.39	55.821000000000005
6516.0	393.06	55.667
6518.0	391.37	55.463
6520.0	390.41	55.361000000000004
6522.0	389.1	55.208
6524.0	388.14	55.106
6526.0	386.84	54.95399999999999
6528.0	385.89	54.853
6530.0	384.94	54.751999999999995
6532.0	383.64	54.601000000000006
6534.0	382.0	54.4
6536.0	380.71	54.25
6538.0	379.08	54.05
6540.0	377.11	53.802
6542.0	374.45	53.456
6544.0	371.82	53.113
6546.0	368.87	52.723
6548.0	364.92	52.192
6550.0	361.69	51.761
6552.0	358.16	51.286
6554.0	354.0	50.722
6556.0	350.87	50.303999999999995
6558.0	347.76	49.888000000000005
6560.0	344.99	49.522
6562.0	341.94	49.113
6564.0	341.73	49.113
6566.0	340.89	49.023
6568.0	340.37	48.978
6570.0	342.36	49.295
6572.0	343.74	49.522
6574.0	345.75	49.842
6576.0	348.74	50.303999999999995
6578.0	352.07	50.816
6580.0	355.12	51.286
6582.0	357.85	51.713
6584.0	360.94	52.192
6586.0	363.73	52.626000000000005
6588.0	365.86	52.966
6590.0	367.32	53.211000000000006
6592.0	368.79	53.456
6594.0	370.27	53.703
6596.0	370.73	53.802
6598.0	371.88	54.001000000000005
6600.0	371.99	54.05
6602.0	372.45	54.15
6604.0	372.91	54.25
6606.0	372.69	54.25
6608.0	373.15	54.35
6610.0	373.27	54.4
6612.0	373.04	54.4
6614.0	373.5	54.5
6616.0	373.27	54.5
6618.0	373.05	54.5
6620.0	373.51	54.601000000000006
6622.0	373.29	54.601000000000006
6624.0	373.06	54.601000000000006
6626.0	372.84	54.601000000000006
6628.0	372.61	54.601000000000006
6630.0	372.39	54.601000000000006
6632.0	372.16	54.601000000000006
6634.0	371.94	54.601000000000006
6636.0	371.71	54.601000000000006
6638.0	370.8	54.5
6640.0	370.58	54.5
6642.0	370.36	54.5
6644.0	369.45	54.4
6646.0	368.89	54.35
6648.0	367.99	54.25
6650.0	367.09	54.15
6652.0	366.2	54.05
6654.0	364.97	53.901
6656.0	364.08	53.802
6658.0	362.85	53.653999999999996
6660.0	361.3	53.456
6662.0	359.43	53.211000000000006
6664.0	357.89	53.015
6666.0	356.03	52.771
6668.0	354.18	52.528999999999996
6670.0	351.7	52.192
6672.0	349.87	51.952
6674.0	348.06	51.713
6676.0	345.93	51.428000000000004
6678.0	344.13	51.192
6680.0	343.93	51.192
6682.0	342.77	51.051
6684.0	342.57	51.051
6686.0	343.31	51.192
6688.0	343.74	51.286
6690.0	344.48	51.428000000000004
6692.0	346.19	51.713
6694.0	347.58	51.952
6696.0	348.33	52.095
6698.0	349.41	52.288000000000004
6700.0	350.81	52.528999999999996
6702.0	351.89	52.723
6704.0	352.01	52.771
6706.0	353.1	52.966
6708.0	353.86	53.113
6710.0	353.65	53.113
6712.0	354.09	53.211000000000006
6714.0	354.53	53.309
6716.0	354.32	53.309
6718.0	354.11	53.309
6720.0	354.23	53.358000000000004
6722.0	354.02	53.358000000000004
6724.0	354.46	53.456
6726.0	354.25	53.456
6728.0	354.04	53.456
6730.0	353.83	53.456
6732.0	353.62	53.456
6734.0	353.41	53.456
6736.0	353.2	53.456
6738.0	352.34	53.358000000000004
6740.0	352.13	53.358000000000004
6742.0	351.6	53.309
6744.0	351.39	53.309
6746.0	351.18	53.309
6748.0	350.32	53.211000000000006
6750.0	350.12	53.211000000000006
6752.0	349.91	53.211000000000006
6754.0	349.7	53.211000000000006
6756.0	348.85	53.113
6758.0	348.64	53.113
6760.0	348.44	53.113
6762.0	348.23	53.113
6764.0	348.03	53.113
6766.0	347.18	53.015
6768.0	346.98	53.015
6770.0	346.77	53.015
6772.0	346.57	53.015
6774.0	346.36	53.015
6776.0	345.84	52.966
6778.0	345.63	52.966
6780.0	345.43	52.966
6782.0	345.23	52.966
6784.0	345.02	52.966
6786.0	344.19	52.869
6788.0	343.98	52.869
6790.0	343.78	52.869
6792.0	343.58	52.869
6794.0	342.74	52.771
6796.0	342.54	52.771
6798.0	342.34	52.771
6800.0	341.82	52.723
6802.0	341.62	52.723
6804.0	340.79	52.626000000000005
6806.0	340.59	52.626000000000005
6808.0	340.39	52.626000000000005
6810.0	339.57	52.528999999999996
6812.0	339.37	52.528999999999996
6814.0	339.17	52.528999999999996
6816.0	338.35	52.431999999999995
6818.0	338.15	52.431999999999995
6820.0	337.95	52.431999999999995
6822.0	337.44	52.38399999999999
6824.0	337.24	52.38399999999999
6826.0	336.42	52.288000000000004
6828.0	336.23	52.288000000000004
6830.0	336.03	52.288000000000004
6832.0	335.83	52.288000000000004
6834.0	335.02	52.192
6836.0	334.82	52.192
6838.0	334.63	52.192
6840.0	334.43	52.192
6842.0	334.24	52.192
6844.0	334.04	52.192
6846.0	332.93	52.048
6848.0	332.42	52.0
6850.0	331.93	51.952
6852.0	331.73	51.952
6854.0	331.23	51.903999999999996
6856.0	330.73	51.856
6858.0	330.54	51.856
6860.0	330.04	51.808
6862.0	329.55	51.761
6864.0	329.36	51.761
6866.0	328.86	51.713
6868.0	328.37	51.665
6870.0	328.18	51.665
6872.0	327.68	51.618
6874.0	327.19	51.57
6876.0	327.0	51.57
6878.0	326.51	51.523
6880.0	326.32	51.523
6882.0	325.83	51.475
6884.0	325.34	51.428000000000004
6886.0	325.15	51.428000000000004
6888.0	324.66	51.381
6890.0	324.18	51.333
6892.0	323.99	51.333
6894.0	323.5	51.286
6896.0	323.32	51.286
6898.0	322.83	51.239
6900.0	322.64	51.239
6902.0	322.16	51.192
6904.0	321.68	51.145
6906.0	321.49	51.145
6908.0	321.01	51.097
6910.0	320.82	51.097
6912.0	320.34	51.051
6914.0	320.16	51.051
6916.0	319.68	51.003
6918.0	319.49	51.003
6920.0	319.01	50.956
6922.0	318.83	50.956
6924.0	318.35	50.909
6926.0	317.87	50.863
6928.0	317.69	50.863
6930.0	317.21	50.816
6932.0	317.03	50.816
6934.0	316.56	50.769
6936.0	316.37	50.769
6938.0	315.9	50.722
6940.0	315.72	50.722
6942.0	315.25	50.676
6944.0	315.07	50.676
6946.0	314.88	50.676
6948.0	314.41	50.629
6950.0	314.23	50.629
6952.0	313.19	50.489
6954.0	313.0	50.489
6956.0	312.82	50.489
6958.0	312.64	50.489
6960.0	312.47	50.489
6962.0	312.29	50.489
6964.0	312.11	50.489
6966.0	311.93	50.489
6968.0	311.75	50.489
6970.0	311.0	50.396
6972.0	310.82	50.396
6974.0	310.64	50.396
6976.0	310.46	50.396
6978.0	310.28	50.396
6980.0	310.11	50.396
6982.0	309.36	50.303999999999995
6984.0	309.18	50.303999999999995
6986.0	308.43	50.211000000000006
6988.0	307.97	50.165
6990.0	307.23	50.073
6992.0	307.06	50.073
6994.0	306.32	49.981
6996.0	306.14	49.981
6998.0	305.4	49.888000000000005
7000.0	304.95	49.842
7002.0	304.77	49.842
7004.0	304.6	49.842
7006.0	303.86	49.751000000000005
7008.0	303.69	49.751000000000005
7010.0	303.52	49.751000000000005
7012.0	302.79	49.659
7014.0	302.61	49.659
7016.0	302.44	49.659
7018.0	302.27	49.659
7020.0	302.1	49.659
7022.0	301.65	49.613
7024.0	301.47	49.613
7026.0	300.75	49.522
7028.0	300.58	49.522
7030.0	300.41	49.522
7032.0	300.24	49.522
7034.0	299.51	49.431000000000004
7036.0	299.34	49.431000000000004
7038.0	299.17	49.431000000000004
7040.0	298.45	49.34
7042.0	298.28	49.34
7044.0	297.29	49.20399999999999
7046.0	296.58	49.113
7048.0	295.59	48.978
7050.0	294.34	48.798
7052.0	293.36	48.663000000000004
7054.0	292.11	48.483999999999995
7056.0	291.14	48.35
7058.0	289.91	48.173
7060.0	288.94	48.04
7062.0	287.72	47.863
7064.0	287.29	47.818999999999996
7066.0	286.07	47.643
7068.0	285.91	47.643
7070.0	286.27	47.731
7072.0	286.11	47.731
7074.0	286.48	47.818999999999996
7076.0	287.11	47.951
7078.0	287.47	48.04
7080.0	288.11	48.173
7082.0	289.01	48.35
7084.0	289.64	48.483999999999995
7086.0	290.01	48.574
7088.0	289.85	48.574
7090.0	290.22	48.663000000000004
7092.0	290.32	48.708
7094.0	290.16	48.708
7096.0	290.0	48.708
7098.0	289.83	48.708
7100.0	289.4	48.663000000000004
7102.0	289.24	48.663000000000004
7104.0	289.08	48.663000000000004
7106.0	288.91	48.663000000000004
7108.0	288.75	48.663000000000004
7110.0	288.86	48.708
7112.0	288.43	48.663000000000004
7114.0	288.27	48.663000000000004
7116.0	288.1	48.663000000000004
7118.0	287.94	48.663000000000004
7120.0	287.25	48.574
7122.0	287.09	48.574
7124.0	286.93	48.574
7126.0	286.24	48.483999999999995
7128.0	286.08	48.483999999999995
7130.0	285.92	48.483999999999995
7132.0	285.49	48.44
7134.0	284.81	48.35
7136.0	284.65	48.35
7138.0	283.97	48.261
7140.0	283.81	48.261
7142.0	283.13	48.173
7144.0	282.97	48.173
7146.0	282.55	48.128
7148.0	281.87	48.04
7150.0	281.71	48.04
7152.0	281.04	47.951
7154.0	280.88	47.951
7156.0	280.21	47.863
7158.0	280.05	47.863
7160.0	279.64	47.818999999999996
7162.0	278.97	47.731
7164.0	278.3	47.643
7166.0	278.14	47.643
7168.0	277.22	47.512
7170.0	277.07	47.512
7172.0	276.4	47.424
7174.0	275.74	47.336999999999996
7176.0	275.08	47.25
7178.0	274.67	47.206
7180.0	274.52	47.206
7182.0	273.86	47.119
7184.0	273.2	47.033
7186.0	273.05	47.033
7188.0	272.15	46.903
7190.0	272.0	46.903
7192.0	271.34	46.816
7194.0	271.19	46.816
7196.0	271.04	46.816
7198.0	270.89	46.816
7200.0	270.74	46.816
7202.0	270.59	46.816
7204.0	270.44	46.816
7206.0	270.29	46.816
7208.0	270.64	46.903
7210.0	270.49	46.903
7212.0	270.84	46.989
7214.0	270.94	47.033
7216.0	270.79	47.033
7218.0	270.64	47.033
7220.0	270.49	47.033
7222.0	270.34	47.033
7224.0	270.19	47.033
7226.0	270.04	47.033
7228.0	269.89	47.033
7230.0	269.74	47.033
7232.0	269.34	46.989
7234.0	269.19	46.989
7236.0	269.04	46.989
7238.0	268.89	46.989
7240.0	268.25	46.903
7242.0	268.1	46.903
7244.0	267.46	46.816
7246.0	267.31	46.816
7248.0	266.68	46.73
7250.0	266.28	46.687
7252.0	265.65	46.601000000000006
7254.0	265.01	46.516000000000005
7256.0	264.38	46.43
7258.0	263.99	46.387
7260.0	263.36	46.302
7262.0	262.73	46.217
7264.0	262.1	46.132
7266.0	261.71	46.089
7268.0	261.09	46.004
7270.0	260.47	45.92
7272.0	259.6	45.793
7274.0	258.98	45.708999999999996
7276.0	258.37	45.625
7278.0	257.51	45.498999999999995
7280.0	257.37	45.498999999999995
7282.0	257.23	45.498999999999995
7284.0	256.61	45.415
7286.0	256.47	45.415
7288.0	256.8	45.498999999999995
7290.0	257.14	45.583
7292.0	257.23	45.625
7294.0	257.09	45.625
7296.0	257.43	45.708999999999996
7298.0	257.76	45.793
7300.0	257.62	45.793
7302.0	257.48	45.793
7304.0	257.33	45.793
7306.0	257.43	45.835
7308.0	257.29	45.835
7310.0	257.62	45.92
7312.0	257.48	45.92
7314.0	257.34	45.92
7316.0	257.2	45.92
7318.0	257.06	45.92
7320.0	257.39	46.004
7322.0	257.25	46.004
7324.0	256.64	45.92
7326.0	256.5	45.92
7328.0	256.36	45.92
7330.0	256.22	45.92
7332.0	256.08	45.92
7334.0	255.94	45.92
7336.0	255.33	45.835
7338.0	255.19	45.835
7340.0	254.82	45.793
7342.0	254.68	45.793
7344.0	254.54	45.793
7346.0	254.4	45.793
7348.0	254.26	45.793
7350.0	254.12	45.793
7352.0	253.52	45.708999999999996
7354.0	253.38	45.708999999999996
7356.0	253.24	45.708999999999996
7358.0	253.11	45.708999999999996
7360.0	252.97	45.708999999999996
7362.0	252.36	45.625
7364.0	252.23	45.625
7366.0	252.09	45.625
7368.0	251.72	45.583
7370.0	251.12	45.498999999999995
7372.0	250.99	45.498999999999995
7374.0	250.85	45.498999999999995
7376.0	250.25	45.415
7378.0	250.12	45.415
7380.0	249.98	45.415
7382.0	249.85	45.415
7384.0	249.71	45.415
7386.0	249.57	45.415
7388.0	249.44	45.415
7390.0	249.3	45.415
7392.0	249.17	45.415
7394.0	248.58	45.331
7396.0	248.44	45.331
7398.0	248.31	45.331
7400.0	248.17	45.331
7402.0	248.04	45.331
7404.0	247.91	45.331
7406.0	247.77	45.331
7408.0	247.64	45.331
7410.0	247.5	45.331
7412.0	247.14	45.29
7414.0	246.56	45.206
7416.0	246.42	45.206
7418.0	246.29	45.206
7420.0	246.16	45.206
7422.0	246.02	45.206
7424.0	245.44	45.123000000000005
7426.0	245.31	45.123000000000005
7428.0	245.18	45.123000000000005
7430.0	245.04	45.123000000000005
7432.0	244.91	45.123000000000005
7434.0	244.33	45.04
7436.0	243.97	44.998999999999995
7438.0	243.84	44.998999999999995
7440.0	243.26	44.916000000000004
7442.0	243.13	44.916000000000004
7444.0	242.55	44.833
7446.0	242.42	44.833
7448.0	242.29	44.833
7450.0	241.72	44.751000000000005
7452.0	241.59	44.751000000000005
7454.0	241.24	44.71
7456.0	241.11	44.71
7458.0	240.53	44.626999999999995
7460.0	240.4	44.626999999999995
7462.0	240.28	44.626999999999995
7464.0	240.15	44.626999999999995
7466.0	239.58	44.545
7468.0	239.45	44.545
7470.0	239.32	44.545
7472.0	239.19	44.545
7474.0	238.62	44.463
7476.0	238.28	44.422
7478.0	238.15	44.422
7480.0	238.02	44.422
7482.0	237.46	44.34
7484.0	237.33	44.34
7486.0	237.2	44.34
7488.0	236.64	44.25899999999999
7490.0	236.51	44.25899999999999
7492.0	236.17	44.218
7494.0	235.61	44.137
7496.0	235.48	44.137
7498.0	234.92	44.055
7500.0	234.8	44.055
7502.0	234.24	43.974
7504.0	234.12	43.974
7506.0	233.78	43.934
7508.0	233.65	43.934
7510.0	233.53	43.934
7512.0	232.98	43.853
7514.0	232.85	43.853
7516.0	232.73	43.853
7518.0	232.6	43.853
7520.0	232.48	43.853
7522.0	232.36	43.853
7524.0	232.23	43.853
7526.0	232.11	43.853
7528.0	231.56	43.772
7530.0	231.44	43.772
7532.0	231.31	43.772
7534.0	231.19	43.772
7536.0	230.64	43.692
7538.0	230.31	43.652
7540.0	230.19	43.652
7542.0	230.06	43.652
7544.0	229.52	43.571000000000005
7546.0	229.4	43.571000000000005
7548.0	229.28	43.571000000000005
7550.0	228.94	43.531000000000006
7552.0	228.82	43.531000000000006
7554.0	228.49	43.49100000000001
7556.0	228.37	43.49100000000001
7558.0	228.04	43.451
7560.0	227.92	43.451
7562.0	227.59	43.411
7564.0	227.47	43.411
7566.0	227.14	43.371
7568.0	226.81	43.331
7570.0	226.69	43.331
7572.0	226.36	43.291000000000004
7574.0	226.24	43.291000000000004
7576.0	225.91	43.251000000000005
7578.0	225.79	43.251000000000005
7580.0	225.47	43.211000000000006
7582.0	225.14	43.172
7584.0	225.02	43.172
7586.0	224.69	43.132
7588.0	224.58	43.132
7590.0	224.25	43.092
7592.0	224.13	43.092
7594.0	223.81	43.053000000000004
7596.0	223.49	43.013000000000005
7598.0	223.37	43.013000000000005
7600.0	223.05	42.973
7602.0	222.93	42.973
7604.0	222.61	42.934
7606.0	222.49	42.934
7608.0	222.17	42.894
7610.0	221.85	42.855
7612.0	221.73	42.855
7614.0	221.41	42.815
7616.0	221.29	42.815
7618.0	220.97	42.776
7620.0	220.65	42.736999999999995
7622.0	220.54	42.736999999999995
7624.0	220.22	42.696999999999996
7626.0	220.1	42.696999999999996
7628.0	219.79	42.658
7630.0	219.67	42.658
7632.0	219.35	42.619
7634.0	219.04	42.57899999999999
7636.0	218.92	42.57899999999999
7638.0	218.61	42.54
7640.0	218.49	42.54
7642.0	218.18	42.501000000000005
7644.0	217.86	42.461999999999996
7646.0	217.75	42.461999999999996
7648.0	217.43	42.423
7650.0	217.32	42.423
7652.0	217.01	42.38399999999999
7654.0	216.69	42.345
7656.0	216.58	42.345
7658.0	216.27	42.306000000000004
7660.0	216.15	42.306000000000004
7662.0	215.84	42.266999999999996
7664.0	215.53	42.228
7666.0	215.42	42.228
7668.0	215.11	42.18899999999999
7670.0	215.0	42.18899999999999
7672.0	214.69	42.15
7674.0	214.38	42.111000000000004
7676.0	214.26	42.111000000000004
7678.0	213.96	42.073
7680.0	213.84	42.073
7682.0	213.54	42.034
7684.0	213.23	41.995
7686.0	213.12	41.995
7688.0	212.81	41.956
7690.0	212.5	41.918
7692.0	212.39	41.918
7694.0	212.28	41.918
7696.0	211.98	41.879
7698.0	211.87	41.879
7700.0	211.37	41.802
7702.0	211.26	41.802
7704.0	211.15	41.802
7706.0	211.04	41.802
7708.0	210.54	41.725
7710.0	210.43	41.725
7712.0	209.94	41.648999999999994
7714.0	209.63	41.61
7716.0	209.14	41.534
7718.0	209.03	41.534
7720.0	208.54	41.457
7722.0	208.43	41.457
7724.0	208.32	41.457
7726.0	207.83	41.381
7728.0	207.72	41.381
7730.0	207.62	41.381
7732.0	207.51	41.381
7734.0	207.21	41.343
7736.0	207.1	41.343
7738.0	207.19	41.381
7740.0	207.08	41.381
7742.0	206.97	41.381
7744.0	207.25	41.457
7746.0	207.14	41.457
7748.0	207.03	41.457
7750.0	206.93	41.457
7752.0	207.2	41.534
7754.0	207.09	41.534
7756.0	206.99	41.534
7758.0	206.88	41.534
7760.0	206.77	41.534
7762.0	206.67	41.534
7764.0	206.56	41.534
7766.0	206.45	41.534
7768.0	206.35	41.534
7770.0	206.24	41.534
7772.0	205.76	41.457
7774.0	205.65	41.457
7776.0	205.17	41.381
7778.0	204.87	41.343
7780.0	204.77	41.343
7782.0	204.29	41.266999999999996
7784.0	204.18	41.266999999999996
7786.0	203.7	41.191
7788.0	203.6	41.191
7790.0	203.12	41.115
7792.0	203.01	41.115
7794.0	202.72	41.077
7796.0	202.62	41.077
7798.0	202.51	41.077
7800.0	202.04	41.001000000000005
7802.0	201.93	41.001000000000005
7804.0	201.46	40.926
7806.0	201.36	40.926
7808.0	200.88	40.851
7810.0	200.59	40.813
7812.0	200.12	40.738
7814.0	200.02	40.738
7816.0	199.55	40.663000000000004
7818.0	199.45	40.663000000000004
7820.0	199.16	40.626
7822.0	198.69	40.551
7824.0	198.59	40.551
7826.0	198.49	40.551
7828.0	198.39	40.551
7830.0	198.65	40.626
7832.0	198.74	40.663000000000004
7834.0	198.63	40.663000000000004
7836.0	198.53	40.663000000000004
7838.0	198.43	40.663000000000004
7840.0	198.33	40.663000000000004
7842.0	198.23	40.663000000000004
7844.0	197.94	40.626
7846.0	197.48	40.551
7848.0	197.02	40.476
7850.0	196.92	40.476
7852.0	196.45	40.402
7854.0	196.35	40.402
7856.0	196.07	40.364000000000004
7858.0	195.97	40.364000000000004
7860.0	195.87	40.364000000000004
7862.0	195.77	40.364000000000004
7864.0	195.67	40.364000000000004
7866.0	195.21	40.29
7868.0	195.12	40.29
7870.0	195.02	40.29
7872.0	194.92	40.29
7874.0	194.82	40.29
7876.0	194.36	40.216
7878.0	194.26	40.216
7880.0	194.16	40.216
7882.0	193.71	40.141999999999996
7884.0	193.61	40.141999999999996
7886.0	193.33	40.105
7888.0	193.24	40.105
7890.0	193.14	40.105
7892.0	193.04	40.105
7894.0	192.59	40.031
7896.0	192.49	40.031
7898.0	192.39	40.031
7900.0	191.94	39.958
7902.0	191.49	39.884
7904.0	191.22	39.847
7906.0	191.12	39.847
7908.0	190.67	39.774
7910.0	190.58	39.774
7912.0	190.13	39.701
7914.0	189.68	39.628
7916.0	189.59	39.628
7918.0	189.49	39.628
7920.0	189.4	39.628
7922.0	189.3	39.628
7924.0	189.55	39.701
7926.0	189.46	39.701
7928.0	189.01	39.628
7930.0	188.92	39.628
7932.0	188.65	39.591
7934.0	188.55	39.591
7936.0	188.46	39.591
7938.0	188.02	39.518
7940.0	187.92	39.518
7942.0	187.83	39.518
7944.0	187.73	39.518
7946.0	187.64	39.518
7948.0	187.54	39.518
7950.0	187.45	39.518
7952.0	187.36	39.518
7954.0	187.26	39.518
7956.0	187.17	39.518
7958.0	187.07	39.518
7960.0	186.98	39.518
7962.0	186.89	39.518
7964.0	186.79	39.518
7966.0	186.35	39.446
7968.0	186.26	39.446
7970.0	186.0	39.409
7972.0	185.56	39.336999999999996
7974.0	185.47	39.336999999999996
7976.0	185.37	39.336999999999996
7978.0	184.94	39.264
7980.0	184.85	39.264
7982.0	184.76	39.264
7984.0	184.32	39.192
7986.0	184.23	39.192
7988.0	184.14	39.192
7990.0	184.05	39.192
7992.0	183.95	39.192
7994.0	183.86	39.192
7996.0	183.77	39.192
7998.0	183.68	39.192
8000.0	183.59	39.192
8002.0	183.33	39.156
8004.0	183.23	39.156
8006.0	182.81	39.084
8008.0	182.38	39.012
8010.0	181.95	38.94
8012.0	181.69	38.904
8014.0	181.27	38.833
8016.0	180.84	38.760999999999996
8018.0	180.75	38.760999999999996
8020.0	180.33	38.69
8022.0	180.08	38.654
8024.0	179.99	38.654
8026.0	180.06	38.69
8028.0	180.3	38.760999999999996
8030.0	180.21	38.760999999999996
8032.0	180.12	38.760999999999996
8034.0	180.37	38.833
8036.0	180.28	38.833
8038.0	180.19	38.833
8040.0	180.1	38.833
8042.0	180.01	38.833
8044.0	179.92	38.833
8046.0	179.83	38.833
8048.0	179.74	38.833
8050.0	179.65	38.833
8052.0	179.56	38.833
8054.0	179.14	38.760999999999996
8056.0	179.05	38.760999999999996
8058.0	178.64	38.69
8060.0	178.38	38.654
8062.0	178.29	38.654
8064.0	178.2	38.654
8066.0	178.12	38.654
8068.0	178.03	38.654
8070.0	177.94	38.654
8072.0	177.85	38.654
8074.0	177.44	38.583
8076.0	177.35	38.583
8078.0	176.93	38.512
8080.0	176.68	38.477
8082.0	176.27	38.406
8084.0	175.86	38.335
8086.0	175.77	38.335
8088.0	175.36	38.265
8090.0	175.28	38.265
8092.0	175.19	38.265
8094.0	174.94	38.23
8096.0	174.86	38.23
8098.0	174.45	38.159
8100.0	174.36	38.159
8102.0	174.27	38.159
8104.0	173.87	38.089
8106.0	173.78	38.089
8108.0	173.7	38.089
8110.0	173.61	38.089
8112.0	173.53	38.089
8114.0	173.44	38.089
8116.0	173.36	38.089
8118.0	172.95	38.019
8120.0	172.87	38.019
8122.0	172.78	38.019
8124.0	172.54	37.984
8126.0	172.13	37.914
8128.0	171.73	37.844
8130.0	171.33	37.775
8132.0	171.09	37.74
8134.0	170.69	37.67
8136.0	170.61	37.67
8138.0	170.21	37.601
8140.0	170.13	37.601
8142.0	170.04	37.601
8144.0	169.96	37.601
8146.0	169.88	37.601
8148.0	169.48	37.532
8150.0	169.4	37.532
8152.0	169.16	37.497
8154.0	169.07	37.497
8156.0	168.68	37.428000000000004
8158.0	168.6	37.428000000000004
8160.0	168.52	37.428000000000004
8162.0	168.12	37.359
8164.0	168.04	37.359
8166.0	167.96	37.359
8168.0	167.88	37.359
8170.0	167.79	37.359
8172.0	167.71	37.359
8174.0	167.48	37.325
8176.0	167.39	37.325
8178.0	167.0	37.256
8180.0	166.92	37.256
8182.0	166.53	37.188
8184.0	166.15	37.119
8186.0	165.91	37.085
8188.0	165.53	37.016999999999996
8190.0	165.44	37.016999999999996
8192.0	165.06	36.949
8194.0	164.98	36.949
8196.0	164.9	36.949
8198.0	164.82	36.949
8200.0	164.74	36.949
8202.0	164.35	36.881
8204.0	164.27	36.881
8206.0	164.04	36.847
8208.0	163.96	36.847
8210.0	163.58	36.779
8212.0	163.5	36.779
8214.0	162.82	36.644
8216.0	162.59	36.61
8218.0	162.21	36.543
8220.0	161.84	36.475
8222.0	161.31	36.375
8224.0	160.94	36.308
8226.0	160.56	36.241
8228.0	160.34	36.208
8230.0	159.96	36.141
8232.0	159.59	36.074
8234.0	159.51	36.074
8236.0	159.14	36.008
8238.0	159.07	36.008
8240.0	158.84	35.975
8242.0	158.77	35.975
8244.0	158.69	35.975
8246.0	158.76	36.008
8248.0	158.68	36.008
8250.0	158.6	36.008
8252.0	158.82	36.074
8254.0	158.74	36.074
8256.0	158.96	36.141
8258.0	158.88	36.141
8260.0	158.8	36.141
8262.0	158.73	36.141
8264.0	158.65	36.141
8266.0	158.57	36.141
8268.0	158.5	36.141
8270.0	158.42	36.141
8272.0	158.34	36.141
8274.0	158.27	36.141
8276.0	158.48	36.208
8278.0	158.41	36.208
8280.0	158.33	36.208
8282.0	158.25	36.208
8284.0	158.18	36.208
8286.0	158.1	36.208
8288.0	158.02	36.208
8290.0	157.95	36.208
8292.0	157.87	36.208
8294.0	157.79	36.208
8296.0	157.72	36.208
8298.0	157.64	36.208
8300.0	157.57	36.208
8302.0	157.2	36.141
8304.0	157.13	36.141
8306.0	157.05	36.141
8308.0	156.97	36.141
8310.0	156.9	36.141
8312.0	156.82	36.141
8314.0	156.75	36.141
8316.0	156.67	36.141
8318.0	156.6	36.141
8320.0	156.52	36.141
8322.0	156.45	36.141
8324.0	156.37	36.141
8326.0	156.3	36.141
8328.0	156.22	36.141
8330.0	156.15	36.141
8332.0	156.36	36.208
8334.0	156.0	36.141
8336.0	155.92	36.141
8338.0	155.56	36.074
8340.0	155.49	36.074
8342.0	155.12	36.008
8344.0	154.91	35.975
8346.0	154.55	35.909
8348.0	154.19	35.843
8350.0	154.12	35.843
8352.0	154.04	35.843
8354.0	153.68	35.777
8356.0	153.47	35.744
8358.0	153.4	35.744
8360.0	153.04	35.678000000000004
8362.0	152.97	35.678000000000004
8364.0	152.61	35.611999999999995
8366.0	152.54	35.611999999999995
8368.0	152.47	35.611999999999995
8370.0	152.39	35.611999999999995
8372.0	152.6	35.678000000000004
8374.0	152.81	35.744
8376.0	152.88	35.777
8378.0	153.09	35.843
8380.0	153.3	35.909
8382.0	153.65	36.008
8384.0	153.57	36.008
8386.0	153.78	36.074
8388.0	153.71	36.074
8390.0	153.64	36.074
8392.0	153.28	36.008
8394.0	153.21	36.008
8396.0	152.99	35.975
8398.0	152.64	35.909
8400.0	152.57	35.909
8402.0	152.21	35.843
8404.0	152.14	35.843
8406.0	152.07	35.843
8408.0	152.0	35.843
8410.0	151.92	35.843
8412.0	151.85	35.843
8414.0	151.36	35.744
8416.0	151.29	35.744
8418.0	150.94	35.678000000000004
8420.0	150.59	35.611999999999995
8422.0	150.24	35.547
8424.0	150.03	35.514
8426.0	149.69	35.449
8428.0	149.61	35.449
8430.0	149.27	35.383
8432.0	149.2	35.383
8434.0	148.85	35.318000000000005
8436.0	148.78	35.318000000000005
8438.0	148.71	35.318000000000005
8440.0	148.91	35.383
8442.0	148.84	35.383
8444.0	149.05	35.449
8446.0	148.98	35.449
8448.0	148.91	35.449
8450.0	148.84	35.449
8452.0	148.77	35.449
8454.0	148.7	35.449
8456.0	148.62	35.449
8458.0	148.55	35.449
8460.0	148.76	35.514
8462.0	148.82	35.547
8464.0	149.03	35.611999999999995
8466.0	148.96	35.611999999999995
8468.0	148.89	35.611999999999995
8470.0	148.82	35.611999999999995
8472.0	148.47	35.547
8474.0	148.27	35.514
8476.0	147.92	35.449
8478.0	147.85	35.449
8480.0	147.51	35.383
8482.0	147.44	35.383
8484.0	147.1	35.318000000000005
8486.0	147.03	35.318000000000005
8488.0	146.96	35.318000000000005
8490.0	146.89	35.318000000000005
8492.0	146.69	35.286
8494.0	146.76	35.318000000000005
8496.0	146.96	35.383
8498.0	146.89	35.383
8500.0	146.82	35.383
8502.0	146.75	35.383
8504.0	146.95	35.449
8506.0	146.61	35.383
8508.0	146.14	35.286
8510.0	145.8	35.221
8512.0	145.46	35.156
8514.0	145.0	35.059
8516.0	144.66	34.995
8518.0	144.59	34.995
8520.0	144.52	34.995
8522.0	144.46	34.995
8524.0	144.39	34.995
8526.0	144.59	35.059
8528.0	144.52	35.059
8530.0	144.72	35.124
8532.0	145.05	35.221
8534.0	145.25	35.286
8536.0	145.32	35.318000000000005
8538.0	145.51	35.383
8540.0	145.72	35.449
8542.0	145.65	35.449
8544.0	145.58	35.449
8546.0	145.51	35.449
8548.0	145.17	35.383
8550.0	144.71	35.286
8552.0	144.37	35.221
8554.0	144.04	35.156
8556.0	143.31	34.995
8558.0	142.85	34.898
8560.0	142.26	34.77
8562.0	141.8	34.674
8564.0	141.47	34.61
8566.0	140.88	34.483000000000004
8568.0	140.69	34.451
8570.0	140.11	34.324
8572.0	139.91	34.293
8574.0	139.59	34.229
8576.0	139.52	34.229
8578.0	139.2	34.166
8580.0	139.39	34.229
8582.0	139.33	34.229
8584.0	139.26	34.229
8586.0	139.2	34.229
8588.0	139.13	34.229
8590.0	138.81	34.166
8592.0	138.75	34.166
8594.0	138.69	34.166
8596.0	138.37	34.104
8598.0	138.3	34.104
8600.0	138.11	34.071999999999996
8602.0	137.79	34.009
8604.0	137.73	34.009
8606.0	137.66	34.009
8608.0	137.6	34.009
8610.0	137.54	34.009
8612.0	137.22	33.946999999999996
8614.0	137.15	33.946999999999996
8616.0	137.09	33.946999999999996
8618.0	137.03	33.946999999999996
8620.0	136.96	33.946999999999996
8622.0	136.9	33.946999999999996
8624.0	136.84	33.946999999999996
8626.0	136.77	33.946999999999996
8628.0	136.71	33.946999999999996
8630.0	136.65	33.946999999999996
8632.0	136.58	33.946999999999996
8634.0	136.77	34.009
8636.0	136.71	34.009
8638.0	136.64	34.009
8640.0	136.96	34.104
8642.0	137.15	34.166
8644.0	137.34	34.229
8646.0	137.27	34.229
8648.0	137.46	34.293
8650.0	137.53	34.324
8652.0	137.46	34.324
8654.0	137.65	34.387
8656.0	137.59	34.387
8658.0	137.53	34.387
8660.0	137.72	34.451
8662.0	137.65	34.451
8664.0	137.59	34.451
8666.0	137.53	34.451
8668.0	137.46	34.451
8670.0	137.15	34.387
8672.0	136.83	34.324
8674.0	136.64	34.293
8676.0	136.08	34.166
8678.0	135.76	34.104
8680.0	135.33	34.009
8682.0	134.77	33.884
8684.0	134.33	33.791
8686.0	133.78	33.667
8688.0	133.35	33.574
8690.0	133.04	33.512
8692.0	132.61	33.419000000000004
8694.0	132.31	33.358000000000004
8696.0	131.88	33.266
8698.0	131.34	33.144
8700.0	130.91	33.052
8702.0	130.37	32.931
8704.0	129.71	32.779
8706.0	129.18	32.659
8708.0	129.0	32.629
8710.0	128.46	32.509
8712.0	128.41	32.509
8714.0	128.35	32.509
8716.0	128.52	32.569
8718.0	128.7	32.629
8720.0	129.0	32.719
8722.0	129.18	32.779
8724.0	129.48	32.87
8726.0	129.66	32.931
8728.0	129.83	32.991
8730.0	130.13	33.083
8732.0	130.07	33.083
8734.0	129.9	33.052
8736.0	129.84	33.052
8738.0	129.78	33.052
8740.0	129.48	32.991
8742.0	129.42	32.991
8744.0	129.36	32.991
8746.0	129.3	32.991
8748.0	129.24	32.991
8750.0	129.18	32.991
8752.0	129.12	32.991
8754.0	129.06	32.991
8756.0	129.01	32.991
8758.0	128.95	32.991
8760.0	128.65	32.931
8762.0	128.59	32.931
8764.0	128.18	32.84
8766.0	128.12	32.84
8768.0	127.83	32.779
8770.0	127.53	32.719
8772.0	127.12	32.629
8774.0	126.83	32.569
8776.0	126.54	32.509
8778.0	126.13	32.419000000000004
8780.0	125.84	32.359
8782.0	125.55	32.3
8784.0	125.38	32.27
8786.0	125.09	32.211
8788.0	125.04	32.211
8790.0	124.98	32.211
8792.0	124.92	32.211
8794.0	124.87	32.211
8796.0	124.58	32.150999999999996
8798.0	124.52	32.150999999999996
8800.0	124.47	32.150999999999996
8802.0	124.18	32.092
8804.0	124.13	32.092
8806.0	124.07	32.092
8808.0	124.24	32.150999999999996
8810.0	124.18	32.150999999999996
8812.0	124.13	32.150999999999996
8814.0	124.07	32.150999999999996
8816.0	124.02	32.150999999999996
8818.0	123.96	32.150999999999996
8820.0	123.68	32.092
8822.0	123.85	32.150999999999996
8824.0	123.79	32.150999999999996
8826.0	123.73	32.150999999999996
8828.0	123.68	32.150999999999996
8830.0	123.85	32.211
8832.0	123.79	32.211
8834.0	123.74	32.211
8836.0	123.91	32.27
8838.0	123.85	32.27
8840.0	123.91	32.3
8842.0	123.86	32.3
8844.0	123.8	32.3
8846.0	123.97	32.359
8848.0	123.92	32.359
8850.0	123.86	32.359
8852.0	123.8	32.359
8854.0	123.75	32.359
8856.0	123.92	32.419000000000004
8858.0	123.87	32.419000000000004
8860.0	123.81	32.419000000000004
8862.0	123.75	32.419000000000004
8864.0	123.7	32.419000000000004
8866.0	123.64	32.419000000000004
8868.0	123.59	32.419000000000004
8870.0	123.53	32.419000000000004
8872.0	123.25	32.359
8874.0	122.85	32.27
8876.0	122.34	32.150999999999996
8878.0	122.06	32.092
8880.0	121.9	32.063
8882.0	121.62	32.004
8884.0	121.34	31.945
8886.0	121.06	31.886
8888.0	120.9	31.857
8890.0	120.62	31.798000000000002
8892.0	120.34	31.739
8894.0	119.96	31.651999999999997
8896.0	119.9	31.651999999999997
8898.0	119.63	31.594
8900.0	119.36	31.535999999999998
8902.0	119.3	31.535999999999998
8904.0	119.25	31.535999999999998
8906.0	119.19	31.535999999999998
8908.0	119.14	31.535999999999998
8910.0	119.09	31.535999999999998
8912.0	119.03	31.535999999999998
8914.0	118.76	31.476999999999997
8916.0	118.6	31.448
8918.0	118.55	31.448
8920.0	118.27	31.391
8922.0	118.0	31.333000000000002
8924.0	117.63	31.246
8926.0	117.57	31.246
8928.0	117.3	31.189
8930.0	117.04	31.131999999999998
8932.0	116.88	31.103
8934.0	116.61	31.046
8936.0	116.34	30.988000000000003
8938.0	115.97	30.903000000000002
8940.0	115.7	30.846
8942.0	115.44	30.789
8944.0	115.07	30.704
8946.0	114.81	30.648000000000003
8948.0	114.54	30.590999999999998
8950.0	114.39	30.563000000000002
8952.0	113.91	30.451
8954.0	113.65	30.395
8956.0	113.29	30.311
8958.0	113.03	30.255
8960.0	112.77	30.199
8962.0	112.62	30.171999999999997
8964.0	112.36	30.116
8966.0	112.1	30.061
8968.0	111.75	29.978
8970.0	111.49	29.923000000000002
8972.0	111.23	29.866999999999997
8974.0	110.88	29.785
8976.0	110.63	29.73
8978.0	110.37	29.676
8980.0	110.32	29.676
8982.0	110.27	29.676
8984.0	110.12	29.648000000000003
8986.0	109.87	29.594
8988.0	109.62	29.539
8990.0	109.37	29.485
8992.0	109.02	29.404
8994.0	108.77	29.349
8996.0	108.42	29.268
8998.0	108.18	29.215
9000.0	108.13	29.215
9002.0	108.08	29.215
9004.0	108.23	29.268
9006.0	108.18	29.268
9008.0	108.43	29.349
9010.0	108.39	29.349
9012.0	108.54	29.404
9014.0	108.49	29.404
9016.0	108.44	29.404
9018.0	108.39	29.404
9020.0	108.34	29.404
9022.0	108.3	29.404
9024.0	108.05	29.349
9026.0	107.7	29.268
9028.0	107.46	29.215
9030.0	107.21	29.160999999999998
9032.0	106.87	29.08
9034.0	106.43	28.973000000000003
9036.0	106.19	28.92
9038.0	106.04	28.894000000000002
9040.0	105.61	28.787
9042.0	105.56	28.787
9044.0	105.22	28.708000000000002
9046.0	104.98	28.655
9048.0	104.93	28.655
9050.0	104.69	28.601999999999997
9052.0	104.55	28.576
9054.0	104.31	28.523000000000003
9056.0	104.27	28.523000000000003
9058.0	104.03	28.471
9060.0	103.98	28.471
9062.0	103.94	28.471
9064.0	103.7	28.418000000000003
9066.0	103.56	28.392
9068.0	103.51	28.392
9070.0	103.28	28.34
9072.0	103.23	28.34
9074.0	103.19	28.34
9076.0	103.14	28.34
9078.0	103.29	28.392
9080.0	103.34	28.418000000000003
9082.0	103.48	28.471
9084.0	103.43	28.471
9086.0	103.39	28.471
9088.0	103.34	28.471
9090.0	103.3	28.471
9092.0	103.44	28.523000000000003
9094.0	103.4	28.523000000000003
9096.0	103.54	28.576
9098.0	103.59	28.601999999999997
9100.0	103.93	28.708000000000002
9102.0	104.07	28.761
9104.0	104.32	28.84
9106.0	104.46	28.894000000000002
9108.0	104.51	28.92
9110.0	104.66	28.973000000000003
9112.0	104.61	28.973000000000003
9114.0	104.76	29.026999999999997
9116.0	104.72	29.026999999999997
9118.0	104.67	29.026999999999997
9120.0	104.62	29.026999999999997
9122.0	104.58	29.026999999999997
9124.0	104.34	28.973000000000003
9126.0	104.29	28.973000000000003
9128.0	104.25	28.973000000000003
9130.0	104.01	28.92
9132.0	103.97	28.92
9134.0	104.11	28.973000000000003
9136.0	104.26	29.026999999999997
9138.0	104.4	29.08
9140.0	104.36	29.08
9142.0	104.6	29.160999999999998
9144.0	104.56	29.160999999999998
9146.0	104.51	29.160999999999998
9148.0	104.46	29.160999999999998
9150.0	104.42	29.160999999999998
9152.0	104.18	29.107
9154.0	104.14	29.107
9156.0	104.09	29.107
9158.0	104.04	29.107
9160.0	104.0	29.107
9162.0	104.15	29.160999999999998
9164.0	104.1	29.160999999999998
9166.0	104.05	29.160999999999998
9168.0	104.01	29.160999999999998
9170.0	103.77	29.107
9172.0	103.63	29.08
9174.0	103.4	29.026999999999997
9176.0	103.16	28.973000000000003
9178.0	103.12	28.973000000000003
9180.0	102.79	28.894000000000002
9182.0	102.55	28.84
9184.0	102.32	28.787
9186.0	102.18	28.761
9188.0	101.95	28.708000000000002
9190.0	101.9	28.708000000000002
9192.0	101.86	28.708000000000002
9194.0	101.81	28.708000000000002
9196.0	101.77	28.708000000000002
9198.0	101.73	28.708000000000002
9200.0	101.68	28.708000000000002
