3200.0	147.27	5.0304
3201.0	147.45	5.0396
3202.0	147.36	5.0396
3203.0	146.73	5.0211
3204.0	146.23	5.0073
3205.0	145.47	4.9842
3206.0	144.44	4.9522
3207.0	144.62	4.9613
3208.0	144.66	4.9659
3209.0	145.1	4.9842
3210.0	145.42	4.9981
3211.0	145.86	5.0165
3212.0	146.17	5.0304
3213.0	146.62	5.0489
3214.0	146.53	5.0489
3215.0	146.85	5.0629
3216.0	147.02	5.0722
3217.0	147.34	5.0863
3218.0	147.52	5.0956
3219.0	147.97	5.1145
3220.0	147.88	5.1145
3221.0	147.92	5.1192
3222.0	148.11	5.1286
3223.0	148.29	5.1381
3224.0	148.6	5.1523
3225.0	148.79	5.1618
3226.0	148.97	5.1713
3227.0	148.88	5.1713
3228.0	149.19	5.1856
3229.0	149.38	5.1952
3230.0	149.01	5.1856
3231.0	148.64	5.1761
3232.0	148.42	5.1713
3233.0	147.78	5.1523
3234.0	147.41	5.1428
3235.0	147.19	5.1381
3236.0	146.83	5.1286
3237.0	146.47	5.1192
3238.0	146.24	5.1145
3239.0	145.34	5.0863
3240.0	144.85	5.0722
3241.0	144.5	5.0629
3242.0	144.01	5.0489
3243.0	144.05	5.0536
3244.0	144.23	5.0629
3245.0	144.14	5.0629
3246.0	144.05	5.0629
3247.0	143.7	5.0536
3248.0	143.48	5.0489
3249.0	142.86	5.0304
3250.0	142.12	5.0073
3251.0	141.12	4.9751
3252.0	140.77	4.9659
3253.0	140.04	4.9431
3254.0	139.57	4.9295
3255.0	138.97	4.9113
3256.0	138.5	4.8978
3257.0	137.91	4.8798
3258.0	137.44	4.8663
3259.0	136.85	4.8484
3260.0	136.14	4.8261
3261.0	135.18	4.7951
3262.0	134.23	4.7643
3263.0	132.92	4.7206
3264.0	132.23	4.6989
3265.0	131.66	4.6816
3266.0	131.34	4.673
3267.0	131.74	4.6903
3268.0	131.9	4.6989
3269.0	131.58	4.6903
3270.0	131.5	4.6903
3271.0	132.03	4.7119
3272.0	132.31	4.725
3273.0	132.11	4.7206
3274.0	132.03	4.7206
3275.0	132.07	4.725
3276.0	132.47	4.7424
3277.0	133.01	4.7643
3278.0	133.54	4.7863
3279.0	133.95	4.804
3280.0	134.24	4.8173
3281.0	134.4	4.8261
3282.0	134.57	4.835
3283.0	134.49	4.835
3284.0	134.4	4.835
3285.0	134.32	4.835
3286.0	133.75	4.8173
3287.0	133.3	4.804
3288.0	132.97	4.7951
3289.0	132.52	4.7819
3290.0	132.57	4.7863
3291.0	132.73	4.7951
3292.0	132.65	4.7951
3293.0	132.32	4.7863
3294.0	132.24	4.7863
3295.0	131.8	4.7731
3296.0	131.48	4.7643
3297.0	130.79	4.7424
3298.0	130.23	4.725
3299.0	130.03	4.7206
3300.0	130.07	4.725
3301.0	130.48	4.7424
3302.0	131.0	4.7643
3303.0	131.52	4.7863
3304.0	132.17	4.8128
3305.0	132.09	4.8128
3306.0	132.01	4.8128
3307.0	131.69	4.804
3308.0	131.61	4.804
3309.0	131.53	4.804
3310.0	131.45	4.804
3311.0	131.13	4.7951
3312.0	130.81	4.7863
3313.0	130.37	4.7731
3314.0	130.05	4.7643
3315.0	129.97	4.7643
3316.0	130.13	4.7731
3317.0	130.3	4.7819
3318.0	129.98	4.7731
3319.0	129.9	4.7731
3320.0	130.06	4.7819
3321.0	130.1	4.7863
3322.0	129.66	4.7731
3323.0	129.35	4.7643
3324.0	128.91	4.7512
3325.0	128.6	4.7424
3326.0	128.29	4.7337
3327.0	127.97	4.725
3328.0	127.9	4.725
3329.0	128.05	4.7337
3330.0	127.98	4.7337
3331.0	127.67	4.725
3332.0	127.47	4.7206
3333.0	127.39	4.7206
3334.0	127.08	4.7119
3335.0	126.77	4.7033
3336.0	126.7	4.7033
3337.0	127.09	4.7206
3338.0	127.36	4.7337
3339.0	127.52	4.7424
3340.0	127.68	4.7512
3341.0	127.6	4.7512
3342.0	127.53	4.7512
3343.0	127.45	4.7512
3344.0	127.14	4.7424
3345.0	126.83	4.7337
3346.0	126.41	4.7206
3347.0	126.33	4.7206
3348.0	125.79	4.7033
3349.0	125.37	4.6903
3350.0	125.06	4.6816
3351.0	124.99	4.6816
3352.0	124.68	4.673
3353.0	124.61	4.673
3354.0	124.54	4.673
3355.0	124.35	4.6687
3356.0	124.39	4.673
3357.0	124.54	4.6816
3358.0	124.7	4.6903
3359.0	124.97	4.7033
3360.0	125.12	4.7119
3361.0	125.05	4.7119
3362.0	125.21	4.7206
3363.0	125.48	4.7337
3364.0	125.87	4.7512
3365.0	126.6	4.7819
3366.0	127.11	4.804
3367.0	127.39	4.8173
3368.0	127.55	4.8261
3369.0	127.94	4.844
3370.0	127.99	4.8484
3371.0	127.91	4.8484
3372.0	127.83	4.8484
3373.0	127.64	4.844
3374.0	127.33	4.835
3375.0	127.49	4.844
3376.0	127.77	4.8574
3377.0	127.69	4.8574
3378.0	127.38	4.8484
3379.0	126.95	4.835
3380.0	126.41	4.8173
3381.0	126.22	4.8128
3382.0	126.26	4.8173
3383.0	126.19	4.8173
3384.0	126.35	4.8261
3385.0	126.27	4.8261
3386.0	126.43	4.835
3387.0	126.35	4.835
3388.0	126.63	4.8484
3389.0	126.79	4.8574
3390.0	126.71	4.8574
3391.0	126.29	4.844
3392.0	125.98	4.835
3393.0	125.68	4.8261
3394.0	125.26	4.8128
3395.0	124.72	4.7951
3396.0	124.3	4.7819
3397.0	124.0	4.7731
3398.0	123.7	4.7643
3399.0	123.4	4.7555
3400.0	123.21	4.7512
3401.0	123.14	4.7512
3402.0	123.07	4.7512
3403.0	123.34	4.7643
3404.0	123.83	4.7863
3405.0	123.99	4.7951
3406.0	124.37	4.8128
3407.0	124.42	4.8173
3408.0	124.34	4.8173
3409.0	124.16	4.8128
3410.0	124.08	4.8128
3411.0	124.01	4.8128
3412.0	124.28	4.8261
3413.0	124.44	4.835
3414.0	123.91	4.8173
3415.0	123.26	4.7951
3416.0	123.19	4.7951
3417.0	122.89	4.7863
3418.0	122.82	4.7863
3419.0	122.75	4.7863
3420.0	122.34	4.7731
3421.0	121.82	4.7555
3422.0	121.64	4.7512
3423.0	121.56	4.7512
3424.0	121.49	4.7512
3425.0	121.2	4.7424
3426.0	120.91	4.7337
3427.0	120.5	4.7206
3428.0	120.21	4.7119
3429.0	120.36	4.7206
3430.0	120.29	4.7206
3431.0	120.22	4.7206
3432.0	120.15	4.7206
3433.0	120.41	4.7337
3434.0	120.56	4.7424
3435.0	120.49	4.7424
3436.0	120.42	4.7424
3437.0	120.35	4.7424
3438.0	120.51	4.7512
3439.0	120.77	4.7643
3440.0	120.92	4.7731
3441.0	121.07	4.7819
3442.0	121.0	4.7819
3443.0	120.71	4.7731
3444.0	119.87	4.7424
3445.0	119.24	4.7206
3446.0	118.74	4.7033
3447.0	118.12	4.6816
3448.0	117.84	4.673
3449.0	117.44	4.6601
3450.0	117.59	4.6687
3451.0	117.63	4.673
3452.0	117.78	4.6816
3453.0	117.71	4.6816
3454.0	117.65	4.6816
3455.0	117.58	4.6816
3456.0	117.51	4.6816
3457.0	117.66	4.6903
3458.0	117.92	4.7033
3459.0	118.28	4.7206
3460.0	118.54	4.7337
3461.0	118.47	4.7337
3462.0	118.4	4.7337
3463.0	118.34	4.7337
3464.0	118.27	4.7337
3465.0	118.42	4.7424
3466.0	118.35	4.7424
3467.0	118.06	4.7337
3468.0	117.67	4.7206
3469.0	117.38	4.7119
3470.0	116.99	4.6989
3471.0	116.71	4.6903
3472.0	116.64	4.6903
3473.0	116.58	4.6903
3474.0	116.51	4.6903
3475.0	116.44	4.6903
3476.0	116.16	4.6816
3477.0	115.88	4.673
3478.0	115.81	4.673
3479.0	115.75	4.673
3480.0	115.68	4.673
3481.0	115.51	4.6687
3482.0	115.44	4.6687
3483.0	115.16	4.6601
3484.0	115.1	4.6601
3485.0	115.03	4.6601
3486.0	115.18	4.6687
3487.0	115.22	4.673
3488.0	115.36	4.6816
3489.0	115.51	4.6903
3490.0	115.44	4.6903
3491.0	115.59	4.6989
3492.0	115.63	4.7033
3493.0	115.56	4.7033
3494.0	115.39	4.6989
3495.0	114.9	4.6816
3496.0	114.52	4.6687
3497.0	114.03	4.6516
3498.0	113.65	4.6387
3499.0	113.38	4.6302
3500.0	113.31	4.6302
3501.0	113.04	4.6217
3502.0	112.66	4.6089
3503.0	112.19	4.592
3504.0	112.33	4.6004
3505.0	112.47	4.6089
3506.0	112.41	4.6089
3507.0	112.65	4.6217
3508.0	112.8	4.6302
3509.0	112.73	4.6302
3510.0	112.98	4.643
3511.0	113.33	4.6601
3512.0	113.79	4.6816
3513.0	113.94	4.6903
3514.0	114.19	4.7033
3515.0	113.81	4.6903
3516.0	113.74	4.6903
3517.0	113.89	4.6989
3518.0	113.93	4.7033
3519.0	114.07	4.7119
3520.0	114.22	4.7206
3521.0	114.47	4.7337
3522.0	114.83	4.7512
3523.0	114.87	4.7555
3524.0	115.01	4.7643
3525.0	114.74	4.7555
3526.0	114.36	4.7424
3527.0	113.87	4.725
3528.0	113.49	4.7119
3529.0	113.11	4.6989
3530.0	112.63	4.6816
3531.0	112.36	4.673
3532.0	111.78	4.6516
3533.0	111.41	4.6387
3534.0	111.35	4.6387
3535.0	111.08	4.6302
3536.0	111.02	4.6302
3537.0	110.96	4.6302
3538.0	110.69	4.6217
3539.0	110.12	4.6004
3540.0	109.85	4.592
3541.0	109.79	4.592
3542.0	109.43	4.5793
3543.0	109.16	4.5709
3544.0	108.9	4.5625
3545.0	108.34	4.5415
3546.0	108.08	4.5331
3547.0	108.02	4.5331
3548.0	108.16	4.5415
3549.0	108.59	4.5625
3550.0	108.93	4.5793
3551.0	108.67	4.5709
3552.0	108.61	4.5709
3553.0	108.35	4.5625
3554.0	108.19	4.5583
3555.0	108.23	4.5625
3556.0	108.37	4.5709
3557.0	108.51	4.5793
3558.0	108.44	4.5793
3559.0	108.48	4.5835
3560.0	108.62	4.592
3561.0	108.56	4.592
3562.0	108.5	4.592
3563.0	108.44	4.592
3564.0	108.18	4.5835
3565.0	108.02	4.5793
3566.0	107.96	4.5793
3567.0	108.0	4.5835
3568.0	107.94	4.5835
3569.0	107.88	4.5835
3570.0	107.82	4.5835
3571.0	107.66	4.5793
3572.0	107.6	4.5793
3573.0	107.64	4.5835
3574.0	107.58	4.5835
3575.0	107.51	4.5835
3576.0	107.65	4.592
3577.0	107.59	4.592
3578.0	107.73	4.6004
3579.0	107.67	4.6004
3580.0	107.41	4.592
3581.0	107.35	4.592
3582.0	107.29	4.592
3583.0	107.23	4.592
3584.0	107.17	4.592
3585.0	107.11	4.592
3586.0	107.05	4.592
3587.0	106.99	4.592
3588.0	107.33	4.6089
3589.0	107.27	4.6089
3590.0	107.31	4.6132
3591.0	107.25	4.6132
3592.0	107.19	4.6132
3593.0	107.13	4.6132
3594.0	107.07	4.6132
3595.0	107.01	4.6132
3596.0	107.15	4.6217
3597.0	107.09	4.6217
3598.0	106.83	4.6132
3599.0	106.77	4.6132
3600.0	106.61	4.6089
3601.0	106.55	4.6089
3602.0	106.3	4.6004
3603.0	106.24	4.6004
3604.0	106.18	4.6004
3605.0	106.12	4.6004
3606.0	106.26	4.6089
3607.0	106.2	4.6089
3608.0	106.44	4.6217
3609.0	106.18	4.6132
3610.0	106.12	4.6132
3611.0	105.97	4.6089
3612.0	105.71	4.6004
3613.0	105.65	4.6004
3614.0	105.59	4.6004
3615.0	105.54	4.6004
3616.0	105.48	4.6004
3617.0	105.61	4.6089
3618.0	105.65	4.6132
3619.0	105.79	4.6217
3620.0	105.44	4.6089
3621.0	105.19	4.6004
3622.0	104.74	4.5835
3623.0	104.4	4.5709
3624.0	104.15	4.5625
3625.0	103.8	4.5499
3626.0	103.74	4.5499
3627.0	103.69	4.5499
3628.0	103.63	4.5499
3629.0	103.86	4.5625
3630.0	103.99	4.5709
3631.0	104.13	4.5793
3632.0	104.07	4.5793
3633.0	103.82	4.5709
3634.0	103.57	4.5625
3635.0	103.52	4.5625
3636.0	103.46	4.5625
3637.0	103.4	4.5625
3638.0	103.35	4.5625
3639.0	103.48	4.5709
3640.0	103.61	4.5793
3641.0	103.84	4.592
3642.0	103.98	4.6004
3643.0	103.92	4.6004
3644.0	103.67	4.592
3645.0	103.33	4.5793
3646.0	103.08	4.5709
3647.0	102.84	4.5625
3648.0	102.69	4.5583
3649.0	102.44	4.5499
3650.0	102.38	4.5499
3651.0	102.52	4.5583
3652.0	102.46	4.5583
3653.0	102.41	4.5583
3654.0	101.97	4.5415
3655.0	101.26	4.5123
3656.0	100.74	4.4916
3657.0	100.32	4.4751
3658.0	99.984	4.4627
3659.0	99.93	4.4627
3660.0	99.69200000000001	4.4545
3661.0	99.821	4.4627
3662.0	99.766	4.4627
3663.0	99.896	4.471
3664.0	100.12	4.4833
3665.0	100.25	4.4916
3666.0	100.19	4.4916
3667.0	99.95299999999999	4.4833
3668.0	99.624	4.471
3669.0	99.569	4.471
3670.0	99.515	4.471
3671.0	99.461	4.471
3672.0	99.223	4.4627
3673.0	99.169	4.4627
3674.0	99.115	4.4627
3675.0	99.336	4.4751
3676.0	99.648	4.4916
3677.0	100.05	4.5123
3678.0	100.18	4.5206
3679.0	100.41	4.5331
3680.0	100.54	4.5415
3681.0	100.48	4.5415
3682.0	100.43	4.5415
3683.0	100.37	4.5415
3684.0	100.13	4.5331
3685.0	100.08	4.5331
3686.0	99.93299999999999	4.529
3687.0	99.695	4.5206
3688.0	99.458	4.5123
3689.0	98.947	4.4916
3690.0	98.439	4.471
3691.0	98.024	4.4545
3692.0	97.521	4.434
3693.0	97.02	4.4137
3694.0	96.611	4.3974
3695.0	96.559	4.3974
3696.0	96.684	4.4055
3697.0	96.81	4.4137
3698.0	97.025	4.4259
3699.0	96.973	4.4259
3700.0	97.09899999999999	4.434
3701.0	97.04700000000001	4.434
3702.0	97.17399999999999	4.4422
3703.0	97.12100000000001	4.4422
3704.0	97.069	4.4422
3705.0	97.016	4.4422
3706.0	96.785	4.434
3707.0	96.555	4.4259
3708.0	96.50299999999999	4.4259
3709.0	96.45100000000001	4.4259
3710.0	96.31	4.4218
3711.0	96.081	4.4137
3712.0	96.03	4.4137
3713.0	95.978	4.4137
3714.0	96.191	4.4259
3715.0	96.139	4.4259
3716.0	96.265	4.434
3717.0	96.213	4.434
3718.0	96.161	4.434
3719.0	96.11	4.434
3720.0	96.05799999999999	4.434
3721.0	96.007	4.434
3722.0	95.955	4.434
3723.0	95.727	4.4259
3724.0	95.675	4.4259
3725.0	95.624	4.4259
3726.0	95.573	4.4259
3727.0	95.698	4.434
3728.0	95.911	4.4463
3729.0	96.213	4.4627
3730.0	96.339	4.471
3731.0	96.73200000000001	4.4916
3732.0	97.12700000000001	4.5123
3733.0	97.70200000000001	4.5415
3734.0	97.65	4.5415
3735.0	97.59700000000001	4.5415
3736.0	97.366	4.5331
3737.0	97.045	4.5206
3738.0	96.815	4.5123
3739.0	96.76299999999999	4.5123
3740.0	96.445	4.4999
3741.0	96.215	4.4916
3742.0	95.98700000000001	4.4833
3743.0	95.671	4.471
3744.0	95.62	4.471
3745.0	95.569	4.471
3746.0	95.51799999999999	4.471
3747.0	95.46700000000001	4.471
3748.0	95.24	4.4627
3749.0	95.189	4.4627
3750.0	94.964	4.4545
3751.0	94.738	4.4463
3752.0	94.601	4.4422
3753.0	94.551	4.4422
3754.0	94.5	4.4422
3755.0	94.45	4.4422
3756.0	94.486	4.4463
3757.0	94.61	4.4545
3758.0	94.56	4.4545
3759.0	94.51	4.4545
3760.0	94.025	4.434
3761.0	93.544	4.4137
3762.0	93.322	4.4055
3763.0	93.101	4.3974
3764.0	93.22200000000001	4.4055
3765.0	93.345	4.4137
3766.0	93.553	4.4259
3767.0	93.676	4.434
3768.0	93.454	4.4259
3769.0	93.147	4.4137
3770.0	92.926	4.4055
3771.0	92.706	4.3974
3772.0	92.65700000000001	4.3974
3773.0	92.77799999999999	4.4055
3774.0	92.9	4.4137
3775.0	92.851	4.4137
3776.0	92.631	4.4055
3777.0	92.58200000000001	4.4055
3778.0	92.363	4.3974
3779.0	92.484	4.4055
3780.0	92.60600000000001	4.4137
3781.0	92.557	4.4137
3782.0	92.337	4.4055
3783.0	92.288	4.4055
3784.0	92.24	4.4055
3785.0	92.021	4.3974
3786.0	91.973	4.3974
3787.0	91.84	4.3934
3788.0	91.791	4.3934
3789.0	91.743	4.3934
3790.0	91.52600000000001	4.3853
3791.0	91.477	4.3853
3792.0	91.26100000000001	4.3772
3793.0	90.961	4.3652
3794.0	90.74600000000001	4.3571
3795.0	90.531	4.3491
3796.0	90.234	4.3371
3797.0	90.02	4.3291
3798.0	89.807	4.3211
3799.0	89.76	4.3211
3800.0	90.044	4.3371
3801.0	91.164	4.3934
3802.0	91.2	4.3974
3803.0	91.48899999999999	4.4137
3804.0	91.863	4.434
3805.0	92.068	4.4463
3806.0	92.36	4.4627
3807.0	92.56700000000001	4.4751
3808.0	92.859	4.4916
3809.0	92.98200000000001	4.4999
3810.0	93.01899999999999	4.504
3811.0	93.141	4.5123
3812.0	93.522	4.5331
3813.0	93.818	4.5499
3814.0	94.375	4.5793
3815.0	94.936	4.6089
3816.0	94.88600000000001	4.6089
3817.0	94.662	4.6004
3818.0	94.43799999999999	4.592
3819.0	94.12799999999999	4.5793
3820.0	93.906	4.5709
3821.0	93.684	4.5625
3822.0	93.205	4.5415
3823.0	92.728	4.5206
3824.0	92.339	4.504
3825.0	92.036	4.4916
3826.0	91.818	4.4833
3827.0	91.51700000000001	4.471
3828.0	91.301	4.4627
3829.0	91.086	4.4545
3830.0	90.787	4.4422
3831.0	90.572	4.434
3832.0	90.35799999999999	4.4259
3833.0	90.06200000000001	4.4137
3834.0	89.684	4.3974
3835.0	89.39	4.3853
3836.0	89.179	4.3772
3837.0	89.132	4.3772
3838.0	89.086	4.3772
3839.0	89.204	4.3853
3840.0	89.404	4.3974
3841.0	89.522	4.4055
3842.0	89.806	4.4218
3843.0	90.008	4.434
3844.0	90.54299999999999	4.4627
3845.0	90.913	4.4833
3846.0	91.285	4.504
3847.0	91.82799999999999	4.5331
3848.0	92.289	4.5583
3849.0	92.92299999999999	4.592
3850.0	93.476	4.6217
3851.0	93.85799999999999	4.643
3852.0	94.329	4.6687
3853.0	94.541	4.6816
3854.0	94.929	4.7033
3855.0	95.054	4.7119
3856.0	95.444	4.7337
3857.0	95.39399999999999	4.7337
3858.0	95.345	4.7337
3859.0	95.295	4.7337
3860.0	95.24600000000001	4.7337
3861.0	95.37200000000001	4.7424
3862.0	95.322	4.7424
3863.0	95.273	4.7424
3864.0	94.786	4.7206
3865.0	94.389	4.7033
3866.0	94.25299999999999	4.6989
3867.0	94.031	4.6903
3868.0	93.98299999999999	4.6903
3869.0	94.10700000000001	4.6989
3870.0	93.88600000000001	4.6903
3871.0	93.492	4.673
3872.0	93.185	4.6601
3873.0	92.71	4.6387
3874.0	92.321	4.6217
3875.0	91.84899999999999	4.6004
3876.0	91.38	4.5793
3877.0	90.914	4.5583
3878.0	90.28299999999999	4.529
3879.0	89.656	4.4999
3880.0	88.87	4.4627
3881.0	88.09100000000001	4.4259
3882.0	87.4	4.3934
3883.0	86.47399999999999	4.3491
3884.0	85.795	4.3172
3885.0	85.04299999999999	4.2815
3886.0	84.29799999999999	4.2462
3887.0	83.55799999999999	4.2111
3888.0	82.90299999999999	4.1802
3889.0	82.176	4.1457
3890.0	81.757	4.1267
3891.0	81.414	4.1115
3892.0	81.52199999999999	4.1191
3893.0	81.631	4.1267
3894.0	81.965	4.1457
3895.0	82.45299999999999	4.1725
3896.0	83.096	4.2073
3897.0	83.66799999999999	4.2384
3898.0	84.477	4.2815
3899.0	85.214	4.3211
3900.0	86.038	4.3652
3901.0	86.79	4.4055
3902.0	87.709	4.4545
3903.0	88.39399999999999	4.4916
3904.0	89.084	4.529
3905.0	89.697	4.5625
3906.0	90.397	4.6004
3907.0	91.103	4.6387
3908.0	91.73	4.673
3909.0	92.616	4.7206
3910.0	93.426	4.7643
3911.0	94.155	4.804
3912.0	95.15299999999999	4.8574
3913.0	95.896	4.8978
3914.0	96.734	4.9431
3915.0	97.31	4.9751
3916.0	97.889	5.0073
3917.0	98.47200000000001	5.0396
3918.0	99.059	5.0722
3919.0	99.648	5.1051
3920.0	99.87299999999999	5.1192
3921.0	100.19	5.1381
3922.0	100.14	5.1381
3923.0	100.18	5.1428
3924.0	100.5	5.1618
3925.0	100.91	5.1856
3926.0	101.23	5.2048
3927.0	101.27	5.2095
3928.0	101.22	5.2095
3929.0	101.08	5.2048
3930.0	100.84	5.1952
3931.0	100.6	5.1856
3932.0	100.55	5.1856
3933.0	100.5	5.1856
3934.0	100.27	5.1761
3935.0	100.21	5.1761
3936.0	100.35	5.1856
3937.0	100.11	5.1761
3938.0	99.97	5.1713
3939.0	99.552	5.1523
3940.0	99.044	5.1286
3941.0	98.539	5.1051
3942.0	97.85600000000001	5.0722
3943.0	97.178	5.0396
3944.0	96.32700000000001	4.9981
3945.0	95.65899999999999	4.9659
3946.0	94.90899999999999	4.9295
3947.0	94.251	4.8978
3948.0	93.426	4.8574
3949.0	92.60799999999999	4.8173
3950.0	91.712	4.7731
3951.0	90.90899999999999	4.7337
3952.0	89.86399999999999	4.6816
3953.0	88.83200000000001	4.6302
3954.0	87.649	4.5709
3955.0	86.48200000000001	4.5123
3956.0	85.488	4.4627
3957.0	84.35	4.4055
3958.0	83.381	4.3571
3959.0	82.12	4.2934
3960.0	80.953	4.2345
3961.0	79.581	4.1649
3962.0	78.305	4.1001
3963.0	77.05	4.0364
3964.0	75.885	3.9774
3965.0	74.53	3.9084
3966.0	73.2	3.8406
3967.0	72.093	3.7844
3968.0	71.134	3.7359
3969.0	70.316	3.6949
3970.0	69.509	3.6543
3971.0	68.9	3.6241
3972.0	68.423	3.6008
3973.0	67.949	3.5777
3974.0	67.852	3.5744
3975.0	67.818	3.5744
3976.0	68.097	3.5909
3977.0	68.503	3.6141
3978.0	69.229	3.6543
3979.0	69.964	3.6949
3980.0	70.836	3.7428
3981.0	71.918	3.8019
3982.0	72.949	3.8583
3983.0	74.063	3.9192
3984.0	75.125	3.9774
3985.0	76.41199999999999	4.0476
3986.0	77.579	4.1115
3987.0	78.982	4.1879
3988.0	80.188	4.254
3989.0	81.563	4.3291
3990.0	83.11399999999999	4.4137
3991.0	84.539	4.4916
3992.0	85.988	4.5709
3993.0	87.302	4.643
3994.0	88.553	4.7119
3995.0	89.65700000000001	4.7731
3996.0	90.609	4.8261
3997.0	91.73899999999999	4.8888
3998.0	92.712	4.9431
3999.0	93.868	5.0073
4000.0	94.689	5.0536
4001.0	95.60600000000001	5.1051
4002.0	96.62	5.1618
4003.0	97.465	5.2095
4004.0	98.40899999999999	5.2626
4005.0	99.26899999999999	5.3113
4006.0	99.86200000000001	5.3456
4007.0	100.64	5.3901
4008.0	101.24	5.425
4009.0	101.85	5.4601
4010.0	102.45	5.4954
4011.0	103.16	5.5361
4012.0	103.78	5.5718
4013.0	104.59	5.6182
4014.0	105.21	5.6546
4015.0	105.65	5.6807
4016.0	106.08	5.7069
4017.0	106.42	5.728
4018.0	107.05	5.765
4019.0	107.49	5.7916
4020.0	108.14	5.8291
4021.0	108.58	5.856
4022.0	109.03	5.883
4023.0	109.68	5.9211
4024.0	110.03	5.9429
4025.0	110.48	5.9703
4026.0	110.63	5.9814
4027.0	111.09	6.009
4028.0	111.34	6.0256
4029.0	111.69	6.0478
4030.0	111.95	6.0646
4031.0	111.89	6.0646
4032.0	112.04	6.0757
4033.0	111.99	6.0757
4034.0	112.14	6.0869
4035.0	112.08	6.0869
4036.0	112.03	6.0869
4037.0	111.97	6.0869
4038.0	111.91	6.0869
4039.0	111.86	6.0869
4040.0	111.6	6.0757
4041.0	111.75	6.0869
4042.0	111.69	6.0869
4043.0	111.64	6.0869
4044.0	111.58	6.0869
4045.0	111.32	6.0757
4046.0	111.06	6.0646
4047.0	110.7	6.0478
4048.0	110.24	6.0256
4049.0	109.88	6.009
4050.0	109.42	5.9869
4051.0	109.07	5.9703
4052.0	108.51	5.9429
4053.0	108.06	5.9211
4054.0	107.71	5.9047
4055.0	107.46	5.8939
4056.0	107.11	5.8776
4057.0	106.66	5.856
4058.0	106.12	5.8291
4059.0	105.39	5.7916
4060.0	104.66	5.7544
4061.0	104.12	5.728
4062.0	103.69	5.7069
4063.0	102.88	5.665
4064.0	102.17	5.6286
4065.0	101.46	5.5924
4066.0	100.76	5.5565
4067.0	100.06	5.5208
4068.0	99.37100000000001	5.4853
4069.0	98.50200000000001	5.44
4070.0	97.551	5.3901
4071.0	96.698	5.3456
4072.0	95.764	5.2966
4073.0	94.75299999999999	5.2432
4074.0	93.665	5.1856
4075.0	92.76100000000001	5.1381
4076.0	91.696	5.0816
4077.0	90.561	5.0211
4078.0	89.439	4.9613
4079.0	88.087	4.8888
4080.0	87.07600000000001	4.835
4081.0	85.919	4.7731
4082.0	84.77600000000001	4.7119
4083.0	83.495	4.643
4084.0	82.309	4.5793
4085.0	80.916	4.504
4086.0	79.62	4.434
4087.0	78.345	4.3652
4088.0	77.01899999999999	4.2934
4089.0	75.786	4.2267
4090.0	74.572	4.161
4091.0	73.31	4.0926
4092.0	72.13600000000001	4.029
4093.0	70.84899999999999	3.9591
4094.0	69.458	3.8833
4095.0	68.094	3.8089
4096.0	66.757	3.7359
4097.0	65.447	3.6644
4098.0	64.28	3.6008
4099.0	63.13399999999999	3.5383
4100.0	62.00899999999999	3.477
4101.0	61.016000000000005	3.4229
4102.0	60.20399999999999	3.3791
4103.0	59.403999999999996	3.3358
4104.0	59.103	3.3205
4105.0	58.693999999999996	3.2991
4106.0	58.665	3.2991
4107.0	58.745	3.3052
4108.0	59.151	3.3297
4109.0	59.724	3.3636
4110.0	60.47	3.4072
4111.0	61.394	3.461
4112.0	62.448	3.5221
4113.0	63.636	3.5909
4114.0	64.907	3.6644
4115.0	66.142	3.7359
4116.0	67.40100000000001	3.8089
4117.0	68.432	3.869
4118.0	69.542	3.9337
4119.0	70.605	3.9958
4120.0	71.619	4.0551
4121.0	72.848	4.1267
4122.0	73.961	4.1918
4123.0	75.23	4.2658
4124.0	76.45100000000001	4.3371
4125.0	77.62	4.4055
4126.0	78.734	4.471
4127.0	79.79	4.5331
4128.0	80.936	4.6004
4129.0	82.17299999999999	4.673
4130.0	83.199	4.7337
4131.0	84.238	4.7951
4132.0	85.133	4.8484
4133.0	85.959	4.8978
4134.0	86.87200000000001	4.9522
4135.0	87.795	5.0073
4136.0	88.728	5.0629
4137.0	89.42299999999999	5.1051
4138.0	90.37299999999999	5.1618
4139.0	91.165	5.2095
4140.0	92.04899999999999	5.2626
4141.0	93.027	5.3211
4142.0	93.84299999999999	5.3703
4143.0	94.75299999999999	5.425
4144.0	95.40700000000001	5.4651
4145.0	96.155	5.5106
4146.0	96.73	5.5463
4147.0	97.488	5.5924
4148.0	98.071	5.6286
4149.0	98.65799999999999	5.665
4150.0	99.24799999999999	5.7016
4151.0	99.65899999999999	5.728
4152.0	100.25	5.765
4153.0	100.85	5.8023
4154.0	101.55	5.8452
4155.0	102.16	5.883
4156.0	102.77	5.9211
4157.0	103.58	5.9703
4158.0	104.2	6.009
4159.0	104.63	6.0367
4160.0	105.06	6.0646
4161.0	105.59	6.0982
4162.0	106.03	6.1263
4163.0	106.47	6.1546
4164.0	106.91	6.183
4165.0	107.55	6.223
4166.0	107.99	6.2517
4167.0	108.64	6.2922
4168.0	108.98	6.3154
4169.0	109.44	6.3445
4170.0	109.89	6.3738
4171.0	110.34	6.4032
4172.0	110.9	6.4387
4173.0	111.15	6.4565
4174.0	111.61	6.4863
4175.0	111.97	6.5103
4176.0	112.23	6.5283
4177.0	112.59	6.5524
4178.0	112.85	6.5705
4179.0	113.21	6.5948
4180.0	113.47	6.613
4181.0	113.83	6.6374
4182.0	114.09	6.6558
4183.0	114.56	6.6865
4184.0	114.93	6.7112
4185.0	115.19	6.7298
4186.0	115.35	6.7421
4187.0	115.62	6.7608
4188.0	115.77	6.7733
4189.0	115.93	6.7858
4190.0	116.09	6.7983
4191.0	116.35	6.8171
4192.0	116.73	6.8423
4193.0	117.0	6.8612
4194.0	117.48	6.8929
4195.0	117.64	6.9056
4196.0	117.8	6.9183
4197.0	117.85	6.9247
4198.0	118.01	6.9374
4199.0	118.18	6.9502
4200.0	118.12	6.9502
4201.0	118.28	6.963
4202.0	118.33	6.9695
4203.0	118.28	6.9695
4204.0	118.44	6.9823
4205.0	118.6	6.9952
4206.0	118.54	6.9952
4207.0	118.71	7.0081
4208.0	118.76	7.0145
4209.0	118.7	7.0145
4210.0	118.87	7.0275
4211.0	119.03	7.0404
4212.0	119.08	7.0469
4213.0	119.24	7.0599
4214.0	119.41	7.0729
4215.0	119.35	7.0729
4216.0	119.51	7.086
4217.0	119.46	7.086
4218.0	119.51	7.0925
4219.0	119.67	7.1056
4220.0	119.84	7.1187
4221.0	119.78	7.1187
4222.0	119.95	7.1318
4223.0	119.89	7.1318
4224.0	120.16	7.1516
4225.0	120.11	7.1516
4226.0	120.05	7.1516
4227.0	119.77	7.1384
4228.0	119.61	7.1318
4229.0	119.55	7.1318
4230.0	119.27	7.1187
4231.0	119.0	7.1056
4232.0	118.94	7.1056
4233.0	118.56	7.086
4234.0	118.5	7.086
4235.0	118.23	7.0729
4236.0	117.95	7.0599
4237.0	117.9	7.0599
4238.0	117.52	7.0404
4239.0	117.24	7.0275
4240.0	117.19	7.0275
4241.0	117.13	7.0275
4242.0	116.86	7.0145
4243.0	116.7	7.0081
4244.0	116.43	6.9952
4245.0	116.16	6.9823
4246.0	115.89	6.9695
4247.0	115.84	6.9695
4248.0	115.79	6.9695
4249.0	115.62	6.963
4250.0	115.36	6.9502
4251.0	115.09	6.9374
4252.0	114.72	6.9183
4253.0	114.24	6.8929
4254.0	113.87	6.8738
4255.0	113.4	6.8486
4256.0	113.04	6.8296
4257.0	112.77	6.8171
4258.0	112.41	6.7983
4259.0	111.94	6.7733
4260.0	111.69	6.7608
4261.0	111.53	6.7546
4262.0	111.07	6.7298
4263.0	110.71	6.7112
4264.0	110.45	6.6988
4265.0	110.2	6.6865
4266.0	109.84	6.6681
4267.0	109.59	6.6558
4268.0	109.04	6.6252
4269.0	108.58	6.6008
4270.0	108.23	6.5826
4271.0	107.69	6.5524
4272.0	107.44	6.5403
4273.0	106.89	6.5103
4274.0	106.45	6.4863
4275.0	106.11	6.4685
4276.0	105.57	6.4387
4277.0	105.13	6.415
4278.0	104.6	6.3856
4279.0	104.07	6.3562
4280.0	103.64	6.3329
4281.0	103.31	6.3154
4282.0	102.69	6.2806
4283.0	102.17	6.2517
4284.0	101.65	6.223
4285.0	100.95	6.183
4286.0	100.26	6.1433
4287.0	99.56700000000001	6.1038
4288.0	99.06299999999999	6.0757
4289.0	98.38	6.0367
4290.0	97.883	6.009
4291.0	97.38799999999999	5.9814
4292.0	96.71600000000001	5.9429
4293.0	96.05	5.9047
4294.0	95.38799999999999	5.8668
4295.0	94.557	5.8183
4296.0	93.647	5.765
4297.0	93.001	5.728
4298.0	92.191	5.6807
4299.0	91.303	5.6286
4300.0	90.507	5.5821
4301.0	89.884	5.5463
4302.0	89.01799999999999	5.4954
4303.0	88.242	5.45
4304.0	87.635	5.415
4305.0	86.87100000000001	5.3703
4306.0	86.193	5.3309
4307.0	85.44200000000001	5.2869
4308.0	84.697	5.2432
4309.0	83.882	5.1952
4310.0	83.15100000000001	5.1523
4311.0	82.198	5.0956
4312.0	81.407	5.0489
4313.0	80.55	4.9981
4314.0	79.627	4.9431
4315.0	78.715	4.8888
4316.0	77.814	4.835
4317.0	76.781	4.7731
4318.0	75.763	4.7119
4319.0	74.757	4.6516
4320.0	73.765	4.592
4321.0	72.78699999999999	4.5331
4322.0	71.755	4.471
4323.0	70.542	4.3974
4324.0	69.542	4.3371
4325.0	68.493	4.2737
4326.0	67.46	4.2111
4327.0	66.50399999999999	4.1534
4328.0	65.38	4.0851
4329.0	64.335	4.0216
4330.0	63.18899999999999	3.9518
4331.0	62.065	3.8833
4332.0	60.848	3.8089
4333.0	59.653999999999996	3.7359
4334.0	58.323	3.6543
4335.0	57.022	3.5744
4336.0	55.903999999999996	3.5059
4337.0	54.808	3.4387
4338.0	53.832	3.3791
4339.0	52.971000000000004	3.3266
4340.0	52.172	3.2779
4341.0	51.385	3.23
4342.0	50.797	3.1945
4343.0	50.308	3.1652
4344.0	50.1	3.1536
4345.0	50.17	3.1594
4346.0	50.378	3.1739
4347.0	50.913999999999994	3.2092
4348.0	51.457	3.2449
4349.0	52.293	3.2991
4350.0	53.191	3.3574
4351.0	54.205	3.4229
4352.0	55.288999999999994	3.493
4353.0	56.343	3.5612
4354.0	57.312	3.6241
4355.0	58.403999999999996	3.6949
4356.0	59.516999999999996	3.767
4357.0	60.54	3.8335
4358.0	61.693999999999996	3.9084
4359.0	62.638999999999996	3.9701
4360.0	63.54	4.029
4361.0	64.335	4.0813
4362.0	65.14	4.1343
4363.0	66.016	4.1918
4364.0	66.965	4.254
4365.0	67.991	4.3211
4366.0	68.969	4.3853
4367.0	69.832	4.4422
4368.0	70.771	4.504
4369.0	71.789	4.5709
4370.0	72.687	4.6302
4371.0	73.597	4.6903
4372.0	74.38	4.7424
4373.0	75.311	4.804
4374.0	76.11399999999999	4.8574
4375.0	76.925	4.9113
4376.0	77.887	4.9751
4377.0	78.572	5.0211
4378.0	79.336	5.0722
4379.0	80.033	5.1192
4380.0	80.66199999999999	5.1618
4381.0	81.297	5.2048
4382.0	81.861	5.2432
4383.0	82.505	5.2869
4384.0	83.154	5.3309
4385.0	83.73	5.3703
4386.0	84.38799999999999	5.415
4387.0	84.895	5.45
4388.0	85.56299999999999	5.4954
4389.0	86.316	5.5463
4390.0	86.994	5.5924
4391.0	87.598	5.6338
4392.0	88.04299999999999	5.665
4393.0	88.572	5.7016
4394.0	88.941	5.728
4395.0	89.475	5.765
4396.0	89.84700000000001	5.7916
4397.0	90.387	5.8291
4398.0	90.76299999999999	5.856
4399.0	91.141	5.883
4400.0	91.604	5.9156
4401.0	91.985	5.9429
4402.0	92.538	5.9814
4403.0	92.92299999999999	6.009
4404.0	93.31	6.0367
4405.0	93.698	6.0646
4406.0	94.001	6.0869
4407.0	94.39200000000001	6.115
4408.0	94.785	6.1433
4409.0	95.09100000000001	6.1659
4410.0	95.48700000000001	6.1944
4411.0	95.884	6.223
4412.0	96.194	6.246
4413.0	96.417	6.2633
4414.0	96.818	6.2922
4415.0	97.131	6.3154
4416.0	97.35600000000001	6.3329
4417.0	97.492	6.3445
4418.0	97.62700000000001	6.3562
4419.0	97.853	6.3738
4420.0	98.169	6.3973
4421.0	98.396	6.415
4422.0	98.715	6.4387
4423.0	98.943	6.4565
4424.0	99.355	6.4863
4425.0	99.493	6.4983
4426.0	99.90700000000001	6.5283
4427.0	100.05	6.5403
4428.0	100.19	6.5524
4429.0	100.42	6.5705
4430.0	100.74	6.5948
4431.0	100.98	6.613
4432.0	101.12	6.6252
4433.0	101.35	6.6435
4434.0	101.68	6.6681
4435.0	101.91	6.6865
4436.0	101.87	6.6865
4437.0	101.82	6.6865
4438.0	101.96	6.6988
4439.0	102.11	6.7112
4440.0	102.53	6.7421
4441.0	102.77	6.7608
4442.0	103.1	6.7858
4443.0	103.34	6.8046
4444.0	103.48	6.8171
4445.0	103.63	6.8296
4446.0	103.87	6.8486
4447.0	104.01	6.8612
4448.0	104.16	6.8738
4449.0	104.11	6.8738
4450.0	104.35	6.8929
4451.0	104.31	6.8929
4452.0	104.45	6.9056
4453.0	104.6	6.9183
4454.0	104.65	6.9247
4455.0	104.79	6.9374
4456.0	104.94	6.9502
4457.0	105.18	6.9695
4458.0	105.13	6.9695
4459.0	105.28	6.9823
4460.0	105.43	6.9952
4461.0	105.38	6.9952
4462.0	105.53	7.0081
4463.0	105.58	7.0145
4464.0	105.72	7.0275
4465.0	105.68	7.0275
4466.0	105.82	7.0404
4467.0	105.78	7.0404
4468.0	105.83	7.0469
4469.0	105.78	7.0469
4470.0	105.73	7.0469
4471.0	105.68	7.0469
4472.0	105.64	7.0469
4473.0	105.59	7.0469
4474.0	105.74	7.0599
4475.0	105.69	7.0599
4476.0	105.84	7.0729
4477.0	105.79	7.0729
4478.0	105.94	7.086
4479.0	105.99	7.0925
4480.0	106.14	7.1056
4481.0	106.09	7.1056
4482.0	106.04	7.1056
4483.0	105.99	7.1056
4484.0	106.14	7.1187
4485.0	106.1	7.1187
4486.0	106.24	7.1318
4487.0	106.2	7.1318
4488.0	106.25	7.1384
4489.0	106.4	7.1516
4490.0	106.35	7.1516
4491.0	106.3	7.1516
4492.0	106.06	7.1384
4493.0	105.91	7.1318
4494.0	105.87	7.1318
4495.0	105.82	7.1318
4496.0	105.77	7.1318
4497.0	105.72	7.1318
4498.0	105.68	7.1318
4499.0	105.63	7.1318
4500.0	105.58	7.1318
4501.0	105.54	7.1318
4502.0	105.49	7.1318
4503.0	105.44	7.1318
4504.0	105.49	7.1384
4505.0	105.45	7.1384
4506.0	105.4	7.1384
4507.0	105.35	7.1384
4508.0	105.21	7.1318
4509.0	105.16	7.1318
4510.0	105.12	7.1318
4511.0	105.07	7.1318
4512.0	105.12	7.1384
4513.0	105.07	7.1384
4514.0	105.22	7.1516
4515.0	105.17	7.1516
4516.0	105.13	7.1516
4517.0	105.08	7.1516
4518.0	105.23	7.1647
4519.0	105.37	7.1779
4520.0	105.42	7.1845
4521.0	105.38	7.1845
4522.0	105.53	7.1978
4523.0	105.67	7.2111
4524.0	105.63	7.2111
4525.0	105.77	7.2244
4526.0	105.73	7.2244
4527.0	105.78	7.231
4528.0	105.73	7.231
4529.0	105.69	7.231
4530.0	105.64	7.231
4531.0	105.59	7.231
4532.0	105.45	7.2244
4533.0	105.21	7.2111
4534.0	104.97	7.1978
4535.0	104.73	7.1845
4536.0	104.59	7.1779
4537.0	104.35	7.1647
4538.0	104.3	7.1647
4539.0	104.26	7.1647
4540.0	104.4	7.1779
4541.0	104.36	7.1779
4542.0	104.41	7.1845
4543.0	104.36	7.1845
4544.0	104.51	7.1978
4545.0	104.65	7.2111
4546.0	104.61	7.2111
4547.0	104.56	7.2111
4548.0	104.71	7.2244
4549.0	104.47	7.2111
4550.0	104.42	7.2111
4551.0	104.19	7.1978
4552.0	103.95	7.1845
4553.0	103.9	7.1845
4554.0	103.57	7.1647
4555.0	103.52	7.1647
4556.0	103.48	7.1647
4557.0	103.43	7.1647
4558.0	103.39	7.1647
4559.0	103.15	7.1516
4560.0	103.11	7.1516
4561.0	103.06	7.1516
4562.0	103.02	7.1516
4563.0	102.97	7.1516
4564.0	102.93	7.1516
4565.0	102.88	7.1516
4566.0	102.84	7.1516
4567.0	102.79	7.1516
4568.0	102.75	7.1516
4569.0	102.51	7.1384
4570.0	102.47	7.1384
4571.0	102.33	7.1318
4572.0	102.28	7.1318
4573.0	102.24	7.1318
4574.0	102.01	7.1187
4575.0	101.96	7.1187
4576.0	101.92	7.1187
4577.0	101.69	7.1056
4578.0	101.64	7.1056
4579.0	101.6	7.1056
4580.0	101.55	7.1056
4581.0	101.51	7.1056
4582.0	101.28	7.0925
4583.0	101.23	7.0925
4584.0	101.1	7.086
4585.0	101.05	7.086
4586.0	101.01	7.086
4587.0	100.96	7.086
4588.0	100.92	7.086
4589.0	100.97	7.0925
4590.0	100.92	7.0925
4591.0	101.07	7.1056
4592.0	100.74	7.086
4593.0	100.51	7.0729
4594.0	100.29	7.0599
4595.0	100.24	7.0599
4596.0	100.2	7.0599
4597.0	99.97	7.0469
4598.0	99.835	7.0404
4599.0	99.791	7.0404
4600.0	99.74799999999999	7.0404
4601.0	99.705	7.0404
4602.0	99.75299999999999	7.0469
4603.0	99.71	7.0469
4604.0	99.851	7.0599
4605.0	99.807	7.0599
4606.0	99.764	7.0599
4607.0	99.721	7.0599
4608.0	99.678	7.0599
4609.0	99.634	7.0599
4610.0	99.59100000000001	7.0599
4611.0	99.36399999999999	7.0469
4612.0	99.23	7.0404
4613.0	99.18700000000001	7.0404
4614.0	99.14399999999999	7.0404
4615.0	99.19200000000001	7.0469
4616.0	99.149	7.0469
4617.0	99.289	7.0599
4618.0	99.24600000000001	7.0599
4619.0	99.20299999999999	7.0599
4620.0	98.88600000000001	7.0404
4621.0	98.844	7.0404
4622.0	98.619	7.0275
4623.0	98.57700000000001	7.0275
4624.0	98.53399999999999	7.0275
4625.0	98.67299999999999	7.0404
4626.0	98.63	7.0404
4627.0	98.86	7.0599
4628.0	98.818	7.0599
4629.0	98.775	7.0599
4630.0	98.914	7.0729
4631.0	98.87200000000001	7.0729
4632.0	98.829	7.0729
4633.0	98.786	7.0729
4634.0	98.56200000000001	7.0599
4635.0	98.51899999999999	7.0599
4636.0	98.205	7.0404
4637.0	98.163	7.0404
4638.0	98.12	7.0404
4639.0	98.07799999999999	7.0404
4640.0	98.036	7.0404
4641.0	97.993	7.0404
4642.0	98.042	7.0469
4643.0	98.18	7.0599
4644.0	98.13799999999999	7.0599
4645.0	98.096	7.0599
4646.0	97.87299999999999	7.0469
4647.0	97.831	7.0469
4648.0	97.699	7.0404
4649.0	97.74700000000001	7.0469
4650.0	97.885	7.0599
4651.0	98.023	7.0729
4652.0	97.98100000000001	7.0729
4653.0	98.119	7.086
4654.0	98.07700000000001	7.086
4655.0	97.855	7.0729
4656.0	97.81299999999999	7.0729
4657.0	97.59100000000001	7.0599
4658.0	97.54899999999999	7.0599
4659.0	97.507	7.0599
4660.0	97.645	7.0729
4661.0	97.603	7.0729
4662.0	97.561	7.0729
4663.0	97.51899999999999	7.0729
4664.0	97.29799999999999	7.0599
4665.0	97.256	7.0599
4666.0	97.215	7.0599
4667.0	97.17299999999999	7.0599
4668.0	97.131	7.0599
4669.0	97.09	7.0599
4670.0	96.869	7.0469
4671.0	96.73899999999999	7.0404
4672.0	96.52	7.0275
4673.0	96.3	7.0145
4674.0	96.259	7.0145
4675.0	96.21799999999999	7.0145
4676.0	96.354	7.0275
4677.0	96.31299999999999	7.0275
4678.0	96.449	7.0404
4679.0	96.49700000000001	7.0469
4680.0	96.634	7.0599
4681.0	96.59299999999999	7.0599
4682.0	96.729	7.0729
4683.0	96.68799999999999	7.0729
4684.0	96.469	7.0599
4685.0	96.25	7.0469
4686.0	95.944	7.0275
4687.0	95.90299999999999	7.0275
4688.0	95.685	7.0145
4689.0	95.64399999999999	7.0145
4690.0	95.603	7.0145
4691.0	95.73899999999999	7.0275
4692.0	95.698	7.0275
4693.0	95.834	7.0404
4694.0	95.79299999999999	7.0404
4695.0	95.75200000000001	7.0404
4696.0	95.977	7.0599
4697.0	96.11200000000001	7.0729
4698.0	96.071	7.0729
4699.0	96.031	7.0729
4700.0	95.81299999999999	7.0599
4702.0	93.208	6.8738
4704.0	92.958	6.8612
4706.0	92.708	6.8486
4708.0	92.37299999999999	6.8296
4710.0	92.125	6.8171
4712.0	91.87799999999999	6.8046
4714.0	91.37799999999999	6.7733
4716.0	91.132	6.7608
4718.0	90.804	6.7421
4720.0	90.31	6.7112
4722.0	90.06700000000001	6.6988
4724.0	89.57799999999999	6.6681
4726.0	89.337	6.6558
4728.0	89.016	6.6374
4730.0	88.613	6.613
4732.0	88.294	6.5948
4734.0	87.895	6.5705
4736.0	87.579	6.5524
4738.0	87.182	6.5283
4740.0	86.709	6.4983
4742.0	86.238	6.4685
4744.0	86.006	6.4565
4746.0	85.539	6.4269
4748.0	85.15299999999999	6.4032
4750.0	84.846	6.3856
4752.0	84.385	6.3562
4754.0	84.00399999999999	6.3329
4756.0	83.54799999999999	6.3038
4758.0	83.094	6.2748
4760.0	82.719	6.2517
4762.0	82.27	6.223
4764.0	81.673	6.183
4766.0	81.229	6.1546
4768.0	80.788	6.1263
4770.0	80.42399999999999	6.1038
4772.0	79.987	6.0757
4774.0	79.553	6.0478
4776.0	78.975	6.009
4778.0	78.547	5.9814
4780.0	77.976	5.9429
4782.0	77.411	5.9047
4784.0	76.84899999999999	5.8668
4786.0	76.291	5.8291
4788.0	75.598	5.7809
4790.0	75.05	5.7438
4792.0	74.3	5.6911
4794.0	73.625	5.6441
4796.0	72.956	5.5976
4798.0	72.227	5.5463
4800.0	71.505	5.4954
4802.0	70.725	5.44
4804.0	70.01899999999999	5.3901
4806.0	69.192	5.3309
4808.0	68.437	5.2771
4810.0	67.50399999999999	5.2095
4812.0	66.707	5.1523
4814.0	65.919	5.0956
4816.0	64.9	5.0211
4818.0	63.957	4.9522
4820.0	63.085	4.8888
4822.0	61.93899999999999	4.804
4824.0	60.983000000000004	4.7337
4826.0	59.875	4.6516
4828.0	58.896	4.5793
4830.0	57.827	4.4999
4832.0	56.828	4.4259
4834.0	55.898999999999994	4.3571
4836.0	54.88399999999999	4.2815
4838.0	54.037	4.2189
4840.0	52.958	4.1381
4842.0	51.996	4.0663
4844.0	51.052	3.9958
4846.0	50.125	3.9264
4848.0	49.123999999999995	3.8512
4850.0	48.232	3.7844
4852.0	47.575	3.7359
4854.0	46.88399999999999	3.6847
4856.0	46.245	3.6375
4858.0	45.91	3.6141
4860.0	45.703	3.6008
4862.0	45.456	3.5843
4864.0	45.628	3.6008
4866.0	45.843	3.6208
4868.0	46.016999999999996	3.6375
4870.0	46.576	3.6847
4872.0	47.185	3.7359
4874.0	47.846000000000004	3.7914
4876.0	48.651	3.8583
4878.0	49.652	3.9409
4880.0	50.626999999999995	4.0216
4882.0	51.478	4.0926
4884.0	52.441	4.1725
4886.0	53.42100000000001	4.254
4888.0	54.17	4.3172
4890.0	54.878	4.3772
4892.0	55.648	4.4422
4894.0	56.376000000000005	4.504
4896.0	57.06100000000001	4.5625
4898.0	57.754	4.6217
4900.0	58.456	4.6816
4902.0	59.056999999999995	4.7337
4904.0	59.775	4.7951
4906.0	60.39	4.8484
4908.0	61.011	4.9023
4910.0	61.753	4.9659
4912.0	62.331	5.0165
4914.0	62.972	5.0722
4916.0	63.621	5.1286
4918.0	64.157	5.1761
4920.0	64.757	5.2288
4922.0	65.304	5.2771
4924.0	65.673	5.3113
4926.0	66.166	5.3555
4928.0	66.539	5.3901
4930.0	66.915	5.425
4932.0	67.17	5.45
4934.0	67.54899999999999	5.4853
4936.0	67.931	5.5208
4938.0	68.19	5.5463
4940.0	68.575	5.5821
4942.0	68.836	5.6079
4944.0	69.225	5.6441
4946.0	69.617	5.6807
4948.0	69.881	5.7069
4950.0	70.27600000000001	5.7438
4952.0	70.544	5.7703
4954.0	70.878	5.8023
4956.0	71.14699999999999	5.8291
4958.0	71.418	5.856
4960.0	71.624	5.8776
4962.0	71.764	5.8939
4964.0	71.971	5.9156
4966.0	71.979	5.9211
4968.0	72.054	5.932
4970.0	72.128	5.9429
4972.0	72.27	5.9594
4974.0	72.479	5.9814
4976.0	72.62100000000001	5.9979
4978.0	72.83	6.02
4980.0	72.973	6.0367
4982.0	73.04899999999999	6.0478
4984.0	73.192	6.0646
4986.0	73.268	6.0757
4988.0	73.48	6.0982
4990.0	73.624	6.115
4992.0	73.70100000000001	6.1263
4994.0	73.846	6.1433
4996.0	73.786	6.1433
4998.0	73.863	6.1546
5000.0	73.94	6.1659
5002.0	74.086	6.183
5004.0	74.02600000000001	6.183
5006.0	74.104	6.1944
5008.0	74.249	6.2115
5010.0	74.19	6.2115
5012.0	74.268	6.223
5014.0	74.345	6.2345
5016.0	74.491	6.2517
5018.0	74.432	6.2517
5020.0	74.51	6.2633
5022.0	74.45100000000001	6.2633
5024.0	74.528	6.2748
5026.0	74.469	6.2748
5028.0	74.41	6.2748
5030.0	74.419	6.2806
5032.0	74.36	6.2806
5034.0	74.301	6.2806
5036.0	74.37899999999999	6.2922
5038.0	74.32	6.2922
5040.0	74.26100000000001	6.2922
5042.0	74.202	6.2922
5044.0	74.143	6.2922
5046.0	74.084	6.2922
5048.0	74.02600000000001	6.2922
5050.0	73.967	6.2922
5052.0	73.908	6.2922
5054.0	73.85	6.2922
5056.0	73.792	6.2922
5058.0	73.869	6.3038
5060.0	73.811	6.3038
5062.0	73.888	6.3154
5064.0	73.83	6.3154
5066.0	73.77199999999999	6.3154
5068.0	73.781	6.3212
5070.0	73.859	6.3329
5072.0	73.801	6.3329
5074.0	73.743	6.3329
5076.0	73.821	6.3445
5078.0	73.763	6.3445
5080.0	73.704	6.3445
5082.0	73.64699999999999	6.3445
5084.0	73.589	6.3445
5086.0	73.531	6.3445
5088.0	73.337	6.3329
5090.0	73.28	6.3329
5092.0	73.222	6.3329
5094.0	73.165	6.3329
5096.0	72.973	6.3212
5098.0	72.915	6.3212
5100.0	72.858	6.3212
5102.0	72.734	6.3154
5104.0	72.67699999999999	6.3154
5106.0	72.62	6.3154
5108.0	72.564	6.3154
5110.0	72.507	6.3154
5112.0	72.317	6.3038
5114.0	72.26	6.3038
5116.0	72.204	6.3038
5118.0	72.015	6.2922
5120.0	71.958	6.2922
5122.0	71.902	6.2922
5124.0	71.846	6.2922
5126.0	71.79	6.2922
5128.0	71.734	6.2922
5130.0	71.678	6.2922
5132.0	71.622	6.2922
5134.0	71.566	6.2922
5136.0	71.51100000000001	6.2922
5138.0	71.455	6.2922
5140.0	71.399	6.2922
5142.0	71.344	6.2922
5144.0	71.288	6.2922
5146.0	71.233	6.2922
5148.0	71.178	6.2922
5150.0	71.122	6.2922
5152.0	71.067	6.2922
5154.0	71.012	6.2922
5156.0	70.957	6.2922
5158.0	70.902	6.2922
5160.0	70.782	6.2864
5162.0	70.727	6.2864
5164.0	70.672	6.2864
5166.0	70.618	6.2864
5168.0	70.498	6.2806
5170.0	70.443	6.2806
5172.0	70.389	6.2806
5174.0	70.334	6.2806
5176.0	70.215	6.2748
5178.0	70.161	6.2748
5180.0	70.042	6.269
5182.0	69.988	6.269
5184.0	69.934	6.269
5186.0	69.816	6.2633
5188.0	69.762	6.2633
5190.0	69.64399999999999	6.2575
5192.0	69.59100000000001	6.2575
5194.0	69.473	6.2517
5196.0	69.42	6.2517
5198.0	69.30199999999999	6.246
5200.0	69.249	6.246
5202.0	69.132	6.2402
5204.0	69.015	6.2345
5206.0	68.962	6.2345
5208.0	68.846	6.2287
5210.0	68.793	6.2287
5212.0	68.67699999999999	6.223
5214.0	68.624	6.223
5216.0	68.446	6.2115
5218.0	68.393	6.2115
5220.0	68.278	6.2058
5222.0	68.1	6.1944
5224.0	68.048	6.1944
5226.0	67.99600000000001	6.1944
5228.0	67.944	6.1944
5230.0	67.767	6.183
5232.0	67.715	6.183
5234.0	67.539	6.1716
5236.0	67.425	6.1659
5238.0	67.25	6.1546
5240.0	67.075	6.1433
5242.0	67.024	6.1433
5244.0	66.84899999999999	6.132
5246.0	66.736	6.1263
5248.0	66.686	6.1263
5250.0	66.635	6.1263
5252.0	66.584	6.1263
5254.0	66.533	6.1263
5256.0	66.483	6.1263
5258.0	66.432	6.1263
5260.0	66.382	6.1263
5262.0	66.331	6.1263
5264.0	66.342	6.132
5266.0	66.292	6.132
5268.0	66.241	6.132
5270.0	66.191	6.132
5272.0	66.141	6.132
5274.0	66.03	6.1263
5276.0	65.98	6.1263
5278.0	65.93	6.1263
5280.0	65.759	6.115
5282.0	65.58800000000001	6.1038
5284.0	65.47800000000001	6.0982
5286.0	65.308	6.0869
5288.0	65.139	6.0757
5290.0	65.089	6.0757
5292.0	64.92	6.0646
5294.0	64.812	6.059
5296.0	64.643	6.0478
5298.0	64.595	6.0478
5300.0	64.42699999999999	6.0367
5302.0	64.37899999999999	6.0367
5304.0	64.33	6.0367
5306.0	64.282	6.0367
5308.0	64.233	6.0367
5310.0	64.185	6.0367
5312.0	64.13600000000001	6.0367
5314.0	64.08800000000001	6.0367
5316.0	64.04	6.0367
5318.0	63.992	6.0367
5320.0	63.943999999999996	6.0367
5322.0	63.896	6.0367
5324.0	63.73	6.0256
5326.0	63.681999999999995	6.0256
5328.0	63.635	6.0256
5330.0	63.586999999999996	6.0256
5332.0	63.538999999999994	6.0256
5334.0	63.49100000000001	6.0256
5336.0	63.443999999999996	6.0256
5338.0	63.338	6.02
5340.0	63.29	6.02
5342.0	63.126999999999995	6.009
5344.0	63.07899999999999	6.009
5346.0	63.032	6.009
5348.0	62.869	5.9979
5350.0	62.821999999999996	5.9979
5352.0	62.66	5.9869
5354.0	62.555	5.9814
5356.0	62.50899999999999	5.9814
5358.0	62.461999999999996	5.9814
5360.0	62.415	5.9814
5362.0	62.369	5.9814
5364.0	62.321999999999996	5.9814
5366.0	62.161	5.9703
5368.0	62.115	5.9703
5370.0	62.068999999999996	5.9703
5372.0	62.022	5.9703
5374.0	61.976000000000006	5.9703
5376.0	61.816	5.9594
5378.0	61.77	5.9594
5380.0	61.724	5.9594
5382.0	61.678000000000004	5.9594
5384.0	61.519	5.9484
5386.0	61.474	5.9484
5388.0	61.371	5.9429
5390.0	61.326	5.9429
5392.0	61.28	5.9429
5394.0	61.235	5.9429
5396.0	61.18899999999999	5.9429
5398.0	61.144	5.9429
5400.0	61.099	5.9429
5402.0	60.941	5.932
5404.0	60.896	5.932
5406.0	60.851000000000006	5.932
5408.0	60.693999999999996	5.9211
5410.0	60.648999999999994	5.9211
5412.0	60.549	5.9156
5414.0	60.504	5.9156
5416.0	60.348	5.9047
5418.0	60.303999999999995	5.9047
5420.0	60.25899999999999	5.9047
5422.0	60.104	5.8939
5424.0	60.059	5.8939
5426.0	60.015	5.8939
5428.0	59.971000000000004	5.8939
5430.0	59.927	5.8939
5432.0	59.883	5.8939
5434.0	59.838	5.8939
5436.0	59.685	5.883
5438.0	59.641000000000005	5.883
5440.0	59.597	5.883
5442.0	59.553000000000004	5.883
5444.0	59.45399999999999	5.8776
5446.0	59.411	5.8776
5448.0	59.258	5.8668
5450.0	59.214	5.8668
5452.0	59.062	5.856
5454.0	59.019	5.856
5456.0	58.867	5.8452
5458.0	58.77	5.8398
5460.0	58.619	5.8291
5462.0	58.576	5.8291
5464.0	58.425	5.8183
5466.0	58.382	5.8183
5468.0	58.232	5.8076
5470.0	58.136	5.8023
5472.0	58.093999999999994	5.8023
5474.0	58.051	5.8023
5476.0	58.00899999999999	5.8023
5478.0	57.86	5.7916
5480.0	57.817	5.7916
5482.0	57.775	5.7916
5484.0	57.626999999999995	5.7809
5486.0	57.585	5.7809
5488.0	57.543	5.7809
5490.0	57.395	5.7703
5492.0	57.301	5.765
5494.0	57.25899999999999	5.765
5496.0	57.217	5.765
5498.0	57.176	5.765
5500.0	57.028999999999996	5.7544
5502.0	56.988	5.7544
5504.0	56.946000000000005	5.7544
5506.0	56.905	5.7544
5508.0	56.863	5.7544
5510.0	56.821999999999996	5.7544
5512.0	56.781000000000006	5.7544
5514.0	56.74	5.7544
5516.0	56.699	5.7544
5518.0	56.658	5.7544
5520.0	56.617	5.7544
5522.0	56.575	5.7544
5524.0	56.535	5.7544
5526.0	56.39	5.7438
5528.0	56.349	5.7438
5530.0	56.308	5.7438
5532.0	56.215	5.7385
5534.0	56.071000000000005	5.728
5536.0	56.031000000000006	5.728
5538.0	55.887	5.7174
5540.0	55.847	5.7174
5542.0	55.70399999999999	5.7069
5544.0	55.663999999999994	5.7069
5546.0	55.571999999999996	5.7016
5548.0	55.532	5.7016
5550.0	55.39	5.6911
5552.0	55.35	5.6911
5554.0	55.31100000000001	5.6911
5556.0	55.169	5.6807
5558.0	55.129	5.6807
5560.0	55.09	5.6807
5562.0	55.05	5.6807
5564.0	55.011	5.6807
5566.0	54.971000000000004	5.6807
5568.0	54.931999999999995	5.6807
5570.0	54.891999999999996	5.6807
5572.0	54.853	5.6807
5574.0	54.813	5.6807
5576.0	54.773999999999994	5.6807
5578.0	54.735	5.6807
5580.0	54.696000000000005	5.6807
5582.0	54.656000000000006	5.6807
5584.0	54.617	5.6807
5586.0	54.578	5.6807
5588.0	54.538999999999994	5.6807
5590.0	54.601000000000006	5.6911
5592.0	54.56100000000001	5.6911
5594.0	54.422	5.6807
5596.0	54.383	5.6807
5598.0	54.244	5.6702
5600.0	54.156000000000006	5.665
5602.0	54.117	5.665
5604.0	53.979	5.6546
5606.0	53.94	5.6546
5608.0	53.902	5.6546
5610.0	53.763999999999996	5.6441
5612.0	53.726000000000006	5.6441
5614.0	53.688	5.6441
5616.0	53.551	5.6338
5618.0	53.463	5.6286
5620.0	53.425	5.6286
5622.0	53.288999999999994	5.6182
5624.0	53.153	5.6079
5626.0	53.11600000000001	5.6079
5628.0	52.98	5.5976
5630.0	52.942	5.5976
5632.0	52.905	5.5976
5634.0	52.867	5.5976
5636.0	52.781000000000006	5.5924
5638.0	52.743	5.5924
5640.0	52.706	5.5924
5642.0	52.571999999999996	5.5821
5644.0	52.438	5.5718
5646.0	52.353	5.5667
5648.0	52.218999999999994	5.5565
5650.0	52.181999999999995	5.5565
5652.0	52.049	5.5463
5654.0	52.013000000000005	5.5463
5656.0	51.976000000000006	5.5463
5658.0	51.93899999999999	5.5463
5660.0	51.902	5.5463
5662.0	51.86600000000001	5.5463
5664.0	51.82899999999999	5.5463
5666.0	51.792	5.5463
5668.0	51.661	5.5361
5670.0	51.623999999999995	5.5361
5672.0	51.588	5.5361
5674.0	51.552	5.5361
5676.0	51.468	5.531
5678.0	51.336999999999996	5.5208
5680.0	51.301	5.5208
5682.0	51.265	5.5208
5684.0	51.229	5.5208
5686.0	51.192	5.5208
5688.0	51.156000000000006	5.5208
5690.0	51.027	5.5106
5692.0	50.99100000000001	5.5106
5694.0	50.861000000000004	5.5005
5696.0	50.825	5.5005
5698.0	50.743	5.4954
5700.0	50.707	5.4954
5702.0	50.672	5.4954
5704.0	50.543	5.4853
5706.0	50.507	5.4853
5708.0	50.472	5.4853
5710.0	50.343999999999994	5.4752
5712.0	50.309	5.4752
5714.0	50.273999999999994	5.4752
5716.0	50.146	5.4651
5718.0	50.111000000000004	5.4651
5720.0	50.03	5.4601
5722.0	49.995	5.4601
5724.0	49.96	5.4601
5726.0	49.925	5.4601
5728.0	49.798	5.45
5730.0	49.763000000000005	5.45
5732.0	49.729	5.45
5734.0	49.693999999999996	5.45
5736.0	49.659	5.45
5738.0	49.625	5.45
5740.0	49.59	5.45
5742.0	49.556000000000004	5.45
5744.0	49.521	5.45
5746.0	49.486999999999995	5.45
5748.0	49.452	5.45
5750.0	49.418	5.45
5752.0	49.293	5.44
5754.0	49.258	5.44
5756.0	49.178999999999995	5.435
5758.0	49.145	5.435
5760.0	49.02	5.425
5762.0	48.986000000000004	5.425
5764.0	48.952	5.425
5766.0	48.918	5.425
5768.0	48.88399999999999	5.425
5770.0	48.76	5.415
5772.0	48.727	5.415
5774.0	48.693000000000005	5.415
5776.0	48.659	5.415
5778.0	48.625	5.415
5780.0	48.592	5.415
5782.0	48.558	5.415
5784.0	48.525	5.415
5786.0	48.49100000000001	5.415
5788.0	48.458	5.415
5790.0	48.424	5.415
5792.0	48.391000000000005	5.415
5794.0	48.268	5.405
5796.0	48.235	5.405
5798.0	48.202	5.405
5800.0	48.123999999999995	5.4001
5802.0	48.091	5.4001
5804.0	47.97	5.3901
5806.0	47.937	5.3901
5808.0	47.815	5.3802
5810.0	47.782	5.3802
5812.0	47.662	5.3703
5814.0	47.629	5.3703
5816.0	47.552	5.3654
5818.0	47.431999999999995	5.3555
5820.0	47.4	5.3555
5822.0	47.367	5.3555
5824.0	47.333999999999996	5.3555
5826.0	47.302	5.3555
5828.0	47.27	5.3555
5830.0	47.236999999999995	5.3555
5832.0	47.205	5.3555
5834.0	47.172	5.3555
5836.0	47.14	5.3555
5838.0	47.108000000000004	5.3555
5840.0	47.076	5.3555
5842.0	47.043	5.3555
5844.0	46.924	5.3456
5846.0	46.891999999999996	5.3456
5848.0	46.86	5.3456
5850.0	46.828	5.3456
5852.0	46.79600000000001	5.3456
5854.0	46.678000000000004	5.3358
5856.0	46.604	5.3309
5858.0	46.571999999999996	5.3309
5860.0	46.45399999999999	5.3211
5862.0	46.423	5.3211
5864.0	46.391000000000005	5.3211
5866.0	46.273999999999994	5.3113
5868.0	46.242	5.3113
5870.0	46.211000000000006	5.3113
5872.0	46.178999999999995	5.3113
5874.0	46.148	5.3113
5876.0	46.032	5.3015
5878.0	46.0	5.3015
5880.0	45.968999999999994	5.3015
5882.0	45.938	5.3015
5884.0	45.907	5.3015
5886.0	45.96	5.3113
5888.0	45.928999999999995	5.3113
5890.0	45.897	5.3113
5892.0	45.86600000000001	5.3113
5894.0	45.835	5.3113
5896.0	45.803999999999995	5.3113
5898.0	45.773	5.3113
5900.0	45.742	5.3113
5902.0	45.626999999999995	5.3015
5904.0	45.596000000000004	5.3015
5906.0	45.523	5.2966
5908.0	45.409	5.2869
5910.0	45.378	5.2869
5912.0	45.263999999999996	5.2771
5914.0	45.192	5.2723
5916.0	45.078	5.2626
5918.0	44.965	5.2529
5920.0	44.934	5.2529
5922.0	44.821000000000005	5.2432
5924.0	44.791000000000004	5.2432
5926.0	44.761	5.2432
5928.0	44.73	5.2432
5930.0	44.659	5.2384
5932.0	44.547	5.2288
5934.0	44.516999999999996	5.2288
5936.0	44.486999999999995	5.2288
5938.0	44.375	5.2192
5940.0	44.345	5.2192
5942.0	44.316	5.2192
5944.0	44.20399999999999	5.2095
5946.0	44.174	5.2095
5948.0	44.145	5.2095
5950.0	44.074	5.2048
5952.0	44.045	5.2048
5954.0	44.015	5.2048
5956.0	43.986000000000004	5.2048
5958.0	43.956	5.2048
5960.0	43.967	5.2095
5962.0	43.938	5.2095
5964.0	43.868	5.2048
5966.0	43.838	5.2048
5968.0	43.809	5.2048
5970.0	43.78	5.2048
5972.0	43.67	5.1952
5974.0	43.641000000000005	5.1952
5976.0	43.531000000000006	5.1856
5978.0	43.501999999999995	5.1856
5980.0	43.473	5.1856
5982.0	43.443999999999996	5.1856
5984.0	43.335	5.1761
5986.0	43.266000000000005	5.1713
5988.0	43.236999999999995	5.1713
5990.0	43.208	5.1713
5992.0	43.18	5.1713
5994.0	43.071000000000005	5.1618
5996.0	43.042	5.1618
5998.0	43.013999999999996	5.1618
6000.0	42.985	5.1618
6002.0	42.956	5.1618
6004.0	42.928000000000004	5.1618
6006.0	42.82	5.1523
6008.0	42.792	5.1523
6010.0	42.763000000000005	5.1523
6012.0	42.735	5.1523
6014.0	42.628	5.1428
6016.0	42.599	5.1428
6018.0	42.571000000000005	5.1428
6020.0	42.543	5.1428
6022.0	42.515	5.1428
6024.0	42.446999999999996	5.1381
6026.0	42.419	5.1381
6028.0	42.391000000000005	5.1381
6030.0	42.285	5.1286
6032.0	42.257	5.1286
6034.0	42.151	5.1192
6036.0	42.123000000000005	5.1192
6038.0	42.056999999999995	5.1145
6040.0	41.951	5.1051
6042.0	41.924	5.1051
6044.0	41.896	5.1051
6046.0	41.868	5.1051
6048.0	41.841	5.1051
6050.0	41.736000000000004	5.0956
6052.0	41.708	5.0956
6054.0	41.681000000000004	5.0956
6056.0	41.653	5.0956
6058.0	41.549	5.0863
6060.0	41.522	5.0863
6062.0	41.494	5.0863
6064.0	41.467	5.0863
6066.0	41.44	5.0863
6068.0	41.373999999999995	5.0816
6070.0	41.271	5.0722
6072.0	41.244	5.0722
6074.0	41.141000000000005	5.0629
6076.0	41.114	5.0629
6078.0	41.011	5.0536
6080.0	40.946	5.0489
6082.0	40.919000000000004	5.0489
6084.0	40.891999999999996	5.0489
6086.0	40.865	5.0489
6088.0	40.764	5.0396
6090.0	40.736999999999995	5.0396
6092.0	40.71	5.0396
6094.0	40.683	5.0396
6096.0	40.657	5.0396
6098.0	40.63	5.0396
6100.0	40.603	5.0396
6102.0	40.577	5.0396
6104.0	40.475	5.0304
6106.0	40.449	5.0304
6108.0	40.422	5.0304
6110.0	40.321999999999996	5.0211
6112.0	40.258	5.0165
6114.0	40.158	5.0073
6116.0	40.132	5.0073
6118.0	40.032	4.9981
6120.0	40.005	4.9981
6122.0	39.979	4.9981
6124.0	39.953	4.9981
6126.0	39.854	4.9888
6128.0	39.828	4.9888
6130.0	39.765	4.9842
6132.0	39.739000000000004	4.9842
6134.0	39.713	4.9842
6136.0	39.687	4.9842
6138.0	39.661	4.9842
6140.0	39.635	4.9842
6142.0	39.61	4.9842
6144.0	39.584	4.9842
6146.0	39.558	4.9842
6148.0	39.532	4.9842
6150.0	39.434	4.9751
6152.0	39.408	4.9751
6154.0	39.383	4.9751
6156.0	39.285	4.9659
6158.0	39.259	4.9659
6160.0	39.234	4.9659
6162.0	39.172	4.9613
6164.0	39.075	4.9522
6166.0	39.049	4.9522
6168.0	38.952	4.9431
6170.0	38.855	4.934
6172.0	38.83	4.934
6174.0	38.769	4.9295
6176.0	38.744	4.9295
6178.0	38.648	4.9204
6180.0	38.623000000000005	4.9204
6182.0	38.598	4.9204
6184.0	38.573	4.9204
6186.0	38.548	4.9204
6188.0	38.523	4.9204
6190.0	38.498000000000005	4.9204
6192.0	38.402	4.9113
6194.0	38.378	4.9113
6196.0	38.353	4.9113
6198.0	38.258	4.9023
6200.0	38.198	4.8978
6202.0	38.173	4.8978
6204.0	38.078	4.8888
6206.0	38.054	4.8888
6208.0	37.959	4.8798
6210.0	37.935	4.8798
6212.0	37.91	4.8798
6214.0	37.816	4.8708
6216.0	37.792	4.8708
6218.0	37.768	4.8708
6220.0	37.743	4.8708
6222.0	37.789	4.8798
6224.0	37.764	4.8798
6226.0	37.74	4.8798
6228.0	37.716	4.8798
6230.0	37.692	4.8798
6232.0	37.598	4.8708
6234.0	37.574	4.8708
6236.0	37.515	4.8663
6238.0	37.491	4.8663
6240.0	37.467	4.8663
6242.0	37.374	4.8574
6244.0	37.35	4.8574
6246.0	37.258	4.8484
6248.0	37.234	4.8484
6250.0	37.176	4.844
6252.0	37.084	4.835
6254.0	37.06	4.835
6256.0	36.968	4.8261
6258.0	36.944	4.8261
6260.0	36.921	4.8261
6262.0	36.829	4.8173
6264.0	36.772	4.8128
6266.0	36.749	4.8128
6268.0	36.657	4.804
6270.0	36.634	4.804
6272.0	36.543	4.7951
6274.0	36.52	4.7951
6276.0	36.497	4.7951
6278.0	36.474000000000004	4.7951
6280.0	36.383	4.7863
6282.0	36.36	4.7863
6284.0	36.336999999999996	4.7863
6286.0	36.314	4.7863
6288.0	36.291	4.7863
6290.0	36.268	4.7863
6292.0	36.211	4.7819
6294.0	36.188	4.7819
6296.0	36.165	4.7819
6298.0	36.076	4.7731
6300.0	36.053000000000004	4.7731
6302.0	36.03	4.7731
6304.0	35.941	4.7643
6306.0	35.918	4.7643
6308.0	35.895	4.7643
6310.0	35.873000000000005	4.7643
6312.0	35.85	4.7643
6314.0	35.827	4.7643
6316.0	35.739000000000004	4.7555
6318.0	35.716	4.7555
6320.0	35.693000000000005	4.7555
6322.0	35.671	4.7555
6324.0	35.615	4.7512
6326.0	35.593	4.7512
6328.0	35.505	4.7424
6330.0	35.482	4.7424
6332.0	35.395	4.7337
6334.0	35.372	4.7337
6336.0	35.285	4.725
6338.0	35.23	4.7206
6340.0	35.143	4.7119
6342.0	35.056	4.7033
6344.0	35.034	4.7033
6346.0	35.012	4.7033
6348.0	34.99	4.7033
6350.0	34.968	4.7033
6352.0	34.914	4.6989
6354.0	34.891999999999996	4.6989
6356.0	34.87	4.6989
6358.0	34.784	4.6903
6360.0	34.762	4.6903
6362.0	34.74	4.6903
6364.0	34.654	4.6816
6366.0	34.633	4.6816
6368.0	34.611	4.6816
6370.0	34.525999999999996	4.673
6372.0	34.409	4.6601
6374.0	34.387	4.6601
6376.0	34.239000000000004	4.643
6378.0	34.186	4.6387
6380.0	34.102	4.6302
6382.0	34.018	4.6217
6384.0	33.996	4.6217
6386.0	33.881	4.6089
6388.0	33.86	4.6089
6390.0	33.839	4.6089
6392.0	33.756	4.6004
6394.0	33.734	4.6004
6396.0	33.650999999999996	4.592
6398.0	33.63	4.592
6400.0	33.609	4.592
6402.0	33.588	4.592
6404.0	33.506	4.5835
6406.0	33.454	4.5793
6408.0	33.433	4.5793
6410.0	33.351	4.5709
6412.0	33.268	4.5625
6414.0	33.156	4.5499
6416.0	33.074	4.5415
6418.0	32.993	4.5331
6420.0	32.881	4.5206
6422.0	32.8	4.5123
6424.0	32.72	4.504
6426.0	32.609	4.4916
6428.0	32.529	4.4833
6430.0	32.449	4.4751
6432.0	32.399	4.471
6434.0	32.319	4.4627
6436.0	32.24	4.4545
6438.0	32.131	4.4422
6440.0	32.051	4.434
6442.0	31.973000000000003	4.4259
6444.0	31.923000000000002	4.4218
6446.0	31.845	4.4137
6448.0	31.766	4.4055
6450.0	31.659000000000002	4.3934
6452.0	31.581	4.3853
6454.0	31.445999999999998	4.3692
6456.0	31.34	4.3571
6458.0	31.263	4.3491
6460.0	31.156999999999996	4.3371
6462.0	31.023000000000003	4.3211
6464.0	30.918000000000003	4.3092
6466.0	30.785999999999998	4.2934
6468.0	30.625	4.2737
6470.0	30.522	4.2619
6472.0	30.391	4.2462
6474.0	30.233	4.2267
6476.0	30.075	4.2073
6478.0	29.945999999999998	4.1918
6480.0	29.79	4.1725
6482.0	29.689	4.161
6484.0	29.508000000000003	4.1381
6486.0	29.408	4.1267
6488.0	29.255	4.1077
6490.0	29.129	4.0926
6492.0	28.978	4.0738
6494.0	28.826999999999998	4.0551
6496.0	28.703000000000003	4.0402
6498.0	28.500999999999998	4.0142
6500.0	28.353	3.9958
6502.0	28.153000000000002	3.9701
6504.0	27.929000000000002	3.9409
6506.0	27.682	3.9084
6508.0	27.436	3.8761
6510.0	27.168000000000003	3.8406
6512.0	26.927	3.8089
6514.0	26.664	3.774
6516.0	26.379	3.7359
6518.0	26.121	3.7017
6520.0	25.89	3.6711
6522.0	25.589000000000002	3.6308
6524.0	25.362	3.6008
6526.0	25.068	3.5612
6528.0	24.778000000000002	3.5221
6530.0	24.535	3.4898
6532.0	24.229	3.4483
6534.0	23.948	3.4104
6536.0	23.67	3.3729
6538.0	23.395	3.3358
6540.0	23.081999999999997	3.2931
6542.0	22.772	3.2509
6544.0	22.465999999999998	3.2092
6546.0	22.104	3.1594
6548.0	21.807	3.1189
6550.0	21.455	3.0704
6552.0	21.129	3.0255
6554.0	20.788	2.9785
6556.0	20.471	2.9349
6558.0	20.197	2.8973
6560.0	19.926	2.8602
6562.0	19.730999999999998	2.834
6564.0	19.592	2.8158
6566.0	19.454	2.7977
6568.0	19.407	2.7925
6570.0	19.467	2.8028
6572.0	19.473	2.8054
6574.0	19.587	2.8236
6576.0	19.774	2.8523
6578.0	19.982	2.884
6580.0	20.192	2.9161
6582.0	20.479	2.9594
6584.0	20.732	2.9978
6586.0	21.008000000000003	3.0395
6588.0	21.307	3.0846
6590.0	21.57	3.1246
6592.0	21.857	3.1681
6594.0	22.127	3.2092
6596.0	22.401	3.2509
6598.0	22.636	3.287
6600.0	22.851999999999997	3.3205
6602.0	23.092	3.3574
6604.0	23.335	3.3947
6606.0	23.558000000000003	3.4293
6608.0	23.761999999999997	3.461
6610.0	23.967	3.493
6612.0	24.197	3.5286
6614.0	24.406	3.5612
6616.0	24.594	3.5909
6618.0	24.807	3.6241
6620.0	24.998	3.6543
6622.0	25.214000000000002	3.6881
6624.0	25.408	3.7188
6626.0	25.605	3.7497
6628.0	25.755	3.774
6630.0	25.906	3.7984
6632.0	26.057	3.823
6634.0	26.162	3.8406
6636.0	26.267	3.8583
6638.0	26.372	3.8761
6640.0	26.478	3.894
6642.0	26.56	3.9084
6644.0	26.666	3.9264
6646.0	26.773000000000003	3.9446
6648.0	26.855999999999998	3.9591
6650.0	26.914	3.9701
6652.0	26.997	3.9847
6654.0	27.055	3.9958
6656.0	27.139	4.0105
6658.0	27.198	4.0216
6660.0	27.232	4.029
6662.0	27.29	4.0402
6664.0	27.375	4.0551
6666.0	27.434	4.0663
6668.0	27.468000000000004	4.0738
6670.0	27.528000000000002	4.0851
6672.0	27.613000000000003	4.1001
6674.0	27.673000000000002	4.1115
6676.0	27.758000000000003	4.1267
6678.0	27.793000000000003	4.1343
6680.0	27.853	4.1457
6682.0	27.939	4.161
6684.0	27.948	4.1649
6686.0	27.983	4.1725
6688.0	28.017	4.1802
6690.0	28.000999999999998	4.1802
6692.0	27.984	4.1802
6694.0	27.967	4.1802
6696.0	28.002	4.1879
6698.0	28.011	4.1918
6700.0	27.994	4.1918
6702.0	27.978	4.1918
6704.0	28.013	4.1995
6706.0	27.996	4.1995
6708.0	27.979	4.1995
6710.0	28.014	4.2073
6712.0	27.997	4.2073
6714.0	27.980999999999998	4.2073
6716.0	28.041	4.2189
6718.0	28.025	4.2189
6720.0	28.06	4.2267
6722.0	28.095	4.2345
6724.0	28.078000000000003	4.2345
6726.0	28.087	4.2384
6728.0	28.07	4.2384
6730.0	28.105	4.2462
6732.0	28.089000000000002	4.2462
6734.0	28.072	4.2462
6736.0	28.055	4.2462
6738.0	28.039	4.2462
6740.0	28.022	4.2462
6742.0	28.057	4.254
6744.0	27.989	4.2462
6746.0	27.971999999999998	4.2462
6748.0	27.956	4.2462
6750.0	27.939	4.2462
6752.0	27.871	4.2384
6754.0	27.829	4.2345
6756.0	27.813000000000002	4.2345
6758.0	27.796	4.2345
6760.0	27.78	4.2345
6762.0	27.789	4.2384
6764.0	27.824	4.2462
6766.0	27.807	4.2462
6768.0	27.842	4.254
6770.0	27.825	4.254
6772.0	27.86	4.2619
6774.0	27.844	4.2619
6776.0	27.853	4.2658
6778.0	27.837	4.2658
6780.0	27.82	4.2658
6782.0	27.855	4.2737
6784.0	27.839000000000002	4.2737
6786.0	27.822	4.2737
6788.0	27.805999999999997	4.2737
6790.0	27.79	4.2737
6792.0	27.773000000000003	4.2737
6794.0	27.706	4.2658
6796.0	27.664	4.2619
6798.0	27.596999999999998	4.254
6800.0	27.581	4.254
6802.0	27.514	4.2462
6804.0	27.497	4.2462
6806.0	27.480999999999998	4.2462
6808.0	27.415	4.2384
6810.0	27.398000000000003	4.2384
6812.0	27.381999999999998	4.2384
6814.0	27.366	4.2384
6816.0	27.35	4.2384
6818.0	27.385	4.2462
6820.0	27.369	4.2462
6822.0	27.403000000000002	4.254
6824.0	27.386999999999997	4.254
6826.0	27.421	4.2619
6828.0	27.43	4.2658
6830.0	27.414	4.2658
6832.0	27.398000000000003	4.2658
6834.0	27.381999999999998	4.2658
6836.0	27.291	4.254
6838.0	27.275	4.254
6840.0	27.209	4.2462
6842.0	27.118000000000002	4.2345
6844.0	27.052	4.2267
6846.0	27.111	4.2384
6848.0	27.07	4.2345
6850.0	27.055	4.2345
6852.0	27.014	4.2306
6854.0	26.998	4.2306
6856.0	26.956999999999997	4.2267
6858.0	26.916999999999998	4.2228
6860.0	26.901	4.2228
6862.0	26.861	4.2189
6864.0	26.845	4.2189
6866.0	26.805	4.215
6868.0	26.789	4.215
6870.0	26.749000000000002	4.2111
6872.0	26.733	4.2111
6874.0	26.718000000000004	4.2111
6876.0	26.678	4.2073
6878.0	26.662	4.2073
6880.0	26.622	4.2034
6882.0	26.607	4.2034
6884.0	26.590999999999998	4.2034
6886.0	26.551	4.1995
6888.0	26.535999999999998	4.1995
6890.0	26.521	4.1995
6892.0	26.480999999999998	4.1956
6894.0	26.465	4.1956
6896.0	26.45	4.1956
6898.0	26.435	4.1956
6900.0	26.395	4.1918
6902.0	26.38	4.1918
6904.0	26.365	4.1918
6906.0	26.349	4.1918
6908.0	26.334	4.1918
6910.0	26.319000000000003	4.1918
6912.0	26.279	4.1879
6914.0	26.264	4.1879
6916.0	26.249000000000002	4.1879
6918.0	26.234	4.1879
6920.0	26.219	4.1879
6922.0	26.203000000000003	4.1879
6924.0	26.188000000000002	4.1879
6926.0	26.173000000000002	4.1879
6928.0	26.158	4.1879
6930.0	26.143	4.1879
6932.0	26.128	4.1879
6934.0	26.113000000000003	4.1879
6936.0	26.098000000000003	4.1879
6938.0	26.083000000000002	4.1879
6940.0	26.068	4.1879
6942.0	26.053	4.1879
6944.0	26.038	4.1879
6946.0	26.023000000000003	4.1879
6948.0	26.031999999999996	4.1918
6950.0	26.017	4.1918
6952.0	26.05	4.1995
6954.0	26.035	4.1995
6956.0	25.971999999999998	4.1918
6958.0	25.956999999999997	4.1918
6960.0	25.941999999999997	4.1918
6962.0	25.927	4.1918
6964.0	25.96	4.1995
6966.0	25.945	4.1995
6968.0	25.93	4.1995
6970.0	25.915	4.1995
6972.0	25.9	4.1995
6974.0	25.885	4.1995
6976.0	25.823	4.1918
6978.0	25.808000000000003	4.1918
6980.0	25.77	4.1879
6982.0	25.708000000000002	4.1802
6984.0	25.646	4.1725
6986.0	25.584	4.1649
6988.0	25.569000000000003	4.1649
6990.0	25.484	4.1534
6992.0	25.469	4.1534
6994.0	25.408	4.1457
6996.0	25.393	4.1457
6998.0	25.331999999999997	4.1381
7000.0	25.318	4.1381
7002.0	25.303	4.1381
7004.0	25.265	4.1343
7006.0	25.250999999999998	4.1343
7008.0	25.237	4.1343
7010.0	25.221999999999998	4.1343
7012.0	25.208000000000002	4.1343
7014.0	25.194000000000003	4.1343
7016.0	25.179000000000002	4.1343
7018.0	25.165	4.1343
7020.0	25.15	4.1343
7022.0	25.136	4.1343
7024.0	25.122	4.1343
7026.0	25.131	4.1381
7028.0	25.116	4.1381
7030.0	25.148000000000003	4.1457
7032.0	25.18	4.1534
7034.0	25.166	4.1534
7036.0	25.198	4.161
7038.0	25.184	4.161
7040.0	25.193	4.1649
7042.0	25.155	4.161
7044.0	25.141	4.161
7046.0	25.08	4.1534
7048.0	25.02	4.1457
7050.0	25.006	4.1457
7052.0	24.923000000000002	4.1343
7054.0	24.863000000000003	4.1267
7056.0	24.803	4.1191
7058.0	24.743000000000002	4.1115
7060.0	24.706999999999997	4.1077
7062.0	24.647	4.1001
7064.0	24.588	4.0926
7066.0	24.574	4.0926
7068.0	24.515	4.0851
7070.0	24.500999999999998	4.0851
7072.0	24.487	4.0851
7074.0	24.518	4.0926
7076.0	24.504	4.0926
7078.0	24.491	4.0926
7080.0	24.522	4.1001
7082.0	24.553	4.1077
7084.0	24.561999999999998	4.1115
7086.0	24.593000000000004	4.1191
7088.0	24.579	4.1191
7090.0	24.611	4.1267
7092.0	24.596999999999998	4.1267
7094.0	24.538	4.1191
7096.0	24.524	4.1191
7098.0	24.51	4.1191
7100.0	24.451	4.1115
7102.0	24.415	4.1077
7104.0	24.355999999999998	4.1001
7106.0	24.298000000000002	4.0926
7108.0	24.217	4.0813
7110.0	24.159000000000002	4.0738
7112.0	24.146	4.0738
7114.0	24.088	4.0663
7116.0	24.074	4.0663
7118.0	24.038	4.0626
7120.0	24.025	4.0626
7122.0	23.967	4.0551
7124.0	23.954	4.0551
7126.0	23.94	4.0551
7128.0	23.927	4.0551
7130.0	23.913	4.0551
7132.0	23.9	4.0551
7134.0	23.886999999999997	4.0551
7136.0	23.873	4.0551
7138.0	23.86	4.0551
7140.0	23.846	4.0551
7142.0	23.833000000000002	4.0551
7144.0	23.82	4.0551
7146.0	23.805999999999997	4.0551
7148.0	23.793000000000003	4.0551
7150.0	23.736	4.0476
7152.0	23.723000000000003	4.0476
7154.0	23.666	4.0402
7156.0	23.631	4.0364
7158.0	23.531	4.0216
7160.0	23.474	4.0142
7162.0	23.44	4.0105
7164.0	23.384	4.0031
7166.0	23.284000000000002	3.9884
7168.0	23.25	3.9847
7170.0	23.194000000000003	3.9774
7172.0	23.139	3.9701
7174.0	23.125999999999998	3.9701
7176.0	23.07	3.9628
7178.0	23.058000000000003	3.9628
7180.0	23.023000000000003	3.9591
7182.0	23.031999999999996	3.9628
7184.0	23.019000000000002	3.9628
7186.0	23.049	3.9701
7188.0	23.035999999999998	3.9701
7190.0	23.065	3.9774
7192.0	23.095	3.9847
7194.0	23.146	3.9958
7196.0	23.176	4.0031
7198.0	23.206	4.0105
7200.0	23.256999999999998	4.0216
7202.0	23.287	4.029
7204.0	23.339000000000002	4.0402
7206.0	23.412	4.0551
7208.0	23.399	4.0551
7210.0	23.45	4.0663
7212.0	23.436999999999998	4.0663
7214.0	23.403000000000002	4.0626
7216.0	23.346999999999998	4.0551
7218.0	23.291	4.0476
7220.0	23.171	4.029
7222.0	23.073	4.0142
7224.0	22.997	4.0031
7226.0	22.941999999999997	3.9958
7228.0	22.866	3.9847
7230.0	22.769000000000002	3.9701
7232.0	22.715	3.9628
7234.0	22.680999999999997	3.9591
7236.0	22.627	3.9518
7238.0	22.573	3.9446
7240.0	22.56	3.9446
7242.0	22.548000000000002	3.9446
7244.0	22.535	3.9446
7246.0	22.564	3.9518
7248.0	22.552	3.9518
7250.0	22.54	3.9518
7252.0	22.569000000000003	3.9591
7254.0	22.555999999999997	3.9591
7256.0	22.544	3.9591
7258.0	22.531	3.9591
7260.0	22.476999999999997	3.9518
7262.0	22.465	3.9518
7264.0	22.453000000000003	3.9518
7266.0	22.44	3.9518
7268.0	22.428	3.9518
7270.0	22.456999999999997	3.9591
7272.0	22.445	3.9591
7274.0	22.453000000000003	3.9628
7276.0	22.482	3.9701
7278.0	22.47	3.9701
7280.0	22.499000000000002	3.9774
7282.0	22.486	3.9774
7284.0	22.515	3.9847
7286.0	22.462	3.9774
7288.0	22.449	3.9774
7290.0	22.436999999999998	3.9774
7292.0	22.383000000000003	3.9701
7294.0	22.33	3.9628
7296.0	22.296999999999997	3.9591
7298.0	22.285	3.9591
7300.0	22.232	3.9518
7302.0	22.179000000000002	3.9446
7304.0	22.166999999999998	3.9446
7306.0	22.154	3.9446
7308.0	22.122	3.9409
7310.0	22.069000000000003	3.9337
7312.0	22.057	3.9337
7314.0	22.045	3.9337
7316.0	21.991999999999997	3.9264
7318.0	21.98	3.9264
7320.0	21.968000000000004	3.9264
7322.0	21.956	3.9264
7324.0	21.944000000000003	3.9264
7326.0	21.932	3.9264
7328.0	21.92	3.9264
7330.0	21.909000000000002	3.9264
7332.0	21.897	3.9264
7334.0	21.844	3.9192
7336.0	21.831999999999997	3.9192
7338.0	21.820999999999998	3.9192
7340.0	21.849	3.9264
7342.0	21.837	3.9264
7344.0	21.825	3.9264
7346.0	21.813000000000002	3.9264
7348.0	21.801	3.9264
7350.0	21.83	3.9337
7352.0	21.818	3.9337
7354.0	21.805999999999997	3.9337
7356.0	21.794	3.9337
7358.0	21.741999999999997	3.9264
7360.0	21.73	3.9264
7362.0	21.679000000000002	3.9192
7364.0	21.647	3.9156
7366.0	21.595	3.9084
7368.0	21.544	3.9012
7370.0	21.473000000000003	3.8904
7372.0	21.421	3.8833
7374.0	21.37	3.8761
7376.0	21.32	3.869
7378.0	21.288	3.8654
7380.0	21.276999999999997	3.8654
7382.0	21.226	3.8583
7384.0	21.215	3.8583
7386.0	21.203000000000003	3.8583
7388.0	21.191999999999997	3.8583
7390.0	21.18	3.8583
7392.0	21.169	3.8583
7394.0	21.156999999999996	3.8583
7396.0	21.185	3.8654
7398.0	21.193	3.869
7400.0	21.182	3.869
7402.0	21.17	3.869
7404.0	21.159000000000002	3.869
7406.0	21.147	3.869
7408.0	21.136	3.869
7410.0	21.124000000000002	3.869
7412.0	21.093000000000004	3.8654
7414.0	21.101999999999997	3.869
7416.0	21.09	3.869
7418.0	21.079	3.869
7420.0	21.048000000000002	3.8654
7422.0	21.037	3.8654
7424.0	21.025	3.8654
7426.0	20.975	3.8583
7428.0	20.964000000000002	3.8583
7430.0	20.914	3.8512
7432.0	20.845	3.8406
7434.0	20.834	3.8406
7436.0	20.785	3.8335
7438.0	20.735	3.8265
7440.0	20.666999999999998	3.8159
7442.0	20.618000000000002	3.8089
7444.0	20.607	3.8089
7446.0	20.596	3.8089
7448.0	20.546999999999997	3.8019
7450.0	20.535999999999998	3.8019
7452.0	20.525	3.8019
7454.0	20.514	3.8019
7456.0	20.54	3.8089
7458.0	20.529	3.8089
7460.0	20.555999999999997	3.8159
7462.0	20.545	3.8159
7464.0	20.534000000000002	3.8159
7466.0	20.561	3.823
7468.0	20.55	3.823
7470.0	20.539	3.823
7472.0	20.528000000000002	3.823
7474.0	20.479	3.8159
7476.0	20.468	3.8159
7478.0	20.457	3.8159
7480.0	20.445999999999998	3.8159
7482.0	20.435	3.8159
7484.0	20.387	3.8089
7486.0	20.339000000000002	3.8019
7488.0	20.309	3.7984
7490.0	20.261	3.7914
7492.0	20.213	3.7844
7494.0	20.146	3.774
7496.0	20.098	3.767
7498.0	20.088	3.767
7500.0	20.04	3.7601
7502.0	20.029	3.7601
7504.0	19.982	3.7532
7506.0	20.008	3.7601
7508.0	19.997	3.7601
7510.0	19.987000000000002	3.7601
7512.0	20.012999999999998	3.767
7514.0	20.002	3.767
7516.0	19.991	3.767
7518.0	19.980999999999998	3.767
7520.0	19.97	3.767
7522.0	19.96	3.767
7524.0	19.912	3.7601
7526.0	19.902	3.7601
7528.0	19.891	3.7601
7530.0	19.881	3.7601
7532.0	19.87	3.7601
7534.0	19.823	3.7532
7536.0	19.794	3.7497
7538.0	19.784000000000002	3.7497
7540.0	19.737000000000002	3.7428
7542.0	19.726	3.7428
7544.0	19.715999999999998	3.7428
7546.0	19.669	3.7359
7548.0	19.659000000000002	3.7359
7550.0	19.685	3.7428
7552.0	19.656	3.7394
7554.0	19.646	3.7394
7556.0	19.635	3.7394
7558.0	19.607	3.7359
7560.0	19.596	3.7359
7562.0	19.586	3.7359
7564.0	19.558	3.7325
7566.0	19.547	3.7325
7568.0	19.537	3.7325
7570.0	19.509	3.7291
7572.0	19.498	3.7291
7574.0	19.488	3.7291
7576.0	19.46	3.7256
7578.0	19.45	3.7256
7580.0	19.439	3.7256
7582.0	19.410999999999998	3.7222
7584.0	19.401	3.7222
7586.0	19.391	3.7222
7588.0	19.363	3.7188
7590.0	19.352	3.7188
7592.0	19.342	3.7188
7594.0	19.314	3.7153
7596.0	19.304000000000002	3.7153
7598.0	19.294	3.7153
7600.0	19.266	3.7119
7602.0	19.256	3.7119
7604.0	19.246	3.7119
7606.0	19.218	3.7085
7608.0	19.208	3.7085
7610.0	19.198	3.7085
7612.0	19.17	3.7051
7614.0	19.16	3.7051
7616.0	19.15	3.7051
7618.0	19.122	3.7017
7620.0	19.112000000000002	3.7017
7622.0	19.102	3.7017
7624.0	19.075	3.6983
7626.0	19.065	3.6983
7628.0	19.055	3.6983
7630.0	19.027	3.6949
7632.0	19.017	3.6949
7634.0	19.007	3.6949
7636.0	18.98	3.6915
7638.0	18.97	3.6915
7640.0	18.96	3.6915
7642.0	18.932000000000002	3.6881
7644.0	18.922	3.6881
7646.0	18.913	3.6881
7648.0	18.885	3.6847
7650.0	18.875999999999998	3.6847
7652.0	18.866	3.6847
7654.0	18.838	3.6813
7656.0	18.829	3.6813
7658.0	18.819000000000003	3.6813
7660.0	18.792	3.6779
7662.0	18.782	3.6779
7664.0	18.755	3.6745
7666.0	18.745	3.6745
7668.0	18.735	3.6745
7670.0	18.708	3.6711
7672.0	18.698	3.6711
7674.0	18.689	3.6711
7676.0	18.662	3.6677
7678.0	18.652	3.6677
7680.0	18.642	3.6677
7682.0	18.615	3.6644
7684.0	18.605999999999998	3.6644
7686.0	18.596	3.6644
7688.0	18.569000000000003	3.661
7690.0	18.56	3.661
7692.0	18.567	3.6644
7694.0	18.54	3.661
7696.0	18.531	3.661
7698.0	18.521	3.661
7700.0	18.477	3.6543
7702.0	18.468	3.6543
7704.0	18.424	3.6475
7706.0	18.415	3.6475
7708.0	18.405	3.6475
7710.0	18.362000000000002	3.6408
7712.0	18.335	3.6375
7714.0	18.326	3.6375
7716.0	18.283	3.6308
7718.0	18.273	3.6308
7720.0	18.23	3.6241
7722.0	18.204	3.6208
7724.0	18.160999999999998	3.6141
7726.0	18.118	3.6074
7728.0	18.109	3.6074
7730.0	18.066	3.6008
7732.0	18.057000000000002	3.6008
7734.0	17.998	3.5909
7736.0	17.988	3.5909
7738.0	17.979	3.5909
7740.0	17.97	3.5909
7742.0	17.96	3.5909
7744.0	17.918	3.5843
7746.0	17.909000000000002	3.5843
7748.0	17.9	3.5843
7750.0	17.89	3.5843
7752.0	17.881	3.5843
7754.0	17.872	3.5843
7756.0	17.863	3.5843
7758.0	17.886	3.5909
7760.0	17.877	3.5909
7762.0	17.868	3.5909
7764.0	17.892	3.5975
7766.0	17.882	3.5975
7768.0	17.89	3.6008
7770.0	17.88	3.6008
7772.0	17.871	3.6008
7774.0	17.846	3.5975
7776.0	17.836	3.5975
7778.0	17.827	3.5975
7780.0	17.817999999999998	3.5975
7782.0	17.809	3.5975
7784.0	17.816	3.6008
7786.0	17.807000000000002	3.6008
7788.0	17.798	3.6008
7790.0	17.772000000000002	3.5975
7792.0	17.730999999999998	3.5909
7794.0	17.689	3.5843
7796.0	17.647000000000002	3.5777
7798.0	17.622	3.5744
7800.0	17.581	3.5678
7802.0	17.572	3.5678
7804.0	17.53	3.5612
7806.0	17.521	3.5612
7808.0	17.48	3.5547
7810.0	17.471	3.5547
7812.0	17.462	3.5547
7814.0	17.453	3.5547
7816.0	17.444000000000003	3.5547
7818.0	17.435	3.5547
7820.0	17.426	3.5547
7822.0	17.45	3.5612
7824.0	17.441	3.5612
7826.0	17.432000000000002	3.5612
7828.0	17.423	3.5612
7830.0	17.414	3.5612
7832.0	17.405	3.5612
7834.0	17.364	3.5547
7836.0	17.339000000000002	3.5514
7838.0	17.33	3.5514
7840.0	17.322	3.5514
7842.0	17.281	3.5449
7844.0	17.272000000000002	3.5449
7846.0	17.262999999999998	3.5449
7848.0	17.255	3.5449
7850.0	17.246	3.5449
7852.0	17.237000000000002	3.5449
7854.0	17.227999999999998	3.5449
7856.0	17.219	3.5449
7858.0	17.211	3.5449
7860.0	17.17	3.5383
7862.0	17.13	3.5318
7864.0	17.105	3.5286
7866.0	17.097	3.5286
7868.0	17.057000000000002	3.5221
7870.0	17.048	3.5221
7872.0	17.039	3.5221
7874.0	17.031	3.5221
7876.0	17.022000000000002	3.5221
7878.0	16.982	3.5156
7880.0	16.973	3.5156
7882.0	16.965	3.5156
7884.0	16.909000000000002	3.5059
7886.0	16.901	3.5059
7888.0	16.861	3.4995
7890.0	16.852999999999998	3.4995
7892.0	16.844	3.4995
7894.0	16.805	3.493
7896.0	16.796	3.493
7898.0	16.788	3.493
7900.0	16.81	3.4995
7902.0	16.801	3.4995
7904.0	16.824	3.5059
7906.0	16.815	3.5059
7908.0	16.852999999999998	3.5156
7910.0	16.845	3.5156
7912.0	16.836	3.5156
7914.0	16.828	3.5156
7916.0	16.819000000000003	3.5156
7918.0	16.795	3.5124
7920.0	16.787	3.5124
7922.0	16.748	3.5059
7924.0	16.739	3.5059
7926.0	16.730999999999998	3.5059
7928.0	16.722	3.5059
7930.0	16.714000000000002	3.5059
7932.0	16.705	3.5059
7934.0	16.697	3.5059
7936.0	16.658	3.4995
7938.0	16.649	3.4995
7940.0	16.61	3.493
7942.0	16.587	3.4898
7944.0	16.548	3.4834
7946.0	16.54	3.4834
7948.0	16.500999999999998	3.477
7950.0	16.493	3.477
7952.0	16.484	3.477
7954.0	16.445999999999998	3.4706
7956.0	16.437	3.4706
7958.0	16.429000000000002	3.4706
7960.0	16.421	3.4706
7962.0	16.442999999999998	3.477
7964.0	16.435	3.477
7966.0	16.457	3.4834
7968.0	16.448	3.4834
7970.0	16.44	3.4834
7972.0	16.432000000000002	3.4834
7974.0	16.424	3.4834
7976.0	16.385	3.477
7978.0	16.377	3.477
7980.0	16.339000000000002	3.4706
7982.0	16.315	3.4674
7984.0	16.307000000000002	3.4674
7986.0	16.269000000000002	3.461
7988.0	16.261	3.461
7990.0	16.253	3.461
7992.0	16.245	3.461
7994.0	16.207	3.4546
7996.0	16.199	3.4546
7998.0	16.19	3.4546
8000.0	16.153	3.4483
8002.0	16.13	3.4451
8004.0	16.136	3.4483
8006.0	16.128	3.4483
8008.0	16.15	3.4546
8010.0	16.142	3.4546
8012.0	16.134	3.4546
8014.0	16.156	3.461
8016.0	16.147000000000002	3.461
8018.0	16.11	3.4546
8020.0	16.102	3.4546
8022.0	16.094	3.4546
8024.0	16.086	3.4546
8026.0	16.078	3.4546
8028.0	16.07	3.4546
8030.0	16.062	3.4546
8032.0	16.024	3.4483
8034.0	16.016	3.4483
8036.0	15.993	3.4451
8038.0	15.985	3.4451
8040.0	15.977	3.4451
8042.0	15.97	3.4451
8044.0	15.975999999999999	3.4483
8046.0	15.998	3.4546
8048.0	15.99	3.4546
8050.0	15.982000000000001	3.4546
8052.0	15.974	3.4546
8054.0	15.966	3.4546
8056.0	15.929	3.4483
8058.0	15.921	3.4483
8060.0	15.898	3.4451
8062.0	15.89	3.4451
8064.0	15.883	3.4451
8066.0	15.889000000000001	3.4483
8068.0	15.911	3.4546
8070.0	15.902999999999999	3.4546
8072.0	15.866	3.4483
8074.0	15.843	3.4451
8076.0	15.806	3.4387
8078.0	15.798	3.4387
8080.0	15.762	3.4324
8082.0	15.754000000000001	3.4324
8084.0	15.731	3.4293
8086.0	15.695	3.4229
8088.0	15.687000000000001	3.4229
8090.0	15.65	3.4166
8092.0	15.614	3.4104
8094.0	15.606	3.4104
8096.0	15.584000000000001	3.4072
8098.0	15.548	3.4009
8100.0	15.54	3.4009
8102.0	15.532	3.4009
8104.0	15.525	3.4009
8106.0	15.517000000000001	3.4009
8108.0	15.509	3.4009
8110.0	15.502	3.4009
8112.0	15.466	3.3947
8114.0	15.485999999999999	3.4009
8116.0	15.479000000000001	3.4009
8118.0	15.470999999999998	3.4009
8120.0	15.435	3.3947
8122.0	15.427	3.3947
8124.0	15.392000000000001	3.3884
8126.0	15.37	3.3853
8128.0	15.334000000000001	3.3791
8130.0	15.325999999999999	3.3791
8132.0	15.319	3.3791
8134.0	15.311	3.3791
8136.0	15.304	3.3791
8138.0	15.296	3.3791
8140.0	15.289000000000001	3.3791
8142.0	15.280999999999999	3.3791
8144.0	15.245999999999999	3.3729
8146.0	15.21	3.3667
8148.0	15.189	3.3636
8150.0	15.181	3.3636
8152.0	15.145999999999999	3.3574
8154.0	15.138	3.3574
8156.0	15.130999999999998	3.3574
8158.0	15.123	3.3574
8160.0	15.116	3.3574
8162.0	15.109000000000002	3.3574
8164.0	15.100999999999999	3.3574
8166.0	15.094000000000001	3.3574
8168.0	15.085999999999999	3.3574
8170.0	15.079	3.3574
8172.0	15.072000000000001	3.3574
8174.0	15.064	3.3574
8176.0	15.057	3.3574
8178.0	15.05	3.3574
8180.0	15.042	3.3574
8182.0	15.035	3.3574
8184.0	15.027999999999999	3.3574
8186.0	15.02	3.3574
8188.0	15.013	3.3574
8190.0	14.978	3.3512
8192.0	14.970999999999998	3.3512
8194.0	14.991	3.3574
8196.0	14.984000000000002	3.3574
8198.0	14.975999999999999	3.3574
8200.0	14.997	3.3636
8202.0	14.989	3.3636
8204.0	14.954	3.3574
8206.0	14.92	3.3512
8208.0	14.870999999999999	3.3419
8210.0	14.837	3.3358
8212.0	14.761	3.3205
8214.0	14.727	3.3144
8216.0	14.679	3.3052
8218.0	14.645	3.2991
8220.0	14.610999999999999	3.2931
8222.0	14.562999999999999	3.284
8224.0	14.597000000000001	3.2931
8226.0	14.616	3.2991
8228.0	14.65	3.3083
8230.0	14.697000000000001	3.3205
8232.0	14.757	3.3358
8234.0	14.790999999999999	3.345
8236.0	14.811	3.3512
8238.0	14.831	3.3574
8240.0	14.824000000000002	3.3574
8242.0	14.79	3.3512
8244.0	14.755	3.345
8246.0	14.734000000000002	3.3419
8248.0	14.673	3.3297
8250.0	14.626	3.3205
8252.0	14.565	3.3083
8254.0	14.517000000000001	3.2991
8256.0	14.484000000000002	3.2931
8258.0	14.45	3.287
8260.0	14.443	3.287
8262.0	14.423	3.284
8264.0	14.415999999999999	3.284
8266.0	14.382	3.2779
8268.0	14.375	3.2779
8270.0	14.342	3.2719
8272.0	14.335	3.2719
8274.0	14.328	3.2719
8276.0	14.321	3.2719
8278.0	14.314	3.2719
8280.0	14.334000000000001	3.2779
8282.0	14.353	3.284
8284.0	14.345999999999998	3.284
8286.0	14.353	3.287
8288.0	14.372	3.2931
8290.0	14.365	3.2931
8292.0	14.357999999999999	3.2931
8294.0	14.350999999999999	3.2931
8296.0	14.318	3.287
8298.0	14.311	3.287
8300.0	14.290999999999999	3.284
8302.0	14.284	3.284
8304.0	14.251	3.2779
8306.0	14.244000000000002	3.2779
8308.0	14.210999999999999	3.2719
8310.0	14.204	3.2719
8312.0	14.197000000000001	3.2719
8314.0	14.190999999999999	3.2719
8316.0	14.158	3.2659
8318.0	14.138	3.2629
8320.0	14.105	3.2569
8322.0	14.072000000000001	3.2509
8324.0	14.04	3.2449
8326.0	14.02	3.2419
8328.0	14.013	3.2419
8330.0	14.007	3.2419
8332.0	14.0	3.2419
8334.0	14.005999999999998	3.2449
8336.0	14.025	3.2509
8338.0	14.044	3.2569
8340.0	14.037	3.2569
8342.0	14.030999999999999	3.2569
8344.0	14.024000000000001	3.2569
8346.0	14.017000000000001	3.2569
8348.0	14.011	3.2569
8350.0	14.004000000000001	3.2569
8352.0	13.970999999999998	3.2509
8354.0	13.965	3.2509
8356.0	13.958	3.2509
8358.0	13.925999999999998	3.2449
8360.0	13.905999999999999	3.2419
8362.0	13.874	3.2359
8364.0	13.867	3.2359
8366.0	13.860999999999999	3.2359
8368.0	13.854000000000001	3.2359
8370.0	13.847000000000001	3.2359
8372.0	13.841	3.2359
8374.0	13.809000000000001	3.23
8376.0	13.802	3.23
8378.0	13.796	3.23
8380.0	13.789000000000001	3.23
8382.0	13.782	3.23
8384.0	13.776	3.23
8386.0	13.769	3.23
8388.0	13.75	3.227
8390.0	13.743	3.227
8392.0	13.737	3.227
8394.0	13.705	3.2211
8396.0	13.673	3.2151
8398.0	13.667	3.2151
8400.0	13.635	3.2092
8402.0	13.591	3.2004
8404.0	13.56	3.1945
8406.0	13.527999999999999	3.1886
8408.0	13.509	3.1857
8410.0	13.503	3.1857
8412.0	13.497	3.1857
8414.0	13.503	3.1886
8416.0	13.520999999999999	3.1945
8418.0	13.515	3.1945
8420.0	13.508	3.1945
8422.0	13.502	3.1945
8424.0	13.495	3.1945
8426.0	13.464	3.1886
8428.0	13.458	3.1886
8430.0	13.439	3.1857
8432.0	13.408	3.1798
8434.0	13.377	3.1739
8436.0	13.37	3.1739
8438.0	13.34	3.1681
8440.0	13.321	3.1652
8442.0	13.315	3.1652
8444.0	13.308	3.1652
8446.0	13.314	3.1681
8448.0	13.332	3.1739
8450.0	13.325999999999999	3.1739
8452.0	13.344000000000001	3.1798
8454.0	13.338	3.1798
8456.0	13.356	3.1857
8458.0	13.35	3.1857
8460.0	13.344000000000001	3.1857
8462.0	13.337	3.1857
8464.0	13.331	3.1857
8466.0	13.325	3.1857
8468.0	13.319	3.1857
8470.0	13.312000000000001	3.1857
8472.0	13.282	3.1798
8474.0	13.3	3.1857
8476.0	13.293	3.1857
8478.0	13.287	3.1857
8480.0	13.280999999999999	3.1857
8482.0	13.287	3.1886
8484.0	13.305	3.1945
8486.0	13.299000000000001	3.1945
8488.0	13.293	3.1945
8490.0	13.311	3.2004
8492.0	13.305	3.2004
8494.0	13.274000000000001	3.1945
8496.0	13.267999999999999	3.1945
8498.0	13.261	3.1945
8500.0	13.218	3.1857
8502.0	13.212	3.1857
8504.0	13.182	3.1798
8506.0	13.175999999999998	3.1798
8508.0	13.169	3.1798
8510.0	13.139000000000001	3.1739
8512.0	13.133	3.1739
8514.0	13.127	3.1739
8516.0	13.095999999999998	3.1681
8518.0	13.09	3.1681
8520.0	13.072000000000001	3.1652
8522.0	13.065999999999999	3.1652
8524.0	13.06	3.1652
8526.0	13.03	3.1594
8528.0	13.047	3.1652
8530.0	13.052999999999999	3.1681
8532.0	13.071	3.1739
8534.0	13.089	3.1798
8536.0	13.144	3.1945
8538.0	13.186	3.2063
8540.0	13.216	3.2151
8542.0	13.234000000000002	3.2211
8544.0	13.265	3.23
8546.0	13.259	3.23
8548.0	13.252	3.23
8550.0	13.245999999999999	3.23
8552.0	13.228	3.227
8554.0	13.173	3.2151
8556.0	13.142999999999999	3.2092
8558.0	13.1	3.2004
8560.0	13.046	3.1886
8562.0	13.004000000000001	3.1798
8564.0	12.95	3.1681
8566.0	12.908	3.1594
8568.0	12.878	3.1536
8570.0	12.849	3.1477
8572.0	12.831	3.1448
8574.0	12.825	3.1448
8576.0	12.795	3.1391
8578.0	12.789000000000001	3.1391
8580.0	12.76	3.1333
8582.0	12.742	3.1304
8584.0	12.713	3.1246
8586.0	12.683	3.1189
8588.0	12.677999999999999	3.1189
8590.0	12.672	3.1189
8592.0	12.665999999999999	3.1189
8594.0	12.66	3.1189
8596.0	12.654000000000002	3.1189
8598.0	12.625	3.1132
8600.0	12.619000000000002	3.1132
8602.0	12.600999999999999	3.1103
8604.0	12.572000000000001	3.1046
8606.0	12.543	3.0988
8608.0	12.538	3.0988
8610.0	12.532	3.0988
8612.0	12.503	3.0931
8614.0	12.485999999999999	3.0903
8616.0	12.48	3.0903
8618.0	12.450999999999999	3.0846
8620.0	12.445	3.0846
8622.0	12.44	3.0846
8624.0	12.457	3.0903
8626.0	12.450999999999999	3.0903
8628.0	12.445	3.0903
8630.0	12.450999999999999	3.0931
8632.0	12.445	3.0931
8634.0	12.427999999999999	3.0903
8636.0	12.422	3.0903
8638.0	12.415999999999999	3.0903
8640.0	12.411	3.0903
8642.0	12.405	3.0903
8644.0	12.399000000000001	3.0903
8646.0	12.427999999999999	3.0988
8648.0	12.422	3.0988
8650.0	12.462	3.1103
8652.0	12.491	3.1189
8654.0	12.530999999999999	3.1304
8656.0	12.56	3.1391
8658.0	12.554	3.1391
8660.0	12.571	3.1448
8662.0	12.577	3.1477
8664.0	12.56	3.1448
8666.0	12.554	3.1448
8668.0	12.525	3.1391
8670.0	12.495999999999999	3.1333
8672.0	12.456	3.1246
8674.0	12.405	3.1132
8676.0	12.365	3.1046
8678.0	12.312999999999999	3.0931
8680.0	12.274000000000001	3.0846
8682.0	12.245999999999999	3.0789
8684.0	12.217	3.0733
8686.0	12.200999999999999	3.0704
8688.0	12.172	3.0648
8690.0	12.133	3.0563
8692.0	12.105	3.0507
8694.0	12.078	3.0451
8696.0	12.039000000000001	3.0367
8698.0	12.011	3.0311
8700.0	11.982999999999999	3.0255
8702.0	11.956	3.0199
8704.0	11.95	3.0199
8706.0	11.945	3.0199
8708.0	11.939	3.0199
8710.0	11.934000000000001	3.0199
8712.0	11.917	3.0172
8714.0	11.89	3.0116
8716.0	11.885	3.0116
8718.0	11.857000000000001	3.0061
8720.0	11.83	3.0005
8722.0	11.814	2.9978
8724.0	11.808	2.9978
8726.0	11.814	3.0005
8728.0	11.808	3.0005
8730.0	11.825	3.0061
8732.0	11.841	3.0116
8734.0	11.857999999999999	3.0172
8736.0	11.863	3.0199
8738.0	11.857999999999999	3.0199
8740.0	11.874	3.0255
8742.0	11.89	3.0311
8744.0	11.885	3.0311
8746.0	11.912	3.0395
8748.0	11.895999999999999	3.0367
8750.0	11.890999999999998	3.0367
8752.0	11.885	3.0367
8754.0	11.857999999999999	3.0311
8756.0	11.852	3.0311
8758.0	11.825	3.0255
8760.0	11.798	3.0199
8762.0	11.739	3.0061
8764.0	11.700999999999999	2.9978
8766.0	11.674000000000001	2.9923
8768.0	11.626	2.9813
8770.0	11.61	2.9785
8772.0	11.583	2.973
8774.0	11.556	2.9676
8776.0	11.519	2.9594
8778.0	11.514000000000001	2.9594
8780.0	11.509	2.9594
8782.0	11.504000000000001	2.9594
8784.0	11.498	2.9594
8786.0	11.493	2.9594
8788.0	11.488	2.9594
8790.0	11.462	2.9539
8792.0	11.435	2.9485
8794.0	11.398	2.9404
8796.0	11.372	2.9349
8798.0	11.345999999999998	2.9295
8800.0	11.331	2.9268
8802.0	11.305	2.9215
8804.0	11.279000000000002	2.9161
8806.0	11.274000000000001	2.9161
8808.0	11.248	2.9107
8810.0	11.232000000000001	2.908
8812.0	11.227	2.908
8814.0	11.222000000000001	2.908
8816.0	11.227	2.9107
8818.0	11.243	2.9161
8820.0	11.259	2.9215
8822.0	11.305	2.9349
8824.0	11.352	2.9485
8826.0	11.41	2.9648
8828.0	11.415999999999999	2.9676
8830.0	11.431	2.973
8832.0	11.447000000000001	2.9785
8834.0	11.4	2.9676
8836.0	11.384	2.9648
8838.0	11.337	2.9539
8840.0	11.311	2.9485
8842.0	11.296	2.9458
8844.0	11.27	2.9404
8846.0	11.244000000000002	2.9349
8848.0	11.239	2.9349
8850.0	11.213	2.9295
8852.0	11.229000000000001	2.9349
8854.0	11.224	2.9349
8856.0	11.239	2.9404
8858.0	11.234000000000002	2.9404
8860.0	11.26	2.9485
8862.0	11.276	2.9539
8864.0	11.25	2.9485
8866.0	11.235	2.9458
8868.0	11.209000000000001	2.9404
8870.0	11.163	2.9295
8872.0	11.106	2.9161
8874.0	11.05	2.9027
8876.0	11.025	2.8973
8878.0	10.99	2.8894
8880.0	10.965	2.884
8882.0	10.96	2.884
8884.0	10.955	2.884
8886.0	10.95	2.884
8888.0	10.945	2.884
8890.0	10.92	2.8787
8892.0	10.885	2.8708
8894.0	10.86	2.8655
8896.0	10.805	2.8523
8898.0	10.761	2.8418
8900.0	10.745999999999999	2.8392
8902.0	10.720999999999998	2.834
8904.0	10.697000000000001	2.8288
8906.0	10.692	2.8288
8908.0	10.687000000000001	2.8288
8910.0	10.682	2.8288
8912.0	10.677999999999999	2.8288
8914.0	10.673	2.8288
8916.0	10.648	2.8236
8918.0	10.663	2.8288
8920.0	10.677999999999999	2.834
8922.0	10.693	2.8392
8924.0	10.698	2.8418
8926.0	10.693	2.8418
8928.0	10.708	2.8471
8930.0	10.684000000000001	2.8418
8932.0	10.649000000000001	2.834
8934.0	10.625	2.8288
8936.0	10.591	2.821
8938.0	10.547	2.8106
8940.0	10.513	2.8028
8942.0	10.47	2.7925
8944.0	10.437000000000001	2.7848
8946.0	10.413	2.7797
8948.0	10.379000000000001	2.772
8950.0	10.356	2.7669
8952.0	10.350999999999999	2.7669
8954.0	10.327	2.7619
8956.0	10.323	2.7619
8958.0	10.29	2.7542
8960.0	10.285	2.7542
8962.0	10.261	2.7492
8964.0	10.257	2.7492
8966.0	10.252	2.7492
8968.0	10.229	2.7441
8970.0	10.224	2.7441
8972.0	10.201	2.7391
8974.0	10.15	2.7265
8976.0	10.117	2.7189
8978.0	10.066	2.7064
8980.0	10.025	2.6965
8982.0	9.9741	2.6841
8984.0	9.933	2.6742
8986.0	9.9469	2.6792
8988.0	9.9791	2.689
8990.0	9.9839	2.6915
8992.0	9.9979	2.6965
8994.0	9.9934	2.6965
8996.0	9.989	2.6965
8998.0	9.9846	2.6965
9000.0	9.9985	2.7015
9002.0	10.022	2.7089
9004.0	10.036	2.7139
9006.0	10.031	2.7139
9008.0	10.045	2.7189
9010.0	10.087	2.7315
9012.0	10.129	2.7441
9014.0	10.162	2.7542
9016.0	10.205	2.7669
9018.0	10.228	2.7746
9020.0	10.243	2.7797
9022.0	10.257	2.7848
9024.0	10.232999999999999	2.7797
9026.0	10.21	2.7746
9028.0	10.177	2.7669
9030.0	10.135	2.7568
9032.0	10.103	2.7492
9034.0	10.052	2.7365
9036.0	10.011000000000001	2.7265
9038.0	9.9787	2.7189
9040.0	9.9377	2.7089
9042.0	9.9058	2.7015
9044.0	9.8832	2.6965
9046.0	9.8607	2.6915
9048.0	9.8472	2.689
9050.0	9.8248	2.6841
9052.0	9.8024	2.6792
9054.0	9.798	2.6792
9056.0	9.8118	2.6841
9058.0	9.8074	2.6841
9060.0	9.7851	2.6792
9062.0	9.7628	2.6742
9064.0	9.7495	2.6718
9066.0	9.7452	2.6718
9068.0	9.7229	2.6669
9070.0	9.7008	2.6619
9072.0	9.6787	2.6571
9074.0	9.6654	2.6546
9076.0	9.6434	2.6497
9078.0	9.6392	2.6497
9080.0	9.6349	2.6497
9082.0	9.6307	2.6497
9084.0	9.6531	2.6571
9086.0	9.6666	2.6619
9088.0	9.698	2.6718
9090.0	9.7206	2.6792
9092.0	9.7342	2.6841
9094.0	9.7569	2.6915
9096.0	9.7706	2.6965
9098.0	9.8023	2.7064
9100.0	9.807	2.7089
9102.0	9.8208	2.7139
9104.0	9.8165	2.7139
9106.0	9.8302	2.7189
9108.0	9.8079	2.7139
9110.0	9.8036	2.7139
9112.0	9.7812	2.7089
9114.0	9.7679	2.7064
9116.0	9.7456	2.7015
9118.0	9.7235	2.6965
9120.0	9.6745	2.6841
9122.0	9.6348	2.6742
9124.0	9.5863	2.6619
9126.0	9.5645	2.6571
9128.0	9.5514	2.6546
9130.0	9.5297	2.6497
9132.0	9.5255	2.6497
9134.0	9.5389	2.6546
9136.0	9.5435	2.6571
9138.0	9.5569	2.6619
9140.0	9.5703	2.6669
9142.0	9.5838	2.6718
9144.0	9.5885	2.6742
9146.0	9.5754	2.6718
9148.0	9.5712	2.6718
9150.0	9.5494	2.6669
9152.0	9.5453	2.6669
9154.0	9.5411	2.6669
9156.0	9.5194	2.6619
9158.0	9.5328	2.6669
9160.0	9.5286	2.6669
9162.0	9.5244	2.6669
9164.0	9.5203	2.6669
9166.0	9.5161	2.6669
9168.0	9.512	2.6669
9170.0	9.4903	2.6619
9172.0	9.46	2.6546
9174.0	9.4559	2.6546
9176.0	9.4517	2.6546
9178.0	9.4476	2.6546
9180.0	9.4523	2.6571
9182.0	9.4481	2.6571
9184.0	9.444	2.6571
9186.0	9.4399	2.6571
9188.0	9.4271	2.6546
9190.0	9.4056	2.6497
9192.0	9.4016	2.6497
9194.0	9.3802	2.6448
9196.0	9.3675	2.6424
9198.0	9.3462	2.6375
9200.0	9.3249	2.6327
