3300.0	234.74	8.5271
3350.0	233.95	8.7579
3400.0	226.5	8.7337
3450.0	216.76	8.606
3500.0	211.19	8.6298
3550.0	208.14	8.7498
3600.0	205.41	8.8797
3650.0	202.6	9.0033
3700.0	196.8	8.9867
3750.0	193.53	9.0782
3800.0	189.0	9.1033
3850.0	185.99	9.196
3900.0	182.26	9.247
3950.0	172.67	8.9867
4000.0	184.12	9.8265
4050.0	193.16	10.568
4100.0	141.14	7.9141
4150.0	187.38	10.765
4200.0	207.17	12.19
4250.0	198.08	11.934000000000001
4300.0	160.36	9.8901
4350.0	118.21	7.461
4400.0	168.39	10.874
4450.0	183.19	12.1
4500.0	183.99	12.427999999999999
4550.0	182.64	12.612
4600.0	177.38	12.52
4650.0	171.36	12.359000000000002
4700.0	164.37	12.112
4750.0	153.54	11.556
4800.0	134.5	10.337
4850.0	93.09700000000001	7.3047
4900.0	113.88	9.1201
4950.0	134.78	11.015
5000.0	139.47	11.630999999999998
5050.0	139.14	11.835999999999999
5100.0	136.92	11.88
5150.0	134.15	11.869000000000002
5200.0	131.95	11.901
5250.0	128.5	11.814
5300.0	125.28	11.738
5350.0	122.49	11.695
5400.0	118.48	11.524000000000001
5450.0	116.42	11.534
5500.0	114.0	11.503
5550.0	109.71	11.272
5600.0	107.56	11.251
5650.0	104.89	11.169
5700.0	101.36	10.985
5750.0	97.87799999999999	10.794
5800.0	96.375	10.814
5850.0	94.90899999999999	10.834000000000001
5900.0	92.11200000000001	10.695
5950.0	89.988	10.627
6000.0	87.764	10.539000000000001
6050.0	85.449	10.433
6100.0	83.131	10.318
6150.0	81.484	10.28
6200.0	79.293	10.167
6250.0	77.172	10.055
6300.0	74.36	9.8447
6350.0	72.925	9.8084
6400.0	70.155	9.5852
6450.0	66.819	9.2726
6500.0	59.51	8.3869
6550.0	44.744	6.4032
6600.0	51.207	7.4404
6650.0	59.099	8.7176
6700.0	61.02	9.1369
6750.0	60.843	9.247
6800.0	60.007	9.2555
6850.0	56.786	8.8879
6900.0	52.908	8.4023
6950.0	55.982	9.0199
7000.0	55.18600000000001	9.0199
7050.0	54.355	9.0116
7100.0	53.248000000000005	8.9536
7150.0	51.216	8.7337
7200.0	47.61600000000001	8.2338
7250.0	47.005	8.2414
7300.0	46.449	8.2566
7350.0	46.973	8.4645
7400.0	46.769	8.5428
7450.0	45.805	8.4801
7500.0	44.74	8.3946
7550.0	44.108999999999995	8.3869
7600.0	28.131999999999998	5.42
7650.0	31.124000000000002	6.0757
7700.0	41.062	8.1208
7750.0	40.721	8.1583
7800.0	40.236999999999995	8.1658
7850.0	39.29	8.076
7900.0	38.616	8.0389
7950.0	37.817	7.9726
8000.0	37.14	7.9287
8050.0	36.344	7.856
8100.0	35.501999999999995	7.7696
8150.0	32.637	7.231
8200.0	32.538000000000004	7.2979
8250.0	32.115	7.2912
8300.0	31.994	7.3519
8350.0	32.080999999999996	7.461
8400.0	31.671	7.4542
8450.0	31.296999999999997	7.4542
8500.0	30.730999999999998	7.4063
8550.0	29.736	7.251
8600.0	29.176	7.1978
8650.0	28.601	7.1384
8700.0	28.092	7.0925
8750.0	27.568	7.0404
8800.0	27.08	6.9952
8850.0	26.311	6.8738
8900.0	25.494	6.736
8950.0	24.164	6.4565
9000.0	22.055999999999997	5.9594
9050.0	22.884	6.2517
9100.0	21.396	5.9102
9150.0	21.008000000000003	5.8668
9200.0	21.205	5.9869
9250.0	20.996	5.9924
9300.0	16.79	4.844
9350.0	12.359000000000002	3.6041
9400.0	15.927999999999999	4.6946
9450.0	15.023	4.4751
9500.0	14.249	4.2894
9550.0	15.206	4.626
9600.0	15.947000000000001	4.9023
9650.0	17.497	5.435
9700.0	18.217	5.7174
9750.0	18.197	5.7703
9800.0	18.129	5.8076
9850.0	18.160999999999998	5.8776
9900.0	18.93	6.1887
9950.0	17.154	5.665
