3300.0	181.21	6.5826
3350.0	186.18	6.9695
3400.0	186.32	7.1845
3450.0	182.8	7.2577
3500.0	182.93	7.4748
3550.0	189.65	7.9726
3600.0	193.29	8.356
3650.0	199.27	8.8552
3700.0	197.52	9.0199
3750.0	201.17	9.4363
3800.0	220.22	10.607000000000001
3850.0	225.27	11.138
3900.0	223.82	11.355
3950.0	214.4	11.158
4000.0	240.49	12.835
4050.0	245.19	13.415
4100.0	233.59	13.097999999999999
4150.0	243.85	14.009
4200.0	239.84	14.112
4250.0	237.27	14.295
4300.0	231.57	14.282
4350.0	222.56	14.048
4400.0	234.16	15.122
4450.0	234.69	15.502
4500.0	236.37	15.966
4550.0	233.99	16.158
4600.0	233.19	16.459
4650.0	231.8	16.719
4700.0	230.48	16.982
4750.0	229.0	17.235
4800.0	226.75	17.426
4850.0	213.86	16.78
4900.0	223.06	17.865
4950.0	223.67	18.281
5000.0	220.64	18.399
5050.0	218.49	18.587
5100.0	217.01	18.828
5150.0	215.38	19.055
5200.0	213.21	19.230999999999998
5250.0	212.67	19.552
5300.0	212.36	19.898
5350.0	210.34	20.082
5400.0	208.37	20.267
5450.0	207.22	20.53
5500.0	205.92	20.778000000000002
5550.0	202.97	20.855
5600.0	201.58	21.086
5650.0	198.94	21.184
5700.0	195.47	21.184
5750.0	193.68	21.36
5800.0	193.36	21.697
5850.0	192.71	21.999000000000002
5900.0	189.11	21.958000000000002
5950.0	188.01	22.201999999999998
6000.0	186.09	22.346
6050.0	183.53	22.408
6100.0	181.54	22.531999999999996
6150.0	178.6	22.531999999999996
6200.0	177.35	22.74
6250.0	174.37	22.72
6300.0	170.82	22.615
6350.0	170.95	22.993000000000002
6400.0	169.22	23.121
6450.0	167.53	23.249000000000002
6500.0	165.27	23.291999999999998
6550.0	153.44	21.958000000000002
6600.0	161.34	23.441999999999997
6650.0	162.32	23.944000000000003
6700.0	160.65	24.055
6750.0	159.15	24.188000000000002
6800.0	156.68	24.166
6850.0	148.13	23.185
6900.0	139.55	22.160999999999998
6950.0	149.02	24.01
7000.0	148.26	24.233
7050.0	146.84	24.344
7100.0	145.45	24.456999999999997
7150.0	141.58	24.143
7200.0	133.95	23.163
7250.0	132.72	23.27
7300.0	132.61	23.572
7350.0	134.97	24.322
7400.0	134.88	24.638
7450.0	133.2	24.66
7500.0	132.16	24.796999999999997
7550.0	131.14	24.934
7600.0	84.956	16.368
7650.0	93.648	18.281
7700.0	125.15	24.750999999999998
7750.0	126.19	25.281
7800.0	124.92	25.351
7850.0	123.56	25.398000000000003
7900.0	122.0	25.398000000000003
7950.0	120.58	25.421
8000.0	119.08	25.421
8050.0	117.61	25.421
8100.0	116.27	25.445
8150.0	108.87	24.121
8200.0	108.34	24.3
8250.0	107.43	24.389
8300.0	107.12	24.615
8350.0	108.2	25.165
8400.0	107.81	25.375
8450.0	107.13	25.515
8500.0	104.9	25.281
8550.0	103.01	25.119
8600.0	102.57	25.305
8650.0	101.02	25.211
8700.0	100.04	25.258000000000003
8750.0	98.266	25.096
8800.0	96.97399999999999	25.05
8850.0	95.09	24.843000000000004
8900.0	94.197	24.888
8950.0	89.779	23.988000000000003
9000.0	83.54799999999999	22.574
9050.0	86.84100000000001	23.725
9100.0	82.935	22.909000000000002
9150.0	81.73	22.824
9200.0	83.185	23.486
9250.0	81.834	23.355999999999998
9300.0	70.057	20.212
9350.0	55.513000000000005	16.188
9400.0	66.461	19.588
9450.0	61.201	18.230999999999998
9500.0	62.657	18.862000000000002
9550.0	63.448	19.302
9600.0	66.417	20.417
9650.0	69.593	21.616999999999997
9700.0	74.555	23.399
9750.0	71.452	22.656999999999996
9800.0	72.305	23.163
9850.0	74.259	24.033
9900.0	73.714	24.099
9950.0	73.718	24.344
10000.0	70.408	23.486
10050.0	73.263	24.683000000000003
10100.0	71.413	24.3
