3300.0	1133.9	41.191
3350.0	1128.1	42.228
3400.0	1074.1	41.419
3450.0	1022.3	40.588
3500.0	982.39	40.141999999999996
3550.0	958.44	40.29
3600.0	938.89	40.588
3650.0	914.18	40.626
3700.0	867.79	39.628
3750.0	839.38	39.373000000000005
3800.0	819.7	39.482
3850.0	811.15	40.105
3900.0	794.13	40.29
3950.0	767.05	39.921
4000.0	850.16	45.373000000000005
4050.0	950.41	52.0
4100.0	634.53	35.579
4150.0	897.68	51.57
4200.0	1020.3	60.034
4250.0	970.16	58.452
4300.0	757.68	46.73
4350.0	544.3	34.356
4400.0	789.8	51.003
4450.0	875.99	57.863
4500.0	875.78	59.156000000000006
4550.0	851.13	58.776
4600.0	821.31	57.97
4650.0	789.07	56.911
4700.0	754.79	55.61600000000001
4750.0	701.83	52.82
4800.0	602.47	46.302
4850.0	404.52	31.739
4900.0	495.26	39.664
4950.0	595.4	48.663000000000004
5000.0	609.93	50.863
5050.0	601.78	51.192
5100.0	591.13	51.286
5150.0	577.04	51.051
5200.0	560.29	50.536
5250.0	540.63	49.705
5300.0	524.17	49.113
5350.0	508.29	48.528999999999996
5400.0	493.44	47.995
5450.0	479.1	47.468
5500.0	463.97	46.816
5550.0	451.06	46.345
5600.0	438.17	45.835
5650.0	423.38	45.082
5700.0	408.76	44.3
5750.0	396.54	43.732
5800.0	387.23	43.451
5850.0	379.24	43.291000000000004
5900.0	366.37	42.54
5950.0	355.62	41.995
6000.0	345.55	41.495
6050.0	335.82	41.001000000000005
6100.0	327.01	40.588
6150.0	319.35	40.29
6200.0	311.92	39.994
6250.0	301.9	39.336999999999996
6300.0	289.83	38.371
6350.0	284.76	38.3
6400.0	276.22	37.74
6450.0	261.4	36.274
6500.0	234.96	33.113
6550.0	180.77	25.87
6600.0	201.99	29.349
6650.0	229.29	33.821999999999996
6700.0	235.0	35.188
6750.0	232.82	35.383
6800.0	228.56	35.253
6850.0	214.31	33.543
6900.0	198.21	31.476999999999997
6950.0	210.31	33.884
7000.0	206.36	33.729
7050.0	201.95	33.481
7100.0	197.29	33.174
7150.0	190.46	32.479
7200.0	178.88	30.930999999999997
7250.0	175.61	30.789
7300.0	173.53	30.846
7350.0	174.04	31.362
7400.0	171.38	31.304000000000002
7450.0	167.69	31.046
7500.0	163.49	30.676
7550.0	159.71	30.366999999999997
7600.0	100.74	19.409000000000002
7650.0	109.72	21.419
7700.0	147.31	29.134
7750.0	145.69	29.188000000000002
7800.0	143.16	29.054000000000002
7850.0	139.79	28.734
7900.0	136.51	28.418000000000003
7950.0	133.56	28.158
8000.0	131.17	28.003
8050.0	127.89	27.644000000000002
8100.0	124.58	27.265
8150.0	116.23	25.750999999999998
8200.0	115.13	25.823
8250.0	113.11	25.68
8300.0	111.65	25.656999999999996
8350.0	111.03	25.823
8400.0	110.22	25.941999999999997
8450.0	107.23	25.539
8500.0	104.9	25.281
8550.0	103.11	25.142
8600.0	101.07	24.934
8650.0	99.905	24.934
8700.0	97.675	24.66
8750.0	94.19	24.055
8800.0	92.866	23.988000000000003
8850.0	89.152	23.291999999999998
8900.0	88.154	23.291999999999998
8950.0	84.406	22.553
9000.0	77.828	21.028000000000002
9050.0	78.763	21.518
9100.0	76.127	21.028000000000002
9150.0	74.196	20.721
9200.0	73.866	20.855
9250.0	72.001	20.549
9300.0	64.60300000000001	18.637999999999998
9350.0	51.003	14.873
9400.0	58.152	17.14
9450.0	53.5	15.937000000000001
9500.0	54.673	16.459
9550.0	51.619	15.704
9600.0	56.63399999999999	17.41
9650.0	59.67100000000001	18.535
9700.0	63.515	19.934
9750.0	62.231	19.733
9800.0	59.919	19.195
9850.0	63.263000000000005	20.474
9900.0	58.177	19.02
9950.0	57.382	18.95
10000.0	58.996	19.679000000000002
