3200.0	16.820999999999998	7.0
3201.0	16.769000000000002	7.0
3202.0	16.734	7.0
3203.0	16.744	7.0
3204.0	16.759	7.0
3205.0	16.824	7.0
3206.0	16.887	7.0
3207.0	16.82	7.0
3208.0	16.750999999999998	7.0
3209.0	16.72	7.0
3210.0	16.692	7.0
3211.0	16.709	7.0
3212.0	16.737000000000002	7.0
3213.0	16.737000000000002	7.0
3214.0	16.721	7.0
3215.0	16.705	7.0
3216.0	16.689	7.0
3217.0	16.689	7.0
3218.0	16.72	7.0
3219.0	16.759	7.0
3220.0	16.831	7.0
3221.0	16.887	7.0
3222.0	16.823	7.0
3223.0	16.758	7.0
3224.0	16.785	7.0
3225.0	16.813	7.0
3226.0	16.81	7.0
3227.0	16.803	7.0
3228.0	16.782	7.0
3229.0	16.758	7.0
3230.0	16.773	7.0
3231.0	16.817	7.0
3232.0	16.820999999999998	7.0
3233.0	16.783	7.0
3234.0	16.745	7.0
3235.0	16.707	7.0
3236.0	16.692	7.0
3237.0	16.759	7.0
3238.0	16.817	7.0
3239.0	16.775	7.0
3240.0	16.733	7.0
3241.0	16.699	7.0
3242.0	16.665	7.0
3243.0	16.660999999999998	7.0
3244.0	16.660999999999998	7.0
3245.0	16.660999999999998	7.0
3246.0	16.658	7.0
3247.0	16.634	7.0
3248.0	16.594	7.0
3249.0	16.581	7.0
3250.0	16.605	7.0
3251.0	16.616	7.0
3252.0	16.595	7.0
3253.0	16.581	7.0
3254.0	16.584	7.0
3255.0	16.587	7.0
3256.0	16.595	7.0
3257.0	16.602999999999998	7.0
3258.0	16.639	7.0
3259.0	16.676	7.0
3260.0	16.644000000000002	7.0
3261.0	16.594	7.0
3262.0	16.589000000000002	7.0
3263.0	16.609	7.0
3264.0	16.624000000000002	7.0
3265.0	16.64	7.0
3266.0	16.636	7.0
3267.0	16.602999999999998	7.0
3268.0	16.582	7.0
3269.0	16.585	7.0
3270.0	16.585	7.0
3271.0	16.567	7.0
3272.0	16.55	7.0
3273.0	16.619	7.0
3274.0	16.686	7.0
3275.0	16.654	7.0
3276.0	16.605999999999998	7.0
3277.0	16.567	7.0
3278.0	16.529	7.0
3279.0	16.528	7.0
3280.0	16.549	7.0
3281.0	16.557000000000002	7.0
3282.0	16.55	7.0
3283.0	16.542	7.0
3284.0	16.526	7.0
3285.0	16.526	7.0
3286.0	16.581	7.0
3287.0	16.633	7.0
3288.0	16.651	7.0
3289.0	16.671	7.0
3290.0	16.631	7.0
3291.0	16.590999999999998	7.0
3292.0	16.590999999999998	7.0
3293.0	16.599	7.0
3294.0	16.584	7.0
3295.0	16.558	7.0
3296.0	16.549	7.0
3297.0	16.549	7.0
3298.0	16.546	7.0
3299.0	16.539	7.0
3300.0	16.55	7.0
3301.0	16.601	7.0
3302.0	16.648	7.0
3303.0	16.686	7.0
3304.0	16.721	7.0
3305.0	16.702	7.0
3306.0	16.680999999999997	7.0
3307.0	16.64	7.0
3308.0	16.595	7.0
3309.0	16.574	7.0
3310.0	16.56	7.0
3311.0	16.55	7.0
3312.0	16.539	7.0
3313.0	16.518	7.0
3314.0	16.487000000000002	7.0
3315.0	16.495	7.0
3316.0	16.57	7.0
3317.0	16.616	7.0
3318.0	16.582	7.0
3319.0	16.553	7.0
3320.0	16.563	7.0
3321.0	16.573	7.0
3322.0	16.56	7.0
3323.0	16.546	7.0
3324.0	16.602	7.0
3325.0	16.671	7.0
3326.0	16.688	7.0
3327.0	16.685	7.0
3328.0	16.615	7.0
3329.0	16.497	7.0
3330.0	16.455	7.0
3331.0	16.511	7.0
3332.0	16.537	7.0
3333.0	16.502	7.0
3334.0	16.476	7.0
3335.0	16.491	7.0
3336.0	16.505	7.0
3337.0	16.542	7.0
3338.0	16.577	7.0
3339.0	16.54	7.0
3340.0	16.497	7.0
3341.0	16.508	7.0
3342.0	16.535999999999998	7.0
3343.0	16.515	7.0
3344.0	16.464000000000002	7.0
3345.0	16.439	7.0
3346.0	16.435	7.0
3347.0	16.436	7.0
3348.0	16.445999999999998	7.0
3349.0	16.459	7.0
3350.0	16.480999999999998	7.0
3351.0	16.502	7.0
3352.0	16.509	7.0
3353.0	16.515	7.0
3354.0	16.499000000000002	7.0
3355.0	16.480999999999998	7.0
3356.0	16.495	7.0
3357.0	16.515	7.0
3358.0	16.519000000000002	7.0
3359.0	16.514	7.0
3360.0	16.529	7.0
3361.0	16.561	7.0
3362.0	16.567999999999998	7.0
3363.0	16.54	7.0
3364.0	16.521	7.0
3365.0	16.522000000000002	7.0
3366.0	16.526	7.0
3367.0	16.551	7.0
3368.0	16.577	7.0
3369.0	16.551	7.0
3370.0	16.528	7.0
3371.0	16.509	7.0
3372.0	16.494	7.0
3373.0	16.471	7.0
3374.0	16.448	7.0
3375.0	16.445	7.0
3376.0	16.456	7.0
3377.0	16.463	7.0
3378.0	16.463	7.0
3379.0	16.467	7.0
3380.0	16.48	7.0
3381.0	16.487000000000002	7.0
3382.0	16.47	7.0
3383.0	16.453	7.0
3384.0	16.457	7.0
3385.0	16.462	7.0
3386.0	16.471	7.0
3387.0	16.480999999999998	7.0
3388.0	16.484	7.0
3389.0	16.484	7.0
3390.0	16.497	7.0
3391.0	16.515	7.0
3392.0	16.509	7.0
3393.0	16.48	7.0
3394.0	16.463	7.0
3395.0	16.464000000000002	7.0
3396.0	16.467	7.0
3397.0	16.467	7.0
3398.0	16.465999999999998	7.0
3399.0	16.445	7.0
3400.0	16.425	7.0
3401.0	16.448	7.0
3402.0	16.474	7.0
3403.0	16.48	7.0
3404.0	16.483	7.0
3405.0	16.487000000000002	7.0
3406.0	16.494	7.0
3407.0	16.505	7.0
3408.0	16.522000000000002	7.0
3409.0	16.53	7.0
3410.0	16.529	7.0
3411.0	16.529	7.0
3412.0	16.526	7.0
3413.0	16.522000000000002	7.0
3414.0	16.506	7.0
3415.0	16.49	7.0
3416.0	16.502	7.0
3417.0	16.516	7.0
3418.0	16.506	7.0
3419.0	16.491	7.0
3420.0	16.511	7.0
3421.0	16.544	7.0
3422.0	16.529	7.0
3423.0	16.474	7.0
3424.0	16.442999999999998	7.0
3425.0	16.445999999999998	7.0
3426.0	16.445999999999998	7.0
3427.0	16.442999999999998	7.0
3428.0	16.445999999999998	7.0
3429.0	16.484	7.0
3430.0	16.521	7.0
3431.0	16.500999999999998	7.0
3432.0	16.484	7.0
3433.0	16.476	7.0
3434.0	16.469	7.0
3435.0	16.471	7.0
3436.0	16.477999999999998	7.0
3437.0	16.505	7.0
3438.0	16.546	7.0
3439.0	16.564	7.0
3440.0	16.555999999999997	7.0
3441.0	16.533	7.0
3442.0	16.474	7.0
3443.0	16.422	7.0
3444.0	16.41	7.0
3445.0	16.398	7.0
3446.0	16.418	7.0
3447.0	16.439	7.0
3448.0	16.464000000000002	7.0
3449.0	16.491	7.0
3450.0	16.465999999999998	7.0
3451.0	16.421	7.0
3452.0	16.397000000000002	7.0
3453.0	16.389	7.0
3454.0	16.387	7.0
3455.0	16.393	7.0
3456.0	16.404	7.0
3457.0	16.426	7.0
3458.0	16.445999999999998	7.0
3459.0	16.449	7.0
3460.0	16.45	7.0
3461.0	16.419	7.0
3462.0	16.39	7.0
3463.0	16.386	7.0
3464.0	16.384	7.0
3465.0	16.403	7.0
3466.0	16.426	7.0
3467.0	16.445999999999998	7.0
3468.0	16.46	7.0
3469.0	16.453	7.0
3470.0	16.417	7.0
3471.0	16.393	7.0
3472.0	16.397000000000002	7.0
3473.0	16.398	7.0
3474.0	16.391	7.0
3475.0	16.383	7.0
3476.0	16.338	7.0
3477.0	16.294	7.0
3478.0	16.315	7.0
3479.0	16.345	7.0
3480.0	16.362000000000002	7.0
3481.0	16.375999999999998	7.0
3482.0	16.386	7.0
3483.0	16.396	7.0
3484.0	16.398	7.0
3485.0	16.393	7.0
3486.0	16.383	7.0
3487.0	16.366	7.0
3488.0	16.352	7.0
3489.0	16.369	7.0
3490.0	16.386	7.0
3491.0	16.381	7.0
3492.0	16.379	7.0
3493.0	16.389	7.0
3494.0	16.4	7.0
3495.0	16.373	7.0
3496.0	16.335	7.0
3497.0	16.320999999999998	7.0
3498.0	16.324	7.0
3499.0	16.324	7.0
3500.0	16.325	7.0
3501.0	16.328	7.0
3502.0	16.33	7.0
3503.0	16.33	7.0
3504.0	16.314	7.0
3505.0	16.3	7.0
3506.0	16.3	7.0
3507.0	16.301	7.0
3508.0	16.323	7.0
3509.0	16.345	7.0
3510.0	16.355999999999998	7.0
3511.0	16.363	7.0
3512.0	16.379	7.0
3513.0	16.398	7.0
3514.0	16.412	7.0
3515.0	16.418	7.0
3516.0	16.41	7.0
3517.0	16.366	7.0
3518.0	16.334	7.0
3519.0	16.352	7.0
3520.0	16.373	7.0
3521.0	16.351	7.0
3522.0	16.328	7.0
3523.0	16.304000000000002	7.0
3524.0	16.279	7.0
3525.0	16.273	7.0
3526.0	16.275	7.0
3527.0	16.279	7.0
3528.0	16.283	7.0
3529.0	16.28	7.0
3530.0	16.266	7.0
3531.0	16.250999999999998	7.0
3532.0	16.237000000000002	7.0
3533.0	16.227	7.0
3534.0	16.242	7.0
3535.0	16.258	7.0
3536.0	16.269000000000002	7.0
3537.0	16.279	7.0
3538.0	16.265	7.0
3539.0	16.245	7.0
3540.0	16.252	7.0
3541.0	16.271	7.0
3542.0	16.273	7.0
3543.0	16.262	7.0
3544.0	16.264	7.0
3545.0	16.279	7.0
3546.0	16.29	7.0
3547.0	16.29	7.0
3548.0	16.29	7.0
3549.0	16.292	7.0
3550.0	16.293	7.0
3551.0	16.308	7.0
3552.0	16.324	7.0
3553.0	16.32	7.0
3554.0	16.313	7.0
3555.0	16.314	7.0
3556.0	16.320999999999998	7.0
3557.0	16.320999999999998	7.0
3558.0	16.314	7.0
3559.0	16.320999999999998	7.0
3560.0	16.348	7.0
3561.0	16.366	7.0
3562.0	16.359	7.0
3563.0	16.352	7.0
3564.0	16.348	7.0
3565.0	16.345	7.0
3566.0	16.363	7.0
3567.0	16.383	7.0
3568.0	16.39	7.0
3569.0	16.393	7.0
3570.0	16.379	7.0
3571.0	16.355	7.0
3572.0	16.349	7.0
3573.0	16.363	7.0
3574.0	16.37	7.0
3575.0	16.362000000000002	7.0
3576.0	16.358	7.0
3577.0	16.365	7.0
3578.0	16.373	7.0
3579.0	16.401	7.0
3580.0	16.430999999999997	7.0
3581.0	16.432000000000002	7.0
3582.0	16.432000000000002	7.0
3583.0	16.387	7.0
3584.0	16.33	7.0
3585.0	16.297	7.0
3586.0	16.283	7.0
3587.0	16.272000000000002	7.0
3588.0	16.269000000000002	7.0
3589.0	16.262	7.0
3590.0	16.248	7.0
3591.0	16.238	7.0
3592.0	16.242	7.0
3593.0	16.245	7.0
3594.0	16.227	7.0
3595.0	16.207	7.0
3596.0	16.224	7.0
3597.0	16.245	7.0
3598.0	16.258	7.0
3599.0	16.265	7.0
3600.0	16.279	7.0
3601.0	16.296	7.0
3602.0	16.303	7.0
3603.0	16.3	7.0
3604.0	16.293	7.0
3605.0	16.276	7.0
3606.0	16.262	7.0
3607.0	16.255	7.0
3608.0	16.248	7.0
3609.0	16.252	7.0
3610.0	16.258	7.0
3611.0	16.255	7.0
3612.0	16.248	7.0
3613.0	16.248	7.0
3614.0	16.254	7.0
3615.0	16.248	7.0
3616.0	16.234	7.0
3617.0	16.221	7.0
3618.0	16.213	7.0
3619.0	16.212	7.0
3620.0	16.234	7.0
3621.0	16.252	7.0
3622.0	16.245	7.0
3623.0	16.24	7.0
3624.0	16.227	7.0
3625.0	16.213	7.0
3626.0	16.217	7.0
3627.0	16.224	7.0
3628.0	16.22	7.0
3629.0	16.207	7.0
3630.0	16.203	7.0
3631.0	16.206	7.0
3632.0	16.206	7.0
3633.0	16.195	7.0
3634.0	16.185	7.0
3635.0	16.189	7.0
3636.0	16.192	7.0
3637.0	16.205	7.0
3638.0	16.217	7.0
3639.0	16.199	7.0
3640.0	16.175	7.0
3641.0	16.154	7.0
3642.0	16.13	7.0
3643.0	16.13	7.0
3644.0	16.147000000000002	7.0
3645.0	16.160999999999998	7.0
3646.0	16.168	7.0
3647.0	16.172	7.0
3648.0	16.16	7.0
3649.0	16.148	7.0
3650.0	16.146	7.0
3651.0	16.141	7.0
3652.0	16.154	7.0
3653.0	16.167	7.0
3654.0	16.165	7.0
3655.0	16.158	7.0
3656.0	16.146	7.0
3657.0	16.129	7.0
3658.0	16.119	7.0
3659.0	16.115	7.0
3660.0	16.119	7.0
3661.0	16.137	7.0
3662.0	16.153	7.0
3663.0	16.153	7.0
3664.0	16.153	7.0
3665.0	16.154	7.0
3666.0	16.154	7.0
3667.0	16.168	7.0
3668.0	16.182000000000002	7.0
3669.0	16.178	7.0
3670.0	16.169	7.0
3671.0	16.157	7.0
3672.0	16.143	7.0
3673.0	16.137	7.0
3674.0	16.139	7.0
3675.0	16.141	7.0
3676.0	16.148	7.0
3677.0	16.151	7.0
3678.0	16.136	7.0
3679.0	16.119	7.0
3680.0	16.129	7.0
3681.0	16.137	7.0
3682.0	16.144000000000002	7.0
3683.0	16.148	7.0
3684.0	16.146	7.0
3685.0	16.14	7.0
3686.0	16.125999999999998	7.0
3687.0	16.105999999999998	7.0
3688.0	16.096	7.0
3689.0	16.099	7.0
3690.0	16.105999999999998	7.0
3691.0	16.125999999999998	7.0
3692.0	16.144000000000002	7.0
3693.0	16.13	7.0
3694.0	16.116	7.0
3695.0	16.122	7.0
3696.0	16.13	7.0
3697.0	16.14	7.0
3698.0	16.151	7.0
3699.0	16.151	7.0
3700.0	16.147000000000002	7.0
3701.0	16.144000000000002	7.0
3702.0	16.141	7.0
3703.0	16.137	7.0
3704.0	16.127	7.0
3705.0	16.122	7.0
3706.0	16.13	7.0
3707.0	16.14	7.0
3708.0	16.14	7.0
3709.0	16.143	7.0
3710.0	16.157	7.0
3711.0	16.172	7.0
3712.0	16.183	7.0
3713.0	16.192	7.0
3714.0	16.2	7.0
3715.0	16.21	7.0
3716.0	16.213	7.0
3717.0	16.21	7.0
3718.0	16.206	7.0
3719.0	16.199	7.0
3720.0	16.192999999999998	7.0
3721.0	16.202	7.0
3722.0	16.209	7.0
3723.0	16.22	7.0
3724.0	16.234	7.0
3725.0	16.24	7.0
3726.0	16.244	7.0
3727.0	16.262	7.0
3728.0	16.29	7.0
3729.0	16.304000000000002	7.0
3730.0	16.307000000000002	7.0
3731.0	16.307000000000002	7.0
3732.0	16.3	7.0
3733.0	16.296	7.0
3734.0	16.296	7.0
3735.0	16.294	7.0
3736.0	16.268	7.0
3737.0	16.241	7.0
3738.0	16.250999999999998	7.0
3739.0	16.265	7.0
3740.0	16.276	7.0
3741.0	16.285999999999998	7.0
3742.0	16.283	7.0
3743.0	16.269000000000002	7.0
3744.0	16.261	7.0
3745.0	16.258	7.0
3746.0	16.248	7.0
3747.0	16.213	7.0
3748.0	16.180999999999997	7.0
3749.0	16.189	7.0
3750.0	16.195999999999998	7.0
3751.0	16.179000000000002	7.0
3752.0	16.160999999999998	7.0
3753.0	16.15	7.0
3754.0	16.139	7.0
3755.0	16.13	7.0
3756.0	16.12	7.0
3757.0	16.123	7.0
3758.0	16.14	7.0
3759.0	16.148	7.0
3760.0	16.136	7.0
3761.0	16.123	7.0
3762.0	16.11	7.0
3763.0	16.099	7.0
3764.0	16.092	7.0
3765.0	16.084	7.0
3766.0	16.08	7.0
3767.0	16.075	7.0
3768.0	16.064	7.0
3769.0	16.05	7.0
3770.0	16.034000000000002	7.0
3771.0	16.017	7.0
3772.0	16.005	7.0
3773.0	16.003	7.0
3774.0	15.998	7.0
3775.0	15.994000000000002	7.0
3776.0	15.989	7.0
3777.0	15.984000000000002	7.0
3778.0	15.979000000000001	7.0
3779.0	15.994000000000002	7.0
3780.0	16.01	7.0
3781.0	16.017	7.0
3782.0	16.022000000000002	7.0
3783.0	16.024	7.0
3784.0	16.022000000000002	7.0
3785.0	16.027	7.0
3786.0	16.042	7.0
3787.0	16.053	7.0
3788.0	16.057000000000002	7.0
3789.0	16.061	7.0
3790.0	16.058	7.0
3791.0	16.055999999999997	7.0
3792.0	16.044	7.0
3793.0	16.034000000000002	7.0
3794.0	16.029	7.0
3795.0	16.029	7.0
3796.0	16.034000000000002	7.0
3797.0	16.043	7.0
3798.0	16.043	7.0
3799.0	16.033	7.0
3800.0	15.982000000000001	7.0
3801.0	15.977	7.0
3802.0	15.972000000000001	7.0
3803.0	15.972000000000001	7.0
3804.0	15.972000000000001	7.0
3805.0	15.985999999999999	7.0
3806.0	16.01	7.0
3807.0	16.019000000000002	7.0
3808.0	16.012	7.0
3809.0	16.003	7.0
3810.0	15.995999999999999	7.0
3811.0	15.991	7.0
3812.0	16.015	7.0
3813.0	16.042	7.0
3814.0	16.05	7.0
3815.0	16.057000000000002	7.0
3816.0	16.070999999999998	7.0
3817.0	16.085	7.0
3818.0	16.095	7.0
3819.0	16.105	7.0
3820.0	16.116	7.0
3821.0	16.122	7.0
3822.0	16.129	7.0
3823.0	16.147000000000002	7.0
3824.0	16.162	7.0
3825.0	16.174	7.0
3826.0	16.186	7.0
3827.0	16.183	7.0
3828.0	16.179000000000002	7.0
3829.0	16.160999999999998	7.0
3830.0	16.144000000000002	7.0
3831.0	16.137	7.0
3832.0	16.133	7.0
3833.0	16.117	7.0
3834.0	16.099	7.0
3835.0	16.082	7.0
3836.0	16.070999999999998	7.0
3837.0	16.057000000000002	7.0
3838.0	16.049	7.0
3839.0	16.043	7.0
3840.0	16.022000000000002	7.0
3841.0	15.998	7.0
3842.0	15.968	7.0
3843.0	15.939	7.0
3844.0	15.927	7.0
3845.0	15.92	7.0
3846.0	15.915999999999999	7.0
3847.0	15.915999999999999	7.0
3848.0	15.915999999999999	7.0
3849.0	15.918	7.0
3850.0	15.918	7.0
3851.0	15.915999999999999	7.0
3852.0	15.915	7.0
3853.0	15.911	7.0
3854.0	15.904000000000002	7.0
3855.0	15.913	7.0
3856.0	15.92	7.0
3857.0	15.921	7.0
3858.0	15.921	7.0
3859.0	15.913	7.0
3860.0	15.899000000000001	7.0
3861.0	15.892000000000001	7.0
3862.0	15.887	7.0
3863.0	15.885	7.0
3864.0	15.892000000000001	7.0
3865.0	15.899000000000001	7.0
3866.0	15.904000000000002	7.0
3867.0	15.908	7.0
3868.0	15.904000000000002	7.0
3869.0	15.902000000000001	7.0
3870.0	15.904000000000002	7.0
3871.0	15.905999999999999	7.0
3872.0	15.902000000000001	7.0
3873.0	15.895	7.0
3874.0	15.892000000000001	7.0
3875.0	15.897	7.0
3876.0	15.905999999999999	7.0
3877.0	15.92	7.0
3878.0	15.935	7.0
3879.0	15.956	7.0
3880.0	15.975	7.0
3881.0	15.989	7.0
3882.0	16.000999999999998	7.0
3883.0	16.005	7.0
3884.0	16.007	7.0
3885.0	16.007	7.0
3886.0	16.003	7.0
3887.0	16.0	7.0
3888.0	15.994000000000002	7.0
3889.0	15.985999999999999	7.0
3890.0	15.975	7.0
3891.0	15.965	7.0
3892.0	15.950999999999999	7.0
3893.0	15.939	7.0
3894.0	15.934000000000001	7.0
3895.0	15.927999999999999	7.0
3896.0	15.927	7.0
3897.0	15.927999999999999	7.0
3898.0	15.93	7.0
3899.0	15.932	7.0
3900.0	15.923	7.0
3901.0	15.909	7.0
3902.0	15.894	7.0
3903.0	15.883	7.0
3904.0	15.878	7.0
3905.0	15.878	7.0
3906.0	15.878	7.0
3907.0	15.888	7.0
3908.0	15.897	7.0
3909.0	15.894	7.0
3910.0	15.892000000000001	7.0
3911.0	15.902000000000001	7.0
3912.0	15.911	7.0
3913.0	15.915999999999999	7.0
3914.0	15.918	7.0
3915.0	15.932	7.0
3916.0	15.953	7.0
3917.0	15.975	7.0
3918.0	16.003	7.0
3919.0	16.031	7.0
3920.0	16.06	7.0
3921.0	16.094	7.0
3922.0	16.144000000000002	7.0
3923.0	16.199	7.0
3924.0	16.248	7.0
3925.0	16.296	7.0
3926.0	16.334	7.0
3927.0	16.365	7.0
3928.0	16.372	7.0
3929.0	16.365	7.0
3930.0	16.349	7.0
3931.0	16.328	7.0
3932.0	16.297	7.0
3933.0	16.237000000000002	7.0
3934.0	16.183	7.0
3935.0	16.127	7.0
3936.0	16.070999999999998	7.0
3937.0	16.029	7.0
3938.0	15.991	7.0
3939.0	15.965	7.0
3940.0	15.944	7.0
3941.0	15.925	7.0
3942.0	15.911	7.0
3943.0	15.899000000000001	7.0
3944.0	15.892000000000001	7.0
3945.0	15.883	7.0
3946.0	15.883	7.0
3947.0	15.885	7.0
3948.0	15.883	7.0
3949.0	15.88	7.0
3950.0	15.876	7.0
3951.0	15.873	7.0
3952.0	15.876	7.0
3953.0	15.882	7.0
3954.0	15.902000000000001	7.0
3955.0	15.927999999999999	7.0
3956.0	15.956	7.0
3957.0	15.993	7.0
3958.0	16.034000000000002	7.0
3959.0	16.073	7.0
3960.0	16.109	7.0
3961.0	16.144000000000002	7.0
3962.0	16.175	7.0
3963.0	16.19	7.0
3964.0	16.203	7.0
3965.0	16.192	7.0
3966.0	16.168	7.0
3967.0	16.125999999999998	7.0
3968.0	16.078	7.0
3969.0	16.027	7.0
3970.0	15.977	7.0
3971.0	15.935	7.0
3972.0	15.901	7.0
3973.0	15.869000000000002	7.0
3974.0	15.85	7.0
3975.0	15.833	7.0
3976.0	15.814	7.0
3977.0	15.793	7.0
3978.0	15.776	7.0
3979.0	15.76	7.0
3980.0	15.753	7.0
3981.0	15.75	7.0
3982.0	15.745999999999999	7.0
3983.0	15.744000000000002	7.0
3984.0	15.75	7.0
3985.0	15.75	7.0
3986.0	15.745999999999999	7.0
3987.0	15.732000000000001	7.0
3988.0	15.72	7.0
3989.0	15.715	7.0
3990.0	15.710999999999999	7.0
3991.0	15.708	7.0
3992.0	15.706	7.0
3993.0	15.706	7.0
3994.0	15.71	7.0
3995.0	15.71	7.0
3996.0	15.71	7.0
3997.0	15.713	7.0
3998.0	15.715	7.0
3999.0	15.71	7.0
4000.0	15.706	7.0
4001.0	15.704	7.0
4002.0	15.699000000000002	7.0
4003.0	15.692	7.0
4004.0	15.684000000000001	7.0
4005.0	15.677	7.0
4006.0	15.671	7.0
4007.0	15.668	7.0
4008.0	15.663	7.0
4009.0	15.659	7.0
4010.0	15.655999999999999	7.0
4011.0	15.654000000000002	7.0
4012.0	15.652000000000001	7.0
4013.0	15.654000000000002	7.0
4014.0	15.659	7.0
4015.0	15.663	7.0
4016.0	15.668	7.0
4017.0	15.67	7.0
4018.0	15.671	7.0
4019.0	15.673	7.0
4020.0	15.673	7.0
4021.0	15.671	7.0
4022.0	15.675	7.0
4023.0	15.682	7.0
4024.0	15.687000000000001	7.0
4025.0	15.689	7.0
4026.0	15.684000000000001	7.0
4027.0	15.677999999999999	7.0
4028.0	15.677999999999999	7.0
4029.0	15.677	7.0
4030.0	15.673	7.0
4031.0	15.665999999999999	7.0
4032.0	15.668	7.0
4033.0	15.673	7.0
4034.0	15.677999999999999	7.0
4035.0	15.682	7.0
4036.0	15.685	7.0
4037.0	15.689	7.0
4038.0	15.689	7.0
4039.0	15.687000000000001	7.0
4040.0	15.682	7.0
4041.0	15.682	7.0
4042.0	15.682	7.0
4043.0	15.682	7.0
4044.0	15.682	7.0
4045.0	15.677	7.0
4046.0	15.67	7.0
4047.0	15.668	7.0
4048.0	15.668	7.0
4049.0	15.665	7.0
4050.0	15.665	7.0
4051.0	15.665	7.0
4052.0	15.661	7.0
4053.0	15.659	7.0
4054.0	15.652000000000001	7.0
4055.0	15.645	7.0
4056.0	15.644	7.0
4057.0	15.645	7.0
4058.0	15.654000000000002	7.0
4059.0	15.663	7.0
4060.0	15.668	7.0
4061.0	15.67	7.0
4062.0	15.665999999999999	7.0
4063.0	15.658	7.0
4064.0	15.651	7.0
4065.0	15.654000000000002	7.0
4066.0	15.654000000000002	7.0
4067.0	15.652000000000001	7.0
4068.0	15.651	7.0
4069.0	15.649000000000001	7.0
4070.0	15.647	7.0
4071.0	15.642000000000001	7.0
4072.0	15.637	7.0
4073.0	15.632	7.0
4074.0	15.626	7.0
4075.0	15.620999999999999	7.0
4076.0	15.620999999999999	7.0
4077.0	15.618	7.0
4078.0	15.610999999999999	7.0
4079.0	15.607000000000001	7.0
4080.0	15.604000000000001	7.0
4081.0	15.604000000000001	7.0
4082.0	15.6	7.0
4083.0	15.595	7.0
4084.0	15.597000000000001	7.0
4085.0	15.604000000000001	7.0
4086.0	15.614	7.0
4087.0	15.623	7.0
4088.0	15.63	7.0
4089.0	15.64	7.0
4090.0	15.644	7.0
4091.0	15.644	7.0
4092.0	15.647	7.0
4093.0	15.654000000000002	7.0
4094.0	15.661	7.0
4095.0	15.665999999999999	7.0
4096.0	15.668	7.0
4097.0	15.668	7.0
4098.0	15.665	7.0
4099.0	15.655999999999999	7.0
4100.0	15.654000000000002	7.0
4101.0	15.649000000000001	7.0
4102.0	15.64	7.0
4103.0	15.633	7.0
4104.0	15.626	7.0
4105.0	15.620999999999999	7.0
4106.0	15.616	7.0
4107.0	15.609000000000002	7.0
4108.0	15.602	7.0
4109.0	15.597000000000001	7.0
4110.0	15.59	7.0
4111.0	15.585999999999999	7.0
4112.0	15.588	7.0
4113.0	15.588	7.0
4114.0	15.588	7.0
4115.0	15.588	7.0
4116.0	15.585	7.0
4117.0	15.581	7.0
4118.0	15.575999999999999	7.0
4119.0	15.579	7.0
4120.0	15.585	7.0
4121.0	15.59	7.0
4122.0	15.593	7.0
4123.0	15.597000000000001	7.0
4124.0	15.595	7.0
4125.0	15.597000000000001	7.0
4126.0	15.6	7.0
4127.0	15.6	7.0
4128.0	15.602	7.0
4129.0	15.602	7.0
4130.0	15.595	7.0
4131.0	15.593	7.0
4132.0	15.595	7.0
4133.0	15.599	7.0
4134.0	15.605	7.0
4135.0	15.610999999999999	7.0
4136.0	15.609000000000002	7.0
4137.0	15.609000000000002	7.0
4138.0	15.607000000000001	7.0
4139.0	15.605	7.0
4140.0	15.605	7.0
4141.0	15.604000000000001	7.0
4142.0	15.604000000000001	7.0
4143.0	15.604000000000001	7.0
4144.0	15.602	7.0
4145.0	15.597000000000001	7.0
4146.0	15.593	7.0
4147.0	15.585999999999999	7.0
4148.0	15.579	7.0
4149.0	15.571	7.0
4150.0	15.564	7.0
4151.0	15.564	7.0
4152.0	15.564	7.0
4153.0	15.567	7.0
4154.0	15.569	7.0
4155.0	15.567	7.0
4156.0	15.567	7.0
4157.0	15.567	7.0
4158.0	15.567	7.0
4159.0	15.569	7.0
4160.0	15.569	7.0
4161.0	15.567	7.0
4162.0	15.56	7.0
4163.0	15.552	7.0
4164.0	15.552	7.0
4165.0	15.555	7.0
4166.0	15.56	7.0
4167.0	15.567	7.0
4168.0	15.572000000000001	7.0
4169.0	15.574000000000002	7.0
4170.0	15.575999999999999	7.0
4171.0	15.572000000000001	7.0
4172.0	15.569	7.0
4173.0	15.564	7.0
4174.0	15.557	7.0
4175.0	15.555	7.0
4176.0	15.552	7.0
4177.0	15.552	7.0
4178.0	15.555	7.0
4179.0	15.56	7.0
4180.0	15.56	7.0
4181.0	15.562000000000001	7.0
4182.0	15.564	7.0
4183.0	15.565999999999999	7.0
4184.0	15.564	7.0
4185.0	15.562000000000001	7.0
4186.0	15.559000000000001	7.0
4187.0	15.559000000000001	7.0
4188.0	15.56	7.0
4189.0	15.56	7.0
4190.0	15.56	7.0
4191.0	15.557	7.0
4192.0	15.555	7.0
4193.0	15.557	7.0
4194.0	15.56	7.0
4195.0	15.56	7.0
4196.0	15.557	7.0
4197.0	15.552999999999999	7.0
4198.0	15.55	7.0
4199.0	15.545	7.0
4200.0	15.543	7.0
4201.0	15.545	7.0
4202.0	15.546	7.0
4203.0	15.55	7.0
4204.0	15.555	7.0
4205.0	15.557	7.0
4206.0	15.555	7.0
4207.0	15.555	7.0
4208.0	15.555	7.0
4209.0	15.555	7.0
4210.0	15.557	7.0
4211.0	15.559000000000001	7.0
4212.0	15.557	7.0
4213.0	15.555	7.0
4214.0	15.552	7.0
4215.0	15.555	7.0
4216.0	15.557	7.0
4217.0	15.56	7.0
4218.0	15.564	7.0
4219.0	15.571	7.0
4220.0	15.575999999999999	7.0
4221.0	15.572000000000001	7.0
4222.0	15.569	7.0
4223.0	15.567	7.0
4224.0	15.565999999999999	7.0
4225.0	15.564	7.0
4226.0	15.562000000000001	7.0
4227.0	15.56	7.0
4228.0	15.555	7.0
4229.0	15.548	7.0
4230.0	15.540999999999999	7.0
4231.0	15.534	7.0
4232.0	15.533	7.0
4233.0	15.534	7.0
4234.0	15.536	7.0
4235.0	15.538	7.0
4236.0	15.538	7.0
4237.0	15.540999999999999	7.0
4238.0	15.540999999999999	7.0
4239.0	15.538	7.0
4240.0	15.54	7.0
4241.0	15.540999999999999	7.0
4242.0	15.540999999999999	7.0
4243.0	15.538	7.0
4244.0	15.54	7.0
4245.0	15.540999999999999	7.0
4246.0	15.54	7.0
4247.0	15.538	7.0
4248.0	15.538	7.0
4249.0	15.536	7.0
4250.0	15.536	7.0
4251.0	15.54	7.0
4252.0	15.543	7.0
4253.0	15.548	7.0
4254.0	15.552	7.0
4255.0	15.55	7.0
4256.0	15.545	7.0
4257.0	15.543	7.0
4258.0	15.540999999999999	7.0
4259.0	15.540999999999999	7.0
4260.0	15.545	7.0
4261.0	15.55	7.0
4262.0	15.555	7.0
4263.0	15.56	7.0
4264.0	15.562000000000001	7.0
4265.0	15.564	7.0
4266.0	15.56	7.0
4267.0	15.557	7.0
4268.0	15.557	7.0
4269.0	15.557	7.0
4270.0	15.557	7.0
4271.0	15.552999999999999	7.0
4272.0	15.552	7.0
4273.0	15.552	7.0
4274.0	15.552	7.0
4275.0	15.55	7.0
4276.0	15.548	7.0
4277.0	15.548	7.0
4278.0	15.545	7.0
4279.0	15.545	7.0
4280.0	15.548	7.0
4281.0	15.555	7.0
4282.0	15.564	7.0
4283.0	15.574000000000002	7.0
4284.0	15.581	7.0
4285.0	15.585999999999999	7.0
4286.0	15.59	7.0
4287.0	15.593	7.0
4288.0	15.599	7.0
4289.0	15.605	7.0
4290.0	15.614	7.0
4291.0	15.623	7.0
4292.0	15.633	7.0
4293.0	15.647	7.0
4294.0	15.661	7.0
4295.0	15.67	7.0
4296.0	15.673	7.0
4297.0	15.677999999999999	7.0
4298.0	15.687000000000001	7.0
4299.0	15.694	7.0
4300.0	15.699000000000002	7.0
4301.0	15.699000000000002	7.0
4302.0	15.697000000000001	7.0
4303.0	15.689	7.0
4304.0	15.677999999999999	7.0
4305.0	15.665999999999999	7.0
4306.0	15.649000000000001	7.0
4307.0	15.632	7.0
4308.0	15.612	7.0
4309.0	15.595	7.0
4310.0	15.578	7.0
4311.0	15.564	7.0
4312.0	15.545	7.0
4313.0	15.527000000000001	7.0
4314.0	15.517000000000001	7.0
4315.0	15.51	7.0
4316.0	15.505	7.0
4317.0	15.503	7.0
4318.0	15.498	7.0
4319.0	15.495999999999999	7.0
4320.0	15.493	7.0
4321.0	15.489	7.0
4322.0	15.484000000000002	7.0
4323.0	15.482000000000001	7.0
4324.0	15.477	7.0
4325.0	15.472000000000001	7.0
4326.0	15.472000000000001	7.0
4327.0	15.475	7.0
4328.0	15.48	7.0
4329.0	15.487	7.0
4330.0	15.495999999999999	7.0
4331.0	15.503	7.0
4332.0	15.508	7.0
4333.0	15.513	7.0
4334.0	15.515	7.0
4335.0	15.517000000000001	7.0
4336.0	15.519	7.0
4337.0	15.519	7.0
4338.0	15.515	7.0
4339.0	15.51	7.0
4340.0	15.501	7.0
4341.0	15.494000000000002	7.0
4342.0	15.484000000000002	7.0
4343.0	15.472000000000001	7.0
4344.0	15.463	7.0
4345.0	15.458	7.0
4346.0	15.454	7.0
4347.0	15.454	7.0
4348.0	15.453	7.0
4349.0	15.449000000000002	7.0
4350.0	15.444	7.0
4351.0	15.444	7.0
4352.0	15.442	7.0
4353.0	15.439	7.0
4354.0	15.435	7.0
4355.0	15.437000000000001	7.0
4356.0	15.439	7.0
4357.0	15.439	7.0
4358.0	15.440999999999999	7.0
4359.0	15.440999999999999	7.0
4360.0	15.439	7.0
4361.0	15.442	7.0
4362.0	15.446	7.0
4363.0	15.447000000000001	7.0
4364.0	15.446	7.0
4365.0	15.446	7.0
4366.0	15.446	7.0
4367.0	15.446	7.0
4368.0	15.442	7.0
4369.0	15.442	7.0
4370.0	15.444	7.0
4371.0	15.449000000000002	7.0
4372.0	15.450999999999999	7.0
4373.0	15.453	7.0
4374.0	15.454	7.0
4375.0	15.458	7.0
4376.0	15.458	7.0
4377.0	15.456	7.0
4378.0	15.456	7.0
4379.0	15.454	7.0
4380.0	15.456	7.0
4381.0	15.458	7.0
4382.0	15.458	7.0
4383.0	15.456	7.0
4384.0	15.449000000000002	7.0
4385.0	15.444	7.0
4386.0	15.437000000000001	7.0
4387.0	15.43	7.0
4388.0	15.427999999999999	7.0
4389.0	15.427	7.0
4390.0	15.423	7.0
4391.0	15.418	7.0
4392.0	15.418	7.0
4393.0	15.418	7.0
4394.0	15.415999999999999	7.0
4395.0	15.415	7.0
4396.0	15.413	7.0
4397.0	15.413	7.0
4398.0	15.411	7.0
4399.0	15.409	7.0
4400.0	15.409	7.0
4401.0	15.408	7.0
4402.0	15.408	7.0
4403.0	15.405999999999999	7.0
4404.0	15.405999999999999	7.0
4405.0	15.402000000000001	7.0
4406.0	15.397	7.0
4407.0	15.392000000000001	7.0
4408.0	15.387	7.0
4409.0	15.385	7.0
4410.0	15.38	7.0
4411.0	15.376	7.0
4412.0	15.375	7.0
4413.0	15.370999999999999	7.0
4414.0	15.366	7.0
4415.0	15.362	7.0
4416.0	15.360999999999999	7.0
4417.0	15.360999999999999	7.0
4418.0	15.360999999999999	7.0
4419.0	15.364	7.0
4420.0	15.366	7.0
4421.0	15.364	7.0
4422.0	15.360999999999999	7.0
4423.0	15.357000000000001	7.0
4424.0	15.354000000000001	7.0
4425.0	15.359000000000002	7.0
4426.0	15.360999999999999	7.0
4427.0	15.359000000000002	7.0
4428.0	15.355	7.0
4429.0	15.354000000000001	7.0
4430.0	15.352	7.0
4431.0	15.35	7.0
4432.0	15.347000000000001	7.0
4433.0	15.349	7.0
4434.0	15.352	7.0
4435.0	15.352	7.0
4436.0	15.352	7.0
4437.0	15.35	7.0
4438.0	15.349	7.0
4439.0	15.347000000000001	7.0
4440.0	15.349	7.0
4441.0	15.35	7.0
4442.0	15.35	7.0
4443.0	15.35	7.0
4444.0	15.347000000000001	7.0
4445.0	15.345	7.0
4446.0	15.343	7.0
4447.0	15.343	7.0
4448.0	15.343	7.0
4449.0	15.347000000000001	7.0
4450.0	15.35	7.0
4451.0	15.354000000000001	7.0
4452.0	15.355	7.0
4453.0	15.354000000000001	7.0
4454.0	15.352	7.0
4455.0	15.35	7.0
4456.0	15.35	7.0
4457.0	15.349	7.0
4458.0	15.345	7.0
4459.0	15.34	7.0
4460.0	15.335	7.0
4461.0	15.331	7.0
4462.0	15.329	7.0
4463.0	15.325999999999999	7.0
4464.0	15.322000000000001	7.0
4465.0	15.321	7.0
4466.0	15.324000000000002	7.0
4467.0	15.325999999999999	7.0
4468.0	15.328	7.0
4469.0	15.333	7.0
4470.0	15.333	7.0
4471.0	15.335	7.0
4472.0	15.331	7.0
4473.0	15.325999999999999	7.0
4474.0	15.325999999999999	7.0
4475.0	15.328	7.0
4476.0	15.331	7.0
4477.0	15.335	7.0
4478.0	15.335	7.0
4479.0	15.335	7.0
4480.0	15.335	7.0
4481.0	15.335	7.0
4482.0	15.335	7.0
4483.0	15.333	7.0
4484.0	15.329	7.0
4485.0	15.324000000000002	7.0
4486.0	15.319	7.0
4487.0	15.315999999999999	7.0
4488.0	15.314	7.0
4489.0	15.314	7.0
4490.0	15.317	7.0
4491.0	15.317	7.0
4492.0	15.312000000000001	7.0
4493.0	15.309000000000001	7.0
4494.0	15.309000000000001	7.0
4495.0	15.31	7.0
4496.0	15.31	7.0
4497.0	15.31	7.0
4498.0	15.314	7.0
4499.0	15.317	7.0
4500.0	15.321	7.0
4501.0	15.324000000000002	7.0
4502.0	15.325999999999999	7.0
4503.0	15.321	7.0
4504.0	15.317	7.0
4505.0	15.314	7.0
4506.0	15.31	7.0
4507.0	15.31	7.0
4508.0	15.312000000000001	7.0
4509.0	15.312000000000001	7.0
4510.0	15.307	7.0
4511.0	15.307	7.0
4512.0	15.309000000000001	7.0
4513.0	15.309000000000001	7.0
4514.0	15.31	7.0
4515.0	15.31	7.0
4516.0	15.307	7.0
4517.0	15.302999999999999	7.0
4518.0	15.302	7.0
4519.0	15.302	7.0
4520.0	15.302999999999999	7.0
4521.0	15.307	7.0
4522.0	15.307	7.0
4523.0	15.302999999999999	7.0
4524.0	15.3	7.0
4525.0	15.3	7.0
4526.0	15.3	7.0
4527.0	15.302999999999999	7.0
4528.0	15.305	7.0
4529.0	15.302	7.0
4530.0	15.298	7.0
4531.0	15.290999999999999	7.0
4532.0	15.288	7.0
4533.0	15.286	7.0
4534.0	15.286	7.0
4535.0	15.283	7.0
4536.0	15.279000000000002	7.0
4537.0	15.284	7.0
4538.0	15.290999999999999	7.0
4539.0	15.295	7.0
4540.0	15.293	7.0
4541.0	15.290999999999999	7.0
4542.0	15.29	7.0
4543.0	15.286	7.0
4544.0	15.286	7.0
4545.0	15.288	7.0
4546.0	15.286	7.0
4547.0	15.283	7.0
4548.0	15.283	7.0
4549.0	15.284	7.0
4550.0	15.284	7.0
4551.0	15.283	7.0
4552.0	15.280999999999999	7.0
4553.0	15.280999999999999	7.0
4554.0	15.279000000000002	7.0
4555.0	15.277000000000001	7.0
4556.0	15.277000000000001	7.0
4557.0	15.276	7.0
4558.0	15.272	7.0
4559.0	15.272	7.0
4560.0	15.272	7.0
4561.0	15.274000000000001	7.0
4562.0	15.277000000000001	7.0
4563.0	15.277000000000001	7.0
4564.0	15.279000000000002	7.0
4565.0	15.280999999999999	7.0
4566.0	15.279000000000002	7.0
4567.0	15.279000000000002	7.0
4568.0	15.276	7.0
4569.0	15.27	7.0
4570.0	15.269	7.0
4571.0	15.267000000000001	7.0
4572.0	15.272	7.0
4573.0	15.279000000000002	7.0
4574.0	15.280999999999999	7.0
4575.0	15.280999999999999	7.0
4576.0	15.280999999999999	7.0
4577.0	15.274000000000001	7.0
4578.0	15.27	7.0
4579.0	15.274000000000001	7.0
4580.0	15.276	7.0
4581.0	15.272	7.0
4582.0	15.267000000000001	7.0
4583.0	15.267000000000001	7.0
4584.0	15.265	7.0
4585.0	15.267000000000001	7.0
4586.0	15.267000000000001	7.0
4587.0	15.262	7.0
4588.0	15.255	7.0
4589.0	15.253	7.0
4590.0	15.258	7.0
4591.0	15.26	7.0
4592.0	15.26	7.0
4593.0	15.258	7.0
4594.0	15.253	7.0
4595.0	15.251	7.0
4596.0	15.253	7.0
4597.0	15.253	7.0
4598.0	15.255	7.0
4599.0	15.258	7.0
4600.0	15.258	7.0
4601.0	15.258	7.0
4602.0	15.258	7.0
4603.0	15.26	7.0
4604.0	15.258	7.0
4605.0	15.258	7.0
4606.0	15.258	7.0
4607.0	15.253	7.0
4608.0	15.248	7.0
4609.0	15.25	7.0
4610.0	15.251	7.0
4611.0	15.258	7.0
4612.0	15.263	7.0
4613.0	15.263	7.0
4614.0	15.262	7.0
4615.0	15.257	7.0
4616.0	15.251	7.0
4617.0	15.248	7.0
4618.0	15.248	7.0
4619.0	15.248	7.0
4620.0	15.248	7.0
4621.0	15.25	7.0
4622.0	15.25	7.0
4623.0	15.248	7.0
4624.0	15.245999999999999	7.0
4625.0	15.241	7.0
4626.0	15.239	7.0
4627.0	15.239	7.0
4628.0	15.241	7.0
4629.0	15.241	7.0
4630.0	15.244000000000002	7.0
4631.0	15.244000000000002	7.0
4632.0	15.244000000000002	7.0
4633.0	15.244000000000002	7.0
4634.0	15.244000000000002	7.0
4635.0	15.239	7.0
4636.0	15.234000000000002	7.0
4637.0	15.232000000000001	7.0
4638.0	15.229000000000001	7.0
4639.0	15.229000000000001	7.0
4640.0	15.229000000000001	7.0
4641.0	15.229000000000001	7.0
4642.0	15.232000000000001	7.0
4643.0	15.234000000000002	7.0
4644.0	15.232000000000001	7.0
4645.0	15.23	7.0
4646.0	15.229000000000001	7.0
4647.0	15.229000000000001	7.0
4648.0	15.229000000000001	7.0
4649.0	15.229000000000001	7.0
4650.0	15.225	7.0
4651.0	15.199000000000002	7.0
4652.0	15.194	7.0
4653.0	15.194	7.0
4654.0	15.196	7.0
4655.0	15.197000000000001	7.0
4656.0	15.200999999999999	7.0
4657.0	15.200999999999999	7.0
4658.0	15.200999999999999	7.0
4659.0	15.200999999999999	7.0
4660.0	15.200999999999999	7.0
4661.0	15.199000000000002	7.0
4662.0	15.196	7.0
4663.0	15.196	7.0
4664.0	15.199000000000002	7.0
4665.0	15.199000000000002	7.0
4666.0	15.199000000000002	7.0
4667.0	15.196	7.0
4668.0	15.194	7.0
4669.0	15.192	7.0
4670.0	15.194	7.0
4671.0	15.194	7.0
4672.0	15.192	7.0
4673.0	15.187000000000001	7.0
4674.0	15.185	7.0
4675.0	15.182	7.0
4676.0	15.182	7.0
4677.0	15.184000000000001	7.0
4678.0	15.187000000000001	7.0
4679.0	15.194	7.0
4680.0	15.199000000000002	7.0
4681.0	15.192	7.0
4682.0	15.185	7.0
4683.0	15.177	7.0
4684.0	15.17	7.0
4685.0	15.177	7.0
4686.0	15.185	7.0
4687.0	15.192	7.0
4688.0	15.197000000000001	7.0
4689.0	15.197000000000001	7.0
4690.0	15.192	7.0
4691.0	15.192	7.0
4692.0	15.199000000000002	7.0
4693.0	15.204	7.0
4694.0	15.21	7.0
4695.0	15.213	7.0
4696.0	15.206	7.0
4697.0	15.199000000000002	7.0
4698.0	15.192	7.0
4699.0	15.185	7.0
4700.0	15.189	7.0
4702.0	15.206	13.0
4704.0	15.203	13.0
4706.0	15.203	13.0
4708.0	15.200999999999999	13.0
4710.0	15.200999999999999	13.0
4712.0	15.199000000000002	13.0
4714.0	15.199000000000002	13.0
4716.0	15.200999999999999	13.0
4718.0	15.200999999999999	13.0
4720.0	15.199000000000002	13.0
4722.0	15.199000000000002	13.0
4724.0	15.197000000000001	13.0
4726.0	15.196	13.0
4728.0	15.196	13.0
4730.0	15.197000000000001	13.0
4732.0	15.197000000000001	13.0
4734.0	15.199000000000002	13.0
4736.0	15.199000000000002	13.0
4738.0	15.199000000000002	13.0
4740.0	15.197000000000001	13.0
4742.0	15.196	13.0
4744.0	15.194	13.0
4746.0	15.190999999999999	13.0
4748.0	15.187000000000001	13.0
4750.0	15.185	13.0
4752.0	15.182	13.0
4754.0	15.177999999999999	13.0
4756.0	15.177	13.0
4758.0	15.175	13.0
4760.0	15.173	13.0
4762.0	15.173	13.0
4764.0	15.171	13.0
4766.0	15.17	13.0
4768.0	15.168	13.0
4770.0	15.165999999999999	13.0
4772.0	15.165	13.0
4774.0	15.163	13.0
4776.0	15.161	13.0
4778.0	15.159	13.0
4780.0	15.159	13.0
4782.0	15.161	13.0
4784.0	15.161	13.0
4786.0	15.163	13.0
4788.0	15.163	13.0
4790.0	15.163	13.0
4792.0	15.163	13.0
4794.0	15.161	13.0
4796.0	15.161	13.0
4798.0	15.159	13.0
4800.0	15.158	13.0
4802.0	15.155999999999999	13.0
4804.0	15.154000000000002	13.0
4806.0	15.154000000000002	13.0
4808.0	15.152000000000001	13.0
4810.0	15.151	13.0
4812.0	15.149000000000001	13.0
4814.0	15.147	13.0
4816.0	15.147	13.0
4818.0	15.147	13.0
4820.0	15.147	13.0
4822.0	15.149000000000001	13.0
4824.0	15.152000000000001	13.0
4826.0	15.154000000000002	13.0
4828.0	15.152000000000001	13.0
4830.0	15.151	13.0
4832.0	15.149000000000001	13.0
4834.0	15.145	13.0
4836.0	15.142000000000001	13.0
4838.0	15.138	13.0
4840.0	15.137	13.0
4842.0	15.137	13.0
4844.0	15.137	13.0
4846.0	15.14	13.0
4848.0	15.142000000000001	13.0
4850.0	15.145	13.0
4852.0	15.149000000000001	13.0
4854.0	15.154000000000002	13.0
4856.0	15.158	13.0
4858.0	15.158	13.0
4860.0	15.155999999999999	13.0
4862.0	15.154000000000002	13.0
4864.0	15.149000000000001	13.0
4866.0	15.142000000000001	13.0
4868.0	15.135	13.0
4870.0	15.126	13.0
4872.0	15.118	13.0
4874.0	15.109000000000002	13.0
4876.0	15.102	13.0
4878.0	15.095	13.0
4880.0	15.088	13.0
4882.0	15.088	13.0
4884.0	15.088	13.0
4886.0	15.09	13.0
4888.0	15.09	13.0
4890.0	15.093	13.0
4892.0	15.093	13.0
4894.0	15.095	13.0
4896.0	15.095	13.0
4898.0	15.095	13.0
4900.0	15.095	13.0
4902.0	15.095	13.0
4904.0	15.097000000000001	13.0
4906.0	15.097000000000001	13.0
4908.0	15.099	13.0
4910.0	15.099	13.0
4912.0	15.099	13.0
4914.0	15.097000000000001	13.0
4916.0	15.097000000000001	13.0
4918.0	15.097000000000001	13.0
4920.0	15.097000000000001	13.0
4922.0	15.097000000000001	13.0
4924.0	15.097000000000001	13.0
4926.0	15.095	13.0
4928.0	15.095	13.0
4930.0	15.093	13.0
4932.0	15.093	13.0
4934.0	15.092	13.0
4936.0	15.09	13.0
4938.0	15.085999999999999	13.0
4940.0	15.085	13.0
4942.0	15.083	13.0
4944.0	15.083	13.0
4946.0	15.083	13.0
4948.0	15.081	13.0
4950.0	15.081	13.0
4952.0	15.079	13.0
4954.0	15.078	13.0
4956.0	15.075999999999999	13.0
4958.0	15.074000000000002	13.0
4960.0	15.074000000000002	13.0
4962.0	15.074000000000002	13.0
4964.0	15.074000000000002	13.0
4966.0	15.075999999999999	13.0
4968.0	15.075999999999999	13.0
4970.0	15.075999999999999	13.0
4972.0	15.075999999999999	13.0
4974.0	15.075999999999999	13.0
4976.0	15.075999999999999	13.0
4978.0	15.074000000000002	13.0
4980.0	15.074000000000002	13.0
4982.0	15.071	13.0
4984.0	15.071	13.0
4986.0	15.069	13.0
4988.0	15.067	13.0
4990.0	15.064	13.0
4992.0	15.062000000000001	13.0
4994.0	15.06	13.0
4996.0	15.06	13.0
4998.0	15.06	13.0
5000.0	15.059000000000001	13.0
5002.0	15.059000000000001	13.0
5004.0	15.057	13.0
5006.0	15.057	13.0
5008.0	15.057	13.0
5010.0	15.055	13.0
5012.0	15.055	13.0
5014.0	15.052	13.0
5016.0	15.05	13.0
5018.0	15.048	13.0
5020.0	15.048	13.0
5022.0	15.048	13.0
5024.0	15.048	13.0
5026.0	15.048	13.0
5028.0	15.048	13.0
5030.0	15.048	13.0
5032.0	15.048	13.0
5034.0	15.048	13.0
5036.0	15.048	13.0
5038.0	15.046	13.0
5040.0	15.045	13.0
5042.0	15.045	13.0
5044.0	15.045	13.0
5046.0	15.043	13.0
5048.0	15.040999999999999	13.0
5050.0	15.040999999999999	13.0
5052.0	15.04	13.0
5054.0	15.038	13.0
5056.0	15.036	13.0
5058.0	15.036	13.0
5060.0	15.034	13.0
5062.0	15.034	13.0
5064.0	15.033	13.0
5066.0	15.030999999999999	13.0
5068.0	15.030999999999999	13.0
5070.0	15.030999999999999	13.0
5072.0	15.030999999999999	13.0
5074.0	15.030999999999999	13.0
5076.0	15.030999999999999	13.0
5078.0	15.030999999999999	13.0
5080.0	15.029000000000002	13.0
5082.0	15.027000000000001	13.0
5084.0	15.027000000000001	13.0
5086.0	15.024000000000001	13.0
5088.0	15.024000000000001	13.0
5090.0	15.022	13.0
5092.0	15.022	13.0
5094.0	15.022	13.0
5096.0	15.02	13.0
5098.0	15.022	13.0
5100.0	15.022	13.0
5102.0	15.022	13.0
5104.0	15.02	13.0
5106.0	15.019	13.0
5108.0	15.017000000000001	13.0
5110.0	15.015	13.0
5112.0	15.013	13.0
5114.0	15.012	13.0
5116.0	15.01	13.0
5118.0	15.01	13.0
5120.0	15.01	13.0
5122.0	15.01	13.0
5124.0	15.008	13.0
5126.0	15.008	13.0
5128.0	15.01	13.0
5130.0	15.01	13.0
5132.0	15.01	13.0
5134.0	15.01	13.0
5136.0	15.012	13.0
5138.0	15.012	13.0
5140.0	15.012	13.0
5142.0	15.012	13.0
5144.0	15.012	13.0
5146.0	15.012	13.0
5148.0	15.012	13.0
5150.0	15.012	13.0
5152.0	15.012	13.0
5154.0	15.013	13.0
5156.0	15.013	13.0
5158.0	15.015	13.0
5160.0	15.017000000000001	13.0
5162.0	15.019	13.0
5164.0	15.019	13.0
5166.0	15.02	13.0
5168.0	15.02	13.0
5170.0	15.02	13.0
5172.0	15.02	13.0
5174.0	15.019	13.0
5176.0	15.017000000000001	13.0
5178.0	15.015	13.0
5180.0	15.012	13.0
5182.0	15.008	13.0
5184.0	15.003	13.0
5186.0	14.998	13.0
5188.0	14.994000000000002	13.0
5190.0	14.991	13.0
5192.0	14.987	13.0
5194.0	14.984000000000002	13.0
5196.0	14.982000000000001	13.0
5198.0	14.98	13.0
5200.0	14.979000000000001	13.0
5202.0	14.979000000000001	13.0
5204.0	14.979000000000001	13.0
5206.0	14.977	13.0
5208.0	14.977	13.0
5210.0	14.977	13.0
5212.0	14.975	13.0
5214.0	14.974	13.0
5216.0	14.972000000000001	13.0
5218.0	14.97	13.0
5220.0	14.968	13.0
5222.0	14.968	13.0
5224.0	14.965	13.0
5226.0	14.963	13.0
5228.0	14.960999999999999	13.0
5230.0	14.960999999999999	13.0
5232.0	14.96	13.0
5234.0	14.96	13.0
5236.0	14.960999999999999	13.0
5238.0	14.960999999999999	13.0
5240.0	14.963	13.0
5242.0	14.960999999999999	13.0
5244.0	14.960999999999999	13.0
5246.0	14.96	13.0
5248.0	14.96	13.0
5250.0	14.96	13.0
5252.0	14.958	13.0
5254.0	14.958	13.0
5256.0	14.956	13.0
5258.0	14.956	13.0
5260.0	14.956	13.0
5262.0	14.954	13.0
5264.0	14.954	13.0
5266.0	14.953	13.0
5268.0	14.950999999999999	13.0
5270.0	14.950999999999999	13.0
5272.0	14.949000000000002	13.0
5274.0	14.946	13.0
5276.0	14.944	13.0
5278.0	14.944	13.0
5280.0	14.944	13.0
5282.0	14.942	13.0
5284.0	14.942	13.0
5286.0	14.942	13.0
5288.0	14.940999999999999	13.0
5290.0	14.940999999999999	13.0
5292.0	14.940999999999999	13.0
5294.0	14.940999999999999	13.0
5296.0	14.940999999999999	13.0
5298.0	14.940999999999999	13.0
5300.0	14.942	13.0
5302.0	14.940999999999999	13.0
5304.0	14.939	13.0
5306.0	14.939	13.0
5308.0	14.939	13.0
5310.0	14.937000000000001	13.0
5312.0	14.937000000000001	13.0
5314.0	14.937000000000001	13.0
5316.0	14.935	13.0
5318.0	14.935	13.0
5320.0	14.935	13.0
5322.0	14.935	13.0
5324.0	14.934000000000001	13.0
5326.0	14.932	13.0
5328.0	14.932	13.0
5330.0	14.93	13.0
5332.0	14.93	13.0
5334.0	14.927	13.0
5336.0	14.927	13.0
5338.0	14.925	13.0
5340.0	14.925	13.0
5342.0	14.923	13.0
5344.0	14.923	13.0
5346.0	14.923	13.0
5348.0	14.923	13.0
5350.0	14.923	13.0
5352.0	14.923	13.0
5354.0	14.921	13.0
5356.0	14.92	13.0
5358.0	14.918	13.0
5360.0	14.915999999999999	13.0
5362.0	14.915999999999999	13.0
5364.0	14.915	13.0
5366.0	14.913	13.0
5368.0	14.913	13.0
5370.0	14.911	13.0
5372.0	14.911	13.0
5374.0	14.909	13.0
5376.0	14.909	13.0
5378.0	14.909	13.0
5380.0	14.909	13.0
5382.0	14.909	13.0
5384.0	14.911	13.0
5386.0	14.911	13.0
5388.0	14.911	13.0
5390.0	14.911	13.0
5392.0	14.911	13.0
5394.0	14.909	13.0
5396.0	14.909	13.0
5398.0	14.908	13.0
5400.0	14.905999999999999	13.0
5402.0	14.904000000000002	13.0
5404.0	14.902000000000001	13.0
5406.0	14.901	13.0
5408.0	14.899000000000001	13.0
5410.0	14.897	13.0
5412.0	14.897	13.0
5414.0	14.897	13.0
5416.0	14.897	13.0
5418.0	14.897	13.0
5420.0	14.897	13.0
5422.0	14.897	13.0
5424.0	14.897	13.0
5426.0	14.897	13.0
5428.0	14.895	13.0
5430.0	14.895	13.0
5432.0	14.895	13.0
5434.0	14.894	13.0
5436.0	14.894	13.0
5438.0	14.894	13.0
5440.0	14.892000000000001	13.0
5442.0	14.892000000000001	13.0
5444.0	14.892000000000001	13.0
5446.0	14.89	13.0
5448.0	14.89	13.0
5450.0	14.888	13.0
5452.0	14.887	13.0
5454.0	14.887	13.0
5456.0	14.885	13.0
5458.0	14.885	13.0
5460.0	14.883	13.0
5462.0	14.883	13.0
5464.0	14.882	13.0
5466.0	14.88	13.0
5468.0	14.88	13.0
5470.0	14.878	13.0
5472.0	14.878	13.0
5474.0	14.878	13.0
5476.0	14.878	13.0
5478.0	14.876	13.0
5480.0	14.876	13.0
5482.0	14.876	13.0
5484.0	14.875	13.0
5486.0	14.875	13.0
5488.0	14.873	13.0
5490.0	14.870999999999999	13.0
5492.0	14.870999999999999	13.0
5494.0	14.869000000000002	13.0
5496.0	14.869000000000002	13.0
5498.0	14.868	13.0
5500.0	14.866	13.0
5502.0	14.866	13.0
5504.0	14.866	13.0
5506.0	14.864	13.0
5508.0	14.864	13.0
5510.0	14.864	13.0
5512.0	14.862	13.0
5514.0	14.862	13.0
5516.0	14.862	13.0
5518.0	14.862	13.0
5520.0	14.860999999999999	13.0
5522.0	14.860999999999999	13.0
5524.0	14.859000000000002	13.0
5526.0	14.859000000000002	13.0
5528.0	14.859000000000002	13.0
5530.0	14.857000000000001	13.0
5532.0	14.857000000000001	13.0
5534.0	14.855	13.0
5536.0	14.854000000000001	13.0
5538.0	14.854000000000001	13.0
5540.0	14.854000000000001	13.0
5542.0	14.852	13.0
5544.0	14.852	13.0
5546.0	14.85	13.0
5548.0	14.85	13.0
5550.0	14.85	13.0
5552.0	14.85	13.0
5554.0	14.85	13.0
5556.0	14.85	13.0
5558.0	14.85	13.0
5560.0	14.85	13.0
5562.0	14.85	13.0
5564.0	14.849	13.0
5566.0	14.849	13.0
5568.0	14.849	13.0
5570.0	14.847000000000001	13.0
5572.0	14.847000000000001	13.0
5574.0	14.845	13.0
5576.0	14.845	13.0
5578.0	14.843	13.0
5580.0	14.842	13.0
5582.0	14.84	13.0
5584.0	14.84	13.0
5586.0	14.838	13.0
5588.0	14.838	13.0
5590.0	14.838	13.0
5592.0	14.835999999999999	13.0
5594.0	14.835	13.0
5596.0	14.835	13.0
5598.0	14.835	13.0
5600.0	14.835	13.0
5602.0	14.833	13.0
5604.0	14.833	13.0
5606.0	14.831	13.0
5608.0	14.831	13.0
5610.0	14.833	13.0
5612.0	14.833	13.0
5614.0	14.833	13.0
5616.0	14.833	13.0
5618.0	14.833	13.0
5620.0	14.833	13.0
5622.0	14.833	13.0
5624.0	14.831	13.0
5626.0	14.831	13.0
5628.0	14.829	13.0
5630.0	14.828	13.0
5632.0	14.828	13.0
5634.0	14.825999999999999	13.0
5636.0	14.825999999999999	13.0
5638.0	14.824000000000002	13.0
5640.0	14.824000000000002	13.0
5642.0	14.822000000000001	13.0
5644.0	14.821	13.0
5646.0	14.821	13.0
5648.0	14.821	13.0
5650.0	14.821	13.0
5652.0	14.821	13.0
5654.0	14.822000000000001	13.0
5656.0	14.822000000000001	13.0
5658.0	14.822000000000001	13.0
5660.0	14.821	13.0
5662.0	14.821	13.0
5664.0	14.821	13.0
5666.0	14.819	13.0
5668.0	14.819	13.0
5670.0	14.817	13.0
5672.0	14.817	13.0
5674.0	14.817	13.0
5676.0	14.817	13.0
5678.0	14.815999999999999	13.0
5680.0	14.815999999999999	13.0
5682.0	14.814	13.0
5684.0	14.814	13.0
5686.0	14.814	13.0
5688.0	14.814	13.0
5690.0	14.814	13.0
5692.0	14.814	13.0
5694.0	14.812000000000001	13.0
5696.0	14.812000000000001	13.0
5698.0	14.812000000000001	13.0
5700.0	14.812000000000001	13.0
5702.0	14.81	13.0
5704.0	14.81	13.0
5706.0	14.81	13.0
5708.0	14.81	13.0
5710.0	14.81	13.0
5712.0	14.81	13.0
5714.0	14.81	13.0
5716.0	14.81	13.0
5718.0	14.81	13.0
5720.0	14.809000000000001	13.0
5722.0	14.809000000000001	13.0
5724.0	14.807	13.0
5726.0	14.807	13.0
5728.0	14.805	13.0
5730.0	14.805	13.0
5732.0	14.802999999999999	13.0
5734.0	14.802	13.0
5736.0	14.802	13.0
5738.0	14.8	13.0
5740.0	14.8	13.0
5742.0	14.798	13.0
5744.0	14.798	13.0
5746.0	14.798	13.0
5748.0	14.798	13.0
5750.0	14.798	13.0
5752.0	14.798	13.0
5754.0	14.796	13.0
5756.0	14.795	13.0
5758.0	14.795	13.0
5760.0	14.795	13.0
5762.0	14.793	13.0
5764.0	14.793	13.0
5766.0	14.793	13.0
5768.0	14.790999999999999	13.0
5770.0	14.790999999999999	13.0
5772.0	14.790999999999999	13.0
5774.0	14.79	13.0
5776.0	14.788	13.0
5778.0	14.788	13.0
5780.0	14.788	13.0
5782.0	14.788	13.0
5784.0	14.79	13.0
5786.0	14.79	13.0
5788.0	14.790999999999999	13.0
5790.0	14.79	13.0
5792.0	14.788	13.0
5794.0	14.788	13.0
5796.0	14.786	13.0
5798.0	14.784	13.0
5800.0	14.783	13.0
5802.0	14.780999999999999	13.0
5804.0	14.780999999999999	13.0
5806.0	14.780999999999999	13.0
5808.0	14.779000000000002	13.0
5810.0	14.779000000000002	13.0
5812.0	14.779000000000002	13.0
5814.0	14.779000000000002	13.0
5816.0	14.777000000000001	13.0
5818.0	14.777000000000001	13.0
5820.0	14.777000000000001	13.0
5822.0	14.777000000000001	13.0
5824.0	14.777000000000001	13.0
5826.0	14.777000000000001	13.0
5828.0	14.777000000000001	13.0
5830.0	14.777000000000001	13.0
5832.0	14.776	13.0
5834.0	14.774000000000001	13.0
5836.0	14.774000000000001	13.0
5838.0	14.772	13.0
5840.0	14.77	13.0
5842.0	14.769	13.0
5844.0	14.769	13.0
5846.0	14.767000000000001	13.0
5848.0	14.767000000000001	13.0
5850.0	14.767000000000001	13.0
5852.0	14.767000000000001	13.0
5854.0	14.767000000000001	13.0
5856.0	14.767000000000001	13.0
5858.0	14.767000000000001	13.0
5860.0	14.767000000000001	13.0
5862.0	14.767000000000001	13.0
5864.0	14.767000000000001	13.0
5866.0	14.769	13.0
5868.0	14.769	13.0
5870.0	14.769	13.0
5872.0	14.769	13.0
5874.0	14.769	13.0
5876.0	14.769	13.0
5878.0	14.769	13.0
5880.0	14.767000000000001	13.0
5882.0	14.767000000000001	13.0
5884.0	14.767000000000001	13.0
5886.0	14.767000000000001	13.0
5888.0	14.767000000000001	13.0
5890.0	14.767000000000001	13.0
5892.0	14.765	13.0
5894.0	14.765	13.0
5896.0	14.763	13.0
5898.0	14.762	13.0
5900.0	14.762	13.0
5902.0	14.76	13.0
5904.0	14.76	13.0
5906.0	14.758	13.0
5908.0	14.758	13.0
5910.0	14.757	13.0
5912.0	14.757	13.0
5914.0	14.757	13.0
5916.0	14.755	13.0
5918.0	14.757	13.0
5920.0	14.757	13.0
5922.0	14.755	13.0
5924.0	14.755	13.0
5926.0	14.755	13.0
5928.0	14.755	13.0
5930.0	14.753	13.0
5932.0	14.753	13.0
5934.0	14.753	13.0
5936.0	14.753	13.0
5938.0	14.753	13.0
5940.0	14.753	13.0
5942.0	14.753	13.0
5944.0	14.751	13.0
5946.0	14.751	13.0
5948.0	14.75	13.0
5950.0	14.748	13.0
5952.0	14.748	13.0
5954.0	14.745999999999999	13.0
5956.0	14.744000000000002	13.0
5958.0	14.744000000000002	13.0
5960.0	14.743	13.0
5962.0	14.741	13.0
5964.0	14.741	13.0
5966.0	14.741	13.0
5968.0	14.741	13.0
5970.0	14.739	13.0
5972.0	14.739	13.0
5974.0	14.737	13.0
5976.0	14.735999999999999	13.0
5978.0	14.735999999999999	13.0
5980.0	14.735999999999999	13.0
5982.0	14.735999999999999	13.0
5984.0	14.735999999999999	13.0
5986.0	14.735999999999999	13.0
5988.0	14.737	13.0
5990.0	14.735999999999999	13.0
5992.0	14.735999999999999	13.0
5994.0	14.735999999999999	13.0
5996.0	14.734000000000002	13.0
5998.0	14.732000000000001	13.0
6000.0	14.732000000000001	13.0
6002.0	14.73	13.0
6004.0	14.729000000000001	13.0
6006.0	14.727	13.0
6008.0	14.727	13.0
6010.0	14.727	13.0
6012.0	14.725	13.0
6014.0	14.725	13.0
6016.0	14.725	13.0
6018.0	14.724	13.0
6020.0	14.724	13.0
6022.0	14.724	13.0
6024.0	14.724	13.0
6026.0	14.724	13.0
6028.0	14.724	13.0
6030.0	14.725	13.0
6032.0	14.724	13.0
6034.0	14.722000000000001	13.0
6036.0	14.72	13.0
6038.0	14.72	13.0
6040.0	14.718	13.0
6042.0	14.718	13.0
6044.0	14.718	13.0
6046.0	14.718	13.0
6048.0	14.717	13.0
6050.0	14.718	13.0
6052.0	14.718	13.0
6054.0	14.72	13.0
6056.0	14.72	13.0
6058.0	14.72	13.0
6060.0	14.72	13.0
6062.0	14.72	13.0
6064.0	14.718	13.0
6066.0	14.718	13.0
6068.0	14.718	13.0
6070.0	14.717	13.0
6072.0	14.715	13.0
6074.0	14.713	13.0
6076.0	14.710999999999999	13.0
6078.0	14.71	13.0
6080.0	14.71	13.0
6082.0	14.71	13.0
6084.0	14.708	13.0
6086.0	14.708	13.0
6088.0	14.708	13.0
6090.0	14.708	13.0
6092.0	14.708	13.0
6094.0	14.708	13.0
6096.0	14.706	13.0
6098.0	14.706	13.0
6100.0	14.704	13.0
6102.0	14.703	13.0
6104.0	14.703	13.0
6106.0	14.703	13.0
6108.0	14.703	13.0
6110.0	14.703	13.0
6112.0	14.703	13.0
6114.0	14.703	13.0
6116.0	14.703	13.0
6118.0	14.703	13.0
6120.0	14.700999999999999	13.0
6122.0	14.700999999999999	13.0
6124.0	14.700999999999999	13.0
6126.0	14.699000000000002	13.0
6128.0	14.699000000000002	13.0
6130.0	14.699000000000002	13.0
6132.0	14.697000000000001	13.0
6134.0	14.697000000000001	13.0
6136.0	14.697000000000001	13.0
6138.0	14.697000000000001	13.0
6140.0	14.699000000000002	13.0
6142.0	14.699000000000002	13.0
6144.0	14.700999999999999	13.0
6146.0	14.700999999999999	13.0
6148.0	14.700999999999999	13.0
6150.0	14.700999999999999	13.0
6152.0	14.699000000000002	13.0
6154.0	14.696	13.0
6156.0	14.694	13.0
6158.0	14.694	13.0
6160.0	14.692	13.0
6162.0	14.689	13.0
6164.0	14.687000000000001	13.0
6166.0	14.687000000000001	13.0
6168.0	14.685	13.0
6170.0	14.684000000000001	13.0
6172.0	14.682	13.0
6174.0	14.682	13.0
6176.0	14.682	13.0
6178.0	14.682	13.0
6180.0	14.682	13.0
6182.0	14.682	13.0
6184.0	14.682	13.0
6186.0	14.684000000000001	13.0
6188.0	14.684000000000001	13.0
6190.0	14.684000000000001	13.0
6192.0	14.684000000000001	13.0
6194.0	14.684000000000001	13.0
6196.0	14.684000000000001	13.0
6198.0	14.682	13.0
6200.0	14.682	13.0
6202.0	14.682	13.0
6204.0	14.682	13.0
6206.0	14.682	13.0
6208.0	14.68	13.0
6210.0	14.68	13.0
6212.0	14.68	13.0
6214.0	14.677999999999999	13.0
6216.0	14.677	13.0
6218.0	14.677	13.0
6220.0	14.677	13.0
6222.0	14.677	13.0
6224.0	14.677	13.0
6226.0	14.677	13.0
6228.0	14.677	13.0
6230.0	14.677	13.0
6232.0	14.677	13.0
6234.0	14.677	13.0
6236.0	14.677	13.0
6238.0	14.675	13.0
6240.0	14.675	13.0
6242.0	14.675	13.0
6244.0	14.675	13.0
6246.0	14.675	13.0
6248.0	14.675	13.0
6250.0	14.673	13.0
6252.0	14.673	13.0
6254.0	14.673	13.0
6256.0	14.671	13.0
6258.0	14.67	13.0
6260.0	14.67	13.0
6262.0	14.668	13.0
6264.0	14.665999999999999	13.0
6266.0	14.665	13.0
6268.0	14.665999999999999	13.0
6270.0	14.665999999999999	13.0
6272.0	14.665999999999999	13.0
6274.0	14.665999999999999	13.0
6276.0	14.668	13.0
6278.0	14.668	13.0
6280.0	14.668	13.0
6282.0	14.67	13.0
6284.0	14.67	13.0
6286.0	14.67	13.0
6288.0	14.668	13.0
6290.0	14.668	13.0
6292.0	14.668	13.0
6294.0	14.668	13.0
6296.0	14.668	13.0
6298.0	14.668	13.0
6300.0	14.668	13.0
6302.0	14.668	13.0
6304.0	14.665999999999999	13.0
6306.0	14.665999999999999	13.0
6308.0	14.665999999999999	13.0
6310.0	14.665	13.0
6312.0	14.663	13.0
6314.0	14.661	13.0
6316.0	14.661	13.0
6318.0	14.659	13.0
6320.0	14.658	13.0
6322.0	14.655999999999999	13.0
6324.0	14.655999999999999	13.0
6326.0	14.654000000000002	13.0
6328.0	14.654000000000002	13.0
6330.0	14.654000000000002	13.0
6332.0	14.654000000000002	13.0
6334.0	14.654000000000002	13.0
6336.0	14.652000000000001	13.0
6338.0	14.652000000000001	13.0
6340.0	14.652000000000001	13.0
6342.0	14.651	13.0
6344.0	14.651	13.0
6346.0	14.649000000000001	13.0
6348.0	14.649000000000001	13.0
6350.0	14.647	13.0
6352.0	14.647	13.0
6354.0	14.647	13.0
6356.0	14.645	13.0
6358.0	14.645	13.0
6360.0	14.644	13.0
6362.0	14.644	13.0
6364.0	14.644	13.0
6366.0	14.642000000000001	13.0
6368.0	14.642000000000001	13.0
6370.0	14.642000000000001	13.0
6372.0	14.642000000000001	13.0
6374.0	14.642000000000001	13.0
6376.0	14.642000000000001	13.0
6378.0	14.642000000000001	13.0
6380.0	14.642000000000001	13.0
6382.0	14.642000000000001	13.0
6384.0	14.642000000000001	13.0
6386.0	14.642000000000001	13.0
6388.0	14.642000000000001	13.0
6390.0	14.64	13.0
6392.0	14.64	13.0
6394.0	14.64	13.0
6396.0	14.637	13.0
6398.0	14.637	13.0
6400.0	14.635	13.0
6402.0	14.635	13.0
6404.0	14.633	13.0
6406.0	14.633	13.0
6408.0	14.633	13.0
6410.0	14.633	13.0
6412.0	14.633	13.0
6414.0	14.633	13.0
6416.0	14.633	13.0
6418.0	14.633	13.0
6420.0	14.635	13.0
6422.0	14.635	13.0
6424.0	14.635	13.0
6426.0	14.635	13.0
6428.0	14.635	13.0
6430.0	14.635	13.0
6432.0	14.633	13.0
6434.0	14.632	13.0
6436.0	14.63	13.0
6438.0	14.628	13.0
6440.0	14.628	13.0
6442.0	14.626	13.0
6444.0	14.626	13.0
6446.0	14.625	13.0
6448.0	14.625	13.0
6450.0	14.625	13.0
6452.0	14.626	13.0
6454.0	14.626	13.0
6456.0	14.626	13.0
6458.0	14.628	13.0
6460.0	14.628	13.0
6462.0	14.628	13.0
6464.0	14.63	13.0
6466.0	14.63	13.0
6468.0	14.63	13.0
6470.0	14.63	13.0
6472.0	14.63	13.0
6474.0	14.628	13.0
6476.0	14.628	13.0
6478.0	14.628	13.0
6480.0	14.628	13.0
6482.0	14.628	13.0
6484.0	14.626	13.0
6486.0	14.626	13.0
6488.0	14.626	13.0
6490.0	14.626	13.0
6492.0	14.628	13.0
6494.0	14.628	13.0
6496.0	14.628	13.0
6498.0	14.628	13.0
6500.0	14.63	13.0
6502.0	14.632	13.0
6504.0	14.633	13.0
6506.0	14.635	13.0
6508.0	14.638	13.0
6510.0	14.642000000000001	13.0
6512.0	14.644	13.0
6514.0	14.647	13.0
6516.0	14.649000000000001	13.0
6518.0	14.651	13.0
6520.0	14.652000000000001	13.0
6522.0	14.652000000000001	13.0
6524.0	14.654000000000002	13.0
6526.0	14.654000000000002	13.0
6528.0	14.655999999999999	13.0
6530.0	14.655999999999999	13.0
6532.0	14.658	13.0
6534.0	14.661	13.0
6536.0	14.665	13.0
6538.0	14.668	13.0
6540.0	14.673	13.0
6542.0	14.68	13.0
6544.0	14.687000000000001	13.0
6546.0	14.696	13.0
6548.0	14.703	13.0
6550.0	14.710999999999999	13.0
6552.0	14.718	13.0
6554.0	14.722000000000001	13.0
6556.0	14.727	13.0
6558.0	14.729000000000001	13.0
6560.0	14.727	13.0
6562.0	14.727	13.0
6564.0	14.722000000000001	13.0
6566.0	14.717	13.0
6568.0	14.71	13.0
6570.0	14.703	13.0
6572.0	14.694	13.0
6574.0	14.685	13.0
6576.0	14.677	13.0
6578.0	14.67	13.0
6580.0	14.661	13.0
6582.0	14.655999999999999	13.0
6584.0	14.652000000000001	13.0
6586.0	14.649000000000001	13.0
6588.0	14.645	13.0
6590.0	14.644	13.0
6592.0	14.642000000000001	13.0
6594.0	14.64	13.0
6596.0	14.64	13.0
6598.0	14.638	13.0
6600.0	14.637	13.0
6602.0	14.637	13.0
6604.0	14.635	13.0
6606.0	14.633	13.0
6608.0	14.63	13.0
6610.0	14.628	13.0
6612.0	14.626	13.0
6614.0	14.623	13.0
6616.0	14.619000000000002	13.0
6618.0	14.616	13.0
6620.0	14.614	13.0
6622.0	14.612	13.0
6624.0	14.610999999999999	13.0
6626.0	14.610999999999999	13.0
6628.0	14.609000000000002	13.0
6630.0	14.609000000000002	13.0
6632.0	14.610999999999999	13.0
6634.0	14.610999999999999	13.0
6636.0	14.610999999999999	13.0
6638.0	14.610999999999999	13.0
6640.0	14.610999999999999	13.0
6642.0	14.610999999999999	13.0
6644.0	14.610999999999999	13.0
6646.0	14.610999999999999	13.0
6648.0	14.609000000000002	13.0
6650.0	14.609000000000002	13.0
6652.0	14.607000000000001	13.0
6654.0	14.605	13.0
6656.0	14.604000000000001	13.0
6658.0	14.604000000000001	13.0
6660.0	14.602	13.0
6662.0	14.602	13.0
6664.0	14.602	13.0
6666.0	14.602	13.0
6668.0	14.602	13.0
6670.0	14.602	13.0
6672.0	14.602	13.0
6674.0	14.602	13.0
6676.0	14.604000000000001	13.0
6678.0	14.604000000000001	13.0
6680.0	14.604000000000001	13.0
6682.0	14.604000000000001	13.0
6684.0	14.602	13.0
6686.0	14.602	13.0
6688.0	14.6	13.0
6690.0	14.599	13.0
6692.0	14.597000000000001	13.0
6694.0	14.595	13.0
6696.0	14.595	13.0
6698.0	14.593	13.0
6700.0	14.593	13.0
6702.0	14.592	13.0
6704.0	14.592	13.0
6706.0	14.592	13.0
6708.0	14.593	13.0
6710.0	14.593	13.0
6712.0	14.593	13.0
6714.0	14.595	13.0
6716.0	14.595	13.0
6718.0	14.597000000000001	13.0
6720.0	14.597000000000001	13.0
6722.0	14.597000000000001	13.0
6724.0	14.597000000000001	13.0
6726.0	14.595	13.0
6728.0	14.595	13.0
6730.0	14.593	13.0
6732.0	14.59	13.0
6734.0	14.588	13.0
6736.0	14.585	13.0
6738.0	14.583	13.0
6740.0	14.581	13.0
6742.0	14.579	13.0
6744.0	14.578	13.0
6746.0	14.578	13.0
6748.0	14.578	13.0
6750.0	14.578	13.0
6752.0	14.578	13.0
6754.0	14.578	13.0
6756.0	14.581	13.0
6758.0	14.581	13.0
6760.0	14.583	13.0
6762.0	14.583	13.0
6764.0	14.585	13.0
6766.0	14.585	13.0
6768.0	14.585	13.0
6770.0	14.585	13.0
6772.0	14.585	13.0
6774.0	14.585	13.0
6776.0	14.585	13.0
6778.0	14.583	13.0
6780.0	14.581	13.0
6782.0	14.579	13.0
6784.0	14.578	13.0
6786.0	14.574000000000002	13.0
6788.0	14.572000000000001	13.0
6790.0	14.571	13.0
6792.0	14.569	13.0
6794.0	14.567	13.0
6796.0	14.567	13.0
6798.0	14.564	13.0
6800.0	14.564	13.0
6802.0	14.564	13.0
6804.0	14.564	13.0
6806.0	14.564	13.0
6808.0	14.565999999999999	13.0
6810.0	14.567	13.0
6812.0	14.567	13.0
6814.0	14.567	13.0
6816.0	14.567	13.0
6818.0	14.567	13.0
6820.0	14.565999999999999	13.0
6822.0	14.565999999999999	13.0
6824.0	14.564	13.0
6826.0	14.564	13.0
6828.0	14.564	13.0
6830.0	14.562000000000001	13.0
6832.0	14.562000000000001	13.0
6834.0	14.562000000000001	13.0
6836.0	14.562000000000001	13.0
6838.0	14.562000000000001	13.0
6840.0	14.56	13.0
6842.0	14.56	13.0
6844.0	14.559000000000001	13.0
6846.0	14.559000000000001	13.0
6848.0	14.559000000000001	13.0
6850.0	14.558	13.0
6852.0	14.558	13.0
6854.0	14.558	13.0
6856.0	14.558	13.0
6858.0	14.557	13.0
6860.0	14.557	13.0
6862.0	14.557	13.0
6864.0	14.556	13.0
6866.0	14.556	13.0
6868.0	14.556	13.0
6870.0	14.555	13.0
6872.0	14.555	13.0
6874.0	14.555	13.0
6876.0	14.555	13.0
6878.0	14.554	13.0
6880.0	14.554	13.0
6882.0	14.554	13.0
6884.0	14.554	13.0
6886.0	14.552999999999999	13.0
6888.0	14.552999999999999	13.0
6890.0	14.552999999999999	13.0
6892.0	14.552999999999999	13.0
6894.0	14.552	13.0
6896.0	14.552	13.0
6898.0	14.552	13.0
6900.0	14.552	13.0
6902.0	14.552	13.0
6904.0	14.550999999999998	13.0
6906.0	14.550999999999998	13.0
6908.0	14.550999999999998	13.0
6910.0	14.550999999999998	13.0
6912.0	14.550999999999998	13.0
6914.0	14.55	13.0
6916.0	14.55	13.0
6918.0	14.55	13.0
6920.0	14.55	13.0
6922.0	14.55	13.0
6924.0	14.549000000000001	13.0
6926.0	14.549000000000001	13.0
6928.0	14.549000000000001	13.0
6930.0	14.549000000000001	13.0
6932.0	14.549000000000001	13.0
6934.0	14.549000000000001	13.0
6936.0	14.549000000000001	13.0
6938.0	14.548	13.0
6940.0	14.548	13.0
6942.0	14.548	13.0
6944.0	14.548	13.0
6946.0	14.548	13.0
6948.0	14.548	13.0
6950.0	14.548	13.0
6952.0	14.552999999999999	13.0
6954.0	14.552	13.0
6956.0	14.55	13.0
6958.0	14.55	13.0
6960.0	14.548	13.0
6962.0	14.548	13.0
6964.0	14.546	13.0
6966.0	14.545	13.0
6968.0	14.545	13.0
6970.0	14.543	13.0
6972.0	14.543	13.0
6974.0	14.543	13.0
6976.0	14.540999999999999	13.0
6978.0	14.543	13.0
6980.0	14.543	13.0
6982.0	14.543	13.0
6984.0	14.545	13.0
6986.0	14.545	13.0
6988.0	14.546	13.0
6990.0	14.546	13.0
6992.0	14.546	13.0
6994.0	14.548	13.0
6996.0	14.548	13.0
6998.0	14.548	13.0
7000.0	14.548	13.0
7002.0	14.548	13.0
7004.0	14.55	13.0
7006.0	14.55	13.0
7008.0	14.55	13.0
7010.0	14.548	13.0
7012.0	14.548	13.0
7014.0	14.548	13.0
7016.0	14.548	13.0
7018.0	14.548	13.0
7020.0	14.546	13.0
7022.0	14.545	13.0
7024.0	14.545	13.0
7026.0	14.545	13.0
7028.0	14.543	13.0
7030.0	14.540999999999999	13.0
7032.0	14.540999999999999	13.0
7034.0	14.540999999999999	13.0
7036.0	14.54	13.0
7038.0	14.54	13.0
7040.0	14.540999999999999	13.0
7042.0	14.540999999999999	13.0
7044.0	14.543	13.0
7046.0	14.543	13.0
7048.0	14.545	13.0
7050.0	14.545	13.0
7052.0	14.545	13.0
7054.0	14.543	13.0
7056.0	14.540999999999999	13.0
7058.0	14.538	13.0
7060.0	14.534	13.0
7062.0	14.533	13.0
7064.0	14.530999999999999	13.0
7066.0	14.529000000000002	13.0
7068.0	14.529000000000002	13.0
7070.0	14.529000000000002	13.0
7072.0	14.530999999999999	13.0
7074.0	14.530999999999999	13.0
7076.0	14.533	13.0
7078.0	14.534	13.0
7080.0	14.534	13.0
7082.0	14.534	13.0
7084.0	14.534	13.0
7086.0	14.534	13.0
7088.0	14.534	13.0
7090.0	14.534	13.0
7092.0	14.534	13.0
7094.0	14.534	13.0
7096.0	14.533	13.0
7098.0	14.533	13.0
7100.0	14.530999999999999	13.0
7102.0	14.529000000000002	13.0
7104.0	14.529000000000002	13.0
7106.0	14.527000000000001	13.0
7108.0	14.527000000000001	13.0
7110.0	14.527000000000001	13.0
7112.0	14.524000000000001	13.0
7114.0	14.522	13.0
7116.0	14.52	13.0
7118.0	14.519	13.0
7120.0	14.517000000000001	13.0
7122.0	14.517000000000001	13.0
7124.0	14.515	13.0
7126.0	14.515	13.0
7128.0	14.515	13.0
7130.0	14.517000000000001	13.0
7132.0	14.519	13.0
7134.0	14.519	13.0
7136.0	14.52	13.0
7138.0	14.522	13.0
7140.0	14.522	13.0
7142.0	14.522	13.0
7144.0	14.522	13.0
7146.0	14.524000000000001	13.0
7148.0	14.524000000000001	13.0
7150.0	14.524000000000001	13.0
7152.0	14.524000000000001	13.0
7154.0	14.524000000000001	13.0
7156.0	14.524000000000001	13.0
7158.0	14.526	13.0
7160.0	14.526	13.0
7162.0	14.527000000000001	13.0
7164.0	14.527000000000001	13.0
7166.0	14.527000000000001	13.0
7168.0	14.527000000000001	13.0
7170.0	14.529000000000002	13.0
7172.0	14.529000000000002	13.0
7174.0	14.530999999999999	13.0
7176.0	14.533	13.0
7178.0	14.533	13.0
7180.0	14.533	13.0
7182.0	14.530999999999999	13.0
7184.0	14.530999999999999	13.0
7186.0	14.529000000000002	13.0
7188.0	14.527000000000001	13.0
7190.0	14.526	13.0
7192.0	14.524000000000001	13.0
7194.0	14.524000000000001	13.0
7196.0	14.522	13.0
7198.0	14.519	13.0
7200.0	14.517000000000001	13.0
7202.0	14.515	13.0
7204.0	14.515	13.0
7206.0	14.513	13.0
7208.0	14.512	13.0
7210.0	14.512	13.0
7212.0	14.513	13.0
7214.0	14.513	13.0
7216.0	14.515	13.0
7218.0	14.517000000000001	13.0
7220.0	14.519	13.0
7222.0	14.52	13.0
7224.0	14.522	13.0
7226.0	14.524000000000001	13.0
7228.0	14.526	13.0
7230.0	14.527000000000001	13.0
7232.0	14.529000000000002	13.0
7234.0	14.529000000000002	13.0
7236.0	14.530999999999999	13.0
7238.0	14.530999999999999	13.0
7240.0	14.530999999999999	13.0
7242.0	14.530999999999999	13.0
7244.0	14.530999999999999	13.0
7246.0	14.529000000000002	13.0
7248.0	14.529000000000002	13.0
7250.0	14.527000000000001	13.0
7252.0	14.524000000000001	13.0
7254.0	14.522	13.0
7256.0	14.52	13.0
7258.0	14.517000000000001	13.0
7260.0	14.515	13.0
7262.0	14.512	13.0
7264.0	14.51	13.0
7266.0	14.51	13.0
7268.0	14.508	13.0
7270.0	14.508	13.0
7272.0	14.508	13.0
7274.0	14.508	13.0
7276.0	14.51	13.0
7278.0	14.51	13.0
7280.0	14.51	13.0
7282.0	14.51	13.0
7284.0	14.512	13.0
7286.0	14.512	13.0
7288.0	14.513	13.0
7290.0	14.515	13.0
7292.0	14.517000000000001	13.0
7294.0	14.517000000000001	13.0
7296.0	14.517000000000001	13.0
7298.0	14.517000000000001	13.0
7300.0	14.517000000000001	13.0
7302.0	14.517000000000001	13.0
7304.0	14.517000000000001	13.0
7306.0	14.515	13.0
7308.0	14.515	13.0
7310.0	14.513	13.0
7312.0	14.512	13.0
7314.0	14.51	13.0
7316.0	14.51	13.0
7318.0	14.507	13.0
7320.0	14.505	13.0
7322.0	14.503	13.0
7324.0	14.501	13.0
7326.0	14.498	13.0
7328.0	14.498	13.0
7330.0	14.495999999999999	13.0
7332.0	14.494000000000002	13.0
7334.0	14.494000000000002	13.0
7336.0	14.493	13.0
7338.0	14.491	13.0
7340.0	14.491	13.0
7342.0	14.491	13.0
7344.0	14.493	13.0
7346.0	14.494000000000002	13.0
7348.0	14.494000000000002	13.0
7350.0	14.495999999999999	13.0
7352.0	14.498	13.0
7354.0	14.498	13.0
7356.0	14.5	13.0
7358.0	14.501	13.0
7360.0	14.503	13.0
7362.0	14.503	13.0
7364.0	14.503	13.0
7366.0	14.505	13.0
7368.0	14.503	13.0
7370.0	14.503	13.0
7372.0	14.503	13.0
7374.0	14.501	13.0
7376.0	14.498	13.0
7378.0	14.495999999999999	13.0
7380.0	14.494000000000002	13.0
7382.0	14.491	13.0
7384.0	14.489	13.0
7386.0	14.485999999999999	13.0
7388.0	14.484000000000002	13.0
7390.0	14.482000000000001	13.0
7392.0	14.482000000000001	13.0
7394.0	14.479000000000001	13.0
7396.0	14.477	13.0
7398.0	14.477	13.0
7400.0	14.477	13.0
7402.0	14.477	13.0
7404.0	14.477	13.0
7406.0	14.477	13.0
7408.0	14.477	13.0
7410.0	14.479000000000001	13.0
7412.0	14.479000000000001	13.0
7414.0	14.479000000000001	13.0
7416.0	14.479000000000001	13.0
7418.0	14.479000000000001	13.0
7420.0	14.479000000000001	13.0
7422.0	14.48	13.0
7424.0	14.48	13.0
7426.0	14.48	13.0
7428.0	14.48	13.0
7430.0	14.479000000000001	13.0
7432.0	14.479000000000001	13.0
7434.0	14.479000000000001	13.0
7436.0	14.477	13.0
7438.0	14.477	13.0
7440.0	14.477	13.0
7442.0	14.475	13.0
7444.0	14.475	13.0
7446.0	14.474	13.0
7448.0	14.472000000000001	13.0
7450.0	14.472000000000001	13.0
7452.0	14.47	13.0
7454.0	14.47	13.0
7456.0	14.468	13.0
7458.0	14.468	13.0
7460.0	14.468	13.0
7462.0	14.468	13.0
7464.0	14.468	13.0
7466.0	14.468	13.0
7468.0	14.47	13.0
7470.0	14.47	13.0
7472.0	14.472000000000001	13.0
7474.0	14.472000000000001	13.0
7476.0	14.472000000000001	13.0
7478.0	14.474	13.0
7480.0	14.474	13.0
7482.0	14.474	13.0
7484.0	14.474	13.0
7486.0	14.474	13.0
7488.0	14.472000000000001	13.0
7490.0	14.472000000000001	13.0
7492.0	14.472000000000001	13.0
7494.0	14.47	13.0
7496.0	14.47	13.0
7498.0	14.468	13.0
7500.0	14.468	13.0
7502.0	14.467	13.0
7504.0	14.465	13.0
7506.0	14.465	13.0
7508.0	14.463	13.0
7510.0	14.463	13.0
7512.0	14.463	13.0
7514.0	14.463	13.0
7516.0	14.463	13.0
7518.0	14.463	13.0
7520.0	14.463	13.0
7522.0	14.465	13.0
7524.0	14.465	13.0
7526.0	14.465	13.0
7528.0	14.465	13.0
7530.0	14.467	13.0
7532.0	14.467	13.0
7534.0	14.467	13.0
7536.0	14.467	13.0
7538.0	14.468	13.0
7540.0	14.468	13.0
7542.0	14.468	13.0
7544.0	14.468	13.0
7546.0	14.468	13.0
7548.0	14.47	13.0
7550.0	14.466	13.0
7552.0	14.466	13.0
7554.0	14.466	13.0
7556.0	14.466	13.0
7558.0	14.466	13.0
7560.0	14.466	13.0
7562.0	14.465	13.0
7564.0	14.465	13.0
7566.0	14.465	13.0
7568.0	14.465	13.0
7570.0	14.465	13.0
7572.0	14.465	13.0
7574.0	14.465	13.0
7576.0	14.465	13.0
7578.0	14.465	13.0
7580.0	14.464	13.0
7582.0	14.464	13.0
7584.0	14.464	13.0
7586.0	14.464	13.0
7588.0	14.464	13.0
7590.0	14.464	13.0
7592.0	14.464	13.0
7594.0	14.464	13.0
7596.0	14.463	13.0
7598.0	14.463	13.0
7600.0	14.463	13.0
7602.0	14.463	13.0
7604.0	14.463	13.0
7606.0	14.463	13.0
7608.0	14.462	13.0
7610.0	14.462	13.0
7612.0	14.462	13.0
7614.0	14.462	13.0
7616.0	14.462	13.0
7618.0	14.462	13.0
7620.0	14.460999999999999	13.0
7622.0	14.460999999999999	13.0
7624.0	14.460999999999999	13.0
7626.0	14.460999999999999	13.0
7628.0	14.460999999999999	13.0
7630.0	14.46	13.0
7632.0	14.46	13.0
7634.0	14.46	13.0
7636.0	14.46	13.0
7638.0	14.46	13.0
7640.0	14.459000000000001	13.0
7642.0	14.459000000000001	13.0
7644.0	14.459000000000001	13.0
7646.0	14.459000000000001	13.0
7648.0	14.459000000000001	13.0
7650.0	14.458	13.0
7652.0	14.458	13.0
7654.0	14.458	13.0
7656.0	14.458	13.0
7658.0	14.457	13.0
7660.0	14.457	13.0
7662.0	14.457	13.0
7664.0	14.457	13.0
7666.0	14.456	13.0
7668.0	14.456	13.0
7670.0	14.456	13.0
7672.0	14.456	13.0
7674.0	14.455	13.0
7676.0	14.455	13.0
7678.0	14.455	13.0
7680.0	14.455	13.0
7682.0	14.454	13.0
7684.0	14.454	13.0
7686.0	14.454	13.0
7688.0	14.453	13.0
7690.0	14.453	13.0
7692.0	14.454	13.0
7694.0	14.453	13.0
7696.0	14.454	13.0
7698.0	14.456	13.0
7700.0	14.456	13.0
7702.0	14.456	13.0
7704.0	14.456	13.0
7706.0	14.456	13.0
7708.0	14.453	13.0
7710.0	14.450999999999999	13.0
7712.0	14.449000000000002	13.0
7714.0	14.446	13.0
7716.0	14.444	13.0
7718.0	14.440999999999999	13.0
7720.0	14.442	13.0
7722.0	14.442	13.0
7724.0	14.442	13.0
7726.0	14.444	13.0
7728.0	14.446	13.0
7730.0	14.446	13.0
7732.0	14.446	13.0
7734.0	14.446	13.0
7736.0	14.446	13.0
7738.0	14.446	13.0
7740.0	14.446	13.0
7742.0	14.446	13.0
7744.0	14.446	13.0
7746.0	14.446	13.0
7748.0	14.446	13.0
7750.0	14.444	13.0
7752.0	14.444	13.0
7754.0	14.442	13.0
7756.0	14.442	13.0
7758.0	14.442	13.0
7760.0	14.440999999999999	13.0
7762.0	14.440999999999999	13.0
7764.0	14.440999999999999	13.0
7766.0	14.440999999999999	13.0
7768.0	14.440999999999999	13.0
7770.0	14.440999999999999	13.0
7772.0	14.439	13.0
7774.0	14.439	13.0
7776.0	14.439	13.0
7778.0	14.439	13.0
7780.0	14.440999999999999	13.0
7782.0	14.442	13.0
7784.0	14.442	13.0
7786.0	14.442	13.0
7788.0	14.442	13.0
7790.0	14.442	13.0
7792.0	14.442	13.0
7794.0	14.442	13.0
7796.0	14.440999999999999	13.0
7798.0	14.440999999999999	13.0
7800.0	14.440999999999999	13.0
7802.0	14.440999999999999	13.0
7804.0	14.442	13.0
7806.0	14.442	13.0
7808.0	14.442	13.0
7810.0	14.442	13.0
7812.0	14.444	13.0
7814.0	14.444	13.0
7816.0	14.444	13.0
7818.0	14.442	13.0
7820.0	14.442	13.0
7822.0	14.442	13.0
7824.0	14.440999999999999	13.0
7826.0	14.440999999999999	13.0
7828.0	14.440999999999999	13.0
7830.0	14.440999999999999	13.0
7832.0	14.442	13.0
7834.0	14.442	13.0
7836.0	14.442	13.0
7838.0	14.442	13.0
7840.0	14.442	13.0
7842.0	14.442	13.0
7844.0	14.442	13.0
7846.0	14.442	13.0
7848.0	14.442	13.0
7850.0	14.442	13.0
7852.0	14.442	13.0
7854.0	14.442	13.0
7856.0	14.444	13.0
7858.0	14.444	13.0
7860.0	14.444	13.0
7862.0	14.444	13.0
7864.0	14.444	13.0
7866.0	14.444	13.0
7868.0	14.442	13.0
7870.0	14.440999999999999	13.0
7872.0	14.440999999999999	13.0
7874.0	14.439	13.0
7876.0	14.439	13.0
7878.0	14.439	13.0
7880.0	14.439	13.0
7882.0	14.440999999999999	13.0
7884.0	14.440999999999999	13.0
7886.0	14.442	13.0
7888.0	14.442	13.0
7890.0	14.442	13.0
7892.0	14.442	13.0
7894.0	14.442	13.0
7896.0	14.442	13.0
7898.0	14.442	13.0
7900.0	14.440999999999999	13.0
7902.0	14.439	13.0
7904.0	14.439	13.0
7906.0	14.439	13.0
7908.0	14.439	13.0
7910.0	14.439	13.0
7912.0	14.439	13.0
7914.0	14.439	13.0
7916.0	14.439	13.0
7918.0	14.440999999999999	13.0
7920.0	14.440999999999999	13.0
7922.0	14.439	13.0
7924.0	14.439	13.0
7926.0	14.439	13.0
7928.0	14.439	13.0
7930.0	14.439	13.0
7932.0	14.437000000000001	13.0
7934.0	14.437000000000001	13.0
7936.0	14.437000000000001	13.0
7938.0	14.437000000000001	13.0
7940.0	14.435	13.0
7942.0	14.435	13.0
7944.0	14.434000000000001	13.0
7946.0	14.432	13.0
7948.0	14.43	13.0
7950.0	14.43	13.0
7952.0	14.43	13.0
7954.0	14.43	13.0
7956.0	14.43	13.0
7958.0	14.43	13.0
7960.0	14.43	13.0
7962.0	14.43	13.0
7964.0	14.432	13.0
7966.0	14.432	13.0
7968.0	14.432	13.0
7970.0	14.432	13.0
7972.0	14.434000000000001	13.0
7974.0	14.434000000000001	13.0
7976.0	14.434000000000001	13.0
7978.0	14.434000000000001	13.0
7980.0	14.434000000000001	13.0
7982.0	14.434000000000001	13.0
7984.0	14.434000000000001	13.0
7986.0	14.435	13.0
7988.0	14.435	13.0
7990.0	14.435	13.0
7992.0	14.435	13.0
7994.0	14.434000000000001	13.0
7996.0	14.434000000000001	13.0
7998.0	14.432	13.0
8000.0	14.432	13.0
8002.0	14.432	13.0
8004.0	14.432	13.0
8006.0	14.432	13.0
8008.0	14.432	13.0
8010.0	14.43	13.0
8012.0	14.432	13.0
8014.0	14.432	13.0
8016.0	14.432	13.0
8018.0	14.432	13.0
8020.0	14.432	13.0
8022.0	14.432	13.0
8024.0	14.432	13.0
8026.0	14.43	13.0
8028.0	14.43	13.0
8030.0	14.427999999999999	13.0
8032.0	14.427999999999999	13.0
8034.0	14.427	13.0
8036.0	14.427	13.0
8038.0	14.425	13.0
8040.0	14.425	13.0
8042.0	14.425	13.0
8044.0	14.423	13.0
8046.0	14.423	13.0
8048.0	14.423	13.0
8050.0	14.423	13.0
8052.0	14.423	13.0
8054.0	14.423	13.0
8056.0	14.423	13.0
8058.0	14.423	13.0
8060.0	14.423	13.0
8062.0	14.421	13.0
8064.0	14.421	13.0
8066.0	14.421	13.0
8068.0	14.421	13.0
8070.0	14.42	13.0
8072.0	14.42	13.0
8074.0	14.421	13.0
8076.0	14.421	13.0
8078.0	14.421	13.0
8080.0	14.423	13.0
8082.0	14.423	13.0
8084.0	14.423	13.0
8086.0	14.423	13.0
8088.0	14.423	13.0
8090.0	14.423	13.0
8092.0	14.423	13.0
8094.0	14.423	13.0
8096.0	14.423	13.0
8098.0	14.423	13.0
8100.0	14.423	13.0
8102.0	14.423	13.0
8104.0	14.425	13.0
8106.0	14.425	13.0
8108.0	14.425	13.0
8110.0	14.427	13.0
8112.0	14.427	13.0
8114.0	14.427	13.0
8116.0	14.427999999999999	13.0
8118.0	14.427999999999999	13.0
8120.0	14.43	13.0
8122.0	14.432	13.0
8124.0	14.432	13.0
8126.0	14.434000000000001	13.0
8128.0	14.434000000000001	13.0
8130.0	14.434000000000001	13.0
8132.0	14.434000000000001	13.0
8134.0	14.435	13.0
8136.0	14.435	13.0
8138.0	14.435	13.0
8140.0	14.437000000000001	13.0
8142.0	14.437000000000001	13.0
8144.0	14.437000000000001	13.0
8146.0	14.437000000000001	13.0
8148.0	14.435	13.0
8150.0	14.434000000000001	13.0
8152.0	14.432	13.0
8154.0	14.432	13.0
8156.0	14.43	13.0
8158.0	14.43	13.0
8160.0	14.43	13.0
8162.0	14.43	13.0
8164.0	14.43	13.0
8166.0	14.432	13.0
8168.0	14.432	13.0
8170.0	14.432	13.0
8172.0	14.434000000000001	13.0
8174.0	14.434000000000001	13.0
8176.0	14.434000000000001	13.0
8178.0	14.434000000000001	13.0
8180.0	14.434000000000001	13.0
8182.0	14.432	13.0
8184.0	14.432	13.0
8186.0	14.43	13.0
8188.0	14.43	13.0
8190.0	14.427999999999999	13.0
8192.0	14.427999999999999	13.0
8194.0	14.427	13.0
8196.0	14.427	13.0
8198.0	14.425	13.0
8200.0	14.425	13.0
8202.0	14.423	13.0
8204.0	14.423	13.0
8206.0	14.421	13.0
8208.0	14.423	13.0
8210.0	14.423	13.0
8212.0	14.423	13.0
8214.0	14.423	13.0
8216.0	14.423	13.0
8218.0	14.423	13.0
8220.0	14.423	13.0
8222.0	14.423	13.0
8224.0	14.423	13.0
8226.0	14.423	13.0
8228.0	14.421	13.0
8230.0	14.421	13.0
8232.0	14.42	13.0
8234.0	14.42	13.0
8236.0	14.418	13.0
8238.0	14.418	13.0
8240.0	14.415999999999999	13.0
8242.0	14.415999999999999	13.0
8244.0	14.415	13.0
8246.0	14.413	13.0
8248.0	14.413	13.0
8250.0	14.411	13.0
8252.0	14.411	13.0
8254.0	14.409	13.0
8256.0	14.411	13.0
8258.0	14.411	13.0
8260.0	14.411	13.0
8262.0	14.411	13.0
8264.0	14.413	13.0
8266.0	14.413	13.0
8268.0	14.413	13.0
8270.0	14.413	13.0
8272.0	14.413	13.0
8274.0	14.415	13.0
8276.0	14.415999999999999	13.0
8278.0	14.415999999999999	13.0
8280.0	14.418	13.0
8282.0	14.418	13.0
8284.0	14.42	13.0
8286.0	14.42	13.0
8288.0	14.418	13.0
8290.0	14.418	13.0
8292.0	14.415999999999999	13.0
8294.0	14.415	13.0
8296.0	14.413	13.0
8298.0	14.413	13.0
8300.0	14.413	13.0
8302.0	14.413	13.0
8304.0	14.413	13.0
8306.0	14.415	13.0
8308.0	14.415999999999999	13.0
8310.0	14.415	13.0
8312.0	14.413	13.0
8314.0	14.411	13.0
8316.0	14.409	13.0
8318.0	14.408	13.0
8320.0	14.405999999999999	13.0
8322.0	14.404000000000002	13.0
8324.0	14.404000000000002	13.0
8326.0	14.404000000000002	13.0
8328.0	14.404000000000002	13.0
8330.0	14.404000000000002	13.0
8332.0	14.404000000000002	13.0
8334.0	14.404000000000002	13.0
8336.0	14.405999999999999	13.0
8338.0	14.405999999999999	13.0
8340.0	14.405999999999999	13.0
8342.0	14.405999999999999	13.0
8344.0	14.405999999999999	13.0
8346.0	14.405999999999999	13.0
8348.0	14.405999999999999	13.0
8350.0	14.405999999999999	13.0
8352.0	14.405999999999999	13.0
8354.0	14.405999999999999	13.0
8356.0	14.405999999999999	13.0
8358.0	14.405999999999999	13.0
8360.0	14.405999999999999	13.0
8362.0	14.408	13.0
8364.0	14.408	13.0
8366.0	14.408	13.0
8368.0	14.405999999999999	13.0
8370.0	14.405999999999999	13.0
8372.0	14.404000000000002	13.0
8374.0	14.402000000000001	13.0
8376.0	14.401	13.0
8378.0	14.399000000000001	13.0
8380.0	14.397	13.0
8382.0	14.397	13.0
8384.0	14.397	13.0
8386.0	14.397	13.0
8388.0	14.397	13.0
8390.0	14.397	13.0
8392.0	14.399000000000001	13.0
8394.0	14.399000000000001	13.0
8396.0	14.399000000000001	13.0
8398.0	14.399000000000001	13.0
8400.0	14.397	13.0
8402.0	14.397	13.0
8404.0	14.394	13.0
8406.0	14.394	13.0
8408.0	14.394	13.0
8410.0	14.395	13.0
8412.0	14.397	13.0
8414.0	14.397	13.0
8416.0	14.399000000000001	13.0
8418.0	14.401	13.0
8420.0	14.402000000000001	13.0
8422.0	14.402000000000001	13.0
8424.0	14.402000000000001	13.0
8426.0	14.402000000000001	13.0
8428.0	14.401	13.0
8430.0	14.399000000000001	13.0
8432.0	14.399000000000001	13.0
8434.0	14.399000000000001	13.0
8436.0	14.399000000000001	13.0
8438.0	14.399000000000001	13.0
8440.0	14.399000000000001	13.0
8442.0	14.399000000000001	13.0
8444.0	14.399000000000001	13.0
8446.0	14.399000000000001	13.0
8448.0	14.399000000000001	13.0
8450.0	14.401	13.0
8452.0	14.401	13.0
8454.0	14.401	13.0
8456.0	14.401	13.0
8458.0	14.401	13.0
8460.0	14.401	13.0
8462.0	14.401	13.0
8464.0	14.399000000000001	13.0
8466.0	14.399000000000001	13.0
8468.0	14.399000000000001	13.0
8470.0	14.399000000000001	13.0
8472.0	14.399000000000001	13.0
8474.0	14.401	13.0
8476.0	14.402000000000001	13.0
8478.0	14.402000000000001	13.0
8480.0	14.404000000000002	13.0
8482.0	14.404000000000002	13.0
8484.0	14.405999999999999	13.0
8486.0	14.405999999999999	13.0
8488.0	14.405999999999999	13.0
8490.0	14.405999999999999	13.0
8492.0	14.404000000000002	13.0
8494.0	14.404000000000002	13.0
8496.0	14.404000000000002	13.0
8498.0	14.404000000000002	13.0
8500.0	14.404000000000002	13.0
8502.0	14.404000000000002	13.0
8504.0	14.405999999999999	13.0
8506.0	14.408	13.0
8508.0	14.409	13.0
8510.0	14.409	13.0
8512.0	14.411	13.0
8514.0	14.411	13.0
8516.0	14.411	13.0
8518.0	14.411	13.0
8520.0	14.411	13.0
8522.0	14.411	13.0
8524.0	14.409	13.0
8526.0	14.409	13.0
8528.0	14.405999999999999	13.0
8530.0	14.404000000000002	13.0
8532.0	14.402000000000001	13.0
8534.0	14.399000000000001	13.0
8536.0	14.397	13.0
8538.0	14.395	13.0
8540.0	14.394	13.0
8542.0	14.392000000000001	13.0
8544.0	14.392000000000001	13.0
8546.0	14.392000000000001	13.0
8548.0	14.392000000000001	13.0
8550.0	14.392000000000001	13.0
8552.0	14.392000000000001	13.0
8554.0	14.392000000000001	13.0
8556.0	14.394	13.0
8558.0	14.394	13.0
8560.0	14.395	13.0
8562.0	14.397	13.0
8564.0	14.399000000000001	13.0
8566.0	14.399000000000001	13.0
8568.0	14.401	13.0
8570.0	14.402000000000001	13.0
8572.0	14.402000000000001	13.0
8574.0	14.402000000000001	13.0
8576.0	14.402000000000001	13.0
8578.0	14.402000000000001	13.0
8580.0	14.401	13.0
8582.0	14.401	13.0
8584.0	14.399000000000001	13.0
8586.0	14.399000000000001	13.0
8588.0	14.397	13.0
8590.0	14.397	13.0
8592.0	14.399000000000001	13.0
8594.0	14.399000000000001	13.0
8596.0	14.402000000000001	13.0
8598.0	14.404000000000002	13.0
8600.0	14.405999999999999	13.0
8602.0	14.405999999999999	13.0
8604.0	14.409	13.0
8606.0	14.411	13.0
8608.0	14.411	13.0
8610.0	14.413	13.0
8612.0	14.415	13.0
8614.0	14.415999999999999	13.0
8616.0	14.415999999999999	13.0
8618.0	14.415999999999999	13.0
8620.0	14.413	13.0
8622.0	14.411	13.0
8624.0	14.409	13.0
8626.0	14.408	13.0
8628.0	14.405999999999999	13.0
8630.0	14.405999999999999	13.0
8632.0	14.405999999999999	13.0
8634.0	14.405999999999999	13.0
8636.0	14.408	13.0
8638.0	14.409	13.0
8640.0	14.409	13.0
8642.0	14.411	13.0
8644.0	14.411	13.0
8646.0	14.411	13.0
8648.0	14.411	13.0
8650.0	14.409	13.0
8652.0	14.408	13.0
8654.0	14.405999999999999	13.0
8656.0	14.404000000000002	13.0
8658.0	14.402000000000001	13.0
8660.0	14.399000000000001	13.0
8662.0	14.399000000000001	13.0
8664.0	14.399000000000001	13.0
8666.0	14.399000000000001	13.0
8668.0	14.399000000000001	13.0
8670.0	14.399000000000001	13.0
8672.0	14.399000000000001	13.0
8674.0	14.401	13.0
8676.0	14.402000000000001	13.0
8678.0	14.402000000000001	13.0
8680.0	14.402000000000001	13.0
8682.0	14.404000000000002	13.0
8684.0	14.404000000000002	13.0
8686.0	14.404000000000002	13.0
8688.0	14.405999999999999	13.0
8690.0	14.408	13.0
8692.0	14.409	13.0
8694.0	14.411	13.0
8696.0	14.413	13.0
8698.0	14.415	13.0
8700.0	14.415	13.0
8702.0	14.415	13.0
8704.0	14.413	13.0
8706.0	14.411	13.0
8708.0	14.411	13.0
8710.0	14.409	13.0
8712.0	14.405999999999999	13.0
8714.0	14.404000000000002	13.0
8716.0	14.402000000000001	13.0
8718.0	14.401	13.0
8720.0	14.397	13.0
8722.0	14.395	13.0
8724.0	14.394	13.0
8726.0	14.394	13.0
8728.0	14.392000000000001	13.0
8730.0	14.392000000000001	13.0
8732.0	14.39	13.0
8734.0	14.39	13.0
8736.0	14.387	13.0
8738.0	14.385	13.0
8740.0	14.385	13.0
8742.0	14.383	13.0
8744.0	14.382	13.0
8746.0	14.382	13.0
8748.0	14.382	13.0
8750.0	14.382	13.0
8752.0	14.383	13.0
8754.0	14.385	13.0
8756.0	14.387	13.0
8758.0	14.388	13.0
8760.0	14.392000000000001	13.0
8762.0	14.394	13.0
8764.0	14.397	13.0
8766.0	14.399000000000001	13.0
8768.0	14.401	13.0
8770.0	14.402000000000001	13.0
8772.0	14.404000000000002	13.0
8774.0	14.408	13.0
8776.0	14.411	13.0
8778.0	14.415	13.0
8780.0	14.42	13.0
8782.0	14.423	13.0
8784.0	14.427999999999999	13.0
8786.0	14.432	13.0
8788.0	14.437000000000001	13.0
8790.0	14.437000000000001	13.0
8792.0	14.435	13.0
8794.0	14.435	13.0
8796.0	14.432	13.0
8798.0	14.427	13.0
8800.0	14.421	13.0
8802.0	14.415999999999999	13.0
8804.0	14.411	13.0
8806.0	14.405999999999999	13.0
8808.0	14.402000000000001	13.0
8810.0	14.399000000000001	13.0
8812.0	14.397	13.0
8814.0	14.395	13.0
8816.0	14.394	13.0
8818.0	14.394	13.0
8820.0	14.394	13.0
8822.0	14.392000000000001	13.0
8824.0	14.392000000000001	13.0
8826.0	14.39	13.0
8828.0	14.388	13.0
8830.0	14.387	13.0
8832.0	14.387	13.0
8834.0	14.385	13.0
8836.0	14.383	13.0
8838.0	14.383	13.0
8840.0	14.38	13.0
8842.0	14.378	13.0
8844.0	14.378	13.0
8846.0	14.378	13.0
8848.0	14.378	13.0
8850.0	14.378	13.0
8852.0	14.378	13.0
8854.0	14.378	13.0
8856.0	14.378	13.0
8858.0	14.38	13.0
8860.0	14.383	13.0
8862.0	14.387	13.0
8864.0	14.392000000000001	13.0
8866.0	14.397	13.0
8868.0	14.402000000000001	13.0
8870.0	14.405999999999999	13.0
8872.0	14.411	13.0
8874.0	14.418	13.0
8876.0	14.423	13.0
8878.0	14.427	13.0
8880.0	14.432	13.0
8882.0	14.432	13.0
8884.0	14.435	13.0
8886.0	14.434000000000001	13.0
8888.0	14.43	13.0
8890.0	14.425	13.0
8892.0	14.421	13.0
8894.0	14.418	13.0
8896.0	14.413	13.0
8898.0	14.409	13.0
8900.0	14.404000000000002	13.0
8902.0	14.397	13.0
8904.0	14.392000000000001	13.0
8906.0	14.39	13.0
8908.0	14.387	13.0
8910.0	14.383	13.0
8912.0	14.385	13.0
8914.0	14.387	13.0
8916.0	14.387	13.0
8918.0	14.388	13.0
8920.0	14.39	13.0
8922.0	14.39	13.0
8924.0	14.39	13.0
8926.0	14.39	13.0
8928.0	14.39	13.0
8930.0	14.39	13.0
8932.0	14.39	13.0
8934.0	14.39	13.0
8936.0	14.392000000000001	13.0
8938.0	14.392000000000001	13.0
8940.0	14.394	13.0
8942.0	14.397	13.0
8944.0	14.401	13.0
8946.0	14.404000000000002	13.0
8948.0	14.408	13.0
8950.0	14.413	13.0
8952.0	14.415999999999999	13.0
8954.0	14.42	13.0
8956.0	14.423	13.0
8958.0	14.427	13.0
8960.0	14.427	13.0
8962.0	14.427	13.0
8964.0	14.427	13.0
8966.0	14.425	13.0
8968.0	14.423	13.0
8970.0	14.42	13.0
8972.0	14.415999999999999	13.0
8974.0	14.413	13.0
8976.0	14.409	13.0
8978.0	14.405999999999999	13.0
8980.0	14.405999999999999	13.0
8982.0	14.404000000000002	13.0
8984.0	14.402000000000001	13.0
8986.0	14.402000000000001	13.0
8988.0	14.402000000000001	13.0
8990.0	14.401	13.0
8992.0	14.399000000000001	13.0
8994.0	14.397	13.0
8996.0	14.397	13.0
8998.0	14.397	13.0
9000.0	14.397	13.0
9002.0	14.397	13.0
9004.0	14.395	13.0
9006.0	14.394	13.0
9008.0	14.392000000000001	13.0
9010.0	14.39	13.0
9012.0	14.388	13.0
9014.0	14.387	13.0
9016.0	14.385	13.0
9018.0	14.385	13.0
9020.0	14.383	13.0
9022.0	14.383	13.0
9024.0	14.383	13.0
9026.0	14.383	13.0
9028.0	14.383	13.0
9030.0	14.383	13.0
9032.0	14.385	13.0
9034.0	14.387	13.0
9036.0	14.39	13.0
9038.0	14.392000000000001	13.0
9040.0	14.397	13.0
9042.0	14.401	13.0
9044.0	14.404000000000002	13.0
9046.0	14.409	13.0
9048.0	14.415	13.0
9050.0	14.42	13.0
9052.0	14.427	13.0
9054.0	14.432	13.0
9056.0	14.437000000000001	13.0
9058.0	14.442	13.0
9060.0	14.447000000000001	13.0
9062.0	14.450999999999999	13.0
9064.0	14.454	13.0
9066.0	14.458	13.0
9068.0	14.46	13.0
9070.0	14.46	13.0
9072.0	14.46	13.0
9074.0	14.46	13.0
9076.0	14.458	13.0
9078.0	14.456	13.0
9080.0	14.456	13.0
9082.0	14.454	13.0
9084.0	14.454	13.0
9086.0	14.453	13.0
9088.0	14.456	13.0
9090.0	14.456	13.0
9092.0	14.458	13.0
9094.0	14.458	13.0
9096.0	14.458	13.0
9098.0	14.458	13.0
9100.0	14.458	13.0
9102.0	14.458	13.0
9104.0	14.458	13.0
9106.0	14.458	13.0
9108.0	14.458	13.0
9110.0	14.46	13.0
9112.0	14.460999999999999	13.0
9114.0	14.463	13.0
9116.0	14.465	13.0
9118.0	14.467	13.0
9120.0	14.468	13.0
9122.0	14.47	13.0
9124.0	14.472000000000001	13.0
9126.0	14.474	13.0
9128.0	14.475	13.0
9130.0	14.477	13.0
9132.0	14.479000000000001	13.0
9134.0	14.48	13.0
9136.0	14.484000000000002	13.0
9138.0	14.487	13.0
9140.0	14.491	13.0
9142.0	14.494000000000002	13.0
9144.0	14.498	13.0
9146.0	14.501	13.0
9148.0	14.505	13.0
9150.0	14.51	13.0
9152.0	14.515	13.0
9154.0	14.517000000000001	13.0
9156.0	14.522	13.0
9158.0	14.526	13.0
9160.0	14.527000000000001	13.0
9162.0	14.529000000000002	13.0
9164.0	14.530999999999999	13.0
9166.0	14.529000000000002	13.0
9168.0	14.526	13.0
9170.0	14.522	13.0
9172.0	14.519	13.0
9174.0	14.515	13.0
9176.0	14.51	13.0
9178.0	14.508	13.0
9180.0	14.505	13.0
9182.0	14.501	13.0
9184.0	14.498	13.0
9186.0	14.495999999999999	13.0
9188.0	14.493	13.0
9190.0	14.493	13.0
9192.0	14.491	13.0
9194.0	14.491	13.0
9196.0	14.491	13.0
9198.0	14.491	13.0
9200.0	14.489	13.0
