3200.0	10.729000000000001	7.0
3201.0	10.732000000000001	7.0
3202.0	10.735999999999999	7.0
3203.0	10.739	7.0
3204.0	10.741	7.0
3205.0	10.743	7.0
3206.0	10.741	7.0
3207.0	10.739	7.0
3208.0	10.737	7.0
3209.0	10.735999999999999	7.0
3210.0	10.734000000000002	7.0
3211.0	10.732000000000001	7.0
3212.0	10.732000000000001	7.0
3213.0	10.732000000000001	7.0
3214.0	10.732000000000001	7.0
3215.0	10.732000000000001	7.0
3216.0	10.732000000000001	7.0
3217.0	10.734000000000002	7.0
3218.0	10.735999999999999	7.0
3219.0	10.735999999999999	7.0
3220.0	10.737	7.0
3221.0	10.735999999999999	7.0
3222.0	10.734000000000002	7.0
3223.0	10.732000000000001	7.0
3224.0	10.73	7.0
3225.0	10.729000000000001	7.0
3226.0	10.725	7.0
3227.0	10.722000000000001	7.0
3228.0	10.72	7.0
3229.0	10.717	7.0
3230.0	10.715	7.0
3231.0	10.713	7.0
3232.0	10.713	7.0
3233.0	10.713	7.0
3234.0	10.713	7.0
3235.0	10.713	7.0
3236.0	10.713	7.0
3237.0	10.713	7.0
3238.0	10.718	7.0
3239.0	10.724	7.0
3240.0	10.73	7.0
3241.0	10.737	7.0
3242.0	10.744000000000002	7.0
3243.0	10.748	7.0
3244.0	10.751	7.0
3245.0	10.755	7.0
3246.0	10.758	7.0
3247.0	10.76	7.0
3248.0	10.76	7.0
3249.0	10.765	7.0
3250.0	10.769	7.0
3251.0	10.774000000000001	7.0
3252.0	10.780999999999999	7.0
3253.0	10.784	7.0
3254.0	10.788	7.0
3255.0	10.790999999999999	7.0
3256.0	10.793	7.0
3257.0	10.795	7.0
3258.0	10.796	7.0
3259.0	10.8	7.0
3260.0	10.802999999999999	7.0
3261.0	10.807	7.0
3262.0	10.812000000000001	7.0
3263.0	10.815999999999999	7.0
3264.0	10.819	7.0
3265.0	10.822000000000001	7.0
3266.0	10.825999999999999	7.0
3267.0	10.828	7.0
3268.0	10.831	7.0
3269.0	10.833	7.0
3270.0	10.833	7.0
3271.0	10.833	7.0
3272.0	10.833	7.0
3273.0	10.833	7.0
3274.0	10.833	7.0
3275.0	10.835	7.0
3276.0	10.835	7.0
3277.0	10.835999999999999	7.0
3278.0	10.838	7.0
3279.0	10.84	7.0
3280.0	10.843	7.0
3281.0	10.845	7.0
3282.0	10.847000000000001	7.0
3283.0	10.847000000000001	7.0
3284.0	10.849	7.0
3285.0	10.85	7.0
3286.0	10.85	7.0
3287.0	10.85	7.0
3288.0	10.852	7.0
3289.0	10.852	7.0
3290.0	10.852	7.0
3291.0	10.852	7.0
3292.0	10.854000000000001	7.0
3293.0	10.854000000000001	7.0
3294.0	10.855	7.0
3295.0	10.857000000000001	7.0
3296.0	10.859000000000002	7.0
3297.0	10.860999999999999	7.0
3298.0	10.860999999999999	7.0
3299.0	10.862	7.0
3300.0	10.860999999999999	7.0
3301.0	10.859000000000002	7.0
3302.0	10.857000000000001	7.0
3303.0	10.857000000000001	7.0
3304.0	10.855	7.0
3305.0	10.854000000000001	7.0
3306.0	10.854000000000001	7.0
3307.0	10.854000000000001	7.0
3308.0	10.854000000000001	7.0
3309.0	10.854000000000001	7.0
3310.0	10.855	7.0
3311.0	10.855	7.0
3312.0	10.855	7.0
3313.0	10.854000000000001	7.0
3314.0	10.854000000000001	7.0
3315.0	10.855	7.0
3316.0	10.857000000000001	7.0
3317.0	10.857000000000001	7.0
3318.0	10.855	7.0
3319.0	10.854000000000001	7.0
3320.0	10.85	7.0
3321.0	10.847000000000001	7.0
3322.0	10.845	7.0
3323.0	10.843	7.0
3324.0	10.845	7.0
3325.0	10.847000000000001	7.0
3326.0	10.847000000000001	7.0
3327.0	10.849	7.0
3328.0	10.847000000000001	7.0
3329.0	10.847000000000001	7.0
3330.0	10.847000000000001	7.0
3331.0	10.847000000000001	7.0
3332.0	10.847000000000001	7.0
3333.0	10.849	7.0
3334.0	10.85	7.0
3335.0	10.852	7.0
3336.0	10.854000000000001	7.0
3337.0	10.854000000000001	7.0
3338.0	10.855	7.0
3339.0	10.854000000000001	7.0
3340.0	10.854000000000001	7.0
3341.0	10.854000000000001	7.0
3342.0	10.854000000000001	7.0
3343.0	10.857000000000001	7.0
3344.0	10.859000000000002	7.0
3345.0	10.859000000000002	7.0
3346.0	10.860999999999999	7.0
3347.0	10.860999999999999	7.0
3348.0	10.862	7.0
3349.0	10.864	7.0
3350.0	10.866	7.0
3351.0	10.869000000000002	7.0
3352.0	10.873	7.0
3353.0	10.876	7.0
3354.0	10.878	7.0
3355.0	10.882	7.0
3356.0	10.883	7.0
3357.0	10.885	7.0
3358.0	10.885	7.0
3359.0	10.885	7.0
3360.0	10.887	7.0
3361.0	10.888	7.0
3362.0	10.89	7.0
3363.0	10.89	7.0
3364.0	10.89	7.0
3365.0	10.89	7.0
3366.0	10.887	7.0
3367.0	10.883	7.0
3368.0	10.88	7.0
3369.0	10.878	7.0
3370.0	10.876	7.0
3371.0	10.876	7.0
3372.0	10.878	7.0
3373.0	10.878	7.0
3374.0	10.878	7.0
3375.0	10.878	7.0
3376.0	10.88	7.0
3377.0	10.88	7.0
3378.0	10.88	7.0
3379.0	10.88	7.0
3380.0	10.878	7.0
3381.0	10.878	7.0
3382.0	10.88	7.0
3383.0	10.88	7.0
3384.0	10.883	7.0
3385.0	10.885	7.0
3386.0	10.883	7.0
3387.0	10.882	7.0
3388.0	10.882	7.0
3389.0	10.88	7.0
3390.0	10.882	7.0
3391.0	10.882	7.0
3392.0	10.885	7.0
3393.0	10.887	7.0
3394.0	10.892000000000001	7.0
3395.0	10.894	7.0
3396.0	10.897	7.0
3397.0	10.899000000000001	7.0
3398.0	10.901	7.0
3399.0	10.902000000000001	7.0
3400.0	10.902000000000001	7.0
3401.0	10.902000000000001	7.0
3402.0	10.902000000000001	7.0
3403.0	10.899000000000001	7.0
3404.0	10.895	7.0
3405.0	10.894	7.0
3406.0	10.892000000000001	7.0
3407.0	10.892000000000001	7.0
3408.0	10.89	7.0
3409.0	10.89	7.0
3410.0	10.89	7.0
3411.0	10.892000000000001	7.0
3412.0	10.894	7.0
3413.0	10.897	7.0
3414.0	10.899000000000001	7.0
3415.0	10.901	7.0
3416.0	10.902000000000001	7.0
3417.0	10.904000000000002	7.0
3418.0	10.905999999999999	7.0
3419.0	10.908	7.0
3420.0	10.909	7.0
3421.0	10.911	7.0
3422.0	10.911	7.0
3423.0	10.909	7.0
3424.0	10.911	7.0
3425.0	10.913	7.0
3426.0	10.915999999999999	7.0
3427.0	10.918	7.0
3428.0	10.92	7.0
3429.0	10.92	7.0
3430.0	10.921	7.0
3431.0	10.923	7.0
3432.0	10.923	7.0
3433.0	10.923	7.0
3434.0	10.923	7.0
3435.0	10.923	7.0
3436.0	10.921	7.0
3437.0	10.918	7.0
3438.0	10.915	7.0
3439.0	10.913	7.0
3440.0	10.911	7.0
3441.0	10.911	7.0
3442.0	10.911	7.0
3443.0	10.913	7.0
3444.0	10.918	7.0
3445.0	10.921	7.0
3446.0	10.927	7.0
3447.0	10.932	7.0
3448.0	10.935	7.0
3449.0	10.939	7.0
3450.0	10.940999999999999	7.0
3451.0	10.942	7.0
3452.0	10.942	7.0
3453.0	10.942	7.0
3454.0	10.940999999999999	7.0
3455.0	10.940999999999999	7.0
3456.0	10.939	7.0
3457.0	10.939	7.0
3458.0	10.939	7.0
3459.0	10.937000000000001	7.0
3460.0	10.937000000000001	7.0
3461.0	10.939	7.0
3462.0	10.940999999999999	7.0
3463.0	10.942	7.0
3464.0	10.944	7.0
3465.0	10.944	7.0
3466.0	10.944	7.0
3467.0	10.944	7.0
3468.0	10.942	7.0
3469.0	10.939	7.0
3470.0	10.937000000000001	7.0
3471.0	10.937000000000001	7.0
3472.0	10.937000000000001	7.0
3473.0	10.937000000000001	7.0
3474.0	10.939	7.0
3475.0	10.939	7.0
3476.0	10.944	7.0
3477.0	10.946	7.0
3478.0	10.950999999999999	7.0
3479.0	10.956	7.0
3480.0	10.958	7.0
3481.0	10.960999999999999	7.0
3482.0	10.963	7.0
3483.0	10.960999999999999	7.0
3484.0	10.960999999999999	7.0
3485.0	10.96	7.0
3486.0	10.958	7.0
3487.0	10.956	7.0
3488.0	10.953	7.0
3489.0	10.949000000000002	7.0
3490.0	10.946	7.0
3491.0	10.946	7.0
3492.0	10.944	7.0
3493.0	10.946	7.0
3494.0	10.947000000000001	7.0
3495.0	10.950999999999999	7.0
3496.0	10.953	7.0
3497.0	10.954	7.0
3498.0	10.956	7.0
3499.0	10.958	7.0
3500.0	10.96	7.0
3501.0	10.960999999999999	7.0
3502.0	10.965	7.0
3503.0	10.968	7.0
3504.0	10.97	7.0
3505.0	10.972000000000001	7.0
3506.0	10.972000000000001	7.0
3507.0	10.972000000000001	7.0
3508.0	10.974	7.0
3509.0	10.975	7.0
3510.0	10.975	7.0
3511.0	10.974	7.0
3512.0	10.974	7.0
3513.0	10.972000000000001	7.0
3514.0	10.972000000000001	7.0
3515.0	10.97	7.0
3516.0	10.97	7.0
3517.0	10.968	7.0
3518.0	10.967	7.0
3519.0	10.965	7.0
3520.0	10.965	7.0
3521.0	10.965	7.0
3522.0	10.965	7.0
3523.0	10.965	7.0
3524.0	10.963	7.0
3525.0	10.965	7.0
3526.0	10.965	7.0
3527.0	10.968	7.0
3528.0	10.972000000000001	7.0
3529.0	10.975	7.0
3530.0	10.979000000000001	7.0
3531.0	10.984000000000002	7.0
3532.0	10.985999999999999	7.0
3533.0	10.989	7.0
3534.0	10.991	7.0
3535.0	10.994000000000002	7.0
3536.0	10.998	7.0
3537.0	11.001	7.0
3538.0	11.003	7.0
3539.0	11.003	7.0
3540.0	11.005	7.0
3541.0	11.005	7.0
3542.0	11.005	7.0
3543.0	11.008	7.0
3544.0	11.008	7.0
3545.0	11.008	7.0
3546.0	11.008	7.0
3547.0	11.008	7.0
3548.0	11.008	7.0
3549.0	11.008	7.0
3550.0	11.007	7.0
3551.0	11.007	7.0
3552.0	11.007	7.0
3553.0	11.005	7.0
3554.0	11.005	7.0
3555.0	11.005	7.0
3556.0	11.005	7.0
3557.0	11.005	7.0
3558.0	11.005	7.0
3559.0	11.005	7.0
3560.0	11.003	7.0
3561.0	11.003	7.0
3562.0	11.001	7.0
3563.0	11.001	7.0
3564.0	11.001	7.0
3565.0	11.001	7.0
3566.0	11.001	7.0
3567.0	11.003	7.0
3568.0	11.003	7.0
3569.0	11.003	7.0
3570.0	11.003	7.0
3571.0	11.003	7.0
3572.0	11.003	7.0
3573.0	11.003	7.0
3574.0	11.005	7.0
3575.0	11.005	7.0
3576.0	11.003	7.0
3577.0	11.005	7.0
3578.0	11.005	7.0
3579.0	11.007	7.0
3580.0	11.008	7.0
3581.0	11.01	7.0
3582.0	11.01	7.0
3583.0	11.012	7.0
3584.0	11.012	7.0
3585.0	11.012	7.0
3586.0	11.012	7.0
3587.0	11.012	7.0
3588.0	11.012	7.0
3589.0	11.013	7.0
3590.0	11.012	7.0
3591.0	11.012	7.0
3592.0	11.012	7.0
3593.0	11.012	7.0
3594.0	11.017000000000001	7.0
3595.0	11.02	7.0
3596.0	11.024000000000001	7.0
3597.0	11.026	7.0
3598.0	11.027000000000001	7.0
3599.0	11.029000000000002	7.0
3600.0	11.029000000000002	7.0
3601.0	11.029000000000002	7.0
3602.0	11.029000000000002	7.0
3603.0	11.027000000000001	7.0
3604.0	11.027000000000001	7.0
3605.0	11.026	7.0
3606.0	11.024000000000001	7.0
3607.0	11.024000000000001	7.0
3608.0	11.024000000000001	7.0
3609.0	11.024000000000001	7.0
3610.0	11.024000000000001	7.0
3611.0	11.027000000000001	7.0
3612.0	11.029000000000002	7.0
3613.0	11.030999999999999	7.0
3614.0	11.033	7.0
3615.0	11.034	7.0
3616.0	11.034	7.0
3617.0	11.036	7.0
3618.0	11.036	7.0
3619.0	11.038	7.0
3620.0	11.040999999999999	7.0
3621.0	11.043	7.0
3622.0	11.045	7.0
3623.0	11.048	7.0
3624.0	11.048	7.0
3625.0	11.05	7.0
3626.0	11.052	7.0
3627.0	11.052	7.0
3628.0	11.052	7.0
3629.0	11.052	7.0
3630.0	11.05	7.0
3631.0	11.05	7.0
3632.0	11.05	7.0
3633.0	11.052	7.0
3634.0	11.052	7.0
3635.0	11.055	7.0
3636.0	11.057	7.0
3637.0	11.06	7.0
3638.0	11.06	7.0
3639.0	11.062000000000001	7.0
3640.0	11.062000000000001	7.0
3641.0	11.062000000000001	7.0
3642.0	11.064	7.0
3643.0	11.064	7.0
3644.0	11.064	7.0
3645.0	11.064	7.0
3646.0	11.064	7.0
3647.0	11.064	7.0
3648.0	11.065999999999999	7.0
3649.0	11.065999999999999	7.0
3650.0	11.067	7.0
3651.0	11.069	7.0
3652.0	11.072000000000001	7.0
3653.0	11.075999999999999	7.0
3654.0	11.078	7.0
3655.0	11.081	7.0
3656.0	11.083	7.0
3657.0	11.085	7.0
3658.0	11.085	7.0
3659.0	11.088	7.0
3660.0	11.09	7.0
3661.0	11.09	7.0
3662.0	11.092	7.0
3663.0	11.092	7.0
3664.0	11.092	7.0
3665.0	11.092	7.0
3666.0	11.092	7.0
3667.0	11.092	7.0
3668.0	11.092	7.0
3669.0	11.092	7.0
3670.0	11.092	7.0
3671.0	11.09	7.0
3672.0	11.09	7.0
3673.0	11.088	7.0
3674.0	11.085999999999999	7.0
3675.0	11.085	7.0
3676.0	11.083	7.0
3677.0	11.081	7.0
3678.0	11.079	7.0
3679.0	11.078	7.0
3680.0	11.078	7.0
3681.0	11.075999999999999	7.0
3682.0	11.078	7.0
3683.0	11.078	7.0
3684.0	11.081	7.0
3685.0	11.081	7.0
3686.0	11.083	7.0
3687.0	11.085	7.0
3688.0	11.088	7.0
3689.0	11.093	7.0
3690.0	11.097000000000001	7.0
3691.0	11.102	7.0
3692.0	11.105	7.0
3693.0	11.107000000000001	7.0
3694.0	11.109000000000002	7.0
3695.0	11.110999999999999	7.0
3696.0	11.114	7.0
3697.0	11.114	7.0
3698.0	11.116	7.0
3699.0	11.118	7.0
3700.0	11.116	7.0
3701.0	11.116	7.0
3702.0	11.112	7.0
3703.0	11.109000000000002	7.0
3704.0	11.107000000000001	7.0
3705.0	11.105	7.0
3706.0	11.107000000000001	7.0
3707.0	11.110999999999999	7.0
3708.0	11.112	7.0
3709.0	11.114	7.0
3710.0	11.116	7.0
3711.0	11.118	7.0
3712.0	11.119000000000002	7.0
3713.0	11.119000000000002	7.0
3714.0	11.119000000000002	7.0
3715.0	11.119000000000002	7.0
3716.0	11.119000000000002	7.0
3717.0	11.119000000000002	7.0
3718.0	11.119000000000002	7.0
3719.0	11.119000000000002	7.0
3720.0	11.119000000000002	7.0
3721.0	11.120999999999999	7.0
3722.0	11.120999999999999	7.0
3723.0	11.120999999999999	7.0
3724.0	11.123	7.0
3725.0	11.123	7.0
3726.0	11.120999999999999	7.0
3727.0	11.119000000000002	7.0
3728.0	11.116	7.0
3729.0	11.114	7.0
3730.0	11.110999999999999	7.0
3731.0	11.107000000000001	7.0
3732.0	11.104000000000001	7.0
3733.0	11.102	7.0
3734.0	11.1	7.0
3735.0	11.099	7.0
3736.0	11.102	7.0
3737.0	11.107000000000001	7.0
3738.0	11.110999999999999	7.0
3739.0	11.116	7.0
3740.0	11.119000000000002	7.0
3741.0	11.119000000000002	7.0
3742.0	11.119000000000002	7.0
3743.0	11.120999999999999	7.0
3744.0	11.120999999999999	7.0
3745.0	11.120999999999999	7.0
3746.0	11.120999999999999	7.0
3747.0	11.120999999999999	7.0
3748.0	11.120999999999999	7.0
3749.0	11.123	7.0
3750.0	11.123	7.0
3751.0	11.123	7.0
3752.0	11.126	7.0
3753.0	11.128	7.0
3754.0	11.13	7.0
3755.0	11.133	7.0
3756.0	11.135	7.0
3757.0	11.137	7.0
3758.0	11.138	7.0
3759.0	11.138	7.0
3760.0	11.138	7.0
3761.0	11.137	7.0
3762.0	11.137	7.0
3763.0	11.135	7.0
3764.0	11.135	7.0
3765.0	11.135	7.0
3766.0	11.135	7.0
3767.0	11.137	7.0
3768.0	11.137	7.0
3769.0	11.137	7.0
3770.0	11.138	7.0
3771.0	11.138	7.0
3772.0	11.138	7.0
3773.0	11.137	7.0
3774.0	11.137	7.0
3775.0	11.137	7.0
3776.0	11.137	7.0
3777.0	11.14	7.0
3778.0	11.144	7.0
3779.0	11.147	7.0
3780.0	11.152000000000001	7.0
3781.0	11.154000000000002	7.0
3782.0	11.155999999999999	7.0
3783.0	11.155999999999999	7.0
3784.0	11.155999999999999	7.0
3785.0	11.154000000000002	7.0
3786.0	11.155999999999999	7.0
3787.0	11.155999999999999	7.0
3788.0	11.158	7.0
3789.0	11.159	7.0
3790.0	11.161	7.0
3791.0	11.161	7.0
3792.0	11.163	7.0
3793.0	11.165999999999999	7.0
3794.0	11.165999999999999	7.0
3795.0	11.165999999999999	7.0
3796.0	11.165	7.0
3797.0	11.163	7.0
3798.0	11.161	7.0
3799.0	11.159	7.0
3800.0	11.159	7.0
3801.0	11.155999999999999	7.0
3802.0	11.155999999999999	7.0
3803.0	11.154000000000002	7.0
3804.0	11.152000000000001	7.0
3805.0	11.152000000000001	7.0
3806.0	11.152000000000001	7.0
3807.0	11.152000000000001	7.0
3808.0	11.152000000000001	7.0
3809.0	11.152000000000001	7.0
3810.0	11.151	7.0
3811.0	11.149000000000001	7.0
3812.0	11.145	7.0
3813.0	11.142000000000001	7.0
3814.0	11.142000000000001	7.0
3815.0	11.142000000000001	7.0
3816.0	11.144	7.0
3817.0	11.147	7.0
3818.0	11.147	7.0
3819.0	11.149000000000001	7.0
3820.0	11.151	7.0
3821.0	11.151	7.0
3822.0	11.152000000000001	7.0
3823.0	11.152000000000001	7.0
3824.0	11.152000000000001	7.0
3825.0	11.154000000000002	7.0
3826.0	11.154000000000002	7.0
3827.0	11.155999999999999	7.0
3828.0	11.158	7.0
3829.0	11.158	7.0
3830.0	11.158	7.0
3831.0	11.158	7.0
3832.0	11.155999999999999	7.0
3833.0	11.155999999999999	7.0
3834.0	11.155999999999999	7.0
3835.0	11.154000000000002	7.0
3836.0	11.154000000000002	7.0
3837.0	11.152000000000001	7.0
3838.0	11.149000000000001	7.0
3839.0	11.147	7.0
3840.0	11.147	7.0
3841.0	11.145	7.0
3842.0	11.144	7.0
3843.0	11.144	7.0
3844.0	11.144	7.0
3845.0	11.144	7.0
3846.0	11.144	7.0
3847.0	11.144	7.0
3848.0	11.142000000000001	7.0
3849.0	11.14	7.0
3850.0	11.14	7.0
3851.0	11.138	7.0
3852.0	11.138	7.0
3853.0	11.138	7.0
3854.0	11.138	7.0
3855.0	11.14	7.0
3856.0	11.14	7.0
3857.0	11.14	7.0
3858.0	11.14	7.0
3859.0	11.142000000000001	7.0
3860.0	11.142000000000001	7.0
3861.0	11.144	7.0
3862.0	11.147	7.0
3863.0	11.149000000000001	7.0
3864.0	11.149000000000001	7.0
3865.0	11.151	7.0
3866.0	11.151	7.0
3867.0	11.151	7.0
3868.0	11.149000000000001	7.0
3869.0	11.149000000000001	7.0
3870.0	11.147	7.0
3871.0	11.147	7.0
3872.0	11.147	7.0
3873.0	11.149000000000001	7.0
3874.0	11.149000000000001	7.0
3875.0	11.149000000000001	7.0
3876.0	11.151	7.0
3877.0	11.152000000000001	7.0
3878.0	11.154000000000002	7.0
3879.0	11.155999999999999	7.0
3880.0	11.158	7.0
3881.0	11.158	7.0
3882.0	11.159	7.0
3883.0	11.159	7.0
3884.0	11.161	7.0
3885.0	11.163	7.0
3886.0	11.165999999999999	7.0
3887.0	11.168	7.0
3888.0	11.168	7.0
3889.0	11.168	7.0
3890.0	11.165999999999999	7.0
3891.0	11.163	7.0
3892.0	11.161	7.0
3893.0	11.159	7.0
3894.0	11.159	7.0
3895.0	11.159	7.0
3896.0	11.158	7.0
3897.0	11.155999999999999	7.0
3898.0	11.154000000000002	7.0
3899.0	11.154000000000002	7.0
3900.0	11.152000000000001	7.0
3901.0	11.155999999999999	7.0
3902.0	11.155999999999999	7.0
3903.0	11.155999999999999	7.0
3904.0	11.155999999999999	7.0
3905.0	11.155999999999999	7.0
3906.0	11.155999999999999	7.0
3907.0	11.158	7.0
3908.0	11.158	7.0
3909.0	11.158	7.0
3910.0	11.158	7.0
3911.0	11.158	7.0
3912.0	11.158	7.0
3913.0	11.158	7.0
3914.0	11.155999999999999	7.0
3915.0	11.155999999999999	7.0
3916.0	11.155999999999999	7.0
3917.0	11.155999999999999	7.0
3918.0	11.155999999999999	7.0
3919.0	11.158	7.0
3920.0	11.158	7.0
3921.0	11.158	7.0
3922.0	11.159	7.0
3923.0	11.159	7.0
3924.0	11.161	7.0
3925.0	11.161	7.0
3926.0	11.163	7.0
3927.0	11.165	7.0
3928.0	11.165999999999999	7.0
3929.0	11.168	7.0
3930.0	11.168	7.0
3931.0	11.168	7.0
3932.0	11.17	7.0
3933.0	11.17	7.0
3934.0	11.168	7.0
3935.0	11.168	7.0
3936.0	11.168	7.0
3937.0	11.17	7.0
3938.0	11.17	7.0
3939.0	11.17	7.0
3940.0	11.171	7.0
3941.0	11.173	7.0
3942.0	11.175	7.0
3943.0	11.177	7.0
3944.0	11.177999999999999	7.0
3945.0	11.18	7.0
3946.0	11.182	7.0
3947.0	11.185	7.0
3948.0	11.189	7.0
3949.0	11.192	7.0
3950.0	11.196	7.0
3951.0	11.199000000000002	7.0
3952.0	11.200999999999999	7.0
3953.0	11.204	7.0
3954.0	11.208	7.0
3955.0	11.21	7.0
3956.0	11.213	7.0
3957.0	11.215	7.0
3958.0	11.218	7.0
3959.0	11.222000000000001	7.0
3960.0	11.225	7.0
3961.0	11.229000000000001	7.0
3962.0	11.232000000000001	7.0
3963.0	11.235999999999999	7.0
3964.0	11.239	7.0
3965.0	11.241	7.0
3966.0	11.244000000000002	7.0
3967.0	11.245999999999999	7.0
3968.0	11.248	7.0
3969.0	11.248	7.0
3970.0	11.25	7.0
3971.0	11.251	7.0
3972.0	11.251	7.0
3973.0	11.253	7.0
3974.0	11.253	7.0
3975.0	11.253	7.0
3976.0	11.251	7.0
3977.0	11.251	7.0
3978.0	11.248	7.0
3979.0	11.248	7.0
3980.0	11.245999999999999	7.0
3981.0	11.244000000000002	7.0
3982.0	11.244000000000002	7.0
3983.0	11.241	7.0
3984.0	11.239	7.0
3985.0	11.235999999999999	7.0
3986.0	11.234000000000002	7.0
3987.0	11.229000000000001	7.0
3988.0	11.227	7.0
3989.0	11.222000000000001	7.0
3990.0	11.218	7.0
3991.0	11.215	7.0
3992.0	11.21	7.0
3993.0	11.208	7.0
3994.0	11.206	7.0
3995.0	11.203	7.0
3996.0	11.200999999999999	7.0
3997.0	11.199000000000002	7.0
3998.0	11.199000000000002	7.0
3999.0	11.196	7.0
4000.0	11.196	7.0
4001.0	11.196	7.0
4002.0	11.196	7.0
4003.0	11.194	7.0
4004.0	11.194	7.0
4005.0	11.194	7.0
4006.0	11.194	7.0
4007.0	11.194	7.0
4008.0	11.194	7.0
4009.0	11.194	7.0
4010.0	11.194	7.0
4011.0	11.196	7.0
4012.0	11.196	7.0
4013.0	11.196	7.0
4014.0	11.196	7.0
4015.0	11.196	7.0
4016.0	11.196	7.0
4017.0	11.196	7.0
4018.0	11.196	7.0
4019.0	11.196	7.0
4020.0	11.196	7.0
4021.0	11.194	7.0
4022.0	11.194	7.0
4023.0	11.194	7.0
4024.0	11.192	7.0
4025.0	11.192	7.0
4026.0	11.192	7.0
4027.0	11.190999999999999	7.0
4028.0	11.190999999999999	7.0
4029.0	11.189	7.0
4030.0	11.189	7.0
4031.0	11.189	7.0
4032.0	11.189	7.0
4033.0	11.190999999999999	7.0
4034.0	11.192	7.0
4035.0	11.192	7.0
4036.0	11.192	7.0
4037.0	11.194	7.0
4038.0	11.194	7.0
4039.0	11.194	7.0
4040.0	11.194	7.0
4041.0	11.194	7.0
4042.0	11.194	7.0
4043.0	11.194	7.0
4044.0	11.194	7.0
4045.0	11.194	7.0
4046.0	11.196	7.0
4047.0	11.196	7.0
4048.0	11.197000000000001	7.0
4049.0	11.199000000000002	7.0
4050.0	11.199000000000002	7.0
4051.0	11.199000000000002	7.0
4052.0	11.200999999999999	7.0
4053.0	11.203	7.0
4054.0	11.203	7.0
4055.0	11.203	7.0
4056.0	11.204	7.0
4057.0	11.204	7.0
4058.0	11.204	7.0
4059.0	11.204	7.0
4060.0	11.204	7.0
4061.0	11.204	7.0
4062.0	11.206	7.0
4063.0	11.208	7.0
4064.0	11.208	7.0
4065.0	11.21	7.0
4066.0	11.210999999999999	7.0
4067.0	11.213	7.0
4068.0	11.215	7.0
4069.0	11.215	7.0
4070.0	11.217	7.0
4071.0	11.218	7.0
4072.0	11.22	7.0
4073.0	11.222000000000001	7.0
4074.0	11.224	7.0
4075.0	11.225	7.0
4076.0	11.229000000000001	7.0
4077.0	11.232000000000001	7.0
4078.0	11.235999999999999	7.0
4079.0	11.239	7.0
4080.0	11.243	7.0
4081.0	11.245999999999999	7.0
4082.0	11.251	7.0
4083.0	11.255	7.0
4084.0	11.258	7.0
4085.0	11.262	7.0
4086.0	11.267000000000001	7.0
4087.0	11.272	7.0
4088.0	11.277000000000001	7.0
4089.0	11.280999999999999	7.0
4090.0	11.284	7.0
4091.0	11.288	7.0
4092.0	11.293	7.0
4093.0	11.298	7.0
4094.0	11.302	7.0
4095.0	11.307	7.0
4096.0	11.312000000000001	7.0
4097.0	11.317	7.0
4098.0	11.321	7.0
4099.0	11.325999999999999	7.0
4100.0	11.328	7.0
4101.0	11.331	7.0
4102.0	11.333	7.0
4103.0	11.333	7.0
4104.0	11.333	7.0
4105.0	11.331	7.0
4106.0	11.329	7.0
4107.0	11.328	7.0
4108.0	11.324000000000002	7.0
4109.0	11.321	7.0
4110.0	11.319	7.0
4111.0	11.317	7.0
4112.0	11.314	7.0
4113.0	11.31	7.0
4114.0	11.307	7.0
4115.0	11.302	7.0
4116.0	11.298	7.0
4117.0	11.295	7.0
4118.0	11.293	7.0
4119.0	11.290999999999999	7.0
4120.0	11.288	7.0
4121.0	11.286	7.0
4122.0	11.283	7.0
4123.0	11.280999999999999	7.0
4124.0	11.279000000000002	7.0
4125.0	11.277000000000001	7.0
4126.0	11.276	7.0
4127.0	11.274000000000001	7.0
4128.0	11.272	7.0
4129.0	11.27	7.0
4130.0	11.269	7.0
4131.0	11.269	7.0
4132.0	11.267000000000001	7.0
4133.0	11.267000000000001	7.0
4134.0	11.265	7.0
4135.0	11.265	7.0
4136.0	11.263	7.0
4137.0	11.263	7.0
4138.0	11.262	7.0
4139.0	11.262	7.0
4140.0	11.26	7.0
4141.0	11.26	7.0
4142.0	11.258	7.0
4143.0	11.258	7.0
4144.0	11.258	7.0
4145.0	11.258	7.0
4146.0	11.258	7.0
4147.0	11.258	7.0
4148.0	11.258	7.0
4149.0	11.258	7.0
4150.0	11.258	7.0
4151.0	11.258	7.0
4152.0	11.258	7.0
4153.0	11.258	7.0
4154.0	11.258	7.0
4155.0	11.258	7.0
4156.0	11.258	7.0
4157.0	11.258	7.0
4158.0	11.258	7.0
4159.0	11.258	7.0
4160.0	11.258	7.0
4161.0	11.258	7.0
4162.0	11.26	7.0
4163.0	11.26	7.0
4164.0	11.258	7.0
4165.0	11.258	7.0
4166.0	11.258	7.0
4167.0	11.257	7.0
4168.0	11.255	7.0
4169.0	11.255	7.0
4170.0	11.253	7.0
4171.0	11.253	7.0
4172.0	11.253	7.0
4173.0	11.253	7.0
4174.0	11.253	7.0
4175.0	11.251	7.0
4176.0	11.251	7.0
4177.0	11.251	7.0
4178.0	11.251	7.0
4179.0	11.251	7.0
4180.0	11.251	7.0
4181.0	11.251	7.0
4182.0	11.251	7.0
4183.0	11.251	7.0
4184.0	11.251	7.0
4185.0	11.251	7.0
4186.0	11.251	7.0
4187.0	11.251	7.0
4188.0	11.251	7.0
4189.0	11.251	7.0
4190.0	11.253	7.0
4191.0	11.253	7.0
4192.0	11.253	7.0
4193.0	11.253	7.0
4194.0	11.253	7.0
4195.0	11.253	7.0
4196.0	11.251	7.0
4197.0	11.253	7.0
4198.0	11.253	7.0
4199.0	11.253	7.0
4200.0	11.255	7.0
4201.0	11.258	7.0
4202.0	11.258	7.0
4203.0	11.26	7.0
4204.0	11.26	7.0
4205.0	11.262	7.0
4206.0	11.262	7.0
4207.0	11.262	7.0
4208.0	11.262	7.0
4209.0	11.262	7.0
4210.0	11.262	7.0
4211.0	11.26	7.0
4212.0	11.26	7.0
4213.0	11.26	7.0
4214.0	11.26	7.0
4215.0	11.26	7.0
4216.0	11.26	7.0
4217.0	11.26	7.0
4218.0	11.258	7.0
4219.0	11.258	7.0
4220.0	11.257	7.0
4221.0	11.255	7.0
4222.0	11.253	7.0
4223.0	11.253	7.0
4224.0	11.253	7.0
4225.0	11.253	7.0
4226.0	11.253	7.0
4227.0	11.253	7.0
4228.0	11.255	7.0
4229.0	11.257	7.0
4230.0	11.258	7.0
4231.0	11.26	7.0
4232.0	11.262	7.0
4233.0	11.263	7.0
4234.0	11.265	7.0
4235.0	11.265	7.0
4236.0	11.267000000000001	7.0
4237.0	11.269	7.0
4238.0	11.269	7.0
4239.0	11.269	7.0
4240.0	11.27	7.0
4241.0	11.27	7.0
4242.0	11.27	7.0
4243.0	11.27	7.0
4244.0	11.27	7.0
4245.0	11.27	7.0
4246.0	11.272	7.0
4247.0	11.272	7.0
4248.0	11.272	7.0
4249.0	11.272	7.0
4250.0	11.272	7.0
4251.0	11.274000000000001	7.0
4252.0	11.274000000000001	7.0
4253.0	11.276	7.0
4254.0	11.277000000000001	7.0
4255.0	11.279000000000002	7.0
4256.0	11.279000000000002	7.0
4257.0	11.280999999999999	7.0
4258.0	11.280999999999999	7.0
4259.0	11.280999999999999	7.0
4260.0	11.280999999999999	7.0
4261.0	11.283	7.0
4262.0	11.283	7.0
4263.0	11.284	7.0
4264.0	11.284	7.0
4265.0	11.284	7.0
4266.0	11.284	7.0
4267.0	11.284	7.0
4268.0	11.284	7.0
4269.0	11.286	7.0
4270.0	11.286	7.0
4271.0	11.288	7.0
4272.0	11.29	7.0
4273.0	11.29	7.0
4274.0	11.290999999999999	7.0
4275.0	11.290999999999999	7.0
4276.0	11.290999999999999	7.0
4277.0	11.293	7.0
4278.0	11.293	7.0
4279.0	11.295	7.0
4280.0	11.295	7.0
4281.0	11.295	7.0
4282.0	11.296	7.0
4283.0	11.298	7.0
4284.0	11.298	7.0
4285.0	11.298	7.0
4286.0	11.3	7.0
4287.0	11.3	7.0
4288.0	11.302	7.0
4289.0	11.302	7.0
4290.0	11.305	7.0
4291.0	11.307	7.0
4292.0	11.309000000000001	7.0
4293.0	11.31	7.0
4294.0	11.312000000000001	7.0
4295.0	11.314	7.0
4296.0	11.317	7.0
4297.0	11.319	7.0
4298.0	11.321	7.0
4299.0	11.322000000000001	7.0
4300.0	11.324000000000002	7.0
4301.0	11.325999999999999	7.0
4302.0	11.328	7.0
4303.0	11.328	7.0
4304.0	11.331	7.0
4305.0	11.331	7.0
4306.0	11.333	7.0
4307.0	11.335	7.0
4308.0	11.335999999999999	7.0
4309.0	11.338	7.0
4310.0	11.34	7.0
4311.0	11.342	7.0
4312.0	11.343	7.0
4313.0	11.345	7.0
4314.0	11.347000000000001	7.0
4315.0	11.35	7.0
4316.0	11.352	7.0
4317.0	11.355	7.0
4318.0	11.359000000000002	7.0
4319.0	11.364	7.0
4320.0	11.366	7.0
4321.0	11.370999999999999	7.0
4322.0	11.375	7.0
4323.0	11.378	7.0
4324.0	11.383	7.0
4325.0	11.388	7.0
4326.0	11.394	7.0
4327.0	11.399000000000001	7.0
4328.0	11.404000000000002	7.0
4329.0	11.411	7.0
4330.0	11.418	7.0
4331.0	11.423	7.0
4332.0	11.43	7.0
4333.0	11.437000000000001	7.0
4334.0	11.446	7.0
4335.0	11.453	7.0
4336.0	11.46	7.0
4337.0	11.467	7.0
4338.0	11.472000000000001	7.0
4339.0	11.475	7.0
4340.0	11.479000000000001	7.0
4341.0	11.479000000000001	7.0
4342.0	11.479000000000001	7.0
4343.0	11.479000000000001	7.0
4344.0	11.475	7.0
4345.0	11.472000000000001	7.0
4346.0	11.467	7.0
4347.0	11.460999999999999	7.0
4348.0	11.456	7.0
4349.0	11.450999999999999	7.0
4350.0	11.446	7.0
4351.0	11.442	7.0
4352.0	11.437000000000001	7.0
4353.0	11.432	7.0
4354.0	11.427	7.0
4355.0	11.423	7.0
4356.0	11.415999999999999	7.0
4357.0	11.411	7.0
4358.0	11.405999999999999	7.0
4359.0	11.402000000000001	7.0
4360.0	11.399000000000001	7.0
4361.0	11.395	7.0
4362.0	11.392000000000001	7.0
4363.0	11.388	7.0
4364.0	11.387	7.0
4365.0	11.383	7.0
4366.0	11.382	7.0
4367.0	11.38	7.0
4368.0	11.378	7.0
4369.0	11.375	7.0
4370.0	11.373	7.0
4371.0	11.369000000000002	7.0
4372.0	11.368	7.0
4373.0	11.364	7.0
4374.0	11.362	7.0
4375.0	11.360999999999999	7.0
4376.0	11.359000000000002	7.0
4377.0	11.357000000000001	7.0
4378.0	11.354000000000001	7.0
4379.0	11.354000000000001	7.0
4380.0	11.352	7.0
4381.0	11.35	7.0
4382.0	11.35	7.0
4383.0	11.35	7.0
4384.0	11.35	7.0
4385.0	11.35	7.0
4386.0	11.352	7.0
4387.0	11.352	7.0
4388.0	11.352	7.0
4389.0	11.352	7.0
4390.0	11.352	7.0
4391.0	11.354000000000001	7.0
4392.0	11.354000000000001	7.0
4393.0	11.352	7.0
4394.0	11.352	7.0
4395.0	11.352	7.0
4396.0	11.352	7.0
4397.0	11.352	7.0
4398.0	11.352	7.0
4399.0	11.352	7.0
4400.0	11.352	7.0
4401.0	11.352	7.0
4402.0	11.352	7.0
4403.0	11.352	7.0
4404.0	11.352	7.0
4405.0	11.354000000000001	7.0
4406.0	11.354000000000001	7.0
4407.0	11.355	7.0
4408.0	11.357000000000001	7.0
4409.0	11.357000000000001	7.0
4410.0	11.357000000000001	7.0
4411.0	11.357000000000001	7.0
4412.0	11.357000000000001	7.0
4413.0	11.357000000000001	7.0
4414.0	11.357000000000001	7.0
4415.0	11.357000000000001	7.0
4416.0	11.357000000000001	7.0
4417.0	11.359000000000002	7.0
4418.0	11.359000000000002	7.0
4419.0	11.360999999999999	7.0
4420.0	11.360999999999999	7.0
4421.0	11.360999999999999	7.0
4422.0	11.360999999999999	7.0
4423.0	11.360999999999999	7.0
4424.0	11.360999999999999	7.0
4425.0	11.360999999999999	7.0
4426.0	11.360999999999999	7.0
4427.0	11.360999999999999	7.0
4428.0	11.362	7.0
4429.0	11.362	7.0
4430.0	11.364	7.0
4431.0	11.364	7.0
4432.0	11.364	7.0
4433.0	11.364	7.0
4434.0	11.364	7.0
4435.0	11.364	7.0
4436.0	11.364	7.0
4437.0	11.366	7.0
4438.0	11.366	7.0
4439.0	11.366	7.0
4440.0	11.366	7.0
4441.0	11.366	7.0
4442.0	11.366	7.0
4443.0	11.366	7.0
4444.0	11.366	7.0
4445.0	11.366	7.0
4446.0	11.366	7.0
4447.0	11.368	7.0
4448.0	11.368	7.0
4449.0	11.369000000000002	7.0
4450.0	11.369000000000002	7.0
4451.0	11.369000000000002	7.0
4452.0	11.369000000000002	7.0
4453.0	11.369000000000002	7.0
4454.0	11.369000000000002	7.0
4455.0	11.369000000000002	7.0
4456.0	11.369000000000002	7.0
4457.0	11.370999999999999	7.0
4458.0	11.370999999999999	7.0
4459.0	11.370999999999999	7.0
4460.0	11.370999999999999	7.0
4461.0	11.373	7.0
4462.0	11.373	7.0
4463.0	11.373	7.0
4464.0	11.375	7.0
4465.0	11.375	7.0
4466.0	11.376	7.0
4467.0	11.376	7.0
4468.0	11.378	7.0
4469.0	11.378	7.0
4470.0	11.378	7.0
4471.0	11.38	7.0
4472.0	11.382	7.0
4473.0	11.383	7.0
4474.0	11.383	7.0
4475.0	11.385	7.0
4476.0	11.385	7.0
4477.0	11.385	7.0
4478.0	11.387	7.0
4479.0	11.387	7.0
4480.0	11.387	7.0
4481.0	11.388	7.0
4482.0	11.39	7.0
4483.0	11.39	7.0
4484.0	11.392000000000001	7.0
4485.0	11.392000000000001	7.0
4486.0	11.394	7.0
4487.0	11.394	7.0
4488.0	11.394	7.0
4489.0	11.394	7.0
4490.0	11.395	7.0
4491.0	11.397	7.0
4492.0	11.397	7.0
4493.0	11.397	7.0
4494.0	11.397	7.0
4495.0	11.397	7.0
4496.0	11.397	7.0
4497.0	11.399000000000001	7.0
4498.0	11.399000000000001	7.0
4499.0	11.399000000000001	7.0
4500.0	11.401	7.0
4501.0	11.402000000000001	7.0
4502.0	11.402000000000001	7.0
4503.0	11.404000000000002	7.0
4504.0	11.404000000000002	7.0
4505.0	11.404000000000002	7.0
4506.0	11.405999999999999	7.0
4507.0	11.405999999999999	7.0
4508.0	11.405999999999999	7.0
4509.0	11.408	7.0
4510.0	11.408	7.0
4511.0	11.408	7.0
4512.0	11.408	7.0
4513.0	11.405999999999999	7.0
4514.0	11.405999999999999	7.0
4515.0	11.405999999999999	7.0
4516.0	11.405999999999999	7.0
4517.0	11.405999999999999	7.0
4518.0	11.405999999999999	7.0
4519.0	11.405999999999999	7.0
4520.0	11.404000000000002	7.0
4521.0	11.404000000000002	7.0
4522.0	11.404000000000002	7.0
4523.0	11.404000000000002	7.0
4524.0	11.404000000000002	7.0
4525.0	11.404000000000002	7.0
4526.0	11.402000000000001	7.0
4527.0	11.402000000000001	7.0
4528.0	11.402000000000001	7.0
4529.0	11.402000000000001	7.0
4530.0	11.402000000000001	7.0
4531.0	11.402000000000001	7.0
4532.0	11.402000000000001	7.0
4533.0	11.404000000000002	7.0
4534.0	11.404000000000002	7.0
4535.0	11.405999999999999	7.0
4536.0	11.408	7.0
4537.0	11.409	7.0
4538.0	11.409	7.0
4539.0	11.409	7.0
4540.0	11.411	7.0
4541.0	11.411	7.0
4542.0	11.411	7.0
4543.0	11.411	7.0
4544.0	11.411	7.0
4545.0	11.411	7.0
4546.0	11.409	7.0
4547.0	11.409	7.0
4548.0	11.409	7.0
4549.0	11.409	7.0
4550.0	11.411	7.0
4551.0	11.411	7.0
4552.0	11.413	7.0
4553.0	11.413	7.0
4554.0	11.413	7.0
4555.0	11.415	7.0
4556.0	11.415999999999999	7.0
4557.0	11.415999999999999	7.0
4558.0	11.415999999999999	7.0
4559.0	11.418	7.0
4560.0	11.418	7.0
4561.0	11.42	7.0
4562.0	11.421	7.0
4563.0	11.423	7.0
4564.0	11.423	7.0
4565.0	11.421	7.0
4566.0	11.421	7.0
4567.0	11.421	7.0
4568.0	11.423	7.0
4569.0	11.423	7.0
4570.0	11.423	7.0
4571.0	11.423	7.0
4572.0	11.423	7.0
4573.0	11.425	7.0
4574.0	11.425	7.0
4575.0	11.425	7.0
4576.0	11.427	7.0
4577.0	11.427	7.0
4578.0	11.427	7.0
4579.0	11.427	7.0
4580.0	11.427	7.0
4581.0	11.427	7.0
4582.0	11.427	7.0
4583.0	11.427	7.0
4584.0	11.427	7.0
4585.0	11.427	7.0
4586.0	11.427999999999999	7.0
4587.0	11.43	7.0
4588.0	11.43	7.0
4589.0	11.432	7.0
4590.0	11.432	7.0
4591.0	11.435	7.0
4592.0	11.435	7.0
4593.0	11.435	7.0
4594.0	11.437000000000001	7.0
4595.0	11.437000000000001	7.0
4596.0	11.437000000000001	7.0
4597.0	11.439	7.0
4598.0	11.439	7.0
4599.0	11.439	7.0
4600.0	11.439	7.0
4601.0	11.437000000000001	7.0
4602.0	11.437000000000001	7.0
4603.0	11.437000000000001	7.0
4604.0	11.437000000000001	7.0
4605.0	11.439	7.0
4606.0	11.439	7.0
4607.0	11.439	7.0
4608.0	11.440999999999999	7.0
4609.0	11.439	7.0
4610.0	11.439	7.0
4611.0	11.439	7.0
4612.0	11.440999999999999	7.0
4613.0	11.440999999999999	7.0
4614.0	11.440999999999999	7.0
4615.0	11.440999999999999	7.0
4616.0	11.440999999999999	7.0
4617.0	11.440999999999999	7.0
4618.0	11.440999999999999	7.0
4619.0	11.442	7.0
4620.0	11.442	7.0
4621.0	11.442	7.0
4622.0	11.442	7.0
4623.0	11.442	7.0
4624.0	11.442	7.0
4625.0	11.442	7.0
4626.0	11.442	7.0
4627.0	11.444	7.0
4628.0	11.444	7.0
4629.0	11.444	7.0
4630.0	11.444	7.0
4631.0	11.444	7.0
4632.0	11.444	7.0
4633.0	11.444	7.0
4634.0	11.444	7.0
4635.0	11.446	7.0
4636.0	11.446	7.0
4637.0	11.447000000000001	7.0
4638.0	11.449000000000002	7.0
4639.0	11.449000000000002	7.0
4640.0	11.449000000000002	7.0
4641.0	11.449000000000002	7.0
4642.0	11.449000000000002	7.0
4643.0	11.449000000000002	7.0
4644.0	11.449000000000002	7.0
4645.0	11.449000000000002	7.0
4646.0	11.449000000000002	7.0
4647.0	11.450999999999999	7.0
4648.0	11.450999999999999	7.0
4649.0	11.450999999999999	7.0
4650.0	11.449000000000002	7.0
4651.0	11.449000000000002	7.0
4652.0	11.449000000000002	7.0
4653.0	11.449000000000002	7.0
4654.0	11.450999999999999	7.0
4655.0	11.450999999999999	7.0
4656.0	11.453	7.0
4657.0	11.453	7.0
4658.0	11.454	7.0
4659.0	11.456	7.0
4660.0	11.456	7.0
4661.0	11.456	7.0
4662.0	11.458	7.0
4663.0	11.458	7.0
4664.0	11.458	7.0
4665.0	11.458	7.0
4666.0	11.458	7.0
4667.0	11.458	7.0
4668.0	11.458	7.0
4669.0	11.46	7.0
4670.0	11.46	7.0
4671.0	11.460999999999999	7.0
4672.0	11.463	7.0
4673.0	11.463	7.0
4674.0	11.465	7.0
4675.0	11.465	7.0
4676.0	11.465	7.0
4677.0	11.465	7.0
4678.0	11.465	7.0
4679.0	11.465	7.0
4680.0	11.465	7.0
4681.0	11.465	7.0
4682.0	11.468	7.0
4683.0	11.468	7.0
4684.0	11.47	7.0
4685.0	11.47	7.0
4686.0	11.472000000000001	7.0
4687.0	11.472000000000001	7.0
4688.0	11.472000000000001	7.0
4689.0	11.472000000000001	7.0
4690.0	11.472000000000001	7.0
4691.0	11.47	7.0
4692.0	11.47	7.0
4693.0	11.47	7.0
4694.0	11.47	7.0
4695.0	11.472000000000001	7.0
4696.0	11.47	7.0
4697.0	11.47	7.0
4698.0	11.468	7.0
4699.0	11.468	7.0
4700.0	11.468	7.0
4702.0	11.487	13.0
4704.0	11.487	13.0
4706.0	11.487	13.0
4708.0	11.487	13.0
4710.0	11.487	13.0
4712.0	11.487	13.0
4714.0	11.489	13.0
4716.0	11.489	13.0
4718.0	11.489	13.0
4720.0	11.491	13.0
4722.0	11.491	13.0
4724.0	11.494000000000002	13.0
4726.0	11.494000000000002	13.0
4728.0	11.495999999999999	13.0
4730.0	11.495999999999999	13.0
4732.0	11.498	13.0
4734.0	11.498	13.0
4736.0	11.498	13.0
4738.0	11.498	13.0
4740.0	11.5	13.0
4742.0	11.5	13.0
4744.0	11.501	13.0
4746.0	11.501	13.0
4748.0	11.503	13.0
4750.0	11.503	13.0
4752.0	11.503	13.0
4754.0	11.505	13.0
4756.0	11.507	13.0
4758.0	11.508	13.0
4760.0	11.508	13.0
4762.0	11.51	13.0
4764.0	11.51	13.0
4766.0	11.51	13.0
4768.0	11.51	13.0
4770.0	11.51	13.0
4772.0	11.51	13.0
4774.0	11.51	13.0
4776.0	11.51	13.0
4778.0	11.512	13.0
4780.0	11.512	13.0
4782.0	11.512	13.0
4784.0	11.512	13.0
4786.0	11.515	13.0
4788.0	11.515	13.0
4790.0	11.517000000000001	13.0
4792.0	11.519	13.0
4794.0	11.52	13.0
4796.0	11.522	13.0
4798.0	11.524000000000001	13.0
4800.0	11.527000000000001	13.0
4802.0	11.529000000000002	13.0
4804.0	11.530999999999999	13.0
4806.0	11.533	13.0
4808.0	11.536	13.0
4810.0	11.538	13.0
4812.0	11.540999999999999	13.0
4814.0	11.545	13.0
4816.0	11.548	13.0
4818.0	11.55	13.0
4820.0	11.552	13.0
4822.0	11.555	13.0
4824.0	11.557	13.0
4826.0	11.56	13.0
4828.0	11.562000000000001	13.0
4830.0	11.565999999999999	13.0
4832.0	11.569	13.0
4834.0	11.574000000000002	13.0
4836.0	11.581	13.0
4838.0	11.585	13.0
4840.0	11.593	13.0
4842.0	11.6	13.0
4844.0	11.607000000000001	13.0
4846.0	11.616	13.0
4848.0	11.623	13.0
4850.0	11.632	13.0
4852.0	11.64	13.0
4854.0	11.649000000000001	13.0
4856.0	11.655999999999999	13.0
4858.0	11.661	13.0
4860.0	11.668	13.0
4862.0	11.671	13.0
4864.0	11.67	13.0
4866.0	11.67	13.0
4868.0	11.668	13.0
4870.0	11.661	13.0
4872.0	11.655999999999999	13.0
4874.0	11.649000000000001	13.0
4876.0	11.64	13.0
4878.0	11.633	13.0
4880.0	11.623	13.0
4882.0	11.618	13.0
4884.0	11.612	13.0
4886.0	11.607000000000001	13.0
4888.0	11.602	13.0
4890.0	11.6	13.0
4892.0	11.597000000000001	13.0
4894.0	11.595	13.0
4896.0	11.593	13.0
4898.0	11.59	13.0
4900.0	11.59	13.0
4902.0	11.588	13.0
4904.0	11.585999999999999	13.0
4906.0	11.585	13.0
4908.0	11.583	13.0
4910.0	11.583	13.0
4912.0	11.581	13.0
4914.0	11.581	13.0
4916.0	11.579	13.0
4918.0	11.578	13.0
4920.0	11.578	13.0
4922.0	11.578	13.0
4924.0	11.578	13.0
4926.0	11.578	13.0
4928.0	11.578	13.0
4930.0	11.578	13.0
4932.0	11.578	13.0
4934.0	11.578	13.0
4936.0	11.578	13.0
4938.0	11.578	13.0
4940.0	11.578	13.0
4942.0	11.578	13.0
4944.0	11.578	13.0
4946.0	11.578	13.0
4948.0	11.578	13.0
4950.0	11.578	13.0
4952.0	11.578	13.0
4954.0	11.578	13.0
4956.0	11.578	13.0
4958.0	11.578	13.0
4960.0	11.578	13.0
4962.0	11.578	13.0
4964.0	11.579	13.0
4966.0	11.581	13.0
4968.0	11.581	13.0
4970.0	11.581	13.0
4972.0	11.583	13.0
4974.0	11.583	13.0
4976.0	11.585	13.0
4978.0	11.585	13.0
4980.0	11.585999999999999	13.0
4982.0	11.588	13.0
4984.0	11.588	13.0
4986.0	11.588	13.0
4988.0	11.588	13.0
4990.0	11.59	13.0
4992.0	11.59	13.0
4994.0	11.59	13.0
4996.0	11.592	13.0
4998.0	11.593	13.0
5000.0	11.593	13.0
5002.0	11.588	13.0
5004.0	11.588	13.0
5006.0	11.588	13.0
5008.0	11.588	13.0
5010.0	11.588	13.0
5012.0	11.59	13.0
5014.0	11.59	13.0
5016.0	11.59	13.0
5018.0	11.59	13.0
5020.0	11.593	13.0
5022.0	11.593	13.0
5024.0	11.595	13.0
5026.0	11.597000000000001	13.0
5028.0	11.597000000000001	13.0
5030.0	11.599	13.0
5032.0	11.6	13.0
5034.0	11.6	13.0
5036.0	11.6	13.0
5038.0	11.602	13.0
5040.0	11.604000000000001	13.0
5042.0	11.604000000000001	13.0
5044.0	11.605	13.0
5046.0	11.607000000000001	13.0
5048.0	11.609000000000002	13.0
5050.0	11.609000000000002	13.0
5052.0	11.610999999999999	13.0
5054.0	11.612	13.0
5056.0	11.612	13.0
5058.0	11.614	13.0
5060.0	11.614	13.0
5062.0	11.616	13.0
5064.0	11.616	13.0
5066.0	11.616	13.0
5068.0	11.618	13.0
5070.0	11.619000000000002	13.0
5072.0	11.619000000000002	13.0
5074.0	11.619000000000002	13.0
5076.0	11.619000000000002	13.0
5078.0	11.619000000000002	13.0
5080.0	11.620999999999999	13.0
5082.0	11.620999999999999	13.0
5084.0	11.620999999999999	13.0
5086.0	11.623	13.0
5088.0	11.623	13.0
5090.0	11.626	13.0
5092.0	11.626	13.0
5094.0	11.626	13.0
5096.0	11.628	13.0
5098.0	11.628	13.0
5100.0	11.63	13.0
5102.0	11.63	13.0
5104.0	11.63	13.0
5106.0	11.63	13.0
5108.0	11.63	13.0
5110.0	11.632	13.0
5112.0	11.632	13.0
5114.0	11.633	13.0
5116.0	11.633	13.0
5118.0	11.633	13.0
5120.0	11.635	13.0
5122.0	11.635	13.0
5124.0	11.635	13.0
5126.0	11.637	13.0
5128.0	11.637	13.0
5130.0	11.637	13.0
5132.0	11.637	13.0
5134.0	11.637	13.0
5136.0	11.637	13.0
5138.0	11.637	13.0
5140.0	11.638	13.0
5142.0	11.638	13.0
5144.0	11.64	13.0
5146.0	11.64	13.0
5148.0	11.64	13.0
5150.0	11.64	13.0
5152.0	11.640999999999998	13.0
5154.0	11.640999999999998	13.0
5156.0	11.640999999999998	13.0
5158.0	11.642000000000001	13.0
5160.0	11.642000000000001	13.0
5162.0	11.642999999999999	13.0
5164.0	11.642999999999999	13.0
5166.0	11.644	13.0
5168.0	11.644	13.0
5170.0	11.645	13.0
5172.0	11.645	13.0
5174.0	11.645999999999999	13.0
5176.0	11.647	13.0
5178.0	11.647	13.0
5180.0	11.648	13.0
5182.0	11.648	13.0
5184.0	11.649000000000001	13.0
5186.0	11.65	13.0
5188.0	11.65	13.0
5190.0	11.651	13.0
5192.0	11.652000000000001	13.0
5194.0	11.652999999999999	13.0
5196.0	11.652999999999999	13.0
5198.0	11.654000000000002	13.0
5200.0	11.655	13.0
5202.0	11.655999999999999	13.0
5204.0	11.655999999999999	13.0
5206.0	11.657	13.0
5208.0	11.658	13.0
5210.0	11.659	13.0
5212.0	11.659	13.0
5214.0	11.661	13.0
5216.0	11.661	13.0
5218.0	11.663	13.0
5220.0	11.663	13.0
5222.0	11.665	13.0
5224.0	11.665999999999999	13.0
5226.0	11.665999999999999	13.0
5228.0	11.665999999999999	13.0
5230.0	11.668	13.0
5232.0	11.67	13.0
5234.0	11.67	13.0
5236.0	11.671	13.0
5238.0	11.673	13.0
5240.0	11.675	13.0
5242.0	11.675	13.0
5244.0	11.677	13.0
5246.0	11.677	13.0
5248.0	11.677999999999999	13.0
5250.0	11.68	13.0
5252.0	11.68	13.0
5254.0	11.68	13.0
5256.0	11.68	13.0
5258.0	11.682	13.0
5260.0	11.682	13.0
5262.0	11.682	13.0
5264.0	11.682	13.0
5266.0	11.682	13.0
5268.0	11.682	13.0
5270.0	11.682	13.0
5272.0	11.682	13.0
5274.0	11.684000000000001	13.0
5276.0	11.685	13.0
5278.0	11.687000000000001	13.0
5280.0	11.687000000000001	13.0
5282.0	11.689	13.0
5284.0	11.690999999999999	13.0
5286.0	11.692	13.0
5288.0	11.694	13.0
5290.0	11.696	13.0
5292.0	11.696	13.0
5294.0	11.697000000000001	13.0
5296.0	11.699000000000002	13.0
5298.0	11.699000000000002	13.0
5300.0	11.700999999999999	13.0
5302.0	11.700999999999999	13.0
5304.0	11.703	13.0
5306.0	11.703	13.0
5308.0	11.704	13.0
5310.0	11.704	13.0
5312.0	11.706	13.0
5314.0	11.706	13.0
5316.0	11.706	13.0
5318.0	11.706	13.0
5320.0	11.706	13.0
5322.0	11.706	13.0
5324.0	11.706	13.0
5326.0	11.708	13.0
5328.0	11.708	13.0
5330.0	11.708	13.0
5332.0	11.71	13.0
5334.0	11.71	13.0
5336.0	11.710999999999999	13.0
5338.0	11.713	13.0
5340.0	11.713	13.0
5342.0	11.715	13.0
5344.0	11.715	13.0
5346.0	11.717	13.0
5348.0	11.718	13.0
5350.0	11.718	13.0
5352.0	11.72	13.0
5354.0	11.72	13.0
5356.0	11.722000000000001	13.0
5358.0	11.722000000000001	13.0
5360.0	11.724	13.0
5362.0	11.724	13.0
5364.0	11.725	13.0
5366.0	11.725	13.0
5368.0	11.725	13.0
5370.0	11.725	13.0
5372.0	11.727	13.0
5374.0	11.727	13.0
5376.0	11.727	13.0
5378.0	11.729000000000001	13.0
5380.0	11.729000000000001	13.0
5382.0	11.729000000000001	13.0
5384.0	11.73	13.0
5386.0	11.73	13.0
5388.0	11.732000000000001	13.0
5390.0	11.732000000000001	13.0
5392.0	11.732000000000001	13.0
5394.0	11.732000000000001	13.0
5396.0	11.734000000000002	13.0
5398.0	11.734000000000002	13.0
5400.0	11.734000000000002	13.0
5402.0	11.735999999999999	13.0
5404.0	11.735999999999999	13.0
5406.0	11.735999999999999	13.0
5408.0	11.737	13.0
5410.0	11.737	13.0
5412.0	11.739	13.0
5414.0	11.739	13.0
5416.0	11.739	13.0
5418.0	11.741	13.0
5420.0	11.741	13.0
5422.0	11.741	13.0
5424.0	11.743	13.0
5426.0	11.743	13.0
5428.0	11.744000000000002	13.0
5430.0	11.744000000000002	13.0
5432.0	11.744000000000002	13.0
5434.0	11.744000000000002	13.0
5436.0	11.745999999999999	13.0
5438.0	11.745999999999999	13.0
5440.0	11.745999999999999	13.0
5442.0	11.748	13.0
5444.0	11.748	13.0
5446.0	11.75	13.0
5448.0	11.751	13.0
5450.0	11.751	13.0
5452.0	11.753	13.0
5454.0	11.753	13.0
5456.0	11.755	13.0
5458.0	11.755	13.0
5460.0	11.757	13.0
5462.0	11.758	13.0
5464.0	11.76	13.0
5466.0	11.76	13.0
5468.0	11.762	13.0
5470.0	11.762	13.0
5472.0	11.763	13.0
5474.0	11.765	13.0
5476.0	11.765	13.0
5478.0	11.767000000000001	13.0
5480.0	11.767000000000001	13.0
5482.0	11.767000000000001	13.0
5484.0	11.769	13.0
5486.0	11.769	13.0
5488.0	11.769	13.0
5490.0	11.77	13.0
5492.0	11.772	13.0
5494.0	11.772	13.0
5496.0	11.772	13.0
5498.0	11.774000000000001	13.0
5500.0	11.774000000000001	13.0
5502.0	11.776	13.0
5504.0	11.777000000000001	13.0
5506.0	11.777000000000001	13.0
5508.0	11.777000000000001	13.0
5510.0	11.779000000000002	13.0
5512.0	11.779000000000002	13.0
5514.0	11.779000000000002	13.0
5516.0	11.780999999999999	13.0
5518.0	11.780999999999999	13.0
5520.0	11.780999999999999	13.0
5522.0	11.780999999999999	13.0
5524.0	11.783	13.0
5526.0	11.783	13.0
5528.0	11.784	13.0
5530.0	11.784	13.0
5532.0	11.784	13.0
5534.0	11.786	13.0
5536.0	11.786	13.0
5538.0	11.788	13.0
5540.0	11.788	13.0
5542.0	11.788	13.0
5544.0	11.79	13.0
5546.0	11.790999999999999	13.0
5548.0	11.793	13.0
5550.0	11.793	13.0
5552.0	11.795	13.0
5554.0	11.795	13.0
5556.0	11.796	13.0
5558.0	11.798	13.0
5560.0	11.798	13.0
5562.0	11.798	13.0
5564.0	11.798	13.0
5566.0	11.798	13.0
5568.0	11.798	13.0
5570.0	11.798	13.0
5572.0	11.798	13.0
5574.0	11.8	13.0
5576.0	11.8	13.0
5578.0	11.8	13.0
5580.0	11.802	13.0
5582.0	11.802	13.0
5584.0	11.802	13.0
5586.0	11.802	13.0
5588.0	11.802	13.0
5590.0	11.802999999999999	13.0
5592.0	11.805	13.0
5594.0	11.805	13.0
5596.0	11.805	13.0
5598.0	11.807	13.0
5600.0	11.807	13.0
5602.0	11.809000000000001	13.0
5604.0	11.81	13.0
5606.0	11.81	13.0
5608.0	11.81	13.0
5610.0	11.812000000000001	13.0
5612.0	11.812000000000001	13.0
5614.0	11.814	13.0
5616.0	11.814	13.0
5618.0	11.817	13.0
5620.0	11.817	13.0
5622.0	11.819	13.0
5624.0	11.819	13.0
5626.0	11.821	13.0
5628.0	11.822000000000001	13.0
5630.0	11.824000000000002	13.0
5632.0	11.824000000000002	13.0
5634.0	11.825999999999999	13.0
5636.0	11.825999999999999	13.0
5638.0	11.825999999999999	13.0
5640.0	11.828	13.0
5642.0	11.828	13.0
5644.0	11.828	13.0
5646.0	11.828	13.0
5648.0	11.829	13.0
5650.0	11.829	13.0
5652.0	11.831	13.0
5654.0	11.831	13.0
5656.0	11.831	13.0
5658.0	11.831	13.0
5660.0	11.833	13.0
5662.0	11.833	13.0
5664.0	11.833	13.0
5666.0	11.835	13.0
5668.0	11.835	13.0
5670.0	11.835	13.0
5672.0	11.835999999999999	13.0
5674.0	11.838	13.0
5676.0	11.838	13.0
5678.0	11.838	13.0
5680.0	11.84	13.0
5682.0	11.84	13.0
5684.0	11.84	13.0
5686.0	11.842	13.0
5688.0	11.843	13.0
5690.0	11.843	13.0
5692.0	11.845	13.0
5694.0	11.845	13.0
5696.0	11.847000000000001	13.0
5698.0	11.847000000000001	13.0
5700.0	11.847000000000001	13.0
5702.0	11.849	13.0
5704.0	11.849	13.0
5706.0	11.85	13.0
5708.0	11.85	13.0
5710.0	11.85	13.0
5712.0	11.852	13.0
5714.0	11.852	13.0
5716.0	11.852	13.0
5718.0	11.854000000000001	13.0
5720.0	11.854000000000001	13.0
5722.0	11.854000000000001	13.0
5724.0	11.855	13.0
5726.0	11.857000000000001	13.0
5728.0	11.857000000000001	13.0
5730.0	11.859000000000002	13.0
5732.0	11.859000000000002	13.0
5734.0	11.859000000000002	13.0
5736.0	11.859000000000002	13.0
5738.0	11.860999999999999	13.0
5740.0	11.860999999999999	13.0
5742.0	11.860999999999999	13.0
5744.0	11.860999999999999	13.0
5746.0	11.862	13.0
5748.0	11.864	13.0
5750.0	11.864	13.0
5752.0	11.864	13.0
5754.0	11.866	13.0
5756.0	11.866	13.0
5758.0	11.866	13.0
5760.0	11.868	13.0
5762.0	11.868	13.0
5764.0	11.869000000000002	13.0
5766.0	11.869000000000002	13.0
5768.0	11.870999999999999	13.0
5770.0	11.870999999999999	13.0
5772.0	11.870999999999999	13.0
5774.0	11.873	13.0
5776.0	11.873	13.0
5778.0	11.875	13.0
5780.0	11.875	13.0
5782.0	11.876	13.0
5784.0	11.876	13.0
5786.0	11.876	13.0
5788.0	11.878	13.0
5790.0	11.878	13.0
5792.0	11.878	13.0
5794.0	11.88	13.0
5796.0	11.88	13.0
5798.0	11.88	13.0
5800.0	11.88	13.0
5802.0	11.882	13.0
5804.0	11.882	13.0
5806.0	11.883	13.0
5808.0	11.883	13.0
5810.0	11.883	13.0
5812.0	11.883	13.0
5814.0	11.885	13.0
5816.0	11.885	13.0
5818.0	11.885	13.0
5820.0	11.887	13.0
5822.0	11.887	13.0
5824.0	11.887	13.0
5826.0	11.888	13.0
5828.0	11.888	13.0
5830.0	11.89	13.0
5832.0	11.89	13.0
5834.0	11.89	13.0
5836.0	11.892000000000001	13.0
5838.0	11.892000000000001	13.0
5840.0	11.892000000000001	13.0
5842.0	11.894	13.0
5844.0	11.894	13.0
5846.0	11.895	13.0
5848.0	11.897	13.0
5850.0	11.897	13.0
5852.0	11.897	13.0
5854.0	11.897	13.0
5856.0	11.897	13.0
5858.0	11.897	13.0
5860.0	11.899000000000001	13.0
5862.0	11.899000000000001	13.0
5864.0	11.899000000000001	13.0
5866.0	11.899000000000001	13.0
5868.0	11.901	13.0
5870.0	11.901	13.0
5872.0	11.902000000000001	13.0
5874.0	11.902000000000001	13.0
5876.0	11.902000000000001	13.0
5878.0	11.904000000000002	13.0
5880.0	11.904000000000002	13.0
5882.0	11.904000000000002	13.0
5884.0	11.902000000000001	13.0
5886.0	11.902000000000001	13.0
5888.0	11.902000000000001	13.0
5890.0	11.902000000000001	13.0
5892.0	11.902000000000001	13.0
5894.0	11.902000000000001	13.0
5896.0	11.904000000000002	13.0
5898.0	11.904000000000002	13.0
5900.0	11.905999999999999	13.0
5902.0	11.905999999999999	13.0
5904.0	11.909	13.0
5906.0	11.909	13.0
5908.0	11.911	13.0
5910.0	11.913	13.0
5912.0	11.913	13.0
5914.0	11.915	13.0
5916.0	11.915999999999999	13.0
5918.0	11.915999999999999	13.0
5920.0	11.918	13.0
5922.0	11.918	13.0
5924.0	11.918	13.0
5926.0	11.92	13.0
5928.0	11.92	13.0
5930.0	11.921	13.0
5932.0	11.921	13.0
5934.0	11.923	13.0
5936.0	11.923	13.0
5938.0	11.923	13.0
5940.0	11.923	13.0
5942.0	11.925	13.0
5944.0	11.925	13.0
5946.0	11.927	13.0
5948.0	11.927	13.0
5950.0	11.927999999999999	13.0
5952.0	11.93	13.0
5954.0	11.93	13.0
5956.0	11.93	13.0
5958.0	11.932	13.0
5960.0	11.932	13.0
5962.0	11.932	13.0
5964.0	11.934000000000001	13.0
5966.0	11.934000000000001	13.0
5968.0	11.935	13.0
5970.0	11.935	13.0
5972.0	11.935	13.0
5974.0	11.935	13.0
5976.0	11.935	13.0
5978.0	11.937000000000001	13.0
5980.0	11.937000000000001	13.0
5982.0	11.937000000000001	13.0
5984.0	11.939	13.0
5986.0	11.939	13.0
5988.0	11.940999999999999	13.0
5990.0	11.942	13.0
5992.0	11.942	13.0
5994.0	11.942	13.0
5996.0	11.944	13.0
5998.0	11.944	13.0
6000.0	11.944	13.0
6002.0	11.944	13.0
6004.0	11.944	13.0
6006.0	11.946	13.0
6008.0	11.946	13.0
6010.0	11.946	13.0
6012.0	11.947000000000001	13.0
6014.0	11.947000000000001	13.0
6016.0	11.949000000000002	13.0
6018.0	11.949000000000002	13.0
6020.0	11.949000000000002	13.0
6022.0	11.949000000000002	13.0
6024.0	11.950999999999999	13.0
6026.0	11.950999999999999	13.0
6028.0	11.953	13.0
6030.0	11.953	13.0
6032.0	11.953	13.0
6034.0	11.954	13.0
6036.0	11.956	13.0
6038.0	11.956	13.0
6040.0	11.956	13.0
6042.0	11.958	13.0
6044.0	11.958	13.0
6046.0	11.958	13.0
6048.0	11.958	13.0
6050.0	11.958	13.0
6052.0	11.958	13.0
6054.0	11.958	13.0
6056.0	11.96	13.0
6058.0	11.96	13.0
6060.0	11.960999999999999	13.0
6062.0	11.963	13.0
6064.0	11.963	13.0
6066.0	11.965	13.0
6068.0	11.965	13.0
6070.0	11.967	13.0
6072.0	11.967	13.0
6074.0	11.968	13.0
6076.0	11.968	13.0
6078.0	11.968	13.0
6080.0	11.97	13.0
6082.0	11.97	13.0
6084.0	11.97	13.0
6086.0	11.97	13.0
6088.0	11.972000000000001	13.0
6090.0	11.972000000000001	13.0
6092.0	11.972000000000001	13.0
6094.0	11.974	13.0
6096.0	11.975	13.0
6098.0	11.975	13.0
6100.0	11.975	13.0
6102.0	11.977	13.0
6104.0	11.977	13.0
6106.0	11.977	13.0
6108.0	11.977	13.0
6110.0	11.979000000000001	13.0
6112.0	11.979000000000001	13.0
6114.0	11.979000000000001	13.0
6116.0	11.98	13.0
6118.0	11.98	13.0
6120.0	11.982000000000001	13.0
6122.0	11.982000000000001	13.0
6124.0	11.982000000000001	13.0
6126.0	11.982000000000001	13.0
6128.0	11.982000000000001	13.0
6130.0	11.982000000000001	13.0
6132.0	11.984000000000002	13.0
6134.0	11.984000000000002	13.0
6136.0	11.984000000000002	13.0
6138.0	11.985999999999999	13.0
6140.0	11.985999999999999	13.0
6142.0	11.985999999999999	13.0
6144.0	11.987	13.0
6146.0	11.987	13.0
6148.0	11.989	13.0
6150.0	11.989	13.0
6152.0	11.989	13.0
6154.0	11.991	13.0
6156.0	11.991	13.0
6158.0	11.991	13.0
6160.0	11.993	13.0
6162.0	11.993	13.0
6164.0	11.994000000000002	13.0
6166.0	11.994000000000002	13.0
6168.0	11.995999999999999	13.0
6170.0	11.995999999999999	13.0
6172.0	11.995999999999999	13.0
6174.0	11.995999999999999	13.0
6176.0	11.998	13.0
6178.0	11.998	13.0
6180.0	12.0	13.0
6182.0	12.001	13.0
6184.0	12.001	13.0
6186.0	12.003	13.0
6188.0	12.003	13.0
6190.0	12.005	13.0
6192.0	12.005	13.0
6194.0	12.007	13.0
6196.0	12.007	13.0
6198.0	12.008	13.0
6200.0	12.008	13.0
6202.0	12.008	13.0
6204.0	12.008	13.0
6206.0	12.01	13.0
6208.0	12.01	13.0
6210.0	12.012	13.0
6212.0	12.012	13.0
6214.0	12.013	13.0
6216.0	12.015	13.0
6218.0	12.015	13.0
6220.0	12.017000000000001	13.0
6222.0	12.017000000000001	13.0
6224.0	12.017000000000001	13.0
6226.0	12.019	13.0
6228.0	12.019	13.0
6230.0	12.019	13.0
6232.0	12.019	13.0
6234.0	12.02	13.0
6236.0	12.02	13.0
6238.0	12.02	13.0
6240.0	12.02	13.0
6242.0	12.022	13.0
6244.0	12.022	13.0
6246.0	12.022	13.0
6248.0	12.024000000000001	13.0
6250.0	12.024000000000001	13.0
6252.0	12.024000000000001	13.0
6254.0	12.026	13.0
6256.0	12.027000000000001	13.0
6258.0	12.027000000000001	13.0
6260.0	12.027000000000001	13.0
6262.0	12.029000000000002	13.0
6264.0	12.029000000000002	13.0
6266.0	12.029000000000002	13.0
6268.0	12.030999999999999	13.0
6270.0	12.033	13.0
6272.0	12.034	13.0
6274.0	12.036	13.0
6276.0	12.036	13.0
6278.0	12.038	13.0
6280.0	12.038	13.0
6282.0	12.04	13.0
6284.0	12.040999999999999	13.0
6286.0	12.040999999999999	13.0
6288.0	12.040999999999999	13.0
6290.0	12.040999999999999	13.0
6292.0	12.040999999999999	13.0
6294.0	12.043	13.0
6296.0	12.043	13.0
6298.0	12.043	13.0
6300.0	12.045	13.0
6302.0	12.045	13.0
6304.0	12.046	13.0
6306.0	12.046	13.0
6308.0	12.048	13.0
6310.0	12.048	13.0
6312.0	12.048	13.0
6314.0	12.048	13.0
6316.0	12.05	13.0
6318.0	12.05	13.0
6320.0	12.05	13.0
6322.0	12.05	13.0
6324.0	12.052	13.0
6326.0	12.052	13.0
6328.0	12.052	13.0
6330.0	12.052	13.0
6332.0	12.052	13.0
6334.0	12.052999999999999	13.0
6336.0	12.052999999999999	13.0
6338.0	12.055	13.0
6340.0	12.055	13.0
6342.0	12.055	13.0
6344.0	12.057	13.0
6346.0	12.057	13.0
6348.0	12.057	13.0
6350.0	12.059000000000001	13.0
6352.0	12.06	13.0
6354.0	12.06	13.0
6356.0	12.062000000000001	13.0
6358.0	12.062000000000001	13.0
6360.0	12.064	13.0
6362.0	12.064	13.0
6364.0	12.064	13.0
6366.0	12.065999999999999	13.0
6368.0	12.065999999999999	13.0
6370.0	12.067	13.0
6372.0	12.067	13.0
6374.0	12.067	13.0
6376.0	12.067	13.0
6378.0	12.067	13.0
6380.0	12.069	13.0
6382.0	12.069	13.0
6384.0	12.069	13.0
6386.0	12.069	13.0
6388.0	12.071	13.0
6390.0	12.071	13.0
6392.0	12.071	13.0
6394.0	12.072000000000001	13.0
6396.0	12.074000000000002	13.0
6398.0	12.074000000000002	13.0
6400.0	12.075999999999999	13.0
6402.0	12.075999999999999	13.0
6404.0	12.075999999999999	13.0
6406.0	12.075999999999999	13.0
6408.0	12.075999999999999	13.0
6410.0	12.075999999999999	13.0
6412.0	12.078	13.0
6414.0	12.078	13.0
6416.0	12.078	13.0
6418.0	12.078	13.0
6420.0	12.079	13.0
6422.0	12.079	13.0
6424.0	12.081	13.0
6426.0	12.081	13.0
6428.0	12.081	13.0
6430.0	12.081	13.0
6432.0	12.081	13.0
6434.0	12.083	13.0
6436.0	12.083	13.0
6438.0	12.083	13.0
6440.0	12.083	13.0
6442.0	12.083	13.0
6444.0	12.085	13.0
6446.0	12.085	13.0
6448.0	12.085	13.0
6450.0	12.085	13.0
6452.0	12.085999999999999	13.0
6454.0	12.088	13.0
6456.0	12.088	13.0
6458.0	12.09	13.0
6460.0	12.09	13.0
6462.0	12.092	13.0
6464.0	12.093	13.0
6466.0	12.093	13.0
6468.0	12.095	13.0
6470.0	12.095	13.0
6472.0	12.097000000000001	13.0
6474.0	12.097000000000001	13.0
6476.0	12.097000000000001	13.0
6478.0	12.099	13.0
6480.0	12.1	13.0
6482.0	12.1	13.0
6484.0	12.102	13.0
6486.0	12.104000000000001	13.0
6488.0	12.104000000000001	13.0
6490.0	12.105	13.0
6492.0	12.107000000000001	13.0
6494.0	12.109000000000002	13.0
6496.0	12.110999999999999	13.0
6498.0	12.112	13.0
6500.0	12.114	13.0
6502.0	12.116	13.0
6504.0	12.119000000000002	13.0
6506.0	12.123	13.0
6508.0	12.126	13.0
6510.0	12.128	13.0
6512.0	12.133	13.0
6514.0	12.137	13.0
6516.0	12.14	13.0
6518.0	12.144	13.0
6520.0	12.147	13.0
6522.0	12.151	13.0
6524.0	12.154000000000002	13.0
6526.0	12.155999999999999	13.0
6528.0	12.159	13.0
6530.0	12.163	13.0
6532.0	12.165999999999999	13.0
6534.0	12.17	13.0
6536.0	12.175	13.0
6538.0	12.177999999999999	13.0
6540.0	12.182	13.0
6542.0	12.189	13.0
6544.0	12.194	13.0
6546.0	12.199000000000002	13.0
6548.0	12.206	13.0
6550.0	12.213	13.0
6552.0	12.22	13.0
6554.0	12.225	13.0
6556.0	12.232000000000001	13.0
6558.0	12.239	13.0
6560.0	12.243	13.0
6562.0	12.245999999999999	13.0
6564.0	12.251	13.0
6566.0	12.253	13.0
6568.0	12.253	13.0
6570.0	12.255	13.0
6572.0	12.251	13.0
6574.0	12.25	13.0
6576.0	12.245999999999999	13.0
6578.0	12.243	13.0
6580.0	12.237	13.0
6582.0	12.232000000000001	13.0
6584.0	12.227	13.0
6586.0	12.222000000000001	13.0
6588.0	12.218	13.0
6590.0	12.213	13.0
6592.0	12.208	13.0
6594.0	12.203	13.0
6596.0	12.199000000000002	13.0
6598.0	12.196	13.0
6600.0	12.192	13.0
6602.0	12.189	13.0
6604.0	12.185	13.0
6606.0	12.18	13.0
6608.0	12.177	13.0
6610.0	12.175	13.0
6612.0	12.171	13.0
6614.0	12.168	13.0
6616.0	12.165999999999999	13.0
6618.0	12.165	13.0
6620.0	12.163	13.0
6622.0	12.163	13.0
6624.0	12.161	13.0
6626.0	12.161	13.0
6628.0	12.159	13.0
6630.0	12.159	13.0
6632.0	12.159	13.0
6634.0	12.159	13.0
6636.0	12.159	13.0
6638.0	12.159	13.0
6640.0	12.159	13.0
6642.0	12.159	13.0
6644.0	12.159	13.0
6646.0	12.159	13.0
6648.0	12.159	13.0
6650.0	12.159	13.0
6652.0	12.159	13.0
6654.0	12.159	13.0
6656.0	12.159	13.0
6658.0	12.159	13.0
6660.0	12.159	13.0
6662.0	12.159	13.0
6664.0	12.161	13.0
6666.0	12.161	13.0
6668.0	12.161	13.0
6670.0	12.161	13.0
6672.0	12.161	13.0
6674.0	12.163	13.0
6676.0	12.163	13.0
6678.0	12.163	13.0
6680.0	12.165	13.0
6682.0	12.165	13.0
6684.0	12.165999999999999	13.0
6686.0	12.165999999999999	13.0
6688.0	12.165999999999999	13.0
6690.0	12.168	13.0
6692.0	12.168	13.0
6694.0	12.168	13.0
6696.0	12.168	13.0
6698.0	12.17	13.0
6700.0	12.17	13.0
6702.0	12.17	13.0
6704.0	12.171	13.0
6706.0	12.173	13.0
6708.0	12.173	13.0
6710.0	12.173	13.0
6712.0	12.175	13.0
6714.0	12.175	13.0
6716.0	12.177	13.0
6718.0	12.177	13.0
6720.0	12.177	13.0
6722.0	12.177999999999999	13.0
6724.0	12.177999999999999	13.0
6726.0	12.18	13.0
6728.0	12.18	13.0
6730.0	12.18	13.0
6732.0	12.18	13.0
6734.0	12.182	13.0
6736.0	12.182	13.0
6738.0	12.182	13.0
6740.0	12.182	13.0
6742.0	12.182	13.0
6744.0	12.182	13.0
6746.0	12.182	13.0
6748.0	12.182	13.0
6750.0	12.182	13.0
6752.0	12.184000000000001	13.0
6754.0	12.185	13.0
6756.0	12.185	13.0
6758.0	12.185	13.0
6760.0	12.187000000000001	13.0
6762.0	12.187000000000001	13.0
6764.0	12.189	13.0
6766.0	12.189	13.0
6768.0	12.189	13.0
6770.0	12.190999999999999	13.0
6772.0	12.190999999999999	13.0
6774.0	12.190999999999999	13.0
6776.0	12.190999999999999	13.0
6778.0	12.190999999999999	13.0
6780.0	12.190999999999999	13.0
6782.0	12.190999999999999	13.0
6784.0	12.190999999999999	13.0
6786.0	12.190999999999999	13.0
6788.0	12.190999999999999	13.0
6790.0	12.192	13.0
6792.0	12.192	13.0
6794.0	12.192	13.0
6796.0	12.194	13.0
6798.0	12.194	13.0
6800.0	12.194	13.0
6802.0	12.196	13.0
6804.0	12.196	13.0
6806.0	12.197000000000001	13.0
6808.0	12.199000000000002	13.0
6810.0	12.199000000000002	13.0
6812.0	12.200999999999999	13.0
6814.0	12.200999999999999	13.0
6816.0	12.200999999999999	13.0
6818.0	12.200999999999999	13.0
6820.0	12.200999999999999	13.0
6822.0	12.200999999999999	13.0
6824.0	12.200999999999999	13.0
6826.0	12.200999999999999	13.0
6828.0	12.200999999999999	13.0
6830.0	12.200999999999999	13.0
6832.0	12.203	13.0
6834.0	12.203	13.0
6836.0	12.203	13.0
6838.0	12.203	13.0
6840.0	12.203	13.0
6842.0	12.204	13.0
6844.0	12.204	13.0
6846.0	12.205	13.0
6848.0	12.205	13.0
6850.0	12.206	13.0
6852.0	12.206	13.0
6854.0	12.206	13.0
6856.0	12.207	13.0
6858.0	12.207	13.0
6860.0	12.208	13.0
6862.0	12.208	13.0
6864.0	12.208	13.0
6866.0	12.209000000000001	13.0
6868.0	12.209000000000001	13.0
6870.0	12.21	13.0
6872.0	12.21	13.0
6874.0	12.210999999999999	13.0
6876.0	12.210999999999999	13.0
6878.0	12.210999999999999	13.0
6880.0	12.212	13.0
6882.0	12.212	13.0
6884.0	12.213	13.0
6886.0	12.213	13.0
6888.0	12.214	13.0
6890.0	12.214	13.0
6892.0	12.215	13.0
6894.0	12.215	13.0
6896.0	12.216	13.0
6898.0	12.216	13.0
6900.0	12.217	13.0
6902.0	12.218	13.0
6904.0	12.218	13.0
6906.0	12.219000000000001	13.0
6908.0	12.219000000000001	13.0
6910.0	12.22	13.0
6912.0	12.22	13.0
6914.0	12.220999999999998	13.0
6916.0	12.222000000000001	13.0
6918.0	12.222000000000001	13.0
6920.0	12.222999999999999	13.0
6922.0	12.222999999999999	13.0
6924.0	12.224	13.0
6926.0	12.225	13.0
6928.0	12.225	13.0
6930.0	12.225999999999999	13.0
6932.0	12.227	13.0
6934.0	12.227	13.0
6936.0	12.228	13.0
6938.0	12.229000000000001	13.0
6940.0	12.229000000000001	13.0
6942.0	12.23	13.0
6944.0	12.231	13.0
6946.0	12.232000000000001	13.0
6948.0	12.232000000000001	13.0
6950.0	12.232999999999999	13.0
6952.0	12.234000000000002	13.0
6954.0	12.235999999999999	13.0
6956.0	12.235999999999999	13.0
6958.0	12.235999999999999	13.0
6960.0	12.235999999999999	13.0
6962.0	12.235999999999999	13.0
6964.0	12.237	13.0
6966.0	12.239	13.0
6968.0	12.239	13.0
6970.0	12.241	13.0
6972.0	12.241	13.0
6974.0	12.243	13.0
6976.0	12.244000000000002	13.0
6978.0	12.244000000000002	13.0
6980.0	12.245999999999999	13.0
6982.0	12.245999999999999	13.0
6984.0	12.248	13.0
6986.0	12.248	13.0
6988.0	12.248	13.0
6990.0	12.25	13.0
6992.0	12.25	13.0
6994.0	12.25	13.0
6996.0	12.251	13.0
6998.0	12.25	13.0
7000.0	12.25	13.0
7002.0	12.25	13.0
7004.0	12.25	13.0
7006.0	12.25	13.0
7008.0	12.25	13.0
7010.0	12.25	13.0
7012.0	12.25	13.0
7014.0	12.25	13.0
7016.0	12.251	13.0
7018.0	12.251	13.0
7020.0	12.251	13.0
7022.0	12.253	13.0
7024.0	12.253	13.0
7026.0	12.255	13.0
7028.0	12.255	13.0
7030.0	12.257	13.0
7032.0	12.258	13.0
7034.0	12.26	13.0
7036.0	12.26	13.0
7038.0	12.262	13.0
7040.0	12.262	13.0
7042.0	12.263	13.0
7044.0	12.265	13.0
7046.0	12.265	13.0
7048.0	12.265	13.0
7050.0	12.267000000000001	13.0
7052.0	12.267000000000001	13.0
7054.0	12.267000000000001	13.0
7056.0	12.267000000000001	13.0
7058.0	12.267000000000001	13.0
7060.0	12.267000000000001	13.0
7062.0	12.267000000000001	13.0
7064.0	12.267000000000001	13.0
7066.0	12.267000000000001	13.0
7068.0	12.267000000000001	13.0
7070.0	12.267000000000001	13.0
7072.0	12.269	13.0
7074.0	12.269	13.0
7076.0	12.269	13.0
7078.0	12.27	13.0
7080.0	12.272	13.0
7082.0	12.272	13.0
7084.0	12.272	13.0
7086.0	12.274000000000001	13.0
7088.0	12.274000000000001	13.0
7090.0	12.276	13.0
7092.0	12.277000000000001	13.0
7094.0	12.277000000000001	13.0
7096.0	12.277000000000001	13.0
7098.0	12.279000000000002	13.0
7100.0	12.279000000000002	13.0
7102.0	12.280999999999999	13.0
7104.0	12.280999999999999	13.0
7106.0	12.280999999999999	13.0
7108.0	12.283	13.0
7110.0	12.283	13.0
7112.0	12.284	13.0
7114.0	12.284	13.0
7116.0	12.284	13.0
7118.0	12.284	13.0
7120.0	12.284	13.0
7122.0	12.284	13.0
7124.0	12.284	13.0
7126.0	12.284	13.0
7128.0	12.284	13.0
7130.0	12.286	13.0
7132.0	12.286	13.0
7134.0	12.286	13.0
7136.0	12.286	13.0
7138.0	12.288	13.0
7140.0	12.288	13.0
7142.0	12.288	13.0
7144.0	12.288	13.0
7146.0	12.288	13.0
7148.0	12.29	13.0
7150.0	12.29	13.0
7152.0	12.290999999999999	13.0
7154.0	12.290999999999999	13.0
7156.0	12.290999999999999	13.0
7158.0	12.293	13.0
7160.0	12.295	13.0
7162.0	12.295	13.0
7164.0	12.295	13.0
7166.0	12.296	13.0
7168.0	12.298	13.0
7170.0	12.298	13.0
7172.0	12.298	13.0
7174.0	12.298	13.0
7176.0	12.3	13.0
7178.0	12.3	13.0
7180.0	12.3	13.0
7182.0	12.3	13.0
7184.0	12.3	13.0
7186.0	12.3	13.0
7188.0	12.302	13.0
7190.0	12.302	13.0
7192.0	12.302	13.0
7194.0	12.302	13.0
7196.0	12.302	13.0
7198.0	12.302999999999999	13.0
7200.0	12.305	13.0
7202.0	12.305	13.0
7204.0	12.305	13.0
7206.0	12.305	13.0
7208.0	12.307	13.0
7210.0	12.307	13.0
7212.0	12.309000000000001	13.0
7214.0	12.31	13.0
7216.0	12.31	13.0
7218.0	12.312000000000001	13.0
7220.0	12.312000000000001	13.0
7222.0	12.314	13.0
7224.0	12.315999999999999	13.0
7226.0	12.317	13.0
7228.0	12.317	13.0
7230.0	12.317	13.0
7232.0	12.319	13.0
7234.0	12.319	13.0
7236.0	12.319	13.0
7238.0	12.319	13.0
7240.0	12.319	13.0
7242.0	12.319	13.0
7244.0	12.319	13.0
7246.0	12.319	13.0
7248.0	12.319	13.0
7250.0	12.321	13.0
7252.0	12.321	13.0
7254.0	12.321	13.0
7256.0	12.321	13.0
7258.0	12.321	13.0
7260.0	12.322000000000001	13.0
7262.0	12.324000000000002	13.0
7264.0	12.324000000000002	13.0
7266.0	12.324000000000002	13.0
7268.0	12.325999999999999	13.0
7270.0	12.325999999999999	13.0
7272.0	12.328	13.0
7274.0	12.328	13.0
7276.0	12.329	13.0
7278.0	12.331	13.0
7280.0	12.331	13.0
7282.0	12.331	13.0
7284.0	12.333	13.0
7286.0	12.333	13.0
7288.0	12.333	13.0
7290.0	12.333	13.0
7292.0	12.333	13.0
7294.0	12.333	13.0
7296.0	12.335	13.0
7298.0	12.335	13.0
7300.0	12.335	13.0
7302.0	12.335	13.0
7304.0	12.335999999999999	13.0
7306.0	12.335999999999999	13.0
7308.0	12.335999999999999	13.0
7310.0	12.338	13.0
7312.0	12.338	13.0
7314.0	12.338	13.0
7316.0	12.338	13.0
7318.0	12.34	13.0
7320.0	12.34	13.0
7322.0	12.34	13.0
7324.0	12.34	13.0
7326.0	12.34	13.0
7328.0	12.342	13.0
7330.0	12.342	13.0
7332.0	12.343	13.0
7334.0	12.343	13.0
7336.0	12.345	13.0
7338.0	12.345	13.0
7340.0	12.347000000000001	13.0
7342.0	12.347000000000001	13.0
7344.0	12.347000000000001	13.0
7346.0	12.347000000000001	13.0
7348.0	12.349	13.0
7350.0	12.35	13.0
7352.0	12.35	13.0
7354.0	12.35	13.0
7356.0	12.35	13.0
7358.0	12.35	13.0
7360.0	12.352	13.0
7362.0	12.352	13.0
7364.0	12.352	13.0
7366.0	12.352	13.0
7368.0	12.352	13.0
7370.0	12.352	13.0
7372.0	12.352	13.0
7374.0	12.352	13.0
7376.0	12.352	13.0
7378.0	12.352	13.0
7380.0	12.352	13.0
7382.0	12.352	13.0
7384.0	12.354000000000001	13.0
7386.0	12.354000000000001	13.0
7388.0	12.354000000000001	13.0
7390.0	12.355	13.0
7392.0	12.357000000000001	13.0
7394.0	12.357000000000001	13.0
7396.0	12.359000000000002	13.0
7398.0	12.359000000000002	13.0
7400.0	12.360999999999999	13.0
7402.0	12.360999999999999	13.0
7404.0	12.362	13.0
7406.0	12.364	13.0
7408.0	12.364	13.0
7410.0	12.364	13.0
7412.0	12.364	13.0
7414.0	12.364	13.0
7416.0	12.364	13.0
7418.0	12.364	13.0
7420.0	12.364	13.0
7422.0	12.364	13.0
7424.0	12.364	13.0
7426.0	12.364	13.0
7428.0	12.364	13.0
7430.0	12.364	13.0
7432.0	12.366	13.0
7434.0	12.366	13.0
7436.0	12.366	13.0
7438.0	12.368	13.0
7440.0	12.368	13.0
7442.0	12.369000000000002	13.0
7444.0	12.369000000000002	13.0
7446.0	12.369000000000002	13.0
7448.0	12.370999999999999	13.0
7450.0	12.370999999999999	13.0
7452.0	12.370999999999999	13.0
7454.0	12.373	13.0
7456.0	12.373	13.0
7458.0	12.375	13.0
7460.0	12.376	13.0
7462.0	12.376	13.0
7464.0	12.376	13.0
7466.0	12.378	13.0
7468.0	12.378	13.0
7470.0	12.378	13.0
7472.0	12.378	13.0
7474.0	12.38	13.0
7476.0	12.38	13.0
7478.0	12.38	13.0
7480.0	12.38	13.0
7482.0	12.38	13.0
7484.0	12.382	13.0
7486.0	12.383	13.0
7488.0	12.383	13.0
7490.0	12.383	13.0
7492.0	12.385	13.0
7494.0	12.385	13.0
7496.0	12.385	13.0
7498.0	12.385	13.0
7500.0	12.387	13.0
7502.0	12.387	13.0
7504.0	12.387	13.0
7506.0	12.387	13.0
7508.0	12.388	13.0
7510.0	12.39	13.0
7512.0	12.39	13.0
7514.0	12.39	13.0
7516.0	12.392000000000001	13.0
7518.0	12.392000000000001	13.0
7520.0	12.392000000000001	13.0
7522.0	12.394	13.0
7524.0	12.394	13.0
7526.0	12.394	13.0
7528.0	12.394	13.0
7530.0	12.394	13.0
7532.0	12.394	13.0
7534.0	12.394	13.0
7536.0	12.394	13.0
7538.0	12.394	13.0
7540.0	12.395	13.0
7542.0	12.395	13.0
7544.0	12.397	13.0
7546.0	12.397	13.0
7548.0	12.397	13.0
7550.0	12.399000000000001	13.0
7552.0	12.399000000000001	13.0
7554.0	12.4	13.0
7556.0	12.4	13.0
7558.0	12.401	13.0
7560.0	12.402000000000001	13.0
7562.0	12.402000000000001	13.0
7564.0	12.402999999999999	13.0
7566.0	12.402999999999999	13.0
7568.0	12.404000000000002	13.0
7570.0	12.404000000000002	13.0
7572.0	12.405	13.0
7574.0	12.405	13.0
7576.0	12.405999999999999	13.0
7578.0	12.405999999999999	13.0
7580.0	12.407	13.0
7582.0	12.408	13.0
7584.0	12.408	13.0
7586.0	12.409	13.0
7588.0	12.409	13.0
7590.0	12.41	13.0
7592.0	12.41	13.0
7594.0	12.411	13.0
7596.0	12.411	13.0
7598.0	12.412	13.0
7600.0	12.412	13.0
7602.0	12.413	13.0
7604.0	12.414000000000001	13.0
7606.0	12.414000000000001	13.0
7608.0	12.415	13.0
7610.0	12.415	13.0
7612.0	12.415999999999999	13.0
7614.0	12.415999999999999	13.0
7616.0	12.417	13.0
7618.0	12.417	13.0
7620.0	12.418	13.0
7622.0	12.419	13.0
7624.0	12.419	13.0
7626.0	12.42	13.0
7628.0	12.42	13.0
7630.0	12.421	13.0
7632.0	12.421	13.0
7634.0	12.422	13.0
7636.0	12.423	13.0
7638.0	12.423	13.0
7640.0	12.424000000000001	13.0
7642.0	12.424000000000001	13.0
7644.0	12.425	13.0
7646.0	12.425	13.0
7648.0	12.425999999999998	13.0
7650.0	12.425999999999998	13.0
7652.0	12.427	13.0
7654.0	12.427999999999999	13.0
7656.0	12.427999999999999	13.0
7658.0	12.429	13.0
7660.0	12.429	13.0
7662.0	12.43	13.0
7664.0	12.43	13.0
7666.0	12.431	13.0
7668.0	12.432	13.0
7670.0	12.432	13.0
7672.0	12.433	13.0
7674.0	12.433	13.0
7676.0	12.434000000000001	13.0
7678.0	12.434000000000001	13.0
7680.0	12.435	13.0
7682.0	12.436	13.0
7684.0	12.436	13.0
7686.0	12.437000000000001	13.0
7688.0	12.437000000000001	13.0
7690.0	12.437999999999999	13.0
7692.0	12.442	13.0
7694.0	12.442	13.0
7696.0	12.440999999999999	13.0
7698.0	12.440999999999999	13.0
7700.0	12.440999999999999	13.0
7702.0	12.440999999999999	13.0
7704.0	12.442	13.0
7706.0	12.442	13.0
7708.0	12.442	13.0
7710.0	12.444	13.0
7712.0	12.444	13.0
7714.0	12.444	13.0
7716.0	12.444	13.0
7718.0	12.446	13.0
7720.0	12.446	13.0
7722.0	12.446	13.0
7724.0	12.447000000000001	13.0
7726.0	12.449000000000002	13.0
7728.0	12.449000000000002	13.0
7730.0	12.449000000000002	13.0
7732.0	12.450999999999999	13.0
7734.0	12.450999999999999	13.0
7736.0	12.450999999999999	13.0
7738.0	12.449000000000002	13.0
7740.0	12.449000000000002	13.0
7742.0	12.450999999999999	13.0
7744.0	12.450999999999999	13.0
7746.0	12.450999999999999	13.0
7748.0	12.450999999999999	13.0
7750.0	12.453	13.0
7752.0	12.453	13.0
7754.0	12.453	13.0
7756.0	12.453	13.0
7758.0	12.454	13.0
7760.0	12.456	13.0
7762.0	12.456	13.0
7764.0	12.456	13.0
7766.0	12.456	13.0
7768.0	12.458	13.0
7770.0	12.458	13.0
7772.0	12.458	13.0
7774.0	12.46	13.0
7776.0	12.46	13.0
7778.0	12.46	13.0
7780.0	12.460999999999999	13.0
7782.0	12.463	13.0
7784.0	12.463	13.0
7786.0	12.463	13.0
7788.0	12.465	13.0
7790.0	12.465	13.0
7792.0	12.467	13.0
7794.0	12.467	13.0
7796.0	12.468	13.0
7798.0	12.468	13.0
7800.0	12.468	13.0
7802.0	12.468	13.0
7804.0	12.47	13.0
7806.0	12.47	13.0
7808.0	12.47	13.0
7810.0	12.47	13.0
7812.0	12.47	13.0
7814.0	12.47	13.0
7816.0	12.472000000000001	13.0
7818.0	12.472000000000001	13.0
7820.0	12.472000000000001	13.0
7822.0	12.472000000000001	13.0
7824.0	12.474	13.0
7826.0	12.475	13.0
7828.0	12.475	13.0
7830.0	12.475	13.0
7832.0	12.475	13.0
7834.0	12.475	13.0
7836.0	12.477	13.0
7838.0	12.477	13.0
7840.0	12.477	13.0
7842.0	12.477	13.0
7844.0	12.477	13.0
7846.0	12.479000000000001	13.0
7848.0	12.479000000000001	13.0
7850.0	12.479000000000001	13.0
7852.0	12.48	13.0
7854.0	12.482000000000001	13.0
7856.0	12.482000000000001	13.0
7858.0	12.482000000000001	13.0
7860.0	12.484000000000002	13.0
7862.0	12.484000000000002	13.0
7864.0	12.484000000000002	13.0
7866.0	12.485999999999999	13.0
7868.0	12.485999999999999	13.0
7870.0	12.485999999999999	13.0
7872.0	12.485999999999999	13.0
7874.0	12.485999999999999	13.0
7876.0	12.485999999999999	13.0
7878.0	12.485999999999999	13.0
7880.0	12.485999999999999	13.0
7882.0	12.485999999999999	13.0
7884.0	12.485999999999999	13.0
7886.0	12.485999999999999	13.0
7888.0	12.487	13.0
7890.0	12.487	13.0
7892.0	12.489	13.0
7894.0	12.489	13.0
7896.0	12.489	13.0
7898.0	12.489	13.0
7900.0	12.491	13.0
7902.0	12.491	13.0
7904.0	12.491	13.0
7906.0	12.491	13.0
7908.0	12.493	13.0
7910.0	12.493	13.0
7912.0	12.494000000000002	13.0
7914.0	12.494000000000002	13.0
7916.0	12.495999999999999	13.0
7918.0	12.495999999999999	13.0
7920.0	12.495999999999999	13.0
7922.0	12.498	13.0
7924.0	12.498	13.0
7926.0	12.498	13.0
7928.0	12.498	13.0
7930.0	12.498	13.0
7932.0	12.498	13.0
7934.0	12.498	13.0
7936.0	12.498	13.0
7938.0	12.498	13.0
7940.0	12.5	13.0
7942.0	12.5	13.0
7944.0	12.501	13.0
7946.0	12.501	13.0
7948.0	12.501	13.0
7950.0	12.501	13.0
7952.0	12.501	13.0
7954.0	12.503	13.0
7956.0	12.503	13.0
7958.0	12.503	13.0
7960.0	12.503	13.0
7962.0	12.503	13.0
7964.0	12.505	13.0
7966.0	12.505	13.0
7968.0	12.505	13.0
7970.0	12.507	13.0
7972.0	12.508	13.0
7974.0	12.508	13.0
7976.0	12.508	13.0
7978.0	12.51	13.0
7980.0	12.51	13.0
7982.0	12.51	13.0
7984.0	12.51	13.0
7986.0	12.51	13.0
7988.0	12.51	13.0
7990.0	12.51	13.0
7992.0	12.512	13.0
7994.0	12.512	13.0
7996.0	12.512	13.0
7998.0	12.512	13.0
8000.0	12.512	13.0
8002.0	12.512	13.0
8004.0	12.512	13.0
8006.0	12.512	13.0
8008.0	12.512	13.0
8010.0	12.513	13.0
8012.0	12.515	13.0
8014.0	12.515	13.0
8016.0	12.515	13.0
8018.0	12.515	13.0
8020.0	12.515	13.0
8022.0	12.517000000000001	13.0
8024.0	12.517000000000001	13.0
8026.0	12.517000000000001	13.0
8028.0	12.517000000000001	13.0
8030.0	12.519	13.0
8032.0	12.519	13.0
8034.0	12.519	13.0
8036.0	12.52	13.0
8038.0	12.52	13.0
8040.0	12.522	13.0
8042.0	12.522	13.0
8044.0	12.522	13.0
8046.0	12.522	13.0
8048.0	12.522	13.0
8050.0	12.522	13.0
8052.0	12.522	13.0
8054.0	12.522	13.0
8056.0	12.522	13.0
8058.0	12.522	13.0
8060.0	12.524000000000001	13.0
8062.0	12.524000000000001	13.0
8064.0	12.524000000000001	13.0
8066.0	12.524000000000001	13.0
8068.0	12.524000000000001	13.0
8070.0	12.526	13.0
8072.0	12.526	13.0
8074.0	12.527000000000001	13.0
8076.0	12.527000000000001	13.0
8078.0	12.527000000000001	13.0
8080.0	12.529000000000002	13.0
8082.0	12.529000000000002	13.0
8084.0	12.529000000000002	13.0
8086.0	12.529000000000002	13.0
8088.0	12.529000000000002	13.0
8090.0	12.529000000000002	13.0
8092.0	12.529000000000002	13.0
8094.0	12.529000000000002	13.0
8096.0	12.530999999999999	13.0
8098.0	12.530999999999999	13.0
8100.0	12.533	13.0
8102.0	12.534	13.0
8104.0	12.534	13.0
8106.0	12.534	13.0
8108.0	12.536	13.0
8110.0	12.536	13.0
8112.0	12.536	13.0
8114.0	12.538	13.0
8116.0	12.538	13.0
8118.0	12.538	13.0
8120.0	12.538	13.0
8122.0	12.538	13.0
8124.0	12.54	13.0
8126.0	12.54	13.0
8128.0	12.54	13.0
8130.0	12.54	13.0
8132.0	12.54	13.0
8134.0	12.540999999999999	13.0
8136.0	12.540999999999999	13.0
8138.0	12.540999999999999	13.0
8140.0	12.543	13.0
8142.0	12.543	13.0
8144.0	12.543	13.0
8146.0	12.543	13.0
8148.0	12.545	13.0
8150.0	12.545	13.0
8152.0	12.545	13.0
8154.0	12.546	13.0
8156.0	12.548	13.0
8158.0	12.548	13.0
8160.0	12.55	13.0
8162.0	12.55	13.0
8164.0	12.55	13.0
8166.0	12.552	13.0
8168.0	12.552	13.0
8170.0	12.552	13.0
8172.0	12.552999999999999	13.0
8174.0	12.552999999999999	13.0
8176.0	12.555	13.0
8178.0	12.555	13.0
8180.0	12.555	13.0
8182.0	12.557	13.0
8184.0	12.557	13.0
8186.0	12.557	13.0
8188.0	12.557	13.0
8190.0	12.559000000000001	13.0
8192.0	12.559000000000001	13.0
8194.0	12.56	13.0
8196.0	12.56	13.0
8198.0	12.56	13.0
8200.0	12.56	13.0
8202.0	12.56	13.0
8204.0	12.56	13.0
8206.0	12.56	13.0
8208.0	12.56	13.0
8210.0	12.56	13.0
8212.0	12.56	13.0
8214.0	12.56	13.0
8216.0	12.562000000000001	13.0
8218.0	12.562000000000001	13.0
8220.0	12.562000000000001	13.0
8222.0	12.564	13.0
8224.0	12.564	13.0
8226.0	12.565999999999999	13.0
8228.0	12.567	13.0
8230.0	12.567	13.0
8232.0	12.567	13.0
8234.0	12.567	13.0
8236.0	12.569	13.0
8238.0	12.569	13.0
8240.0	12.569	13.0
8242.0	12.569	13.0
8244.0	12.571	13.0
8246.0	12.571	13.0
8248.0	12.572000000000001	13.0
8250.0	12.574000000000002	13.0
8252.0	12.574000000000002	13.0
8254.0	12.574000000000002	13.0
8256.0	12.575999999999999	13.0
8258.0	12.575999999999999	13.0
8260.0	12.575999999999999	13.0
8262.0	12.575999999999999	13.0
8264.0	12.578	13.0
8266.0	12.578	13.0
8268.0	12.578	13.0
8270.0	12.578	13.0
8272.0	12.579	13.0
8274.0	12.581	13.0
8276.0	12.581	13.0
8278.0	12.581	13.0
8280.0	12.583	13.0
8282.0	12.583	13.0
8284.0	12.583	13.0
8286.0	12.585	13.0
8288.0	12.585	13.0
8290.0	12.588	13.0
8292.0	12.588	13.0
8294.0	12.59	13.0
8296.0	12.59	13.0
8298.0	12.59	13.0
8300.0	12.592	13.0
8302.0	12.59	13.0
8304.0	12.59	13.0
8306.0	12.59	13.0
8308.0	12.59	13.0
8310.0	12.59	13.0
8312.0	12.59	13.0
8314.0	12.59	13.0
8316.0	12.59	13.0
8318.0	12.592	13.0
8320.0	12.592	13.0
8322.0	12.592	13.0
8324.0	12.592	13.0
8326.0	12.592	13.0
8328.0	12.593	13.0
8330.0	12.593	13.0
8332.0	12.593	13.0
8334.0	12.593	13.0
8336.0	12.593	13.0
8338.0	12.593	13.0
8340.0	12.595	13.0
8342.0	12.595	13.0
8344.0	12.595	13.0
8346.0	12.597000000000001	13.0
8348.0	12.597000000000001	13.0
8350.0	12.599	13.0
8352.0	12.6	13.0
8354.0	12.6	13.0
8356.0	12.602	13.0
8358.0	12.602	13.0
8360.0	12.604000000000001	13.0
8362.0	12.604000000000001	13.0
8364.0	12.605	13.0
8366.0	12.605	13.0
8368.0	12.607000000000001	13.0
8370.0	12.607000000000001	13.0
8372.0	12.607000000000001	13.0
8374.0	12.607000000000001	13.0
8376.0	12.609000000000002	13.0
8378.0	12.609000000000002	13.0
8380.0	12.609000000000002	13.0
8382.0	12.609000000000002	13.0
8384.0	12.609000000000002	13.0
8386.0	12.609000000000002	13.0
8388.0	12.609000000000002	13.0
8390.0	12.609000000000002	13.0
8392.0	12.610999999999999	13.0
8394.0	12.610999999999999	13.0
8396.0	12.610999999999999	13.0
8398.0	12.612	13.0
8400.0	12.614	13.0
8402.0	12.614	13.0
8404.0	12.616	13.0
8406.0	12.616	13.0
8408.0	12.619000000000002	13.0
8410.0	12.619000000000002	13.0
8412.0	12.619000000000002	13.0
8414.0	12.619000000000002	13.0
8416.0	12.619000000000002	13.0
8418.0	12.619000000000002	13.0
8420.0	12.619000000000002	13.0
8422.0	12.619000000000002	13.0
8424.0	12.620999999999999	13.0
8426.0	12.620999999999999	13.0
8428.0	12.620999999999999	13.0
8430.0	12.620999999999999	13.0
8432.0	12.623	13.0
8434.0	12.623	13.0
8436.0	12.623	13.0
8438.0	12.625	13.0
8440.0	12.626	13.0
8442.0	12.626	13.0
8444.0	12.626	13.0
8446.0	12.628	13.0
8448.0	12.628	13.0
8450.0	12.628	13.0
8452.0	12.628	13.0
8454.0	12.626	13.0
8456.0	12.626	13.0
8458.0	12.626	13.0
8460.0	12.626	13.0
8462.0	12.628	13.0
8464.0	12.628	13.0
8466.0	12.628	13.0
8468.0	12.628	13.0
8470.0	12.63	13.0
8472.0	12.63	13.0
8474.0	12.63	13.0
8476.0	12.63	13.0
8478.0	12.628	13.0
8480.0	12.628	13.0
8482.0	12.628	13.0
8484.0	12.628	13.0
8486.0	12.628	13.0
8488.0	12.626	13.0
8490.0	12.626	13.0
8492.0	12.626	13.0
8494.0	12.625	13.0
8496.0	12.625	13.0
8498.0	12.625	13.0
8500.0	12.623	13.0
8502.0	12.625	13.0
8504.0	12.626	13.0
8506.0	12.626	13.0
8508.0	12.626	13.0
8510.0	12.628	13.0
8512.0	12.63	13.0
8514.0	12.63	13.0
8516.0	12.632	13.0
8518.0	12.632	13.0
8520.0	12.632	13.0
8522.0	12.632	13.0
8524.0	12.63	13.0
8526.0	12.628	13.0
8528.0	12.628	13.0
8530.0	12.626	13.0
8532.0	12.625	13.0
8534.0	12.623	13.0
8536.0	12.620999999999999	13.0
8538.0	12.623	13.0
8540.0	12.623	13.0
8542.0	12.623	13.0
8544.0	12.626	13.0
8546.0	12.628	13.0
8548.0	12.63	13.0
8550.0	12.633	13.0
8552.0	12.635	13.0
8554.0	12.637	13.0
8556.0	12.64	13.0
8558.0	12.642000000000001	13.0
8560.0	12.645	13.0
8562.0	12.647	13.0
8564.0	12.651	13.0
8566.0	12.654000000000002	13.0
8568.0	12.654000000000002	13.0
8570.0	12.655999999999999	13.0
8572.0	12.658	13.0
8574.0	12.659	13.0
8576.0	12.659	13.0
8578.0	12.661	13.0
8580.0	12.661	13.0
8582.0	12.659	13.0
8584.0	12.659	13.0
8586.0	12.659	13.0
8588.0	12.659	13.0
8590.0	12.659	13.0
8592.0	12.659	13.0
8594.0	12.659	13.0
8596.0	12.659	13.0
8598.0	12.661	13.0
8600.0	12.661	13.0
8602.0	12.661	13.0
8604.0	12.663	13.0
8606.0	12.663	13.0
8608.0	12.665	13.0
8610.0	12.665	13.0
8612.0	12.665999999999999	13.0
8614.0	12.665999999999999	13.0
8616.0	12.668	13.0
8618.0	12.67	13.0
8620.0	12.67	13.0
8622.0	12.671	13.0
8624.0	12.673	13.0
8626.0	12.673	13.0
8628.0	12.675	13.0
8630.0	12.675	13.0
8632.0	12.675	13.0
8634.0	12.675	13.0
8636.0	12.675	13.0
8638.0	12.673	13.0
8640.0	12.673	13.0
8642.0	12.673	13.0
8644.0	12.671	13.0
8646.0	12.67	13.0
8648.0	12.668	13.0
8650.0	12.665999999999999	13.0
8652.0	12.665	13.0
8654.0	12.661	13.0
8656.0	12.659	13.0
8658.0	12.658	13.0
8660.0	12.655999999999999	13.0
8662.0	12.655999999999999	13.0
8664.0	12.654000000000002	13.0
8666.0	12.655999999999999	13.0
8668.0	12.658	13.0
8670.0	12.659	13.0
8672.0	12.661	13.0
8674.0	12.665	13.0
8676.0	12.665999999999999	13.0
8678.0	12.668	13.0
8680.0	12.67	13.0
8682.0	12.673	13.0
8684.0	12.675	13.0
8686.0	12.677	13.0
8688.0	12.677	13.0
8690.0	12.68	13.0
8692.0	12.682	13.0
8694.0	12.685	13.0
8696.0	12.685	13.0
8698.0	12.687000000000001	13.0
8700.0	12.689	13.0
8702.0	12.690999999999999	13.0
8704.0	12.692	13.0
8706.0	12.694	13.0
8708.0	12.694	13.0
8710.0	12.696	13.0
8712.0	12.697000000000001	13.0
8714.0	12.699000000000002	13.0
8716.0	12.699000000000002	13.0
8718.0	12.699000000000002	13.0
8720.0	12.700999999999999	13.0
8722.0	12.700999999999999	13.0
8724.0	12.703	13.0
8726.0	12.703	13.0
8728.0	12.703	13.0
8730.0	12.703	13.0
8732.0	12.700999999999999	13.0
8734.0	12.700999999999999	13.0
8736.0	12.699000000000002	13.0
8738.0	12.699000000000002	13.0
8740.0	12.697000000000001	13.0
8742.0	12.696	13.0
8744.0	12.696	13.0
8746.0	12.696	13.0
8748.0	12.696	13.0
8750.0	12.696	13.0
8752.0	12.696	13.0
8754.0	12.696	13.0
8756.0	12.697000000000001	13.0
8758.0	12.697000000000001	13.0
8760.0	12.699000000000002	13.0
8762.0	12.699000000000002	13.0
8764.0	12.700999999999999	13.0
8766.0	12.700999999999999	13.0
8768.0	12.703	13.0
8770.0	12.704	13.0
8772.0	12.706	13.0
8774.0	12.708	13.0
8776.0	12.708	13.0
8778.0	12.71	13.0
8780.0	12.713	13.0
8782.0	12.715	13.0
8784.0	12.717	13.0
8786.0	12.718	13.0
8788.0	12.72	13.0
8790.0	12.72	13.0
8792.0	12.722000000000001	13.0
8794.0	12.722000000000001	13.0
8796.0	12.722000000000001	13.0
8798.0	12.722000000000001	13.0
8800.0	12.722000000000001	13.0
8802.0	12.722000000000001	13.0
8804.0	12.722000000000001	13.0
8806.0	12.72	13.0
8808.0	12.72	13.0
8810.0	12.72	13.0
8812.0	12.72	13.0
8814.0	12.72	13.0
8816.0	12.72	13.0
8818.0	12.72	13.0
8820.0	12.722000000000001	13.0
8822.0	12.722000000000001	13.0
8824.0	12.724	13.0
8826.0	12.725	13.0
8828.0	12.725	13.0
8830.0	12.725	13.0
8832.0	12.727	13.0
8834.0	12.727	13.0
8836.0	12.727	13.0
8838.0	12.727	13.0
8840.0	12.727	13.0
8842.0	12.727	13.0
8844.0	12.727	13.0
8846.0	12.725	13.0
8848.0	12.724	13.0
8850.0	12.722000000000001	13.0
8852.0	12.72	13.0
8854.0	12.72	13.0
8856.0	12.718	13.0
8858.0	12.718	13.0
8860.0	12.718	13.0
8862.0	12.718	13.0
8864.0	12.718	13.0
8866.0	12.72	13.0
8868.0	12.72	13.0
8870.0	12.72	13.0
8872.0	12.722000000000001	13.0
8874.0	12.725	13.0
8876.0	12.727	13.0
8878.0	12.729000000000001	13.0
8880.0	12.73	13.0
8882.0	12.732000000000001	13.0
8884.0	12.734000000000002	13.0
8886.0	12.735999999999999	13.0
8888.0	12.735999999999999	13.0
8890.0	12.737	13.0
8892.0	12.739	13.0
8894.0	12.741	13.0
8896.0	12.741	13.0
8898.0	12.743	13.0
8900.0	12.744000000000002	13.0
8902.0	12.745999999999999	13.0
8904.0	12.745999999999999	13.0
8906.0	12.748	13.0
8908.0	12.75	13.0
8910.0	12.751	13.0
8912.0	12.753	13.0
8914.0	12.757	13.0
8916.0	12.76	13.0
8918.0	12.762	13.0
8920.0	12.765	13.0
8922.0	12.767000000000001	13.0
8924.0	12.769	13.0
8926.0	12.77	13.0
8928.0	12.772	13.0
8930.0	12.774000000000001	13.0
8932.0	12.776	13.0
8934.0	12.777000000000001	13.0
8936.0	12.779000000000002	13.0
8938.0	12.780999999999999	13.0
8940.0	12.784	13.0
8942.0	12.786	13.0
8944.0	12.79	13.0
8946.0	12.790999999999999	13.0
8948.0	12.795	13.0
8950.0	12.796	13.0
8952.0	12.798	13.0
8954.0	12.798	13.0
8956.0	12.798	13.0
8958.0	12.798	13.0
8960.0	12.798	13.0
8962.0	12.798	13.0
8964.0	12.798	13.0
8966.0	12.798	13.0
8968.0	12.798	13.0
8970.0	12.798	13.0
8972.0	12.796	13.0
8974.0	12.795	13.0
8976.0	12.795	13.0
8978.0	12.795	13.0
8980.0	12.795	13.0
8982.0	12.798	13.0
8984.0	12.798	13.0
8986.0	12.8	13.0
8988.0	12.8	13.0
8990.0	12.8	13.0
8992.0	12.8	13.0
8994.0	12.8	13.0
8996.0	12.798	13.0
8998.0	12.798	13.0
9000.0	12.798	13.0
9002.0	12.796	13.0
9004.0	12.796	13.0
9006.0	12.796	13.0
9008.0	12.798	13.0
9010.0	12.798	13.0
9012.0	12.798	13.0
9014.0	12.798	13.0
9016.0	12.798	13.0
9018.0	12.8	13.0
9020.0	12.802	13.0
9022.0	12.802999999999999	13.0
9024.0	12.807	13.0
9026.0	12.812000000000001	13.0
9028.0	12.815999999999999	13.0
9030.0	12.817	13.0
9032.0	12.821	13.0
9034.0	12.822000000000001	13.0
9036.0	12.825999999999999	13.0
9038.0	12.828	13.0
9040.0	12.831	13.0
9042.0	12.833	13.0
9044.0	12.835	13.0
9046.0	12.838	13.0
9048.0	12.84	13.0
9050.0	12.84	13.0
9052.0	12.842	13.0
9054.0	12.842	13.0
9056.0	12.843	13.0
9058.0	12.843	13.0
9060.0	12.842	13.0
9062.0	12.842	13.0
9064.0	12.84	13.0
9066.0	12.838	13.0
9068.0	12.835	13.0
9070.0	12.833	13.0
9072.0	12.833	13.0
9074.0	12.831	13.0
9076.0	12.831	13.0
9078.0	12.831	13.0
9080.0	12.829	13.0
9082.0	12.829	13.0
9084.0	12.829	13.0
9086.0	12.831	13.0
9088.0	12.831	13.0
9090.0	12.831	13.0
9092.0	12.833	13.0
9094.0	12.835	13.0
9096.0	12.835999999999999	13.0
9098.0	12.838	13.0
9100.0	12.838	13.0
9102.0	12.84	13.0
9104.0	12.84	13.0
9106.0	12.84	13.0
9108.0	12.84	13.0
9110.0	12.84	13.0
9112.0	12.838	13.0
9114.0	12.838	13.0
9116.0	12.838	13.0
9118.0	12.838	13.0
9120.0	12.838	13.0
9122.0	12.838	13.0
9124.0	12.838	13.0
9126.0	12.84	13.0
9128.0	12.84	13.0
9130.0	12.84	13.0
9132.0	12.84	13.0
9134.0	12.84	13.0
9136.0	12.84	13.0
9138.0	12.84	13.0
9140.0	12.84	13.0
9142.0	12.84	13.0
9144.0	12.84	13.0
9146.0	12.84	13.0
9148.0	12.84	13.0
9150.0	12.84	13.0
9152.0	12.84	13.0
9154.0	12.84	13.0
9156.0	12.84	13.0
9158.0	12.838	13.0
9160.0	12.838	13.0
9162.0	12.838	13.0
9164.0	12.838	13.0
9166.0	12.838	13.0
9168.0	12.838	13.0
9170.0	12.84	13.0
9172.0	12.84	13.0
9174.0	12.84	13.0
9176.0	12.838	13.0
9178.0	12.835999999999999	13.0
9180.0	12.835	13.0
9182.0	12.835	13.0
9184.0	12.833	13.0
9186.0	12.833	13.0
9188.0	12.831	13.0
9190.0	12.831	13.0
9192.0	12.831	13.0
9194.0	12.829	13.0
9196.0	12.828	13.0
9198.0	12.828	13.0
9200.0	12.825999999999999	13.0
