3300.0	5.199	16.0
3316.0	5.196000000000001	16.0
3332.0	5.194	16.0
3348.0	5.181	16.0
3364.0	5.178	16.0
3380.0	5.176	16.0
3396.0	5.178	16.0
3412.0	5.17	16.0
3428.0	5.176	16.0
3444.0	5.172999999999999	16.0
3460.0	5.178	16.0
3476.0	5.178999999999999	16.0
3492.0	5.175	16.0
3508.0	5.164	16.0
3524.0	5.155	16.0
3540.0	5.142	16.0
3556.0	5.142	16.0
3572.0	5.136	16.0
3588.0	5.126	16.0
3604.0	5.1160000000000005	16.0
3620.0	5.115	16.0
3636.0	5.105	16.0
3652.0	5.1	16.0
3668.0	5.096	16.0
3684.0	5.098	16.0
3700.0	5.072	16.0
3716.0	5.012	16.0
3732.0	4.918	16.0
3748.0	4.814	16.0
3764.0	4.691	16.0
3780.0	4.5280000000000005	16.0
3796.0	4.531000000000001	16.0
3812.0	4.298	16.0
3828.0	4.416	16.0
3844.0	4.295	16.0
3860.0	4.052	16.0
3876.0	4.238	16.0
3892.0	4.41	16.0
3908.0	4.034	16.0
3924.0	3.947	16.0
3940.0	3.9939999999999998	16.0
3956.0	4.218999999999999	16.0
3972.0	4.4319999999999995	16.0
3988.0	4.07	16.0
4004.0	3.944	16.0
4020.0	3.927	16.0
4036.0	3.9219999999999997	16.0
4052.0	3.928	16.0
4068.0	3.9739999999999998	16.0
4084.0	4.157	16.0
4100.0	4.487	16.0
4116.0	4.168	16.0
4132.0	3.986	16.0
4148.0	3.947	16.0
4164.0	3.952	16.0
4180.0	3.958	16.0
4196.0	3.963	16.0
4212.0	3.969	16.0
4228.0	3.977	16.0
4244.0	3.984	16.0
4260.0	3.985	16.0
4276.0	3.997	16.0
4292.0	4.016	16.0
4308.0	4.071000000000001	16.0
4324.0	4.263	16.0
4340.0	4.569	16.0
4356.0	4.226	16.0
4372.0	4.067	16.0
4388.0	4.046	16.0
4404.0	4.035	16.0
4420.0	4.0360000000000005	16.0
4436.0	4.035	16.0
4452.0	4.04	16.0
4468.0	4.051	16.0
4484.0	4.063	16.0
4500.0	4.05	16.0
4516.0	4.056	16.0
4532.0	4.056	16.0
4548.0	4.067	16.0
4564.0	4.064	16.0
4580.0	4.071000000000001	16.0
4596.0	4.072	16.0
4612.0	4.072	16.0
4628.0	4.081	16.0
4644.0	4.077	16.0
4660.0	4.084	16.0
4676.0	4.0889999999999995	16.0
4692.0	4.091	16.0
4708.0	4.0969999999999995	16.0
4724.0	4.1	16.0
4740.0	4.107	16.0
4756.0	4.114	16.0
4772.0	4.119	16.0
4788.0	4.124	16.0
4804.0	4.131	16.0
4820.0	4.154	16.0
4836.0	4.231	16.0
4852.0	4.525	16.0
4868.0	4.584	16.0
4884.0	4.256	16.0
4900.0	4.17	16.0
4916.0	4.157	16.0
4932.0	4.1530000000000005	16.0
4948.0	4.149	16.0
4964.0	4.152	16.0
4980.0	4.157	16.0
4996.0	4.165	16.0
5012.0	4.175	16.0
5028.0	4.178999999999999	16.0
5044.0	4.184	16.0
5060.0	4.185	16.0
5076.0	4.183	16.0
5092.0	4.185	16.0
5108.0	4.185	16.0
5124.0	4.187	16.0
5140.0	4.19	16.0
5156.0	4.196000000000001	16.0
5172.0	4.21	16.0
5188.0	4.206	16.0
5204.0	4.204	16.0
5220.0	4.208	16.0
5236.0	4.2139999999999995	16.0
5252.0	4.215	16.0
5268.0	4.22	16.0
5284.0	4.2219999999999995	16.0
5300.0	4.221	16.0
5316.0	4.231	16.0
5332.0	4.231	16.0
5348.0	4.229	16.0
5364.0	4.231	16.0
5380.0	4.234	16.0
5396.0	4.239	16.0
5412.0	4.244	16.0
5428.0	4.246	16.0
5444.0	4.247	16.0
5460.0	4.251	16.0
5476.0	4.255	16.0
5492.0	4.258	16.0
5508.0	4.262	16.0
5524.0	4.263999999999999	16.0
5540.0	4.269	16.0
5556.0	4.272	16.0
5572.0	4.275	16.0
5588.0	4.28	16.0
5604.0	4.283	16.0
5620.0	4.288	16.0
5636.0	4.295	16.0
5652.0	4.3	16.0
5668.0	4.303999999999999	16.0
5684.0	4.31	16.0
5700.0	4.315	16.0
5716.0	4.3180000000000005	16.0
5732.0	4.3260000000000005	16.0
5748.0	4.329	16.0
5764.0	4.327	16.0
5780.0	4.334	16.0
5796.0	4.329	16.0
5812.0	4.328	16.0
5828.0	4.329	16.0
5844.0	4.328	16.0
5860.0	4.331	16.0
5876.0	4.343	16.0
5892.0	4.356	16.0
5908.0	4.354	16.0
5924.0	4.352	16.0
5940.0	4.3580000000000005	16.0
5956.0	4.3660000000000005	16.0
5972.0	4.365	16.0
5988.0	4.37	16.0
6004.0	4.37	16.0
6020.0	4.374	16.0
6036.0	4.381	16.0
6052.0	4.383	16.0
6068.0	4.387	16.0
6084.0	4.396	16.0
6100.0	4.402	16.0
6116.0	4.401	16.0
6132.0	4.407	16.0
6148.0	4.414	16.0
6164.0	4.417	16.0
6180.0	4.415	16.0
6196.0	4.418	16.0
6212.0	4.422	16.0
6228.0	4.428999999999999	16.0
6244.0	4.436	16.0
6260.0	4.439	16.0
6276.0	4.466	16.0
6292.0	4.4639999999999995	16.0
6308.0	4.458	16.0
6324.0	4.454	16.0
6340.0	4.461	16.0
6356.0	4.459	16.0
6372.0	4.462	16.0
6388.0	4.463	16.0
6404.0	4.461	16.0
6420.0	4.467	16.0
6436.0	4.466	16.0
6452.0	4.478	16.0
6468.0	4.485	16.0
6484.0	4.492	16.0
6500.0	4.494	16.0
6516.0	4.507	16.0
6532.0	4.541	16.0
6548.0	4.685	16.0
6564.0	4.872	16.0
6580.0	4.654	16.0
6596.0	4.539	16.0
6612.0	4.513	16.0
6628.0	4.5089999999999995	16.0
6644.0	4.506	16.0
6660.0	4.507	16.0
6676.0	4.51	16.0
6692.0	4.511	16.0
6708.0	4.513999999999999	16.0
6724.0	4.513	16.0
6740.0	4.5169999999999995	16.0
6756.0	4.519	16.0
6772.0	4.524	16.0
6788.0	4.526	16.0
6804.0	4.529	16.0
6820.0	4.533	16.0
6836.0	4.534	16.0
6852.0	4.5569999999999995	16.0
6868.0	4.697	16.0
6884.0	4.698	16.0
6900.0	4.658	16.0
6916.0	4.605	16.0
6932.0	4.587	16.0
6948.0	4.583	16.0
6964.0	4.573	16.0
6980.0	4.572	16.0
6996.0	4.583	16.0
7012.0	4.588	16.0
7028.0	4.587	16.0
7044.0	4.586	16.0
7060.0	4.5889999999999995	16.0
7076.0	4.588	16.0
7092.0	4.592	16.0
7108.0	4.595	16.0
7124.0	4.599	16.0
7140.0	4.603	16.0
7156.0	4.618	16.0
7172.0	4.672	16.0
7188.0	4.712	16.0
7204.0	4.688	16.0
7220.0	4.654	16.0
7236.0	4.686	16.0
7252.0	4.6930000000000005	16.0
7268.0	4.691	16.0
7284.0	4.686	16.0
7300.0	4.6819999999999995	16.0
7316.0	4.6739999999999995	16.0
7332.0	4.658	16.0
7348.0	4.657	16.0
7364.0	4.6610000000000005	16.0
7380.0	4.657	16.0
7396.0	4.656000000000001	16.0
7412.0	4.658	16.0
7428.0	4.66	16.0
7444.0	4.662	16.0
7460.0	4.667	16.0
7476.0	4.67	16.0
7492.0	4.67	16.0
7508.0	4.666	16.0
7524.0	4.67	16.0
7540.0	4.6739999999999995	16.0
7556.0	4.675	16.0
7572.0	4.684	16.0
7588.0	4.854	16.0
7604.0	5.579	16.0
7620.0	5.3260000000000005	16.0
7636.0	5.276	16.0
7652.0	5.019	16.0
7668.0	4.821000000000001	16.0
7684.0	4.738	16.0
7700.0	4.709	16.0
7716.0	4.704	16.0
7732.0	4.702	16.0
7748.0	4.704	16.0
7764.0	4.72	16.0
7780.0	4.732	16.0
7796.0	4.712	16.0
7812.0	4.715	16.0
7828.0	4.716	16.0
7844.0	4.72	16.0
7860.0	4.723	16.0
7876.0	4.732	16.0
7892.0	4.7410000000000005	16.0
7908.0	4.7410000000000005	16.0
7924.0	4.74	16.0
7940.0	4.74	16.0
7956.0	4.748	16.0
7972.0	4.746	16.0
7988.0	4.749	16.0
8004.0	4.754	16.0
8020.0	4.758	16.0
8036.0	4.76	16.0
8052.0	4.758	16.0
8068.0	4.763	16.0
8084.0	4.766	16.0
8100.0	4.773	16.0
8116.0	4.782	16.0
8132.0	4.808	16.0
8148.0	4.841	16.0
8164.0	4.87	16.0
8180.0	4.8660000000000005	16.0
8196.0	4.85	16.0
8212.0	4.833	16.0
8228.0	4.891	16.0
8244.0	4.845	16.0
8260.0	4.829	16.0
8276.0	4.848	16.0
8292.0	4.85	16.0
8308.0	4.841	16.0
8324.0	4.841	16.0
8340.0	4.83	16.0
8356.0	4.827	16.0
8372.0	4.8260000000000005	16.0
8388.0	4.8260000000000005	16.0
8404.0	4.827	16.0
8420.0	4.83	16.0
8436.0	4.838	16.0
8452.0	4.846	16.0
8468.0	4.842	16.0
8484.0	4.831	16.0
8500.0	4.859	16.0
8516.0	4.836	16.0
8532.0	4.843	16.0
8548.0	4.888	16.0
8564.0	4.823	16.0
8580.0	4.828	16.0
8596.0	4.91	16.0
8612.0	4.86	16.0
8628.0	4.792	16.0
8644.0	4.819	16.0
8660.0	4.942	16.0
8676.0	4.923	16.0
8692.0	4.803	16.0
8708.0	4.771	16.0
8724.0	4.8	16.0
8740.0	4.927	16.0
8756.0	5.001	16.0
8772.0	4.851	16.0
8788.0	4.768	16.0
8804.0	4.752	16.0
8820.0	4.762	16.0
8836.0	4.815	16.0
8852.0	4.9639999999999995	16.0
8868.0	5.0569999999999995	16.0
8884.0	4.887	16.0
8900.0	4.797	16.0
8916.0	4.772	16.0
8932.0	4.774	16.0
8948.0	4.794	16.0
8964.0	4.843999999999999	16.0
8980.0	4.906000000000001	16.0
8996.0	5.034	16.0
9012.0	5.196000000000001	16.0
9028.0	5.0889999999999995	16.0
9044.0	4.895	16.0
9060.0	4.869	16.0
9076.0	4.894	16.0
9092.0	4.891	16.0
9108.0	4.875	16.0
9124.0	4.875	16.0
9140.0	4.8919999999999995	16.0
9156.0	4.898	16.0
9172.0	4.9030000000000005	16.0
9188.0	4.907	16.0
9204.0	4.946000000000001	16.0
9220.0	5.122999999999999	16.0
9236.0	5.188	16.0
9252.0	5.012	16.0
9268.0	4.944	16.0
9284.0	4.955	16.0
9300.0	5.027	16.0
9316.0	5.1739999999999995	16.0
9332.0	5.301	16.0
9348.0	5.351	16.0
9364.0	5.3020000000000005	16.0
9380.0	5.249	16.0
9396.0	5.063	16.0
9412.0	5.08	16.0
9428.0	5.183	16.0
9444.0	5.22	16.0
9460.0	5.196000000000001	16.0
9476.0	5.167999999999999	16.0
9492.0	5.195	16.0
9508.0	5.181	16.0
9524.0	5.284	16.0
9540.0	5.416	16.0
9556.0	5.435	16.0
9572.0	5.211	16.0
9588.0	5.154	16.0
9604.0	5.093	16.0
9620.0	5.0760000000000005	16.0
9636.0	5.053	16.0
9652.0	5.032	16.0
9668.0	4.998	16.0
9684.0	4.947	16.0
9700.0	4.938	16.0
9716.0	4.94	16.0
9732.0	4.966	16.0
9748.0	4.9830000000000005	16.0
9764.0	4.98	16.0
9780.0	4.962	16.0
9796.0	4.962	16.0
9812.0	4.939	16.0
9828.0	4.947	16.0
9844.0	4.926	16.0
9860.0	4.921	16.0
9876.0	4.926	16.0
9892.0	4.919	16.0
9908.0	4.9239999999999995	16.0
9924.0	4.923	16.0
9940.0	4.916	16.0
9956.0	4.926	16.0
9972.0	4.9239999999999995	16.0
9988.0	4.942	16.0
10004.0	4.965	16.0
10020.0	5.018	16.0
10036.0	5.127000000000001	16.0
10052.0	5.273	16.0
10068.0	5.106	16.0
10084.0	5.01	16.0
10100.0	4.978	16.0
10116.0	4.956	16.0
10132.0	4.94	16.0
10148.0	4.921	16.0
10164.0	4.928999999999999	16.0
10180.0	4.9430000000000005	16.0
10196.0	4.931	16.0
10212.0	4.9239999999999995	16.0
10228.0	4.9239999999999995	16.0
10244.0	4.947	16.0
10260.0	4.919	16.0
10276.0	4.958	16.0
10292.0	4.94	16.0
10308.0	4.947	16.0
10324.0	4.947	16.0
10340.0	4.9719999999999995	16.0
10356.0	4.982	16.0
10372.0	5.034	16.0
10388.0	4.963	16.0
10404.0	5.024	16.0
10420.0	5.053	16.0
