3300.0	13.575999999999999	50.0
3350.0	13.565999999999999	50.0
3400.0	13.481	50.0
3450.0	13.470999999999998	50.0
3500.0	13.405999999999999	50.0
3550.0	13.35	50.0
3600.0	13.323	50.0
3650.0	13.198	50.0
3700.0	13.199000000000002	50.0
3750.0	13.199000000000002	50.0
3800.0	13.084000000000001	50.0
3850.0	13.072000000000001	50.0
3900.0	13.078	50.0
3950.0	13.172	50.0
4000.0	12.785	50.0
4050.0	12.73	50.0
4100.0	12.695	50.0
4150.0	12.65	50.0
4200.0	12.649000000000001	50.0
4250.0	12.655999999999999	50.0
4300.0	12.717	50.0
4350.0	12.593	50.0
4400.0	12.534	50.0
4450.0	12.466	50.0
4500.0	12.42	50.0
4550.0	12.402999999999999	50.0
4600.0	12.370999999999999	50.0
4650.0	12.347999999999999	50.0
4700.0	12.325	50.0
4750.0	12.3	50.0
4800.0	12.279000000000002	50.0
4850.0	12.305	50.0
4900.0	12.251	50.0
4950.0	12.225	50.0
5000.0	12.219000000000001	50.0
5050.0	12.195	50.0
5100.0	12.175999999999998	50.0
5150.0	12.192	50.0
5200.0	12.171	50.0
5250.0	12.128	50.0
5300.0	12.103	50.0
5350.0	12.091	50.0
5400.0	12.075999999999999	50.0
5450.0	12.056	50.0
5500.0	12.037	50.0
5550.0	12.019	50.0
5600.0	12.017000000000001	50.0
5650.0	11.995	50.0
5700.0	11.985	50.0
5750.0	11.975999999999999	50.0
5800.0	11.957	50.0
5850.0	11.943	50.0
5900.0	11.945	50.0
5950.0	11.93	50.0
6000.0	11.924000000000001	50.0
6050.0	11.909	50.0
6100.0	11.901	50.0
6150.0	11.894	50.0
6200.0	11.88	50.0
6250.0	11.876	50.0
6300.0	11.882	50.0
6350.0	11.857000000000001	50.0
6400.0	11.853	50.0
6450.0	11.845	50.0
6500.0	11.842	50.0
6550.0	11.886	50.0
6600.0	11.82	50.0
6650.0	11.808	50.0
6700.0	11.798	50.0
6750.0	11.793	50.0
6800.0	11.788	50.0
6850.0	11.829	50.0
6900.0	11.879000000000001	50.0
6950.0	11.79	50.0
7000.0	11.777000000000001	50.0
7050.0	11.77	50.0
7100.0	11.764000000000001	50.0
7150.0	11.774000000000001	50.0
7200.0	11.814	50.0
7250.0	11.799000000000001	50.0
7300.0	11.780999999999999	50.0
7350.0	11.75	50.0
7400.0	11.738	50.0
7450.0	11.732000000000001	50.0
7500.0	11.73	50.0
7550.0	11.724	50.0
7600.0	12.179	50.0
7650.0	12.062000000000001	50.0
7700.0	11.727	50.0
7750.0	11.704	50.0
7800.0	11.699000000000002	50.0
7850.0	11.696	50.0
7900.0	11.696	50.0
7950.0	11.694	50.0
8000.0	11.693	50.0
8050.0	11.69	50.0
8100.0	11.689	50.0
8150.0	11.747	50.0
8200.0	11.744000000000002	50.0
8250.0	11.73	50.0
8300.0	11.72	50.0
8350.0	11.695	50.0
8400.0	11.682	50.0
8450.0	11.68	50.0
8500.0	11.696	50.0
8550.0	11.718	50.0
8600.0	11.677999999999999	50.0
8650.0	11.709000000000001	50.0
8700.0	11.68	50.0
8750.0	11.68	50.0
8800.0	11.687000000000001	50.0
8850.0	11.683	50.0
8900.0	11.690999999999999	50.0
8950.0	11.725999999999999	50.0
9000.0	11.800999999999998	50.0
9050.0	11.741	50.0
9100.0	11.777000000000001	50.0
9150.0	11.783	50.0
9200.0	11.751	50.0
9250.0	11.74	50.0
9300.0	11.895999999999999	50.0
9350.0	12.167	50.0
9400.0	11.97	50.0
9450.0	12.033	50.0
9500.0	11.984000000000002	50.0
9550.0	11.957	50.0
9600.0	11.9	50.0
9650.0	11.835	50.0
9700.0	11.758	50.0
9750.0	11.789000000000001	50.0
9800.0	11.75	50.0
9850.0	11.722000000000001	50.0
9900.0	11.700999999999999	50.0
9950.0	11.695	50.0
10000.0	11.69	50.0
10050.0	11.706	50.0
10100.0	11.637	50.0
10150.0	11.647	50.0
10200.0	11.654000000000002	50.0
