6450.0	13.072000000000001	50.0
6500.0	13.089	50.0
6550.0	13.114	50.0
6600.0	13.091	50.0
6650.0	13.07	50.0
6700.0	13.056	50.0
6750.0	13.054	50.0
6800.0	13.052	50.0
6850.0	13.1	50.0
6900.0	13.155999999999999	50.0
6950.0	13.075	50.0
7000.0	13.071	50.0
7050.0	13.074000000000002	50.0
7100.0	13.075999999999999	50.0
7150.0	13.092	50.0
7200.0	13.137	50.0
7250.0	13.132	50.0
7300.0	13.120999999999999	50.0
7350.0	13.100999999999999	50.0
7400.0	13.094000000000001	50.0
7450.0	13.094000000000001	50.0
7500.0	13.093	50.0
7550.0	13.100999999999999	50.0
7600.0	13.537	50.0
7650.0	13.418	50.0
7700.0	13.117	50.0
7750.0	13.104000000000001	50.0
7800.0	13.104000000000001	50.0
7850.0	13.107999999999999	50.0
7900.0	13.112	50.0
7950.0	13.118	50.0
8000.0	13.120999999999999	50.0
8050.0	13.122	50.0
8100.0	13.134	50.0
8150.0	13.19	50.0
8200.0	13.184000000000001	50.0
8250.0	13.185	50.0
8300.0	13.187999999999999	50.0
8350.0	13.172	50.0
8400.0	13.164000000000001	50.0
8450.0	13.165999999999999	50.0
8500.0	13.168	50.0
8550.0	13.18	50.0
8600.0	13.186	50.0
8650.0	13.187999999999999	50.0
8700.0	13.189	50.0
8750.0	13.207	50.0
8800.0	13.207	50.0
8850.0	13.218	50.0
8900.0	13.215	50.0
8950.0	13.261	50.0
9000.0	13.324000000000002	50.0
9050.0	13.284	50.0
9100.0	13.318	50.0
9150.0	13.329	50.0
9200.0	13.298	50.0
9250.0	13.300999999999998	50.0
9300.0	13.453	50.0
9350.0	13.705	50.0
9400.0	13.494000000000002	50.0
9450.0	13.585999999999999	50.0
9500.0	13.565999999999999	50.0
9550.0	13.527999999999999	50.0
9600.0	13.49	50.0
9650.0	13.436	50.0
9700.0	13.360999999999999	50.0
9750.0	13.380999999999998	50.0
9800.0	13.357999999999999	50.0
9850.0	13.342	50.0
9900.0	13.323	50.0
9950.0	13.372	50.0
10000.0	13.399000000000001	50.0
10050.0	13.288	50.0
