3300.0	12.357999999999999	50.0
3350.0	12.325	50.0
3400.0	12.325	50.0
3450.0	12.322000000000001	50.0
3500.0	12.306	50.0
3550.0	12.289000000000001	50.0
3600.0	12.269	50.0
3650.0	12.249	50.0
3700.0	12.235999999999999	50.0
3750.0	12.228	50.0
3800.0	12.197000000000001	50.0
3850.0	12.159	50.0
3900.0	12.145	50.0
3950.0	12.16	50.0
4000.0	12.032	50.0
4050.0	11.952	50.0
4100.0	12.232000000000001	50.0
4150.0	11.923	50.0
4200.0	11.859000000000002	50.0
4250.0	11.866	50.0
4300.0	11.982999999999999	50.0
4350.0	12.217	50.0
4400.0	11.898	50.0
4450.0	11.854000000000001	50.0
4500.0	11.841	50.0
4550.0	11.838	50.0
4600.0	11.837	50.0
4650.0	11.838	50.0
4700.0	11.843	50.0
4750.0	11.856	50.0
4800.0	11.902999999999999	50.0
4850.0	12.200999999999999	50.0
4900.0	11.97	50.0
4950.0	11.856	50.0
5000.0	11.841	50.0
5050.0	11.841	50.0
5100.0	11.841	50.0
5150.0	11.838	50.0
5200.0	11.838	50.0
5250.0	11.838	50.0
5300.0	11.839	50.0
5350.0	11.839	50.0
5400.0	11.839	50.0
5450.0	11.842	50.0
5500.0	11.843	50.0
5550.0	11.844000000000001	50.0
5600.0	11.845999999999998	50.0
5650.0	11.854000000000001	50.0
5700.0	11.868	50.0
5750.0	11.874	50.0
5800.0	11.869000000000002	50.0
5850.0	11.862	50.0
5900.0	11.873	50.0
5950.0	11.878	50.0
6000.0	11.878	50.0
6050.0	11.884	50.0
6100.0	11.886	50.0
6150.0	11.89	50.0
6200.0	11.898	50.0
6250.0	11.911	50.0
6300.0	11.925999999999998	50.0
6350.0	11.918	50.0
6400.0	11.924000000000001	50.0
6450.0	11.937999999999999	50.0
6500.0	11.993	50.0
6550.0	12.249	50.0
6600.0	12.077	50.0
6650.0	11.965	50.0
6700.0	11.943	50.0
6750.0	11.939	50.0
6800.0	11.940999999999999	50.0
6850.0	11.995999999999999	50.0
6900.0	12.050999999999998	50.0
6950.0	11.977	50.0
7000.0	11.975	50.0
7050.0	11.975	50.0
7100.0	11.975	50.0
7150.0	12.0	50.0
7200.0	12.068	50.0
7250.0	12.062999999999999	50.0
7300.0	12.046	50.0
7350.0	12.015999999999998	50.0
7400.0	12.011	50.0
7450.0	12.01	50.0
7500.0	12.013	50.0
7550.0	12.011	50.0
7600.0	12.472999999999999	50.0
7650.0	12.356	50.0
7700.0	12.038	50.0
7750.0	12.024000000000001	50.0
7800.0	12.027000000000001	50.0
7850.0	12.035	50.0
7900.0	12.046	50.0
7950.0	12.048	50.0
8000.0	12.059000000000001	50.0
8050.0	12.062000000000001	50.0
8100.0	12.074000000000002	50.0
8150.0	12.16	50.0
8200.0	12.149000000000001	50.0
8250.0	12.145999999999999	50.0
8300.0	12.145	50.0
8350.0	12.115	50.0
8400.0	12.100999999999999	50.0
8450.0	12.107000000000001	50.0
8500.0	12.112	50.0
8550.0	12.124	50.0
8600.0	12.130999999999998	50.0
8650.0	12.134	50.0
8700.0	12.147	50.0
8750.0	12.152999999999999	50.0
8800.0	12.154000000000002	50.0
8850.0	12.173	50.0
8900.0	12.18	50.0
8950.0	12.249	50.0
9000.0	12.349	50.0
9050.0	12.269	50.0
9100.0	12.325999999999999	50.0
9150.0	12.349	50.0
9200.0	12.308	50.0
9250.0	12.312999999999999	50.0
9300.0	12.533	50.0
9350.0	12.870999999999999	50.0
9400.0	12.592	50.0
9450.0	12.675	50.0
9500.0	12.662	50.0
9550.0	12.657	50.0
9600.0	12.552	50.0
9650.0	12.436	50.0
9700.0	12.34	50.0
9750.0	12.368	50.0
9800.0	12.331	50.0
9850.0	12.273	50.0
9900.0	12.29	50.0
9950.0	12.295	50.0
