3200.0	15.043	0.51381
3201.0	14.978	0.5119199999999999
3202.0	14.831	0.50722
3203.0	14.822000000000001	0.50722
3204.0	15.088	0.51665
3205.0	15.232000000000001	0.5219199999999999
3206.0	15.014000000000001	0.51475
3207.0	14.825999999999999	0.50863
3208.0	15.009	0.51523
3209.0	15.194	0.5219199999999999
3210.0	15.567	0.5350600000000001
3211.0	15.92	0.54752
3212.0	16.371	0.56338
3213.0	16.85	0.58023
3214.0	16.839000000000002	0.58023
3215.0	16.552	0.5706899999999999
3216.0	16.345	0.5639
3217.0	16.23	0.5602699999999999
3218.0	16.22	0.5602699999999999
3219.0	16.451	0.5685899999999999
3220.0	16.577	0.5733199999999999
3221.0	16.43	0.5685899999999999
3222.0	16.284000000000002	0.5639
3223.0	16.319000000000003	0.56545
3224.0	16.369	0.5675399999999999
3225.0	16.239	0.56338
3226.0	16.08	0.55821
3227.0	16.115	0.55975
3228.0	16.179000000000002	0.56234
3229.0	16.214000000000002	0.5639
3230.0	16.234	0.56494
3231.0	16.119	0.5613100000000001
3232.0	15.918	0.5546300000000001
3233.0	15.762	0.5495399999999999
3234.0	15.752	0.5495399999999999
3235.0	15.786	0.55106
3236.0	15.981	0.55821
3237.0	16.119	0.56338
3238.0	16.005	0.55975
3239.0	15.907	0.55667
3240.0	15.825	0.55412
3241.0	15.728	0.55106
3242.0	15.559000000000001	0.5455
3243.0	15.350999999999999	0.53852
3244.0	15.469000000000001	0.543
3245.0	15.834000000000001	0.55616
3246.0	15.897	0.55872
3247.0	15.755999999999998	0.55412
3248.0	15.617	0.5495399999999999
3249.0	15.55	0.54752
3250.0	15.482999999999999	0.5455
3251.0	15.332	0.5405
3252.0	15.224	0.53703
3253.0	15.186	0.53604
3254.0	15.163	0.53555
3255.0	15.196	0.53703
3256.0	15.242	0.53901
3257.0	15.345999999999998	0.543
3258.0	15.464	0.54752
3259.0	15.312999999999999	0.5425
3260.0	15.024000000000001	0.5326
3261.0	14.767999999999999	0.52384
3262.0	14.556	0.51665
3263.0	14.467	0.51381
3264.0	14.633	0.52
3265.0	14.732000000000001	0.52384
3266.0	14.534	0.51713
3267.0	14.339	0.51051
3268.0	14.37	0.5119199999999999
3269.0	14.374	0.51239
3270.0	14.767999999999999	0.52674
3271.0	15.200999999999999	0.5425
3272.0	15.205	0.543
3273.0	15.126	0.5405
3274.0	15.117	0.5405
3275.0	15.149000000000001	0.542
3276.0	15.294	0.54752
3277.0	15.584000000000001	0.55821
3278.0	15.762	0.56494
3279.0	15.665	0.56182
3280.0	15.613	0.5602699999999999
3281.0	15.892999999999999	0.5706899999999999
3282.0	16.149	0.58023
3283.0	15.845	0.5696399999999999
3284.0	15.56	0.55975
3285.0	15.565	0.5602699999999999
3286.0	15.613	0.56234
3287.0	15.475	0.5577
3288.0	15.267000000000001	0.55055
3289.0	15.16	0.54702
3290.0	15.123	0.54601
3291.0	15.114	0.54601
3292.0	15.132	0.54702
3293.0	15.081	0.5455
3294.0	14.934000000000001	0.5405
3295.0	14.788	0.53555
3296.0	14.860999999999999	0.53852
3297.0	14.907	0.5405
3298.0	14.857000000000001	0.53901
3299.0	14.807	0.5375300000000001
3300.0	14.948	0.543
3301.0	15.147	0.55055
3302.0	15.013	0.54601
3303.0	14.770999999999999	0.5375300000000001
3304.0	14.748	0.53703
3305.0	14.876	0.542
3306.0	14.963	0.5455
3307.0	15.009	0.54752
3308.0	15.055	0.5495399999999999
3309.0	15.046	0.5495399999999999
3310.0	14.982000000000001	0.54752
3311.0	14.686	0.53703
3312.0	14.369000000000002	0.52578
3313.0	14.763	0.5405
3314.0	15.154000000000002	0.55514
3315.0	15.214	0.5577
3316.0	15.219000000000001	0.55821
3317.0	14.974	0.5495399999999999
3318.0	14.624	0.53703
3319.0	14.520999999999999	0.53358
3320.0	14.606	0.53703
3321.0	14.692	0.5405
3322.0	14.792	0.5445
3323.0	14.92	0.5495399999999999
3324.0	15.007	0.5531
3325.0	15.095	0.55667
3326.0	15.085999999999999	0.55667
3327.0	15.119000000000002	0.55821
3328.0	15.013	0.5546300000000001
3329.0	14.892999999999999	0.55055
3330.0	14.939	0.5525899999999999
3331.0	14.985999999999999	0.5546300000000001
3332.0	15.017999999999999	0.55616
3333.0	15.009	0.55616
3334.0	15.195	0.56338
3335.0	15.582	0.57809
3336.0	15.819	0.58722
3337.0	15.765	0.5856
3338.0	15.655	0.5818399999999999
3339.0	15.402000000000001	0.5728
3340.0	15.196	0.56545
3341.0	15.299000000000001	0.5696399999999999
3342.0	15.417	0.57438
3343.0	15.694	0.58506
3344.0	15.962	0.59538
3345.0	15.792	0.58939
3346.0	15.494000000000002	0.57863
3347.0	15.370999999999999	0.57438
3348.0	15.32	0.5728
3349.0	15.296	0.57227
3350.0	15.300999999999998	0.5728
3351.0	15.235999999999999	0.5706899999999999
3352.0	15.032	0.56338
3353.0	14.899000000000001	0.55872
3354.0	15.069	0.56545
3355.0	15.242	0.57227
3356.0	15.289000000000001	0.57438
3357.0	15.335999999999999	0.5765
3358.0	15.412	0.5796899999999999
3359.0	15.503	0.58345
3360.0	15.450999999999999	0.5818399999999999
3361.0	15.342	0.57809
3362.0	15.575	0.58722
3363.0	16.017	0.60423
3364.0	16.29	0.6148899999999999
3365.0	16.37	0.6183
3366.0	16.451	0.62173
3367.0	16.456	0.6223
3368.0	16.401	0.62058
3369.0	16.182000000000002	0.61263
3370.0	15.979000000000001	0.60534
3371.0	16.073	0.60926
3372.0	16.153	0.61263
3373.0	16.039	0.60869
3374.0	15.839	0.60145
3375.0	15.800999999999998	0.60034
3376.0	15.762	0.59924
3377.0	15.84	0.60256
3378.0	15.992	0.60869
3379.0	15.997	0.60926
3380.0	15.812000000000001	0.60256
3381.0	15.700999999999999	0.5986899999999999
3382.0	15.706	0.59924
3383.0	15.697000000000001	0.59924
3384.0	15.573	0.5948399999999999
3385.0	15.421	0.58939
3386.0	15.369000000000002	0.5877600000000001
3387.0	15.302999999999999	0.5856
3388.0	15.294	0.5856
3389.0	15.299000000000001	0.58614
3390.0	15.375	0.58939
3391.0	15.466	0.5932
3392.0	15.470999999999998	0.5937399999999999
3393.0	15.390999999999998	0.59102
3394.0	15.339	0.58939
3395.0	15.387	0.5915600000000001
3396.0	15.42	0.5932
3397.0	15.525	0.59758
3398.0	15.645	0.60256
3399.0	15.737	0.60646
3400.0	15.829	0.61038
3401.0	15.776	0.60869
3402.0	15.68	0.60534
3403.0	15.57	0.60145
3404.0	15.447000000000001	0.59704
3405.0	15.481	0.5986899999999999
3406.0	15.571	0.60256
3407.0	15.634	0.60534
3408.0	15.654000000000002	0.60646
3409.0	15.616	0.60534
3410.0	15.535	0.60256
3411.0	15.482999999999999	0.6009
3412.0	15.517000000000001	0.60256
3413.0	15.565	0.60478
3414.0	15.399000000000001	0.5986899999999999
3415.0	15.249	0.5932
3416.0	15.380999999999998	0.5986899999999999
3417.0	15.572000000000001	0.60646
3418.0	15.562000000000001	0.60646
3419.0	15.468	0.60312
3420.0	15.444	0.60256
3421.0	15.407	0.60145
3422.0	15.327	0.5986899999999999
3423.0	15.177999999999999	0.5932
3424.0	15.127	0.5915600000000001
3425.0	15.258	0.59704
3426.0	15.39	0.60256
3427.0	15.297	0.59924
3428.0	15.231	0.59704
3429.0	15.363	0.60256
3430.0	15.511	0.60869
3431.0	15.36	0.60312
3432.0	15.154000000000002	0.59538
3433.0	15.089	0.5932
3434.0	15.095	0.5937399999999999
3435.0	15.155	0.59648
3436.0	15.259	0.6009
3437.0	15.292	0.60256
3438.0	15.142999999999999	0.59704
3439.0	15.12	0.59648
3440.0	15.335999999999999	0.60534
3441.0	15.554	0.61433
3442.0	15.488	0.61207
3443.0	15.408	0.60926
3444.0	15.685	0.62058
3445.0	15.982000000000001	0.6327
3446.0	15.972999999999999	0.6327
3447.0	15.890999999999998	0.6298
3448.0	15.779000000000002	0.62575
3449.0	15.64	0.62058
3450.0	15.630999999999998	0.62058
3451.0	15.722999999999999	0.6246
3452.0	15.859000000000002	0.63038
3453.0	15.952	0.63445
3454.0	16.090999999999998	0.64032
3455.0	16.29	0.64863
3456.0	16.447	0.6552399999999999
3457.0	16.392	0.6534300000000001
3458.0	16.352	0.65223
3459.0	16.252	0.64863
3460.0	16.139	0.64447
3461.0	15.982000000000001	0.63856
3462.0	15.782	0.6309600000000001
3463.0	15.773	0.6309600000000001
3464.0	15.91	0.6368
3465.0	15.959000000000001	0.6391399999999999
3466.0	15.877	0.63621
3467.0	15.824000000000002	0.63445
3468.0	15.829	0.6350399999999999
3469.0	15.82	0.6350399999999999
3470.0	15.607999999999999	0.6269
3471.0	15.427999999999999	0.6200100000000001
3472.0	15.533	0.6246
3473.0	15.668	0.63038
3474.0	15.600999999999999	0.6280600000000001
3475.0	15.505999999999998	0.6246
3476.0	15.555	0.6269
3477.0	15.732999999999999	0.63445
3478.0	15.782	0.6368
3479.0	15.715	0.63445
3480.0	15.706	0.63445
3481.0	15.798	0.63856
3482.0	15.847999999999999	0.6409100000000001
3483.0	15.925999999999998	0.64447
3484.0	15.960999999999999	0.64625
3485.0	15.762	0.63856
3486.0	15.565999999999999	0.6309600000000001
3487.0	15.343	0.6223
3488.0	15.124	0.6137600000000001
3489.0	15.004000000000001	0.60926
3490.0	14.968	0.6081300000000001
3491.0	15.21	0.6183
3492.0	15.655999999999999	0.6368
3493.0	15.835	0.64447
3494.0	15.58	0.63445
3495.0	15.357999999999999	0.62575
3496.0	15.124	0.61659
3497.0	14.922	0.60869
3498.0	15.038	0.6137600000000001
3499.0	15.14	0.6183
3500.0	15.229000000000001	0.6223
3501.0	15.333	0.6269
3502.0	15.353	0.6280600000000001
3503.0	15.315999999999999	0.6269
3504.0	15.577	0.63797
3505.0	15.975	0.65464
3506.0	15.981	0.6552399999999999
3507.0	15.665999999999999	0.64269
3508.0	15.614	0.6409100000000001
3509.0	16.042	0.65887
3510.0	16.391	0.6736
3511.0	16.503	0.6785800000000001
3512.0	16.6	0.68296
3513.0	16.423	0.67608
3514.0	16.249000000000002	0.6692600000000001
3515.0	16.195	0.66742
3516.0	16.156	0.66619
3517.0	16.146	0.66619
3518.0	16.122	0.6655800000000001
3519.0	16.113	0.6655800000000001
3520.0	16.06	0.66374
3521.0	16.051	0.66374
3522.0	16.041	0.66374
3523.0	16.018	0.66313
3524.0	15.95	0.6607
3525.0	15.911	0.6594800000000001
3526.0	16.049	0.6655800000000001
3527.0	16.189	0.67174
3528.0	15.913	0.6607
3529.0	15.628	0.64923
3530.0	15.663	0.65103
3531.0	15.755	0.6552399999999999
3532.0	15.775	0.65645
3533.0	15.737	0.6552399999999999
3534.0	15.729000000000001	0.6552399999999999
3535.0	15.72	0.6552399999999999
3536.0	15.710999999999999	0.6552399999999999
3537.0	15.702	0.6552399999999999
3538.0	15.693	0.6552399999999999
3539.0	15.612	0.65223
3540.0	15.517000000000001	0.64863
3541.0	15.494000000000002	0.64804
3542.0	15.457	0.64685
3543.0	15.434000000000001	0.64625
3544.0	15.397	0.6450600000000001
3545.0	15.275	0.64032
3546.0	15.140999999999998	0.6350399999999999
3547.0	15.104000000000001	0.6338699999999999
3548.0	15.11	0.63445
3549.0	15.157	0.6368
3550.0	15.274000000000001	0.6420899999999999
3551.0	15.322000000000001	0.64447
3552.0	15.270999999999999	0.64269
3553.0	15.220999999999998	0.6409100000000001
3554.0	15.296	0.64447
3555.0	15.344000000000001	0.64685
3556.0	15.392000000000001	0.64923
3557.0	15.454	0.65223
3558.0	15.517000000000001	0.6552399999999999
3559.0	15.609000000000002	0.6594800000000001
3560.0	15.657	0.66191
3561.0	15.720999999999998	0.66497
3562.0	15.669	0.66313
3563.0	15.515999999999998	0.65705
3564.0	15.465	0.6552399999999999
3565.0	15.513	0.65766
3566.0	15.59	0.6613
3567.0	15.582	0.6613
3568.0	15.573	0.6613
3569.0	15.65	0.66497
3570.0	15.699000000000002	0.66742
3571.0	15.561	0.66191
3572.0	15.424000000000001	0.65645
3573.0	15.529000000000002	0.6613
3574.0	15.679	0.66803
3575.0	15.815	0.6742100000000001
3576.0	15.864	0.67671
3577.0	15.856	0.67671
3578.0	15.745	0.6723600000000001
3579.0	15.664000000000001	0.6692600000000001
3580.0	15.554	0.66497
3581.0	15.474	0.66191
3582.0	15.695	0.67174
3583.0	15.905	0.68108
3584.0	15.823	0.67796
3585.0	15.712	0.6736
3586.0	15.776	0.67671
3587.0	15.913	0.68296
3588.0	15.948	0.68486
3589.0	15.94	0.68486
3590.0	15.887	0.68296
3591.0	15.732000000000001	0.67671
3592.0	15.709000000000001	0.67608
3593.0	15.86	0.68296
3594.0	15.954	0.68739
3595.0	15.886	0.68486
3596.0	15.834000000000001	0.68296
3597.0	15.767000000000001	0.6804600000000001
3598.0	15.714	0.6785800000000001
3599.0	15.850999999999999	0.68486
3600.0	16.003	0.6918300000000001
3601.0	16.039	0.6937399999999999
3602.0	15.985999999999999	0.6918300000000001
3603.0	15.962	0.69119
3604.0	15.924000000000001	0.68992
3605.0	15.9	0.68929
3606.0	15.833	0.68675
3607.0	15.824000000000002	0.68675
3608.0	15.918	0.69119
3609.0	15.982999999999999	0.69439
3610.0	15.959000000000001	0.6937399999999999
3611.0	15.905999999999999	0.6918300000000001
3612.0	15.897	0.6918300000000001
3613.0	15.845	0.68992
3614.0	15.777999999999999	0.68739
3615.0	15.668	0.68296
3616.0	15.659	0.68296
3617.0	15.737	0.68675
3618.0	15.845	0.6918300000000001
3619.0	15.997	0.6988800000000001
3620.0	16.077	0.70275
3621.0	16.009	0.70016
3622.0	15.912	0.69631
3623.0	15.845	0.6937399999999999
3624.0	15.777999999999999	0.69119
3625.0	15.783	0.6918300000000001
3626.0	15.804	0.69311
3627.0	15.708	0.68929
3628.0	15.599	0.68486
3629.0	15.604000000000001	0.6854899999999999
3630.0	15.682	0.68929
3631.0	15.775	0.6937399999999999
3632.0	15.824000000000002	0.69631
3633.0	15.947000000000001	0.7021
3634.0	16.116	0.7099
3635.0	16.151	0.71187
3636.0	15.79	0.69631
3637.0	15.479000000000001	0.68296
3638.0	15.527000000000001	0.6854899999999999
3639.0	15.59	0.68865
3640.0	15.654000000000002	0.6918300000000001
3641.0	15.745999999999999	0.69631
3642.0	15.883	0.70275
3643.0	16.021	0.70925
3644.0	16.027	0.7099
3645.0	15.96	0.70729
3646.0	15.907	0.70534
3647.0	15.898	0.70534
3648.0	15.817	0.7021
3649.0	15.534	0.68992
3650.0	15.369000000000002	0.68296
3651.0	15.603	0.6937399999999999
3652.0	15.84	0.7046899999999999
3653.0	15.934000000000001	0.70925
3654.0	16.028	0.7138399999999999
3655.0	16.064	0.7158100000000001
3656.0	16.07	0.7164699999999999
3657.0	15.899000000000001	0.70925
3658.0	15.700999999999999	0.70081
3659.0	15.592	0.69631
3660.0	15.54	0.69439
3661.0	15.517000000000001	0.6937399999999999
3662.0	15.509	0.6937399999999999
3663.0	15.5	0.6937399999999999
3664.0	15.492	0.6937399999999999
3665.0	15.484000000000002	0.6937399999999999
3666.0	15.432	0.6918300000000001
3667.0	15.41	0.69119
3668.0	15.444	0.69311
3669.0	15.464	0.69439
3670.0	15.540999999999999	0.69823
3671.0	15.633	0.70275
3672.0	15.683	0.70534
3673.0	15.717	0.70729
3674.0	15.651	0.7046899999999999
3675.0	15.485	0.6975899999999999
3676.0	15.434000000000001	0.69567
3677.0	15.698	0.70795
3678.0	15.937000000000001	0.71911
3679.0	15.869000000000002	0.7164699999999999
3680.0	15.802999999999999	0.7138399999999999
3681.0	15.707	0.7099
3682.0	15.626	0.7066399999999999
3683.0	15.575	0.7046899999999999
3684.0	15.565999999999999	0.7046899999999999
3685.0	15.600999999999999	0.7066399999999999
3686.0	15.65	0.70925
3687.0	15.699000000000002	0.71187
3688.0	15.734000000000002	0.7138399999999999
3689.0	15.798	0.71713
3690.0	15.921	0.72311
3691.0	16.015	0.72778
3692.0	15.948	0.7251
3693.0	15.895	0.72311
3694.0	15.828	0.72044
3695.0	15.747	0.71713
3696.0	15.782	0.71911
3697.0	15.860999999999999	0.72311
3698.0	15.794	0.72044
3699.0	15.655	0.7145
3700.0	15.632	0.7138399999999999
3701.0	15.681	0.7164699999999999
3702.0	15.716	0.71845
3703.0	15.708	0.71845
3704.0	15.699000000000002	0.71845
3705.0	15.633	0.7158100000000001
3706.0	15.582	0.7138399999999999
3707.0	15.717	0.72044
3708.0	15.854000000000001	0.72711
3709.0	15.758	0.72311
3710.0	15.663	0.71911
3711.0	15.610999999999999	0.71713
3712.0	15.589	0.7164699999999999
3713.0	15.623	0.71845
3714.0	15.716	0.72311
3715.0	15.765	0.72577
3716.0	15.786	0.72711
3717.0	15.734000000000002	0.7251
3718.0	15.552999999999999	0.71713
3719.0	15.43	0.71187
3720.0	15.522	0.7164699999999999
3721.0	15.657	0.72311
3722.0	15.735	0.72711
3723.0	15.799000000000001	0.73046
3724.0	15.849	0.73316
3725.0	15.884	0.73519
3726.0	15.832	0.73316
3727.0	15.707	0.72778
3728.0	15.699000000000002	0.72778
3729.0	15.792	0.73249
3730.0	15.9	0.7379
3731.0	16.083	0.74679
3732.0	16.223	0.7537
3733.0	16.081	0.74748
3734.0	15.954	0.742
3735.0	15.799000000000001	0.73519
3736.0	15.689	0.73046
3737.0	15.724	0.73249
3738.0	15.802999999999999	0.73654
3739.0	15.868	0.73995
3740.0	15.962	0.74473
3741.0	16.042	0.7488600000000001
3742.0	16.151	0.7544
3743.0	16.084	0.75163
3744.0	15.767000000000001	0.73722
3745.0	15.514000000000001	0.72577
3746.0	15.649000000000001	0.73249
3747.0	15.8	0.73995
3748.0	15.777000000000001	0.73926
3749.0	15.739	0.7379
3750.0	15.804	0.74131
3751.0	15.868	0.74473
3752.0	15.948	0.7488600000000001
3753.0	16.042	0.7537
3754.0	16.093	0.75648
3755.0	16.099	0.75718
3756.0	16.12	0.75858
3757.0	16.125999999999998	0.7592800000000001
3758.0	16.162	0.7613800000000001
3759.0	16.169	0.76208
3760.0	16.19	0.76348
3761.0	16.137	0.7613800000000001
3762.0	16.069000000000003	0.75858
3763.0	16.016	0.75648
3764.0	15.949000000000002	0.7537
3765.0	15.895999999999999	0.75163
3766.0	15.8	0.74748
3767.0	15.777000000000001	0.74679
3768.0	15.754000000000001	0.7461
3769.0	15.717	0.74473
3770.0	15.694	0.74405
3771.0	15.7	0.74473
3772.0	15.793	0.74955
3773.0	15.887	0.7544
3774.0	15.806	0.75093
3775.0	15.71	0.74679
3776.0	15.804	0.75163
3777.0	15.883	0.75579
3778.0	16.007	0.76208
3779.0	16.146	0.76913
3780.0	16.167	0.77054
3781.0	16.07	0.7663
3782.0	16.002	0.76348
3783.0	15.964	0.76208
3784.0	15.956	0.76208
3785.0	15.991	0.7641899999999999
3786.0	16.012	0.76559
3787.0	15.828	0.75718
3788.0	15.645999999999999	0.7488600000000001
3789.0	15.71	0.75232
3790.0	15.789000000000001	0.75648
3791.0	15.795	0.75718
3792.0	15.815999999999999	0.75858
3793.0	15.850999999999999	0.76068
3794.0	15.872	0.76208
3795.0	15.907	0.7641899999999999
3796.0	15.943	0.7663
3797.0	15.979000000000001	0.76842
3798.0	16.029	0.7712600000000001
3799.0	16.109	0.77553
3800.0	16.16	0.7783899999999999
3801.0	16.048	0.7733899999999999
3802.0	16.099	0.77625
3803.0	16.135	0.7783899999999999
3804.0	16.082	0.77625
3805.0	16.014	0.7733899999999999
3806.0	16.006	0.7733899999999999
3807.0	15.998	0.7733899999999999
3808.0	16.048	0.77625
3809.0	16.144000000000002	0.78127
3810.0	16.239	0.78632
3811.0	16.291	0.78922
3812.0	16.312	0.79067
3813.0	16.259	0.7885
3814.0	16.205	0.78632
3815.0	16.197	0.78632
3816.0	16.173	0.7856
3817.0	16.225	0.7885
3818.0	16.320999999999998	0.7936
3819.0	16.358	0.79579
3820.0	16.409000000000002	0.79873
3821.0	16.386	0.79799
3822.0	16.332	0.79579
3823.0	16.278	0.7936
3824.0	16.255	0.79287
3825.0	16.172	0.78922
3826.0	16.059	0.78415
3827.0	15.992	0.78127
3828.0	16.028	0.7834300000000001
3829.0	16.108	0.78777
3830.0	16.115	0.7885
3831.0	16.105999999999998	0.7885
3832.0	16.083	0.78777
3833.0	16.03	0.7856
3834.0	15.963	0.78271
3835.0	15.852	0.77768
3836.0	15.8	0.77553
3837.0	15.792	0.77553
3838.0	15.842	0.7783899999999999
3839.0	15.995	0.78632
3840.0	16.149	0.79433
3841.0	16.29	0.8016800000000001
3842.0	16.433	0.8091
3843.0	16.364	0.80612
3844.0	16.31	0.80389
3845.0	16.301	0.80389
3846.0	16.293	0.80389
3847.0	16.375	0.80835
3848.0	16.487000000000002	0.81433
3849.0	16.585	0.8195899999999999
3850.0	16.684	0.8249
3851.0	16.737000000000002	0.82794
3852.0	16.805	0.83176
3853.0	16.828	0.8333
3854.0	16.865	0.8356
3855.0	16.887999999999998	0.83714
3856.0	16.832	0.83483
3857.0	16.762	0.83176
3858.0	16.722	0.8302299999999999
3859.0	16.714000000000002	0.8302299999999999
3860.0	16.750999999999998	0.8325299999999999
3861.0	16.851	0.83791
3862.0	16.827	0.83714
3863.0	16.71	0.83176
3864.0	16.594	0.82642
3865.0	16.448	0.8195899999999999
3866.0	16.334	0.81433
3867.0	16.371	0.81658
3868.0	16.423	0.8195899999999999
3869.0	16.52	0.8249
3870.0	16.649	0.83176
3871.0	16.702	0.83483
3872.0	16.74	0.83714
3873.0	16.7	0.8356
3874.0	16.615	0.83176
3875.0	16.5	0.82642
3876.0	16.355	0.8195899999999999
3877.0	16.227	0.81358
3878.0	16.114	0.80835
3879.0	16.017	0.80389
3880.0	16.023	0.8046399999999999
3881.0	16.015	0.8046399999999999
3882.0	15.933	0.80094
3883.0	15.837	0.79652
3884.0	15.713	0.79067
3885.0	15.561	0.7834300000000001
3886.0	15.567	0.78415
3887.0	15.645999999999999	0.7885
3888.0	15.753	0.79433
3889.0	15.92	0.80316
3890.0	16.074	0.81134
3891.0	16.214000000000002	0.81884
3892.0	16.326	0.8249
3893.0	16.348	0.82642
3894.0	16.354	0.8271799999999999
3895.0	16.436	0.83176
3896.0	16.504	0.8356
3897.0	16.526	0.83714
3898.0	16.517	0.83714
3899.0	16.477999999999998	0.8356
3900.0	16.455	0.83483
3901.0	16.445999999999998	0.83483
3902.0	16.453	0.8356
3903.0	16.445	0.8356
3904.0	16.375999999999998	0.8325299999999999
3905.0	16.352	0.83176
3906.0	16.314	0.8302299999999999
3907.0	16.305999999999997	0.8302299999999999
3908.0	16.403	0.8356
3909.0	16.485	0.8402299999999999
3910.0	16.537	0.84334
3911.0	16.575	0.84567
3912.0	16.627	0.8487899999999999
3913.0	16.665	0.8511299999999999
3914.0	16.718	0.8542799999999999
3915.0	16.802	0.85901
3916.0	16.855	0.86219
3917.0	16.94	0.8669600000000001
3918.0	16.963	0.86856
3919.0	16.938	0.8677600000000001
3920.0	16.914	0.8669600000000001
3921.0	16.859	0.8645700000000001
3922.0	16.804000000000002	0.86219
3923.0	16.687	0.85664
3924.0	16.587	0.8519200000000001
3925.0	16.472	0.84645
3926.0	16.358	0.84101
3927.0	16.395	0.84334
3928.0	16.507	0.84957
3929.0	16.605999999999998	0.8550700000000001
3930.0	16.735	0.86219
3931.0	16.789	0.8653700000000001
3932.0	16.78	0.8653700000000001
3933.0	16.772000000000002	0.8653700000000001
3934.0	16.717	0.86298
3935.0	16.692999999999998	0.86219
3936.0	16.684	0.86219
3937.0	16.676	0.86219
3938.0	16.637	0.8606
3939.0	16.628	0.8606
3940.0	16.605	0.8598
3941.0	16.535	0.85664
3942.0	16.542	0.8574299999999999
3943.0	16.579	0.8598
3944.0	16.617	0.86219
3945.0	16.624000000000002	0.86298
3946.0	16.646	0.8645700000000001
3947.0	16.683	0.8669600000000001
3948.0	16.706	0.86856
3949.0	16.774	0.8725700000000001
3950.0	16.828	0.87579
3951.0	16.835	0.8766
3952.0	16.873	0.87902
3953.0	16.771	0.87418
3954.0	16.64	0.8677600000000001
3955.0	16.525	0.86219
3956.0	16.425	0.8574299999999999
3957.0	16.355999999999998	0.8542799999999999
3958.0	16.243	0.8487899999999999
3959.0	16.145	0.84411
3960.0	16.063	0.8402299999999999
3961.0	15.967	0.8356
3962.0	15.914000000000001	0.8333
3963.0	15.877	0.83176
3964.0	15.782	0.8271799999999999
3965.0	15.672	0.8218700000000001
3966.0	15.607000000000001	0.81884
3967.0	15.513	0.81433
3968.0	15.448	0.81134
3969.0	15.398	0.8091
3970.0	15.347999999999999	0.80686
3971.0	15.283	0.80389
3972.0	15.177999999999999	0.79873
3973.0	15.072000000000001	0.7936
3974.0	14.982000000000001	0.78922
3975.0	15.071	0.79433
3976.0	15.189	0.80094
3977.0	15.322000000000001	0.80835
3978.0	15.456	0.81583
3979.0	15.577	0.82262
3980.0	15.713	0.8302299999999999
3981.0	15.806	0.8356
3982.0	15.886	0.8402299999999999
3983.0	15.892999999999999	0.84101
3984.0	15.841	0.8386899999999999
3985.0	15.818	0.83791
3986.0	15.81	0.83791
3987.0	15.802999999999999	0.83791
3988.0	15.940999999999999	0.84567
3989.0	16.08	0.85349
3990.0	16.132	0.85664
3991.0	16.198	0.8606
3992.0	16.325	0.8677600000000001
3993.0	16.437	0.87418
3994.0	16.52	0.87902
3995.0	16.572	0.88226
3996.0	16.564	0.88226
3997.0	16.495	0.87902
3998.0	16.426	0.87579
3999.0	16.267	0.8677600000000001
4000.0	16.155	0.86219
4001.0	16.311	0.8709600000000001
4002.0	16.454	0.87902
4003.0	16.491	0.88145
4004.0	16.498	0.88226
4005.0	16.535999999999998	0.88471
4006.0	16.588	0.88797
4007.0	16.61	0.88961
4008.0	16.602	0.88961
4009.0	16.548	0.88715
4010.0	16.403	0.8798299999999999
4011.0	16.335	0.8766
4012.0	16.387	0.8798299999999999
4013.0	16.47	0.88471
4014.0	16.401	0.88145
4015.0	16.347	0.87902
4016.0	16.294	0.8766
4017.0	16.241	0.87418
4018.0	16.278	0.8766
4019.0	16.33	0.8798299999999999
4020.0	16.367	0.88226
4021.0	16.359	0.88226
4022.0	16.351	0.88226
4023.0	16.373	0.88389
4024.0	16.38	0.88471
4025.0	16.477	0.8904299999999999
4026.0	16.576	0.8961899999999999
4027.0	16.583	0.89702
4028.0	16.605	0.8986700000000001
4029.0	16.551	0.8961899999999999
4030.0	16.482	0.89289
4031.0	16.413	0.88961
4032.0	16.33	0.8855200000000001
4033.0	16.292	0.88389
4034.0	16.254	0.88226
4035.0	16.245	0.88226
4036.0	16.297	0.8855200000000001
4037.0	16.364	0.88961
4038.0	16.311	0.88715
4039.0	16.303	0.88715
4040.0	16.34	0.88961
4041.0	16.347	0.8904299999999999
4042.0	16.354	0.89125
4043.0	16.375999999999998	0.89289
4044.0	16.368	0.89289
4045.0	16.36	0.89289
4046.0	16.458	0.8986700000000001
4047.0	16.632	0.90865
4048.0	16.762999999999998	0.91622
4049.0	16.754	0.91622
4050.0	16.746	0.91622
4051.0	16.738	0.91622
4052.0	16.729	0.91622
4053.0	16.629	0.91117
4054.0	16.56	0.9078200000000001
4055.0	16.552	0.9078200000000001
4056.0	16.559	0.90865
4057.0	16.535	0.9078200000000001
4058.0	16.512	0.9069799999999999
4059.0	16.519000000000002	0.9078200000000001
4060.0	16.572	0.91117
4061.0	16.64	0.91538
4062.0	16.692999999999998	0.91875
4063.0	16.747	0.92215
4064.0	16.785	0.9247
4065.0	16.823	0.9272600000000001
4066.0	16.846	0.92896
4067.0	16.915	0.9332600000000001
4068.0	16.875999999999998	0.9315399999999999
4069.0	16.867	0.9315399999999999
4070.0	16.906	0.93411
4071.0	16.96	0.9375600000000001
4072.0	17.014	0.9410200000000001
4073.0	17.1	0.94624
4074.0	17.090999999999998	0.94624
4075.0	17.02	0.94275
4076.0	16.965	0.94016
4077.0	16.91	0.9375600000000001
4078.0	16.839000000000002	0.93411
4079.0	16.785	0.9315399999999999
4080.0	16.715	0.92811
4081.0	16.660999999999998	0.92555
4082.0	16.590999999999998	0.92215
4083.0	16.492	0.91706
4084.0	16.408	0.91285
4085.0	16.354	0.91033
4086.0	16.316	0.90865
4087.0	16.293	0.9078200000000001
4088.0	16.226	0.90448
4089.0	16.113	0.8986700000000001
4090.0	15.972999999999999	0.89125
4091.0	15.833	0.88389
4092.0	15.724	0.87821
4093.0	15.615	0.8725700000000001
4094.0	15.520999999999999	0.8677600000000001
4095.0	15.470999999999998	0.8653700000000001
4096.0	15.307	0.85664
4097.0	15.145999999999999	0.84801
4098.0	15.055	0.84334
4099.0	15.034	0.84255
4100.0	15.082	0.84567
4101.0	15.242	0.8550700000000001
4102.0	15.319	0.8598
4103.0	15.213	0.8542799999999999
4104.0	15.107999999999999	0.8487899999999999
4105.0	14.962	0.84101
4106.0	14.859000000000002	0.8356
4107.0	15.03	0.84567
4108.0	15.26	0.85901
4109.0	15.565	0.8766
4110.0	15.92	0.89702
4111.0	16.192999999999998	0.91285
4112.0	16.365	0.923
4113.0	16.448	0.92811
4114.0	16.394000000000002	0.92555
4115.0	16.326	0.92215
4116.0	16.333	0.923
4117.0	16.325	0.923
4118.0	16.362000000000002	0.92555
4119.0	16.415	0.92896
4120.0	16.559	0.9375600000000001
4121.0	16.704	0.94624
4122.0	16.742	0.94885
4123.0	16.734	0.94885
4124.0	16.633	0.9436200000000001
4125.0	16.519000000000002	0.9375600000000001
4126.0	16.405	0.9315399999999999
4127.0	16.320999999999998	0.9272600000000001
4128.0	16.313	0.9272600000000001
4129.0	16.487000000000002	0.9375600000000001
4130.0	16.677	0.94885
4131.0	16.730999999999998	0.95236
4132.0	16.815	0.9576399999999999
4133.0	16.776	0.95588
4134.0	16.752	0.95499
4135.0	16.683	0.9514799999999999
4136.0	16.583	0.94624
4137.0	16.483	0.9410200000000001
4138.0	16.415	0.9375600000000001
4139.0	16.362000000000002	0.9349799999999999
4140.0	16.339000000000002	0.93411
4141.0	16.331	0.93411
4142.0	16.383	0.9375600000000001
4143.0	16.421	0.94016
4144.0	16.458	0.94275
4145.0	16.511	0.94624
4146.0	16.549	0.94885
4147.0	16.602	0.95236
4148.0	16.609	0.9532299999999999
4149.0	16.631	0.95499
4150.0	16.593	0.9532299999999999
4151.0	16.57	0.95236
4152.0	16.562	0.95236
4153.0	16.646	0.9576399999999999
4154.0	16.714000000000002	0.96206
4155.0	16.799	0.96739
4156.0	16.899	0.97364
4157.0	16.845	0.97096
4158.0	16.836	0.97096
4159.0	16.767	0.96739
4160.0	16.712	0.96472
4161.0	16.597	0.95852
4162.0	16.437	0.94973
4163.0	16.368	0.94624
4164.0	16.361	0.94624
4165.0	16.352999999999998	0.94624
4166.0	16.285	0.94275
4167.0	16.232	0.94016
4168.0	16.165	0.9367
4169.0	16.112000000000002	0.93411
4170.0	16.164	0.9375600000000001
4171.0	16.186	0.93929
4172.0	16.313	0.94711
4173.0	16.456	0.95588
4174.0	16.539	0.9611700000000001
4175.0	16.577	0.96383
4176.0	16.539	0.96206
4177.0	16.485	0.9594
4178.0	16.462	0.95852
4179.0	16.5	0.9611700000000001
4180.0	16.537	0.96383
4181.0	16.590999999999998	0.96739
4182.0	16.644000000000002	0.97096
4183.0	16.727999999999998	0.97634
4184.0	16.782	0.9799399999999999
4185.0	16.774	0.9799399999999999
4186.0	16.75	0.9790399999999999
4187.0	16.65	0.97364
4188.0	16.505	0.9656
4189.0	16.436	0.96206
4190.0	16.413	0.9611700000000001
4191.0	16.405	0.9611700000000001
4192.0	16.442999999999998	0.96383
4193.0	16.465	0.9656
4194.0	16.549	0.97096
4195.0	16.587	0.97364
4196.0	16.594	0.97454
4197.0	16.617	0.97634
4198.0	16.517	0.97096
4199.0	16.403	0.96472
4200.0	16.335	0.9611700000000001
4201.0	16.282	0.95852
4202.0	16.275	0.95852
4203.0	16.267	0.95852
4204.0	16.259	0.95852
4205.0	16.266	0.9594
4206.0	16.289	0.9611700000000001
4207.0	16.386	0.96739
4208.0	16.439	0.97096
4209.0	16.430999999999997	0.97096
4210.0	16.423	0.97096
4211.0	16.461	0.97364
4212.0	16.514	0.97724
4213.0	16.551	0.9799399999999999
4214.0	16.605	0.98356
4215.0	16.597	0.98356
4216.0	16.543	0.98085
4217.0	16.505	0.9790399999999999
4218.0	16.467	0.97724
4219.0	16.444000000000003	0.97634
4220.0	16.451	0.97724
4221.0	16.489	0.9799399999999999
4222.0	16.527	0.9826600000000001
4223.0	16.534000000000002	0.98356
4224.0	16.557000000000002	0.9853700000000001
4225.0	16.564	0.9862799999999999
4226.0	16.555999999999997	0.9862799999999999
4227.0	16.548	0.9862799999999999
4228.0	16.541	0.9862799999999999
4229.0	16.533	0.9862799999999999
4230.0	16.525	0.9862799999999999
4231.0	16.517	0.9862799999999999
4232.0	16.509	0.9862799999999999
4233.0	16.456	0.98356
4234.0	16.387999999999998	0.9799399999999999
4235.0	16.395	0.98085
4236.0	16.418	0.9826600000000001
4237.0	16.38	0.98085
4238.0	16.357	0.9799399999999999
4239.0	16.349	0.9799399999999999
4240.0	16.296	0.97724
4241.0	16.274	0.97634
4242.0	16.221	0.97364
4243.0	16.213	0.97364
4244.0	16.296	0.9790399999999999
4245.0	16.348	0.9826600000000001
4246.0	16.386	0.9853700000000001
4247.0	16.408	0.98719
4248.0	16.385	0.9862799999999999
4249.0	16.362000000000002	0.9853700000000001
4250.0	16.325	0.98356
4251.0	16.272000000000002	0.98085
4252.0	16.249000000000002	0.9799399999999999
4253.0	16.242	0.9799399999999999
4254.0	16.279	0.9826600000000001
4255.0	16.331	0.9862799999999999
4256.0	16.339000000000002	0.98719
4257.0	16.361	0.9890100000000001
4258.0	16.323	0.98719
4259.0	16.256	0.98356
4260.0	16.188	0.9799399999999999
4261.0	16.180999999999997	0.9799399999999999
4262.0	16.188	0.98085
4263.0	16.27	0.9862799999999999
4264.0	16.323	0.98992
4265.0	16.315	0.98992
4266.0	16.292	0.9890100000000001
4267.0	16.24	0.9862799999999999
4268.0	16.187	0.98356
4269.0	16.135	0.98085
4270.0	16.128	0.98085
4271.0	16.15	0.9826600000000001
4272.0	16.202	0.9862799999999999
4273.0	16.284000000000002	0.99174
4274.0	16.291	0.99266
4275.0	16.328	0.9954
4276.0	16.291	0.9935700000000001
4277.0	16.253	0.99174
4278.0	16.246	0.99174
4279.0	16.253	0.99266
4280.0	16.26	0.9935700000000001
4281.0	16.283	0.9954
4282.0	16.275	0.9954
4283.0	16.223	0.99266
4284.0	16.2	0.99174
4285.0	16.267	0.9963200000000001
4286.0	16.35	1.0018
4287.0	16.357	1.0028
4288.0	16.38	1.0046
4289.0	16.387	1.0055
4290.0	16.395	1.0065
4291.0	16.372	1.0055
4292.0	16.319000000000003	1.0028
4293.0	16.297	1.0018
4294.0	16.229	0.99816
4295.0	16.177	0.9954
4296.0	16.11	0.99174
4297.0	16.058	0.9890100000000001
4298.0	16.021	0.98719
4299.0	15.999	0.9862799999999999
4300.0	16.035999999999998	0.9890100000000001
4301.0	16.043	0.98992
4302.0	16.08	0.99266
4303.0	16.117	0.9954
4304.0	16.08	0.9935700000000001
4305.0	16.057000000000002	0.99266
4306.0	16.006	0.98992
4307.0	15.998	0.98992
4308.0	15.991	0.98992
4309.0	15.982999999999999	0.98992
4310.0	16.02	0.99266
4311.0	15.998	0.99174
4312.0	15.960999999999999	0.98992
4313.0	15.954	0.98992
4314.0	15.946	0.98992
4315.0	15.968	0.99174
4316.0	15.975999999999999	0.99266
4317.0	15.968	0.99266
4318.0	15.975	0.9935700000000001
4319.0	15.997	0.9954
4320.0	15.99	0.9954
4321.0	15.982999999999999	0.9954
4322.0	15.931	0.99266
4323.0	15.865	0.9890100000000001
4324.0	15.713	0.9799399999999999
4325.0	15.561	0.97096
4326.0	15.454	0.96472
4327.0	15.306	0.95588
4328.0	15.2	0.94973
4329.0	15.081	0.94275
4330.0	14.978	0.9367
4331.0	14.834000000000001	0.92811
4332.0	14.690999999999999	0.9196
4333.0	14.536	0.91033
4334.0	14.356	0.8995
4335.0	14.244000000000002	0.89289
4336.0	14.12	0.8855200000000001
4337.0	14.114	0.8855200000000001
4338.0	14.107000000000001	0.8855200000000001
4339.0	14.100999999999999	0.8855200000000001
4340.0	14.094000000000001	0.8855200000000001
4341.0	14.036	0.88226
4342.0	13.978	0.87902
4343.0	13.933	0.8766
4344.0	13.914000000000001	0.87579
4345.0	13.946	0.87821
4346.0	14.081	0.88715
4347.0	14.205	0.89536
4348.0	14.302999999999999	0.90199
4349.0	14.402999999999999	0.90865
4350.0	14.502	0.91538
4351.0	14.562999999999999	0.9196
4352.0	14.704	0.92896
4353.0	14.875	0.94016
4354.0	15.005	0.94885
4355.0	15.165	0.9594
4356.0	15.298	0.9682700000000001
4357.0	15.376	0.97364
4358.0	15.454	0.9790399999999999
4359.0	15.447000000000001	0.9790399999999999
4360.0	15.454	0.9799399999999999
4361.0	15.447000000000001	0.9799399999999999
4362.0	15.482999999999999	0.9826600000000001
4363.0	15.59	0.98992
4364.0	15.713	0.99816
4365.0	15.706	0.99816
4366.0	15.669	0.9963200000000001
4367.0	15.690999999999999	0.99816
4368.0	15.713	1.0
4369.0	15.807	1.0065
4370.0	15.99	1.0186
4371.0	16.086	1.0252
4372.0	16.124000000000002	1.028
4373.0	16.131	1.029
4374.0	16.094	1.0271
4375.0	16.057000000000002	1.0252
4376.0	15.932	1.0177
4377.0	15.793	1.0093
4378.0	15.770999999999999	1.0083
4379.0	15.808	1.0111
4380.0	15.800999999999998	1.0111
4381.0	15.75	1.0083
4382.0	15.743	1.0083
4383.0	15.75	1.0093
4384.0	15.786	1.012
4385.0	15.880999999999998	1.0186
4386.0	15.977	1.0252
4387.0	16.072	1.0318
4388.0	16.154	1.0375
4389.0	16.162	1.0385
4390.0	16.154	1.0385
4391.0	16.088	1.0347
4392.0	15.977	1.028
4393.0	15.955	1.0271
4394.0	15.977	1.029
4395.0	16.014	1.0318
4396.0	16.096	1.0375
4397.0	16.102999999999998	1.0385
4398.0	16.037	1.0347
4399.0	15.97	1.0309
4400.0	15.963	1.0309
4401.0	15.956	1.0309
4402.0	15.963	1.0318
4403.0	15.956	1.0318
4404.0	15.993	1.0347
4405.0	16.0	1.0356
4406.0	16.023	1.0375
4407.0	15.985999999999999	1.0356
4408.0	15.979000000000001	1.0356
4409.0	16.000999999999998	1.0375
4410.0	16.008	1.0385
4411.0	15.985999999999999	1.0375
4412.0	15.95	1.0356
4413.0	15.942	1.0356
4414.0	15.921	1.0347
4415.0	15.927999999999999	1.0356
4416.0	15.921	1.0356
4417.0	15.958	1.0385
4418.0	15.994000000000002	1.0414
4419.0	15.987	1.0414
4420.0	15.965	1.0404
4421.0	15.929	1.0385
4422.0	15.878	1.0356
4423.0	15.856	1.0347
4424.0	15.907	1.0385
4425.0	15.959000000000001	1.0423
4426.0	15.995999999999999	1.0452
4427.0	16.033	1.0481
4428.0	16.025	1.0481
4429.0	16.003	1.0471
4430.0	15.995999999999999	1.0471
4431.0	15.989	1.0471
4432.0	15.982000000000001	1.0471
4433.0	15.974	1.0471
4434.0	15.937999999999999	1.0452
4435.0	15.872	1.0414
4436.0	15.821	1.0385
4437.0	15.77	1.0356
4438.0	15.734000000000002	1.0337
4439.0	15.742	1.0347
4440.0	15.777999999999999	1.0375
4441.0	15.786	1.0385
4442.0	15.822000000000001	1.0414
4443.0	15.83	1.0423
4444.0	15.852	1.0442
4445.0	15.859000000000002	1.0452
4446.0	15.880999999999998	1.0471
4447.0	15.889000000000001	1.0481
4448.0	15.882	1.0481
4449.0	15.86	1.0471
4450.0	15.809000000000001	1.0442
4451.0	15.744000000000002	1.0404
4452.0	15.751	1.0414
4453.0	15.758	1.0423
4454.0	15.737	1.0414
4455.0	15.715	1.0404
4456.0	15.636	1.0356
4457.0	15.572000000000001	1.0318
4458.0	15.493	1.0271
4459.0	15.444	1.0242
4460.0	15.408	1.0224
4461.0	15.444	1.0252
4462.0	15.48	1.028
4463.0	15.659	1.0404
4464.0	15.812000000000001	1.051
4465.0	15.819	1.052
4466.0	15.812000000000001	1.052
4467.0	15.761	1.0491
4468.0	15.725	1.0471
4469.0	15.630999999999998	1.0414
4470.0	15.538	1.0356
4471.0	15.503	1.0337
4472.0	15.524000000000001	1.0356
4473.0	15.56	1.0385
4474.0	15.64	1.0442
4475.0	15.69	1.0481
4476.0	15.597000000000001	1.0423
4477.0	15.533	1.0385
4478.0	15.425999999999998	1.0318
4479.0	15.347999999999999	1.0271
4480.0	15.312999999999999	1.0252
4481.0	15.306	1.0252
4482.0	15.328	1.0271
4483.0	15.377	1.0309
4484.0	15.427	1.0347
4485.0	15.463	1.0375
4486.0	15.47	1.0385
4487.0	15.492	1.0404
4488.0	15.485	1.0404
4489.0	15.492	1.0414
4490.0	15.485999999999999	1.0414
4491.0	15.464	1.0404
4492.0	15.429	1.0385
4493.0	15.38	1.0356
4494.0	15.345	1.0337
4495.0	15.352	1.0347
4496.0	15.388	1.0375
4497.0	15.437000000000001	1.0414
4498.0	15.488	1.0452
4499.0	15.565999999999999	1.051
4500.0	15.574000000000002	1.052
4501.0	15.595999999999998	1.0539
4502.0	15.503	1.0481
4503.0	15.453	1.0452
4504.0	15.446	1.0452
4505.0	15.439	1.0452
4506.0	15.433	1.0452
4507.0	15.425999999999998	1.0452
4508.0	15.447000000000001	1.0471
4509.0	15.44	1.0471
4510.0	15.448	1.0481
4511.0	15.540999999999999	1.0549
4512.0	15.62	1.0607
4513.0	15.540999999999999	1.0558
4514.0	15.505999999999998	1.0539
4515.0	15.499	1.0539
4516.0	15.464	1.052
4517.0	15.514000000000001	1.0558
4518.0	15.579	1.0607
4519.0	15.585999999999999	1.0617
4520.0	15.579	1.0617
4521.0	15.572000000000001	1.0617
4522.0	15.550999999999998	1.0607
4523.0	15.501	1.0578
4524.0	15.466	1.0558
4525.0	15.431	1.0539
4526.0	15.353	1.0491
4527.0	15.318	1.0471
4528.0	15.311	1.0471
4529.0	15.319	1.0481
4530.0	15.368	1.052
4531.0	15.447000000000001	1.0578
4532.0	15.497	1.0617
4533.0	15.533	1.0646
4534.0	15.526	1.0646
4535.0	15.519	1.0646
4536.0	15.484000000000002	1.0627
4537.0	15.463	1.0617
4538.0	15.456	1.0617
4539.0	15.505999999999998	1.0656
4540.0	15.556	1.0695
4541.0	15.55	1.0695
4542.0	15.543	1.0695
4543.0	15.579	1.0725
4544.0	15.629000000000001	1.0765
4545.0	15.623	1.0765
4546.0	15.600999999999999	1.0755
4547.0	15.552	1.0725
4548.0	15.472999999999999	1.0676
4549.0	15.395	1.0627
4550.0	15.417	1.0646
4551.0	15.453	1.0676
4552.0	15.46	1.0686
4553.0	15.495999999999999	1.0715
4554.0	15.547	1.0755
4555.0	15.554	1.0765
4556.0	15.519	1.0745
4557.0	15.440999999999999	1.0695
4558.0	15.377	1.0656
4559.0	15.356	1.0646
4560.0	15.321	1.0627
4561.0	15.357000000000001	1.0656
4562.0	15.392999999999999	1.0686
4563.0	15.343	1.0656
4564.0	15.323	1.0646
4565.0	15.315999999999999	1.0646
4566.0	15.309000000000001	1.0646
4567.0	15.315999999999999	1.0656
4568.0	15.338	1.0676
4569.0	15.36	1.0695
4570.0	15.395	1.0725
4571.0	15.417	1.0745
4572.0	15.41	1.0745
4573.0	15.375	1.0725
4574.0	15.325999999999999	1.0695
4575.0	15.305	1.0686
4576.0	15.312999999999999	1.0695
4577.0	15.334000000000001	1.0715
4578.0	15.327	1.0715
4579.0	15.321	1.0715
4580.0	15.314	1.0715
4581.0	15.322000000000001	1.0725
4582.0	15.300999999999998	1.0715
4583.0	15.238	1.0676
4584.0	15.161	1.0627
4585.0	15.099	1.0588
4586.0	15.078	1.0578
4587.0	15.072000000000001	1.0578
4588.0	15.079	1.0588
4589.0	15.155999999999999	1.0646
4590.0	15.205	1.0686
4591.0	15.255	1.0725
4592.0	15.304	1.0765
4593.0	15.298	1.0765
4594.0	15.290999999999999	1.0765
4595.0	15.284	1.0765
4596.0	15.277999999999999	1.0765
4597.0	15.270999999999999	1.0765
4598.0	15.264000000000001	1.0765
4599.0	15.286	1.0785
4600.0	15.293	1.0794
4601.0	15.329	1.0824
4602.0	15.337	1.0834
4603.0	15.357999999999999	1.0854
4604.0	15.323	1.0834
4605.0	15.302	1.0824
4606.0	15.282	1.0814
4607.0	15.247	1.0794
4608.0	15.198	1.0765
4609.0	15.136	1.0725
4610.0	15.115	1.0715
4611.0	15.165	1.0755
4612.0	15.2	1.0785
4613.0	15.193	1.0785
4614.0	15.187000000000001	1.0785
4615.0	15.18	1.0785
4616.0	15.145999999999999	1.0765
4617.0	15.125	1.0755
4618.0	15.077	1.0725
4619.0	15.056	1.0715
4620.0	15.05	1.0715
4621.0	15.043	1.0715
4622.0	15.093	1.0755
4623.0	15.128	1.0785
4624.0	15.177	1.0824
4625.0	15.212	1.0854
4626.0	15.22	1.0864
4627.0	15.255	1.0894
4628.0	15.193	1.0854
4629.0	15.144	1.0824
4630.0	15.082	1.0785
4631.0	15.034	1.0755
4632.0	15.027000000000001	1.0755
4633.0	15.020999999999999	1.0755
4634.0	15.056	1.0785
4635.0	15.105	1.0824
4636.0	15.182	1.0884
4637.0	15.218	1.0914
4638.0	15.239	1.0935
4639.0	15.219000000000001	1.0924
4640.0	15.212	1.0924
4641.0	15.163	1.0894
4642.0	15.115	1.0864
4643.0	15.107999999999999	1.0864
4644.0	15.144	1.0894
4645.0	15.095	1.0864
4646.0	15.034	1.0824
4647.0	14.972000000000001	1.0785
4648.0	14.869000000000002	1.0715
4649.0	14.780999999999999	1.0656
4650.0	14.761	1.0646
4651.0	14.714	1.0617
4652.0	14.762	1.0656
4653.0	14.81	1.0695
4654.0	14.79	1.0686
4655.0	14.743	1.0656
4656.0	14.777000000000001	1.0686
4657.0	14.853	1.0745
4658.0	14.901	1.0785
4659.0	14.909	1.0794
4660.0	14.943	1.0824
4661.0	14.937000000000001	1.0824
4662.0	14.931	1.0824
4663.0	14.883	1.0794
4664.0	14.863	1.0785
4665.0	14.802	1.0745
4666.0	14.728	1.0695
4667.0	14.708	1.0686
4668.0	14.700999999999999	1.0686
4669.0	14.655	1.0656
4670.0	14.594000000000001	1.0617
4671.0	14.535	1.0578
4672.0	14.488	1.0549
4673.0	14.469000000000001	1.0539
4674.0	14.462	1.0539
4675.0	14.456	1.0539
4676.0	14.41	1.051
4677.0	14.364	1.0481
4678.0	14.265999999999998	1.0414
4679.0	14.445	1.0549
4680.0	14.399000000000001	1.052
4681.0	14.34	1.0481
4682.0	14.294	1.0452
4683.0	14.314	1.0471
4684.0	14.321	1.0481
4685.0	14.315	1.0481
4686.0	14.322000000000001	1.0491
4687.0	14.343	1.051
4688.0	14.35	1.052
4689.0	14.383	1.0549
4690.0	14.417	1.0578
4691.0	14.464	1.0617
4692.0	14.498	1.0646
4693.0	14.545	1.0686
4694.0	14.552	1.0695
4695.0	14.573	1.0715
4696.0	14.567	1.0715
4697.0	14.561	1.0715
4698.0	14.568	1.0725
4699.0	14.588	1.0745
4700.0	14.582	1.0745
4702.0	14.583	1.0755
4704.0	14.610999999999999	1.0785
4706.0	14.612	1.0794
4708.0	14.64	1.0824
4710.0	14.668	1.0854
4712.0	14.696	1.0884
4714.0	14.697000000000001	1.0894
4716.0	14.725999999999999	1.0924
4718.0	14.713	1.0924
4720.0	14.66	1.0894
4722.0	14.607000000000001	1.0864
4724.0	14.555	1.0834
4726.0	14.529000000000002	1.0824
4728.0	14.463	1.0785
4730.0	14.450999999999999	1.0785
4732.0	14.492	1.0824
4734.0	14.52	1.0854
4736.0	14.561	1.0894
4738.0	14.642999999999999	1.0965
4740.0	14.725	1.1036
4742.0	14.767000000000001	1.1076
4744.0	14.782	1.1097
4746.0	14.769	1.1097
4748.0	14.73	1.1076
4750.0	14.704	1.1066
4752.0	14.651	1.1036
4754.0	14.625	1.1026
4756.0	14.613	1.1026
4758.0	14.574000000000002	1.1005
4760.0	14.562000000000001	1.1005
4762.0	14.59	1.1036
4764.0	14.618	1.1066
4766.0	14.659	1.1107
4768.0	14.674000000000001	1.1128
4770.0	14.675	1.1138
4772.0	14.675999999999998	1.1148
4774.0	14.664000000000001	1.1148
4776.0	14.652000000000001	1.1148
4778.0	14.667	1.1169
4780.0	14.654000000000002	1.1169
4782.0	14.655999999999999	1.1179
4784.0	14.67	1.12
4786.0	14.658	1.12
4788.0	14.645999999999999	1.12
4790.0	14.634	1.12
4792.0	14.620999999999999	1.12
4794.0	14.582	1.1179
4796.0	14.597000000000001	1.12
4798.0	14.597999999999999	1.121
4800.0	14.626	1.1241
4802.0	14.628	1.1251
4804.0	14.655999999999999	1.1282
4806.0	14.684000000000001	1.1314
4808.0	14.686	1.1324
4810.0	14.673	1.1324
4812.0	14.648	1.1314
4814.0	14.636	1.1314
4816.0	14.623	1.1314
4818.0	14.584000000000001	1.1293
4820.0	14.559000000000001	1.1282
4822.0	14.547	1.1282
4824.0	14.535	1.1282
4826.0	14.523	1.1282
4828.0	14.524000000000001	1.1293
4830.0	14.539000000000001	1.1314
4832.0	14.527000000000001	1.1314
4834.0	14.475	1.1282
4836.0	14.409	1.1241
4838.0	14.357999999999999	1.121
4840.0	14.254000000000001	1.1138
4842.0	14.151	1.1066
4844.0	14.035	1.0985
4846.0	13.895	1.0884
4848.0	13.755999999999998	1.0785
4850.0	13.619000000000002	1.0686
4852.0	13.508	1.0607
4854.0	13.385	1.052
4856.0	13.288	1.0452
4858.0	13.265	1.0442
4860.0	13.217	1.0414
4862.0	13.17	1.0385
4864.0	13.184000000000001	1.0404
4866.0	13.173	1.0404
4868.0	13.186	1.0423
4870.0	13.248	1.0481
4872.0	13.323	1.0549
4874.0	13.411	1.0627
4876.0	13.574000000000002	1.0765
4878.0	13.725999999999999	1.0894
4880.0	13.88	1.1026
4882.0	14.01	1.1138
4884.0	14.167	1.1272
4886.0	14.273	1.1366
4888.0	14.353	1.1439
4890.0	14.448	1.1524
4892.0	14.503	1.1577
4894.0	14.544	1.162
4896.0	14.613	1.1684
4898.0	14.640999999999998	1.1717
4900.0	14.642999999999999	1.1727
4902.0	14.658	1.1749
4904.0	14.66	1.176
4906.0	14.648	1.176
4908.0	14.649000000000001	1.1771
4910.0	14.664000000000001	1.1792
4912.0	14.665999999999999	1.1803
4914.0	14.694	1.1836
4916.0	14.696	1.1847
4918.0	14.684000000000001	1.1847
4920.0	14.672	1.1847
4922.0	14.66	1.1847
4924.0	14.635	1.1836
4926.0	14.623	1.1836
4928.0	14.610999999999999	1.1836
4930.0	14.599	1.1836
4932.0	14.587	1.1836
4934.0	14.575	1.1836
4936.0	14.55	1.1825
4938.0	14.538	1.1825
4940.0	14.54	1.1836
4942.0	14.568	1.1869
4944.0	14.597000000000001	1.1901
4946.0	14.612	1.1923
4948.0	14.668	1.1978
4950.0	14.71	1.2023
4952.0	14.739	1.2056
4954.0	14.74	1.2067
4956.0	14.729000000000001	1.2067
4958.0	14.717	1.2067
4960.0	14.705	1.2067
4962.0	14.679	1.2056
4964.0	14.640999999999998	1.2034
4966.0	14.629000000000001	1.2034
4968.0	14.603	1.2023
4970.0	14.592	1.2023
4972.0	14.58	1.2023
4974.0	14.568	1.2023
4976.0	14.557	1.2023
4978.0	14.558	1.2034
4980.0	14.573	1.2056
4982.0	14.575	1.2067
4984.0	14.562999999999999	1.2067
4986.0	14.565	1.2078
4988.0	14.58	1.21
4990.0	14.582	1.2112
4992.0	14.597000000000001	1.2134
4994.0	14.599	1.2145
4996.0	14.628	1.2179
4998.0	14.67	1.2224
5000.0	14.685	1.2246
5002.0	14.687000000000001	1.2257
5004.0	14.716	1.2291
5006.0	14.718	1.2303
5008.0	14.706	1.2303
5010.0	14.694	1.2303
5012.0	14.682	1.2303
5014.0	14.671	1.2303
5016.0	14.659	1.2303
5018.0	14.634	1.2291
5020.0	14.595	1.2269
5022.0	14.57	1.2257
5024.0	14.559000000000001	1.2257
5026.0	14.547	1.2257
5028.0	14.536	1.2257
5030.0	14.524000000000001	1.2257
5032.0	14.552999999999999	1.2291
5034.0	14.554	1.2303
5036.0	14.57	1.2325
5038.0	14.571	1.2337
5040.0	14.573	1.2348
5042.0	14.562000000000001	1.2348
5044.0	14.537	1.2337
5046.0	14.525	1.2337
5048.0	14.514000000000001	1.2337
5050.0	14.489	1.2325
5052.0	14.450999999999999	1.2303
5054.0	14.439	1.2303
5056.0	14.468	1.2337
5058.0	14.456	1.2337
5060.0	14.485	1.2371
5062.0	14.487	1.2382
5064.0	14.475999999999999	1.2382
5066.0	14.491	1.2405
5068.0	14.453	1.2382
5070.0	14.440999999999999	1.2382
5072.0	14.39	1.2348
5074.0	14.365	1.2337
5076.0	14.314	1.2303
5078.0	14.29	1.2291
5080.0	14.279000000000002	1.2291
5082.0	14.241	1.2269
5084.0	14.255999999999998	1.2291
5086.0	14.258	1.2303
5088.0	14.273	1.2325
5090.0	14.275	1.2337
5092.0	14.304	1.2371
5094.0	14.306	1.2382
5096.0	14.334000000000001	1.2417
5098.0	14.335999999999999	1.2428
5100.0	14.350999999999999	1.2451
5102.0	14.353	1.2462
5104.0	14.342	1.2462
5106.0	14.33	1.2462
5108.0	14.319	1.2462
5110.0	14.308	1.2462
5112.0	14.297	1.2462
5114.0	14.272	1.2451
5116.0	14.261	1.2451
5118.0	14.224	1.2428
5120.0	14.213	1.2428
5122.0	14.228	1.2451
5124.0	14.23	1.2462
5126.0	14.219000000000001	1.2462
5128.0	14.247	1.2497
5130.0	14.249	1.2508
5132.0	14.264000000000001	1.2531
5134.0	14.265999999999998	1.2543
5136.0	14.295	1.2578
5138.0	14.283	1.2578
5140.0	14.285	1.2589
5142.0	14.300999999999998	1.2612
5144.0	14.29	1.2612
5146.0	14.318	1.2647
5148.0	14.32	1.2659
5150.0	14.296	1.2647
5152.0	14.298	1.2659
5154.0	14.3	1.2671
5156.0	14.302	1.2682
5158.0	14.304	1.2694
5160.0	14.306	1.2706
5162.0	14.308	1.2717
5164.0	14.31	1.2729
5166.0	14.299000000000001	1.2729
5168.0	14.300999999999998	1.2741
5170.0	14.302999999999999	1.2753
5172.0	14.306	1.2764
5174.0	14.294	1.2764
5176.0	14.297	1.2776
5178.0	14.299000000000001	1.2788
5180.0	14.288	1.2788
5182.0	14.29	1.28
5184.0	14.279000000000002	1.28
5186.0	14.280999999999999	1.2811
5188.0	14.27	1.2811
5190.0	14.272	1.2823
5192.0	14.261	1.2823
5194.0	14.263	1.2835
5196.0	14.252	1.2835
5198.0	14.241	1.2835
5200.0	14.243	1.2847
5202.0	14.232999999999999	1.2847
5204.0	14.222000000000001	1.2847
5206.0	14.210999999999999	1.2847
5208.0	14.213	1.2859
5210.0	14.202	1.2859
5212.0	14.152000000000001	1.2823
5214.0	14.154000000000002	1.2835
5216.0	14.142999999999999	1.2835
5218.0	14.158	1.2859
5220.0	14.148	1.2859
5222.0	14.137	1.2859
5224.0	14.126	1.2859
5226.0	14.115	1.2859
5228.0	14.104000000000001	1.2859
5230.0	14.093	1.2859
5232.0	14.083	1.2859
5234.0	14.072000000000001	1.2859
5236.0	14.061	1.2859
5238.0	14.05	1.2859
5240.0	14.04	1.2859
5242.0	14.003	1.2835
5244.0	13.98	1.2823
5246.0	13.969000000000001	1.2823
5248.0	13.958	1.2823
5250.0	13.948	1.2823
5252.0	13.95	1.2835
5254.0	13.965	1.2859
5256.0	13.967	1.2871
5258.0	13.995	1.2906
5260.0	13.985	1.2906
5262.0	13.974	1.2906
5264.0	13.989	1.293
5266.0	13.978	1.293
5268.0	13.942	1.2906
5270.0	13.932	1.2906
5272.0	13.921	1.2906
5274.0	13.91	1.2906
5276.0	13.9	1.2906
5278.0	13.877	1.2894
5280.0	13.866	1.2894
5282.0	13.856	1.2894
5284.0	13.845	1.2894
5286.0	13.809000000000001	1.2871
5288.0	13.799000000000001	1.2871
5290.0	13.776	1.2859
5292.0	13.765	1.2859
5294.0	13.729000000000001	1.2835
5296.0	13.707	1.2823
5298.0	13.696	1.2823
5300.0	13.673	1.2811
5302.0	13.675999999999998	1.2823
5304.0	13.665	1.2823
5306.0	13.667	1.2835
5308.0	13.682	1.2859
5310.0	13.672	1.2859
5312.0	13.662	1.2859
5314.0	13.689	1.2894
5316.0	13.690999999999999	1.2906
5318.0	13.681	1.2906
5320.0	13.709000000000001	1.2942
5322.0	13.710999999999999	1.2954
5324.0	13.739	1.299
5326.0	13.728	1.299
5328.0	13.718	1.299
5330.0	13.708	1.299
5332.0	13.697000000000001	1.299
5334.0	13.675	1.2978
5336.0	13.639000000000001	1.2954
5338.0	13.629000000000001	1.2954
5340.0	13.606	1.2942
5342.0	13.595999999999998	1.2942
5344.0	13.585999999999999	1.2942
5346.0	13.575999999999999	1.2942
5348.0	13.565999999999999	1.2942
5350.0	13.555	1.2942
5352.0	13.545	1.2942
5354.0	13.535	1.2942
5356.0	13.525	1.2942
5358.0	13.515	1.2942
5360.0	13.505	1.2942
5362.0	13.507	1.2954
5364.0	13.522	1.2978
5366.0	13.524000000000001	1.299
5368.0	13.514000000000001	1.299
5370.0	13.504000000000001	1.299
5372.0	13.519	1.3014
5374.0	13.509	1.3014
5376.0	13.474	1.299
5378.0	13.464	1.299
5380.0	13.479000000000001	1.3014
5382.0	13.481	1.3026
5384.0	13.470999999999998	1.3026
5386.0	13.460999999999999	1.3026
5388.0	13.450999999999999	1.3026
5390.0	13.454	1.3038
5392.0	13.444	1.3038
5394.0	13.459000000000001	1.3062
5396.0	13.449000000000002	1.3062
5398.0	13.450999999999999	1.3074
5400.0	13.440999999999999	1.3074
5402.0	13.431	1.3074
5404.0	13.446	1.3098
5406.0	13.448	1.311
5408.0	13.437999999999999	1.311
5410.0	13.440999999999999	1.3122
5412.0	13.456	1.3146
5414.0	13.458	1.3158
5416.0	13.448	1.3158
5418.0	13.463	1.3183
5420.0	13.466	1.3195
5422.0	13.456	1.3195
5424.0	13.433	1.3183
5426.0	13.399000000000001	1.3158
5428.0	13.389000000000001	1.3158
5430.0	13.367	1.3146
5432.0	13.332	1.3122
5434.0	13.322000000000001	1.3122
5436.0	13.337	1.3146
5438.0	13.327	1.3146
5440.0	13.33	1.3158
5442.0	13.32	1.3158
5444.0	13.31	1.3158
5446.0	13.3	1.3158
5448.0	13.315	1.3183
5450.0	13.305	1.3183
5452.0	13.308	1.3195
5454.0	13.31	1.3207
5456.0	13.325	1.3231
5458.0	13.328	1.3243
5460.0	13.306	1.3231
5462.0	13.296	1.3231
5464.0	13.286	1.3231
5466.0	13.252	1.3207
5468.0	13.242	1.3207
5470.0	13.232999999999999	1.3207
5472.0	13.222999999999999	1.3207
5474.0	13.213	1.3207
5476.0	13.204	1.3207
5478.0	13.218	1.3231
5480.0	13.220999999999998	1.3243
5482.0	13.210999999999999	1.3243
5484.0	13.202	1.3243
5486.0	13.216	1.3268
5488.0	13.219000000000001	1.328
5490.0	13.209000000000001	1.328
5492.0	13.2	1.328
5494.0	13.19	1.328
5496.0	13.168	1.3268
5498.0	13.134	1.3243
5500.0	13.125	1.3243
5502.0	13.103	1.3231
5504.0	13.07	1.3207
5506.0	13.06	1.3207
5508.0	13.050999999999998	1.3207
5510.0	13.040999999999999	1.3207
5512.0	13.032	1.3207
5514.0	13.046	1.3231
5516.0	13.037	1.3231
5518.0	13.027000000000001	1.3231
5520.0	13.017999999999999	1.3231
5522.0	13.009	1.3231
5524.0	13.011	1.3243
5526.0	13.002	1.3243
5528.0	12.992	1.3243
5530.0	12.982999999999999	1.3243
5532.0	12.972999999999999	1.3243
5534.0	12.964	1.3243
5536.0	12.955	1.3243
5538.0	12.969000000000001	1.3268
5540.0	12.972000000000001	1.328
5542.0	12.974	1.3292
5544.0	12.965	1.3292
5546.0	12.98	1.3317
5548.0	12.97	1.3317
5550.0	12.960999999999999	1.3317
5552.0	12.952	1.3317
5554.0	12.942	1.3317
5556.0	12.933	1.3317
5558.0	12.924000000000001	1.3317
5560.0	12.925999999999998	1.3329
5562.0	12.940999999999999	1.3354
5564.0	12.943	1.3366
5566.0	12.934000000000001	1.3366
5568.0	12.925	1.3366
5570.0	12.915999999999999	1.3366
5572.0	12.905999999999999	1.3366
5574.0	12.897	1.3366
5576.0	12.888	1.3366
5578.0	12.878	1.3366
5580.0	12.880999999999998	1.3378
5582.0	12.895999999999999	1.3403
5584.0	12.886	1.3403
5586.0	12.877	1.3403
5588.0	12.868	1.3403
5590.0	12.859000000000002	1.3403
5592.0	12.849	1.3403
5594.0	12.817	1.3378
5596.0	12.808	1.3378
5598.0	12.787	1.3366
5600.0	12.777999999999999	1.3366
5602.0	12.757	1.3354
5604.0	12.747	1.3354
5606.0	12.738	1.3354
5608.0	12.741	1.3366
5610.0	12.732000000000001	1.3366
5612.0	12.758	1.3403
5614.0	12.749	1.3403
5616.0	12.74	1.3403
5618.0	12.743	1.3415
5620.0	12.734000000000002	1.3415
5622.0	12.724	1.3415
5624.0	12.715	1.3415
5626.0	12.706	1.3415
5628.0	12.697000000000001	1.3415
5630.0	12.712	1.344
5632.0	12.703	1.344
5634.0	12.694	1.344
5636.0	12.661	1.3415
5638.0	12.652000000000001	1.3415
5640.0	12.642999999999999	1.3415
5642.0	12.634	1.3415
5644.0	12.614	1.3403
5646.0	12.605	1.3403
5648.0	12.595999999999998	1.3403
5650.0	12.587	1.3403
5652.0	12.578	1.3403
5654.0	12.569	1.3403
5656.0	12.56	1.3403
5658.0	12.550999999999998	1.3403
5660.0	12.543	1.3403
5662.0	12.534	1.3403
5664.0	12.525	1.3403
5666.0	12.515999999999998	1.3403
5668.0	12.507	1.3403
5670.0	12.498	1.3403
5672.0	12.501	1.3415
5674.0	12.515	1.344
5676.0	12.517999999999999	1.3452
5678.0	12.509	1.3452
5680.0	12.5	1.3452
5682.0	12.492	1.3452
5684.0	12.482999999999999	1.3452
5686.0	12.474	1.3452
5688.0	12.465	1.3452
5690.0	12.457	1.3452
5692.0	12.448	1.3452
5694.0	12.439	1.3452
5696.0	12.43	1.3452
5698.0	12.433	1.3465
5700.0	12.447000000000001	1.349
5702.0	12.437999999999999	1.349
5704.0	12.43	1.349
5706.0	12.421	1.349
5708.0	12.412	1.349
5710.0	12.415	1.3502
5712.0	12.405999999999999	1.3502
5714.0	12.386	1.349
5716.0	12.378	1.349
5718.0	12.38	1.3502
5720.0	12.372	1.3502
5722.0	12.363	1.3502
5724.0	12.377	1.3527
5726.0	12.369000000000002	1.3527
5728.0	12.370999999999999	1.3539
5730.0	12.363	1.3539
5732.0	12.354000000000001	1.3539
5734.0	12.345	1.3539
5736.0	12.337	1.3539
5738.0	12.34	1.3552
5740.0	12.331	1.3552
5742.0	12.345	1.3577
5744.0	12.335999999999999	1.3577
5746.0	12.328	1.3577
5748.0	12.319	1.3577
5750.0	12.322000000000001	1.3589
5752.0	12.314	1.3589
5754.0	12.328	1.3614
5756.0	12.319	1.3614
5758.0	12.311	1.3614
5760.0	12.302	1.3614
5762.0	12.293	1.3614
5764.0	12.285	1.3614
5766.0	12.276	1.3614
5768.0	12.267999999999999	1.3614
5770.0	12.259	1.3614
5772.0	12.262	1.3627
5774.0	12.254000000000001	1.3627
5776.0	12.255999999999998	1.3639
5778.0	12.248	1.3639
5780.0	12.24	1.3639
5782.0	12.231	1.3639
5784.0	12.222999999999999	1.3639
5786.0	12.203	1.3627
5788.0	12.194	1.3627
5790.0	12.186	1.3627
5792.0	12.165999999999999	1.3614
5794.0	12.158	1.3614
5796.0	12.15	1.3614
5798.0	12.152000000000001	1.3627
5800.0	12.144	1.3627
5802.0	12.136	1.3627
5804.0	12.127	1.3627
5806.0	12.13	1.3639
5808.0	12.144	1.3665
5810.0	12.136	1.3665
5812.0	12.127	1.3665
5814.0	12.119000000000002	1.3665
5816.0	12.110999999999999	1.3665
5818.0	12.08	1.3639
5820.0	12.072000000000001	1.3639
5822.0	12.064	1.3639
5824.0	12.055	1.3639
5826.0	12.069	1.3665
5828.0	12.061	1.3665
5830.0	12.052999999999999	1.3665
5832.0	12.044	1.3665
5834.0	12.036	1.3665
5836.0	12.027999999999999	1.3665
5838.0	12.02	1.3665
5840.0	12.011	1.3665
5842.0	12.003	1.3665
5844.0	12.005999999999998	1.3677
5846.0	12.02	1.3702
5848.0	12.023	1.3715
5850.0	12.015	1.3715
5852.0	12.029000000000002	1.374
5854.0	12.030999999999999	1.3753
5856.0	12.034	1.3766
5858.0	12.048	1.3791
5860.0	12.050999999999998	1.3804
5862.0	12.043	1.3804
5864.0	12.035	1.3804
5866.0	12.026	1.3804
5868.0	12.017999999999999	1.3804
5870.0	12.01	1.3804
5872.0	11.991	1.3791
5874.0	11.982999999999999	1.3791
5876.0	11.985999999999999	1.3804
5878.0	11.977	1.3804
5880.0	11.969000000000001	1.3804
5882.0	11.960999999999999	1.3804
5884.0	11.975	1.3829
5886.0	11.978	1.3842
5888.0	11.97	1.3842
5890.0	11.962	1.3842
5892.0	11.953	1.3842
5894.0	11.945	1.3842
5896.0	11.948	1.3855
5898.0	11.94	1.3855
5900.0	11.921	1.3842
5902.0	11.913	1.3842
5904.0	11.905	1.3842
5906.0	11.897	1.3842
5908.0	11.878	1.3829
5910.0	11.87	1.3829
5912.0	11.84	1.3804
5914.0	11.832	1.3804
5916.0	11.812999999999999	1.3791
5918.0	11.815999999999999	1.3804
5920.0	11.808	1.3804
5922.0	11.8	1.3804
5924.0	11.792	1.3804
5926.0	11.784	1.3804
5928.0	11.776	1.3804
5930.0	11.79	1.3829
5932.0	11.782	1.3829
5934.0	11.785	1.3842
5936.0	11.765999999999998	1.3829
5938.0	11.758	1.3829
5940.0	11.75	1.3829
5942.0	11.720999999999998	1.3804
5944.0	11.713	1.3804
5946.0	11.705	1.3804
5948.0	11.697000000000001	1.3804
5950.0	11.689	1.3804
5952.0	11.681	1.3804
5954.0	11.674000000000001	1.3804
5956.0	11.687000000000001	1.3829
5958.0	11.69	1.3842
5960.0	11.682	1.3842
5962.0	11.674000000000001	1.3842
5964.0	11.667	1.3842
5966.0	11.659	1.3842
5968.0	11.651	1.3842
5970.0	11.632	1.3829
5972.0	11.625	1.3829
5974.0	11.617	1.3829
5976.0	11.609000000000002	1.3829
5978.0	11.600999999999999	1.3829
5980.0	11.604000000000001	1.3842
5982.0	11.597000000000001	1.3842
5984.0	11.589	1.3842
5986.0	11.592	1.3855
5988.0	11.605	1.388
5990.0	11.597999999999999	1.388
5992.0	11.59	1.388
5994.0	11.593	1.3893
5996.0	11.585	1.3893
5998.0	11.577	1.3893
6000.0	11.57	1.3893
6002.0	11.562000000000001	1.3893
6004.0	11.554	1.3893
6006.0	11.568	1.3919
6008.0	11.571	1.3932
6010.0	11.562999999999999	1.3932
6012.0	11.555	1.3932
6014.0	11.558	1.3944
6016.0	11.550999999999998	1.3944
6018.0	11.564	1.397
6020.0	11.535	1.3944
6022.0	11.527999999999999	1.3944
6024.0	11.509	1.3932
6026.0	11.502	1.3932
6028.0	11.494000000000002	1.3932
6030.0	11.485999999999999	1.3932
6032.0	11.479000000000001	1.3932
6034.0	11.470999999999998	1.3932
6036.0	11.464	1.3932
6038.0	11.456	1.3932
6040.0	11.448	1.3932
6042.0	11.43	1.3919
6044.0	11.402000000000001	1.3893
6046.0	11.394	1.3893
6048.0	11.387	1.3893
6050.0	11.379000000000001	1.3893
6052.0	11.372	1.3893
6054.0	11.364	1.3893
6056.0	11.378	1.3919
6058.0	11.38	1.3932
6060.0	11.383	1.3944
6062.0	11.397	1.397
6064.0	11.4	1.3983
6066.0	11.392000000000001	1.3983
6068.0	11.405999999999999	1.4009
6070.0	11.409	1.4022
6072.0	11.401	1.4022
6074.0	11.394	1.4022
6076.0	11.386	1.4022
6078.0	11.368	1.4009
6080.0	11.34	1.3983
6082.0	11.333	1.3983
6084.0	11.315	1.397
6086.0	11.307	1.397
6088.0	11.3	1.397
6090.0	11.292	1.397
6092.0	11.285	1.397
6094.0	11.288	1.3983
6096.0	11.280999999999999	1.3983
6098.0	11.294	1.4009
6100.0	11.297	1.4022
6102.0	11.29	1.4022
6104.0	11.282	1.4022
6106.0	11.285	1.4035
6108.0	11.277999999999999	1.4035
6110.0	11.290999999999999	1.406
6112.0	11.284	1.406
6114.0	11.276	1.406
6116.0	11.269	1.406
6118.0	11.262	1.406
6120.0	11.234000000000002	1.4035
6122.0	11.225999999999999	1.4035
6124.0	11.24	1.406
6126.0	11.232000000000001	1.406
6128.0	11.245999999999999	1.4086
6130.0	11.238	1.4086
6132.0	11.252	1.4112
6134.0	11.244000000000002	1.4112
6136.0	11.237	1.4112
6138.0	11.23	1.4112
6140.0	11.222000000000001	1.4112
6142.0	11.215	1.4112
6144.0	11.228	1.4138
6146.0	11.220999999999998	1.4138
6148.0	11.214	1.4138
6150.0	11.217	1.4151
6152.0	11.23	1.4177
6154.0	11.222999999999999	1.4177
6156.0	11.216	1.4177
6158.0	11.229000000000001	1.4204
6160.0	11.222000000000001	1.4204
6162.0	11.194	1.4177
6164.0	11.186	1.4177
6166.0	11.159	1.4151
6168.0	11.140999999999998	1.4138
6170.0	11.134	1.4138
6172.0	11.127	1.4138
6174.0	11.13	1.4151
6176.0	11.123	1.4151
6178.0	11.136	1.4177
6180.0	11.129000000000001	1.4177
6182.0	11.120999999999999	1.4177
6184.0	11.114	1.4177
6186.0	11.087	1.4151
6188.0	11.069	1.4138
6190.0	11.062000000000001	1.4138
6192.0	11.065	1.4151
6194.0	11.058	1.4151
6196.0	11.050999999999998	1.4151
6198.0	11.044	1.4151
6200.0	11.037	1.4151
6202.0	11.019	1.4138
6204.0	11.012	1.4138
6206.0	11.005	1.4138
6208.0	10.998	1.4138
6210.0	10.970999999999998	1.4112
6212.0	10.964	1.4112
6214.0	10.957	1.4112
6216.0	10.97	1.4138
6218.0	10.963	1.4138
6220.0	10.956	1.4138
6222.0	10.959000000000001	1.4151
6224.0	10.952	1.4151
6226.0	10.945	1.4151
6228.0	10.927999999999999	1.4138
6230.0	10.921	1.4138
6232.0	10.914000000000001	1.4138
6234.0	10.907	1.4138
6236.0	10.9	1.4138
6238.0	10.892999999999999	1.4138
6240.0	10.886	1.4138
6242.0	10.879000000000001	1.4138
6244.0	10.872	1.4138
6246.0	10.865	1.4138
6248.0	10.857999999999999	1.4138
6250.0	10.850999999999999	1.4138
6252.0	10.844000000000001	1.4138
6254.0	10.837	1.4138
6256.0	10.83	1.4138
6258.0	10.823	1.4138
6260.0	10.825999999999999	1.4151
6262.0	10.819	1.4151
6264.0	10.812000000000001	1.4151
6266.0	10.805	1.4151
6268.0	10.798	1.4151
6270.0	10.782	1.4138
6272.0	10.775	1.4138
6274.0	10.748	1.4112
6276.0	10.741	1.4112
6278.0	10.734000000000002	1.4112
6280.0	10.728	1.4112
6282.0	10.720999999999998	1.4112
6284.0	10.714	1.4112
6286.0	10.707	1.4112
6288.0	10.72	1.4138
6290.0	10.743	1.4177
6292.0	10.735999999999999	1.4177
6294.0	10.729000000000001	1.4177
6296.0	10.722000000000001	1.4177
6298.0	10.716	1.4177
6300.0	10.689	1.4151
6302.0	10.672	1.4138
6304.0	10.665999999999999	1.4138
6306.0	10.659	1.4138
6308.0	10.652000000000001	1.4138
6310.0	10.626	1.4112
6312.0	10.619000000000002	1.4112
6314.0	10.632	1.4138
6316.0	10.625	1.4138
6318.0	10.618	1.4138
6320.0	10.612	1.4138
6322.0	10.605	1.4138
6324.0	10.597999999999999	1.4138
6326.0	10.592	1.4138
6328.0	10.595	1.4151
6330.0	10.607000000000001	1.4177
6332.0	10.62	1.4204
6334.0	10.633	1.423
6336.0	10.626	1.423
6338.0	10.63	1.4243
6340.0	10.642000000000001	1.4269
6342.0	10.616	1.4243
6344.0	10.6	1.423
6346.0	10.593	1.423
6348.0	10.567	1.4204
6350.0	10.540999999999999	1.4177
6352.0	10.534	1.4177
6354.0	10.527000000000001	1.4177
6356.0	10.520999999999999	1.4177
6358.0	10.514000000000001	1.4177
6360.0	10.527000000000001	1.4204
6362.0	10.52	1.4204
6364.0	10.533	1.423
6366.0	10.536	1.4243
6368.0	10.549000000000001	1.4269
6370.0	10.542	1.4269
6372.0	10.536	1.4269
6374.0	10.529000000000002	1.4269
6376.0	10.523	1.4269
6378.0	10.515999999999998	1.4269
6380.0	10.509	1.4269
6382.0	10.503	1.4269
6384.0	10.495999999999999	1.4269
6386.0	10.49	1.4269
6388.0	10.482999999999999	1.4269
6390.0	10.495999999999999	1.4295
6392.0	10.489	1.4295
6394.0	10.482999999999999	1.4295
6396.0	10.475999999999999	1.4295
6398.0	10.45	1.4269
6400.0	10.444	1.4269
6402.0	10.457	1.4295
6404.0	10.45	1.4295
6406.0	10.443	1.4295
6408.0	10.456	1.4322
6410.0	10.45	1.4322
6412.0	10.453	1.4335
6414.0	10.446	1.4335
6416.0	10.44	1.4335
6418.0	10.433	1.4335
6420.0	10.427	1.4335
6422.0	10.42	1.4335
6424.0	10.414000000000001	1.4335
6426.0	10.398	1.4322
6428.0	10.390999999999998	1.4322
6430.0	10.366	1.4295
6432.0	10.359000000000002	1.4295
6434.0	10.353	1.4295
6436.0	10.345999999999998	1.4295
6438.0	10.359000000000002	1.4322
6440.0	10.362	1.4335
6442.0	10.356	1.4335
6444.0	10.349	1.4335
6446.0	10.362	1.4361
6448.0	10.355	1.4361
6450.0	10.368	1.4388
6452.0	10.362	1.4388
6454.0	10.355	1.4388
6456.0	10.349	1.4388
6458.0	10.343	1.4388
6460.0	10.317	1.4361
6462.0	10.311	1.4361
6464.0	10.285	1.4335
6466.0	10.251	1.4295
6468.0	10.225	1.4269
6470.0	10.2	1.4243
6472.0	10.185	1.423
6474.0	10.16	1.4204
6476.0	10.152999999999999	1.4204
6478.0	10.128	1.4177
6480.0	10.122	1.4177
6482.0	10.116	1.4177
6484.0	10.11	1.4177
6486.0	10.103	1.4177
6488.0	10.116	1.4204
6490.0	10.11	1.4204
6492.0	10.122	1.423
6494.0	10.116	1.423
6496.0	10.109	1.423
6498.0	10.103	1.423
6500.0	10.078	1.4204
6502.0	10.054	1.4177
6504.0	10.02	1.4138
6506.0	9.9768	1.4086
6508.0	9.9249	1.4022
6510.0	9.8823	1.397
6512.0	9.8218	1.3893
6514.0	9.7797	1.3842
6516.0	9.7198	1.3766
6518.0	9.6782	1.3715
6520.0	9.6367	1.3665
6522.0	9.5777	1.3589
6524.0	9.5454	1.3552
6526.0	9.5308	1.3539
6528.0	9.4899	1.349
6530.0	9.484	1.349
6532.0	9.4608	1.3465
6534.0	9.4463	1.3452
6536.0	9.4058	1.3403
6538.0	9.3396	1.3317
6540.0	9.2996	1.3268
6542.0	9.1917	1.3122
6544.0	9.0935	1.299
6546.0	8.9964	1.2859
6548.0	8.8757	1.2694
6550.0	8.7325	1.2497
6552.0	8.6074	1.2325
6554.0	8.453	1.2112
6556.0	8.3089	1.1912
6558.0	8.1522	1.1695
6560.0	8.0355	1.1534
6562.0	7.9131	1.1366
6564.0	7.7998	1.121
6566.0	7.745	1.1138
6568.0	7.7189	1.1107
6570.0	7.6858	1.1066
6572.0	7.7308	1.1138
6574.0	7.8048	1.1251
6576.0	7.8795	1.1366
6578.0	7.9916	1.1534
6580.0	8.1203	1.1727
6582.0	8.251	1.1923
6584.0	8.3915	1.2134
6586.0	8.5266	1.2337
6588.0	8.6639	1.2543
6590.0	8.7953	1.2741
6592.0	8.904	1.2906
6594.0	9.0141	1.3074
6596.0	9.092	1.3195
6598.0	9.1537	1.3292
6600.0	9.2243	1.3403
6602.0	9.2612	1.3465
6604.0	9.2984	1.3527
6606.0	9.327	1.3577
6608.0	9.3558	1.3627
6610.0	9.3846	1.3677
6612.0	9.4049	1.3715
6614.0	9.4339	1.3766
6616.0	9.4804	1.3842
6618.0	9.5097	1.3893
6620.0	9.539	1.3944
6622.0	9.5597	1.3983
6624.0	9.5891	1.4035
6626.0	9.6187	1.4086
6628.0	9.6306	1.4112
6630.0	9.6514	1.4151
6632.0	9.6812	1.4204
6634.0	9.6932	1.423
6636.0	9.6964	1.4243
6638.0	9.7084	1.4269
6640.0	9.7025	1.4269
6642.0	9.7145	1.4295
6644.0	9.7087	1.4295
6646.0	9.7029	1.4295
6648.0	9.697	1.4295
6650.0	9.6912	1.4295
6652.0	9.6854	1.4295
6654.0	9.6795	1.4295
6656.0	9.6737	1.4295
6658.0	9.6679	1.4295
6660.0	9.6443	1.4269
6662.0	9.6385	1.4269
6664.0	9.6328	1.4269
6666.0	9.627	1.4269
6668.0	9.6212	1.4269
6670.0	9.6154	1.4269
6672.0	9.6274	1.4295
6674.0	9.6216	1.4295
6676.0	9.6336	1.4322
6678.0	9.6367	1.4335
6680.0	9.6486	1.4361
6682.0	9.6607	1.4388
6684.0	9.6727	1.4415
6686.0	9.6758	1.4428
6688.0	9.6879	1.4454
6690.0	9.6821	1.4454
6692.0	9.6941	1.4481
6694.0	9.6883	1.4481
6696.0	9.6825	1.4481
6698.0	9.6857	1.4494
6700.0	9.6799	1.4494
6702.0	9.6741	1.4494
6704.0	9.6684	1.4494
6706.0	9.6626	1.4494
6708.0	9.6568	1.4494
6710.0	9.6511	1.4494
6712.0	9.6364	1.4481
6714.0	9.613	1.4454
6716.0	9.6073	1.4454
6718.0	9.5839	1.4428
6720.0	9.5694	1.4415
6722.0	9.5461	1.4388
6724.0	9.5404	1.4388
6726.0	9.5171	1.4361
6728.0	9.5114	1.4361
6730.0	9.5058	1.4361
6732.0	9.5002	1.4361
6734.0	9.4945	1.4361
6736.0	9.4889	1.4361
6738.0	9.4832	1.4361
6740.0	9.4776	1.4361
6742.0	9.472	1.4361
6744.0	9.4839	1.4388
6746.0	9.4783	1.4388
6748.0	9.4901	1.4415
6750.0	9.4932	1.4428
6752.0	9.4876	1.4428
6754.0	9.4994	1.4454
6756.0	9.4938	1.4454
6758.0	9.5057	1.4481
6760.0	9.5088	1.4494
6762.0	9.5032	1.4494
6764.0	9.5151	1.4521
6766.0	9.5095	1.4521
6768.0	9.4864	1.4494
6770.0	9.472	1.4481
6772.0	9.449	1.4454
6774.0	9.4434	1.4454
6776.0	9.4205	1.4428
6778.0	9.415	1.4428
6780.0	9.4094	1.4428
6782.0	9.4039	1.4428
6784.0	9.4156	1.4454
6786.0	9.4101	1.4454
6788.0	9.4219	1.4481
6790.0	9.4163	1.4481
6792.0	9.4107	1.4481
6794.0	9.4139	1.4494
6796.0	9.4257	1.4521
6798.0	9.4201	1.4521
6800.0	9.4146	1.4521
6802.0	9.4091	1.4521
6804.0	9.4035	1.4521
6806.0	9.3807	1.4494
6808.0	9.3752	1.4494
6810.0	9.3611	1.4481
6812.0	9.3556	1.4481
6814.0	9.3329	1.4454
6816.0	9.3274	1.4454
6818.0	9.3219	1.4454
6820.0	9.2993	1.4428
6822.0	9.2939	1.4428
6824.0	9.2884	1.4428
6826.0	9.283	1.4428
6828.0	9.2947	1.4454
6830.0	9.2892	1.4454
6832.0	9.2838	1.4454
6834.0	9.2954	1.4481
6836.0	9.29	1.4481
6838.0	9.2931	1.4494
6840.0	9.2877	1.4494
6842.0	9.2994	1.4521
6844.0	9.2939	1.4521
6846.0	9.2374	1.4441
6848.0	9.232	1.4441
6850.0	9.2181	1.4428
6852.0	9.2127	1.4428
6854.0	9.2073	1.4428
6856.0	9.2019	1.4428
6858.0	9.1966	1.4428
6860.0	9.1912	1.4428
6862.0	9.1859	1.4428
6864.0	9.172	1.4415
6866.0	9.1667	1.4415
6868.0	9.1614	1.4415
6870.0	9.156	1.4415
6872.0	9.1507	1.4415
6874.0	9.1454	1.4415
6876.0	9.1401	1.4415
6878.0	9.1347	1.4415
6880.0	9.1294	1.4415
6882.0	9.1241	1.4415
6884.0	9.1188	1.4415
6886.0	9.1135	1.4415
6888.0	9.1082	1.4415
6890.0	9.103	1.4415
6892.0	9.0977	1.4415
6894.0	9.0924	1.4415
6896.0	9.0871	1.4415
6898.0	9.0819	1.4415
6900.0	9.0766	1.4415
6902.0	9.0713	1.4415
6904.0	9.0661	1.4415
6906.0	9.0608	1.4415
6908.0	9.0556	1.4415
6910.0	9.0503	1.4415
6912.0	9.0451	1.4415
6914.0	9.0399	1.4415
6916.0	9.0346	1.4415
6918.0	9.0294	1.4415
6920.0	9.0325	1.4428
6922.0	9.0273	1.4428
6924.0	9.0221	1.4428
6926.0	9.0169	1.4428
6928.0	9.0117	1.4428
6930.0	9.0065	1.4428
6932.0	9.0096	1.4441
6934.0	9.0044	1.4441
6936.0	8.9992	1.4441
6938.0	8.994	1.4441
6940.0	8.9888	1.4441
6942.0	8.9919	1.4454
6944.0	8.9867	1.4454
6946.0	8.9815	1.4454
6948.0	8.9764	1.4454
6950.0	8.9795	1.4468
6952.0	8.9496	1.4428
6954.0	8.9362	1.4415
6956.0	8.9393	1.4428
6958.0	8.9341	1.4428
6960.0	8.9454	1.4454
6962.0	8.9403	1.4454
6964.0	8.9516	1.4481
6966.0	8.9465	1.4481
6968.0	8.9661	1.4521
6970.0	8.9609	1.4521
6972.0	8.9723	1.4548
6974.0	8.9837	1.4575
6976.0	8.9869	1.4588
6978.0	8.9983	1.4615
6980.0	8.9931	1.4615
6982.0	9.0045	1.4642
6984.0	8.9994	1.4642
6986.0	8.9777	1.4615
6988.0	8.9561	1.4588
6990.0	8.9426	1.4575
6992.0	8.921	1.4548
6994.0	8.8996	1.4521
6996.0	8.8699	1.4481
6998.0	8.8649	1.4481
7000.0	8.8435	1.4454
7002.0	8.8222	1.4428
7004.0	8.8172	1.4428
7006.0	8.8121	1.4428
7008.0	8.8071	1.4428
7010.0	8.8021	1.4428
7012.0	8.8133	1.4454
7014.0	8.8082	1.4454
7016.0	8.8032	1.4454
7018.0	8.8144	1.4481
7020.0	8.8094	1.4481
7022.0	8.8125	1.4494
7024.0	8.8237	1.4521
7026.0	8.8349	1.4548
7028.0	8.8299	1.4548
7030.0	8.8249	1.4548
7032.0	8.8199	1.4548
7034.0	8.8148	1.4548
7036.0	8.8098	1.4548
7038.0	8.8048	1.4548
7040.0	8.7998	1.4548
7042.0	8.7786	1.4521
7044.0	8.7737	1.4521
7046.0	8.7687	1.4521
7048.0	8.7637	1.4521
7050.0	8.7426	1.4494
7052.0	8.7377	1.4494
7054.0	8.7488	1.4521
7056.0	8.7439	1.4521
7058.0	8.755	1.4548
7060.0	8.7662	1.4575
7062.0	8.7612	1.4575
7064.0	8.7644	1.4588
7066.0	8.7756	1.4615
7068.0	8.7706	1.4615
7070.0	8.7818	1.4642
7072.0	8.7768	1.4642
7074.0	8.7718	1.4642
7076.0	8.7669	1.4642
7078.0	8.7619	1.4642
7080.0	8.7409	1.4615
7082.0	8.7359	1.4615
7084.0	8.731	1.4615
7086.0	8.71	1.4588
7088.0	8.7051	1.4588
7090.0	8.7162	1.4615
7092.0	8.7274	1.4642
7094.0	8.7225	1.4642
7096.0	8.7336	1.4669
7098.0	8.7367	1.4682
7100.0	8.7479	1.471
7102.0	8.743	1.471
7104.0	8.7541	1.4737
7106.0	8.7492	1.4737
7108.0	8.7443	1.4737
7110.0	8.7394	1.4737
7112.0	8.7344	1.4737
7114.0	8.7295	1.4737
7116.0	8.7246	1.4737
7118.0	8.7197	1.4737
7120.0	8.7148	1.4737
7122.0	8.7099	1.4737
7124.0	8.705	1.4737
7126.0	8.6842	1.471
7128.0	8.6793	1.471
7130.0	8.6585	1.4682
7132.0	8.6456	1.4669
7134.0	8.6249	1.4642
7136.0	8.6201	1.4642
7138.0	8.5994	1.4615
7140.0	8.5946	1.4615
7142.0	8.5898	1.4615
7144.0	8.6008	1.4642
7146.0	8.596	1.4642
7148.0	8.5912	1.4642
7150.0	8.5706	1.4615
7152.0	8.5658	1.4615
7154.0	8.5452	1.4588
7156.0	8.5326	1.4575
7158.0	8.5278	1.4575
7160.0	8.5073	1.4548
7162.0	8.5026	1.4548
7164.0	8.5135	1.4575
7166.0	8.5088	1.4575
7168.0	8.504	1.4575
7170.0	8.4993	1.4575
7172.0	8.4945	1.4575
7174.0	8.4741	1.4548
7176.0	8.4694	1.4548
7178.0	8.4491	1.4521
7180.0	8.4444	1.4521
7182.0	8.4242	1.4494
7184.0	8.4118	1.4481
7186.0	8.4071	1.4481
7188.0	8.4024	1.4481
7190.0	8.3977	1.4481
7192.0	8.3931	1.4481
7194.0	8.3884	1.4481
7196.0	8.3837	1.4481
7198.0	8.3791	1.4481
7200.0	8.359	1.4454
7202.0	8.3544	1.4454
7204.0	8.3498	1.4454
7206.0	8.3451	1.4454
7208.0	8.3558	1.4481
7210.0	8.3512	1.4481
7212.0	8.3697	1.4521
7214.0	8.365	1.4521
7216.0	8.3604	1.4521
7218.0	8.3558	1.4521
7220.0	8.3511	1.4521
7222.0	8.3465	1.4521
7224.0	8.3419	1.4521
7226.0	8.3373	1.4521
7228.0	8.3326	1.4521
7230.0	8.328	1.4521
7232.0	8.3234	1.4521
7234.0	8.3188	1.4521
7236.0	8.3142	1.4521
7238.0	8.3096	1.4521
7240.0	8.3051	1.4521
7242.0	8.2852	1.4494
7244.0	8.273	1.4481
7246.0	8.2684	1.4481
7248.0	8.2639	1.4481
7250.0	8.2593	1.4481
7252.0	8.2396	1.4454
7254.0	8.235	1.4454
7256.0	8.2154	1.4428
7258.0	8.2108	1.4428
7260.0	8.2063	1.4428
7262.0	8.2018	1.4428
7264.0	8.1973	1.4428
7266.0	8.2078	1.4454
7268.0	8.2033	1.4454
7270.0	8.2139	1.4481
7272.0	8.2094	1.4481
7274.0	8.2125	1.4494
7276.0	8.2231	1.4521
7278.0	8.2186	1.4521
7280.0	8.2292	1.4548
7282.0	8.2246	1.4548
7284.0	8.2201	1.4548
7286.0	8.2156	1.4548
7288.0	8.2111	1.4548
7290.0	8.2066	1.4548
7292.0	8.187	1.4521
7294.0	8.1675	1.4494
7296.0	8.1555	1.4481
7298.0	8.136	1.4454
7300.0	8.1166	1.4428
7302.0	8.1122	1.4428
7304.0	8.1077	1.4428
7306.0	8.1033	1.4428
7308.0	8.0989	1.4428
7310.0	8.087	1.4415
7312.0	8.0677	1.4388
7314.0	8.0633	1.4388
7316.0	8.0589	1.4388
7318.0	8.0545	1.4388
7320.0	8.0501	1.4388
7322.0	8.0605	1.4415
7324.0	8.0635	1.4428
7326.0	8.074	1.4454
7328.0	8.0696	1.4454
7330.0	8.08	1.4481
7332.0	8.0756	1.4481
7334.0	8.0935	1.4521
7336.0	8.0891	1.4521
7338.0	8.0996	1.4548
7340.0	8.0952	1.4548
7342.0	8.1057	1.4575
7344.0	8.1088	1.4588
7346.0	8.1044	1.4588
7348.0	8.1149	1.4615
7350.0	8.1105	1.4615
7352.0	8.0912	1.4588
7354.0	8.0793	1.4575
7356.0	8.06	1.4548
7358.0	8.0408	1.4521
7360.0	8.0217	1.4494
7362.0	8.0099	1.4481
7364.0	8.0056	1.4481
7366.0	8.0012	1.4481
7368.0	7.9822	1.4454
7370.0	7.9925	1.4481
7372.0	7.9882	1.4481
7374.0	7.9839	1.4481
7376.0	7.9869	1.4494
7378.0	7.9973	1.4521
7380.0	8.0077	1.4548
7382.0	8.0181	1.4575
7384.0	8.0212	1.4588
7386.0	8.0316	1.4615
7388.0	8.0421	1.4642
7390.0	8.0525	1.4669
7392.0	8.0556	1.4682
7394.0	8.0661	1.471
7396.0	8.0765	1.4737
7398.0	8.0945	1.4777
7400.0	8.1051	1.4805
7402.0	8.1007	1.4805
7404.0	8.1113	1.4832
7406.0	8.1069	1.4832
7408.0	8.1025	1.4832
7410.0	8.0981	1.4832
7412.0	8.0789	1.4805
7414.0	8.0596	1.4777
7416.0	8.0479	1.4764
7418.0	8.0139	1.471
7420.0	7.9875	1.4669
7422.0	7.9685	1.4642
7424.0	7.9496	1.4615
7426.0	7.9307	1.4588
7428.0	7.9191	1.4575
7430.0	7.9148	1.4575
7432.0	7.9106	1.4575
7434.0	7.9063	1.4575
7436.0	7.9021	1.4575
7438.0	7.8978	1.4575
7440.0	7.9009	1.4588
7442.0	7.8966	1.4588
7444.0	7.8924	1.4588
7446.0	7.8882	1.4588
7448.0	7.8985	1.4615
7450.0	7.8942	1.4615
7452.0	7.9045	1.4642
7454.0	7.9003	1.4642
7456.0	7.9106	1.4669
7458.0	7.9282	1.471
7460.0	7.9385	1.4737
7462.0	7.9343	1.4737
7464.0	7.93	1.4737
7466.0	7.9258	1.4737
7468.0	7.907	1.471
7470.0	7.8882	1.4682
7472.0	7.8767	1.4669
7474.0	7.858	1.4642
7476.0	7.8538	1.4642
7478.0	7.8352	1.4615
7480.0	7.8166	1.4588
7482.0	7.8052	1.4575
7484.0	7.7867	1.4548
7486.0	7.7825	1.4548
7488.0	7.7783	1.4548
7490.0	7.7599	1.4521
7492.0	7.7558	1.4521
7494.0	7.7516	1.4521
7496.0	7.7475	1.4521
7498.0	7.7433	1.4521
7500.0	7.725	1.4494
7502.0	7.7351	1.4521
7504.0	7.731	1.4521
7506.0	7.7411	1.4548
7508.0	7.7512	1.4575
7510.0	7.7543	1.4588
7512.0	7.7644	1.4615
7514.0	7.7746	1.4642
7516.0	7.7705	1.4642
7518.0	7.7663	1.4642
7520.0	7.7622	1.4642
7522.0	7.7724	1.4669
7524.0	7.7682	1.4669
7526.0	7.7641	1.4669
7528.0	7.76	1.4669
7530.0	7.7559	1.4669
7532.0	7.7517	1.4669
7534.0	7.7476	1.4669
7536.0	7.7507	1.4682
7538.0	7.7465	1.4682
7540.0	7.7353	1.4669
7542.0	7.7312	1.4669
7544.0	7.7271	1.4669
7546.0	7.7088	1.4642
7548.0	7.7047	1.4642
7550.0	7.7219	1.4682
7552.0	7.7178	1.4682
7554.0	7.7138	1.4682
7556.0	7.7097	1.4682
7558.0	7.7056	1.4682
7560.0	7.7015	1.4682
7562.0	7.6974	1.4682
7564.0	7.6934	1.4682
7566.0	7.6893	1.4682
7568.0	7.6853	1.4682
7570.0	7.6812	1.4682
7572.0	7.6771	1.4682
7574.0	7.6731	1.4682
7576.0	7.669	1.4682
7578.0	7.665	1.4682
7580.0	7.6609	1.4682
7582.0	7.6569	1.4682
7584.0	7.6529	1.4682
7586.0	7.6488	1.4682
7588.0	7.6448	1.4682
7590.0	7.6337	1.4669
7592.0	7.6297	1.4669
7594.0	7.6257	1.4669
7596.0	7.6217	1.4669
7598.0	7.6177	1.4669
7600.0	7.6136	1.4669
7602.0	7.6096	1.4669
7604.0	7.6056	1.4669
7606.0	7.6016	1.4669
7608.0	7.5976	1.4669
7610.0	7.5936	1.4669
7612.0	7.5897	1.4669
7614.0	7.5857	1.4669
7616.0	7.5817	1.4669
7618.0	7.5708	1.4655
7620.0	7.5668	1.4655
7622.0	7.5628	1.4655
7624.0	7.5588	1.4655
7626.0	7.5549	1.4655
7628.0	7.5509	1.4655
7630.0	7.547	1.4655
7632.0	7.543	1.4655
7634.0	7.539	1.4655
7636.0	7.5282	1.4642
7638.0	7.5242	1.4642
7640.0	7.5203	1.4642
7642.0	7.5163	1.4642
7644.0	7.5124	1.4642
7646.0	7.5085	1.4642
7648.0	7.4977	1.4629
7650.0	7.4938	1.4629
7652.0	7.4898	1.4629
7654.0	7.4859	1.4629
7656.0	7.482	1.4629
7658.0	7.4781	1.4629
7660.0	7.4673	1.4615
7662.0	7.4634	1.4615
7664.0	7.4595	1.4615
7666.0	7.4556	1.4615
7668.0	7.4517	1.4615
7670.0	7.441	1.4602
7672.0	7.4371	1.4602
7674.0	7.4332	1.4602
7676.0	7.4293	1.4602
7678.0	7.4255	1.4602
7680.0	7.4148	1.4588
7682.0	7.411	1.4588
7684.0	7.4071	1.4588
7686.0	7.4032	1.4588
7688.0	7.3925	1.4575
7690.0	7.3887	1.4575
7692.0	7.3917	1.4588
7694.0	7.3878	1.4588
7696.0	7.384	1.4588
7698.0	7.3733	1.4575
7700.0	7.3695	1.4575
7702.0	7.3521	1.4548
7704.0	7.3483	1.4548
7706.0	7.331	1.4521
7708.0	7.3272	1.4521
7710.0	7.3234	1.4521
7712.0	7.3196	1.4521
7714.0	7.3158	1.4521
7716.0	7.3255	1.4548
7718.0	7.3217	1.4548
7720.0	7.3314	1.4575
7722.0	7.3276	1.4575
7724.0	7.3238	1.4575
7726.0	7.32	1.4575
7728.0	7.3027	1.4548
7730.0	7.2855	1.4521
7732.0	7.2617	1.4481
7734.0	7.2579	1.4481
7736.0	7.2408	1.4454
7738.0	7.2238	1.4428
7740.0	7.22	1.4428
7742.0	7.2296	1.4454
7744.0	7.2392	1.4481
7746.0	7.2421	1.4494
7748.0	7.2517	1.4521
7750.0	7.2613	1.4548
7752.0	7.271	1.4575
7754.0	7.2672	1.4575
7756.0	7.2702	1.4588
7758.0	7.2597	1.4575
7760.0	7.2426	1.4548
7762.0	7.2256	1.4521
7764.0	7.2086	1.4494
7766.0	7.185	1.4454
7768.0	7.1681	1.4428
7770.0	7.1578	1.4415
7772.0	7.1409	1.4388
7774.0	7.1373	1.4388
7776.0	7.1336	1.4388
7778.0	7.1299	1.4388
7780.0	7.1263	1.4388
7782.0	7.1226	1.4388
7784.0	7.119	1.4388
7786.0	7.1153	1.4388
7788.0	7.0985	1.4361
7790.0	7.0949	1.4361
7792.0	7.0782	1.4335
7794.0	7.0746	1.4335
7796.0	7.0644	1.4322
7798.0	7.0478	1.4295
7800.0	7.0442	1.4295
7802.0	7.0406	1.4295
7804.0	7.024	1.4269
7806.0	7.0204	1.4269
7808.0	7.0168	1.4269
7810.0	7.0132	1.4269
7812.0	7.0097	1.4269
7814.0	7.019	1.4295
7816.0	7.0154	1.4295
7818.0	7.0247	1.4322
7820.0	7.0276	1.4335
7822.0	7.0369	1.4361
7824.0	7.0464	1.4388
7826.0	7.0622	1.4428
7828.0	7.0586	1.4428
7830.0	7.055	1.4428
7832.0	7.0644	1.4454
7834.0	7.0608	1.4454
7836.0	7.0572	1.4454
7838.0	7.0536	1.4454
7840.0	7.05	1.4454
7842.0	7.0464	1.4454
7844.0	7.0428	1.4454
7846.0	7.0392	1.4454
7848.0	7.0486	1.4481
7850.0	7.032	1.4454
7852.0	7.0285	1.4454
7854.0	7.012	1.4428
7856.0	7.0084	1.4428
7858.0	6.9984	1.4415
7860.0	6.982	1.4388
7862.0	6.9784	1.4388
7864.0	6.962	1.4361
7866.0	6.9456	1.4335
7868.0	6.9229	1.4295
7870.0	6.8876	1.423
7872.0	6.8715	1.4204
7874.0	6.8553	1.4177
7876.0	6.8392	1.4151
7878.0	6.8295	1.4138
7880.0	6.8323	1.4151
7882.0	6.854	1.4204
7884.0	6.8632	1.423
7886.0	6.8787	1.4269
7888.0	6.8879	1.4295
7890.0	6.9034	1.4335
7892.0	6.9126	1.4361
7894.0	6.9092	1.4361
7896.0	6.9184	1.4388
7898.0	6.9149	1.4388
7900.0	6.8987	1.4361
7902.0	6.8952	1.4361
7904.0	6.879	1.4335
7906.0	6.8566	1.4295
7908.0	6.8279	1.4243
7910.0	6.8181	1.423
7912.0	6.8147	1.423
7914.0	6.7987	1.4204
7916.0	6.7953	1.4204
7918.0	6.8044	1.423
7920.0	6.8009	1.423
7922.0	6.8038	1.4243
7924.0	6.8254	1.4295
7926.0	6.8346	1.4322
7928.0	6.8374	1.4335
7930.0	6.8466	1.4361
7932.0	6.8431	1.4361
7934.0	6.8523	1.4388
7936.0	6.8489	1.4388
7938.0	6.8328	1.4361
7940.0	6.8293	1.4361
7942.0	6.8259	1.4361
7944.0	6.8225	1.4361
7946.0	6.819	1.4361
7948.0	6.8282	1.4388
7950.0	6.8248	1.4388
7952.0	6.8339	1.4415
7954.0	6.8368	1.4428
7956.0	6.8459	1.4454
7958.0	6.8425	1.4454
7960.0	6.839	1.4454
7962.0	6.8356	1.4454
7964.0	6.8322	1.4454
7966.0	6.8162	1.4428
7968.0	6.794	1.4388
7970.0	6.778	1.4361
7972.0	6.7746	1.4361
7974.0	6.7712	1.4361
7976.0	6.7678	1.4361
7978.0	6.7644	1.4361
7980.0	6.761	1.4361
7982.0	6.7576	1.4361
7984.0	6.7543	1.4361
7986.0	6.7509	1.4361
7988.0	6.7475	1.4361
7990.0	6.7441	1.4361
7992.0	6.7407	1.4361
7994.0	6.7374	1.4361
7996.0	6.734	1.4361
7998.0	6.7306	1.4361
8000.0	6.7149	1.4335
8002.0	6.7115	1.4335
8004.0	6.6897	1.4295
8006.0	6.674	1.4269
8008.0	6.6707	1.4269
8010.0	6.6674	1.4269
8012.0	6.6518	1.4243
8014.0	6.6607	1.4269
8016.0	6.6574	1.4269
8018.0	6.6663	1.4295
8020.0	6.6753	1.4322
8022.0	6.6781	1.4335
8024.0	6.6871	1.4361
8026.0	6.6961	1.4388
8028.0	6.7113	1.4428
8030.0	6.7327	1.4481
8032.0	6.7355	1.4494
8034.0	6.7446	1.4521
8036.0	6.7537	1.4548
8038.0	6.7628	1.4575
8040.0	6.7469	1.4548
8042.0	6.7436	1.4548
8044.0	6.7278	1.4521
8046.0	6.7121	1.4494
8048.0	6.7026	1.4481
8050.0	6.687	1.4454
8052.0	6.6836	1.4454
8054.0	6.668	1.4428
8056.0	6.6647	1.4428
8058.0	6.6553	1.4415
8060.0	6.6398	1.4388
8062.0	6.6365	1.4388
8064.0	6.6332	1.4388
8066.0	6.6299	1.4388
8068.0	6.6266	1.4388
8070.0	6.6355	1.4415
8072.0	6.6383	1.4428
8074.0	6.635	1.4428
8076.0	6.6318	1.4428
8078.0	6.6285	1.4428
8080.0	6.6252	1.4428
8082.0	6.6219	1.4428
8084.0	6.6004	1.4388
8086.0	6.5971	1.4388
8088.0	6.5817	1.4361
8090.0	6.5784	1.4361
8092.0	6.5752	1.4361
8094.0	6.5719	1.4361
8096.0	6.5566	1.4335
8098.0	6.5534	1.4335
8100.0	6.5622	1.4361
8102.0	6.559	1.4361
8104.0	6.5678	1.4388
8106.0	6.5767	1.4415
8108.0	6.5795	1.4428
8110.0	6.5884	1.4454
8112.0	6.5851	1.4454
8114.0	6.594	1.4481
8116.0	6.5908	1.4481
8118.0	6.5875	1.4481
8120.0	6.5843	1.4481
8122.0	6.5871	1.4494
8124.0	6.5839	1.4494
8126.0	6.5806	1.4494
8128.0	6.5895	1.4521
8130.0	6.5742	1.4494
8132.0	6.5649	1.4481
8134.0	6.5496	1.4454
8136.0	6.5463	1.4454
8138.0	6.5311	1.4428
8140.0	6.5219	1.4415
8142.0	6.5067	1.4388
8144.0	6.5035	1.4388
8146.0	6.5003	1.4388
8148.0	6.4851	1.4361
8150.0	6.4939	1.4388
8152.0	6.4907	1.4388
8154.0	6.4875	1.4388
8156.0	6.4963	1.4415
8158.0	6.4931	1.4415
8160.0	6.4959	1.4428
8162.0	6.4927	1.4428
8164.0	6.4896	1.4428
8166.0	6.4864	1.4428
8168.0	6.4832	1.4428
8170.0	6.48	1.4428
8172.0	6.4769	1.4428
8174.0	6.4558	1.4388
8176.0	6.4527	1.4388
8178.0	6.4376	1.4361
8180.0	6.4345	1.4361
8182.0	6.4195	1.4335
8184.0	6.4164	1.4335
8186.0	6.4132	1.4335
8188.0	6.4101	1.4335
8190.0	6.407	1.4335
8192.0	6.4156	1.4361
8194.0	6.4244	1.4388
8196.0	6.4212	1.4388
8198.0	6.4359	1.4428
8200.0	6.4446	1.4454
8202.0	6.4414	1.4454
8204.0	6.4383	1.4454
8206.0	6.4351	1.4454
8208.0	6.432	1.4454
8210.0	6.4289	1.4454
8212.0	6.4257	1.4454
8214.0	6.4226	1.4454
8216.0	6.4077	1.4428
8218.0	6.3869	1.4388
8220.0	6.372	1.4361
8222.0	6.3396	1.4295
8224.0	6.3074	1.423
8226.0	6.2812	1.4177
8228.0	6.2608	1.4138
8230.0	6.2463	1.4112
8232.0	6.2318	1.4086
8234.0	6.2287	1.4086
8236.0	6.2372	1.4112
8238.0	6.2456	1.4138
8240.0	6.2599	1.4177
8242.0	6.2799	1.423
8244.0	6.3059	1.4295
8246.0	6.3202	1.4335
8248.0	6.3172	1.4335
8250.0	6.3257	1.4361
8252.0	6.3227	1.4361
8254.0	6.3196	1.4361
8256.0	6.3049	1.4335
8258.0	6.2961	1.4322
8260.0	6.2815	1.4295
8262.0	6.2669	1.4269
8264.0	6.2523	1.4243
8266.0	6.2435	1.423
8268.0	6.229	1.4204
8270.0	6.2145	1.4177
8272.0	6.2115	1.4177
8274.0	6.1914	1.4138
8276.0	6.1884	1.4138
8278.0	6.174	1.4112
8280.0	6.1711	1.4112
8282.0	6.1567	1.4086
8284.0	6.1424	1.406
8286.0	6.1281	1.4035
8288.0	6.1196	1.4022
8290.0	6.111	1.4009
8292.0	6.0968	1.3983
8294.0	6.077	1.3944
8296.0	6.0685	1.3932
8298.0	6.0656	1.3932
8300.0	6.0571	1.3919
8302.0	6.0431	1.3893
8304.0	6.0401	1.3893
8306.0	6.0372	1.3893
8308.0	6.051	1.3932
8310.0	6.0537	1.3944
8312.0	6.0675	1.3983
8314.0	6.0757	1.4009
8316.0	6.0785	1.4022
8318.0	6.0811	1.4035
8320.0	6.0726	1.4022
8322.0	6.0697	1.4022
8324.0	6.0612	1.4009
8326.0	6.0639	1.4022
8328.0	6.0609	1.4022
8330.0	6.058	1.4022
8332.0	6.0718	1.406
8334.0	6.0689	1.406
8336.0	6.0772	1.4086
8338.0	6.0743	1.4086
8340.0	6.0714	1.4086
8342.0	6.0685	1.4086
8344.0	6.0544	1.406
8346.0	6.0515	1.406
8348.0	6.0375	1.4035
8350.0	6.029	1.4022
8352.0	6.0095	1.3983
8354.0	5.9901	1.3944
8356.0	5.9652	1.3893
8358.0	5.9404	1.3842
8360.0	5.9157	1.3791
8362.0	5.8966	1.3753
8364.0	5.8775	1.3715
8366.0	5.8692	1.3702
8368.0	5.8719	1.3715
8370.0	5.8853	1.3753
8372.0	5.8988	1.3791
8374.0	5.9177	1.3842
8376.0	5.9477	1.3919
8378.0	5.9723	1.3983
8380.0	5.986	1.4022
8382.0	5.9996	1.406
8384.0	6.0078	1.4086
8386.0	6.005	1.4086
8388.0	6.0021	1.4086
8390.0	5.9993	1.4086
8392.0	5.9964	1.4086
8394.0	5.9935	1.4086
8396.0	5.9907	1.4086
8398.0	5.9878	1.4086
8400.0	5.985	1.4086
8402.0	5.9821	1.4086
8404.0	5.9793	1.4086
8406.0	5.9544	1.4035
8408.0	5.9297	1.3983
8410.0	5.9214	1.397
8412.0	5.9023	1.3932
8414.0	5.8995	1.3932
8416.0	5.8913	1.3919
8418.0	5.8939	1.3932
8420.0	5.8911	1.3932
8422.0	5.8937	1.3944
8424.0	5.9018	1.397
8426.0	5.9044	1.3983
8428.0	5.9125	1.4009
8430.0	5.9152	1.4022
8432.0	5.9178	1.4035
8434.0	5.9259	1.406
8436.0	5.923	1.406
8438.0	5.9312	1.4086
8440.0	5.9284	1.4086
8442.0	5.9146	1.406
8444.0	5.9118	1.406
8446.0	5.909	1.406
8448.0	5.8954	1.4035
8450.0	5.8872	1.4022
8452.0	5.8844	1.4022
8454.0	5.8816	1.4022
8456.0	5.8788	1.4022
8458.0	5.8761	1.4022
8460.0	5.8786	1.4035
8462.0	5.8867	1.406
8464.0	5.8839	1.406
8466.0	5.892	1.4086
8468.0	5.911	1.4138
8470.0	5.9136	1.4151
8472.0	5.9326	1.4204
8474.0	5.9408	1.423
8476.0	5.9544	1.4269
8478.0	5.9626	1.4295
8480.0	5.9598	1.4295
8482.0	5.9679	1.4322
8484.0	5.9706	1.4335
8486.0	5.9678	1.4335
8488.0	5.965	1.4335
8490.0	5.9622	1.4335
8492.0	5.9594	1.4335
8494.0	5.9566	1.4335
8496.0	5.9538	1.4335
8498.0	5.9619	1.4361
8500.0	5.9701	1.4388
8502.0	5.9783	1.4415
8504.0	5.981	1.4428
8506.0	6.0002	1.4481
8508.0	5.9974	1.4481
8510.0	5.9946	1.4481
8512.0	5.9918	1.4481
8514.0	5.978	1.4454
8516.0	5.9642	1.4428
8518.0	5.9559	1.4415
8520.0	5.9421	1.4388
8522.0	5.9284	1.4361
8524.0	5.9256	1.4361
8526.0	5.9228	1.4361
8528.0	5.931	1.4388
8530.0	5.9391	1.4415
8532.0	5.9528	1.4454
8534.0	5.9774	1.4521
8536.0	5.9967	1.4575
8538.0	6.0105	1.4615
8540.0	6.0187	1.4642
8542.0	6.0159	1.4642
8544.0	6.0131	1.4642
8546.0	5.9992	1.4615
8548.0	5.9799	1.4575
8550.0	5.9551	1.4521
8552.0	5.925	1.4454
8554.0	5.895	1.4388
8556.0	5.8651	1.4322
8558.0	5.8409	1.4269
8560.0	5.822	1.423
8562.0	5.7979	1.4177
8564.0	5.7952	1.4177
8566.0	5.7818	1.4151
8568.0	5.7738	1.4138
8570.0	5.7711	1.4138
8572.0	5.7684	1.4138
8574.0	5.7657	1.4138
8576.0	5.7683	1.4151
8578.0	5.7763	1.4177
8580.0	5.7736	1.4177
8582.0	5.7709	1.4177
8584.0	5.7788	1.4204
8586.0	5.7761	1.4204
8588.0	5.7735	1.4204
8590.0	5.7601	1.4177
8592.0	5.7574	1.4177
8594.0	5.7442	1.4151
8596.0	5.7362	1.4138
8598.0	5.723	1.4112
8600.0	5.7098	1.4086
8602.0	5.7072	1.4086
8604.0	5.694	1.406
8606.0	5.6914	1.406
8608.0	5.6731	1.4022
8610.0	5.6652	1.4009
8612.0	5.6521	1.3983
8614.0	5.6339	1.3944
8616.0	5.621	1.3919
8618.0	5.608	1.3893
8620.0	5.6002	1.388
8622.0	5.5822	1.3842
8624.0	5.595	1.388
8626.0	5.5976	1.3893
8628.0	5.6105	1.3932
8630.0	5.613	1.3944
8632.0	5.626	1.3983
8634.0	5.6337	1.4009
8636.0	5.6363	1.4022
8638.0	5.6337	1.4022
8640.0	5.6311	1.4022
8642.0	5.644	1.406
8644.0	5.6623	1.4112
8646.0	5.6701	1.4138
8648.0	5.6936	1.4204
8650.0	5.7173	1.4269
8652.0	5.741	1.4335
8654.0	5.7489	1.4361
8656.0	5.7569	1.4388
8658.0	5.7648	1.4415
8660.0	5.7675	1.4428
8662.0	5.7648	1.4428
8664.0	5.7568	1.4415
8666.0	5.7436	1.4388
8668.0	5.7304	1.4361
8670.0	5.7172	1.4335
8672.0	5.6988	1.4295
8674.0	5.6857	1.4269
8676.0	5.6673	1.423
8678.0	5.6439	1.4177
8680.0	5.6258	1.4138
8682.0	5.6025	1.4086
8684.0	5.5793	1.4035
8686.0	5.5562	1.3983
8688.0	5.5332	1.3932
8690.0	5.5104	1.388
8692.0	5.4775	1.3804
8694.0	5.4548	1.3753
8696.0	5.4173	1.3665
8698.0	5.3701	1.3552
8700.0	5.3282	1.3452
8702.0	5.2769	1.3329
8704.0	5.2214	1.3195
8706.0	5.1711	1.3074
8708.0	5.1213	1.2954
8710.0	5.1331	1.299
8712.0	5.145	1.3026
8714.0	5.1569	1.3062
8716.0	5.207	1.3195
8718.0	5.2527	1.3317
8720.0	5.3038	1.3452
8722.0	5.3062	1.3465
8724.0	5.3136	1.349
8726.0	5.3161	1.3502
8728.0	5.3234	1.3527
8730.0	5.3259	1.3539
8732.0	5.3284	1.3552
8734.0	5.3407	1.3589
8736.0	5.353	1.3627
8738.0	5.3554	1.3639
8740.0	5.353	1.3639
8742.0	5.3505	1.3639
8744.0	5.3481	1.3639
8746.0	5.3456	1.3639
8748.0	5.3432	1.3639
8750.0	5.3408	1.3639
8752.0	5.3482	1.3665
8754.0	5.3458	1.3665
8756.0	5.3482	1.3677
8758.0	5.3606	1.3715
8760.0	5.3581	1.3715
8762.0	5.3705	1.3753
8764.0	5.368	1.3753
8766.0	5.3607	1.374
8768.0	5.3484	1.3715
8770.0	5.3263	1.3665
8772.0	5.2896	1.3577
8774.0	5.2678	1.3527
8776.0	5.2219	1.3415
8778.0	5.1812	1.3317
8780.0	5.1503	1.3243
8782.0	5.1007	1.3122
8784.0	5.061	1.3026
8786.0	5.0215	1.293
8788.0	4.9962	1.2871
8790.0	4.9894	1.2859
8792.0	4.9871	1.2859
8794.0	5.0032	1.2906
8796.0	5.0472	1.3026
8798.0	5.0963	1.3158
8800.0	5.1411	1.328
8802.0	5.1863	1.3403
8804.0	5.2368	1.3539
8806.0	5.2731	1.3639
8808.0	5.2999	1.3715
8810.0	5.3268	1.3791
8812.0	5.3441	1.3842
8814.0	5.3564	1.388
8816.0	5.3589	1.3893
8818.0	5.3664	1.3919
8820.0	5.3541	1.3893
8822.0	5.3467	1.388
8824.0	5.3295	1.3842
8826.0	5.3124	1.3804
8828.0	5.2905	1.3753
8830.0	5.2686	1.3702
8832.0	5.2517	1.3665
8834.0	5.23	1.3614
8836.0	5.2133	1.3577
8838.0	5.1965	1.3539
8840.0	5.1751	1.349
8842.0	5.1632	1.3465
8844.0	5.1609	1.3465
8846.0	5.168	1.349
8848.0	5.1657	1.349
8850.0	5.1872	1.3552
8852.0	5.2136	1.3627
8854.0	5.2257	1.3665
8856.0	5.2233	1.3665
8858.0	5.221	1.3665
8860.0	5.2186	1.3665
8862.0	5.1684	1.3539
8864.0	5.1187	1.3415
8866.0	5.0695	1.3292
8868.0	4.9977	1.311
8870.0	4.9314	1.2942
8872.0	4.8661	1.2776
8874.0	4.806	1.2624
8876.0	4.7554	1.2497
8878.0	4.7097	1.2382
8880.0	4.673	1.2291
8882.0	4.6323	1.219
8884.0	4.5963	1.21
8886.0	4.5857	1.2078
8888.0	4.5795	1.2067
8890.0	4.5774	1.2067
8892.0	4.6049	1.2145
8894.0	4.6412	1.2246
8896.0	4.6734	1.2337
8898.0	4.7188	1.2462
8900.0	4.7735	1.2612
8902.0	4.82	1.2741
8904.0	4.8624	1.2859
8906.0	4.9097	1.299
8908.0	4.9529	1.311
8910.0	4.9781	1.3183
8912.0	4.9989	1.3243
8914.0	5.015	1.3292
8916.0	5.0267	1.3329
8918.0	5.0383	1.3366
8920.0	5.0361	1.3366
8922.0	5.0384	1.3378
8924.0	5.0316	1.3366
8926.0	5.0293	1.3366
8928.0	5.0271	1.3366
8930.0	5.0201	1.3354
8932.0	5.0087	1.3329
8934.0	5.0064	1.3329
8936.0	5.0042	1.3329
8938.0	5.0111	1.3354
8940.0	4.9997	1.3329
8942.0	4.9929	1.3317
8944.0	4.9814	1.3292
8946.0	4.9747	1.328
8948.0	4.9587	1.3243
8950.0	4.9519	1.3231
8952.0	4.9361	1.3195
8954.0	4.9157	1.3146
8956.0	4.9	1.311
8958.0	4.8843	1.3074
8960.0	4.8776	1.3062
8962.0	4.8664	1.3038
8964.0	4.8732	1.3062
8966.0	4.8845	1.3098
8968.0	4.8913	1.3122
8970.0	4.9118	1.3183
8972.0	4.9322	1.3243
8974.0	4.9482	1.3292
8976.0	4.9688	1.3354
8978.0	4.9712	1.3366
8980.0	4.9827	1.3403
8982.0	4.9851	1.3415
8984.0	4.9783	1.3403
8986.0	4.9761	1.3403
8988.0	4.9647	1.3378
8990.0	4.9625	1.3378
8992.0	4.9603	1.3378
8994.0	4.9581	1.3378
8996.0	4.9696	1.3415
8998.0	4.9811	1.3452
9000.0	4.9835	1.3465
9002.0	4.9905	1.349
9004.0	4.9929	1.3502
9006.0	4.9999	1.3527
9008.0	4.9976	1.3527
9010.0	5.0	1.3539
9012.0	4.9978	1.3539
9014.0	4.9772	1.349
9016.0	4.9658	1.3465
9018.0	4.9545	1.344
9020.0	4.925	1.3366
9022.0	4.8912	1.328
9024.0	4.8621	1.3207
9026.0	4.8555	1.3195
9028.0	4.8399	1.3158
9030.0	4.8378	1.3158
9032.0	4.8357	1.3158
9034.0	4.8335	1.3158
9036.0	4.8314	1.3158
9038.0	4.8292	1.3158
9040.0	4.8271	1.3158
9042.0	4.825	1.3158
9044.0	4.8228	1.3158
9046.0	4.8207	1.3158
9048.0	4.8141	1.3146
9050.0	4.812	1.3146
9052.0	4.801	1.3122
9054.0	4.7945	1.311
9056.0	4.7791	1.3074
9058.0	4.7638	1.3038
9060.0	4.7529	1.3014
9062.0	4.729	1.2954
9064.0	4.7096	1.2906
9066.0	4.6902	1.2859
9068.0	4.6752	1.2823
9070.0	4.6559	1.2776
9072.0	4.641	1.2741
9074.0	4.639	1.2741
9076.0	4.6498	1.2776
9078.0	4.652	1.2788
9080.0	4.6628	1.2823
9082.0	4.678	1.2871
9084.0	4.6975	1.293
9086.0	4.6997	1.2942
9088.0	4.6934	1.293
9090.0	4.6913	1.293
9092.0	4.6806	1.2906
9094.0	4.6614	1.2859
9096.0	4.6465	1.2823
9098.0	4.6444	1.2823
9100.0	4.6424	1.2823
9102.0	4.6403	1.2823
9104.0	4.6511	1.2859
9106.0	4.6533	1.2871
9108.0	4.6642	1.2906
9110.0	4.6707	1.293
9112.0	4.6687	1.293
9114.0	4.658	1.2906
9116.0	4.656	1.2906
9118.0	4.6368	1.2859
9120.0	4.6178	1.2811
9122.0	4.603	1.2776
9124.0	4.5883	1.2741
9126.0	4.5694	1.2694
9128.0	4.5548	1.2659
9130.0	4.5528	1.2659
9132.0	4.5508	1.2659
9134.0	4.553	1.2671
9136.0	4.5636	1.2706
9138.0	4.5742	1.2741
9140.0	4.5849	1.2776
9142.0	4.5829	1.2776
9144.0	4.5724	1.2753
9146.0	4.5662	1.2741
9148.0	4.5475	1.2694
9150.0	4.5329	1.2659
9152.0	4.5143	1.2612
9154.0	4.4999	1.2578
9156.0	4.4937	1.2566
9158.0	4.4794	1.2531
9160.0	4.4898	1.2566
9162.0	4.492	1.2578
9164.0	4.4942	1.2589
9166.0	4.4922	1.2589
9168.0	4.4861	1.2578
9170.0	4.4842	1.2578
9172.0	4.4698	1.2543
9174.0	4.4638	1.2531
9176.0	4.4495	1.2497
9178.0	4.4353	1.2462
9180.0	4.4293	1.2451
9182.0	4.4152	1.2417
9184.0	4.4132	1.2417
9186.0	4.4113	1.2417
9188.0	4.4094	1.2417
9190.0	4.4197	1.2451
9192.0	4.4218	1.2462
9194.0	4.4321	1.2497
9196.0	4.4302	1.2497
9198.0	4.4323	1.2508
9200.0	4.4304	1.2508
