3200.0	20.05	0.68486
3201.0	21.021	0.71845
3202.0	21.695999999999998	0.742
3203.0	21.484	0.73519
3204.0	21.176	0.7251
3205.0	19.933	0.68296
3206.0	18.797	0.64447
3207.0	19.980999999999998	0.6854899999999999
3208.0	21.279	0.73046
3209.0	21.881999999999998	0.75163
3210.0	22.439	0.7712600000000001
3211.0	22.076999999999998	0.7592800000000001
3212.0	21.502	0.73995
3213.0	21.488000000000003	0.73995
3214.0	21.793000000000003	0.75093
3215.0	22.103	0.76208
3216.0	22.418000000000003	0.7733899999999999
3217.0	22.404	0.7733899999999999
3218.0	21.76	0.75163
3219.0	20.979	0.7251
3220.0	19.62	0.6785800000000001
3221.0	18.623	0.64447
3222.0	19.741	0.6835899999999999
3223.0	20.945999999999998	0.72577
3224.0	20.419	0.70795
3225.0	19.887	0.68992
3226.0	19.929000000000002	0.6918300000000001
3227.0	20.046	0.69631
3228.0	20.425	0.7099
3229.0	20.868000000000002	0.72577
3230.0	20.569000000000003	0.7158100000000001
3231.0	19.74	0.68739
3232.0	19.655	0.68486
3233.0	20.343	0.70925
3234.0	21.054000000000002	0.73451
3235.0	21.791	0.76068
3236.0	22.08	0.7712600000000001
3237.0	20.746	0.7251
3238.0	19.655	0.68739
3239.0	20.417	0.7145
3240.0	21.21	0.74268
3241.0	21.871	0.7663
3242.0	22.552	0.79067
3243.0	22.622	0.7936
3244.0	22.608	0.7936
3245.0	22.594	0.7936
3246.0	22.642	0.79579
3247.0	23.134	0.81358
3248.0	23.988000000000003	0.84411
3249.0	24.261999999999997	0.8542799999999999
3250.0	23.717	0.8356
3251.0	23.463	0.8271799999999999
3252.0	23.906999999999996	0.84334
3253.0	24.201999999999998	0.8542799999999999
3254.0	24.12	0.8519200000000001
3255.0	24.039	0.84957
3256.0	23.848000000000003	0.84334
3257.0	23.658	0.83714
3258.0	22.873	0.80984
3259.0	22.093000000000004	0.78271
3260.0	22.74	0.80612
3261.0	23.796999999999997	0.84411
3262.0	23.892	0.84801
3263.0	23.441999999999997	0.8325299999999999
3264.0	23.105999999999998	0.8211
3265.0	22.754	0.8091
3266.0	22.824	0.81208
3267.0	23.514	0.83714
3268.0	23.958000000000002	0.85349
3269.0	23.878	0.8511299999999999
3270.0	23.863000000000003	0.8511299999999999
3271.0	24.247	0.8653700000000001
3272.0	24.615	0.87902
3273.0	23.085	0.8249
3274.0	21.69	0.77553
3275.0	22.325	0.79873
3276.0	23.32	0.83483
3277.0	24.158	0.8653700000000001
3278.0	25.004	0.8961899999999999
3279.0	25.011	0.89702
3280.0	24.517	0.8798299999999999
3281.0	24.322	0.8733700000000001
3282.0	24.465	0.87902
3283.0	24.631	0.8855200000000001
3284.0	24.980999999999998	0.8986700000000001
3285.0	24.965999999999998	0.8986700000000001
3286.0	23.718000000000004	0.8542799999999999
3287.0	22.595	0.81433
3288.0	22.21	0.80094
3289.0	21.791999999999998	0.78632
3290.0	22.596	0.81583
3291.0	23.43	0.84645
3292.0	23.415	0.84645
3293.0	23.229	0.8402299999999999
3294.0	23.538	0.8519200000000001
3295.0	24.094	0.8725700000000001
3296.0	24.28	0.8798299999999999
3297.0	24.265	0.8798299999999999
3298.0	24.316999999999997	0.88226
3299.0	24.46	0.88797
3300.0	24.199	0.87902
3301.0	23.074	0.8386899999999999
3302.0	22.083000000000002	0.80316
3303.0	21.311	0.77553
3304.0	20.622	0.75093
3305.0	20.974	0.7641899999999999
3306.0	21.371	0.77912
3307.0	22.18	0.8091
3308.0	23.104	0.84334
3309.0	23.541	0.8598
3310.0	23.831999999999997	0.8709600000000001
3311.0	24.038	0.87902
3312.0	24.268	0.88797
3313.0	24.726999999999997	0.9053100000000001
3314.0	25.428	0.9315399999999999
3315.0	25.226	0.9247
3316.0	23.528000000000002	0.86298
3317.0	22.539	0.8271799999999999
3318.0	23.241999999999997	0.85349
3319.0	23.855999999999998	0.8766
3320.0	23.623	0.86856
3321.0	23.393	0.8606
3322.0	23.66	0.8709600000000001
3323.0	23.953000000000003	0.88226
3324.0	22.735	0.83791
3325.0	21.322	0.78632
3326.0	20.979	0.7741
3327.0	21.024	0.77625
3328.0	22.410999999999998	0.82794
3329.0	24.969	0.923
3330.0	25.938000000000002	0.9594
3331.0	24.619	0.91117
3332.0	24.022	0.88961
3333.0	24.794	0.91875
3334.0	25.38	0.9410200000000001
3335.0	25.017	0.92811
3336.0	24.680999999999997	0.91622
3337.0	23.84	0.8855200000000001
3338.0	23.07	0.8574299999999999
3339.0	23.855	0.88715
3340.0	24.804000000000002	0.923
3341.0	24.54	0.91369
3342.0	23.901	0.8904299999999999
3343.0	24.353	0.9078200000000001
3344.0	25.509	0.9514799999999999
3345.0	26.087	0.97364
3346.0	26.168000000000003	0.97724
3347.0	26.128	0.97634
3348.0	25.873	0.96739
3349.0	25.55	0.95588
3350.0	25.022	0.9367
3351.0	24.528000000000002	0.91875
3352.0	24.355999999999998	0.91285
3353.0	24.208000000000002	0.9078200000000001
3354.0	24.552	0.9212899999999999
3355.0	24.948	0.9367
3356.0	24.614	0.9247
3357.0	24.15	0.9078200000000001
3358.0	24.046999999999997	0.90448
3359.0	24.143	0.90865
3360.0	23.798000000000002	0.8961899999999999
3361.0	23.093000000000004	0.87016
3362.0	22.930999999999997	0.8645700000000001
3363.0	23.516	0.88715
3364.0	23.916999999999998	0.9028200000000001
3365.0	23.881	0.90199
3366.0	23.779	0.8986700000000001
3367.0	23.224	0.87821
3368.0	22.660999999999998	0.8574299999999999
3369.0	23.195999999999998	0.87821
3370.0	23.679000000000002	0.89702
3371.0	24.083000000000002	0.91285
3372.0	24.403000000000002	0.92555
3373.0	24.910999999999998	0.9453600000000001
3374.0	25.429000000000002	0.9656
3375.0	25.484	0.9682700000000001
3376.0	25.213	0.95852
3377.0	25.035999999999998	0.95236
3378.0	25.021	0.95236
3379.0	24.914	0.94885
3380.0	24.603	0.9375600000000001
3381.0	24.430999999999997	0.9315399999999999
3382.0	24.801	0.94624
3383.0	25.178	0.9611700000000001
3384.0	25.07	0.9576399999999999
3385.0	24.94	0.9532299999999999
3386.0	24.72	0.9453600000000001
3387.0	24.479	0.9367
3388.0	24.397	0.93411
3389.0	24.381999999999998	0.93411
3390.0	24.078000000000003	0.923
3391.0	23.668000000000003	0.9078200000000001
3392.0	23.785	0.91285
3393.0	24.415	0.9375600000000001
3394.0	24.785	0.95236
3395.0	24.748	0.9514799999999999
3396.0	24.665	0.94885
3397.0	24.651	0.94885
3398.0	24.659000000000002	0.94973
3399.0	25.125999999999998	0.9682700000000001
3400.0	25.578000000000003	0.9862799999999999
3401.0	25.026999999999997	0.9656
3402.0	24.42	0.94275
3403.0	24.271	0.9375600000000001
3404.0	24.19	0.9349799999999999
3405.0	24.087	0.9315399999999999
3406.0	23.918000000000003	0.92555
3407.0	23.663	0.91622
3408.0	23.281999999999996	0.90199
3409.0	23.096999999999998	0.89536
3410.0	23.105	0.8961899999999999
3411.0	23.092	0.8961899999999999
3412.0	23.142	0.8986700000000001
3413.0	23.214000000000002	0.90199
3414.0	23.545	0.91538
3415.0	23.88	0.92896
3416.0	23.604	0.91875
3417.0	23.288	0.9069799999999999
3418.0	23.49	0.91538
3419.0	23.802	0.92811
3420.0	23.354	0.91117
3421.0	22.642	0.88389
3422.0	22.943	0.8961899999999999
3423.0	24.122	0.94275
3424.0	24.805999999999997	0.97006
3425.0	24.723000000000003	0.96739
3426.0	24.709	0.96739
3427.0	24.761999999999997	0.97006
3428.0	24.68	0.96739
3429.0	23.816999999999997	0.93411
3430.0	23.005	0.9028200000000001
3431.0	23.419	0.9196
3432.0	23.775	0.93411
3433.0	23.936999999999998	0.9410200000000001
3434.0	24.078000000000003	0.94711
3435.0	24.02	0.9453600000000001
3436.0	23.851	0.93929
3437.0	23.252	0.91622
3438.0	22.377	0.88226
3439.0	21.997	0.8677600000000001
3440.0	22.146	0.87418
3441.0	22.607	0.89289
3442.0	23.855999999999998	0.94275
3443.0	25.011999999999997	0.9890100000000001
3444.0	25.275	1.0
3445.0	25.541	1.0111
3446.0	25.061	0.99266
3447.0	24.566	0.97364
3448.0	23.993000000000002	0.9514799999999999
3449.0	23.39	0.92811
3450.0	23.921	0.94973
3451.0	24.919	0.98992
3452.0	25.461	1.012
3453.0	25.635	1.0195
3454.0	25.666999999999998	1.0214
3455.0	25.511	1.0158
3456.0	25.239	1.0055
3457.0	24.719	0.9853700000000001
3458.0	24.253	0.96739
3459.0	24.171999999999997	0.96472
3460.0	24.136	0.96383
3461.0	24.820999999999998	0.99174
3462.0	25.478	1.0186
3463.0	25.557	1.0224
3464.0	25.59	1.0242
3465.0	25.131	1.0065
3466.0	24.59	0.9853700000000001
3467.0	24.128	0.96739
3468.0	23.805	0.95499
3469.0	23.945	0.9611700000000001
3470.0	24.738000000000003	0.9935700000000001
3471.0	25.276	1.0158
3472.0	25.169	1.012
3473.0	25.131	1.0111
3474.0	25.279	1.0177
3475.0	25.451	1.0252
3476.0	26.513	1.0686
3477.0	27.594	1.1128
3478.0	27.05	1.0914
3479.0	26.296999999999997	1.0617
3480.0	25.874000000000002	1.0452
3481.0	25.528000000000002	1.0318
3482.0	25.279	1.0224
3483.0	25.033	1.013
3484.0	24.973000000000003	1.0111
3485.0	25.073	1.0158
3486.0	25.291	1.0252
3487.0	25.675	1.0414
3488.0	25.994	1.0549
3489.0	25.575	1.0385
3490.0	25.163	1.0224
3491.0	25.265	1.0271
3492.0	25.296999999999997	1.029
3493.0	25.051	1.0195
3494.0	24.784000000000002	1.0093
3495.0	25.394000000000002	1.0347
3496.0	26.283	1.0715
3497.0	26.609	1.0854
3498.0	26.52	1.0824
3499.0	26.505	1.0824
3500.0	26.465999999999998	1.0814
3501.0	26.378	1.0785
3502.0	26.314	1.0765
3503.0	26.299	1.0765
3504.0	26.674	1.0924
3505.0	27.005	1.1066
3506.0	26.99	1.1066
3507.0	26.949	1.1056
3508.0	26.394000000000002	1.0834
3509.0	25.85	1.0617
3510.0	25.575	1.051
3511.0	25.396	1.0442
3512.0	25.01	1.029
3513.0	24.561999999999998	1.0111
3514.0	24.234	0.99816
3515.0	24.086	0.99266
3516.0	24.250999999999998	1.0
3517.0	25.239	1.0414
3518.0	25.979	1.0725
3519.0	25.538	1.0549
3520.0	25.034000000000002	1.0347
3521.0	25.531999999999996	1.0558
3522.0	26.064	1.0785
3523.0	26.631999999999998	1.1026
3524.0	27.236	1.1282
3525.0	27.372	1.1345
3526.0	27.305999999999997	1.1324
3527.0	27.19	1.1282
3528.0	27.075	1.1241
3529.0	27.134	1.1272
3530.0	27.471	1.1418
3531.0	27.837	1.1577
3532.0	28.183000000000003	1.1727
3533.0	28.427	1.1836
3534.0	28.021	1.1673
3535.0	27.596	1.1503
3536.0	27.302	1.1387
3537.0	27.035999999999998	1.1282
3538.0	27.372	1.1429
3539.0	27.865	1.1641
3540.0	27.67	1.1566
3541.0	27.175	1.1366
3542.0	27.11	1.1345
3543.0	27.37	1.146
3544.0	27.304000000000002	1.1439
3545.0	26.915	1.1282
3546.0	26.628	1.1169
3547.0	26.613000000000003	1.1169
3548.0	26.598000000000003	1.1169
3549.0	26.534000000000002	1.1148
3550.0	26.495	1.1138
3551.0	26.116999999999997	1.0985
3552.0	25.72	1.0824
3553.0	25.8	1.0864
3554.0	25.953000000000003	1.0935
3555.0	25.914	1.0924
3556.0	25.733	1.0854
3557.0	25.719	1.0854
3558.0	25.871	1.0924
3559.0	25.69	1.0854
3560.0	25.045	1.0588
3561.0	24.619	1.0414
3562.0	24.765	1.0481
3563.0	24.910999999999998	1.0549
3564.0	24.989	1.0588
3565.0	25.044	1.0617
3566.0	24.618000000000002	1.0442
3567.0	24.155	1.0252
3568.0	23.987	1.0186
3569.0	23.906999999999996	1.0158
3570.0	24.204	1.029
3571.0	24.730999999999998	1.052
3572.0	24.854	1.0578
3573.0	24.522	1.0442
3574.0	24.351	1.0375
3575.0	24.517	1.0452
3576.0	24.594	1.0491
3577.0	24.421999999999997	1.0423
3578.0	24.229	1.0347
3579.0	23.599	1.0083
3580.0	22.943	0.98085
3581.0	22.909000000000002	0.9799399999999999
3582.0	22.896	0.9799399999999999
3583.0	23.851999999999997	1.0214
3584.0	25.124000000000002	1.0765
3585.0	25.885	1.1097
3586.0	26.206	1.1241
3587.0	26.458000000000002	1.1355
3588.0	26.516	1.1387
3589.0	26.673000000000002	1.146
3590.0	27.004	1.1609
3591.0	27.239	1.1717
3592.0	27.124000000000002	1.1673
3593.0	27.034000000000002	1.1641
3594.0	27.47	1.1836
3595.0	27.965999999999998	1.2056
3596.0	27.516	1.1869
3597.0	26.974	1.1641
3598.0	26.638	1.1503
3599.0	26.451999999999998	1.1429
3600.0	26.098000000000003	1.1282
3601.0	25.679000000000002	1.1107
3602.0	25.5	1.1036
3603.0	25.555999999999997	1.1066
3604.0	25.706999999999997	1.1138
3605.0	26.098000000000003	1.1314
3606.0	26.421999999999997	1.146
3607.0	26.578000000000003	1.1534
3608.0	26.735	1.1609
3609.0	26.622	1.1566
3610.0	26.461	1.1503
3611.0	26.519000000000002	1.1534
3612.0	26.676	1.1609
3613.0	26.662	1.1609
3614.0	26.5	1.1545
3615.0	26.631999999999998	1.1609
3616.0	26.963	1.176
3617.0	27.272	1.1901
3618.0	27.459	1.1989
3619.0	27.469	1.2
3620.0	26.903000000000002	1.176
3621.0	26.445999999999998	1.1566
3622.0	26.603	1.1641
3623.0	26.711	1.1695
3624.0	27.017	1.1836
3625.0	27.353	1.1989
3626.0	27.237	1.1945
3627.0	27.046999999999997	1.1869
3628.0	27.131999999999998	1.1912
3629.0	27.444000000000003	1.2056
3630.0	27.53	1.21
3631.0	27.439	1.2067
3632.0	27.424	1.2067
3633.0	27.688000000000002	1.219
3634.0	27.929000000000002	1.2303
3635.0	27.811	1.2257
3636.0	27.719	1.2224
3637.0	27.374000000000002	1.2078
3638.0	27.058000000000003	1.1945
3639.0	27.495	1.2145
3640.0	28.094	1.2417
3641.0	28.627	1.2659
3642.0	29.250999999999998	1.2942
3643.0	29.235	1.2942
3644.0	28.765	1.2741
3645.0	28.381	1.2578
3646.0	28.183000000000003	1.2497
3647.0	28.064	1.2451
3648.0	28.36	1.2589
3649.0	28.66	1.2729
3650.0	28.697	1.2753
3651.0	28.814	1.2811
3652.0	28.455	1.2659
3653.0	28.101	1.2508
3654.0	28.136999999999997	1.2531
3655.0	28.304000000000002	1.2612
3656.0	28.603	1.2753
3657.0	29.038	1.2954
3658.0	29.291	1.3074
3659.0	29.383000000000003	1.3122
3660.0	29.259	1.3074
3661.0	28.761999999999997	1.2859
3662.0	28.326	1.2671
3663.0	28.31	1.2671
3664.0	28.295	1.2671
3665.0	28.253	1.2659
3666.0	28.238000000000003	1.2659
3667.0	27.861	1.2497
3668.0	27.489	1.2337
3669.0	27.576	1.2382
3670.0	27.79	1.2485
3671.0	28.083000000000002	1.2624
3672.0	28.432	1.2788
3673.0	28.575	1.2859
3674.0	28.506	1.2835
3675.0	28.438000000000002	1.2811
3676.0	28.24	1.2729
3677.0	28.147	1.2694
3678.0	28.523000000000003	1.2871
3679.0	28.956999999999997	1.3074
3680.0	28.676	1.2954
3681.0	28.451	1.2859
3682.0	28.252	1.2776
3683.0	28.133000000000003	1.2729
3684.0	28.17	1.2753
3685.0	28.31	1.2823
3686.0	28.662	1.299
3687.0	29.179000000000002	1.3231
3688.0	29.433000000000003	1.3354
3689.0	29.336	1.3317
3690.0	29.131999999999998	1.3231
3691.0	28.584	1.299
3692.0	28.099	1.2776
3693.0	28.449	1.2942
3694.0	28.802	1.311
3695.0	28.628	1.3038
3696.0	28.403000000000002	1.2942
3697.0	28.127	1.2823
3698.0	27.828000000000003	1.2694
3699.0	27.813000000000002	1.2694
3700.0	27.901	1.2741
3701.0	27.963	1.2776
3702.0	28.025	1.2811
3703.0	28.113000000000003	1.2859
3704.0	28.358	1.2978
3705.0	28.474	1.3038
3706.0	28.249000000000002	1.2942
3707.0	27.975	1.2823
3708.0	27.96	1.2823
3709.0	27.868000000000002	1.2788
3710.0	27.496	1.2624
3711.0	27.104	1.2451
3712.0	26.816999999999997	1.2325
3713.0	26.581	1.2224
3714.0	26.372	1.2134
3715.0	26.116	1.2023
3716.0	26.03	1.1989
3717.0	26.088	1.2023
3718.0	26.17	1.2067
3719.0	26.325	1.2145
3720.0	26.456	1.2212
3721.0	26.224	1.2112
3722.0	26.041999999999998	1.2034
3723.0	25.765	1.1912
3724.0	25.421999999999997	1.176
3725.0	25.268	1.1695
3726.0	25.160999999999998	1.1652
3727.0	24.734	1.146
3728.0	24.092	1.1169
3729.0	23.77	1.1026
3730.0	23.691999999999997	1.0995
3731.0	23.679000000000002	1.0995
3732.0	23.82	1.1066
3733.0	23.895	1.1107
3734.0	23.881999999999998	1.1107
3735.0	23.913	1.1128
3736.0	24.48	1.1397
3737.0	25.083000000000002	1.1684
3738.0	24.839000000000002	1.1577
3739.0	24.508000000000003	1.1429
3740.0	24.248	1.1314
3741.0	24.013	1.121
3742.0	24.066	1.1241
3743.0	24.366	1.1387
3744.0	24.533	1.1471
3745.0	24.588	1.1503
3746.0	24.802	1.1609
3747.0	25.601	1.1989
3748.0	26.353	1.2348
3749.0	26.145	1.2257
3750.0	25.963	1.2179
3751.0	26.359	1.2371
3752.0	26.785	1.2578
3753.0	27.044	1.2706
3754.0	27.304000000000002	1.2835
3755.0	27.517	1.2942
3756.0	27.756999999999998	1.3062
3757.0	27.666	1.3026
3758.0	27.221	1.2823
3759.0	27.006999999999998	1.2729
3760.0	27.293000000000003	1.2871
3761.0	27.607	1.3026
3762.0	27.924	1.3183
3763.0	28.194000000000003	1.3317
3764.0	28.361	1.3403
3765.0	28.555999999999997	1.3502
3766.0	28.646	1.3552
3767.0	28.763	1.3614
3768.0	29.04	1.3753
3769.0	29.401	1.3932
3770.0	29.822	1.4138
3771.0	30.276999999999997	1.4361
3772.0	30.596999999999998	1.4521
3773.0	30.636999999999997	1.4548
3774.0	30.761999999999997	1.4615
3775.0	30.859	1.4669
3776.0	30.985	1.4737
3777.0	31.112	1.4805
3778.0	31.239	1.4873
3779.0	30.794	1.4669
3780.0	30.328000000000003	1.4454
3781.0	30.116999999999997	1.4361
3782.0	29.962	1.4295
3783.0	29.892	1.4269
3784.0	29.930999999999997	1.4295
3785.0	29.776999999999997	1.423
3786.0	29.353	1.4035
3787.0	29.041999999999998	1.3893
3788.0	28.92	1.3842
3789.0	28.799	1.3791
3790.0	28.863000000000003	1.3829
3791.0	28.901	1.3855
3792.0	29.206999999999997	1.4009
3793.0	29.462	1.4138
3794.0	29.581999999999997	1.4204
3795.0	29.566	1.4204
3796.0	29.415	1.4138
3797.0	29.156999999999996	1.4022
3798.0	29.141	1.4022
3799.0	29.395	1.4151
3800.0	30.793000000000003	1.4832
3801.0	30.919	1.49
3802.0	31.045	1.4969
3803.0	31.029	1.4969
3804.0	31.013	1.4969
3805.0	30.599	1.4777
3806.0	29.915	1.4454
3807.0	29.651999999999997	1.4335
3808.0	29.828000000000003	1.4428
3809.0	30.061	1.4548
3810.0	30.239	1.4642
3811.0	30.363000000000003	1.471
3812.0	29.684	1.4388
3813.0	28.939	1.4035
3814.0	28.712	1.3932
3815.0	28.511999999999997	1.3842
3816.0	28.131999999999998	1.3665
3817.0	27.756999999999998	1.349
3818.0	27.488000000000003	1.3366
3819.0	27.221999999999998	1.3243
3820.0	26.934	1.311
3821.0	26.771	1.3038
3822.0	26.585	1.2954
3823.0	26.134	1.2741
3824.0	25.761999999999997	1.2566
3825.0	25.465999999999998	1.2428
3826.0	25.173000000000002	1.2291
3827.0	25.229	1.2325
3828.0	25.309	1.2371
3829.0	25.719	1.2578
3830.0	26.111	1.2776
3831.0	26.266	1.2859
3832.0	26.349	1.2906
3833.0	26.726	1.3098
3834.0	27.159000000000002	1.3317
3835.0	27.573	1.3527
3836.0	27.84	1.3665
3837.0	28.186	1.3842
3838.0	28.38	1.3944
3839.0	28.522	1.4022
3840.0	29.064	1.4295
3841.0	29.698	1.4615
3842.0	30.514	1.5024
3843.0	31.324	1.5431
3844.0	31.656	1.5603
3845.0	31.844	1.5704
3846.0	31.945	1.5762
3847.0	31.928	1.5762
3848.0	31.912	1.5762
3849.0	31.836	1.5733
3850.0	31.82	1.5733
3851.0	31.862	1.5762
3852.0	31.875	1.5776
3853.0	31.976	1.5834
3854.0	32.166	1.5937
3855.0	31.884	1.5805
3856.0	31.663	1.5704
3857.0	31.616999999999997	1.5689
3858.0	31.601	1.5689
3859.0	31.818	1.5805
3860.0	32.214	1.601
3861.0	32.406	1.6114
3862.0	32.538000000000004	1.6188
3863.0	32.582	1.6218
3864.0	32.355	1.6114
3865.0	32.131	1.601
3866.0	31.965999999999998	1.5937
3867.0	31.833000000000002	1.5878
3868.0	31.934	1.5937
3869.0	31.976	1.5966
3870.0	31.901	1.5937
3871.0	31.825	1.5907
3872.0	31.926	1.5966
3873.0	32.116	1.6069
3874.0	32.189	1.6114
3875.0	32.024	1.604
3876.0	31.743000000000002	1.5907
3877.0	31.32	1.5704
3878.0	30.875	1.5488
3879.0	30.268	1.5191
3880.0	29.726999999999997	1.4928
3881.0	29.331	1.4737
3882.0	28.994	1.4575
3883.0	28.873	1.4521
3884.0	28.805	1.4494
3885.0	28.79	1.4494
3886.0	28.881	1.4548
3887.0	28.945999999999998	1.4588
3888.0	29.092	1.4669
3889.0	29.291999999999998	1.4777
3890.0	29.575	1.4928
3891.0	29.833000000000002	1.5066
3892.0	30.205	1.5262
3893.0	30.525	1.5431
3894.0	30.65	1.5502
3895.0	30.804000000000002	1.5588
3896.0	30.816999999999997	1.5603
3897.0	30.772	1.5588
3898.0	30.7	1.556
3899.0	30.628	1.5531
3900.0	30.866999999999997	1.566
3901.0	31.250999999999998	1.5864
3902.0	31.67	1.6084
3903.0	31.976	1.6248
3904.0	32.107	1.6323
3905.0	32.091	1.6323
3906.0	32.074	1.6323
3907.0	31.764	1.6173
3908.0	31.486	1.604
3909.0	31.557	1.6084
3910.0	31.598000000000003	1.6114
3911.0	31.293000000000003	1.5966
3912.0	31.019000000000002	1.5834
3913.0	30.86	1.5762
3914.0	30.788	1.5733
3915.0	30.378	1.5531
3916.0	29.781	1.5234
3917.0	29.168000000000003	1.4928
3918.0	28.410999999999998	1.4548
3919.0	27.674	1.4177
3920.0	26.930999999999997	1.3804
3921.0	26.087	1.3378
3922.0	24.9	1.2776
3923.0	23.658	1.2145
3924.0	22.603	1.1609
3925.0	21.614	1.1107
3926.0	20.86	1.0725
3927.0	20.262999999999998	1.0423
3928.0	20.122	1.0356
3929.0	20.242	1.0423
3930.0	20.531999999999996	1.0578
3931.0	20.923000000000002	1.0785
3932.0	21.518	1.1097
3933.0	22.729	1.1727
3934.0	23.875	1.2325
3935.0	25.125999999999998	1.2978
3936.0	26.443	1.3665
3937.0	27.471999999999998	1.4204
3938.0	28.436	1.471
3939.0	29.11	1.5066
3940.0	29.664	1.536
3941.0	30.171999999999997	1.5631
3942.0	30.548000000000002	1.5834
3943.0	30.872	1.601
3944.0	31.055999999999997	1.6114
3945.0	31.299	1.6248
3946.0	31.283	1.6248
3947.0	31.21	1.6218
3948.0	31.250999999999998	1.6248
3949.0	31.322	1.6293
3950.0	31.421	1.6353
3951.0	31.491999999999997	1.6398
3952.0	31.39	1.6353
3953.0	31.201	1.6263
3954.0	30.616	1.5966
3955.0	29.875999999999998	1.5588
3956.0	29.101	1.5191
3957.0	28.112	1.4682
3958.0	27.055999999999997	1.4138
3959.0	26.088	1.3639
3960.0	25.225	1.3195
3961.0	24.412	1.2776
3962.0	23.713	1.2417
3963.0	23.375999999999998	1.2246
3964.0	23.086	1.21
3965.0	23.31	1.2224
3966.0	23.819000000000003	1.2497
3967.0	24.745	1.299
3968.0	25.851	1.3577
3969.0	27.08	1.423
3970.0	28.343000000000004	1.49
3971.0	29.445999999999998	1.5488
3972.0	30.366999999999997	1.5981
3973.0	31.26	1.6459
3974.0	31.795	1.6749
3975.0	32.281	1.7014
3976.0	32.834	1.7314
3977.0	33.459	1.7652
3978.0	33.97	1.7931
3979.0	34.457	1.8197
3980.0	34.662	1.8315
3981.0	34.741	1.8365
3982.0	34.851	1.8433
3983.0	34.898	1.8467
3984.0	34.688	1.8365
3985.0	34.671	1.8365
3986.0	34.781	1.8433
3987.0	35.215	1.8672
3988.0	35.589	1.888
3989.0	35.735	1.8967
3990.0	35.849000000000004	1.9037
3991.0	35.93	1.909
3992.0	35.978	1.9125
3993.0	35.96	1.9125
3994.0	35.81	1.9055
3995.0	35.792	1.9055
3996.0	35.774	1.9055
3997.0	35.658	1.9002
3998.0	35.574	1.8967
3999.0	35.72	1.9055
4000.0	35.834	1.9125
4001.0	35.883	1.916
4002.0	36.03	1.9249
4003.0	36.245	1.9373
4004.0	36.495	1.9516
4005.0	36.713	1.9643
4006.0	36.898	1.9751
4007.0	36.981	1.9806
4008.0	37.133	1.9898
4009.0	37.251999999999995	1.9971
4010.0	37.336	2.0026
4011.0	37.385999999999996	2.0063
4012.0	37.437	2.01
4013.0	37.349000000000004	2.0063
4014.0	37.159	1.9971
4015.0	37.004	1.9898
4016.0	36.816	1.9806
4017.0	36.73	1.977
4018.0	36.677	1.9751
4019.0	36.592	1.9715
4020.0	36.574	1.9715
4021.0	36.623000000000005	1.9751
4022.0	36.47	1.9679
4023.0	36.218	1.9552
4024.0	36.033	1.9463
4025.0	35.949	1.9427
4026.0	36.097	1.9516
4027.0	36.279	1.9625
4028.0	36.260999999999996	1.9625
4029.0	36.277	1.9643
4030.0	36.391999999999996	1.9715
4031.0	36.61	1.9843
4032.0	36.524	1.9806
4033.0	36.338	1.9715
4034.0	36.153	1.9625
4035.0	36.001999999999995	1.9552
4036.0	35.885	1.9498
4037.0	35.736	1.9427
4038.0	35.718	1.9427
4039.0	35.766	1.9463
4040.0	35.913000000000004	1.9552
4041.0	35.896	1.9552
4042.0	35.878	1.9552
4043.0	35.86	1.9552
4044.0	35.842	1.9552
4045.0	35.99	1.9643
4046.0	36.205	1.977
4047.0	36.254	1.9806
4048.0	36.236	1.9806
4049.0	36.318000000000005	1.9861
4050.0	36.3	1.9861
4051.0	36.282	1.9861
4052.0	36.398	1.9934
4053.0	36.446999999999996	1.9971
4054.0	36.665	2.01
4055.0	36.884	2.023
4056.0	36.9	2.0249
4057.0	36.848	2.023
4058.0	36.525	2.0063
4059.0	36.205999999999996	1.9898
4060.0	36.022	1.9806
4061.0	35.938	1.977
4062.0	36.053000000000004	1.9843
4063.0	36.302	1.9989
4064.0	36.519	2.0119
4065.0	36.4	2.0063
4066.0	36.382	2.0063
4067.0	36.431	2.01
4068.0	36.446999999999996	2.0119
4069.0	36.496	2.0156
4070.0	36.545	2.0193
4071.0	36.696	2.0286
4072.0	36.847	2.038
4073.0	36.999	2.0474
4074.0	37.186	2.0587
4075.0	37.339	2.0682
4076.0	37.321	2.0682
4077.0	37.406	2.074
4078.0	37.629	2.0874
4079.0	37.75	2.0951
4080.0	37.836	2.1009
4081.0	37.817	2.1009
4082.0	37.938	2.1086
4083.0	38.094	2.1184
4084.0	38.006	2.1145
4085.0	37.743	2.1009
4086.0	37.379	2.0816
4087.0	37.052	2.0644
4088.0	36.796	2.0512
4089.0	36.441	2.0324
4090.0	36.289	2.0249
4091.0	36.271	2.0249
4092.0	36.153	2.0193
4093.0	35.903	2.0063
4094.0	35.655	1.9934
4095.0	35.474000000000004	1.9843
4096.0	35.391999999999996	1.9806
4097.0	35.374	1.9806
4098.0	35.455	1.9861
4099.0	35.733000000000004	2.0026
4100.0	35.781	2.0063
4101.0	35.929	2.0156
4102.0	36.21	2.0324
4103.0	36.427	2.0455
4104.0	36.644	2.0587
4105.0	36.795	2.0682
4106.0	36.946999999999996	2.0778
4107.0	37.168	2.0912
4108.0	37.39	2.1047
4109.0	37.545	2.1145
4110.0	37.769	2.1281
4111.0	37.89	2.136
4112.0	37.802	2.1321
4113.0	37.783	2.1321
4114.0	37.765	2.1321
4115.0	37.747	2.1321
4116.0	37.833	2.138
4117.0	37.954	2.1459
4118.0	38.111	2.1558
4119.0	37.986999999999995	2.1498
4120.0	37.759	2.138
4121.0	37.568000000000005	2.1281
4122.0	37.446	2.1223
4123.0	37.29	2.1145
4124.0	37.341	2.1184
4125.0	37.254	2.1145
4126.0	37.133	2.1086
4127.0	37.115	2.1086
4128.0	37.029	2.1047
4129.0	37.010999999999996	2.1047
4130.0	37.232	2.1184
4131.0	37.283	2.1223
4132.0	37.196	2.1184
4133.0	37.041	2.1106
4134.0	36.82	2.0989
4135.0	36.599000000000004	2.0874
4136.0	36.649	2.0912
4137.0	36.631	2.0912
4138.0	36.681	2.0951
4139.0	36.731	2.0989
4140.0	36.713	2.0989
4141.0	36.729	2.1009
4142.0	36.711	2.1009
4143.0	36.694	2.1009
4144.0	36.743	2.1047
4145.0	36.895	2.1145
4146.0	37.014	2.1223
4147.0	37.235	2.136
4148.0	37.458	2.1498
4149.0	37.717	2.1657
4150.0	37.942	2.1797
4151.0	37.924	2.1797
4152.0	37.906	2.1797
4153.0	37.783	2.1737
4154.0	37.695	2.1697
4155.0	37.747	2.1737
4156.0	37.729	2.1737
4157.0	37.71	2.1737
4158.0	37.692	2.1737
4159.0	37.605	2.1697
4160.0	37.586999999999996	2.1697
4161.0	37.638000000000005	2.1737
4162.0	37.863	2.1878
4163.0	38.125	2.2039
4164.0	38.107	2.2039
4165.0	37.983000000000004	2.1978
4166.0	37.79	2.1878
4167.0	37.53	2.1737
4168.0	37.339	2.1637
4169.0	37.253	2.1597
4170.0	37.166	2.1558
4171.0	37.285	2.1637
4172.0	37.371	2.1697
4173.0	37.525	2.1797
4174.0	37.75	2.1938
4175.0	37.801	2.1978
4176.0	37.888000000000005	2.2039
4177.0	37.87	2.2039
4178.0	37.747	2.1978
4179.0	37.556	2.1878
4180.0	37.538000000000004	2.1878
4181.0	37.451	2.1837
4182.0	37.364000000000004	2.1797
4183.0	37.277	2.1757
4184.0	37.328	2.1797
4185.0	37.379	2.1837
4186.0	37.465	2.1898
4187.0	37.446999999999996	2.1898
4188.0	37.394	2.1878
4189.0	37.376	2.1878
4190.0	37.359	2.1878
4191.0	37.444	2.1938
4192.0	37.495	2.1978
4193.0	37.408	2.1938
4194.0	37.287	2.1878
4195.0	37.27	2.1878
4196.0	37.355	2.1938
4197.0	37.475	2.2019
4198.0	37.561	2.208
4199.0	37.716	2.2182
4200.0	37.768	2.2223
4201.0	37.68	2.2182
4202.0	37.628	2.2161
4203.0	37.472	2.208
4204.0	37.281	2.1978
4205.0	37.195	2.1938
4206.0	37.246	2.1978
4207.0	37.228	2.1978
4208.0	37.211	2.1978
4209.0	37.193000000000005	2.1978
4210.0	37.107	2.1938
4211.0	37.021	2.1898
4212.0	37.071999999999996	2.1938
4213.0	37.122	2.1978
4214.0	37.208	2.2039
4215.0	37.086999999999996	2.1978
4216.0	37.001	2.1938
4217.0	36.882	2.1878
4218.0	36.729	2.1797
4219.0	36.475	2.1657
4220.0	36.291	2.1558
4221.0	36.407	2.1637
4222.0	36.491	2.1697
4223.0	36.541	2.1737
4224.0	36.556999999999995	2.1757
4225.0	36.607	2.1797
4226.0	36.657	2.1837
4227.0	36.707	2.1878
4228.0	36.859	2.1978
4229.0	37.08	2.2121
4230.0	37.303000000000004	2.2264
4231.0	37.525999999999996	2.2408
4232.0	37.543	2.2428
4233.0	37.491	2.2408
4234.0	37.404	2.2367
4235.0	37.318000000000005	2.2325
4236.0	37.3	2.2325
4237.0	37.18	2.2264
4238.0	37.162	2.2264
4239.0	37.247	2.2325
4240.0	37.161	2.2284
4241.0	37.11	2.2264
4242.0	37.092	2.2264
4243.0	37.177	2.2325
4244.0	37.091	2.2284
4245.0	37.04	2.2264
4246.0	37.056	2.2284
4247.0	37.107	2.2325
4248.0	37.09	2.2325
4249.0	37.14	2.2367
4250.0	37.123000000000005	2.2367
4251.0	36.969	2.2284
4252.0	36.85	2.2223
4253.0	36.663000000000004	2.2121
4254.0	36.510999999999996	2.2039
4255.0	36.561	2.208
4256.0	36.713	2.2182
4257.0	36.763000000000005	2.2223
4258.0	36.814	2.2264
4259.0	36.796	2.2264
4260.0	36.644	2.2182
4261.0	36.458	2.208
4262.0	36.274	2.1978
4263.0	36.09	2.1878
4264.0	36.007	2.1837
4265.0	35.924	2.1797
4266.0	36.039	2.1878
4267.0	36.122	2.1938
4268.0	36.105	2.1938
4269.0	36.088	2.1938
4270.0	36.071	2.1938
4271.0	36.188	2.2019
4272.0	36.204	2.2039
4273.0	36.187	2.2039
4274.0	36.17	2.2039
4275.0	36.22	2.208
4276.0	36.27	2.2121
4277.0	36.253	2.2121
4278.0	36.336	2.2182
4279.0	36.319	2.2182
4280.0	36.202	2.2121
4281.0	35.952	2.1978
4282.0	35.639	2.1797
4283.0	35.296	2.1597
4284.0	35.053000000000004	2.1459
4285.0	34.875	2.136
4286.0	34.731	2.1281
4287.0	34.619	2.1223
4288.0	34.412	2.1106
4289.0	34.207	2.0989
4290.0	33.908	2.0816
4291.0	33.613	2.0644
4292.0	33.289	2.0455
4293.0	32.847	2.0193
4294.0	32.411	1.9934
4295.0	32.129	1.977
4296.0	32.025	1.9715
4297.0	31.863000000000003	1.9625
4298.0	31.586	1.9463
4299.0	31.368000000000002	1.9338
4300.0	31.209	1.9249
4301.0	31.195	1.9249
4302.0	31.238000000000003	1.9284
4303.0	31.454	1.9427
4304.0	31.76	1.9625
4305.0	32.098	1.9843
4306.0	32.589	2.0156
4307.0	33.088	2.0474
4308.0	33.687	2.0854
4309.0	34.203	2.1184
4310.0	34.727	2.1518
4311.0	35.161	2.1797
4312.0	35.765	2.2182
4313.0	36.346	2.2553
4314.0	36.666	2.2761
4315.0	36.885999999999996	2.2909
4316.0	37.039	2.3014
4317.0	37.09	2.3057
4318.0	37.244	2.3163
4319.0	37.295	2.3206
4320.0	37.381	2.327
4321.0	37.501999999999995	2.3356
4322.0	37.658	2.3464
4323.0	37.71	2.3507
4324.0	37.866	2.3616
4325.0	38.023	2.3725
4326.0	38.006	2.3725
4327.0	37.883	2.3659
4328.0	37.692	2.355
4329.0	37.431999999999995	2.3399
4330.0	37.106	2.3206
4331.0	36.851	2.3057
4332.0	36.664	2.2951
4333.0	36.479	2.2846
4334.0	36.395	2.2803
4335.0	36.311	2.2761
4336.0	36.228	2.272
4337.0	36.211	2.272
4338.0	36.328	2.2803
4339.0	36.479	2.2909
4340.0	36.765	2.3099
4341.0	36.986	2.3249
4342.0	37.312	2.3464
4343.0	37.709	2.3725
4344.0	38.005	2.3922
4345.0	38.163000000000004	2.4032
4346.0	38.286	2.4121
4347.0	38.269	2.4121
4348.0	38.286	2.4143
4349.0	38.41	2.4233
4350.0	38.569	2.4344
4351.0	38.552	2.4344
4352.0	38.605	2.4389
4353.0	38.694	2.4457
4354.0	38.819	2.4547
4355.0	38.73	2.4502
4356.0	38.641	2.4457
4357.0	38.623000000000005	2.4457
4358.0	38.534	2.4412
4359.0	38.516	2.4412
4360.0	38.57	2.4457
4361.0	38.446	2.4389
4362.0	38.287	2.43
4363.0	38.234	2.4277
4364.0	38.251999999999995	2.43
4365.0	38.234	2.43
4366.0	38.217	2.43
4367.0	38.199	2.43
4368.0	38.323	2.4389
4369.0	38.305	2.4389
4370.0	38.217	2.4344
4371.0	38.024	2.4233
4372.0	37.937	2.4188
4373.0	37.85	2.4143
4374.0	37.798	2.4121
4375.0	37.641	2.4032
4376.0	37.624	2.4032
4377.0	37.676	2.4077
4378.0	37.659	2.4077
4379.0	37.711	2.4121
4380.0	37.625	2.4077
4381.0	37.538000000000004	2.4032
4382.0	37.521	2.4032
4383.0	37.573	2.4077
4384.0	37.799	2.4233
4385.0	37.955999999999996	2.4344
4386.0	38.184	2.4502
4387.0	38.414	2.466
4388.0	38.467	2.4706
4389.0	38.485	2.4729
4390.0	38.609	2.482
4391.0	38.77	2.4934
4392.0	38.751999999999995	2.4934
4393.0	38.734	2.4934
4394.0	38.788000000000004	2.498
4395.0	38.806	2.5003
4396.0	38.86	2.505
4397.0	38.843	2.505
4398.0	38.896	2.5096
4399.0	38.951	2.5142
4400.0	38.933	2.5142
4401.0	38.951	2.5165
4402.0	38.933	2.5165
4403.0	38.986999999999995	2.5211
4404.0	38.969	2.5211
4405.0	39.096	2.5305
4406.0	39.258	2.5421
4407.0	39.421	2.5539
4408.0	39.585	2.5657
4409.0	39.641	2.5704
4410.0	39.805	2.5823
4411.0	39.934	2.5918
4412.0	39.953	2.5942
4413.0	40.082	2.6038
4414.0	40.249	2.6158
4415.0	40.379	2.6254
4416.0	40.398	2.6278
4417.0	40.38	2.6278
4418.0	40.361999999999995	2.6278
4419.0	40.232	2.6206
4420.0	40.14	2.6158
4421.0	40.196	2.6206
4422.0	40.289	2.6278
4423.0	40.419000000000004	2.6375
4424.0	40.513000000000005	2.6448
4425.0	40.308	2.6327
4426.0	40.216	2.6278
4427.0	40.272	2.6327
4428.0	40.402	2.6424
4429.0	40.421	2.6448
4430.0	40.477	2.6497
4431.0	40.534	2.6546
4432.0	40.628	2.6619
4433.0	40.535	2.6571
4434.0	40.404	2.6497
4435.0	40.385999999999996	2.6497
4436.0	40.368	2.6497
4437.0	40.424	2.6546
4438.0	40.443000000000005	2.6571
4439.0	40.499	2.6619
4440.0	40.407	2.6571
4441.0	40.351	2.6546
4442.0	40.333	2.6546
4443.0	40.315	2.6546
4444.0	40.408	2.6619
4445.0	40.465	2.6669
4446.0	40.521	2.6718
4447.0	40.503	2.6718
4448.0	40.485	2.6718
4449.0	40.318000000000005	2.6619
4450.0	40.188	2.6546
4451.0	40.023	2.6448
4452.0	39.968	2.6424
4453.0	39.986999999999995	2.6448
4454.0	40.042	2.6497
4455.0	40.098	2.6546
4456.0	40.08	2.6546
4457.0	40.099000000000004	2.6571
4458.0	40.229	2.6669
4459.0	40.397	2.6792
4460.0	40.565	2.6915
4461.0	40.696	2.7015
4462.0	40.753	2.7064
4463.0	40.848	2.7139
4464.0	40.98	2.724
4465.0	41.0	2.7265
4466.0	40.868	2.7189
4467.0	40.775	2.7139
4468.0	40.681	2.7089
4469.0	40.476	2.6965
4470.0	40.458	2.6965
4471.0	40.366	2.6915
4472.0	40.496	2.7015
4473.0	40.665	2.7139
4474.0	40.647	2.7139
4475.0	40.554	2.7089
4476.0	40.424	2.7015
4477.0	40.258	2.6915
4478.0	40.24	2.6915
4479.0	40.222	2.6915
4480.0	40.204	2.6915
4481.0	40.186	2.6915
4482.0	40.168	2.6915
4483.0	40.224000000000004	2.6965
4484.0	40.354	2.7064
4485.0	40.522	2.7189
4486.0	40.691	2.7315
4487.0	40.786	2.7391
4488.0	40.843	2.7441
4489.0	40.825	2.7441
4490.0	40.694	2.7365
4491.0	40.676	2.7365
4492.0	40.845	2.7492
4493.0	40.94	2.7568
4494.0	40.922	2.7568
4495.0	40.866	2.7542
4496.0	40.848	2.7542
4497.0	40.829	2.7542
4498.0	40.661	2.7441
4499.0	40.531	2.7365
4500.0	40.364000000000004	2.7265
4501.0	40.235	2.7189
4502.0	40.143	2.7139
4503.0	40.31	2.7265
4504.0	40.441	2.7365
4505.0	40.535	2.7441
4506.0	40.666	2.7542
4507.0	40.648	2.7542
4508.0	40.556	2.7492
4509.0	40.538000000000004	2.7492
4510.0	40.707	2.7619
4511.0	40.689	2.7619
4512.0	40.596	2.7568
4513.0	40.578	2.7568
4514.0	40.523	2.7542
4515.0	40.505	2.7542
4516.0	40.599000000000004	2.7619
4517.0	40.73	2.772
4518.0	40.75	2.7746
4519.0	40.732	2.7746
4520.0	40.676	2.772
4521.0	40.509	2.7619
4522.0	40.491	2.7619
4523.0	40.622	2.772
4524.0	40.717	2.7797
4525.0	40.699	2.7797
4526.0	40.681	2.7797
4527.0	40.551	2.772
4528.0	40.458	2.7669
4529.0	40.552	2.7746
4530.0	40.684	2.7848
4531.0	40.929	2.8028
4532.0	41.023999999999994	2.8106
4533.0	41.082	2.8158
4534.0	41.06399999999999	2.8158
4535.0	41.159	2.8236
4536.0	41.293	2.834
4537.0	41.085	2.821
4538.0	40.803000000000004	2.8028
4539.0	40.635	2.7925
4540.0	40.692	2.7977
4541.0	40.749	2.8028
4542.0	40.769	2.8054
4543.0	40.900999999999996	2.8158
4544.0	40.883	2.8158
4545.0	40.79	2.8106
4546.0	40.847	2.8158
4547.0	40.942	2.8236
4548.0	40.924	2.8236
4549.0	40.868	2.821
4550.0	40.851	2.821
4551.0	40.87	2.8236
4552.0	40.928000000000004	2.8288
4553.0	40.91	2.8288
4554.0	40.967	2.834
4555.0	41.025	2.8392
4556.0	41.007	2.8392
4557.0	41.026	2.8418
4558.0	41.16	2.8523
4559.0	41.141999999999996	2.8523
4560.0	41.123999999999995	2.8523
4561.0	41.03	2.8471
4562.0	40.899	2.8392
4563.0	40.881	2.8392
4564.0	40.788000000000004	2.834
4565.0	40.695	2.8288
4566.0	40.751999999999995	2.834
4567.0	40.734	2.834
4568.0	40.829	2.8418
4569.0	41.037	2.8576
4570.0	41.056999999999995	2.8602
4571.0	41.115	2.8655
4572.0	40.908	2.8523
4573.0	40.626999999999995	2.834
4574.0	40.535	2.8288
4575.0	40.516999999999996	2.8288
4576.0	40.499	2.8288
4577.0	40.744	2.8471
4578.0	40.876	2.8576
4579.0	40.708	2.8471
4580.0	40.615	2.8418
4581.0	40.747	2.8523
4582.0	40.918	2.8655
4583.0	40.9	2.8655
4584.0	40.957	2.8708
4585.0	40.864000000000004	2.8655
4586.0	40.846	2.8655
4587.0	41.016999999999996	2.8787
4588.0	41.263999999999996	2.8973
4589.0	41.321999999999996	2.9027
4590.0	41.115	2.8894
4591.0	41.021	2.884
4592.0	41.003	2.884
4593.0	41.06100000000001	2.8894
4594.0	41.232	2.9027
4595.0	41.29	2.908
4596.0	41.196000000000005	2.9027
4597.0	41.178999999999995	2.9027
4598.0	41.085	2.8973
4599.0	40.954	2.8894
4600.0	40.936	2.8894
4601.0	40.918	2.8894
4602.0	40.9	2.8894
4603.0	40.806999999999995	2.884
4604.0	40.865	2.8894
4605.0	40.847	2.8894
4606.0	40.829	2.8894
4607.0	41.0	2.9027
4608.0	41.17100000000001	2.9161
4609.0	41.078	2.9107
4610.0	41.022	2.908
4611.0	40.741	2.8894
4612.0	40.536	2.8761
4613.0	40.519	2.8761
4614.0	40.538000000000004	2.8787
4615.0	40.708	2.892
4616.0	40.916	2.908
4617.0	41.011	2.9161
4618.0	40.993	2.9161
4619.0	40.976000000000006	2.9161
4620.0	40.958	2.9161
4621.0	40.865	2.9107
4622.0	40.847	2.9107
4623.0	40.905	2.9161
4624.0	40.961999999999996	2.9215
4625.0	41.13399999999999	2.9349
4626.0	41.192	2.9404
4627.0	41.174	2.9404
4628.0	41.08	2.9349
4629.0	41.063	2.9349
4630.0	40.931999999999995	2.9268
4631.0	40.914	2.9268
4632.0	40.896	2.9268
4633.0	40.879	2.9268
4634.0	40.861	2.9268
4635.0	41.032	2.9404
4636.0	41.203	2.9539
4637.0	41.262	2.9594
4638.0	41.358000000000004	2.9676
4639.0	41.34	2.9676
4640.0	41.321999999999996	2.9676
4641.0	41.303999999999995	2.9676
4642.0	41.173	2.9594
4643.0	41.07899999999999	2.9539
4644.0	41.137	2.9594
4645.0	41.196000000000005	2.9648
4646.0	41.216	2.9676
4647.0	41.198	2.9676
4648.0	41.18	2.9676
4649.0	41.162	2.9676
4650.0	41.297	2.9785
4651.0	42.278999999999996	3.0507
4652.0	42.456	3.0648
4653.0	42.438	3.0648
4654.0	42.342	3.0591
4655.0	42.285	3.0563
4656.0	42.111000000000004	3.0451
4657.0	42.093	3.0451
4658.0	42.075	3.0451
4659.0	42.056999999999995	3.0451
4660.0	42.038999999999994	3.0451
4661.0	42.098	3.0507
4662.0	42.196000000000005	3.0591
4663.0	42.178000000000004	3.0591
4664.0	42.044	3.0507
4665.0	42.026	3.0507
4666.0	42.008	3.0507
4667.0	42.106	3.0591
4668.0	42.166000000000004	3.0648
4669.0	42.225	3.0704
4670.0	42.129	3.0648
4671.0	42.111000000000004	3.0648
4672.0	42.17100000000001	3.0704
4673.0	42.348	3.0846
4674.0	42.408	3.0903
4675.0	42.507	3.0988
4676.0	42.488	3.0988
4677.0	42.391999999999996	3.0931
4678.0	42.257	3.0846
4679.0	41.968	3.0648
4680.0	41.757	3.0507
4681.0	42.00899999999999	3.0704
4682.0	42.263000000000005	3.0903
4683.0	42.556999999999995	3.1132
4684.0	42.81399999999999	3.1333
4685.0	42.521	3.1132
4686.0	42.191	3.0903
4687.0	41.902	3.0704
4688.0	41.691	3.0563
4689.0	41.674	3.0563
4690.0	41.848	3.0704
4691.0	41.83	3.0704
4692.0	41.544	3.0507
4693.0	41.335	3.0367
4694.0	41.09	3.0199
4695.0	40.959	3.0116
4696.0	41.206	3.0311
4697.0	41.455	3.0507
4698.0	41.706	3.0704
4699.0	41.957	3.0903
4700.0	41.785	3.0789
4702.0	41.101000000000006	3.0311
4704.0	41.18	3.0395
4706.0	41.145	3.0395
4708.0	41.18600000000001	3.0451
4710.0	41.151	3.0451
4712.0	41.192	3.0507
4714.0	41.157	3.0507
4716.0	41.04600000000001	3.0451
4718.0	41.011	3.0451
4720.0	41.052	3.0507
4722.0	41.016999999999996	3.0507
4724.0	41.058	3.0563
4726.0	41.06100000000001	3.0591
4728.0	41.027	3.0591
4730.0	40.954	3.0563
4732.0	40.92	3.0563
4734.0	40.81	3.0507
4736.0	40.775	3.0507
4738.0	40.741	3.0507
4740.0	40.782	3.0563
4742.0	40.785	3.0591
4744.0	40.825	3.0648
4746.0	40.904	3.0733
4748.0	41.02	3.0846
4750.0	41.06100000000001	3.0903
4752.0	41.14	3.0988
4754.0	41.257	3.1103
4756.0	41.261	3.1132
4758.0	41.302	3.1189
4760.0	41.343	3.1246
4762.0	41.309	3.1246
4764.0	41.35	3.1304
4766.0	41.353	3.1333
4768.0	41.395	3.1391
4770.0	41.43600000000001	3.1448
4772.0	41.44	3.1477
4774.0	41.482	3.1536
4776.0	41.523	3.1594
4778.0	41.565	3.1652
4780.0	41.53	3.1652
4782.0	41.419	3.1594
4784.0	41.38399999999999	3.1594
4786.0	41.273999999999994	3.1536
4788.0	41.239	3.1536
4790.0	41.205	3.1536
4792.0	41.17100000000001	3.1536
4794.0	41.211999999999996	3.1594
4796.0	41.178000000000004	3.1594
4798.0	41.218999999999994	3.1652
4800.0	41.223	3.1681
4802.0	41.263999999999996	3.1739
4804.0	41.306000000000004	3.1798
4806.0	41.272	3.1798
4808.0	41.313	3.1857
4810.0	41.317	3.1886
4812.0	41.358999999999995	3.1945
4814.0	41.401	3.2004
4816.0	41.36600000000001	3.2004
4818.0	41.332	3.2004
4820.0	41.298	3.2004
4822.0	41.188	3.1945
4824.0	41.04	3.1857
4826.0	40.93	3.1798
4828.0	40.972	3.1857
4830.0	40.976000000000006	3.1886
4832.0	41.016999999999996	3.1945
4834.0	41.135	3.2063
4836.0	41.214	3.2151
4838.0	41.332	3.227
4840.0	41.336000000000006	3.23
4842.0	41.302	3.23
4844.0	41.268	3.23
4846.0	41.12	3.2211
4848.0	41.01	3.2151
4850.0	40.864000000000004	3.2063
4852.0	40.68	3.1945
4854.0	40.459	3.1798
4856.0	40.277	3.1681
4858.0	40.244	3.1681
4860.0	40.285	3.1739
4862.0	40.326	3.1798
4864.0	40.479	3.1945
4866.0	40.708	3.2151
4868.0	40.937	3.2359
4870.0	41.244	3.2629
4872.0	41.515	3.287
4874.0	41.826	3.3144
4876.0	42.062	3.3358
4878.0	42.3	3.3574
4880.0	42.538000000000004	3.3791
4882.0	42.503	3.3791
4884.0	42.468999999999994	3.3791
4886.0	42.356	3.3729
4888.0	42.321000000000005	3.3729
4890.0	42.17	3.3636
4892.0	42.135	3.3636
4894.0	42.023999999999994	3.3574
4896.0	41.989	3.3574
4898.0	41.955	3.3574
4900.0	41.92100000000001	3.3574
4902.0	41.886	3.3574
4904.0	41.775	3.3512
4906.0	41.74100000000001	3.3512
4908.0	41.631	3.345
4910.0	41.597	3.345
4912.0	41.563	3.345
4914.0	41.605	3.3512
4916.0	41.571999999999996	3.3512
4918.0	41.538000000000004	3.3512
4920.0	41.504	3.3512
4922.0	41.47	3.3512
4924.0	41.437	3.3512
4926.0	41.479	3.3574
4928.0	41.446000000000005	3.3574
4930.0	41.488	3.3636
4932.0	41.455	3.3636
4934.0	41.458999999999996	3.3667
4936.0	41.501999999999995	3.3729
4938.0	41.621	3.3853
4940.0	41.626000000000005	3.3884
4942.0	41.669	3.3947
4944.0	41.636	3.3947
4946.0	41.602	3.3947
4948.0	41.645	3.4009
4950.0	41.611000000000004	3.4009
4952.0	41.653999999999996	3.4072
4954.0	41.659	3.4104
4956.0	41.702	3.4166
4958.0	41.745	3.4229
4960.0	41.711999999999996	3.4229
4962.0	41.678000000000004	3.4229
4964.0	41.644	3.4229
4966.0	41.534	3.4166
4968.0	41.501000000000005	3.4166
4970.0	41.468	3.4166
4972.0	41.434	3.4166
4974.0	41.401	3.4166
4976.0	41.368	3.4166
4978.0	41.41	3.4229
4980.0	41.376999999999995	3.4229
4982.0	41.458999999999996	3.4324
4984.0	41.425	3.4324
4986.0	41.468	3.4387
4988.0	41.511	3.4451
4990.0	41.593	3.4546
4992.0	41.636	3.461
4994.0	41.68	3.4674
4996.0	41.646	3.4674
4998.0	41.613	3.4674
5000.0	41.618	3.4706
5002.0	41.585	3.4706
5004.0	41.628	3.477
5006.0	41.595	3.477
5008.0	41.562	3.477
5010.0	41.605	3.4834
5012.0	41.571999999999996	3.4834
5014.0	41.653999999999996	3.493
5016.0	41.696999999999996	3.4995
5018.0	41.74100000000001	3.5059
5020.0	41.707	3.5059
5022.0	41.674	3.5059
5024.0	41.641000000000005	3.5059
5026.0	41.608000000000004	3.5059
5028.0	41.575	3.5059
5030.0	41.542	3.5059
5032.0	41.50899999999999	3.5059
5034.0	41.476000000000006	3.5059
5036.0	41.443000000000005	3.5059
5038.0	41.486000000000004	3.5124
5040.0	41.49100000000001	3.5156
5042.0	41.458999999999996	3.5156
5044.0	41.426	3.5156
5046.0	41.468999999999994	3.5221
5048.0	41.513000000000005	3.5286
5050.0	41.48	3.5286
5052.0	41.485	3.5318
5054.0	41.528999999999996	3.5383
5056.0	41.573	3.5449
5058.0	41.54	3.5449
5060.0	41.583	3.5514
5062.0	41.55	3.5514
5064.0	41.556000000000004	3.5547
5066.0	41.6	3.5612
5068.0	41.567	3.5612
5070.0	41.534	3.5612
5072.0	41.501000000000005	3.5612
5074.0	41.468999999999994	3.5612
5076.0	41.43600000000001	3.5612
5078.0	41.403	3.5612
5080.0	41.446999999999996	3.5678
5082.0	41.49100000000001	3.5744
5084.0	41.458	3.5744
5086.0	41.54	3.5843
5088.0	41.507	3.5843
5090.0	41.551	3.5909
5092.0	41.519	3.5909
5094.0	41.486000000000004	3.5909
5096.0	41.53	3.5975
5098.0	41.42100000000001	3.5909
5100.0	41.388999999999996	3.5909
5102.0	41.356	3.5909
5104.0	41.4	3.5975
5106.0	41.405	3.6008
5108.0	41.449	3.6074
5110.0	41.493	3.6141
5112.0	41.537	3.6208
5114.0	41.543	3.6241
5116.0	41.586999999999996	3.6308
5118.0	41.555	3.6308
5120.0	41.522	3.6308
5122.0	41.49	3.6308
5124.0	41.534	3.6375
5126.0	41.501999999999995	3.6375
5128.0	41.393	3.6308
5130.0	41.36	3.6308
5132.0	41.328	3.6308
5134.0	41.29600000000001	3.6308
5136.0	41.188	3.6241
5138.0	41.156000000000006	3.6241
5140.0	41.123999999999995	3.6241
5142.0	41.092	3.6241
5144.0	41.06	3.6241
5146.0	41.028	3.6241
5148.0	40.996	3.6241
5150.0	40.964	3.6241
5152.0	40.931999999999995	3.6241
5154.0	40.863	3.6208
5156.0	40.830999999999996	3.6208
5158.0	40.725	3.6141
5160.0	40.618	3.6074
5162.0	40.512	3.6008
5164.0	40.481	3.6008
5166.0	40.412	3.5975
5168.0	40.381	3.5975
5170.0	40.35	3.5975
5172.0	40.318000000000005	3.5975
5174.0	40.324	3.6008
5176.0	40.368	3.6074
5178.0	40.411	3.6141
5180.0	40.491	3.6241
5182.0	40.609	3.6375
5184.0	40.765	3.6543
5186.0	40.922	3.6711
5188.0	41.041000000000004	3.6847
5190.0	41.123000000000005	3.6949
5192.0	41.243	3.7085
5194.0	41.325	3.7188
5196.0	41.37	3.7256
5198.0	41.413999999999994	3.7325
5200.0	41.42	3.7359
5202.0	41.388000000000005	3.7359
5204.0	41.357	3.7359
5206.0	41.401	3.7428
5208.0	41.369	3.7428
5210.0	41.336999999999996	3.7428
5212.0	41.382	3.7497
5214.0	41.388000000000005	3.7532
5216.0	41.433	3.7601
5218.0	41.477	3.767
5220.0	41.522	3.774
5222.0	41.49	3.774
5224.0	41.573	3.7844
5226.0	41.618	3.7914
5228.0	41.663000000000004	3.7984
5230.0	41.631	3.7984
5232.0	41.638000000000005	3.8019
5234.0	41.606	3.8019
5236.0	41.536	3.7984
5238.0	41.504	3.7984
5240.0	41.396	3.7914
5242.0	41.441	3.7984
5244.0	41.409	3.7984
5246.0	41.416000000000004	3.8019
5248.0	41.38399999999999	3.8019
5250.0	41.353	3.8019
5252.0	41.397	3.8089
5254.0	41.36600000000001	3.8089
5256.0	41.41	3.8159
5258.0	41.379	3.8159
5260.0	41.347	3.8159
5262.0	41.391999999999996	3.823
5264.0	41.361000000000004	3.823
5266.0	41.367	3.8265
5268.0	41.412	3.8335
5270.0	41.381	3.8335
5272.0	41.426	3.8406
5274.0	41.50899999999999	3.8512
5276.0	41.553999999999995	3.8583
5278.0	41.522	3.8583
5280.0	41.49100000000001	3.8583
5282.0	41.536	3.8654
5284.0	41.504	3.8654
5286.0	41.473	3.8654
5288.0	41.48	3.869
5290.0	41.449	3.869
5292.0	41.417	3.869
5294.0	41.386	3.869
5296.0	41.355	3.869
5298.0	41.324	3.869
5300.0	41.254	3.8654
5302.0	41.261	3.869
5304.0	41.306000000000004	3.8761
5306.0	41.275	3.8761
5308.0	41.244	3.8761
5310.0	41.288999999999994	3.8833
5312.0	41.258	3.8833
5314.0	41.226000000000006	3.8833
5316.0	41.271	3.8904
5318.0	41.24	3.8904
5320.0	41.208999999999996	3.8904
5322.0	41.178000000000004	3.8904
5324.0	41.185	3.894
5326.0	41.23	3.9012
5328.0	41.2	3.9012
5330.0	41.244	3.9084
5332.0	41.214	3.9084
5334.0	41.297	3.9192
5336.0	41.266000000000005	3.9192
5338.0	41.31100000000001	3.9264
5340.0	41.28	3.9264
5342.0	41.325	3.9337
5344.0	41.294	3.9337
5346.0	41.263000000000005	3.9337
5348.0	41.232	3.9337
5350.0	41.201	3.9337
5352.0	41.17100000000001	3.9337
5354.0	41.216	3.9409
5356.0	41.223	3.9446
5358.0	41.268	3.9518
5360.0	41.313	3.9591
5362.0	41.283	3.9591
5364.0	41.29	3.9628
5366.0	41.335	3.9701
5368.0	41.303999999999995	3.9701
5370.0	41.35	3.9774
5372.0	41.318999999999996	3.9774
5374.0	41.364	3.9847
5376.0	41.333	3.9847
5378.0	41.303000000000004	3.9847
5380.0	41.272	3.9847
5382.0	41.24100000000001	3.9847
5384.0	41.135	3.9774
5386.0	41.104	3.9774
5388.0	41.074	3.9774
5390.0	41.043	3.9774
5392.0	41.013000000000005	3.9774
5394.0	41.058	3.9847
5396.0	41.028	3.9847
5398.0	41.035	3.9884
5400.0	41.08	3.9958
5402.0	41.126000000000005	4.0031
5404.0	41.17100000000001	4.0105
5406.0	41.178000000000004	4.0142
5408.0	41.224	4.0216
5410.0	41.269	4.029
5412.0	41.239	4.029
5414.0	41.208	4.029
5416.0	41.178000000000004	4.029
5418.0	41.147	4.029
5420.0	41.117	4.029
5422.0	41.086999999999996	4.029
5424.0	41.056000000000004	4.029
5426.0	41.026	4.029
5428.0	41.071000000000005	4.0364
5430.0	41.041000000000004	4.0364
5432.0	41.011	4.0364
5434.0	41.019	4.0402
5436.0	40.988	4.0402
5438.0	40.958	4.0402
5440.0	41.004	4.0476
5442.0	40.973	4.0476
5444.0	40.943000000000005	4.0476
5446.0	40.989	4.0551
5448.0	40.959	4.0551
5450.0	41.004	4.0626
5452.0	41.012	4.0663
5454.0	40.982	4.0663
5456.0	41.027	4.0738
5458.0	40.997	4.0738
5460.0	41.043	4.0813
5462.0	41.013000000000005	4.0813
5464.0	41.02	4.0851
5466.0	41.066	4.0926
5468.0	41.036	4.0926
5470.0	41.081	4.1001
5472.0	41.051	4.1001
5474.0	41.021	4.1001
5476.0	40.99100000000001	4.1001
5478.0	41.037	4.1077
5480.0	41.007	4.1077
5482.0	40.977	4.1077
5484.0	40.985	4.1115
5486.0	40.955	4.1115
5488.0	41.001000000000005	4.1191
5490.0	41.047	4.1267
5492.0	41.016999999999996	4.1267
5494.0	41.062	4.1343
5496.0	41.032	4.1343
5498.0	41.04	4.1381
5500.0	41.086000000000006	4.1457
5502.0	41.056000000000004	4.1457
5504.0	41.026	4.1457
5506.0	41.071999999999996	4.1534
5508.0	41.042	4.1534
5510.0	41.012	4.1534
5512.0	41.058	4.161
5514.0	41.028999999999996	4.161
5516.0	40.998999999999995	4.161
5518.0	40.968999999999994	4.161
5520.0	40.977	4.1649
5522.0	40.948	4.1649
5524.0	40.993	4.1725
5526.0	40.964	4.1725
5528.0	40.934	4.1725
5530.0	40.98	4.1802
5532.0	40.95	4.1802
5534.0	40.996	4.1879
5536.0	41.004	4.1918
5538.0	40.975	4.1918
5540.0	40.945	4.1918
5542.0	40.99100000000001	4.1995
5544.0	40.961000000000006	4.1995
5546.0	41.007	4.2073
5548.0	40.978	4.2073
5550.0	40.948	4.2073
5552.0	40.919000000000004	4.2073
5554.0	40.889	4.2073
5556.0	40.86	4.2073
5558.0	40.83	4.2073
5560.0	40.801	4.2073
5562.0	40.772	4.2073
5564.0	40.78	4.2111
5566.0	40.751	4.2111
5568.0	40.721	4.2111
5570.0	40.766999999999996	4.2189
5572.0	40.738	4.2189
5574.0	40.784	4.2267
5576.0	40.754	4.2267
5578.0	40.8	4.2345
5580.0	40.809	4.2384
5582.0	40.855	4.2462
5584.0	40.825	4.2462
5586.0	40.871	4.254
5588.0	40.842	4.254
5590.0	40.813	4.254
5592.0	40.859	4.2619
5594.0	40.867	4.2658
5596.0	40.838	4.2658
5598.0	40.809	4.2658
5600.0	40.78	4.2658
5602.0	40.826	4.2737
5604.0	40.797	4.2737
5606.0	40.843	4.2815
5608.0	40.814	4.2815
5610.0	40.709	4.2737
5612.0	40.68	4.2737
5614.0	40.650999999999996	4.2737
5616.0	40.622	4.2737
5618.0	40.594	4.2737
5620.0	40.565	4.2737
5622.0	40.536	4.2737
5624.0	40.582	4.2815
5626.0	40.553000000000004	4.2815
5628.0	40.599000000000004	4.2894
5630.0	40.607	4.2934
5632.0	40.578	4.2934
5634.0	40.624	4.3013
5636.0	40.596	4.3013
5638.0	40.641	4.3092
5640.0	40.613	4.3092
5642.0	40.659	4.3172
5644.0	40.667	4.3211
5646.0	40.639	4.3211
5648.0	40.61	4.3211
5650.0	40.580999999999996	4.3211
5652.0	40.552	4.3211
5654.0	40.486999999999995	4.3172
5656.0	40.458	4.3172
5658.0	40.429	4.3172
5660.0	40.438	4.3211
5662.0	40.409	4.3211
5664.0	40.381	4.3211
5666.0	40.427	4.3291
5668.0	40.398	4.3291
5670.0	40.444	4.3371
5672.0	40.415	4.3371
5674.0	40.387	4.3371
5676.0	40.359	4.3371
5678.0	40.367	4.3411
5680.0	40.339	4.3411
5682.0	40.385	4.3491
5684.0	40.356	4.3491
5686.0	40.328	4.3491
5688.0	40.3	4.3491
5690.0	40.271	4.3491
5692.0	40.243	4.3491
5694.0	40.289	4.3571
5696.0	40.260999999999996	4.3571
5698.0	40.232	4.3571
5700.0	40.204	4.3571
5702.0	40.25	4.3652
5704.0	40.222	4.3652
5706.0	40.194	4.3652
5708.0	40.165	4.3652
5710.0	40.137	4.3652
5712.0	40.109	4.3652
5714.0	40.080999999999996	4.3652
5716.0	40.053000000000004	4.3652
5718.0	40.025	4.3652
5720.0	40.034	4.3692
5722.0	40.006	4.3692
5724.0	40.052	4.3772
5726.0	40.024	4.3772
5728.0	40.07	4.3853
5730.0	40.042	4.3853
5732.0	40.086999999999996	4.3934
5734.0	40.096	4.3974
5736.0	40.068000000000005	4.3974
5738.0	40.114000000000004	4.4055
5740.0	40.086	4.4055
5742.0	40.132	4.4137
5744.0	40.104	4.4137
5746.0	40.077	4.4137
5748.0	40.049	4.4137
5750.0	40.021	4.4137
5752.0	39.993	4.4137
5754.0	40.039	4.4218
5756.0	40.048	4.4259
5758.0	40.02	4.4259
5760.0	39.992	4.4259
5762.0	40.038000000000004	4.434
5764.0	40.01	4.434
5766.0	39.983000000000004	4.434
5768.0	40.029	4.4422
5770.0	40.001	4.4422
5772.0	39.973	4.4422
5774.0	39.982	4.4463
5776.0	40.028	4.4545
5778.0	40.0	4.4545
5780.0	39.973	4.4545
5782.0	39.945	4.4545
5784.0	39.844	4.4463
5786.0	39.816	4.4463
5788.0	39.751999999999995	4.4422
5790.0	39.760999999999996	4.4463
5792.0	39.806999999999995	4.4545
5794.0	39.78	4.4545
5796.0	39.826	4.4627
5798.0	39.872	4.471
5800.0	39.881	4.4751
5802.0	39.927	4.4833
5804.0	39.899	4.4833
5806.0	39.872	4.4833
5808.0	39.918	4.4916
5810.0	39.89	4.4916
5812.0	39.863	4.4916
5814.0	39.835	4.4916
5816.0	39.882	4.4999
5818.0	39.854	4.4999
5820.0	39.827	4.4999
5822.0	39.799	4.4999
5824.0	39.772	4.4999
5826.0	39.745	4.4999
5828.0	39.717	4.4999
5830.0	39.69	4.4999
5832.0	39.699	4.504
5834.0	39.746	4.5123
5836.0	39.718	4.5123
5838.0	39.764	4.5206
5840.0	39.81	4.529
5842.0	39.82	4.5331
5844.0	39.792	4.5331
5846.0	39.838	4.5415
5848.0	39.811	4.5415
5850.0	39.784	4.5415
5852.0	39.757	4.5415
5854.0	39.73	4.5415
5856.0	39.702	4.5415
5858.0	39.675	4.5415
5860.0	39.648	4.5415
5862.0	39.621	4.5415
5864.0	39.594	4.5415
5866.0	39.494	4.5331
5868.0	39.467	4.5331
5870.0	39.441	4.5331
5872.0	39.414	4.5331
5874.0	39.387	4.5331
5876.0	39.36	4.5331
5878.0	39.333	4.5331
5880.0	39.379	4.5415
5882.0	39.352	4.5415
5884.0	39.325	4.5415
5886.0	39.299	4.5415
5888.0	39.272	4.5415
5890.0	39.245	4.5415
5892.0	39.291	4.5499
5894.0	39.264	4.5499
5896.0	39.31	4.5583
5898.0	39.32	4.5625
5900.0	39.293	4.5625
5902.0	39.339	4.5709
5904.0	39.312	4.5709
5906.0	39.358000000000004	4.5793
5908.0	39.330999999999996	4.5793
5910.0	39.341	4.5835
5912.0	39.314	4.5835
5914.0	39.288000000000004	4.5835
5916.0	39.334	4.592
5918.0	39.235	4.5835
5920.0	39.208	4.5835
5922.0	39.254	4.592
5924.0	39.227	4.592
5926.0	39.201	4.592
5928.0	39.174	4.592
5930.0	39.22	4.6004
5932.0	39.194	4.6004
5934.0	39.167	4.6004
5936.0	39.141	4.6004
5938.0	39.115	4.6004
5940.0	39.088	4.6004
5942.0	39.062	4.6004
5944.0	39.108000000000004	4.6089
5946.0	39.080999999999996	4.6089
5948.0	39.091	4.6132
5950.0	39.137	4.6217
5952.0	39.111	4.6217
5954.0	39.156	4.6302
5956.0	39.202	4.6387
5958.0	39.176	4.6387
5960.0	39.186	4.643
5962.0	39.232	4.6516
5964.0	39.205	4.6516
5966.0	39.179	4.6516
5968.0	39.153	4.6516
5970.0	39.199	4.6601
5972.0	39.172	4.6601
5974.0	39.218	4.6687
5976.0	39.228	4.673
5978.0	39.202	4.673
5980.0	39.176	4.673
5982.0	39.15	4.673
5984.0	39.123000000000005	4.673
5986.0	39.097	4.673
5988.0	39.035	4.6687
5990.0	39.045	4.673
5992.0	39.019	4.673
5994.0	38.993	4.673
5996.0	39.039	4.6816
5998.0	39.085	4.6903
6000.0	39.059	4.6903
6002.0	39.105	4.6989
6004.0	39.115	4.7033
6006.0	39.161	4.7119
6008.0	39.135	4.7119
6010.0	39.108000000000004	4.7119
6012.0	39.154	4.7206
6014.0	39.128	4.7206
6016.0	39.102	4.7206
6018.0	39.113	4.725
6020.0	39.086999999999996	4.725
6022.0	39.061	4.725
6024.0	39.035	4.725
6026.0	39.009	4.725
6028.0	38.983000000000004	4.725
6030.0	38.921	4.7206
6032.0	38.931	4.725
6034.0	38.977	4.7337
6036.0	39.023	4.7424
6038.0	38.997	4.7424
6040.0	39.043	4.7512
6042.0	39.016999999999996	4.7512
6044.0	38.992	4.7512
6046.0	38.966	4.7512
6048.0	38.976	4.7555
6050.0	38.914	4.7512
6052.0	38.889	4.7512
6054.0	38.791	4.7424
6056.0	38.766	4.7424
6058.0	38.74	4.7424
6060.0	38.715	4.7424
6062.0	38.689	4.7424
6064.0	38.735	4.7512
6066.0	38.709	4.7512
6068.0	38.684	4.7512
6070.0	38.694	4.7555
6072.0	38.74	4.7643
6074.0	38.786	4.7731
6076.0	38.830999999999996	4.7819
6078.0	38.842	4.7863
6080.0	38.816	4.7863
6082.0	38.791	4.7863
6084.0	38.836999999999996	4.7951
6086.0	38.811	4.7951
6088.0	38.786	4.7951
6090.0	38.76	4.7951
6092.0	38.735	4.7951
6094.0	38.709	4.7951
6096.0	38.755	4.804
6098.0	38.73	4.804
6100.0	38.775999999999996	4.8128
6102.0	38.786	4.8173
6104.0	38.760999999999996	4.8173
6106.0	38.735	4.8173
6108.0	38.71	4.8173
6110.0	38.685	4.8173
6112.0	38.659	4.8173
6114.0	38.634	4.8173
6116.0	38.609	4.8173
6118.0	38.584	4.8173
6120.0	38.629	4.8261
6122.0	38.604	4.8261
6124.0	38.579	4.8261
6126.0	38.625	4.835
6128.0	38.6	4.835
6130.0	38.574	4.835
6132.0	38.62	4.844
6134.0	38.595	4.844
6136.0	38.57	4.844
6138.0	38.545	4.844
6140.0	38.449	4.835
6142.0	38.424	4.835
6144.0	38.328	4.8261
6146.0	38.303000000000004	4.8261
6148.0	38.278	4.8261
6150.0	38.253	4.8261
6152.0	38.299	4.835
6154.0	38.38	4.8484
6156.0	38.426	4.8574
6158.0	38.400999999999996	4.8574
6160.0	38.446999999999996	4.8663
6162.0	38.528	4.8798
6164.0	38.574	4.8888
6166.0	38.549	4.8888
6168.0	38.595	4.8978
6170.0	38.606	4.9023
6172.0	38.652	4.9113
6174.0	38.626999999999995	4.9113
6176.0	38.602	4.9113
6178.0	38.577	4.9113
6180.0	38.552	4.9113
6182.0	38.527	4.9113
6184.0	38.501999999999995	4.9113
6186.0	38.406	4.9023
6188.0	38.381	4.9023
6190.0	38.356	4.9023
6192.0	38.332	4.9023
6194.0	38.306999999999995	4.9023
6196.0	38.282	4.9023
6198.0	38.328	4.9113
6200.0	38.303000000000004	4.9113
6202.0	38.279	4.9113
6204.0	38.254	4.9113
6206.0	38.229	4.9113
6208.0	38.275	4.9204
6210.0	38.25	4.9204
6212.0	38.226	4.9204
6214.0	38.272	4.9295
6216.0	38.282	4.934
6218.0	38.258	4.934
6220.0	38.233000000000004	4.934
6222.0	38.209	4.934
6224.0	38.184	4.934
6226.0	38.16	4.934
6228.0	38.135	4.934
6230.0	38.111	4.934
6232.0	38.086	4.934
6234.0	38.062	4.934
6236.0	38.037	4.934
6238.0	38.083	4.9431
6240.0	38.059	4.9431
6242.0	38.034	4.9431
6244.0	38.01	4.9431
6246.0	37.985	4.9431
6248.0	37.961	4.9431
6250.0	38.007	4.9522
6252.0	37.982	4.9522
6254.0	37.958	4.9522
6256.0	38.004	4.9613
6258.0	38.015	4.9659
6260.0	37.99	4.9659
6262.0	38.036	4.9751
6264.0	38.082	4.9842
6266.0	38.093	4.9888
6268.0	38.033	4.9842
6270.0	38.009	4.9842
6272.0	37.985	4.9842
6274.0	37.96	4.9842
6276.0	37.867	4.9751
6278.0	37.842	4.9751
6280.0	37.818000000000005	4.9751
6282.0	37.725	4.9659
6284.0	37.701	4.9659
6286.0	37.677	4.9659
6288.0	37.722	4.9751
6290.0	37.698	4.9751
6292.0	37.674	4.9751
6294.0	37.65	4.9751
6296.0	37.626	4.9751
6298.0	37.602	4.9751
6300.0	37.579	4.9751
6302.0	37.555	4.9751
6304.0	37.6	4.9842
6306.0	37.576	4.9842
6308.0	37.552	4.9842
6310.0	37.563	4.9888
6312.0	37.609	4.9981
6314.0	37.654	5.0073
6316.0	37.63	5.0073
6318.0	37.676	5.0165
6320.0	37.687	5.0211
6322.0	37.732	5.0304
6324.0	37.708	5.0304
6326.0	37.754	5.0396
6328.0	37.73	5.0396
6330.0	37.705999999999996	5.0396
6332.0	37.681999999999995	5.0396
6334.0	37.659	5.0396
6336.0	37.704	5.0489
6338.0	37.68	5.0489
6340.0	37.657	5.0489
6342.0	37.668	5.0536
6344.0	37.644	5.0536
6346.0	37.69	5.0629
6348.0	37.666	5.0629
6350.0	37.711999999999996	5.0722
6352.0	37.688	5.0722
6354.0	37.664	5.0722
6356.0	37.71	5.0816
6358.0	37.686	5.0816
6360.0	37.696999999999996	5.0863
6362.0	37.673	5.0863
6364.0	37.65	5.0863
6366.0	37.695	5.0956
6368.0	37.672	5.0956
6370.0	37.648	5.0956
6372.0	37.624	5.0956
6374.0	37.601	5.0956
6376.0	37.577	5.0956
6378.0	37.554	5.0956
6380.0	37.53	5.0956
6382.0	37.506	5.0956
6384.0	37.483000000000004	5.0956
6386.0	37.459	5.0956
6388.0	37.436	5.0956
6390.0	37.482	5.1051
6392.0	37.458	5.1051
6394.0	37.435	5.1051
6396.0	37.515	5.1192
6398.0	37.491	5.1192
6400.0	37.537	5.1286
6402.0	37.514	5.1286
6404.0	37.559	5.1381
6406.0	37.536	5.1381
6408.0	37.512	5.1381
6410.0	37.489000000000004	5.1381
6412.0	37.466	5.1381
6414.0	37.442	5.1381
6416.0	37.419000000000004	5.1381
6418.0	37.396	5.1381
6420.0	37.304	5.1286
6422.0	37.28	5.1286
6424.0	37.257	5.1286
6426.0	37.234	5.1286
6428.0	37.211	5.1286
6430.0	37.188	5.1286
6432.0	37.233000000000004	5.1381
6434.0	37.244	5.1428
6436.0	37.29	5.1523
6438.0	37.335	5.1618
6440.0	37.312	5.1618
6442.0	37.358000000000004	5.1713
6444.0	37.334	5.1713
6446.0	37.346	5.1761
6448.0	37.321999999999996	5.1761
6450.0	37.299	5.1761
6452.0	37.242	5.1713
6454.0	37.219	5.1713
6456.0	37.196	5.1713
6458.0	37.104	5.1618
6460.0	37.080999999999996	5.1618
6462.0	37.058	5.1618
6464.0	36.967	5.1523
6466.0	36.944	5.1523
6468.0	36.922	5.1523
6470.0	36.899	5.1523
6472.0	36.876	5.1523
6474.0	36.921	5.1618
6476.0	36.898	5.1618
6478.0	36.876	5.1618
6480.0	36.853	5.1618
6482.0	36.83	5.1618
6484.0	36.875	5.1713
6486.0	36.853	5.1713
6488.0	36.83	5.1713
6490.0	36.806999999999995	5.1713
6492.0	36.717	5.1618
6494.0	36.694	5.1618
6496.0	36.671	5.1618
6498.0	36.649	5.1618
6500.0	36.559	5.1523
6502.0	36.469	5.1428
6504.0	36.413000000000004	5.1381
6506.0	36.324	5.1286
6508.0	36.201	5.1145
6510.0	36.046	5.0956
6512.0	35.958	5.0863
6514.0	35.836999999999996	5.0722
6516.0	35.749	5.0629
6518.0	35.661	5.0536
6520.0	35.606	5.0489
6522.0	35.584	5.0489
6524.0	35.497	5.0396
6526.0	35.475	5.0396
6528.0	35.388000000000005	5.0304
6530.0	35.367	5.0304
6532.0	35.28	5.0211
6534.0	35.161	5.0073
6536.0	35.01	4.9888
6538.0	34.891999999999996	4.9751
6540.0	34.711	4.9522
6542.0	34.467	4.9204
6544.0	34.224000000000004	4.8888
6546.0	33.921	4.8484
6548.0	33.681999999999995	4.8173
6550.0	33.415	4.7819
6552.0	33.18	4.7512
6554.0	33.038000000000004	4.7337
6556.0	32.866	4.7119
6558.0	32.785	4.7033
6560.0	32.826	4.7119
6562.0	32.806	4.7119
6564.0	32.937	4.7337
6566.0	33.069	4.7555
6568.0	33.262	4.7863
6570.0	33.457	4.8173
6572.0	33.715	4.8574
6574.0	33.975	4.8978
6576.0	34.205999999999996	4.934
6578.0	34.406	4.9659
6580.0	34.671	5.0073
6582.0	34.81	5.0304
6584.0	34.917	5.0489
6586.0	34.993	5.0629
6588.0	35.1	5.0816
6590.0	35.111999999999995	5.0863
6592.0	35.155	5.0956
6594.0	35.198	5.1051
6596.0	35.177	5.1051
6598.0	35.221	5.1145
6600.0	35.232	5.1192
6602.0	35.21	5.1192
6604.0	35.254	5.1286
6606.0	35.297	5.1381
6608.0	35.374	5.1523
6610.0	35.417	5.1618
6612.0	35.461	5.1713
6614.0	35.538000000000004	5.1856
6616.0	35.648	5.2048
6618.0	35.725	5.2192
6620.0	35.769	5.2288
6622.0	35.813	5.2384
6624.0	35.824	5.2432
6626.0	35.803000000000004	5.2432
6628.0	35.847	5.2529
6630.0	35.826	5.2529
6632.0	35.738	5.2432
6634.0	35.716	5.2432
6636.0	35.695	5.2432
6638.0	35.673	5.2432
6640.0	35.652	5.2432
6642.0	35.63	5.2432
6644.0	35.609	5.2432
6646.0	35.588	5.2432
6648.0	35.632	5.2529
6650.0	35.61	5.2529
6652.0	35.655	5.2626
6654.0	35.699	5.2723
6656.0	35.71	5.2771
6658.0	35.689	5.2771
6660.0	35.733000000000004	5.2869
6662.0	35.711999999999996	5.2869
6664.0	35.69	5.2869
6666.0	35.669000000000004	5.2869
6668.0	35.648	5.2869
6670.0	35.626	5.2869
6672.0	35.605	5.2869
6674.0	35.583	5.2869
6676.0	35.497	5.2771
6678.0	35.475	5.2771
6680.0	35.454	5.2771
6682.0	35.433	5.2771
6684.0	35.477	5.2869
6686.0	35.455999999999996	5.2869
6688.0	35.5	5.2966
6690.0	35.510999999999996	5.3015
6692.0	35.556	5.3113
6694.0	35.6	5.3211
6696.0	35.579	5.3211
6698.0	35.623000000000005	5.3309
6700.0	35.602	5.3309
6702.0	35.613	5.3358
6704.0	35.592	5.3358
6706.0	35.571	5.3358
6708.0	35.516999999999996	5.3309
6710.0	35.496	5.3309
6712.0	35.475	5.3309
6714.0	35.388000000000005	5.3211
6716.0	35.367	5.3211
6718.0	35.281	5.3113
6720.0	35.26	5.3113
6722.0	35.239000000000004	5.3113
6724.0	35.218	5.3113
6726.0	35.262	5.3211
6728.0	35.241	5.3211
6730.0	35.285	5.3309
6732.0	35.361999999999995	5.3456
6734.0	35.406	5.3555
6736.0	35.483000000000004	5.3703
6738.0	35.527	5.3802
6740.0	35.571	5.3901
6742.0	35.616	5.4001
6744.0	35.628	5.405
6746.0	35.606	5.405
6748.0	35.585	5.405
6750.0	35.564	5.405
6752.0	35.543	5.405
6754.0	35.522	5.405
6756.0	35.403	5.3901
6758.0	35.382	5.3901
6760.0	35.296	5.3802
6762.0	35.275	5.3802
6764.0	35.19	5.3703
6766.0	35.169000000000004	5.3703
6768.0	35.148	5.3703
6770.0	35.126999999999995	5.3703
6772.0	35.106	5.3703
6774.0	35.086	5.3703
6776.0	35.065	5.3703
6778.0	35.109	5.3802
6780.0	35.153	5.3901
6782.0	35.196999999999996	5.4001
6784.0	35.209	5.405
6786.0	35.318000000000005	5.425
6788.0	35.361999999999995	5.435
6790.0	35.374	5.44
6792.0	35.418	5.45
6794.0	35.463	5.4601
6796.0	35.442	5.4601
6798.0	35.519	5.4752
6800.0	35.498000000000005	5.4752
6802.0	35.477	5.4752
6804.0	35.455999999999996	5.4752
6806.0	35.435	5.4752
6808.0	35.349000000000004	5.4651
6810.0	35.296	5.4601
6812.0	35.275	5.4601
6814.0	35.255	5.4601
6816.0	35.234	5.4601
6818.0	35.213	5.4601
6820.0	35.225	5.4651
6822.0	35.204	5.4651
6824.0	35.249	5.4752
6826.0	35.228	5.4752
6828.0	35.207	5.4752
6830.0	35.251999999999995	5.4853
6832.0	35.231	5.4853
6834.0	35.21	5.4853
6836.0	35.19	5.4853
6838.0	35.169000000000004	5.4853
6840.0	35.213	5.4954
6842.0	35.193000000000005	5.4954
6844.0	35.205	5.5005
6846.0	35.184	5.5005
6848.0	35.163000000000004	5.5005
6850.0	35.176	5.5056
6852.0	35.155	5.5056
6854.0	35.134	5.5056
6856.0	35.114000000000004	5.5056
6858.0	35.126	5.5106
6860.0	35.105	5.5106
6862.0	35.085	5.5106
6864.0	35.097	5.5157
6866.0	35.076	5.5157
6868.0	35.056	5.5157
6870.0	35.068000000000005	5.5208
6872.0	35.047	5.5208
6874.0	35.027	5.5208
6876.0	35.006	5.5208
6878.0	35.018	5.5259
6880.0	34.998000000000005	5.5259
6882.0	34.978	5.5259
6884.0	34.957	5.5259
6886.0	34.969	5.531
6888.0	34.949	5.531
6890.0	34.929	5.531
6892.0	34.908	5.531
6894.0	34.92	5.5361
6896.0	34.9	5.5361
6898.0	34.88	5.5361
6900.0	34.86	5.5361
6902.0	34.839	5.5361
6904.0	34.851	5.5412
6906.0	34.830999999999996	5.5412
6908.0	34.811	5.5412
6910.0	34.791	5.5412
6912.0	34.771	5.5412
6914.0	34.783	5.5463
6916.0	34.762	5.5463
6918.0	34.742	5.5463
6920.0	34.722	5.5463
6922.0	34.702	5.5463
6924.0	34.714	5.5514
6926.0	34.694	5.5514
6928.0	34.674	5.5514
6930.0	34.654	5.5514
6932.0	34.634	5.5514
6934.0	34.614000000000004	5.5514
6936.0	34.594	5.5514
6938.0	34.606	5.5565
6940.0	34.586	5.5565
6942.0	34.566	5.5565
6944.0	34.546	5.5565
6946.0	34.525999999999996	5.5565
6948.0	34.506	5.5565
6950.0	34.486999999999995	5.5565
6952.0	34.308	5.531
6954.0	34.32	5.5361
6956.0	34.364000000000004	5.5463
6958.0	34.344	5.5463
6960.0	34.388000000000005	5.5565
6962.0	34.368	5.5565
6964.0	34.411	5.5667
6966.0	34.423	5.5718
6968.0	34.404	5.5718
6970.0	34.446999999999996	5.5821
6972.0	34.427	5.5821
6974.0	34.408	5.5821
6976.0	34.451	5.5924
6978.0	34.368	5.5821
6980.0	34.349000000000004	5.5821
6982.0	34.329	5.5821
6984.0	34.246	5.5718
6986.0	34.226	5.5718
6988.0	34.176	5.5667
6990.0	34.156	5.5667
6992.0	34.135999999999996	5.5667
6994.0	34.054	5.5565
6996.0	34.035	5.5565
6998.0	34.015	5.5565
7000.0	33.996	5.5565
7002.0	33.976	5.5565
7004.0	33.894	5.5463
7006.0	33.875	5.5463
7008.0	33.856	5.5463
7010.0	33.899	5.5565
7012.0	33.879	5.5565
7014.0	33.86	5.5565
7016.0	33.841	5.5565
7018.0	33.821999999999996	5.5565
7020.0	33.865	5.5667
7022.0	33.876	5.5718
7024.0	33.857	5.5718
7026.0	33.838	5.5718
7028.0	33.881	5.5821
7030.0	33.924	5.5924
7032.0	33.905	5.5924
7034.0	33.885999999999996	5.5924
7036.0	33.898	5.5976
7038.0	33.878	5.5976
7040.0	33.828	5.5924
7042.0	33.809	5.5924
7044.0	33.727	5.5821
7046.0	33.708	5.5821
7048.0	33.626999999999995	5.5718
7050.0	33.608000000000004	5.5718
7052.0	33.589	5.5718
7054.0	33.632	5.5821
7056.0	33.675	5.5924
7058.0	33.749	5.6079
7060.0	33.854	5.6286
7062.0	33.866	5.6338
7064.0	33.909	5.6441
7066.0	33.953	5.6546
7068.0	33.933	5.6546
7070.0	33.914	5.6546
7072.0	33.833	5.6441
7074.0	33.813	5.6441
7076.0	33.732	5.6338
7078.0	33.681999999999995	5.6286
7080.0	33.663000000000004	5.6286
7082.0	33.644	5.6286
7084.0	33.625	5.6286
7086.0	33.606	5.6286
7088.0	33.586999999999996	5.6286
7090.0	33.568000000000005	5.6286
7092.0	33.549	5.6286
7094.0	33.53	5.6286
7096.0	33.542	5.6338
7098.0	33.523	5.6338
7100.0	33.566	5.6441
7102.0	33.609	5.6546
7104.0	33.59	5.6546
7106.0	33.633	5.665
7108.0	33.614000000000004	5.665
7110.0	33.595	5.665
7112.0	33.67	5.6807
7114.0	33.713	5.6911
7116.0	33.756	5.7016
7118.0	33.768	5.7069
7120.0	33.811	5.7174
7122.0	33.792	5.7174
7124.0	33.835	5.728
7126.0	33.816	5.728
7128.0	33.798	5.728
7130.0	33.716	5.7174
7132.0	33.635	5.7069
7134.0	33.617	5.7069
7136.0	33.567	5.7016
7138.0	33.486	5.6911
7140.0	33.468	5.6911
7142.0	33.449	5.6911
7144.0	33.43	5.6911
7146.0	33.35	5.6807
7148.0	33.330999999999996	5.6807
7150.0	33.313	5.6807
7152.0	33.294000000000004	5.6807
7154.0	33.275	5.6807
7156.0	33.257	5.6807
7158.0	33.177	5.6702
7160.0	33.158	5.6702
7162.0	33.109	5.665
7164.0	33.091	5.665
7166.0	33.071999999999996	5.665
7168.0	33.054	5.665
7170.0	32.975	5.6546
7172.0	32.955999999999996	5.6546
7174.0	32.876999999999995	5.6441
7176.0	32.799	5.6338
7178.0	32.78	5.6338
7180.0	32.762	5.6338
7182.0	32.804	5.6441
7184.0	32.786	5.6441
7186.0	32.828	5.6546
7188.0	32.87	5.665
7190.0	32.882	5.6702
7192.0	32.925	5.6807
7194.0	32.906	5.6807
7196.0	32.949	5.6911
7198.0	33.021	5.7069
7200.0	33.064	5.7174
7202.0	33.107	5.728
7204.0	33.088	5.728
7206.0	33.131	5.7385
7208.0	33.143	5.7438
7210.0	33.124	5.7438
7212.0	33.076	5.7385
7214.0	33.056999999999995	5.7385
7216.0	32.978	5.728
7218.0	32.899	5.7174
7220.0	32.821	5.7069
7222.0	32.772	5.7016
7224.0	32.694	5.6911
7226.0	32.616	5.6807
7228.0	32.537	5.6702
7230.0	32.489000000000004	5.665
7232.0	32.412	5.6546
7234.0	32.394	5.6546
7236.0	32.316	5.6441
7238.0	32.298	5.6441
7240.0	32.281	5.6441
7242.0	32.263000000000005	5.6441
7244.0	32.245	5.6441
7246.0	32.287	5.6546
7248.0	32.269	5.6546
7250.0	32.31	5.665
7252.0	32.382	5.6807
7254.0	32.424	5.6911
7256.0	32.466	5.7016
7258.0	32.538000000000004	5.7174
7260.0	32.58	5.728
7262.0	32.652	5.7438
7264.0	32.694	5.7544
7266.0	32.676	5.7544
7268.0	32.718	5.765
7270.0	32.7	5.765
7272.0	32.681999999999995	5.765
7274.0	32.664	5.765
7276.0	32.586	5.7544
7278.0	32.568000000000005	5.7544
7280.0	32.551	5.7544
7282.0	32.533	5.7544
7284.0	32.455	5.7438
7286.0	32.437	5.7438
7288.0	32.389	5.7385
7290.0	32.312	5.728
7292.0	32.235	5.7174
7294.0	32.217	5.7174
7296.0	32.2	5.7174
7298.0	32.181999999999995	5.7174
7300.0	32.164	5.7174
7302.0	32.147	5.7174
7304.0	32.129	5.7174
7306.0	32.171	5.728
7308.0	32.153	5.728
7310.0	32.195	5.7385
7312.0	32.207	5.7438
7314.0	32.249	5.7544
7316.0	32.231	5.7544
7318.0	32.303000000000004	5.7703
7320.0	32.344	5.7809
7322.0	32.385999999999996	5.7916
7324.0	32.428000000000004	5.8023
7326.0	32.5	5.8183
7328.0	32.482	5.8183
7330.0	32.525	5.8291
7332.0	32.567	5.8398
7334.0	32.549	5.8398
7336.0	32.561	5.8452
7338.0	32.604	5.856
7340.0	32.586	5.856
7342.0	32.568000000000005	5.856
7344.0	32.49	5.8452
7346.0	32.443000000000005	5.8398
7348.0	32.425	5.8398
7350.0	32.348	5.8291
7352.0	32.271	5.8183
7354.0	32.253	5.8183
7356.0	32.176	5.8076
7358.0	32.129	5.8023
7360.0	32.053000000000004	5.7916
7362.0	32.035	5.7916
7364.0	32.018	5.7916
7366.0	31.941999999999997	5.7809
7368.0	31.983	5.7916
7370.0	31.965999999999998	5.7916
7372.0	31.948	5.7916
7374.0	31.99	5.8023
7376.0	32.061	5.8183
7378.0	32.103	5.8291
7380.0	32.145	5.8398
7382.0	32.216	5.856
7384.0	32.258	5.8668
7386.0	32.33	5.883
7388.0	32.372	5.8939
7390.0	32.414	5.9047
7392.0	32.396	5.9047
7394.0	32.468	5.9211
7396.0	32.510999999999996	5.932
7398.0	32.493	5.932
7400.0	32.476	5.932
7402.0	32.458	5.932
7404.0	32.44	5.932
7406.0	32.423	5.932
7408.0	32.405	5.932
7410.0	32.328	5.9211
7412.0	32.311	5.9211
7414.0	32.294000000000004	5.9211
7416.0	32.275999999999996	5.9211
7418.0	32.259	5.9211
7420.0	32.241	5.9211
7422.0	32.194	5.9156
7424.0	32.177	5.9156
7426.0	32.16	5.9156
7428.0	32.141999999999996	5.9156
7430.0	32.155	5.9211
7432.0	32.137	5.9211
7434.0	32.12	5.9211
7436.0	32.162	5.932
7438.0	32.145	5.932
7440.0	32.126999999999995	5.932
7442.0	32.169000000000004	5.9429
7444.0	32.152	5.9429
7446.0	32.164	5.9484
7448.0	32.205999999999996	5.9594
7450.0	32.189	5.9594
7452.0	32.231	5.9703
7454.0	32.214	5.9703
7456.0	32.256	5.9814
7458.0	32.239000000000004	5.9814
7460.0	32.221	5.9814
7462.0	32.204	5.9814
7464.0	32.187	5.9814
7466.0	32.17	5.9814
7468.0	32.093	5.9703
7470.0	32.076	5.9703
7472.0	32.0	5.9594
7474.0	31.983	5.9594
7476.0	31.965999999999998	5.9594
7478.0	31.89	5.9484
7480.0	31.873	5.9484
7482.0	31.855999999999998	5.9484
7484.0	31.839000000000002	5.9484
7486.0	31.822	5.9484
7488.0	31.863000000000003	5.9594
7490.0	31.846	5.9594
7492.0	31.829	5.9594
7494.0	31.871	5.9703
7496.0	31.854	5.9703
7498.0	31.896	5.9814
7500.0	31.879	5.9814
7502.0	31.891	5.9869
7504.0	31.933000000000003	5.9979
7506.0	31.916	5.9979
7508.0	31.956999999999997	6.009
7510.0	31.94	6.009
7512.0	31.923000000000002	6.009
7514.0	31.906	6.009
7516.0	31.889	6.009
7518.0	31.872	6.009
7520.0	31.855	6.009
7522.0	31.78	5.9979
7524.0	31.763	5.9979
7526.0	31.746	5.9979
7528.0	31.729	5.9979
7530.0	31.654	5.9869
7532.0	31.636999999999997	5.9869
7534.0	31.621	5.9869
7536.0	31.604	5.9869
7538.0	31.558000000000003	5.9814
7540.0	31.541	5.9814
7542.0	31.524	5.9814
7544.0	31.508000000000003	5.9814
7546.0	31.491	5.9814
7548.0	31.416	5.9703
7550.0	31.516	5.9924
7552.0	31.499000000000002	5.9924
7554.0	31.482	5.9924
7556.0	31.465999999999998	5.9924
7558.0	31.449	5.9924
7560.0	31.432	5.9924
7562.0	31.445	5.9979
7564.0	31.428	5.9979
7566.0	31.410999999999998	5.9979
7568.0	31.395	5.9979
7570.0	31.378	5.9979
7572.0	31.362	5.9979
7574.0	31.345	5.9979
7576.0	31.329	5.9979
7578.0	31.311999999999998	5.9979
7580.0	31.324	6.0034
7582.0	31.308000000000003	6.0034
7584.0	31.291	6.0034
7586.0	31.275	6.0034
7588.0	31.258000000000003	6.0034
7590.0	31.241999999999997	6.0034
7592.0	31.225	6.0034
7594.0	31.209	6.0034
7596.0	31.221	6.009
7598.0	31.205	6.009
7600.0	31.188000000000002	6.009
7602.0	31.171999999999997	6.009
7604.0	31.156	6.009
7606.0	31.139	6.009
7608.0	31.151999999999997	6.0145
7610.0	31.135	6.0145
7612.0	31.119	6.0145
7614.0	31.101999999999997	6.0145
7616.0	31.086	6.0145
7618.0	31.07	6.0145
7620.0	31.081999999999997	6.02
7622.0	31.066	6.02
7624.0	31.049	6.02
7626.0	31.033	6.02
7628.0	31.017	6.02
7630.0	31.029	6.0256
7632.0	31.013	6.0256
7634.0	30.997	6.0256
7636.0	30.980999999999998	6.0256
7638.0	30.964000000000002	6.0256
7640.0	30.976999999999997	6.0311
7642.0	30.96	6.0311
7644.0	30.944000000000003	6.0311
7646.0	30.928	6.0311
7648.0	30.912	6.0311
7650.0	30.924	6.0367
7652.0	30.908	6.0367
7654.0	30.892	6.0367
7656.0	30.875999999999998	6.0367
7658.0	30.888	6.0422
7660.0	30.872	6.0422
7662.0	30.855999999999998	6.0422
7664.0	30.84	6.0422
7666.0	30.851999999999997	6.0478
7668.0	30.836	6.0478
7670.0	30.82	6.0478
7672.0	30.804000000000002	6.0478
7674.0	30.816	6.0534
7676.0	30.8	6.0534
7678.0	30.784000000000002	6.0534
7680.0	30.768	6.0534
7682.0	30.78	6.059
7684.0	30.764	6.059
7686.0	30.748	6.059
7688.0	30.761	6.0646
7690.0	30.745	6.0646
7692.0	30.7	6.059
7694.0	30.713	6.0646
7696.0	30.668000000000003	6.059
7698.0	30.596	6.0478
7700.0	30.58	6.0478
7702.0	30.564	6.0478
7704.0	30.548000000000002	6.0478
7706.0	30.531999999999996	6.0478
7708.0	30.601	6.0646
7710.0	30.642	6.0757
7712.0	30.682	6.0869
7714.0	30.750999999999998	6.1038
7716.0	30.791999999999998	6.115
7718.0	30.861	6.132
7720.0	30.816999999999997	6.1263
7722.0	30.801	6.1263
7724.0	30.785	6.1263
7726.0	30.712	6.115
7728.0	30.64	6.1038
7730.0	30.624000000000002	6.1038
7732.0	30.608	6.1038
7734.0	30.592	6.1038
7736.0	30.576999999999998	6.1038
7738.0	30.561	6.1038
7740.0	30.545	6.1038
7742.0	30.529	6.1038
7744.0	30.513	6.1038
7746.0	30.498	6.1038
7748.0	30.482	6.1038
7750.0	30.522	6.115
7752.0	30.506999999999998	6.115
7754.0	30.546999999999997	6.1263
7756.0	30.531	6.1263
7758.0	30.515	6.1263
7760.0	30.528000000000002	6.132
7762.0	30.511999999999997	6.132
7764.0	30.496	6.132
7766.0	30.480999999999998	6.132
7768.0	30.465	6.132
7770.0	30.449	6.132
7772.0	30.49	6.1433
7774.0	30.474	6.1433
7776.0	30.458000000000002	6.1433
7778.0	30.443	6.1433
7780.0	30.371	6.132
7782.0	30.328000000000003	6.1263
7784.0	30.311999999999998	6.1263
7786.0	30.296	6.1263
7788.0	30.281	6.1263
7790.0	30.265	6.1263
7792.0	30.25	6.1263
7794.0	30.234	6.1263
7796.0	30.247	6.132
7798.0	30.230999999999998	6.132
7800.0	30.215999999999998	6.132
7802.0	30.2	6.132
7804.0	30.156999999999996	6.1263
7806.0	30.141	6.1263
7808.0	30.125999999999998	6.1263
7810.0	30.11	6.1263
7812.0	30.04	6.115
7814.0	30.024	6.115
7816.0	30.009	6.115
7818.0	30.049	6.1263
7820.0	30.034000000000002	6.1263
7822.0	30.018	6.1263
7824.0	30.031	6.132
7826.0	30.015	6.132
7828.0	30.0	6.132
7830.0	29.985	6.132
7832.0	29.941999999999997	6.1263
7834.0	29.926	6.1263
7836.0	29.910999999999998	6.1263
7838.0	29.896	6.1263
7840.0	29.88	6.1263
7842.0	29.865	6.1263
7844.0	29.85	6.1263
7846.0	29.835	6.1263
7848.0	29.82	6.1263
7850.0	29.804000000000002	6.1263
7852.0	29.789	6.1263
7854.0	29.774	6.1263
7856.0	29.704	6.115
7858.0	29.689	6.115
7860.0	29.674	6.115
7862.0	29.659000000000002	6.115
7864.0	29.644000000000002	6.115
7866.0	29.629	6.115
7868.0	29.668000000000003	6.1263
7870.0	29.680999999999997	6.132
7872.0	29.665	6.132
7874.0	29.705	6.1433
7876.0	29.69	6.1433
7878.0	29.675	6.1433
7880.0	29.66	6.1433
7882.0	29.59	6.132
7884.0	29.575	6.132
7886.0	29.533	6.1263
7888.0	29.518	6.1263
7890.0	29.503	6.1263
7892.0	29.488000000000003	6.1263
7894.0	29.473000000000003	6.1263
7896.0	29.458000000000002	6.1263
7898.0	29.443	6.1263
7900.0	29.456	6.132
7902.0	29.495	6.1433
7904.0	29.48	6.1433
7906.0	29.465	6.1433
7908.0	29.45	6.1433
7910.0	29.435	6.1433
7912.0	29.42	6.1433
7914.0	29.406	6.1433
7916.0	29.391	6.1433
7918.0	29.322	6.132
7920.0	29.307	6.132
7922.0	29.346	6.1433
7924.0	29.331	6.1433
7926.0	29.316999999999997	6.1433
7928.0	29.302	6.1433
7930.0	29.287	6.1433
7932.0	29.326	6.1546
7934.0	29.311	6.1546
7936.0	29.296999999999997	6.1546
7938.0	29.281999999999996	6.1546
7940.0	29.320999999999998	6.1659
7942.0	29.305999999999997	6.1659
7944.0	29.319000000000003	6.1716
7946.0	29.358	6.183
7948.0	29.397	6.1944
7950.0	29.381999999999998	6.1944
7952.0	29.368000000000002	6.1944
7954.0	29.353	6.1944
7956.0	29.338	6.1944
7958.0	29.323	6.1944
7960.0	29.309	6.1944
7962.0	29.294	6.1944
7964.0	29.225	6.183
7966.0	29.211	6.183
7968.0	29.195999999999998	6.183
7970.0	29.180999999999997	6.183
7972.0	29.113000000000003	6.1716
7974.0	29.098000000000003	6.1716
7976.0	29.084	6.1716
7978.0	29.069000000000003	6.1716
7980.0	29.055	6.1716
7982.0	29.04	6.1716
7984.0	29.025	6.1716
7986.0	28.984	6.1659
7988.0	28.97	6.1659
7990.0	28.955	6.1659
7992.0	28.941	6.1659
7994.0	28.953000000000003	6.1716
7996.0	28.938000000000002	6.1716
7998.0	28.976999999999997	6.183
8000.0	28.963	6.183
8002.0	28.948	6.183
8004.0	28.934	6.183
8006.0	28.919	6.183
8008.0	28.905	6.183
8010.0	28.944000000000003	6.1944
8012.0	28.875999999999998	6.183
8014.0	28.862	6.183
8016.0	28.846999999999998	6.183
8018.0	28.833000000000002	6.183
8020.0	28.819000000000003	6.183
8022.0	28.804000000000002	6.183
8024.0	28.79	6.183
8026.0	28.829	6.1944
8028.0	28.814	6.1944
8030.0	28.853	6.2058
8032.0	28.838	6.2058
8034.0	28.851	6.2115
8036.0	28.836	6.2115
8038.0	28.875	6.223
8040.0	28.861	6.223
8042.0	28.846999999999998	6.223
8044.0	28.885	6.2345
8046.0	28.871	6.2345
8048.0	28.857	6.2345
8050.0	28.842	6.2345
8052.0	28.828000000000003	6.2345
8054.0	28.814	6.2345
8056.0	28.799	6.2345
8058.0	28.785	6.2345
8060.0	28.771	6.2345
8062.0	28.809	6.246
8064.0	28.795	6.246
8066.0	28.781	6.246
8068.0	28.767	6.246
8070.0	28.779	6.2517
8072.0	28.765	6.2517
8074.0	28.724	6.246
8076.0	28.71	6.246
8078.0	28.695	6.246
8080.0	28.628	6.2345
8082.0	28.614	6.2345
8084.0	28.6	6.2345
8086.0	28.586	6.2345
8088.0	28.572	6.2345
8090.0	28.558000000000003	6.2345
8092.0	28.544	6.2345
8094.0	28.53	6.2345
8096.0	28.515	6.2345
8098.0	28.500999999999998	6.2345
8100.0	28.487	6.2345
8102.0	28.473000000000003	6.2345
8104.0	28.406999999999996	6.223
8106.0	28.393	6.223
8108.0	28.379	6.223
8110.0	28.313000000000002	6.2115
8112.0	28.299	6.2115
8114.0	28.285	6.2115
8116.0	28.245	6.2058
8118.0	28.230999999999998	6.2058
8120.0	28.165	6.1944
8122.0	28.099	6.183
8124.0	28.085	6.183
8126.0	28.02	6.1716
8128.0	28.006	6.1716
8130.0	27.991999999999997	6.1716
8132.0	27.979	6.1716
8134.0	27.939	6.1659
8136.0	27.925	6.1659
8138.0	27.912	6.1659
8140.0	27.846999999999998	6.1546
8142.0	27.833000000000002	6.1546
8144.0	27.819000000000003	6.1546
8146.0	27.805999999999997	6.1546
8148.0	27.843000000000004	6.1659
8150.0	27.855	6.1716
8152.0	27.893	6.183
8154.0	27.879	6.183
8156.0	27.916999999999998	6.1944
8158.0	27.903000000000002	6.1944
8160.0	27.889	6.1944
8162.0	27.875999999999998	6.1944
8164.0	27.862	6.1944
8166.0	27.796999999999997	6.183
8168.0	27.784000000000002	6.183
8170.0	27.77	6.183
8172.0	27.705	6.1716
8174.0	27.691999999999997	6.1716
8176.0	27.678	6.1716
8178.0	27.665	6.1716
8180.0	27.651	6.1716
8182.0	27.689	6.183
8184.0	27.675	6.183
8186.0	27.713	6.1944
8188.0	27.699	6.1944
8190.0	27.737	6.2058
8192.0	27.723000000000003	6.2058
8194.0	27.735	6.2115
8196.0	27.721999999999998	6.2115
8198.0	27.759	6.223
8200.0	27.746	6.223
8202.0	27.783	6.2345
8204.0	27.77	6.2345
8206.0	27.807	6.246
8208.0	27.743000000000002	6.2345
8210.0	27.729	6.2345
8212.0	27.715999999999998	6.2345
8214.0	27.701999999999998	6.2345
8216.0	27.689	6.2345
8218.0	27.675	6.2345
8220.0	27.662	6.2345
8222.0	27.648000000000003	6.2345
8224.0	27.635	6.2345
8226.0	27.621	6.2345
8228.0	27.659000000000002	6.246
8230.0	27.645	6.246
8232.0	27.656999999999996	6.2517
8234.0	27.644000000000002	6.2517
8236.0	27.680999999999997	6.2633
8238.0	27.668000000000003	6.2633
8240.0	27.705	6.2748
8242.0	27.691999999999997	6.2748
8244.0	27.704	6.2806
8246.0	27.741999999999997	6.2922
8248.0	27.728	6.2922
8250.0	27.766	6.3038
8252.0	27.753	6.3038
8254.0	27.79	6.3154
8256.0	27.726	6.3038
8258.0	27.712	6.3038
8260.0	27.699	6.3038
8262.0	27.685	6.3038
8264.0	27.621	6.2922
8266.0	27.608	6.2922
8268.0	27.594	6.2922
8270.0	27.581	6.2922
8272.0	27.568	6.2922
8274.0	27.504	6.2806
8276.0	27.465	6.2748
8278.0	27.451999999999998	6.2748
8280.0	27.388	6.2633
8282.0	27.375	6.2633
8284.0	27.311	6.2517
8286.0	27.298000000000002	6.2517
8288.0	27.335	6.2633
8290.0	27.322	6.2633
8292.0	27.359	6.2748
8294.0	27.371	6.2806
8296.0	27.408	6.2922
8298.0	27.395	6.2922
8300.0	27.381999999999998	6.2922
8302.0	27.369	6.2922
8304.0	27.355999999999998	6.2922
8306.0	27.291999999999998	6.2806
8308.0	27.254	6.2748
8310.0	27.266	6.2806
8312.0	27.303	6.2922
8314.0	27.34	6.3038
8316.0	27.377	6.3154
8318.0	27.389	6.3212
8320.0	27.427	6.3329
8322.0	27.464000000000002	6.3445
8324.0	27.451	6.3445
8326.0	27.438000000000002	6.3445
8328.0	27.425	6.3445
8330.0	27.410999999999998	6.3445
8332.0	27.398000000000003	6.3445
8334.0	27.385	6.3445
8336.0	27.322	6.3329
8338.0	27.308000000000003	6.3329
8340.0	27.295	6.3329
8342.0	27.281999999999996	6.3329
8344.0	27.269000000000002	6.3329
8346.0	27.256	6.3329
8348.0	27.243000000000002	6.3329
8350.0	27.23	6.3329
8352.0	27.217	6.3329
8354.0	27.204	6.3329
8356.0	27.191	6.3329
8358.0	27.178	6.3329
8360.0	27.165	6.3329
8362.0	27.101999999999997	6.3212
8364.0	27.089000000000002	6.3212
8366.0	27.076	6.3212
8368.0	27.113000000000003	6.3329
8370.0	27.1	6.3329
8372.0	27.136999999999997	6.3445
8374.0	27.174	6.3562
8376.0	27.186	6.3621
8378.0	27.223000000000003	6.3738
8380.0	27.26	6.3856
8382.0	27.247	6.3856
8384.0	27.234	6.3856
8386.0	27.221	6.3856
8388.0	27.209	6.3856
8390.0	27.195999999999998	6.3856
8392.0	27.131999999999998	6.3738
8394.0	27.12	6.3738
8396.0	27.107	6.3738
8398.0	27.094	6.3738
8400.0	27.131	6.3856
8402.0	27.118000000000002	6.3856
8404.0	27.18	6.4032
8406.0	27.166999999999998	6.4032
8408.0	27.154	6.4032
8410.0	27.116	6.3973
8412.0	27.053	6.3856
8414.0	27.041	6.3856
8416.0	26.978	6.3738
8418.0	26.915	6.3621
8420.0	26.878	6.3562
8422.0	26.865	6.3562
8424.0	26.851999999999997	6.3562
8426.0	26.84	6.3562
8428.0	26.851999999999997	6.3621
8430.0	26.888	6.3738
8432.0	26.875999999999998	6.3738
8434.0	26.863000000000003	6.3738
8436.0	26.85	6.3738
8438.0	26.837	6.3738
8440.0	26.825	6.3738
8442.0	26.811999999999998	6.3738
8444.0	26.799	6.3738
8446.0	26.787	6.3738
8448.0	26.774	6.3738
8450.0	26.712	6.3621
8452.0	26.699	6.3621
8454.0	26.686999999999998	6.3621
8456.0	26.674	6.3621
8458.0	26.660999999999998	6.3621
8460.0	26.649	6.3621
8462.0	26.636	6.3621
8464.0	26.673000000000002	6.3738
8466.0	26.66	6.3738
8468.0	26.648000000000003	6.3738
8470.0	26.635	6.3738
8472.0	26.622	6.3738
8474.0	26.561	6.3621
8476.0	26.524	6.3562
8478.0	26.511	6.3562
8480.0	26.45	6.3445
8482.0	26.438000000000002	6.3445
8484.0	26.377	6.3329
8486.0	26.364	6.3329
8488.0	26.351999999999997	6.3329
8490.0	26.339000000000002	6.3329
8492.0	26.375999999999998	6.3445
8494.0	26.363000000000003	6.3445
8496.0	26.351	6.3445
8498.0	26.338	6.3445
8500.0	26.326	6.3445
8502.0	26.314	6.3445
8504.0	26.253	6.3329
8506.0	26.191999999999997	6.3212
8508.0	26.156	6.3154
8510.0	26.143	6.3154
8512.0	26.083000000000002	6.3038
8514.0	26.070999999999998	6.3038
8516.0	26.059	6.3038
8518.0	26.046	6.3038
8520.0	26.034000000000002	6.3038
8522.0	26.022	6.3038
8524.0	26.058000000000003	6.3154
8526.0	26.045	6.3154
8528.0	26.105	6.3329
8530.0	26.141	6.3445
8532.0	26.177	6.3562
8534.0	26.237	6.3738
8536.0	26.273000000000003	6.3856
8538.0	26.309	6.3973
8540.0	26.320999999999998	6.4032
8542.0	26.357	6.415
8544.0	26.345	6.415
8546.0	26.333000000000002	6.415
8548.0	26.32	6.415
8550.0	26.308000000000003	6.415
8552.0	26.296	6.415
8554.0	26.283	6.415
8556.0	26.223000000000003	6.4032
8558.0	26.21	6.4032
8560.0	26.174	6.3973
8562.0	26.114	6.3856
8564.0	26.054000000000002	6.3738
8566.0	26.041	6.3738
8568.0	25.980999999999998	6.3621
8570.0	25.945	6.3562
8572.0	25.933000000000003	6.3562
8574.0	25.921	6.3562
8576.0	25.909000000000002	6.3562
8578.0	25.897	6.3562
8580.0	25.909000000000002	6.3621
8582.0	25.897	6.3621
8584.0	25.932	6.3738
8586.0	25.92	6.3738
8588.0	25.956	6.3856
8590.0	25.944000000000003	6.3856
8592.0	25.884	6.3738
8594.0	25.872	6.3738
8596.0	25.789	6.3562
8598.0	25.729	6.3445
8600.0	25.67	6.3329
8602.0	25.658	6.3329
8604.0	25.575	6.3154
8606.0	25.516	6.3038
8608.0	25.505	6.3038
8610.0	25.445999999999998	6.2922
8612.0	25.386999999999997	6.2806
8614.0	25.351999999999997	6.2748
8616.0	25.34	6.2748
8618.0	25.328000000000003	6.2748
8620.0	25.386999999999997	6.2922
8622.0	25.421999999999997	6.3038
8624.0	25.456999999999997	6.3154
8626.0	25.468000000000004	6.3212
8628.0	25.504	6.3329
8630.0	25.491999999999997	6.3329
8632.0	25.48	6.3329
8634.0	25.468000000000004	6.3329
8636.0	25.409000000000002	6.3212
8638.0	25.374000000000002	6.3154
8640.0	25.363000000000003	6.3154
8642.0	25.304000000000002	6.3038
8644.0	25.293000000000003	6.3038
8646.0	25.281	6.3038
8648.0	25.269000000000002	6.3038
8650.0	25.304000000000002	6.3154
8652.0	25.315	6.3212
8654.0	25.351	6.3329
8656.0	25.386	6.3445
8658.0	25.421	6.3562
8660.0	25.479	6.3738
8662.0	25.467	6.3738
8664.0	25.456	6.3738
8666.0	25.444000000000003	6.3738
8668.0	25.432	6.3738
8670.0	25.42	6.3738
8672.0	25.409000000000002	6.3738
8674.0	25.35	6.3621
8676.0	25.315	6.3562
8678.0	25.304000000000002	6.3562
8680.0	25.291999999999998	6.3562
8682.0	25.234	6.3445
8684.0	25.221999999999998	6.3445
8686.0	25.211	6.3445
8688.0	25.151999999999997	6.3329
8690.0	25.095	6.3212
8692.0	25.06	6.3154
8694.0	25.002	6.3038
8696.0	24.945	6.2922
8698.0	24.886999999999997	6.2806
8700.0	24.875999999999998	6.2806
8702.0	24.865	6.2806
8704.0	24.899	6.2922
8706.0	24.934	6.3038
8708.0	24.921999999999997	6.3038
8710.0	24.956999999999997	6.3154
8712.0	25.014	6.3329
8714.0	25.049	6.3445
8716.0	25.083000000000002	6.3562
8718.0	25.095	6.3621
8720.0	25.176	6.3856
8722.0	25.211	6.3973
8724.0	25.221999999999998	6.4032
8726.0	25.211	6.4032
8728.0	25.246	6.415
8730.0	25.234	6.415
8732.0	25.269000000000002	6.4269
8734.0	25.258000000000003	6.4269
8736.0	25.316	6.4446
8738.0	25.351	6.4565
8740.0	25.339000000000002	6.4565
8742.0	25.375	6.4685
8744.0	25.386	6.4744
8746.0	25.375	6.4744
8748.0	25.363000000000003	6.4744
8750.0	25.351999999999997	6.4744
8752.0	25.316999999999997	6.4685
8754.0	25.259	6.4565
8756.0	25.2	6.4446
8758.0	25.166	6.4387
8760.0	25.061999999999998	6.415
8762.0	25.004	6.4032
8764.0	24.924	6.3856
8766.0	24.866999999999997	6.3738
8768.0	24.81	6.3621
8770.0	24.775	6.3562
8772.0	24.719	6.3445
8774.0	24.616	6.3212
8776.0	24.537	6.3038
8778.0	24.436	6.2806
8780.0	24.313000000000002	6.2517
8782.0	24.234	6.2345
8784.0	24.112	6.2058
8786.0	24.013	6.183
8788.0	23.891	6.1546
8790.0	23.88	6.1546
8792.0	23.914	6.1659
8794.0	23.903000000000002	6.1659
8796.0	23.958000000000002	6.183
8798.0	24.058000000000003	6.2115
8800.0	24.18	6.246
8802.0	24.281	6.2748
8804.0	24.381999999999998	6.3038
8806.0	24.483	6.3329
8808.0	24.561999999999998	6.3562
8810.0	24.619	6.3738
8812.0	24.653000000000002	6.3856
8814.0	24.686999999999998	6.3973
8816.0	24.699	6.4032
8818.0	24.688000000000002	6.4032
8820.0	24.676	6.4032
8822.0	24.711	6.415
8824.0	24.7	6.415
8826.0	24.734	6.4269
8828.0	24.768	6.4387
8830.0	24.78	6.4446
8832.0	24.769000000000002	6.4446
8834.0	24.803	6.4565
8836.0	24.838	6.4685
8838.0	24.826	6.4685
8840.0	24.884	6.4863
8842.0	24.918000000000003	6.4983
8844.0	24.906999999999996	6.4983
8846.0	24.896	6.4983
8848.0	24.885	6.4983
8850.0	24.873	6.4983
8852.0	24.862	6.4983
8854.0	24.851	6.4983
8856.0	24.84	6.4983
8858.0	24.783	6.4863
8860.0	24.703000000000003	6.4685
8862.0	24.601	6.4446
8864.0	24.476999999999997	6.415
8866.0	24.354	6.3856
8868.0	24.230999999999998	6.3562
8870.0	24.131	6.3329
8872.0	24.009	6.3038
8874.0	23.844	6.2633
8876.0	23.724	6.2345
8878.0	23.625999999999998	6.2115
8880.0	23.506999999999998	6.183
8882.0	23.496	6.183
8884.0	23.421	6.1659
8886.0	23.432	6.1716
8888.0	23.508000000000003	6.1944
8890.0	23.605999999999998	6.223
8892.0	23.682	6.246
8894.0	23.737	6.2633
8896.0	23.836	6.2922
8898.0	23.913	6.3154
8900.0	24.013	6.3445
8902.0	24.156999999999996	6.3856
8904.0	24.258000000000003	6.415
8906.0	24.291999999999998	6.4269
8908.0	24.348000000000003	6.4446
8910.0	24.427	6.4685
8912.0	24.371	6.4565
8914.0	24.315	6.4446
8916.0	24.304000000000002	6.4446
8918.0	24.271	6.4387
8920.0	24.215	6.4269
8922.0	24.205	6.4269
8924.0	24.194000000000003	6.4269
8926.0	24.183000000000003	6.4269
8928.0	24.171999999999997	6.4269
8930.0	24.160999999999998	6.4269
8932.0	24.15	6.4269
8934.0	24.14	6.4269
8936.0	24.084	6.415
8938.0	24.074	6.415
8940.0	24.018	6.4032
8942.0	23.941999999999997	6.3856
8944.0	23.843000000000004	6.3621
8946.0	23.766	6.3445
8948.0	23.668000000000003	6.3212
8950.0	23.549	6.2922
8952.0	23.474	6.2748
8954.0	23.377	6.2517
8956.0	23.302	6.2345
8958.0	23.206	6.2115
8960.0	23.195999999999998	6.2115
8962.0	23.185	6.2115
8964.0	23.175	6.2115
8966.0	23.206999999999997	6.223
8968.0	23.24	6.2345
8970.0	23.294	6.2517
8972.0	23.369	6.2748
8974.0	23.423000000000002	6.2922
8976.0	23.499000000000002	6.3154
8978.0	23.554000000000002	6.3329
8980.0	23.543000000000003	6.3329
8982.0	23.576	6.3445
8984.0	23.609	6.3562
8986.0	23.599	6.3562
8988.0	23.588	6.3562
8990.0	23.599	6.3621
8992.0	23.631999999999998	6.3738
8994.0	23.666	6.3856
8996.0	23.655	6.3856
8998.0	23.644000000000002	6.3856
9000.0	23.634	6.3856
9002.0	23.623	6.3856
9004.0	23.656	6.3973
9006.0	23.668000000000003	6.4032
9008.0	23.701	6.415
9010.0	23.734	6.4269
9012.0	23.767	6.4387
9014.0	23.778000000000002	6.4446
9016.0	23.811999999999998	6.4565
9018.0	23.801	6.4565
9020.0	23.835	6.4685
9022.0	23.824	6.4685
9024.0	23.814	6.4685
9026.0	23.803	6.4685
9028.0	23.791999999999998	6.4685
9030.0	23.781999999999996	6.4685
9032.0	23.728	6.4565
9034.0	23.673000000000002	6.4446
9036.0	23.598000000000003	6.4269
9038.0	23.544	6.415
9040.0	23.425	6.3856
9042.0	23.329	6.3621
9044.0	23.254	6.3445
9046.0	23.136999999999997	6.3154
9048.0	22.999000000000002	6.2806
9050.0	22.884	6.2517
9052.0	22.726	6.2115
9054.0	22.612	6.183
9056.0	22.498	6.1546
9058.0	22.385	6.1263
9060.0	22.272	6.0982
9062.0	22.180999999999997	6.0757
9064.0	22.11	6.059
9066.0	22.019000000000002	6.0367
9068.0	21.968000000000004	6.0256
9070.0	21.959	6.0256
9072.0	21.949	6.0256
9074.0	21.939	6.0256
9076.0	21.97	6.0367
9078.0	22.000999999999998	6.0478
9080.0	21.991	6.0478
9082.0	22.022	6.059
9084.0	22.011999999999997	6.059
9086.0	22.023000000000003	6.0646
9088.0	21.951999999999998	6.0478
9090.0	21.943	6.0478
9092.0	21.893	6.0367
9094.0	21.883000000000003	6.0367
9096.0	21.874000000000002	6.0367
9098.0	21.864	6.0367
9100.0	21.854	6.0367
9102.0	21.845	6.0367
9104.0	21.835	6.0367
9106.0	21.826	6.0367
9108.0	21.816	6.0367
9110.0	21.766	6.0256
9112.0	21.737	6.02
9114.0	21.686999999999998	6.009
9116.0	21.638	5.9979
9118.0	21.588	5.9869
9120.0	21.559	5.9814
9122.0	21.51	5.9703
9124.0	21.461	5.9594
9126.0	21.412	5.9484
9128.0	21.383000000000003	5.9429
9130.0	21.334	5.932
9132.0	21.285999999999998	5.9211
9134.0	21.256999999999998	5.9156
9136.0	21.169	5.8939
9138.0	21.101999999999997	5.8776
9140.0	21.015	5.856
9142.0	20.948	5.8398
9144.0	20.862	5.8183
9146.0	20.795	5.8023
9148.0	20.709	5.7809
9150.0	20.605	5.7544
9152.0	20.502	5.728
9154.0	20.455	5.7174
9156.0	20.352	5.6911
9158.0	20.268	5.6702
9160.0	20.241	5.665
9162.0	20.195	5.6546
9164.0	20.149	5.6441
9166.0	20.177	5.6546
9168.0	20.224	5.6702
9170.0	20.29	5.6911
9172.0	20.337	5.7069
9174.0	20.403	5.728
9176.0	20.489	5.7544
9178.0	20.517	5.765
9180.0	20.565	5.7809
9182.0	20.631999999999998	5.8023
9184.0	20.68	5.8183
9186.0	20.709	5.8291
9188.0	20.758000000000003	5.8452
9190.0	20.749000000000002	5.8452
9192.0	20.778000000000002	5.856
9194.0	20.769000000000002	5.856
9196.0	20.76	5.856
9198.0	20.750999999999998	5.856
9200.0	20.78	5.8668
