3200.0	33.214	1.1345
3201.0	33.224000000000004	1.1355
3202.0	33.295	1.1387
3203.0	33.397	1.1429
3204.0	33.499	1.1471
3205.0	33.233000000000004	1.1387
3206.0	32.786	1.1241
3207.0	32.555	1.1169
3208.0	32.326	1.1097
3209.0	31.892	1.0955
3210.0	31.29	1.0755
3211.0	31.185	1.0725
3212.0	31.92	1.0985
3213.0	32.554	1.121
3214.0	32.955999999999996	1.1355
3215.0	33.363	1.1503
3216.0	33.311	1.1492
3217.0	33.29	1.1492
3218.0	32.965	1.1387
3219.0	32.641999999999996	1.1282
3220.0	32.532	1.1251
3221.0	32.512	1.1251
3222.0	32.491	1.1251
3223.0	32.531	1.1272
3224.0	32.631	1.1314
3225.0	32.731	1.1355
3226.0	32.953	1.1439
3227.0	33.298	1.1566
3228.0	33.524	1.1652
3229.0	33.689	1.1717
3230.0	33.792	1.176
3231.0	33.74	1.1749
3232.0	33.657	1.1727
3233.0	33.635999999999996	1.1727
3234.0	33.616	1.1727
3235.0	33.595	1.1727
3236.0	33.574	1.1727
3237.0	33.522	1.1717
3238.0	33.317	1.1652
3239.0	33.082	1.1577
3240.0	32.639	1.1429
3241.0	32.2	1.1282
3242.0	31.739	1.1128
3243.0	31.342	1.0995
3244.0	31.206999999999997	1.0955
3245.0	31.074	1.0914
3246.0	31.313000000000002	1.1005
3247.0	31.641	1.1128
3248.0	31.944000000000003	1.1241
3249.0	32.249	1.1355
3250.0	32.708	1.1524
3251.0	33.141999999999996	1.1684
3252.0	32.94	1.162
3253.0	32.348	1.1418
3254.0	31.855	1.1251
3255.0	31.544	1.1148
3256.0	31.409000000000002	1.1107
3257.0	31.768	1.1241
3258.0	32.071999999999996	1.1355
3259.0	32.348	1.146
3260.0	32.658	1.1577
3261.0	32.101	1.1387
3262.0	31.583000000000002	1.121
3263.0	31.768	1.1282
3264.0	32.042	1.1387
3265.0	32.23	1.146
3266.0	32.329	1.1503
3267.0	32.279	1.1492
3268.0	32.082	1.1429
3269.0	32.032	1.1418
3270.0	32.161	1.1471
3271.0	32.319	1.1534
3272.0	32.418	1.1577
3273.0	32.488	1.1609
3274.0	32.141	1.1492
3275.0	31.769000000000002	1.1366
3276.0	32.191	1.1524
3277.0	32.619	1.1684
3278.0	32.629	1.1695
3279.0	32.579	1.1684
3280.0	32.439	1.1641
3281.0	32.211	1.1566
3282.0	32.103	1.1534
3283.0	32.083	1.1534
3284.0	31.975	1.1503
3285.0	31.663	1.1397
3286.0	31.44	1.1324
3287.0	31.537	1.1366
3288.0	31.576	1.1387
3289.0	31.239	1.1272
3290.0	30.848000000000003	1.1138
3291.0	30.631	1.1066
3292.0	30.444000000000003	1.1005
3293.0	30.51	1.1036
3294.0	30.576	1.1066
3295.0	30.585	1.1076
3296.0	30.538	1.1066
3297.0	30.436	1.1036
3298.0	30.276999999999997	1.0985
3299.0	30.203000000000003	1.0965
3300.0	30.351999999999997	1.1026
3301.0	30.445999999999998	1.1066
3302.0	30.344	1.1036
3303.0	30.325	1.1036
3304.0	30.307	1.1036
3305.0	30.289	1.1036
3306.0	29.965	1.0924
3307.0	29.563000000000002	1.0785
3308.0	29.682	1.0834
3309.0	30.021	1.0965
3310.0	30.281	1.1066
3311.0	30.541999999999998	1.1169
3312.0	30.721	1.1241
3313.0	30.788	1.1272
3314.0	30.769000000000002	1.1272
3315.0	30.469	1.1169
3316.0	30.281999999999996	1.1107
3317.0	30.77	1.1293
3318.0	31.295	1.1492
3319.0	31.594	1.1609
3320.0	31.956	1.1749
3321.0	32.260999999999996	1.1869
3322.0	32.66	1.2023
3323.0	32.431	1.1945
3324.0	32.025999999999996	1.1803
3325.0	31.889	1.176
3326.0	31.987	1.1803
3327.0	32.234	1.1901
3328.0	32.543	1.2023
3329.0	32.824	1.2134
3330.0	32.654	1.2078
3331.0	32.604	1.2067
3332.0	32.675	1.21
3333.0	32.775	1.2145
3334.0	32.455999999999996	1.2034
3335.0	32.139	1.1923
3336.0	32.297	1.1989
3337.0	32.577	1.21
3338.0	32.768	1.2179
3339.0	32.93	1.2246
3340.0	33.031	1.2291
3341.0	33.042	1.2303
3342.0	33.114000000000004	1.2337
3343.0	33.216	1.2382
3344.0	33.288000000000004	1.2417
3345.0	33.268	1.2417
3346.0	33.248000000000005	1.2417
3347.0	33.443000000000005	1.2497
3348.0	33.671	1.2589
3349.0	33.836999999999996	1.2659
3350.0	34.035	1.2741
3351.0	33.89	1.2694
3352.0	33.745	1.2647
3353.0	33.632	1.2612
3354.0	33.611999999999995	1.2612
3355.0	33.499	1.2578
3356.0	33.233000000000004	1.2485
3357.0	33.0	1.2405
3358.0	32.829	1.2348
3359.0	32.779	1.2337
3360.0	33.185	1.2497
3361.0	33.596	1.2659
3362.0	33.268	1.2543
3363.0	32.913000000000004	1.2417
3364.0	33.015	1.2462
3365.0	33.178000000000004	1.2531
3366.0	33.036	1.2485
3367.0	32.744	1.2382
3368.0	32.725	1.2382
3369.0	32.826	1.2428
3370.0	32.897	1.2462
3371.0	32.938	1.2485
3372.0	32.919000000000004	1.2485
3373.0	32.93	1.2497
3374.0	32.91	1.2497
3375.0	33.195	1.2612
3376.0	33.421	1.2706
3377.0	33.064	1.2578
3378.0	32.650999999999996	1.2428
3379.0	32.391999999999996	1.2337
3380.0	32.165	1.2257
3381.0	32.265	1.2303
3382.0	32.544000000000004	1.2417
3383.0	32.645	1.2462
3384.0	32.536	1.2428
3385.0	32.397	1.2382
3386.0	32.259	1.2337
3387.0	32.150999999999996	1.2303
3388.0	32.102	1.2291
3389.0	32.024	1.2269
3390.0	32.094	1.2303
3391.0	32.134	1.2325
3392.0	31.938000000000002	1.2257
3393.0	31.802	1.2212
3394.0	31.695999999999998	1.2179
3395.0	31.589000000000002	1.2145
3396.0	31.484	1.2112
3397.0	31.436	1.21
3398.0	31.36	1.2078
3399.0	31.284000000000002	1.2056
3400.0	31.294	1.2067
3401.0	31.594	1.219
3402.0	31.868000000000002	1.2303
3403.0	31.936999999999998	1.2337
3404.0	31.948	1.2348
3405.0	32.016999999999996	1.2382
3406.0	32.086999999999996	1.2417
3407.0	32.068000000000005	1.2417
3408.0	32.049	1.2417
3409.0	32.001	1.2405
3410.0	31.924	1.2382
3411.0	31.758000000000003	1.2325
3412.0	31.478	1.2224
3413.0	31.43	1.2212
3414.0	31.701999999999998	1.2325
3415.0	31.918000000000003	1.2417
3416.0	31.988000000000003	1.2451
3417.0	32.086999999999996	1.2497
3418.0	32.157	1.2531
3419.0	32.287	1.2589
3420.0	32.119	1.2531
3421.0	31.983	1.2485
3422.0	31.788	1.2417
3423.0	31.565	1.2337
3424.0	31.518	1.2325
3425.0	31.528000000000002	1.2337
3426.0	31.51	1.2337
3427.0	31.404	1.2303
3428.0	31.386	1.2303
3429.0	31.686999999999998	1.2428
3430.0	31.962	1.2543
3431.0	32.061	1.2589
3432.0	32.22	1.2659
3433.0	32.083	1.2612
3434.0	32.005	1.2589
3435.0	31.839000000000002	1.2531
3436.0	31.558000000000003	1.2428
3437.0	31.802	1.2531
3438.0	32.286	1.2729
3439.0	32.716	1.2906
3440.0	33.181999999999995	1.3098
3441.0	33.5	1.3231
3442.0	33.605	1.328
3443.0	33.616	1.3292
3444.0	33.473	1.3243
3445.0	33.239000000000004	1.3158
3446.0	32.885	1.3026
3447.0	32.534	1.2894
3448.0	32.426	1.2859
3449.0	32.407	1.2859
3450.0	32.477	1.2894
3451.0	32.548	1.293
3452.0	32.56	1.2942
3453.0	32.541	1.2942
3454.0	32.253	1.2835
3455.0	31.822	1.2671
3456.0	31.541	1.2566
3457.0	31.435	1.2531
3458.0	31.416999999999998	1.2531
3459.0	31.807	1.2694
3460.0	32.141999999999996	1.2835
3461.0	32.39	1.2942
3462.0	32.671	1.3062
3463.0	32.383	1.2954
3464.0	32.067	1.2835
3465.0	32.138000000000005	1.2871
3466.0	32.385999999999996	1.2978
3467.0	32.368	1.2978
3468.0	32.171	1.2906
3469.0	32.034	1.2859
3470.0	32.104	1.2894
3471.0	32.086	1.2894
3472.0	31.979	1.2859
3473.0	31.901	1.2835
3474.0	32.149	1.2942
3475.0	32.427	1.3062
3476.0	32.648	1.3158
3477.0	32.900999999999996	1.3268
3478.0	32.611	1.3158
3479.0	32.234	1.3014
3480.0	31.949	1.2906
3481.0	31.697	1.2811
3482.0	31.533	1.2753
3483.0	31.486	1.2741
3484.0	31.497	1.2753
3485.0	31.653000000000002	1.2823
3486.0	31.723000000000003	1.2859
3487.0	31.733	1.2871
3488.0	31.803	1.2906
3489.0	31.99	1.299
3490.0	32.179	1.3074
3491.0	32.131	1.3062
3492.0	32.024	1.3026
3493.0	32.54	1.3243
3494.0	33.249	1.3539
3495.0	33.321999999999996	1.3577
3496.0	32.967	1.344
3497.0	32.646	1.3317
3498.0	32.537	1.328
3499.0	32.429	1.3243
3500.0	32.38	1.3231
3501.0	32.361999999999995	1.3231
3502.0	32.463	1.328
3503.0	32.534	1.3317
3504.0	32.455999999999996	1.3292
3505.0	32.407	1.328
3506.0	32.689	1.3403
3507.0	33.033	1.3552
3508.0	32.984	1.3539
3509.0	32.753	1.3452
3510.0	32.735	1.3452
3511.0	32.806	1.349
3512.0	32.909	1.3539
3513.0	32.92	1.3552
3514.0	32.961999999999996	1.3577
3515.0	32.883	1.3552
3516.0	32.864000000000004	1.3552
3517.0	32.846	1.3552
3518.0	32.887	1.3577
3519.0	32.869	1.3577
3520.0	32.85	1.3577
3521.0	32.741	1.3539
3522.0	32.602	1.349
3523.0	32.794000000000004	1.3577
3524.0	33.201	1.3753
3525.0	33.397	1.3842
3526.0	33.286	1.3804
3527.0	33.114000000000004	1.374
3528.0	32.731	1.3589
3529.0	32.413000000000004	1.3465
3530.0	32.157	1.3366
3531.0	31.844	1.3243
3532.0	31.709	1.3195
3533.0	31.487	1.311
3534.0	31.383000000000003	1.3074
3535.0	31.336	1.3062
3536.0	31.346999999999998	1.3074
3537.0	31.386999999999997	1.3098
3538.0	31.311999999999998	1.3074
3539.0	31.093000000000004	1.299
3540.0	31.131999999999998	1.3014
3541.0	31.374000000000002	1.3122
3542.0	31.646	1.3243
3543.0	31.715999999999998	1.328
3544.0	31.785999999999998	1.3317
3545.0	31.768	1.3317
3546.0	31.75	1.3317
3547.0	31.355	1.3158
3548.0	30.85	1.2954
3549.0	30.804000000000002	1.2942
3550.0	30.815	1.2954
3551.0	30.997	1.3038
3552.0	31.353	1.3195
3553.0	31.421999999999997	1.3231
3554.0	31.230999999999998	1.3158
3555.0	31.214000000000002	1.3158
3556.0	31.513	1.3292
3557.0	31.787	1.3415
3558.0	31.975	1.3502
3559.0	32.134	1.3577
3560.0	31.91	1.349
3561.0	31.599	1.3366
3562.0	31.785999999999998	1.3452
3563.0	32.062	1.3577
3564.0	32.044000000000004	1.3577
3565.0	31.967	1.3552
3566.0	31.802	1.349
3567.0	31.464000000000002	1.3354
3568.0	31.36	1.3317
3569.0	31.660999999999998	1.3452
3570.0	31.877	1.3552
3571.0	31.655	1.3465
3572.0	31.491999999999997	1.3403
3573.0	31.59	1.3452
3574.0	31.66	1.349
3575.0	31.759	1.3539
3576.0	31.829	1.3577
3577.0	31.753	1.3552
3578.0	31.677	1.3527
3579.0	31.572	1.349
3580.0	31.467	1.3452
3581.0	31.363000000000003	1.3415
3582.0	31.403000000000002	1.344
3583.0	31.385	1.344
3584.0	31.31	1.3415
3585.0	31.379	1.3452
3586.0	31.565	1.3539
3587.0	31.78	1.3639
3588.0	31.733	1.3627
3589.0	31.686	1.3614
3590.0	31.698	1.3627
3591.0	31.768	1.3665
3592.0	31.868000000000002	1.3715
3593.0	31.967	1.3766
3594.0	31.92	1.3753
3595.0	31.697	1.3665
3596.0	31.505	1.3589
3597.0	31.488000000000003	1.3589
3598.0	31.47	1.3589
3599.0	31.337	1.3539
3600.0	31.233	1.3502
3601.0	31.302	1.3539
3602.0	31.4	1.3589
3603.0	31.849	1.3791
3604.0	32.274	1.3983
3605.0	32.345	1.4022
3606.0	32.327	1.4022
3607.0	32.459	1.4086
3608.0	32.771	1.423
3609.0	32.904	1.4295
3610.0	32.946	1.4322
3611.0	32.867	1.4295
3612.0	32.698	1.423
3613.0	32.47	1.4138
3614.0	32.273	1.406
3615.0	32.048	1.397
3616.0	31.766	1.3855
3617.0	31.515	1.3753
3618.0	31.79	1.388
3619.0	32.096	1.4022
3620.0	32.345	1.4138
3621.0	32.536	1.423
3622.0	32.608000000000004	1.4269
3623.0	32.44	1.4204
3624.0	32.363	1.4177
3625.0	32.256	1.4138
3626.0	32.178000000000004	1.4112
3627.0	32.042	1.406
3628.0	31.936	1.4022
3629.0	31.831	1.3983
3630.0	31.695999999999998	1.3932
3631.0	31.796	1.3983
3632.0	31.954	1.406
3633.0	31.849	1.4022
3634.0	31.625999999999998	1.3932
3635.0	31.638	1.3944
3636.0	31.796	1.4022
3637.0	31.808000000000003	1.4035
3638.0	31.673000000000002	1.3983
3639.0	31.54	1.3932
3640.0	31.435	1.3893
3641.0	31.418000000000003	1.3893
3642.0	31.72	1.4035
3643.0	32.085	1.4204
3644.0	32.126	1.423
3645.0	32.198	1.4269
3646.0	31.973000000000003	1.4177
3647.0	31.691999999999997	1.406
3648.0	31.674	1.406
3649.0	31.833000000000002	1.4138
3650.0	31.844	1.4151
3651.0	31.739	1.4112
3652.0	31.605	1.406
3653.0	31.53	1.4035
3654.0	31.397	1.3983
3655.0	31.063000000000002	1.3842
3656.0	30.761999999999997	1.3715
3657.0	30.858	1.3766
3658.0	31.011999999999997	1.3842
3659.0	31.281999999999996	1.397
3660.0	31.525	1.4086
3661.0	31.624000000000002	1.4138
3662.0	31.607	1.4138
3663.0	31.881999999999998	1.4269
3664.0	32.486999999999995	1.4548
3665.0	32.619	1.4615
3666.0	31.947	1.4322
3667.0	31.346999999999998	1.406
3668.0	31.043000000000003	1.3932
3669.0	30.798000000000002	1.3829
3670.0	31.124000000000002	1.3983
3671.0	31.480999999999998	1.4151
3672.0	31.32	1.4086
3673.0	31.159000000000002	1.4022
3674.0	31.228	1.406
3675.0	31.384	1.4138
3676.0	31.57	1.423
3677.0	31.785999999999998	1.4335
3678.0	31.826999999999998	1.4361
3679.0	31.721999999999998	1.4322
3680.0	31.588	1.4269
3681.0	31.570999999999998	1.4269
3682.0	31.554000000000002	1.4269
3683.0	31.799	1.4388
3684.0	31.988000000000003	1.4481
3685.0	31.910999999999998	1.4454
3686.0	31.835	1.4428
3687.0	31.73	1.4388
3688.0	31.655	1.4361
3689.0	31.434	1.4269
3690.0	31.158	1.4151
3691.0	30.941	1.406
3692.0	30.81	1.4009
3693.0	30.709	1.397
3694.0	30.805999999999997	1.4022
3695.0	30.874000000000002	1.406
3696.0	30.971	1.4112
3697.0	31.04	1.4151
3698.0	31.023000000000003	1.4151
3699.0	31.064	1.4177
3700.0	30.904	1.4112
3701.0	30.774	1.406
3702.0	30.871	1.4112
3703.0	31.054000000000002	1.4204
3704.0	31.295	1.4322
3705.0	31.51	1.4428
3706.0	31.551	1.4454
3707.0	31.447	1.4415
3708.0	31.372	1.4388
3709.0	31.441999999999997	1.4428
3710.0	31.483	1.4454
3711.0	31.465999999999998	1.4454
3712.0	31.449	1.4454
3713.0	31.374000000000002	1.4428
3714.0	31.271	1.4388
3715.0	31.254	1.4388
3716.0	31.179000000000002	1.4361
3717.0	31.364	1.4454
3718.0	31.754	1.4642
3719.0	31.884	1.471
3720.0	31.778000000000002	1.4669
3721.0	31.703000000000003	1.4642
3722.0	31.686	1.4642
3723.0	31.669	1.4642
3724.0	31.798000000000002	1.471
3725.0	31.928	1.4777
3726.0	31.822	1.4737
3727.0	31.688000000000002	1.4682
3728.0	31.788	1.4737
3729.0	31.859	1.4777
3730.0	31.901	1.4805
3731.0	31.884	1.4805
3732.0	31.984	1.4859
3733.0	32.144	1.4942
3734.0	32.395	1.5066
3735.0	32.586	1.5163
3736.0	32.72	1.5234
3737.0	32.343	1.5066
3738.0	32.029	1.4928
3739.0	31.689	1.4777
3740.0	31.324	1.4615
3741.0	31.365	1.4642
3742.0	31.493000000000002	1.471
3743.0	31.738000000000003	1.4832
3744.0	32.074	1.4997
3745.0	32.116	1.5024
3746.0	31.980999999999998	1.4969
3747.0	31.964000000000002	1.4969
3748.0	32.064	1.5024
3749.0	32.047	1.5024
3750.0	31.766	1.49
3751.0	31.545	1.4805
3752.0	31.644000000000002	1.4859
3753.0	31.773000000000003	1.4928
3754.0	31.552	1.4832
3755.0	31.419	1.4777
3756.0	31.316	1.4737
3757.0	31.241999999999997	1.471
3758.0	31.283	1.4737
3759.0	31.469	1.4832
3760.0	31.539	1.4873
3761.0	31.435	1.4832
3762.0	31.361	1.4805
3763.0	31.285999999999998	1.4777
3764.0	31.241	1.4764
3765.0	31.109	1.471
3766.0	31.006999999999998	1.4669
3767.0	31.191	1.4764
3768.0	31.375999999999998	1.4859
3769.0	31.359	1.4859
3770.0	31.285	1.4832
3771.0	31.269000000000002	1.4832
3772.0	31.31	1.4859
3773.0	31.379	1.49
3774.0	31.508000000000003	1.4969
3775.0	31.695	1.5066
3776.0	31.824	1.5136
3777.0	31.984	1.5219
3778.0	31.908	1.5191
3779.0	31.831999999999997	1.5163
3780.0	31.408	1.4969
3781.0	30.96	1.4764
3782.0	30.745	1.4669
3783.0	30.531	1.4575
3784.0	30.515	1.4575
3785.0	30.584	1.4615
3786.0	30.624000000000002	1.4642
3787.0	30.664	1.4669
3788.0	30.648000000000003	1.4669
3789.0	30.575	1.4642
3790.0	30.419	1.4575
3791.0	30.096	1.4428
3792.0	29.75	1.4269
3793.0	29.651999999999997	1.423
3794.0	29.473000000000003	1.4151
3795.0	29.621	1.423
3796.0	29.741999999999997	1.4295
3797.0	30.112	1.4481
3798.0	30.515	1.4682
3799.0	30.695999999999998	1.4777
3800.0	31.135	1.4997
3801.0	31.263	1.5066
3802.0	31.39	1.5136
3803.0	31.432	1.5163
3804.0	31.156	1.5038
3805.0	30.796999999999997	1.4873
3806.0	30.583000000000002	1.4777
3807.0	30.483	1.4737
3808.0	30.467	1.4737
3809.0	30.535	1.4777
3810.0	30.688000000000002	1.4859
3811.0	30.899	1.4969
3812.0	31.14	1.5094
3813.0	31.325	1.5191
3814.0	31.395	1.5234
3815.0	31.379	1.5234
3816.0	31.478	1.529
3817.0	31.403000000000002	1.5262
3818.0	31.185	1.5163
3819.0	31.026	1.5094
3820.0	31.095	1.5136
3821.0	31.136	1.5163
3822.0	31.177	1.5191
3823.0	31.160999999999998	1.5191
3824.0	31.289	1.5262
3825.0	31.561999999999998	1.5403
3826.0	31.72	1.5488
3827.0	31.732	1.5502
3828.0	31.483	1.5389
3829.0	31.149	1.5234
3830.0	31.046999999999997	1.5191
3831.0	31.174	1.5262
3832.0	31.302	1.5332
3833.0	31.256999999999998	1.5318
3834.0	31.068	1.5234
3835.0	30.965999999999998	1.5191
3836.0	30.893	1.5163
3837.0	31.076999999999998	1.5262
3838.0	31.319000000000003	1.5389
3839.0	31.447	1.546
3840.0	31.489	1.5488
3841.0	31.705	1.5603
3842.0	31.864	1.5689
3843.0	31.936	1.5733
3844.0	31.978	1.5762
3845.0	31.815	1.5689
3846.0	31.680999999999997	1.5631
3847.0	31.723000000000003	1.566
3848.0	31.912	1.5762
3849.0	32.042	1.5834
3850.0	32.085	1.5864
3851.0	31.95	1.5805
3852.0	31.934	1.5805
3853.0	31.976	1.5834
3854.0	32.107	1.5907
3855.0	32.149	1.5937
3856.0	32.074	1.5907
3857.0	32.056999999999995	1.5907
3858.0	32.248000000000005	1.601
3859.0	32.29	1.604
3860.0	31.948	1.5878
3861.0	31.639	1.5733
3862.0	31.419	1.5631
3863.0	31.259	1.556
3864.0	31.099	1.5488
3865.0	31.111	1.5502
3866.0	31.268	1.5588
3867.0	31.454	1.5689
3868.0	31.583000000000002	1.5762
3869.0	31.77	1.5864
3870.0	31.959	1.5966
3871.0	32.179	1.6084
3872.0	32.371	1.6188
3873.0	32.414	1.6218
3874.0	32.397	1.6218
3875.0	32.38	1.6218
3876.0	32.363	1.6218
3877.0	32.198	1.6144
3878.0	31.916	1.601
3879.0	31.636	1.5878
3880.0	31.531999999999996	1.5834
3881.0	31.574	1.5864
3882.0	31.85	1.601
3883.0	32.039	1.6114
3884.0	32.082	1.6144
3885.0	32.065	1.6144
3886.0	31.930999999999997	1.6084
3887.0	31.826999999999998	1.604
3888.0	31.693	1.5981
3889.0	31.648000000000003	1.5966
3890.0	31.983	1.6144
3891.0	32.174	1.6248
3892.0	32.305	1.6323
3893.0	32.438	1.6398
3894.0	32.421	1.6398
3895.0	32.315	1.6353
3896.0	32.298	1.6353
3897.0	32.282	1.6353
3898.0	32.265	1.6353
3899.0	32.249	1.6353
3900.0	32.232	1.6353
3901.0	32.097	1.6293
3902.0	31.787	1.6144
3903.0	31.566	1.604
3904.0	31.491999999999997	1.601
3905.0	31.476	1.601
3906.0	31.605	1.6084
3907.0	31.793000000000003	1.6188
3908.0	31.776999999999997	1.6188
3909.0	31.761	1.6188
3910.0	31.656999999999996	1.6144
3911.0	31.524	1.6084
3912.0	31.624000000000002	1.6144
3913.0	31.813000000000002	1.6248
3914.0	31.884	1.6293
3915.0	31.809	1.6263
3916.0	31.706	1.6218
3917.0	31.544	1.6144
3918.0	31.325	1.604
3919.0	31.454	1.6114
3920.0	31.495	1.6144
3921.0	31.364	1.6084
3922.0	31.146	1.5981
3923.0	30.987	1.5907
3924.0	30.773000000000003	1.5805
3925.0	30.671999999999997	1.5762
3926.0	30.656	1.5762
3927.0	30.584	1.5733
3928.0	30.511999999999997	1.5704
3929.0	30.497	1.5704
3930.0	30.480999999999998	1.5704
3931.0	30.522	1.5733
3932.0	30.563000000000002	1.5762
3933.0	30.546999999999997	1.5762
3934.0	30.531999999999996	1.5762
3935.0	30.46	1.5733
3936.0	30.585	1.5805
3937.0	30.824	1.5937
3938.0	31.065	1.6069
3939.0	31.336	1.6218
3940.0	31.378	1.6248
3941.0	31.103	1.6114
3942.0	31.002	1.6069
3943.0	31.129	1.6144
3944.0	31.256999999999998	1.6218
3945.0	31.184	1.6188
3946.0	31.081999999999997	1.6144
3947.0	30.81	1.601
3948.0	30.511999999999997	1.5864
3949.0	30.779	1.601
3950.0	31.248	1.6263
3951.0	31.609	1.6459
3952.0	31.796999999999997	1.6565
3953.0	31.81	1.6581
3954.0	31.706	1.6535
3955.0	31.487	1.6429
3956.0	31.269000000000002	1.6323
3957.0	30.995	1.6188
3958.0	31.035999999999998	1.6218
3959.0	31.021	1.6218
3960.0	30.948	1.6188
3961.0	30.846999999999998	1.6144
3962.0	30.774	1.6114
3963.0	30.701999999999998	1.6084
3964.0	30.601999999999997	1.604
3965.0	30.531	1.601
3966.0	30.515	1.601
3967.0	30.415	1.5966
3968.0	30.4	1.5966
3969.0	30.385	1.5966
3970.0	30.258000000000003	1.5907
3971.0	29.337	1.5431
3972.0	28.445	1.4969
3973.0	27.886	1.4682
3974.0	27.388	1.4428
3975.0	27.124000000000002	1.4295
3976.0	26.985	1.423
3977.0	26.971999999999998	1.423
3978.0	27.083000000000002	1.4295
3979.0	27.42	1.4481
3980.0	28.148000000000003	1.4873
3981.0	28.816	1.5234
3982.0	29.229	1.546
3983.0	29.594	1.566
3984.0	29.660999999999998	1.5704
3985.0	29.7	1.5733
3986.0	29.823	1.5805
3987.0	29.945	1.5878
3988.0	29.93	1.5878
3989.0	29.888	1.5864
3990.0	30.066	1.5966
3991.0	30.385	1.6144
3992.0	30.651	1.6293
3993.0	30.947	1.6459
3994.0	31.074	1.6535
3995.0	30.916	1.6459
3996.0	30.730999999999998	1.6368
3997.0	30.772	1.6398
3998.0	30.756	1.6398
3999.0	30.798000000000002	1.6429
4000.0	30.781999999999996	1.6429
4001.0	30.767	1.6429
4002.0	30.752	1.6429
4003.0	30.68	1.6398
4004.0	30.58	1.6353
4005.0	30.649	1.6398
4006.0	30.831999999999997	1.6504
4007.0	30.873	1.6535
4008.0	30.744	1.6474
4009.0	30.588	1.6398
4010.0	30.32	1.6263
4011.0	30.081999999999997	1.6144
4012.0	30.261999999999997	1.6248
4013.0	30.443	1.6353
4014.0	30.26	1.6263
4015.0	30.023000000000003	1.6144
4016.0	29.951999999999998	1.6114
4017.0	29.938000000000002	1.6114
4018.0	29.923000000000002	1.6114
4019.0	29.908	1.6114
4020.0	29.948	1.6144
4021.0	30.070999999999998	1.6218
4022.0	30.112	1.6248
4023.0	30.236	1.6323
4024.0	30.304000000000002	1.6368
4025.0	30.345	1.6398
4026.0	30.386	1.6429
4027.0	30.315	1.6398
4028.0	30.244	1.6368
4029.0	30.201	1.6353
4030.0	30.186	1.6353
4031.0	30.255	1.6398
4032.0	30.435	1.6504
4033.0	30.533	1.6565
4034.0	30.266	1.6429
4035.0	30.055999999999997	1.6323
4036.0	29.986	1.6293
4037.0	29.833000000000002	1.6218
4038.0	30.011	1.6323
4039.0	30.135	1.6398
4040.0	30.315	1.6504
4041.0	30.496	1.6611
4042.0	30.593000000000004	1.6672
4043.0	30.605999999999998	1.6688
4044.0	30.506999999999998	1.6642
4045.0	30.38	1.6581
4046.0	30.281	1.6535
4047.0	30.266	1.6535
4048.0	30.250999999999998	1.6535
4049.0	30.041999999999998	1.6429
4050.0	29.889	1.6353
4051.0	29.956999999999997	1.6398
4052.0	29.997	1.6429
4053.0	30.038	1.6459
4054.0	30.160999999999998	1.6535
4055.0	30.090999999999998	1.6504
4056.0	29.993000000000002	1.6459
4057.0	30.116999999999997	1.6535
4058.0	30.436999999999998	1.6719
4059.0	30.618000000000002	1.6827
4060.0	30.66	1.6858
4061.0	30.645	1.6858
4062.0	30.517	1.6796
4063.0	30.418000000000003	1.6749
4064.0	30.291	1.6688
4065.0	30.193	1.6642
4066.0	30.178	1.6642
4067.0	30.163	1.6642
4068.0	30.287	1.6719
4069.0	30.468000000000004	1.6827
4070.0	30.537	1.6873
4071.0	30.494	1.6858
4072.0	30.423000000000002	1.6827
4073.0	30.269000000000002	1.6749
4074.0	30.142	1.6688
4075.0	30.323	1.6796
4076.0	30.42	1.6858
4077.0	30.489	1.6904
4078.0	30.586	1.6967
4079.0	30.459	1.6904
4080.0	30.304000000000002	1.6827
4081.0	30.15	1.6749
4082.0	29.941999999999997	1.6642
4083.0	29.927	1.6642
4084.0	30.105999999999998	1.6749
4085.0	30.285999999999998	1.6858
4086.0	30.494	1.6982
4087.0	30.677	1.7092
4088.0	30.521	1.7014
4089.0	30.421999999999997	1.6967
4090.0	30.351	1.6936
4091.0	30.28	1.6904
4092.0	30.320999999999998	1.6936
4093.0	30.39	1.6982
4094.0	30.375	1.6982
4095.0	30.361	1.6982
4096.0	30.346	1.6982
4097.0	30.331	1.6982
4098.0	30.372	1.7014
4099.0	30.413	1.7045
4100.0	30.399	1.7045
4101.0	30.384	1.7045
4102.0	30.369	1.7045
4103.0	30.298000000000002	1.7014
4104.0	30.2	1.6967
4105.0	30.213	1.6982
4106.0	30.31	1.7045
4107.0	30.351	1.7077
4108.0	30.336	1.7077
4109.0	30.349	1.7092
4110.0	30.445999999999998	1.7155
4111.0	30.488000000000003	1.7187
4112.0	30.416999999999998	1.7155
4113.0	30.346	1.7124
4114.0	30.276	1.7092
4115.0	30.177	1.7045
4116.0	30.218000000000004	1.7077
4117.0	30.230999999999998	1.7092
4118.0	30.189	1.7077
4119.0	30.063000000000002	1.7014
4120.0	29.993000000000002	1.6982
4121.0	29.979	1.6982
4122.0	29.964000000000002	1.6982
4123.0	30.06	1.7045
4124.0	30.046	1.7045
4125.0	29.921	1.6982
4126.0	29.769000000000002	1.6904
4127.0	29.618000000000002	1.6827
4128.0	29.494	1.6765
4129.0	29.535	1.6796
4130.0	29.52	1.6796
4131.0	29.56	1.6827
4132.0	29.546	1.6827
4133.0	29.531999999999996	1.6827
4134.0	29.572	1.6858
4135.0	29.558000000000003	1.6858
4136.0	29.489	1.6827
4137.0	29.475	1.6827
4138.0	29.515	1.6858
4139.0	29.500999999999998	1.6858
4140.0	29.513	1.6873
4141.0	29.553	1.6904
4142.0	29.675	1.6982
4143.0	29.853	1.7092
4144.0	29.811	1.7077
4145.0	29.741999999999997	1.7045
4146.0	29.673000000000002	1.7014
4147.0	29.659000000000002	1.7014
4148.0	29.508000000000003	1.6936
4149.0	29.304000000000002	1.6827
4150.0	29.182	1.6765
4151.0	29.221999999999998	1.6796
4152.0	29.208000000000002	1.6796
4153.0	29.14	1.6765
4154.0	29.1	1.6749
4155.0	29.112	1.6765
4156.0	29.151999999999997	1.6796
4157.0	29.246	1.6858
4158.0	29.311999999999998	1.6904
4159.0	29.298000000000002	1.6904
4160.0	29.15	1.6827
4161.0	29.081999999999997	1.6796
4162.0	29.014	1.6765
4163.0	29.054000000000002	1.6796
4164.0	29.336	1.6967
4165.0	29.539	1.7092
4166.0	29.524	1.7092
4167.0	29.483	1.7077
4168.0	29.28	1.6967
4169.0	29.024	1.6827
4170.0	29.09	1.6873
4171.0	29.264	1.6982
4172.0	29.304000000000002	1.7014
4173.0	29.29	1.7014
4174.0	29.276	1.7014
4175.0	29.128	1.6936
4176.0	29.06	1.6904
4177.0	28.913	1.6827
4178.0	28.793000000000003	1.6765
4179.0	28.831999999999997	1.6796
4180.0	28.818	1.6796
4181.0	28.910999999999998	1.6858
4182.0	29.03	1.6936
4183.0	29.07	1.6967
4184.0	29.083000000000002	1.6982
4185.0	29.176	1.7045
4186.0	29.296999999999997	1.7124
4187.0	29.283	1.7124
4188.0	29.188000000000002	1.7077
4189.0	29.066999999999997	1.7014
4190.0	28.999000000000002	1.6982
4191.0	28.906	1.6936
4192.0	28.945	1.6967
4193.0	28.930999999999997	1.6967
4194.0	29.051	1.7045
4195.0	29.171	1.7124
4196.0	29.104	1.7092
4197.0	29.01	1.7045
4198.0	28.996	1.7045
4199.0	29.035999999999998	1.7077
4200.0	29.101999999999997	1.7124
4201.0	29.276	1.7235
4202.0	29.316	1.7266
4203.0	29.194000000000003	1.7203
4204.0	29.046	1.7124
4205.0	28.953000000000003	1.7077
4206.0	28.831999999999997	1.7014
4207.0	28.819000000000003	1.7014
4208.0	28.805	1.7014
4209.0	28.844	1.7045
4210.0	28.964000000000002	1.7124
4211.0	28.95	1.7124
4212.0	28.883000000000003	1.7092
4213.0	28.869	1.7092
4214.0	28.829	1.7077
4215.0	28.842	1.7092
4216.0	28.935	1.7155
4217.0	29.055	1.7235
4218.0	28.987	1.7203
4219.0	28.947	1.7187
4220.0	28.96	1.7203
4221.0	29.053	1.7266
4222.0	29.119	1.7314
4223.0	29.213	1.7378
4224.0	29.28	1.7426
4225.0	29.374000000000002	1.749
4226.0	29.441999999999997	1.7539
4227.0	29.428	1.7539
4228.0	29.36	1.7507
4229.0	29.156999999999996	1.7394
4230.0	29.009	1.7314
4231.0	29.049	1.7346
4232.0	29.089000000000002	1.7378
4233.0	29.075	1.7378
4234.0	29.061999999999998	1.7378
4235.0	28.941	1.7314
4236.0	28.874000000000002	1.7282
4237.0	28.914	1.7314
4238.0	28.953000000000003	1.7346
4239.0	29.02	1.7394
4240.0	29.059	1.7426
4241.0	29.046	1.7426
4242.0	28.793000000000003	1.7282
4243.0	28.62	1.7187
4244.0	28.686	1.7235
4245.0	28.805	1.7314
4246.0	28.897	1.7378
4247.0	28.964000000000002	1.7426
4248.0	29.004	1.7458
4249.0	29.07	1.7507
4250.0	29.057	1.7507
4251.0	29.043000000000003	1.7507
4252.0	28.949	1.7458
4253.0	28.829	1.7394
4254.0	28.789	1.7378
4255.0	28.802	1.7394
4256.0	28.840999999999998	1.7426
4257.0	28.881	1.7458
4258.0	28.921	1.749
4259.0	28.854	1.7458
4260.0	28.787	1.7426
4261.0	28.826999999999998	1.7458
4262.0	28.866	1.749
4263.0	28.88	1.7507
4264.0	28.866	1.7507
4265.0	28.851999999999997	1.7507
4266.0	28.892	1.7539
4267.0	28.879	1.7539
4268.0	28.865	1.7539
4269.0	28.905	1.7571
4270.0	28.785	1.7507
4271.0	28.745	1.749
4272.0	28.758000000000003	1.7507
4273.0	28.796999999999997	1.7539
4274.0	28.784000000000002	1.7539
4275.0	28.771	1.7539
4276.0	28.756999999999998	1.7539
4277.0	28.691	1.7507
4278.0	28.651	1.749
4279.0	28.664	1.7507
4280.0	28.703000000000003	1.7539
4281.0	28.743000000000002	1.7571
4282.0	28.809	1.762
4283.0	28.795	1.762
4284.0	28.835	1.7652
4285.0	28.822	1.7652
4286.0	28.755	1.762
4287.0	28.715	1.7604
4288.0	28.596	1.7539
4289.0	28.53	1.7507
4290.0	28.57	1.7539
4291.0	28.555999999999997	1.7539
4292.0	28.543000000000003	1.7539
4293.0	28.53	1.7539
4294.0	28.648000000000003	1.762
4295.0	28.741	1.7685
4296.0	28.595	1.7604
4297.0	28.476999999999997	1.7539
4298.0	28.385	1.749
4299.0	28.267	1.7426
4300.0	28.124000000000002	1.7346
4301.0	27.982	1.7266
4302.0	27.918000000000003	1.7235
4303.0	27.956	1.7266
4304.0	28.021	1.7314
4305.0	28.006999999999998	1.7314
4306.0	28.098000000000003	1.7378
4307.0	28.293000000000003	1.7507
4308.0	28.462	1.762
4309.0	28.500999999999998	1.7652
4310.0	28.541	1.7685
4311.0	28.528000000000002	1.7685
4312.0	28.514	1.7685
4313.0	28.633000000000003	1.7766
4314.0	28.750999999999998	1.7848
4315.0	28.844	1.7914
4316.0	28.964000000000002	1.7997
4317.0	29.031	1.8047
4318.0	29.070999999999998	1.808
4319.0	29.111	1.8113
4320.0	28.99	1.8047
4321.0	28.897	1.7997
4322.0	28.884	1.7997
4323.0	28.87	1.7997
4324.0	28.804000000000002	1.7964
4325.0	28.738000000000003	1.7931
4326.0	28.698	1.7914
4327.0	28.631999999999998	1.7881
4328.0	28.671	1.7914
4329.0	28.79	1.7997
4330.0	28.83	1.803
4331.0	28.764	1.7997
4332.0	28.698	1.7964
4333.0	28.421	1.7799
4334.0	28.173000000000002	1.7652
4335.0	27.98	1.7539
4336.0	27.787	1.7426
4337.0	27.901999999999997	1.7507
4338.0	28.07	1.762
4339.0	28.239	1.7734
4340.0	28.33	1.7799
4341.0	28.395	1.7848
4342.0	28.487	1.7914
4343.0	28.552	1.7964
4344.0	28.671	1.8047
4345.0	28.71	1.808
4346.0	28.697	1.808
4347.0	28.631	1.8047
4348.0	28.618000000000002	1.8047
4349.0	28.579	1.803
4350.0	28.697	1.8113
4351.0	28.816999999999997	1.8197
4352.0	28.855999999999998	1.8231
4353.0	28.737	1.8164
4354.0	28.645	1.8113
4355.0	28.5	1.803
4356.0	28.434	1.7997
4357.0	28.605	1.8113
4358.0	28.724	1.8197
4359.0	28.658	1.8164
4360.0	28.645	1.8164
4361.0	28.631999999999998	1.8164
4362.0	28.671	1.8197
4363.0	28.658	1.8197
4364.0	28.645	1.8197
4365.0	28.685	1.8231
4366.0	28.750999999999998	1.8281
4367.0	28.738000000000003	1.8281
4368.0	28.645	1.8231
4369.0	28.58	1.8197
4370.0	28.488000000000003	1.8147
4371.0	28.421999999999997	1.8113
4372.0	28.357	1.808
4373.0	28.344	1.808
4374.0	28.331	1.808
4375.0	28.37	1.8113
4376.0	28.357	1.8113
4377.0	28.344	1.8113
4378.0	28.331	1.8113
4379.0	28.397	1.8164
4380.0	28.384	1.8164
4381.0	28.293000000000003	1.8113
4382.0	28.228	1.808
4383.0	28.319000000000003	1.8147
4384.0	28.384	1.8197
4385.0	28.319000000000003	1.8164
4386.0	28.28	1.8147
4387.0	28.294	1.8164
4388.0	28.333000000000002	1.8197
4389.0	28.32	1.8197
4390.0	28.255	1.8164
4391.0	28.294	1.8197
4392.0	28.412	1.8281
4393.0	28.399	1.8281
4394.0	28.334	1.8247
4395.0	28.295	1.8231
4396.0	28.23	1.8197
4397.0	28.217	1.8197
4398.0	28.204	1.8197
4399.0	28.243000000000002	1.8231
4400.0	28.23	1.8231
4401.0	28.217	1.8231
4402.0	28.283	1.8281
4403.0	28.374000000000002	1.8348
4404.0	28.388	1.8365
4405.0	28.427	1.8399
4406.0	28.362	1.8365
4407.0	28.27	1.8315
4408.0	28.154	1.8247
4409.0	28.011999999999997	1.8164
4410.0	27.87	1.808
4411.0	27.986	1.8164
4412.0	28.076999999999998	1.8231
4413.0	28.064	1.8231
4414.0	28.076999999999998	1.8247
4415.0	27.987	1.8197
4416.0	27.923000000000002	1.8164
4417.0	27.91	1.8164
4418.0	27.898000000000003	1.8164
4419.0	27.936999999999998	1.8197
4420.0	28.053	1.8281
4421.0	28.092	1.8315
4422.0	28.131	1.8348
4423.0	28.118000000000002	1.8348
4424.0	28.002	1.8281
4425.0	27.861	1.8197
4426.0	27.796999999999997	1.8164
4427.0	27.759	1.8147
4428.0	27.772	1.8164
4429.0	27.811	1.8197
4430.0	27.747	1.8164
4431.0	27.607	1.808
4432.0	27.544	1.8047
4433.0	27.581999999999997	1.808
4434.0	27.62	1.8113
4435.0	27.659000000000002	1.8147
4436.0	27.671999999999997	1.8164
4437.0	27.583000000000002	1.8113
4438.0	27.57	1.8113
4439.0	27.558000000000003	1.8113
4440.0	27.546	1.8113
4441.0	27.533	1.8113
4442.0	27.572	1.8147
4443.0	27.585	1.8164
4444.0	27.623	1.8197
4445.0	27.662	1.8231
4446.0	27.776999999999997	1.8315
4447.0	27.815	1.8348
4448.0	27.65	1.8247
4449.0	27.51	1.8164
4450.0	27.549	1.8197
4451.0	27.587	1.8231
4452.0	27.575	1.8231
4453.0	27.511999999999997	1.8197
4454.0	27.499000000000002	1.8197
4455.0	27.436	1.8164
4456.0	27.475	1.8197
4457.0	27.589000000000002	1.8281
4458.0	27.627	1.8315
4459.0	27.513	1.8247
4460.0	27.425	1.8197
4461.0	27.186999999999998	1.8047
4462.0	27.0	1.7931
4463.0	26.963	1.7914
4464.0	26.951	1.7914
4465.0	27.138	1.8047
4466.0	27.301	1.8164
4467.0	27.339000000000002	1.8197
4468.0	27.378	1.8231
4469.0	27.315	1.8197
4470.0	27.177	1.8113
4471.0	27.115	1.808
4472.0	27.228	1.8164
4473.0	27.266	1.8197
4474.0	27.129	1.8113
4475.0	27.017	1.8047
4476.0	26.98	1.803
4477.0	26.968000000000004	1.803
4478.0	27.03	1.808
4479.0	27.118000000000002	1.8147
4480.0	27.105999999999998	1.8147
4481.0	27.094	1.8147
4482.0	27.031999999999996	1.8113
4483.0	26.92	1.8047
4484.0	26.884	1.803
4485.0	26.896	1.8047
4486.0	26.984	1.8113
4487.0	27.096	1.8197
4488.0	27.209	1.8281
4489.0	27.072	1.8197
4490.0	26.985	1.8147
4491.0	26.924	1.8113
4492.0	26.912	1.8113
4493.0	26.9	1.8113
4494.0	26.888	1.8113
4495.0	26.826	1.808
4496.0	26.814	1.808
4497.0	26.802	1.808
4498.0	26.914	1.8164
4499.0	27.002	1.8231
4500.0	26.94	1.8197
4501.0	26.928	1.8197
4502.0	26.965999999999998	1.8231
4503.0	26.954	1.8231
4504.0	26.892	1.8197
4505.0	26.831	1.8164
4506.0	26.819000000000003	1.8164
4507.0	26.781999999999996	1.8147
4508.0	26.844	1.8197
4509.0	26.956	1.8281
4510.0	26.994	1.8315
4511.0	26.932	1.8281
4512.0	26.871	1.8247
4513.0	26.834	1.8231
4514.0	26.773000000000003	1.8197
4515.0	26.835	1.8247
4516.0	26.921999999999997	1.8315
4517.0	26.861	1.8281
4518.0	26.849	1.8281
4519.0	26.837	1.8281
4520.0	26.924	1.8348
4521.0	26.987	1.8399
4522.0	26.975	1.8399
4523.0	26.913	1.8365
4524.0	26.826999999999998	1.8315
4525.0	26.766	1.8281
4526.0	26.853	1.8348
4527.0	26.915	1.8399
4528.0	27.003	1.8467
4529.0	27.115	1.8552
4530.0	27.153000000000002	1.8586
4531.0	27.166	1.8604
4532.0	27.03	1.8518
4533.0	26.844	1.8399
4534.0	26.783	1.8365
4535.0	26.919	1.8467
4536.0	26.982	1.8518
4537.0	26.921	1.8484
4538.0	26.884	1.8467
4539.0	26.872	1.8467
4540.0	26.811	1.8433
4541.0	26.701	1.8365
4542.0	26.615	1.8315
4543.0	26.603	1.8315
4544.0	26.665	1.8365
4545.0	26.752	1.8433
4546.0	26.863000000000003	1.8518
4547.0	26.901	1.8552
4548.0	26.889	1.8552
4549.0	26.877	1.8552
4550.0	26.866	1.8552
4551.0	26.854	1.8552
4552.0	26.793000000000003	1.8518
4553.0	26.732	1.8484
4554.0	26.695	1.8467
4555.0	26.684	1.8467
4556.0	26.695999999999998	1.8484
4557.0	26.734	1.8518
4558.0	26.721999999999998	1.8518
4559.0	26.71	1.8518
4560.0	26.625	1.8467
4561.0	26.564	1.8433
4562.0	26.504	1.8399
4563.0	26.541	1.8433
4564.0	26.578000000000003	1.8467
4565.0	26.518	1.8433
4566.0	26.506	1.8433
4567.0	26.495	1.8433
4568.0	26.434	1.8399
4569.0	26.471	1.8433
4570.0	26.533	1.8484
4571.0	26.57	1.8518
4572.0	26.608	1.8552
4573.0	26.645	1.8586
4574.0	26.658	1.8604
4575.0	26.646	1.8604
4576.0	26.561	1.8552
4577.0	26.500999999999998	1.8518
4578.0	26.538	1.8552
4579.0	26.6	1.8604
4580.0	26.564	1.8586
4581.0	26.503	1.8552
4582.0	26.491999999999997	1.8552
4583.0	26.529	1.8586
4584.0	26.541999999999998	1.8604
4585.0	26.579	1.8638
4586.0	26.568	1.8638
4587.0	26.434	1.8552
4588.0	26.374000000000002	1.8518
4589.0	26.241	1.8433
4590.0	26.133000000000003	1.8365
4591.0	26.05	1.8315
4592.0	25.919	1.8231
4593.0	25.979	1.8281
4594.0	26.016	1.8315
4595.0	26.125	1.8399
4596.0	26.21	1.8467
4597.0	26.221999999999998	1.8484
4598.0	26.259	1.8518
4599.0	26.2	1.8484
4600.0	26.116	1.8433
4601.0	26.057	1.8399
4602.0	26.141	1.8467
4603.0	26.201999999999998	1.8518
4604.0	26.119	1.8467
4605.0	26.011	1.8399
4606.0	26.048000000000002	1.8433
4607.0	26.085	1.8467
4608.0	26.073	1.8467
4609.0	26.086	1.8484
4610.0	26.123	1.8518
4611.0	26.111	1.8518
4612.0	26.1	1.8518
4613.0	26.089000000000002	1.8518
4614.0	26.029	1.8484
4615.0	25.994	1.8467
4616.0	25.983	1.8467
4617.0	25.996	1.8484
4618.0	26.031999999999996	1.8518
4619.0	25.973000000000003	1.8484
4620.0	25.89	1.8433
4621.0	25.831999999999997	1.8399
4622.0	25.773000000000003	1.8365
4623.0	25.857	1.8433
4624.0	26.06	1.8586
4625.0	26.122	1.8638
4626.0	26.061999999999998	1.8604
4627.0	26.026999999999997	1.8586
4628.0	25.968000000000004	1.8552
4629.0	25.909000000000002	1.8518
4630.0	25.779	1.8433
4631.0	25.649	1.8348
4632.0	25.756	1.8433
4633.0	25.864	1.8518
4634.0	25.853	1.8518
4635.0	25.842	1.8518
4636.0	25.759	1.8467
4637.0	25.654	1.8399
4638.0	25.572	1.8348
4639.0	25.467	1.8281
4640.0	25.385	1.8231
4641.0	25.398000000000003	1.8247
4642.0	25.386999999999997	1.8247
4643.0	25.423000000000002	1.8281
4644.0	25.459	1.8315
4645.0	25.612	1.8433
4646.0	25.767	1.8552
4647.0	25.756	1.8552
4648.0	25.745	1.8552
4649.0	25.639	1.8484
4650.0	25.557	1.8433
4651.0	25.429000000000002	1.8348
4652.0	25.324	1.8281
4653.0	25.244	1.8231
4654.0	25.233	1.8231
4655.0	25.221999999999998	1.8231
4656.0	25.211	1.8231
4657.0	25.154	1.8197
4658.0	25.028000000000002	1.8113
4659.0	24.925	1.8047
4660.0	24.96	1.808
4661.0	25.041999999999998	1.8147
4662.0	25.031	1.8147
4663.0	24.928	1.808
4664.0	24.849	1.803
4665.0	24.701	1.7931
4666.0	24.668000000000003	1.7914
4667.0	24.726	1.7964
4668.0	24.76	1.7997
4669.0	24.75	1.7997
4670.0	24.739	1.7997
4671.0	24.729	1.7997
4672.0	24.718000000000004	1.7997
4673.0	24.616999999999997	1.7931
4674.0	24.493000000000002	1.7848
4675.0	24.483	1.7848
4676.0	24.517	1.7881
4677.0	24.506999999999998	1.7881
4678.0	24.451	1.7848
4679.0	24.373	1.7799
4680.0	24.206	1.7685
4681.0	25.127	1.8365
4682.0	25.046999999999997	1.8315
4683.0	24.944000000000003	1.8247
4684.0	24.865	1.8197
4685.0	24.785999999999998	1.8147
4686.0	24.684	1.808
4687.0	24.673000000000002	1.808
4688.0	24.663	1.808
4689.0	24.607	1.8047
4690.0	24.596999999999998	1.8047
4691.0	24.586	1.8047
4692.0	24.576	1.8047
4693.0	24.61	1.808
4694.0	24.6	1.808
4695.0	24.635	1.8113
4696.0	24.693	1.8164
4697.0	24.682	1.8164
4698.0	24.717	1.8197
4699.0	24.752	1.8231
4700.0	24.81	1.8281
4702.0	24.88	1.8348
4704.0	24.974	1.8433
4706.0	24.953000000000003	1.8433
4708.0	24.976999999999997	1.8467
4710.0	24.956	1.8467
4712.0	24.889	1.8433
4714.0	24.822	1.8399
4716.0	24.801	1.8399
4718.0	24.78	1.8399
4720.0	24.759	1.8399
4722.0	24.738000000000003	1.8399
4724.0	24.763	1.8433
4726.0	24.788	1.8467
4728.0	24.767	1.8467
4730.0	24.768	1.8484
4732.0	24.793000000000003	1.8518
4734.0	24.772	1.8518
4736.0	24.750999999999998	1.8518
4738.0	24.73	1.8518
4740.0	24.664	1.8484
4742.0	24.621	1.8467
4744.0	24.6	1.8467
4746.0	24.534000000000002	1.8433
4748.0	24.558000000000003	1.8467
4750.0	24.538	1.8467
4752.0	24.54	1.8484
4754.0	24.609	1.8552
4756.0	24.634	1.8586
4758.0	24.682	1.8638
4760.0	24.706	1.8672
4762.0	24.754	1.8724
4764.0	24.779	1.8759
4766.0	24.758000000000003	1.8759
4768.0	24.737	1.8759
4770.0	24.761999999999997	1.8793
4772.0	24.741	1.8793
4774.0	24.72	1.8793
4776.0	24.721999999999998	1.881
4778.0	24.701999999999998	1.881
4780.0	24.726999999999997	1.8845
4782.0	24.706	1.8845
4784.0	24.64	1.881
4786.0	24.596999999999998	1.8793
4788.0	24.576	1.8793
4790.0	24.51	1.8759
4792.0	24.49	1.8759
4794.0	24.424	1.8724
4796.0	24.404	1.8724
4798.0	24.384	1.8724
4800.0	24.408	1.8759
4802.0	24.433000000000003	1.8793
4804.0	24.413	1.8793
4806.0	24.46	1.8845
4808.0	24.485	1.888
4810.0	24.464000000000002	1.888
4812.0	24.489	1.8915
4814.0	24.469	1.8915
4816.0	24.448	1.8915
4818.0	24.428	1.8915
4820.0	24.408	1.8915
4822.0	24.41	1.8932
4824.0	24.435	1.8967
4826.0	24.414	1.8967
4828.0	24.439	1.9002
4830.0	24.486	1.9055
4832.0	24.557	1.9125
4834.0	24.604	1.9178
4836.0	24.629	1.9213
4838.0	24.699	1.9284
4840.0	24.701999999999998	1.9302
4842.0	24.726999999999997	1.9338
4844.0	24.706999999999997	1.9338
4846.0	24.732	1.9373
4848.0	24.711	1.9373
4850.0	24.691	1.9373
4852.0	24.671	1.9373
4854.0	24.65	1.9373
4856.0	24.653000000000002	1.9391
4858.0	24.631999999999998	1.9391
4860.0	24.656999999999996	1.9427
4862.0	24.683000000000003	1.9463
4864.0	24.708000000000002	1.9498
4866.0	24.71	1.9516
4868.0	24.735	1.9552
4870.0	24.761	1.9588
4872.0	24.855	1.9679
4874.0	24.949	1.977
4876.0	25.02	1.9843
4878.0	25.115	1.9934
4880.0	25.164	1.9989
4882.0	25.236	2.0063
4884.0	25.215999999999998	2.0063
4886.0	25.149	2.0026
4888.0	25.081999999999997	1.9989
4890.0	24.991999999999997	1.9934
4892.0	24.811	1.9806
4894.0	24.677	1.9715
4896.0	24.566	1.9643
4898.0	24.478	1.9588
4900.0	24.346	1.9498
4902.0	24.281	1.9463
4904.0	24.171999999999997	1.9391
4906.0	24.131	1.9373
4908.0	24.066999999999997	1.9338
4910.0	24.046999999999997	1.9338
4912.0	24.026999999999997	1.9338
4914.0	24.008000000000003	1.9338
4916.0	24.031999999999996	1.9373
4918.0	24.013	1.9373
4920.0	24.015	1.9391
4922.0	24.04	1.9427
4924.0	24.021	1.9427
4926.0	24.000999999999998	1.9427
4928.0	24.026	1.9463
4930.0	24.051	1.9498
4932.0	24.031	1.9498
4934.0	24.011999999999997	1.9498
4936.0	24.014	1.9516
4938.0	23.995	1.9516
4940.0	23.953000000000003	1.9498
4942.0	23.934	1.9498
4944.0	23.936999999999998	1.9516
4946.0	23.961	1.9552
4948.0	23.986	1.9588
4950.0	24.011	1.9625
4952.0	23.991999999999997	1.9625
4954.0	23.994	1.9643
4956.0	23.975	1.9643
4958.0	23.956	1.9643
4960.0	23.936	1.9643
4962.0	23.916999999999998	1.9643
4964.0	23.898000000000003	1.9643
4966.0	23.878	1.9643
4968.0	23.859	1.9643
4970.0	23.84	1.9643
4972.0	23.865	1.9679
4974.0	23.846	1.9679
4976.0	23.87	1.9715
4978.0	23.851	1.9715
4980.0	23.831999999999997	1.9715
4982.0	23.813000000000002	1.9715
4984.0	23.838	1.9751
4986.0	23.819000000000003	1.9751
4988.0	23.820999999999998	1.977
4990.0	23.802	1.977
4992.0	23.826999999999998	1.9806
4994.0	23.808000000000003	1.9806
4996.0	23.789	1.9806
4998.0	23.77	1.9806
5000.0	23.706999999999997	1.977
5002.0	23.688000000000002	1.977
5004.0	23.669	1.977
5006.0	23.629	1.9751
5008.0	23.566	1.9715
5010.0	23.590999999999998	1.9751
5012.0	23.594	1.977
5014.0	23.575	1.977
5016.0	23.6	1.9806
5018.0	23.624000000000002	1.9843
5020.0	23.605999999999998	1.9843
5022.0	23.587	1.9843
5024.0	23.568	1.9843
5026.0	23.549	1.9843
5028.0	23.487	1.9806
5030.0	23.468000000000004	1.9806
5032.0	23.406999999999996	1.977
5034.0	23.388	1.977
5036.0	23.37	1.977
5038.0	23.351	1.977
5040.0	23.331999999999997	1.977
5042.0	23.314	1.977
5044.0	23.295	1.977
5046.0	23.276999999999997	1.977
5048.0	23.301	1.9806
5050.0	23.283	1.9806
5052.0	23.264	1.9806
5054.0	23.246	1.9806
5056.0	23.271	1.9843
5058.0	23.252	1.9843
5060.0	23.234	1.9843
5062.0	23.215	1.9843
5064.0	23.219	1.9861
5066.0	23.243000000000002	1.9898
5068.0	23.225	1.9898
5070.0	23.206	1.9898
5072.0	23.188000000000002	1.9898
5074.0	23.212	1.9934
5076.0	23.194000000000003	1.9934
5078.0	23.176	1.9934
5080.0	23.158	1.9934
5082.0	23.139	1.9934
5084.0	23.121	1.9934
5086.0	23.103	1.9934
5088.0	23.085	1.9934
5090.0	23.066999999999997	1.9934
5092.0	23.049	1.9934
5094.0	23.031	1.9934
5096.0	23.011999999999997	1.9934
5098.0	22.994	1.9934
5100.0	22.976	1.9934
5102.0	22.958000000000002	1.9934
5104.0	22.94	1.9934
5106.0	22.965	1.9971
5108.0	22.947	1.9971
5110.0	22.929000000000002	1.9971
5112.0	22.910999999999998	1.9971
5114.0	22.893	1.9971
5116.0	22.875	1.9971
5118.0	22.857	1.9971
5120.0	22.839000000000002	1.9971
5122.0	22.820999999999998	1.9971
5124.0	22.804000000000002	1.9971
5126.0	22.785999999999998	1.9971
5128.0	22.789	1.9989
5130.0	22.813000000000002	2.0026
5132.0	22.837	2.0063
5134.0	22.82	2.0063
5136.0	22.844	2.01
5138.0	22.846999999999998	2.0119
5140.0	22.871	2.0156
5142.0	22.854	2.0156
5144.0	22.836	2.0156
5146.0	22.818	2.0156
5148.0	22.843000000000004	2.0193
5150.0	22.761999999999997	2.0137
5152.0	22.765	2.0156
5154.0	22.747	2.0156
5156.0	22.750999999999998	2.0174
5158.0	22.733	2.0174
5160.0	22.715	2.0174
5162.0	22.719	2.0193
5164.0	22.701	2.0193
5166.0	22.704	2.0212
5168.0	22.686999999999998	2.0212
5170.0	22.669	2.0212
5172.0	22.673000000000002	2.023
5174.0	22.655	2.023
5176.0	22.638	2.023
5178.0	22.641	2.0249
5180.0	22.624000000000002	2.0249
5182.0	22.605999999999998	2.0249
5184.0	22.609	2.0267
5186.0	22.592	2.0267
5188.0	22.575	2.0267
5190.0	22.578000000000003	2.0286
5192.0	22.561	2.0286
5194.0	22.543000000000003	2.0286
5196.0	22.546999999999997	2.0305
5198.0	22.529	2.0305
5200.0	22.511999999999997	2.0305
5202.0	22.515	2.0324
5204.0	22.498	2.0324
5206.0	22.543000000000003	2.038
5208.0	22.526	2.038
5210.0	22.508000000000003	2.038
5212.0	22.471	2.0361
5214.0	22.453000000000003	2.0361
5216.0	22.456999999999997	2.038
5218.0	22.44	2.038
5220.0	22.421999999999997	2.038
5222.0	22.405	2.038
5224.0	22.388	2.038
5226.0	22.371	2.038
5228.0	22.333000000000002	2.0361
5230.0	22.316	2.0361
5232.0	22.299	2.0361
5234.0	22.281999999999996	2.0361
5236.0	22.265	2.0361
5238.0	22.248	2.0361
5240.0	22.250999999999998	2.038
5242.0	22.234	2.038
5244.0	22.258000000000003	2.0417
5246.0	22.241	2.0417
5248.0	22.266	2.0455
5250.0	22.249000000000002	2.0455
5252.0	22.232	2.0455
5254.0	22.215	2.0455
5256.0	22.156999999999996	2.0417
5258.0	22.14	2.0417
5260.0	22.123	2.0417
5262.0	22.105999999999998	2.0417
5264.0	22.09	2.0417
5266.0	22.114	2.0455
5268.0	22.096999999999998	2.0455
5270.0	22.1	2.0474
5272.0	22.124000000000002	2.0512
5274.0	22.107	2.0512
5276.0	22.090999999999998	2.0512
5278.0	22.074	2.0512
5280.0	22.057	2.0512
5282.0	22.041	2.0512
5284.0	21.983	2.0474
5286.0	21.947	2.0455
5288.0	21.93	2.0455
5290.0	21.873	2.0417
5292.0	21.855999999999998	2.0417
5294.0	21.8	2.038
5296.0	21.783	2.038
5298.0	21.767	2.038
5300.0	21.75	2.038
5302.0	21.734	2.038
5304.0	21.718000000000004	2.038
5306.0	21.701	2.038
5308.0	21.725	2.0417
5310.0	21.709	2.0417
5312.0	21.732	2.0455
5314.0	21.715999999999998	2.0455
5316.0	21.7	2.0455
5318.0	21.683000000000003	2.0455
5320.0	21.666999999999998	2.0455
5322.0	21.651	2.0455
5324.0	21.634	2.0455
5326.0	21.618000000000002	2.0455
5328.0	21.622	2.0474
5330.0	21.645	2.0512
5332.0	21.629	2.0512
5334.0	21.613000000000003	2.0512
5336.0	21.636999999999997	2.0549
5338.0	21.62	2.0549
5340.0	21.604	2.0549
5342.0	21.548000000000002	2.0512
5344.0	21.531999999999996	2.0512
5346.0	21.516	2.0512
5348.0	21.5	2.0512
5350.0	21.444000000000003	2.0474
5352.0	21.428	2.0474
5354.0	21.412	2.0474
5356.0	21.396	2.0474
5358.0	21.38	2.0474
5360.0	21.364	2.0474
5362.0	21.348000000000003	2.0474
5364.0	21.333000000000002	2.0474
5366.0	21.355999999999998	2.0512
5368.0	21.34	2.0512
5370.0	21.324	2.0512
5372.0	21.348000000000003	2.0549
5374.0	21.331999999999997	2.0549
5376.0	21.355	2.0587
5378.0	21.339000000000002	2.0587
5380.0	21.323	2.0587
5382.0	21.307	2.0587
5384.0	21.253	2.0549
5386.0	21.237	2.0549
5388.0	21.221	2.0549
5390.0	21.205	2.0549
5392.0	21.189	2.0549
5394.0	21.213	2.0587
5396.0	21.197	2.0587
5398.0	21.180999999999997	2.0587
5400.0	21.166	2.0587
5402.0	21.15	2.0587
5404.0	21.134	2.0587
5406.0	21.08	2.0549
5408.0	21.064	2.0549
5410.0	21.01	2.0512
5412.0	20.994	2.0512
5414.0	20.979	2.0512
5416.0	20.963	2.0512
5418.0	20.987	2.0549
5420.0	20.971	2.0549
5422.0	20.994	2.0587
5424.0	20.979	2.0587
5426.0	20.963	2.0587
5428.0	20.967	2.0606
5430.0	20.951999999999998	2.0606
5432.0	20.936	2.0606
5434.0	20.921	2.0606
5436.0	20.906	2.0606
5438.0	20.929000000000002	2.0644
5440.0	20.913	2.0644
5442.0	20.898000000000003	2.0644
5444.0	20.921	2.0682
5446.0	20.906	2.0682
5448.0	20.929000000000002	2.0721
5450.0	20.914	2.0721
5452.0	20.898000000000003	2.0721
5454.0	20.844	2.0682
5456.0	20.829	2.0682
5458.0	20.814	2.0682
5460.0	20.799	2.0682
5462.0	20.783	2.0682
5464.0	20.768	2.0682
5466.0	20.753	2.0682
5468.0	20.7	2.0644
5470.0	20.685	2.0644
5472.0	20.669	2.0644
5474.0	20.654	2.0644
5476.0	20.601	2.0606
5478.0	20.586	2.0606
5480.0	20.570999999999998	2.0606
5482.0	20.555999999999997	2.0606
5484.0	20.579	2.0644
5486.0	20.564	2.0644
5488.0	20.549	2.0644
5490.0	20.572	2.0682
5492.0	20.557	2.0682
5494.0	20.541999999999998	2.0682
5496.0	20.526999999999997	2.0682
5498.0	20.511999999999997	2.0682
5500.0	20.535	2.0721
5502.0	20.52	2.0721
5504.0	20.505	2.0721
5506.0	20.49	2.0721
5508.0	20.494	2.074
5510.0	20.479	2.074
5512.0	20.502	2.0778
5514.0	20.487	2.0778
5516.0	20.472	2.0778
5518.0	20.458	2.0778
5520.0	20.405	2.074
5522.0	20.39	2.074
5524.0	20.375999999999998	2.074
5526.0	20.342	2.0721
5528.0	20.328	2.0721
5530.0	20.275	2.0682
5532.0	20.261	2.0682
5534.0	20.246	2.0682
5536.0	20.194000000000003	2.0644
5538.0	20.18	2.0644
5540.0	20.165	2.0644
5542.0	20.151	2.0644
5544.0	20.136	2.0644
5546.0	20.159000000000002	2.0682
5548.0	20.144000000000002	2.0682
5550.0	20.167	2.0721
5552.0	20.152	2.0721
5554.0	20.156	2.074
5556.0	20.179000000000002	2.0778
5558.0	20.164	2.0778
5560.0	20.187	2.0816
5562.0	20.172	2.0816
5564.0	20.158	2.0816
5566.0	20.143	2.0816
5568.0	20.129	2.0816
5570.0	20.077	2.0778
5572.0	20.063	2.0778
5574.0	20.049	2.0778
5576.0	20.034000000000002	2.0778
5578.0	20.02	2.0778
5580.0	20.006	2.0778
5582.0	20.028	2.0816
5584.0	20.014	2.0816
5586.0	19.999000000000002	2.0816
5588.0	20.022000000000002	2.0854
5590.0	20.026	2.0874
5592.0	20.012	2.0874
5594.0	19.997	2.0874
5596.0	20.02	2.0912
5598.0	20.006	2.0912
5600.0	19.991	2.0912
5602.0	19.977	2.0912
5604.0	19.963	2.0912
5606.0	19.949	2.0912
5608.0	19.898	2.0874
5610.0	19.883	2.0874
5612.0	19.869	2.0874
5614.0	19.855	2.0874
5616.0	19.840999999999998	2.0874
5618.0	19.827	2.0874
5620.0	19.813	2.0874
5622.0	19.835	2.0912
5624.0	19.820999999999998	2.0912
5626.0	19.807000000000002	2.0912
5628.0	19.793	2.0912
5630.0	19.779	2.0912
5632.0	19.765	2.0912
5634.0	19.750999999999998	2.0912
5636.0	19.737000000000002	2.0912
5638.0	19.723	2.0912
5640.0	19.673	2.0874
5642.0	19.659000000000002	2.0874
5644.0	19.645	2.0874
5646.0	19.613	2.0854
5648.0	19.599	2.0854
5650.0	19.602999999999998	2.0874
5652.0	19.589000000000002	2.0874
5654.0	19.575	2.0874
5656.0	19.561	2.0874
5658.0	19.584	2.0912
5660.0	19.57	2.0912
5662.0	19.555999999999997	2.0912
5664.0	19.506	2.0874
5666.0	19.492	2.0874
5668.0	19.479	2.0874
5670.0	19.465	2.0874
5672.0	19.451	2.0874
5674.0	19.437	2.0874
5676.0	19.424	2.0874
5678.0	19.445999999999998	2.0912
5680.0	19.432000000000002	2.0912
5682.0	19.454	2.0951
5684.0	19.441	2.0951
5686.0	19.427	2.0951
5688.0	19.413	2.0951
5690.0	19.4	2.0951
5692.0	19.386	2.0951
5694.0	19.372	2.0951
5696.0	19.359	2.0951
5698.0	19.345	2.0951
5700.0	19.332	2.0951
5702.0	19.317999999999998	2.0951
5704.0	19.305	2.0951
5706.0	19.291	2.0951
5708.0	19.313	2.0989
5710.0	19.3	2.0989
5712.0	19.304000000000002	2.1009
5714.0	19.29	2.1009
5716.0	19.312	2.1047
5718.0	19.299	2.1047
5720.0	19.285	2.1047
5722.0	19.272000000000002	2.1047
5724.0	19.258	2.1047
5726.0	19.245	2.1047
5728.0	19.195999999999998	2.1009
5730.0	19.183	2.1009
5732.0	19.152	2.0989
5734.0	19.137999999999998	2.0989
5736.0	19.143	2.1009
5738.0	19.129	2.1009
5740.0	19.151	2.1047
5742.0	19.137999999999998	2.1047
5744.0	19.125	2.1047
5746.0	19.111	2.1047
5748.0	19.098	2.1047
5750.0	19.085	2.1047
5752.0	19.070999999999998	2.1047
5754.0	19.058	2.1047
5756.0	19.045	2.1047
5758.0	19.032	2.1047
5760.0	19.018	2.1047
5762.0	19.005	2.1047
5764.0	18.992	2.1047
5766.0	18.979	2.1047
5768.0	19.000999999999998	2.1086
5770.0	18.988	2.1086
5772.0	18.974	2.1086
5774.0	18.961	2.1086
5776.0	18.948	2.1086
5778.0	18.9	2.1047
5780.0	18.887	2.1047
5782.0	18.874000000000002	2.1047
5784.0	18.861	2.1047
5786.0	18.848	2.1047
5788.0	18.835	2.1047
5790.0	18.822	2.1047
5792.0	18.809	2.1047
5794.0	18.796	2.1047
5796.0	18.783	2.1047
5798.0	18.77	2.1047
5800.0	18.757	2.1047
5802.0	18.744	2.1047
5804.0	18.730999999999998	2.1047
5806.0	18.753	2.1086
5808.0	18.74	2.1086
5810.0	18.744	2.1106
5812.0	18.766	2.1145
5814.0	18.753	2.1145
5816.0	18.74	2.1145
5818.0	18.727	2.1145
5820.0	18.714000000000002	2.1145
5822.0	18.702	2.1145
5824.0	18.654	2.1106
5826.0	18.624000000000002	2.1086
5828.0	18.577	2.1047
5830.0	18.564	2.1047
5832.0	18.552	2.1047
5834.0	18.539	2.1047
5836.0	18.526	2.1047
5838.0	18.514	2.1047
5840.0	18.500999999999998	2.1047
5842.0	18.488	2.1047
5844.0	18.476	2.1047
5846.0	18.463	2.1047
5848.0	18.45	2.1047
5850.0	18.472	2.1086
5852.0	18.459	2.1086
5854.0	18.447	2.1086
5856.0	18.434	2.1086
5858.0	18.438	2.1106
5860.0	18.46	2.1145
5862.0	18.447	2.1145
5864.0	18.435	2.1145
5866.0	18.456	2.1184
5868.0	18.442999999999998	2.1184
5870.0	18.430999999999997	2.1184
5872.0	18.418	2.1184
5874.0	18.44	2.1223
5876.0	18.427	2.1223
5878.0	18.432000000000002	2.1242
5880.0	18.453	2.1281
5882.0	18.44	2.1281
5884.0	18.462	2.1321
5886.0	18.449	2.1321
5888.0	18.471	2.136
5890.0	18.458	2.136
5892.0	18.445999999999998	2.136
5894.0	18.45	2.138
5896.0	18.421	2.136
5898.0	18.408	2.136
5900.0	18.362000000000002	2.1321
5902.0	18.349	2.1321
5904.0	18.303	2.1281
5906.0	18.291	2.1281
5908.0	18.245	2.1242
5910.0	18.215999999999998	2.1223
5912.0	18.203	2.1223
5914.0	18.191	2.1223
5916.0	18.179000000000002	2.1223
5918.0	18.166	2.1223
5920.0	18.154	2.1223
5922.0	18.142	2.1223
5924.0	18.13	2.1223
5926.0	18.084	2.1184
5928.0	18.072	2.1184
5930.0	18.06	2.1184
5932.0	18.048	2.1184
5934.0	18.035	2.1184
5936.0	18.023	2.1184
5938.0	18.011	2.1184
5940.0	18.032	2.1223
5942.0	18.02	2.1223
5944.0	18.008	2.1223
5946.0	17.996	2.1223
5948.0	17.984	2.1223
5950.0	17.972	2.1223
5952.0	17.96	2.1223
5954.0	17.947	2.1223
5956.0	17.935	2.1223
5958.0	17.923	2.1223
5960.0	17.910999999999998	2.1223
5962.0	17.899	2.1223
5964.0	17.904	2.1242
5966.0	17.892	2.1242
5968.0	17.913	2.1281
5970.0	17.901	2.1281
5972.0	17.889	2.1281
5974.0	17.91	2.1321
5976.0	17.898	2.1321
5978.0	17.886	2.1321
5980.0	17.874000000000002	2.1321
5982.0	17.862000000000002	2.1321
5984.0	17.85	2.1321
5986.0	17.838	2.1321
5988.0	17.826	2.1321
5990.0	17.814	2.1321
5992.0	17.802	2.1321
5994.0	17.79	2.1321
5996.0	17.779	2.1321
5998.0	17.767	2.1321
6000.0	17.755	2.1321
6002.0	17.743	2.1321
6004.0	17.730999999999998	2.1321
6006.0	17.719	2.1321
6008.0	17.708	2.1321
6010.0	17.695999999999998	2.1321
6012.0	17.652	2.1281
6014.0	17.64	2.1281
6016.0	17.628	2.1281
6018.0	17.616	2.1281
6020.0	17.605	2.1281
6022.0	17.625	2.1321
6024.0	17.614	2.1321
6026.0	17.602	2.1321
6028.0	17.59	2.1321
6030.0	17.579	2.1321
6032.0	17.567	2.1321
6034.0	17.555	2.1321
6036.0	17.544	2.1321
6038.0	17.532	2.1321
6040.0	17.52	2.1321
6042.0	17.541	2.136
6044.0	17.53	2.136
6046.0	17.518	2.136
6048.0	17.506	2.136
6050.0	17.495	2.136
6052.0	17.499000000000002	2.138
6054.0	17.488	2.138
6056.0	17.476	2.138
6058.0	17.449	2.136
6060.0	17.437	2.136
6062.0	17.393	2.1321
6064.0	17.382	2.1321
6066.0	17.339000000000002	2.1281
6068.0	17.327	2.1281
6070.0	17.316	2.1281
6072.0	17.304000000000002	2.1281
6074.0	17.293	2.1281
6076.0	17.282	2.1281
6078.0	17.27	2.1281
6080.0	17.259	2.1281
6082.0	17.248	2.1281
6084.0	17.236	2.1281
6086.0	17.225	2.1281
6088.0	17.214000000000002	2.1281
6090.0	17.202	2.1281
6092.0	17.191	2.1281
6094.0	17.18	2.1281
6096.0	17.168	2.1281
6098.0	17.157	2.1281
6100.0	17.146	2.1281
6102.0	17.166	2.1321
6104.0	17.155	2.1321
6106.0	17.175	2.136
6108.0	17.164	2.136
6110.0	17.169	2.138
6112.0	17.157	2.138
6114.0	17.146	2.138
6116.0	17.135	2.138
6118.0	17.124000000000002	2.138
6120.0	17.113	2.138
6122.0	17.101	2.138
6124.0	17.122	2.1419
6126.0	17.111	2.1419
6128.0	17.099	2.1419
6130.0	17.088	2.1419
6132.0	17.077	2.1419
6134.0	17.066	2.1419
6136.0	17.055	2.1419
6138.0	17.044	2.1419
6140.0	17.033	2.1419
6142.0	17.022000000000002	2.1419
6144.0	17.01	2.1419
6146.0	16.999000000000002	2.1419
6148.0	16.988	2.1419
6150.0	16.977	2.1419
6152.0	16.965999999999998	2.1419
6154.0	16.987000000000002	2.1459
6156.0	16.944000000000003	2.1419
6158.0	16.933	2.1419
6160.0	16.922	2.1419
6162.0	16.910999999999998	2.1419
6164.0	16.9	2.1419
6166.0	16.858	2.138
6168.0	16.878	2.1419
6170.0	16.867	2.1419
6172.0	16.887999999999998	2.1459
6174.0	16.877	2.1459
6176.0	16.897000000000002	2.1498
6178.0	16.902	2.1518
6180.0	16.891	2.1518
6182.0	16.864	2.1498
6184.0	16.822	2.1459
6186.0	16.811	2.1459
6188.0	16.769000000000002	2.1419
6190.0	16.759	2.1419
6192.0	16.717	2.138
6194.0	16.706	2.138
6196.0	16.695	2.138
6198.0	16.685	2.138
6200.0	16.659000000000002	2.136
6202.0	16.617	2.1321
6204.0	16.605999999999998	2.1321
6206.0	16.596	2.1321
6208.0	16.555	2.1281
6210.0	16.544	2.1281
6212.0	16.564	2.1321
6214.0	16.553	2.1321
6216.0	16.542	2.1321
6218.0	16.562	2.136
6220.0	16.552	2.136
6222.0	16.541	2.136
6224.0	16.5	2.1321
6226.0	16.489	2.1321
6228.0	16.448	2.1281
6230.0	16.438	2.1281
6232.0	16.397000000000002	2.1242
6234.0	16.371	2.1223
6236.0	16.375999999999998	2.1242
6238.0	16.366	2.1242
6240.0	16.385	2.1281
6242.0	16.375	2.1281
6244.0	16.394000000000002	2.1321
6246.0	16.384	2.1321
6248.0	16.373	2.1321
6250.0	16.393	2.136
6252.0	16.383	2.136
6254.0	16.342	2.1321
6256.0	16.331	2.1321
6258.0	16.320999999999998	2.1321
6260.0	16.311	2.1321
6262.0	16.27	2.1281
6264.0	16.26	2.1281
6266.0	16.249000000000002	2.1281
6268.0	16.239	2.1281
6270.0	16.259	2.1321
6272.0	16.248	2.1321
6274.0	16.238	2.1321
6276.0	16.258	2.136
6278.0	16.247	2.136
6280.0	16.237000000000002	2.136
6282.0	16.226	2.136
6284.0	16.215999999999998	2.136
6286.0	16.206	2.136
6288.0	16.195999999999998	2.136
6290.0	16.185	2.136
6292.0	16.145	2.1321
6294.0	16.135	2.1321
6296.0	16.125	2.1321
6298.0	16.085	2.1281
6300.0	16.075	2.1281
6302.0	16.035	2.1242
6304.0	16.01	2.1223
6306.0	16.0	2.1223
6308.0	15.99	2.1223
6310.0	15.979000000000001	2.1223
6312.0	15.969000000000001	2.1223
6314.0	15.959000000000001	2.1223
6316.0	15.949000000000002	2.1223
6318.0	15.939	2.1223
6320.0	15.929	2.1223
6322.0	15.919	2.1223
6324.0	15.909	2.1223
6326.0	15.899000000000001	2.1223
6328.0	15.889000000000001	2.1223
6330.0	15.879000000000001	2.1223
6332.0	15.869000000000002	2.1223
6334.0	15.873	2.1242
6336.0	15.863	2.1242
6338.0	15.882	2.1281
6340.0	15.872	2.1281
6342.0	15.862	2.1281
6344.0	15.852	2.1281
6346.0	15.812999999999999	2.1242
6348.0	15.802999999999999	2.1242
6350.0	15.793	2.1242
6352.0	15.769	2.1223
6354.0	15.759	2.1223
6356.0	15.749	2.1223
6358.0	15.739	2.1223
6360.0	15.729000000000001	2.1223
6362.0	15.719000000000001	2.1223
6364.0	15.681	2.1184
6366.0	15.671	2.1184
6368.0	15.661	2.1184
6370.0	15.651	2.1184
6372.0	15.640999999999998	2.1184
6374.0	15.630999999999998	2.1184
6376.0	15.65	2.1223
6378.0	15.640999999999998	2.1223
6380.0	15.630999999999998	2.1223
6382.0	15.620999999999999	2.1223
6384.0	15.610999999999999	2.1223
6386.0	15.600999999999999	2.1223
6388.0	15.592	2.1223
6390.0	15.582	2.1223
6392.0	15.572000000000001	2.1223
6394.0	15.562000000000001	2.1223
6396.0	15.552999999999999	2.1223
6398.0	15.543	2.1223
6400.0	15.533	2.1223
6402.0	15.523	2.1223
6404.0	15.514000000000001	2.1223
6406.0	15.475999999999999	2.1184
6408.0	15.466	2.1184
6410.0	15.456	2.1184
6412.0	15.447000000000001	2.1184
6414.0	15.465	2.1223
6416.0	15.456	2.1223
6418.0	15.446	2.1223
6420.0	15.437000000000001	2.1223
6422.0	15.440999999999999	2.1242
6424.0	15.432	2.1242
6426.0	15.422	2.1242
6428.0	15.412	2.1242
6430.0	15.402999999999999	2.1242
6432.0	15.422	2.1281
6434.0	15.412	2.1281
6436.0	15.402000000000001	2.1281
6438.0	15.392999999999999	2.1281
6440.0	15.383	2.1281
6442.0	15.345	2.1242
6444.0	15.335999999999999	2.1242
6446.0	15.325999999999999	2.1242
6448.0	15.317	2.1242
6450.0	15.307	2.1242
6452.0	15.284	2.1223
6454.0	15.274000000000001	2.1223
6456.0	15.265	2.1223
6458.0	15.255	2.1223
6460.0	15.245999999999999	2.1223
6462.0	15.209000000000001	2.1184
6464.0	15.199000000000002	2.1184
6466.0	15.19	2.1184
6468.0	15.18	2.1184
6470.0	15.171	2.1184
6472.0	15.189	2.1223
6474.0	15.18	2.1223
6476.0	15.171	2.1223
6478.0	15.161	2.1223
6480.0	15.124	2.1184
6482.0	15.115	2.1184
6484.0	15.078	2.1145
6486.0	15.068	2.1145
6488.0	15.017999999999999	2.1086
6490.0	15.008	2.1086
6492.0	14.999	2.1086
6494.0	14.962	2.1047
6496.0	14.953	2.1047
6498.0	14.915999999999999	2.1009
6500.0	14.907	2.1009
6502.0	14.857000000000001	2.0951
6504.0	14.82	2.0912
6506.0	14.784	2.0874
6508.0	14.761	2.0854
6510.0	14.725	2.0816
6512.0	14.689	2.0778
6514.0	14.64	2.0721
6516.0	14.604000000000001	2.0682
6518.0	14.568	2.0644
6520.0	14.532	2.0606
6522.0	14.51	2.0587
6524.0	14.474	2.0549
6526.0	14.439	2.0512
6528.0	14.402999999999999	2.0474
6530.0	14.380999999999998	2.0455
6532.0	14.372	2.0455
6534.0	14.364	2.0455
6536.0	14.355	2.0455
6538.0	14.359000000000002	2.0474
6540.0	14.377	2.0512
6542.0	14.368	2.0512
6544.0	14.359000000000002	2.0512
6546.0	14.377	2.0549
6548.0	14.368	2.0549
6550.0	14.359000000000002	2.0549
6552.0	14.324000000000002	2.0512
6554.0	14.315999999999999	2.0512
6556.0	14.307	2.0512
6558.0	14.298	2.0512
6560.0	14.263	2.0474
6562.0	14.254000000000001	2.0474
6564.0	14.232999999999999	2.0455
6566.0	14.224	2.0455
6568.0	14.215	2.0455
6570.0	14.207	2.0455
6572.0	14.172	2.0417
6574.0	14.189	2.0455
6576.0	14.181	2.0455
6578.0	14.185	2.0474
6580.0	14.203	2.0512
6582.0	14.194	2.0512
6584.0	14.212	2.0549
6586.0	14.203	2.0549
6588.0	14.22	2.0587
6590.0	14.212	2.0587
6592.0	14.203	2.0587
6594.0	14.208	2.0606
6596.0	14.225	2.0644
6598.0	14.217	2.0644
6600.0	14.234000000000002	2.0682
6602.0	14.252	2.0721
6604.0	14.255999999999998	2.074
6606.0	14.274000000000001	2.0778
6608.0	14.292	2.0816
6610.0	14.309000000000001	2.0854
6612.0	14.34	2.0912
6614.0	14.357999999999999	2.0951
6616.0	14.376	2.0989
6618.0	14.38	2.1009
6620.0	14.372	2.1009
6622.0	14.389000000000001	2.1047
6624.0	14.380999999999998	2.1047
6626.0	14.399000000000001	2.1086
6628.0	14.39	2.1086
6630.0	14.380999999999998	2.1086
6632.0	14.372	2.1086
6634.0	14.364	2.1086
6636.0	14.355	2.1086
6638.0	14.345999999999998	2.1086
6640.0	14.338	2.1086
6642.0	14.329	2.1086
6644.0	14.321	2.1086
6646.0	14.325	2.1106
6648.0	14.343	2.1145
6650.0	14.334000000000001	2.1145
6652.0	14.325999999999999	2.1145
6654.0	14.344000000000001	2.1184
6656.0	14.335	2.1184
6658.0	14.325999999999999	2.1184
6660.0	14.318	2.1184
6662.0	14.309000000000001	2.1184
6664.0	14.3	2.1184
6666.0	14.318	2.1223
6668.0	14.31	2.1223
6670.0	14.300999999999998	2.1223
6672.0	14.293	2.1223
6674.0	14.284	2.1223
6676.0	14.275	2.1223
6678.0	14.267000000000001	2.1223
6680.0	14.258	2.1223
6682.0	14.224	2.1184
6684.0	14.215	2.1184
6686.0	14.207	2.1184
6688.0	14.198	2.1184
6690.0	14.19	2.1184
6692.0	14.181	2.1184
6694.0	14.199000000000002	2.1223
6696.0	14.19	2.1223
6698.0	14.182	2.1223
6700.0	14.173	2.1223
6702.0	14.165	2.1223
6704.0	14.155999999999999	2.1223
6706.0	14.161	2.1242
6708.0	14.152999999999999	2.1242
6710.0	14.144	2.1242
6712.0	14.123	2.1223
6714.0	14.114	2.1223
6716.0	14.106	2.1223
6718.0	14.097000000000001	2.1223
6720.0	14.089	2.1223
6722.0	14.055	2.1184
6724.0	14.046	2.1184
6726.0	14.038	2.1184
6728.0	14.056	2.1223
6730.0	14.047	2.1223
6732.0	14.052	2.1242
6734.0	14.043	2.1242
6736.0	14.061	2.1281
6738.0	14.052999999999999	2.1281
6740.0	14.044	2.1281
6742.0	14.036	2.1281
6744.0	14.052999999999999	2.1321
6746.0	14.045	2.1321
6748.0	14.037	2.1321
6750.0	14.029000000000002	2.1321
6752.0	14.02	2.1321
6754.0	14.012	2.1321
6756.0	14.004000000000001	2.1321
6758.0	13.995	2.1321
6760.0	13.987	2.1321
6762.0	13.979000000000001	2.1321
6764.0	13.970999999999998	2.1321
6766.0	13.937000000000001	2.1281
6768.0	13.954	2.1321
6770.0	13.946	2.1321
6772.0	13.937999999999999	2.1321
6774.0	13.955	2.136
6776.0	13.96	2.138
6778.0	13.950999999999999	2.138
6780.0	13.969000000000001	2.1419
6782.0	13.960999999999999	2.1419
6784.0	13.952	2.1419
6786.0	13.97	2.1459
6788.0	13.962	2.1459
6790.0	13.979000000000001	2.1498
6792.0	13.984000000000002	2.1518
6794.0	13.975999999999999	2.1518
6796.0	13.967	2.1518
6798.0	13.959000000000001	2.1518
6800.0	13.937999999999999	2.1498
6802.0	13.904000000000002	2.1459
6804.0	13.895999999999999	2.1459
6806.0	13.862	2.1419
6808.0	13.829	2.138
6810.0	13.821	2.138
6812.0	13.774000000000001	2.1321
6814.0	13.765999999999998	2.1321
6816.0	13.732999999999999	2.1281
6818.0	13.725	2.1281
6820.0	13.692	2.1242
6822.0	13.683	2.1242
6824.0	13.675	2.1242
6826.0	13.693	2.1281
6828.0	13.685	2.1281
6830.0	13.702	2.1321
6832.0	13.694	2.1321
6834.0	13.710999999999999	2.136
6836.0	13.716	2.138
6838.0	13.708	2.138
6840.0	13.725	2.1419
6842.0	13.717	2.1419
6844.0	13.734000000000002	2.1459
6846.0	13.65	2.134
6848.0	13.642000000000001	2.134
6850.0	13.634	2.134
6852.0	13.627	2.134
6854.0	13.619000000000002	2.134
6856.0	13.610999999999999	2.134
6858.0	13.603	2.134
6860.0	13.595	2.134
6862.0	13.587	2.134
6864.0	13.579	2.134
6866.0	13.559000000000001	2.1321
6868.0	13.550999999999998	2.1321
6870.0	13.543	2.1321
6872.0	13.535	2.1321
6874.0	13.527000000000001	2.1321
6876.0	13.519	2.1321
6878.0	13.511	2.1321
6880.0	13.503	2.1321
6882.0	13.495999999999999	2.1321
6884.0	13.488	2.1321
6886.0	13.48	2.1321
6888.0	13.472000000000001	2.1321
6890.0	13.464	2.1321
6892.0	13.456	2.1321
6894.0	13.449000000000002	2.1321
6896.0	13.440999999999999	2.1321
6898.0	13.433	2.1321
6900.0	13.425	2.1321
6902.0	13.417	2.1321
6904.0	13.41	2.1321
6906.0	13.402000000000001	2.1321
6908.0	13.394	2.1321
6910.0	13.386	2.1321
6912.0	13.379000000000001	2.1321
6914.0	13.370999999999999	2.1321
6916.0	13.363	2.1321
6918.0	13.355	2.1321
6920.0	13.347999999999999	2.1321
6922.0	13.34	2.1321
6924.0	13.332	2.1321
6926.0	13.325	2.1321
6928.0	13.317	2.1321
6930.0	13.309000000000001	2.1321
6932.0	13.302	2.1321
6934.0	13.294	2.1321
6936.0	13.286	2.1321
6938.0	13.279000000000002	2.1321
6940.0	13.270999999999999	2.1321
6942.0	13.263	2.1321
6944.0	13.255999999999998	2.1321
6946.0	13.248	2.1321
6948.0	13.24	2.1321
6950.0	13.232999999999999	2.1321
6952.0	13.262	2.138
6954.0	13.254000000000001	2.138
6956.0	13.245999999999999	2.138
6958.0	13.239	2.138
6960.0	13.231	2.138
6962.0	13.248	2.1419
6964.0	13.24	2.1419
6966.0	13.232999999999999	2.1419
6968.0	13.225	2.1419
6970.0	13.193	2.138
6972.0	13.186	2.138
6974.0	13.165999999999999	2.136
6976.0	13.134	2.1321
6978.0	13.127	2.1321
6980.0	13.119000000000002	2.1321
6982.0	13.088	2.1281
6984.0	13.08	2.1281
6986.0	13.073	2.1281
6988.0	13.065	2.1281
6990.0	13.058	2.1281
6992.0	13.05	2.1281
6994.0	13.067	2.1321
6996.0	13.059000000000001	2.1321
6998.0	13.052	2.1321
7000.0	13.068	2.136
7002.0	13.073	2.138
7004.0	13.065999999999999	2.138
7006.0	13.058	2.138
7008.0	13.075	2.1419
7010.0	13.067	2.1419
7012.0	13.084000000000001	2.1459
7014.0	13.075999999999999	2.1459
7016.0	13.069	2.1459
7018.0	13.085999999999999	2.1498
7020.0	13.078	2.1498
7022.0	13.071	2.1498
7024.0	13.062999999999999	2.1498
7026.0	13.056	2.1498
7028.0	13.024000000000001	2.1459
7030.0	13.017000000000001	2.1459
7032.0	12.985999999999999	2.1419
7034.0	12.978	2.1419
7036.0	12.947000000000001	2.138
7038.0	12.904000000000002	2.1321
7040.0	12.873	2.1281
7042.0	12.842	2.1242
7044.0	12.823	2.1223
7046.0	12.792	2.1184
7048.0	12.785	2.1184
7050.0	12.777000000000001	2.1184
7052.0	12.77	2.1184
7054.0	12.763	2.1184
7056.0	12.779000000000002	2.1223
7058.0	12.772	2.1223
7060.0	12.8	2.1281
7062.0	12.793	2.1281
7064.0	12.809000000000001	2.1321
7066.0	12.825	2.136
7068.0	12.83	2.138
7070.0	12.823	2.138
7072.0	12.839	2.1419
7074.0	12.832	2.1419
7076.0	12.847999999999999	2.1459
7078.0	12.841	2.1459
7080.0	12.834000000000001	2.1459
7082.0	12.827	2.1459
7084.0	12.819	2.1459
7086.0	12.812000000000001	2.1459
7088.0	12.780999999999999	2.1419
7090.0	12.774000000000001	2.1419
7092.0	12.743	2.138
7094.0	12.735999999999999	2.138
7096.0	12.694	2.1321
7098.0	12.687000000000001	2.1321
7100.0	12.655999999999999	2.1281
7102.0	12.626	2.1242
7104.0	12.607000000000001	2.1223
7106.0	12.6	2.1223
7108.0	12.593	2.1223
7110.0	12.585999999999999	2.1223
7112.0	12.579	2.1223
7114.0	12.572000000000001	2.1223
7116.0	12.599	2.1281
7118.0	12.615	2.1321
7120.0	12.642999999999999	2.138
7122.0	12.636	2.138
7124.0	12.652000000000001	2.1419
7126.0	12.645	2.1419
7128.0	12.638	2.1419
7130.0	12.630999999999998	2.1419
7132.0	12.624	2.1419
7134.0	12.617	2.1419
7136.0	12.61	2.1419
7138.0	12.58	2.138
7140.0	12.573	2.138
7142.0	12.565	2.138
7144.0	12.558	2.138
7146.0	12.550999999999998	2.138
7148.0	12.544	2.138
7150.0	12.537	2.138
7152.0	12.53	2.138
7154.0	12.512	2.136
7156.0	12.482000000000001	2.1321
7158.0	12.475	2.1321
7160.0	12.468	2.1321
7162.0	12.437999999999999	2.1281
7164.0	12.431	2.1281
7166.0	12.447000000000001	2.1321
7168.0	12.44	2.1321
7170.0	12.456	2.136
7172.0	12.460999999999999	2.138
7174.0	12.454	2.138
7176.0	12.447000000000001	2.138
7178.0	12.44	2.138
7180.0	12.433	2.138
7182.0	12.449000000000002	2.1419
7184.0	12.442	2.1419
7186.0	12.412	2.138
7188.0	12.405	2.138
7190.0	12.398	2.138
7192.0	12.390999999999998	2.138
7194.0	12.373	2.136
7196.0	12.343	2.1321
7198.0	12.337	2.1321
7200.0	12.33	2.1321
7202.0	12.3	2.1281
7204.0	12.293	2.1281
7206.0	12.264000000000001	2.1242
7208.0	12.257	2.1242
7210.0	12.239	2.1223
7212.0	12.232000000000001	2.1223
7214.0	12.203	2.1184
7216.0	12.196	2.1184
7218.0	12.19	2.1184
7220.0	12.183	2.1184
7222.0	12.175999999999998	2.1184
7224.0	12.169	2.1184
7226.0	12.185	2.1223
7228.0	12.189	2.1242
7230.0	12.205	2.1281
7232.0	12.198	2.1281
7234.0	12.192	2.1281
7236.0	12.207	2.1321
7238.0	12.177999999999999	2.1281
7240.0	12.171	2.1281
7242.0	12.165	2.1281
7244.0	12.136	2.1242
7246.0	12.118	2.1223
7248.0	12.110999999999999	2.1223
7250.0	12.082	2.1184
7252.0	12.075999999999999	2.1184
7254.0	12.047	2.1145
7256.0	12.04	2.1145
7258.0	12.033	2.1145
7260.0	12.049000000000001	2.1184
7262.0	12.042	2.1184
7264.0	12.036	2.1184
7266.0	12.029000000000002	2.1184
7268.0	12.022	2.1184
7270.0	12.015999999999998	2.1184
7272.0	12.009	2.1184
7274.0	12.003	2.1184
7276.0	11.974	2.1145
7278.0	11.967	2.1145
7280.0	11.939	2.1106
7282.0	11.921	2.1086
7284.0	11.915	2.1086
7286.0	11.886	2.1047
7288.0	11.88	2.1047
7290.0	11.850999999999999	2.1009
7292.0	11.845	2.1009
7294.0	11.838	2.1009
7296.0	11.832	2.1009
7298.0	11.847000000000001	2.1047
7300.0	11.819	2.1009
7302.0	11.812000000000001	2.1009
7304.0	11.806	2.1009
7306.0	11.799000000000001	2.1009
7308.0	11.815	2.1047
7310.0	11.808	2.1047
7312.0	11.802	2.1047
7314.0	11.795	2.1047
7316.0	11.789000000000001	2.1047
7318.0	11.782	2.1047
7320.0	11.776	2.1047
7322.0	11.77	2.1047
7324.0	11.763	2.1047
7326.0	11.777999999999999	2.1086
7328.0	11.772	2.1086
7330.0	11.776	2.1106
7332.0	11.77	2.1106
7334.0	11.785	2.1145
7336.0	11.757	2.1106
7338.0	11.74	2.1086
7340.0	11.712	2.1047
7342.0	11.684000000000001	2.1009
7344.0	11.677999999999999	2.1009
7346.0	11.661	2.0989
7348.0	11.654000000000002	2.0989
7350.0	11.648	2.0989
7352.0	11.642000000000001	2.0989
7354.0	11.645999999999999	2.1009
7356.0	11.64	2.1009
7358.0	11.655	2.1047
7360.0	11.648	2.1047
7362.0	11.642000000000001	2.1047
7364.0	11.657	2.1086
7366.0	11.651	2.1086
7368.0	11.655	2.1106
7370.0	11.67	2.1145
7372.0	11.664000000000001	2.1145
7374.0	11.658	2.1145
7376.0	11.651	2.1145
7378.0	11.645	2.1145
7380.0	11.639000000000001	2.1145
7382.0	11.633	2.1145
7384.0	11.626	2.1145
7386.0	11.62	2.1145
7388.0	11.614	2.1145
7390.0	11.585999999999999	2.1106
7392.0	11.58	2.1106
7394.0	11.573	2.1106
7396.0	11.567	2.1106
7398.0	11.55	2.1086
7400.0	11.544	2.1086
7402.0	11.538	2.1086
7404.0	11.532	2.1086
7406.0	11.525	2.1086
7408.0	11.498	2.1047
7410.0	11.492	2.1047
7412.0	11.464	2.1009
7414.0	11.458	2.1009
7416.0	11.452	2.1009
7418.0	11.446	2.1009
7420.0	11.44	2.1009
7422.0	11.433	2.1009
7424.0	11.427	2.1009
7426.0	11.421	2.1009
7428.0	11.436	2.1047
7430.0	11.43	2.1047
7432.0	11.424000000000001	2.1047
7434.0	11.418	2.1047
7436.0	11.411	2.1047
7438.0	11.405	2.1047
7440.0	11.399000000000001	2.1047
7442.0	11.392999999999999	2.1047
7444.0	11.387	2.1047
7446.0	11.380999999999998	2.1047
7448.0	11.375	2.1047
7450.0	11.369000000000002	2.1047
7452.0	11.383	2.1086
7454.0	11.377	2.1086
7456.0	11.370999999999999	2.1086
7458.0	11.365	2.1086
7460.0	11.359000000000002	2.1086
7462.0	11.353	2.1086
7464.0	11.347000000000001	2.1086
7466.0	11.32	2.1047
7468.0	11.314	2.1047
7470.0	11.308	2.1047
7472.0	11.302	2.1047
7474.0	11.296	2.1047
7476.0	11.29	2.1047
7478.0	11.284	2.1047
7480.0	11.277999999999999	2.1047
7482.0	11.272	2.1047
7484.0	11.265999999999998	2.1047
7486.0	11.239	2.1009
7488.0	11.232999999999999	2.1009
7490.0	11.227	2.1009
7492.0	11.220999999999998	2.1009
7494.0	11.215	2.1009
7496.0	11.209000000000001	2.1009
7498.0	11.203	2.1009
7500.0	11.218	2.1047
7502.0	11.212	2.1047
7504.0	11.206	2.1047
7506.0	11.2	2.1047
7508.0	11.194	2.1047
7510.0	11.187999999999999	2.1047
7512.0	11.161	2.1009
7514.0	11.155	2.1009
7516.0	11.149000000000001	2.1009
7518.0	11.133	2.0989
7520.0	11.107000000000001	2.0951
7522.0	11.100999999999999	2.0951
7524.0	11.095	2.0951
7526.0	11.089	2.0951
7528.0	11.083	2.0951
7530.0	11.077	2.0951
7532.0	11.092	2.0989
7534.0	11.085999999999999	2.0989
7536.0	11.08	2.0989
7538.0	11.074000000000002	2.0989
7540.0	11.068	2.0989
7542.0	11.062000000000001	2.0989
7544.0	11.057	2.0989
7546.0	11.03	2.0951
7548.0	11.024000000000001	2.0951
7550.0	10.998	2.0912
7552.0	10.993	2.0912
7554.0	10.987	2.0912
7556.0	10.981	2.0912
7558.0	10.975	2.0912
7560.0	10.959000000000001	2.0893
7562.0	10.953	2.0893
7564.0	10.948	2.0893
7566.0	10.942	2.0893
7568.0	10.936	2.0893
7570.0	10.92	2.0874
7572.0	10.914000000000001	2.0874
7574.0	10.909	2.0874
7576.0	10.902999999999999	2.0874
7578.0	10.897	2.0874
7580.0	10.890999999999998	2.0874
7582.0	10.876	2.0854
7584.0	10.87	2.0854
7586.0	10.864	2.0854
7588.0	10.857999999999999	2.0854
7590.0	10.853	2.0854
7592.0	10.847000000000001	2.0854
7594.0	10.831	2.0835
7596.0	10.825999999999999	2.0835
7598.0	10.82	2.0835
7600.0	10.814	2.0835
7602.0	10.808	2.0835
7604.0	10.802999999999999	2.0835
7606.0	10.787	2.0816
7608.0	10.782	2.0816
7610.0	10.776	2.0816
7612.0	10.77	2.0816
7614.0	10.765	2.0816
7616.0	10.759	2.0816
7618.0	10.753	2.0816
7620.0	10.738	2.0797
7622.0	10.732000000000001	2.0797
7624.0	10.725999999999999	2.0797
7626.0	10.720999999999998	2.0797
7628.0	10.715	2.0797
7630.0	10.71	2.0797
7632.0	10.704	2.0797
7634.0	10.698	2.0797
7636.0	10.683	2.0778
7638.0	10.677	2.0778
7640.0	10.672	2.0778
7642.0	10.665999999999999	2.0778
7644.0	10.661	2.0778
7646.0	10.655	2.0778
7648.0	10.649000000000001	2.0778
7650.0	10.644	2.0778
7652.0	10.638	2.0778
7654.0	10.623	2.0759
7656.0	10.617	2.0759
7658.0	10.612	2.0759
7660.0	10.606	2.0759
7662.0	10.600999999999999	2.0759
7664.0	10.595	2.0759
7666.0	10.59	2.0759
7668.0	10.584000000000001	2.0759
7670.0	10.579	2.0759
7672.0	10.573	2.0759
7674.0	10.568	2.0759
7676.0	10.552	2.074
7678.0	10.547	2.074
7680.0	10.540999999999999	2.074
7682.0	10.536	2.074
7684.0	10.53	2.074
7686.0	10.525	2.074
7688.0	10.519	2.074
7690.0	10.514000000000001	2.074
7692.0	10.46	2.0644
7694.0	10.474	2.0682
7696.0	10.469000000000001	2.0682
7698.0	10.463	2.0682
7700.0	10.477	2.0721
7702.0	10.472000000000001	2.0721
7704.0	10.466	2.0721
7706.0	10.460999999999999	2.0721
7708.0	10.455	2.0721
7710.0	10.45	2.0721
7712.0	10.454	2.074
7714.0	10.449000000000002	2.074
7716.0	10.443	2.074
7718.0	10.457	2.0778
7720.0	10.432	2.074
7722.0	10.427	2.074
7724.0	10.422	2.074
7726.0	10.407	2.0721
7728.0	10.401	2.0721
7730.0	10.395999999999999	2.0721
7732.0	10.390999999999998	2.0721
7734.0	10.385	2.0721
7736.0	10.38	2.0721
7738.0	10.374	2.0721
7740.0	10.369000000000002	2.0721
7742.0	10.364	2.0721
7744.0	10.357999999999999	2.0721
7746.0	10.363	2.074
7748.0	10.376	2.0778
7750.0	10.370999999999999	2.0778
7752.0	10.366	2.0778
7754.0	10.36	2.0778
7756.0	10.355	2.0778
7758.0	10.349	2.0778
7760.0	10.344000000000001	2.0778
7762.0	10.339	2.0778
7764.0	10.305	2.0721
7766.0	10.3	2.0721
7768.0	10.275	2.0682
7770.0	10.251	2.0644
7772.0	10.245999999999999	2.0644
7774.0	10.222000000000001	2.0606
7776.0	10.217	2.0606
7778.0	10.211	2.0606
7780.0	10.206	2.0606
7782.0	10.201	2.0606
7784.0	10.196	2.0606
7786.0	10.209	2.0644
7788.0	10.204	2.0644
7790.0	10.199	2.0644
7792.0	10.193	2.0644
7794.0	10.187999999999999	2.0644
7796.0	10.183	2.0644
7798.0	10.177999999999999	2.0644
7800.0	10.173	2.0644
7802.0	10.167	2.0644
7804.0	10.162	2.0644
7806.0	10.157	2.0644
7808.0	10.152000000000001	2.0644
7810.0	10.128	2.0606
7812.0	10.123	2.0606
7814.0	10.107999999999999	2.0587
7816.0	10.103	2.0587
7818.0	10.097999999999999	2.0587
7820.0	10.093	2.0587
7822.0	10.068999999999999	2.0549
7824.0	10.064	2.0549
7826.0	10.059	2.0549
7828.0	10.054	2.0549
7830.0	10.067	2.0587
7832.0	10.062000000000001	2.0587
7834.0	10.057	2.0587
7836.0	10.051	2.0587
7838.0	10.046	2.0587
7840.0	10.041	2.0587
7842.0	10.045	2.0606
7844.0	10.04	2.0606
7846.0	10.035	2.0606
7848.0	10.03	2.0606
7850.0	10.025	2.0606
7852.0	10.011000000000001	2.0587
7854.0	10.005	2.0587
7856.0	10.0	2.0587
7858.0	9.9953	2.0587
7860.0	9.9902	2.0587
7862.0	9.9851	2.0587
7864.0	9.98	2.0587
7866.0	9.975	2.0587
7868.0	9.9516	2.0549
7870.0	9.9465	2.0549
7872.0	9.9231	2.0512
7874.0	9.9181	2.0512
7876.0	9.913	2.0512
7878.0	9.908	2.0512
7880.0	9.903	2.0512
7882.0	9.898	2.0512
7884.0	9.893	2.0512
7886.0	9.9062	2.0549
7888.0	9.9012	2.0549
7890.0	9.8961	2.0549
7892.0	9.8911	2.0549
7894.0	9.8861	2.0549
7896.0	9.8811	2.0549
7898.0	9.8579	2.0512
7900.0	9.8529	2.0512
7902.0	9.8479	2.0512
7904.0	9.8429	2.0512
7906.0	9.8199	2.0474
7908.0	9.8149	2.0474
7910.0	9.8099	2.0474
7912.0	9.805	2.0474
7914.0	9.8	2.0474
7916.0	9.7951	2.0474
7918.0	9.7901	2.0474
7920.0	9.8032	2.0512
7922.0	9.7983	2.0512
7924.0	9.7933	2.0512
7926.0	9.7884	2.0512
7928.0	9.7834	2.0512
7930.0	9.7785	2.0512
7932.0	9.7736	2.0512
7934.0	9.7687	2.0512
7936.0	9.7637	2.0512
7938.0	9.7768	2.0549
7940.0	9.7719	2.0549
7942.0	9.785	2.0587
7944.0	9.7801	2.0587
7946.0	9.7751	2.0587
7948.0	9.7702	2.0587
7950.0	9.7653	2.0587
7952.0	9.7604	2.0587
7954.0	9.7555	2.0587
7956.0	9.7506	2.0587
7958.0	9.7457	2.0587
7960.0	9.7408	2.0587
7962.0	9.7359	2.0587
7964.0	9.731	2.0587
7966.0	9.7261	2.0587
7968.0	9.7033	2.0549
7970.0	9.6806	2.0512
7972.0	9.658	2.0474
7974.0	9.6443	2.0455
7976.0	9.6217	2.0417
7978.0	9.5992	2.038
7980.0	9.5944	2.038
7982.0	9.5895	2.038
7984.0	9.5847	2.038
7986.0	9.5799	2.038
7988.0	9.5928	2.0417
7990.0	9.588	2.0417
7992.0	9.6009	2.0455
7994.0	9.6049	2.0474
7996.0	9.6177	2.0512
7998.0	9.613	2.0512
8000.0	9.6081	2.0512
8002.0	9.6033	2.0512
8004.0	9.5985	2.0512
8006.0	9.5937	2.0512
8008.0	9.5889	2.0512
8010.0	9.5665	2.0474
8012.0	9.5794	2.0512
8014.0	9.5746	2.0512
8016.0	9.5698	2.0512
8018.0	9.565	2.0512
8020.0	9.5603	2.0512
8022.0	9.5555	2.0512
8024.0	9.5684	2.0549
8026.0	9.5636	2.0549
8028.0	9.5589	2.0549
8030.0	9.5541	2.0549
8032.0	9.5669	2.0587
8034.0	9.5622	2.0587
8036.0	9.5574	2.0587
8038.0	9.5526	2.0587
8040.0	9.5479	2.0587
8042.0	9.5256	2.0549
8044.0	9.5033	2.0512
8046.0	9.4986	2.0512
8048.0	9.4764	2.0474
8050.0	9.463	2.0455
8052.0	9.4583	2.0455
8054.0	9.4536	2.0455
8056.0	9.4489	2.0455
8058.0	9.4442	2.0455
8060.0	9.4222	2.0417
8062.0	9.4175	2.0417
8064.0	9.4128	2.0417
8066.0	9.4255	2.0455
8068.0	9.4208	2.0455
8070.0	9.4162	2.0455
8072.0	9.4201	2.0474
8074.0	9.4328	2.0512
8076.0	9.4281	2.0512
8078.0	9.4235	2.0512
8080.0	9.4188	2.0512
8082.0	9.4142	2.0512
8084.0	9.3922	2.0474
8086.0	9.3789	2.0455
8088.0	9.357	2.0417
8090.0	9.3524	2.0417
8092.0	9.3306	2.038
8094.0	9.326	2.038
8096.0	9.3214	2.038
8098.0	9.3168	2.038
8100.0	9.3122	2.038
8102.0	9.3076	2.038
8104.0	9.3201	2.0417
8106.0	9.3155	2.0417
8108.0	9.3281	2.0455
8110.0	9.3235	2.0455
8112.0	9.3189	2.0455
8114.0	9.3229	2.0474
8116.0	9.3183	2.0474
8118.0	9.3137	2.0474
8120.0	9.3006	2.0455
8122.0	9.296	2.0455
8124.0	9.2914	2.0455
8126.0	9.2868	2.0455
8128.0	9.2908	2.0474
8130.0	9.3033	2.0512
8132.0	9.2988	2.0512
8134.0	9.2942	2.0512
8136.0	9.3068	2.0549
8138.0	9.3022	2.0549
8140.0	9.2976	2.0549
8142.0	9.293	2.0549
8144.0	9.2885	2.0549
8146.0	9.2839	2.0549
8148.0	9.2794	2.0549
8150.0	9.2577	2.0512
8152.0	9.2532	2.0512
8154.0	9.2486	2.0512
8156.0	9.2441	2.0512
8158.0	9.2396	2.0512
8160.0	9.235	2.0512
8162.0	9.2305	2.0512
8164.0	9.226	2.0512
8166.0	9.2045	2.0474
8168.0	9.1916	2.0455
8170.0	9.1871	2.0455
8172.0	9.1657	2.0417
8174.0	9.1443	2.038
8176.0	9.1399	2.038
8178.0	9.1354	2.038
8180.0	9.1309	2.038
8182.0	9.1265	2.038
8184.0	9.1136	2.0361
8186.0	9.1092	2.0361
8188.0	9.0879	2.0324
8190.0	9.0835	2.0324
8192.0	9.0623	2.0286
8194.0	9.0579	2.0286
8196.0	9.0368	2.0249
8198.0	9.0324	2.0249
8200.0	9.028	2.0249
8202.0	9.0403	2.0286
8204.0	9.0358	2.0286
8206.0	9.0481	2.0324
8208.0	9.0437	2.0324
8210.0	9.056	2.0361
8212.0	9.0599	2.038
8214.0	9.0722	2.0417
8216.0	9.0677	2.0417
8218.0	9.0801	2.0455
8220.0	9.084	2.0474
8222.0	9.0963	2.0512
8224.0	9.0919	2.0512
8226.0	9.0707	2.0474
8228.0	9.0663	2.0474
8230.0	9.0536	2.0455
8232.0	9.0159	2.038
8234.0	8.9867	2.0324
8236.0	8.9493	2.0249
8238.0	8.9203	2.0193
8240.0	8.8995	2.0156
8242.0	8.8952	2.0156
8244.0	8.8909	2.0156
8246.0	8.8866	2.0156
8248.0	8.8823	2.0156
8250.0	8.8943	2.0193
8252.0	8.9064	2.023
8254.0	8.9103	2.0249
8256.0	8.9059	2.0249
8258.0	8.9016	2.0249
8260.0	8.9138	2.0286
8262.0	8.9094	2.0286
8264.0	8.9051	2.0286
8266.0	8.9172	2.0324
8268.0	8.9294	2.0361
8270.0	8.9333	2.038
8272.0	8.9289	2.038
8274.0	8.9246	2.038
8276.0	8.9203	2.038
8278.0	8.9078	2.0361
8280.0	8.8871	2.0324
8282.0	8.8828	2.0324
8284.0	8.8622	2.0286
8286.0	8.8416	2.0249
8288.0	8.8292	2.023
8290.0	8.8087	2.0193
8292.0	8.7882	2.0156
8294.0	8.7678	2.0119
8296.0	8.7555	2.01
8298.0	8.7513	2.01
8300.0	8.7471	2.01
8302.0	8.7268	2.0063
8304.0	8.7226	2.0063
8306.0	8.7184	2.0063
8308.0	8.7142	2.0063
8310.0	8.726	2.01
8312.0	8.7299	2.0119
8314.0	8.7418	2.0156
8316.0	8.7376	2.0156
8318.0	8.7334	2.0156
8320.0	8.7453	2.0193
8322.0	8.725	2.0156
8324.0	8.7208	2.0156
8326.0	8.7166	2.0156
8328.0	8.7124	2.0156
8330.0	8.7082	2.0156
8332.0	8.7041	2.0156
8334.0	8.6999	2.0156
8336.0	8.6957	2.0156
8338.0	8.6756	2.0119
8340.0	8.6634	2.01
8342.0	8.6592	2.01
8344.0	8.6391	2.0063
8346.0	8.6191	2.0026
8348.0	8.615	2.0026
8350.0	8.6109	2.0026
8352.0	8.6068	2.0026
8354.0	8.6026	2.0026
8356.0	8.5985	2.0026
8358.0	8.5944	2.0026
8360.0	8.6061	2.0063
8362.0	8.602	2.0063
8364.0	8.5979	2.0063
8366.0	8.5938	2.0063
8368.0	8.5897	2.0063
8370.0	8.5856	2.0063
8372.0	8.5815	2.0063
8374.0	8.5774	2.0063
8376.0	8.5733	2.0063
8378.0	8.5534	2.0026
8380.0	8.5493	2.0026
8382.0	8.5453	2.0026
8384.0	8.5412	2.0026
8386.0	8.5371	2.0026
8388.0	8.533	2.0026
8390.0	8.5133	1.9989
8392.0	8.5092	1.9989
8394.0	8.4973	1.9971
8396.0	8.4933	1.9971
8398.0	8.4892	1.9971
8400.0	8.4852	1.9971
8402.0	8.4656	1.9934
8404.0	8.4615	1.9934
8406.0	8.4575	1.9934
8408.0	8.4535	1.9934
8410.0	8.4495	1.9934
8412.0	8.4455	1.9934
8414.0	8.4414	1.9934
8416.0	8.4374	1.9934
8418.0	8.4489	1.9971
8420.0	8.4449	1.9971
8422.0	8.4409	1.9971
8424.0	8.4369	1.9971
8426.0	8.4329	1.9971
8428.0	8.4134	1.9934
8430.0	8.4094	1.9934
8432.0	8.4054	1.9934
8434.0	8.4015	1.9934
8436.0	8.3975	1.9934
8438.0	8.3935	1.9934
8440.0	8.3895	1.9934
8442.0	8.3701	1.9898
8444.0	8.3816	1.9934
8446.0	8.3776	1.9934
8448.0	8.3736	1.9934
8450.0	8.3697	1.9934
8452.0	8.3657	1.9934
8454.0	8.3618	1.9934
8456.0	8.3578	1.9934
8458.0	8.3692	1.9971
8460.0	8.3653	1.9971
8462.0	8.3613	1.9971
8464.0	8.365	1.9989
8466.0	8.3765	2.0026
8468.0	8.3726	2.0026
8470.0	8.3686	2.0026
8472.0	8.3647	2.0026
8474.0	8.3761	2.0063
8476.0	8.3722	2.0063
8478.0	8.3682	2.0063
8480.0	8.3643	2.0063
8482.0	8.3603	2.0063
8484.0	8.3564	2.0063
8486.0	8.3524	2.0063
8488.0	8.3485	2.0063
8490.0	8.3446	2.0063
8492.0	8.356	2.01
8494.0	8.3521	2.01
8496.0	8.3559	2.0119
8498.0	8.3673	2.0156
8500.0	8.3788	2.0193
8502.0	8.3749	2.0193
8504.0	8.3709	2.0193
8506.0	8.367	2.0193
8508.0	8.3631	2.0193
8510.0	8.3591	2.0193
8512.0	8.3398	2.0156
8514.0	8.3359	2.0156
8516.0	8.3167	2.0119
8518.0	8.3051	2.01
8520.0	8.3012	2.01
8522.0	8.2973	2.01
8524.0	8.2934	2.01
8526.0	8.2895	2.01
8528.0	8.2933	2.0119
8530.0	8.3047	2.0156
8532.0	8.3161	2.0193
8534.0	8.3275	2.023
8536.0	8.3313	2.0249
8538.0	8.3427	2.0286
8540.0	8.3542	2.0324
8542.0	8.3503	2.0324
8544.0	8.3464	2.0324
8546.0	8.3425	2.0324
8548.0	8.3232	2.0286
8550.0	8.304	2.0249
8552.0	8.2925	2.023
8554.0	8.2734	2.0193
8556.0	8.2391	2.0119
8558.0	8.2276	2.01
8560.0	8.1936	2.0026
8562.0	8.1671	1.9971
8564.0	8.1333	1.9898
8566.0	8.1146	1.9861
8568.0	8.0884	1.9806
8570.0	8.0846	1.9806
8572.0	8.0808	1.9806
8574.0	8.077	1.9806
8576.0	8.0733	1.9806
8578.0	8.0845	1.9843
8580.0	8.0881	1.9861
8582.0	8.0992	1.9898
8584.0	8.0955	1.9898
8586.0	8.0917	1.9898
8588.0	8.0879	1.9898
8590.0	8.0991	1.9934
8592.0	8.1102	1.9971
8594.0	8.1064	1.9971
8596.0	8.1251	2.0026
8598.0	8.1362	2.0063
8600.0	8.1325	2.0063
8602.0	8.1287	2.0063
8604.0	8.11	2.0026
8606.0	8.1062	2.0026
8608.0	8.0652	1.9934
8610.0	8.0318	1.9861
8612.0	8.0059	1.9806
8614.0	7.9655	1.9715
8616.0	7.9325	1.9643
8618.0	7.9069	1.9588
8620.0	7.8742	1.9516
8622.0	7.8633	1.9498
8624.0	7.8452	1.9463
8626.0	7.8415	1.9463
8628.0	7.8379	1.9463
8630.0	7.8343	1.9463
8632.0	7.8307	1.9463
8634.0	7.827	1.9463
8636.0	7.8234	1.9463
8638.0	7.8198	1.9463
8640.0	7.8162	1.9463
8642.0	7.8125	1.9463
8644.0	7.8233	1.9498
8646.0	7.8269	1.9516
8648.0	7.8377	1.9552
8650.0	7.8485	1.9588
8652.0	7.8666	1.9643
8654.0	7.892	1.9715
8656.0	7.9029	1.9751
8658.0	7.9065	1.977
8660.0	7.9174	1.9806
8662.0	7.9284	1.9843
8664.0	7.9466	1.9898
8666.0	7.9576	1.9934
8668.0	7.954	1.9934
8670.0	7.9649	1.9971
8672.0	7.9613	1.9971
8674.0	7.943	1.9934
8676.0	7.9247	1.9898
8678.0	7.8992	1.9843
8680.0	7.8956	1.9843
8682.0	7.8774	1.9806
8684.0	7.8737	1.9806
8686.0	7.8701	1.9806
8688.0	7.852	1.977
8690.0	7.8484	1.977
8692.0	7.8448	1.977
8694.0	7.834	1.9751
8696.0	7.8159	1.9715
8698.0	7.8123	1.9715
8700.0	7.7944	1.9679
8702.0	7.7765	1.9643
8704.0	7.7514	1.9588
8706.0	7.7336	1.9552
8708.0	7.7158	1.9516
8710.0	7.7052	1.9498
8712.0	7.6734	1.9427
8714.0	7.6557	1.9391
8716.0	7.6452	1.9373
8718.0	7.6135	1.9302
8720.0	7.603	1.9284
8722.0	7.5856	1.9249
8724.0	7.5821	1.9249
8726.0	7.5786	1.9249
8728.0	7.5751	1.9249
8730.0	7.5717	1.9249
8732.0	7.5821	1.9284
8734.0	7.5857	1.9302
8736.0	7.5962	1.9338
8738.0	7.6067	1.9373
8740.0	7.6102	1.9391
8742.0	7.6208	1.9427
8744.0	7.6313	1.9463
8746.0	7.6278	1.9463
8748.0	7.6384	1.9498
8750.0	7.6349	1.9498
8752.0	7.6314	1.9498
8754.0	7.6279	1.9498
8756.0	7.6245	1.9498
8758.0	7.621	1.9498
8760.0	7.6175	1.9498
8762.0	7.614	1.9498
8764.0	7.6176	1.9516
8766.0	7.6141	1.9516
8768.0	7.6106	1.9516
8770.0	7.6071	1.9516
8772.0	7.6037	1.9516
8774.0	7.6002	1.9516
8776.0	7.5897	1.9498
8778.0	7.5863	1.9498
8780.0	7.5689	1.9463
8782.0	7.5515	1.9427
8784.0	7.5342	1.9391
8786.0	7.5238	1.9373
8788.0	7.5204	1.9373
8790.0	7.5378	1.9427
8792.0	7.5482	1.9463
8794.0	7.5587	1.9498
8796.0	7.5553	1.9498
8798.0	7.5518	1.9498
8800.0	7.5554	1.9516
8802.0	7.545	1.9498
8804.0	7.5415	1.9498
8806.0	7.5243	1.9463
8808.0	7.507	1.9427
8810.0	7.4898	1.9391
8812.0	7.4795	1.9373
8814.0	7.4624	1.9338
8816.0	7.4452	1.9302
8818.0	7.4418	1.9302
8820.0	7.4179	1.9249
8822.0	7.4009	1.9213
8824.0	7.384	1.9178
8826.0	7.3806	1.9178
8828.0	7.3705	1.916
8830.0	7.3536	1.9125
8832.0	7.3503	1.9125
8834.0	7.3469	1.9125
8836.0	7.3301	1.909
8838.0	7.3267	1.909
8840.0	7.3234	1.909
8842.0	7.3067	1.9055
8844.0	7.3168	1.909
8846.0	7.3135	1.909
8848.0	7.3102	1.909
8850.0	7.3204	1.9125
8852.0	7.3509	1.9213
8854.0	7.3746	1.9284
8856.0	7.3781	1.9302
8858.0	7.3884	1.9338
8860.0	7.3987	1.9373
8862.0	7.3953	1.9373
8864.0	7.392	1.9373
8866.0	7.3751	1.9338
8868.0	7.3718	1.9338
8870.0	7.3548	1.9302
8872.0	7.3515	1.9302
8874.0	7.3482	1.9302
8876.0	7.3381	1.9284
8878.0	7.3213	1.9249
8880.0	7.3046	1.9213
8882.0	7.2878	1.9178
8884.0	7.2645	1.9125
8886.0	7.2478	1.909
8888.0	7.2445	1.909
8890.0	7.228	1.9055
8892.0	7.2181	1.9037
8894.0	7.2015	1.9002
8896.0	7.1983	1.9002
8898.0	7.2083	1.9037
8900.0	7.2117	1.9055
8902.0	7.2218	1.909
8904.0	7.2185	1.909
8906.0	7.2286	1.9125
8908.0	7.2454	1.9178
8910.0	7.2421	1.9178
8912.0	7.2322	1.916
8914.0	7.2157	1.9125
8916.0	7.1991	1.909
8918.0	7.1826	1.9055
8920.0	7.1596	1.9002
8922.0	7.1433	1.8967
8924.0	7.1401	1.8967
8926.0	7.1237	1.8932
8928.0	7.1205	1.8932
8930.0	7.1174	1.8932
8932.0	7.1076	1.8915
8934.0	7.1044	1.8915
8936.0	7.1012	1.8915
8938.0	7.085	1.888
8940.0	7.0688	1.8845
8942.0	7.0526	1.881
8944.0	7.043	1.8793
8946.0	7.0269	1.8759
8948.0	7.0237	1.8759
8950.0	7.0077	1.8724
8952.0	7.0046	1.8724
8954.0	7.0014	1.8724
8956.0	6.9983	1.8724
8958.0	6.9952	1.8724
8960.0	6.992	1.8724
8962.0	7.0018	1.8759
8964.0	6.9987	1.8759
8966.0	7.0085	1.8793
8968.0	7.0248	1.8845
8970.0	7.0346	1.888
8972.0	7.0444	1.8915
8974.0	7.0607	1.8967
8976.0	7.0706	1.9002
8978.0	7.0674	1.9002
8980.0	7.0838	1.9055
8982.0	7.0807	1.9055
8984.0	7.0905	1.909
8986.0	7.0874	1.909
8988.0	7.0973	1.9125
8990.0	7.0942	1.9125
8992.0	7.0779	1.909
8994.0	7.0748	1.909
8996.0	7.0586	1.9055
8998.0	7.049	1.9037
9000.0	7.0329	1.9002
9002.0	7.0169	1.8967
9004.0	7.0009	1.8932
9006.0	6.9913	1.8915
9008.0	6.9882	1.8915
9010.0	6.9722	1.888
9012.0	6.9691	1.888
9014.0	6.9404	1.881
9016.0	6.9182	1.8759
9018.0	6.9024	1.8724
9020.0	6.8677	1.8638
9022.0	6.8456	1.8586
9024.0	6.8049	1.8484
9026.0	6.7956	1.8467
9028.0	6.7926	1.8467
9030.0	6.7771	1.8433
9032.0	6.7741	1.8433
9034.0	6.7711	1.8433
9036.0	6.7681	1.8433
9038.0	6.7527	1.8399
9040.0	6.731	1.8348
9042.0	6.7157	1.8315
9044.0	6.7127	1.8315
9046.0	6.7097	1.8315
9048.0	6.7068	1.8315
9050.0	6.7038	1.8315
9052.0	6.7009	1.8315
9054.0	6.6979	1.8315
9056.0	6.7073	1.8348
9058.0	6.7043	1.8348
9060.0	6.7013	1.8348
9062.0	6.7046	1.8365
9064.0	6.714	1.8399
9066.0	6.7111	1.8399
9068.0	6.7081	1.8399
9070.0	6.6928	1.8365
9072.0	6.6836	1.8348
9074.0	6.6684	1.8315
9076.0	6.6655	1.8315
9078.0	6.6503	1.8281
9080.0	6.629	1.8231
9082.0	6.6261	1.8231
9084.0	6.611	1.8197
9086.0	6.6081	1.8197
9088.0	6.6052	1.8197
9090.0	6.6023	1.8197
9092.0	6.5994	1.8197
9094.0	6.5965	1.8197
9096.0	6.5936	1.8197
9098.0	6.5907	1.8197
9100.0	6.5575	1.8113
9102.0	6.5425	1.808
9104.0	6.5216	1.803
9106.0	6.4948	1.7964
9108.0	6.48	1.7931
9110.0	6.4712	1.7914
9112.0	6.4683	1.7914
9114.0	6.4655	1.7914
9116.0	6.4626	1.7914
9118.0	6.4598	1.7914
9120.0	6.463	1.7931
9122.0	6.472	1.7964
9124.0	6.4811	1.7997
9126.0	6.4783	1.7997
9128.0	6.4874	1.803
9130.0	6.4726	1.7997
9132.0	6.4698	1.7997
9134.0	6.4669	1.7997
9136.0	6.4522	1.7964
9138.0	6.4494	1.7964
9140.0	6.4466	1.7964
9142.0	6.4437	1.7964
9144.0	6.4409	1.7964
9146.0	6.4381	1.7964
9148.0	6.4353	1.7964
9150.0	6.4207	1.7931
9152.0	6.4179	1.7931
9154.0	6.4091	1.7914
9156.0	6.4063	1.7914
9158.0	6.4035	1.7914
9160.0	6.4007	1.7914
9162.0	6.4039	1.7931
9164.0	6.4128	1.7964
9166.0	6.41	1.7964
9168.0	6.4191	1.7997
9170.0	6.4281	1.803
9172.0	6.4312	1.8047
9174.0	6.4284	1.8047
9176.0	6.4256	1.8047
9178.0	6.4228	1.8047
9180.0	6.4141	1.803
9182.0	6.3995	1.7997
9184.0	6.3967	1.7997
9186.0	6.3939	1.7997
9188.0	6.3911	1.7997
9190.0	6.3884	1.7997
9192.0	6.4032	1.8047
9194.0	6.4005	1.8047
9196.0	6.4095	1.808
9198.0	6.4185	1.8113
9200.0	6.4157	1.8113
