3200.0	5481.8	187.24
3201.0	5463.2	186.72
3202.0	5439.7	186.04
3203.0	5421.3	185.52
3204.0	5408.0	185.18
3205.0	5394.7	184.84
3206.0	5401.2	185.18
3207.0	5407.8	185.52
3208.0	5414.4	185.87
3209.0	5416.0	186.04
3210.0	5422.6	186.38
3211.0	5429.3	186.72
3212.0	5425.9	186.72
3213.0	5422.5	186.72
3214.0	5419.1	186.72
3215.0	5415.8	186.72
3216.0	5412.4	186.72
3217.0	5399.1	186.38
3218.0	5385.8	186.04
3219.0	5382.4	186.04
3220.0	5374.1	185.87
3221.0	5375.8	186.04
3222.0	5382.3	186.38
3223.0	5388.9	186.72
3224.0	5395.5	187.07
3225.0	5397.1	187.24
3226.0	5413.7	187.93
3227.0	5425.3	188.45
3228.0	5431.9	188.8
3229.0	5443.6	189.32
3230.0	5450.2	189.67
3231.0	5456.9	190.02
3232.0	5453.5	190.02
3233.0	5450.1	190.02
3234.0	5446.8	190.02
3235.0	5443.4	190.02
3236.0	5440.0	190.02
3237.0	5436.7	190.02
3238.0	5408.4	189.15
3239.0	5375.3	188.11
3240.0	5342.3	187.07
3241.0	5304.7	185.87
3242.0	5267.4	184.67
3243.0	5244.8	183.99
3244.0	5227.1	183.48
3245.0	5204.6	182.81
3246.0	5187.1	182.31
3247.0	5174.4	181.97
3248.0	5171.2	181.97
3249.0	5144.2	181.13
3250.0	5122.2	180.47
3251.0	5095.5	179.64
3252.0	5059.6	178.48
3253.0	5042.6	177.99
3254.0	5020.9	177.34
3255.0	5004.0	176.85
3256.0	4991.7	176.52
3257.0	4979.5	176.2
3258.0	4971.9	176.04
3259.0	4950.5	175.39
3260.0	4933.8	174.9
3261.0	4912.7	174.26
3262.0	4887.1	173.46
3263.0	4866.2	172.82
3264.0	4849.8	172.35
3265.0	4833.4	171.87
3266.0	4812.7	171.24
3267.0	4800.9	170.92
3268.0	4784.7	170.45
3269.0	4773.0	170.14
3270.0	4770.1	170.14
3271.0	4767.1	170.14
3272.0	4764.2	170.14
3273.0	4761.3	170.14
3274.0	4758.4	170.14
3275.0	4746.8	169.82
3276.0	4743.9	169.82
3277.0	4736.6	169.67
3278.0	4725.0	169.36
3279.0	4713.4	169.04
3280.0	4697.6	168.58
3281.0	4686.1	168.27
3282.0	4674.6	167.96
3283.0	4671.7	167.96
3284.0	4660.3	167.65
3285.0	4653.2	167.49
3286.0	4650.3	167.49
3287.0	4647.5	167.49
3288.0	4636.1	167.19
3289.0	4633.3	167.19
3290.0	4630.5	167.19
3291.0	4627.7	167.19
3292.0	4616.4	166.88
3293.0	4613.6	166.88
3294.0	4606.5	166.72
3295.0	4595.3	166.42
3296.0	4584.0	166.11
3297.0	4572.8	165.81
3298.0	4570.0	165.81
3299.0	4563.1	165.65
3300.0	4564.5	165.81
3301.0	4570.1	166.11
3302.0	4575.8	166.42
3303.0	4573.0	166.42
3304.0	4578.7	166.72
3305.0	4580.1	166.88
3306.0	4577.3	166.88
3307.0	4574.6	166.88
3308.0	4571.8	166.88
3309.0	4569.1	166.88
3310.0	4562.1	166.72
3311.0	4559.3	166.72
3312.0	4556.6	166.72
3313.0	4558.0	166.88
3314.0	4555.3	166.88
3315.0	4548.4	166.72
3316.0	4537.2	166.42
3317.0	4534.5	166.42
3318.0	4540.1	166.72
3319.0	4541.6	166.88
3320.0	4555.6	167.49
3321.0	4565.4	167.96
3322.0	4571.1	168.27
3323.0	4576.8	168.58
3324.0	4565.6	168.27
3325.0	4554.5	167.96
3326.0	4551.7	167.96
3327.0	4540.6	167.65
3328.0	4546.2	167.96
3329.0	4543.5	167.96
3330.0	4540.8	167.96
3331.0	4538.1	167.96
3332.0	4535.3	167.96
3333.0	4524.3	167.65
3334.0	4517.4	167.49
3335.0	4506.4	167.19
3336.0	4495.4	166.88
3337.0	4492.7	166.88
3338.0	4485.9	166.72
3339.0	4487.3	166.88
3340.0	4484.6	166.88
3341.0	4481.9	166.88
3342.0	4479.3	166.88
3343.0	4464.3	166.42
3344.0	4453.4	166.11
3345.0	4450.7	166.11
3346.0	4439.8	165.81
3347.0	4437.2	165.81
3348.0	4430.5	165.65
3349.0	4419.7	165.35
3350.0	4408.9	165.04
3351.0	4394.1	164.59
3352.0	4375.4	163.98
3353.0	4360.7	163.53
3354.0	4350.0	163.23
3355.0	4331.5	162.63
3356.0	4324.9	162.48
3357.0	4314.4	162.18
3358.0	4311.8	162.18
3359.0	4309.3	162.18
3360.0	4298.7	161.88
3361.0	4292.2	161.73
3362.0	4281.8	161.44
3363.0	4279.2	161.44
3364.0	4276.7	161.44
3365.0	4274.2	161.44
3366.0	4283.4	161.88
3367.0	4296.7	162.48
3368.0	4306.0	162.93
3369.0	4311.4	163.23
3370.0	4316.8	163.53
3371.0	4314.2	163.53
3372.0	4303.7	163.23
3373.0	4301.2	163.23
3374.0	4298.6	163.23
3375.0	4296.1	163.23
3376.0	4285.6	162.93
3377.0	4283.1	162.93
3378.0	4280.6	162.93
3379.0	4278.0	162.93
3380.0	4283.4	163.23
3381.0	4280.8	163.23
3382.0	4270.4	162.93
3383.0	4267.9	162.93
3384.0	4253.6	162.48
3385.0	4243.3	162.18
3386.0	4248.6	162.48
3387.0	4250.0	162.63
3388.0	4247.5	162.63
3389.0	4252.8	162.93
3390.0	4242.5	162.63
3391.0	4240.0	162.63
3392.0	4225.8	162.18
3393.0	4215.5	161.88
3394.0	4193.7	161.14
3395.0	4183.5	160.84
3396.0	4169.5	160.4
3397.0	4159.4	160.1
3398.0	4149.3	159.81
3399.0	4143.0	159.66
3400.0	4140.6	159.66
3401.0	4138.2	159.66
3402.0	4135.7	159.66
3403.0	4144.7	160.1
3404.0	4157.6	160.69
3405.0	4159.0	160.84
3406.0	4164.2	161.14
3407.0	4161.7	161.14
3408.0	4167.0	161.44
3409.0	4164.5	161.44
3410.0	4162.1	161.44
3411.0	4152.0	161.14
3412.0	4141.9	160.84
3413.0	4128.1	160.4
3414.0	4118.1	160.1
3415.0	4108.1	159.81
3416.0	4101.9	159.66
3417.0	4092.0	159.37
3418.0	4082.0	159.07
3419.0	4072.1	158.78
3420.0	4066.0	158.64
3421.0	4056.2	158.34
3422.0	4053.8	158.34
3423.0	4058.9	158.64
3424.0	4049.1	158.34
3425.0	4039.3	158.05
3426.0	4025.7	157.62
3427.0	4016.0	157.33
3428.0	4006.3	157.04
3429.0	4003.9	157.04
3430.0	3997.9	156.89
3431.0	3988.2	156.6
3432.0	3985.9	156.6
3433.0	3983.6	156.6
3434.0	3981.2	156.6
3435.0	3978.9	156.6
3436.0	3983.9	156.89
3437.0	3992.7	157.33
3438.0	4001.4	157.76
3439.0	4006.4	158.05
3440.0	4011.5	158.34
3441.0	4009.1	158.34
3442.0	4006.8	158.34
3443.0	3997.1	158.05
3444.0	3976.4	157.33
3445.0	3963.2	156.89
3446.0	3939.0	156.03
3447.0	3918.7	155.31
3448.0	3905.6	154.88
3449.0	3889.0	154.31
3450.0	3879.6	154.03
3451.0	3873.7	153.89
3452.0	3871.5	153.89
3453.0	3869.2	153.89
3454.0	3870.6	154.03
3455.0	3868.3	154.03
3456.0	3873.2	154.31
3457.0	3871.0	154.31
3458.0	3868.8	154.31
3459.0	3873.6	154.6
3460.0	3871.4	154.6
3461.0	3862.0	154.31
3462.0	3852.7	154.03
3463.0	3846.9	153.89
3464.0	3837.6	153.6
3465.0	3835.4	153.6
3466.0	3833.2	153.6
3467.0	3831.0	153.6
3468.0	3835.8	153.89
3469.0	3844.3	154.31
3470.0	3849.1	154.6
3471.0	3846.9	154.6
3472.0	3844.7	154.6
3473.0	3842.5	154.6
3474.0	3833.2	154.31
3475.0	3831.0	154.31
3476.0	3811.2	153.6
3477.0	3802.0	153.32
3478.0	3782.3	152.62
3479.0	3762.8	151.91
3480.0	3753.7	151.64
3481.0	3741.2	151.22
3482.0	3732.2	150.94
3483.0	3736.9	151.22
3484.0	3734.8	151.22
3485.0	3736.1	151.36
3486.0	3740.8	151.64
3487.0	3745.6	151.91
3488.0	3753.8	152.34
3489.0	3765.5	152.9
3490.0	3773.7	153.32
3491.0	3771.6	153.32
3492.0	3776.3	153.6
3493.0	3767.2	153.32
3494.0	3761.6	153.18
3495.0	3745.6	152.62
3496.0	3736.6	152.34
3497.0	3731.0	152.19
3498.0	3722.0	151.91
3499.0	3713.1	151.64
3500.0	3704.1	151.36
3501.0	3698.6	151.22
3502.0	3682.9	150.66
3503.0	3670.6	150.24
3504.0	3661.8	149.97
3505.0	3653.0	149.69
3506.0	3650.9	149.69
3507.0	3648.8	149.69
3508.0	3640.0	149.42
3509.0	3634.6	149.28
3510.0	3632.5	149.28
3511.0	3633.8	149.42
3512.0	3631.7	149.42
3513.0	3636.3	149.69
3514.0	3634.3	149.69
3515.0	3638.9	149.97
3516.0	3636.8	149.97
3517.0	3641.5	150.24
3518.0	3642.7	150.38
3519.0	3647.4	150.66
3520.0	3645.3	150.66
3521.0	3643.2	150.66
3522.0	3641.2	150.66
3523.0	3639.1	150.66
3524.0	3643.7	150.94
3525.0	3635.0	150.66
3526.0	3632.9	150.66
3527.0	3620.8	150.24
3528.0	3605.5	149.69
3529.0	3593.5	149.28
3530.0	3578.3	148.73
3531.0	3559.8	148.05
3532.0	3551.2	147.77
3533.0	3539.4	147.37
3534.0	3530.9	147.1
3535.0	3519.2	146.69
3536.0	3504.2	146.15
3537.0	3492.6	145.75
3538.0	3484.2	145.48
3539.0	3482.2	145.48
3540.0	3473.9	145.21
3541.0	3471.9	145.21
3542.0	3469.9	145.21
3543.0	3458.4	144.81
3544.0	3456.5	144.81
3545.0	3454.5	144.81
3546.0	3452.6	144.81
3547.0	3450.6	144.81
3548.0	3448.7	144.81
3549.0	3446.7	144.81
3550.0	3448.0	144.94
3551.0	3446.0	144.94
3552.0	3444.1	144.94
3553.0	3448.5	145.21
3554.0	3446.6	145.21
3555.0	3444.6	145.21
3556.0	3442.7	145.21
3557.0	3440.7	145.21
3558.0	3438.8	145.21
3559.0	3436.9	145.21
3560.0	3441.3	145.48
3561.0	3439.3	145.48
3562.0	3443.8	145.75
3563.0	3441.8	145.75
3564.0	3439.9	145.75
3565.0	3438.0	145.75
3566.0	3436.0	145.75
3567.0	3427.8	145.48
3568.0	3425.9	145.48
3569.0	3423.9	145.48
3570.0	3422.0	145.48
3571.0	3420.1	145.48
3572.0	3418.2	145.48
3573.0	3416.3	145.48
3574.0	3408.1	145.21
3575.0	3406.2	145.21
3576.0	3410.5	145.48
3577.0	3402.4	145.21
3578.0	3400.5	145.21
3579.0	3392.3	144.94
3580.0	3387.3	144.81
3581.0	3379.2	144.54
3582.0	3377.3	144.54
3583.0	3369.2	144.28
3584.0	3367.3	144.28
3585.0	3365.4	144.28
3586.0	3363.6	144.28
3587.0	3361.7	144.28
3588.0	3359.8	144.28
3589.0	3354.9	144.15
3590.0	3356.1	144.28
3591.0	3354.2	144.28
3592.0	3352.3	144.28
3593.0	3350.5	144.28
3594.0	3333.2	143.61
3595.0	3322.2	143.22
3596.0	3308.1	142.69
3597.0	3300.2	142.43
3598.0	3295.3	142.3
3599.0	3287.4	142.04
3600.0	3285.6	142.04
3601.0	3283.8	142.04
3602.0	3282.0	142.04
3603.0	3286.2	142.3
3604.0	3284.4	142.3
3605.0	3285.6	142.43
3606.0	3289.8	142.69
3607.0	3288.0	142.69
3608.0	3286.2	142.69
3609.0	3284.3	142.69
3610.0	3282.5	142.69
3611.0	3271.6	142.3
3612.0	3263.8	142.04
3613.0	3256.0	141.77
3614.0	3248.2	141.51
3615.0	3243.4	141.38
3616.0	3241.6	141.38
3617.0	3233.9	141.12
3618.0	3232.1	141.12
3619.0	3224.4	140.86
3620.0	3213.7	140.48
3621.0	3206.0	140.22
3622.0	3198.3	139.96
3623.0	3187.7	139.57
3624.0	3186.0	139.57
3625.0	3178.4	139.32
3626.0	3170.8	139.06
3627.0	3169.0	139.06
3628.0	3167.3	139.06
3629.0	3165.5	139.06
3630.0	3169.6	139.32
3631.0	3167.9	139.32
3632.0	3166.1	139.32
3633.0	3158.6	139.06
3634.0	3156.8	139.06
3635.0	3146.4	138.68
3636.0	3138.9	138.42
3637.0	3128.5	138.04
3638.0	3126.8	138.04
3639.0	3119.3	137.78
3640.0	3117.6	137.78
3641.0	3115.9	137.78
3642.0	3108.4	137.53
3643.0	3106.7	137.53
3644.0	3105.0	137.53
3645.0	3103.3	137.53
3646.0	3101.6	137.53
3647.0	3099.9	137.53
3648.0	3092.5	137.28
3649.0	3090.8	137.28
3650.0	3086.3	137.15
3651.0	3078.9	136.9
3652.0	3068.7	136.52
3653.0	3055.8	136.02
3654.0	3048.5	135.77
3655.0	3038.4	135.39
3656.0	3031.2	135.15
3657.0	3023.9	134.9
3658.0	3022.3	134.9
3659.0	3012.3	134.52
3660.0	3005.1	134.28
3661.0	3003.5	134.28
3662.0	2996.3	134.03
3663.0	2994.6	134.03
3664.0	2993.0	134.03
3665.0	2991.4	134.03
3666.0	2989.7	134.03
3667.0	2988.1	134.03
3668.0	2986.5	134.03
3669.0	2984.9	134.03
3670.0	2983.2	134.03
3671.0	2987.1	134.28
3672.0	2985.5	134.28
3673.0	2989.4	134.52
3674.0	2993.2	134.77
3675.0	2994.4	134.9
3676.0	2998.3	135.15
3677.0	3002.2	135.39
3678.0	3006.1	135.64
3679.0	3007.2	135.77
3680.0	3005.6	135.77
3681.0	3009.5	136.02
3682.0	3002.3	135.77
3683.0	3000.7	135.77
3684.0	2990.8	135.39
3685.0	2989.1	135.39
3686.0	2982.0	135.15
3687.0	2974.9	134.9
3688.0	2965.1	134.52
3689.0	2949.9	133.91
3690.0	2937.4	133.41
3691.0	2922.3	132.8
3692.0	2912.7	132.43
3693.0	2905.8	132.19
3694.0	2898.9	131.95
3695.0	2892.0	131.7
3696.0	2882.4	131.34
3697.0	2880.8	131.34
3698.0	2874.0	131.1
3699.0	2867.2	130.86
3700.0	2870.9	131.1
3701.0	2869.3	131.1
3702.0	2878.4	131.58
3703.0	2884.8	131.95
3704.0	2888.5	132.19
3705.0	2892.3	132.43
3706.0	2885.4	132.19
3707.0	2873.3	131.7
3708.0	2869.1	131.58
3709.0	2862.2	131.34
3710.0	2855.4	131.1
3711.0	2848.7	130.86
3712.0	2844.5	130.74
3713.0	2843.0	130.74
3714.0	2841.4	130.74
3715.0	2839.9	130.74
3716.0	2838.4	130.74
3717.0	2836.8	130.74
3718.0	2835.3	130.74
3719.0	2833.8	130.74
3720.0	2832.3	130.74
3721.0	2825.5	130.5
3722.0	2824.0	130.5
3723.0	2822.5	130.5
3724.0	2815.8	130.26
3725.0	2814.3	130.26
3726.0	2818.0	130.5
3727.0	2821.6	130.74
3728.0	2827.9	131.1
3729.0	2831.6	131.34
3730.0	2837.9	131.7
3731.0	2846.9	132.19
3732.0	2853.2	132.56
3733.0	2857.0	132.8
3734.0	2860.7	133.05
3735.0	2861.8	133.17
3736.0	2852.4	132.8
3737.0	2837.8	132.19
3738.0	2825.8	131.7
3739.0	2811.3	131.1
3740.0	2802.1	130.74
3741.0	2800.6	130.74
3742.0	2799.1	130.74
3743.0	2792.4	130.5
3744.0	2790.9	130.5
3745.0	2789.4	130.5
3746.0	2788.0	130.5
3747.0	2786.5	130.5
3748.0	2785.0	130.5
3749.0	2778.4	130.26
3750.0	2776.9	130.26
3751.0	2775.4	130.26
3752.0	2766.3	129.9
3753.0	2759.7	129.66
3754.0	2753.2	129.42
3755.0	2744.1	129.06
3756.0	2737.6	128.83
3757.0	2731.1	128.59
3758.0	2727.1	128.47
3759.0	2725.7	128.47
3760.0	2724.2	128.47
3761.0	2725.3	128.59
3762.0	2723.8	128.59
3763.0	2727.4	128.83
3764.0	2726.0	128.83
3765.0	2724.5	128.83
3766.0	2723.1	128.83
3767.0	2716.6	128.59
3768.0	2715.2	128.59
3769.0	2713.7	128.59
3770.0	2709.8	128.47
3771.0	2708.4	128.47
3772.0	2706.9	128.47
3773.0	2708.0	128.59
3774.0	2706.6	128.59
3775.0	2705.1	128.59
3776.0	2703.7	128.59
3777.0	2694.8	128.23
3778.0	2683.5	127.76
3779.0	2674.7	127.41
3780.0	2660.9	126.82
3781.0	2654.7	126.59
3782.0	2648.4	126.36
3783.0	2647.0	126.36
3784.0	2645.6	126.36
3785.0	2649.0	126.59
3786.0	2642.8	126.36
3787.0	2641.4	126.36
3788.0	2635.1	126.12
3789.0	2631.3	126.01
3790.0	2625.1	125.78
3791.0	2623.7	125.78
3792.0	2617.5	125.55
3793.0	2608.9	125.2
3794.0	2607.5	125.2
3795.0	2606.1	125.2
3796.0	2607.2	125.31
3797.0	2610.6	125.55
3798.0	2614.0	125.78
3799.0	2617.5	126.01
3800.0	2616.1	126.01
3801.0	2621.9	126.36
3802.0	2620.6	126.36
3803.0	2624.0	126.59
3804.0	2627.5	126.82
3805.0	2626.1	126.82
3806.0	2624.7	126.82
3807.0	2623.3	126.82
3808.0	2622.0	126.82
3809.0	2620.6	126.82
3810.0	2621.6	126.94
3811.0	2625.1	127.17
3812.0	2633.4	127.64
3813.0	2639.3	128.0
3814.0	2637.9	128.0
3815.0	2636.5	128.0
3816.0	2630.3	127.76
3817.0	2621.7	127.41
3818.0	2620.3	127.41
3819.0	2614.1	127.17
3820.0	2607.9	126.94
3821.0	2606.6	126.94
3822.0	2602.8	126.82
3823.0	2601.4	126.82
3824.0	2600.1	126.82
3825.0	2593.9	126.59
3826.0	2592.6	126.59
3827.0	2586.4	126.36
3828.0	2580.3	126.12
3829.0	2579.0	126.12
3830.0	2577.6	126.12
3831.0	2576.3	126.12
3832.0	2579.7	126.36
3833.0	2578.3	126.36
3834.0	2577.0	126.36
3835.0	2580.4	126.59
3836.0	2579.1	126.59
3837.0	2582.5	126.82
3838.0	2588.3	127.17
3839.0	2591.7	127.41
3840.0	2590.3	127.41
3841.0	2593.8	127.64
3842.0	2594.8	127.76
3843.0	2593.5	127.76
3844.0	2592.1	127.76
3845.0	2590.8	127.76
3846.0	2589.4	127.76
3847.0	2588.1	127.76
3848.0	2591.5	128.0
3849.0	2594.9	128.23
3850.0	2593.6	128.23
3851.0	2597.0	128.47
3852.0	2595.7	128.47
3853.0	2594.3	128.47
3854.0	2593.0	128.47
3855.0	2586.9	128.23
3856.0	2585.5	128.23
3857.0	2584.2	128.23
3858.0	2582.8	128.23
3859.0	2576.7	128.0
3860.0	2575.4	128.0
3861.0	2569.3	127.76
3862.0	2560.9	127.41
3863.0	2554.9	127.17
3864.0	2553.6	127.17
3865.0	2547.5	126.94
3866.0	2546.2	126.94
3867.0	2544.9	126.94
3868.0	2548.3	127.17
3869.0	2547.0	127.17
3870.0	2550.3	127.41
3871.0	2549.0	127.41
3872.0	2547.7	127.41
3873.0	2541.7	127.17
3874.0	2540.4	127.17
3875.0	2539.1	127.17
3876.0	2533.1	126.94
3877.0	2529.5	126.82
3878.0	2523.5	126.59
3879.0	2517.6	126.36
3880.0	2511.6	126.12
3881.0	2510.3	126.12
3882.0	2506.7	126.01
3883.0	2505.4	126.01
3884.0	2499.6	125.78
3885.0	2493.7	125.55
3886.0	2485.5	125.2
3887.0	2479.7	124.97
3888.0	2478.4	124.97
3889.0	2477.1	124.97
3890.0	2480.4	125.2
3891.0	2486.0	125.55
3892.0	2489.3	125.78
3893.0	2492.6	126.01
3894.0	2491.3	126.01
3895.0	2490.0	126.01
3896.0	2491.0	126.12
3897.0	2494.4	126.36
3898.0	2497.7	126.59
3899.0	2496.4	126.59
3900.0	2499.7	126.82
3901.0	2489.2	126.36
3902.0	2488.0	126.36
3903.0	2486.7	126.36
3904.0	2485.4	126.36
3905.0	2484.2	126.36
3906.0	2482.9	126.36
3907.0	2477.0	126.12
3908.0	2475.8	126.12
3909.0	2474.5	126.12
3910.0	2473.2	126.12
3911.0	2472.0	126.12
3912.0	2470.7	126.12
3913.0	2469.5	126.12
3914.0	2472.7	126.36
3915.0	2471.5	126.36
3916.0	2470.2	126.36
3917.0	2469.0	126.36
3918.0	2467.7	126.36
3919.0	2461.9	126.12
3920.0	2460.6	126.12
3921.0	2459.4	126.12
3922.0	2455.9	126.01
3923.0	2454.6	126.01
3924.0	2448.9	125.78
3925.0	2447.6	125.78
3926.0	2441.9	125.55
3927.0	2436.1	125.31
3928.0	2432.6	125.2
3929.0	2426.9	124.97
3930.0	2425.7	124.97
3931.0	2424.5	124.97
3932.0	2418.8	124.74
3933.0	2417.5	124.74
3934.0	2420.8	124.97
3935.0	2419.5	124.97
3936.0	2418.3	124.97
3937.0	2412.6	124.74
3938.0	2411.4	124.74
3939.0	2410.2	124.74
3940.0	2406.7	124.62
3941.0	2401.1	124.39
3942.0	2395.5	124.17
3943.0	2389.8	123.94
3944.0	2386.4	123.82
3945.0	2380.8	123.59
3946.0	2375.2	123.37
3947.0	2367.5	123.03
3948.0	2357.6	122.57
3949.0	2349.9	122.24
3950.0	2340.1	121.79
3951.0	2332.4	121.45
3952.0	2326.9	121.23
3953.0	2319.4	120.89
3954.0	2309.7	120.45
3955.0	2304.2	120.23
3956.0	2296.7	119.89
3957.0	2291.3	119.67
3958.0	2283.9	119.34
3959.0	2274.3	118.9
3960.0	2266.9	118.58
3961.0	2257.4	118.14
3962.0	2250.0	117.81
3963.0	2240.6	117.38
3964.0	2233.3	117.06
3965.0	2228.1	116.84
3966.0	2220.8	116.52
3967.0	2215.6	116.31
3968.0	2210.4	116.09
3969.0	2209.3	116.09
3970.0	2204.1	115.88
3971.0	2201.0	115.77
3972.0	2199.9	115.77
3973.0	2194.7	115.56
3974.0	2193.6	115.56
3975.0	2192.5	115.56
3976.0	2195.5	115.77
3977.0	2194.4	115.77
3978.0	2199.3	116.09
3979.0	2198.2	116.09
3980.0	2201.2	116.31
3981.0	2204.1	116.52
3982.0	2203.0	116.52
3983.0	2208.0	116.84
3984.0	2211.0	117.06
3985.0	2216.0	117.38
3986.0	2218.9	117.6
3987.0	2228.1	118.14
3988.0	2231.0	118.36
3989.0	2240.2	118.9
3990.0	2247.4	119.34
3991.0	2252.5	119.67
3992.0	2261.7	120.23
3993.0	2264.8	120.45
3994.0	2267.8	120.67
3995.0	2272.9	121.0
3996.0	2276.0	121.23
3997.0	2279.0	121.45
3998.0	2277.9	121.45
3999.0	2283.1	121.79
4000.0	2281.9	121.79
4001.0	2280.8	121.79
4002.0	2279.6	121.79
4003.0	2282.7	122.01
4004.0	2281.6	122.01
4005.0	2280.4	122.01
4006.0	2279.3	122.01
4007.0	2278.1	122.01
4008.0	2277.0	122.01
4009.0	2275.9	122.01
4010.0	2274.7	122.01
4011.0	2269.4	121.79
4012.0	2268.3	121.79
4013.0	2267.2	121.79
4014.0	2266.0	121.79
4015.0	2264.9	121.79
4016.0	2263.8	121.79
4017.0	2262.6	121.79
4018.0	2261.5	121.79
4019.0	2260.4	121.79
4020.0	2259.3	121.79
4021.0	2262.3	122.01
4022.0	2261.2	122.01
4023.0	2260.1	122.01
4024.0	2263.1	122.24
4025.0	2262.0	122.24
4026.0	2260.9	122.24
4027.0	2261.8	122.35
4028.0	2260.7	122.35
4029.0	2263.7	122.57
4030.0	2262.6	122.57
4031.0	2261.5	122.57
4032.0	2260.4	122.57
4033.0	2255.1	122.35
4034.0	2251.9	122.24
4035.0	2250.8	122.24
4036.0	2249.7	122.24
4037.0	2244.4	122.01
4038.0	2243.3	122.01
4039.0	2242.2	122.01
4040.0	2241.1	122.01
4041.0	2240.0	122.01
4042.0	2238.9	122.01
4043.0	2237.8	122.01
4044.0	2236.6	122.01
4045.0	2235.5	122.01
4046.0	2230.3	121.79
4047.0	2229.2	121.79
4048.0	2226.1	121.67
4049.0	2220.9	121.45
4050.0	2219.8	121.45
4051.0	2218.7	121.45
4052.0	2213.5	121.23
4053.0	2208.3	121.0
4054.0	2207.3	121.0
4055.0	2206.2	121.0
4056.0	2203.0	120.89
4057.0	2202.0	120.89
4058.0	2200.9	120.89
4059.0	2199.8	120.89
4060.0	2198.7	120.89
4061.0	2197.6	120.89
4062.0	2192.5	120.67
4063.0	2187.4	120.45
4064.0	2186.3	120.45
4065.0	2181.2	120.23
4066.0	2178.1	120.12
4067.0	2173.1	119.89
4068.0	2168.0	119.67
4069.0	2166.9	119.67
4070.0	2161.9	119.45
4071.0	2158.8	119.34
4072.0	2153.8	119.12
4073.0	2148.8	118.9
4074.0	2143.8	118.69
4075.0	2140.7	118.58
4076.0	2131.8	118.14
4077.0	2124.9	117.81
4078.0	2116.0	117.38
4079.0	2109.2	117.06
4080.0	2100.4	116.63
4081.0	2093.6	116.31
4082.0	2082.9	115.77
4083.0	2074.2	115.34
4084.0	2067.5	115.03
4085.0	2058.9	114.6
4086.0	2048.4	114.08
4087.0	2038.0	113.55
4088.0	2027.7	113.03
4089.0	2019.2	112.62
4090.0	2012.7	112.31
4091.0	2004.3	111.89
4092.0	1994.1	111.38
4093.0	1984.0	110.87
4094.0	1975.7	110.46
4095.0	1965.7	109.95
4096.0	1955.7	109.45
4097.0	1945.8	108.94
4098.0	1937.7	108.54
4099.0	1927.8	108.04
4100.0	1923.3	107.85
4101.0	1917.1	107.55
4102.0	1912.6	107.35
4103.0	1911.7	107.35
4104.0	1910.8	107.35
4105.0	1913.3	107.55
4106.0	1915.9	107.75
4107.0	1916.8	107.85
4108.0	1922.9	108.24
4109.0	1927.3	108.54
4110.0	1929.9	108.74
4111.0	1932.5	108.94
4112.0	1936.9	109.24
4113.0	1943.1	109.65
4114.0	1947.6	109.95
4115.0	1955.6	110.46
4116.0	1961.9	110.87
4117.0	1966.3	111.17
4118.0	1969.0	111.38
4119.0	1971.7	111.58
4120.0	1976.2	111.89
4121.0	1978.9	112.1
4122.0	1983.4	112.41
4123.0	1986.1	112.62
4124.0	1988.8	112.82
4125.0	1991.5	113.03
4126.0	1992.3	113.14
4127.0	1995.0	113.34
4128.0	1997.8	113.55
4129.0	2000.5	113.76
4130.0	2001.3	113.87
4131.0	2000.4	113.87
4132.0	2003.1	114.08
4133.0	2002.1	114.08
4134.0	2004.8	114.29
4135.0	2003.9	114.29
4136.0	2006.6	114.5
4137.0	2005.6	114.5
4138.0	2006.5	114.6
4139.0	2005.5	114.6
4140.0	2008.3	114.82
4141.0	2007.3	114.82
4142.0	2010.0	115.03
4143.0	2009.1	115.03
4144.0	2008.1	115.03
4145.0	2007.1	115.03
4146.0	2006.1	115.03
4147.0	2005.2	115.03
4148.0	2004.2	115.03
4149.0	2003.2	115.03
4150.0	2002.3	115.03
4151.0	2001.3	115.03
4152.0	2000.4	115.03
4153.0	1999.4	115.03
4154.0	1998.4	115.03
4155.0	1997.5	115.03
4156.0	1996.5	115.03
4157.0	1995.5	115.03
4158.0	1994.6	115.03
4159.0	1993.6	115.03
4160.0	1992.7	115.03
4161.0	1991.7	115.03
4162.0	1987.1	114.82
4163.0	1986.1	114.82
4164.0	1988.8	115.03
4165.0	1987.9	115.03
4166.0	1986.9	115.03
4167.0	1987.8	115.13
4168.0	1990.5	115.34
4169.0	1989.6	115.34
4170.0	1992.3	115.56
4171.0	1991.3	115.56
4172.0	1990.4	115.56
4173.0	1989.4	115.56
4174.0	1988.5	115.56
4175.0	1991.2	115.77
4176.0	1990.2	115.77
4177.0	1989.3	115.77
4178.0	1988.3	115.77
4179.0	1987.4	115.77
4180.0	1986.4	115.77
4181.0	1985.5	115.77
4182.0	1984.5	115.77
4183.0	1983.6	115.77
4184.0	1982.6	115.77
4185.0	1981.7	115.77
4186.0	1980.7	115.77
4187.0	1979.8	115.77
4188.0	1978.8	115.77
4189.0	1977.9	115.77
4190.0	1973.3	115.56
4191.0	1972.4	115.56
4192.0	1971.4	115.56
4193.0	1970.5	115.56
4194.0	1969.5	115.56
4195.0	1968.6	115.56
4196.0	1971.3	115.77
4197.0	1966.7	115.56
4198.0	1965.8	115.56
4199.0	1964.8	115.56
4200.0	1960.3	115.34
4201.0	1954.0	115.03
4202.0	1953.0	115.03
4203.0	1948.5	114.82
4204.0	1947.6	114.82
4205.0	1943.1	114.6
4206.0	1942.1	114.6
4207.0	1941.2	114.6
4208.0	1940.3	114.6
4209.0	1939.4	114.6
4210.0	1938.5	114.6
4211.0	1941.1	114.82
4212.0	1940.2	114.82
4213.0	1939.3	114.82
4214.0	1938.3	114.82
4215.0	1937.4	114.82
4216.0	1936.5	114.82
4217.0	1935.6	114.82
4218.0	1938.2	115.03
4219.0	1937.3	115.03
4220.0	1938.2	115.13
4221.0	1940.8	115.34
4222.0	1943.5	115.56
4223.0	1942.6	115.56
4224.0	1941.7	115.56
4225.0	1940.7	115.56
4226.0	1939.8	115.56
4227.0	1938.9	115.56
4228.0	1934.4	115.34
4229.0	1929.9	115.13
4230.0	1927.3	115.03
4231.0	1922.8	114.82
4232.0	1918.3	114.6
4233.0	1915.7	114.5
4234.0	1911.3	114.29
4235.0	1910.4	114.29
4236.0	1905.9	114.08
4237.0	1901.5	113.87
4238.0	1900.6	113.87
4239.0	1899.7	113.87
4240.0	1897.1	113.76
4241.0	1896.2	113.76
4242.0	1895.3	113.76
4243.0	1894.4	113.76
4244.0	1893.5	113.76
4245.0	1892.6	113.76
4246.0	1888.3	113.55
4247.0	1887.4	113.55
4248.0	1886.5	113.55
4249.0	1885.6	113.55
4250.0	1884.7	113.55
4251.0	1880.3	113.34
4252.0	1879.5	113.34
4253.0	1875.1	113.14
4254.0	1872.5	113.03
4255.0	1868.2	112.82
4256.0	1867.3	112.82
4257.0	1863.0	112.62
4258.0	1862.1	112.62
4259.0	1861.3	112.62
4260.0	1860.4	112.62
4261.0	1856.1	112.41
4262.0	1855.2	112.41
4263.0	1852.6	112.31
4264.0	1851.8	112.31
4265.0	1850.9	112.31
4266.0	1850.0	112.31
4267.0	1849.2	112.31
4268.0	1848.3	112.31
4269.0	1844.0	112.1
4270.0	1843.2	112.1
4271.0	1838.9	111.89
4272.0	1834.7	111.69
4273.0	1833.8	111.69
4274.0	1831.3	111.58
4275.0	1830.4	111.58
4276.0	1829.6	111.58
4277.0	1825.3	111.38
4278.0	1824.5	111.38
4279.0	1820.3	111.17
4280.0	1819.4	111.17
4281.0	1818.6	111.17
4282.0	1816.0	111.07
4283.0	1811.9	110.87
4284.0	1811.0	110.87
4285.0	1810.2	110.87
4286.0	1806.0	110.66
4287.0	1805.2	110.66
4288.0	1801.0	110.46
4289.0	1800.1	110.46
4290.0	1794.3	110.15
4291.0	1790.2	109.95
4292.0	1786.1	109.75
4293.0	1783.6	109.65
4294.0	1779.5	109.45
4295.0	1775.4	109.24
4296.0	1769.7	108.94
4297.0	1765.6	108.74
4298.0	1761.5	108.54
4299.0	1759.1	108.44
4300.0	1755.0	108.24
4301.0	1751.0	108.04
4302.0	1747.0	107.85
4303.0	1746.1	107.85
4304.0	1740.5	107.55
4305.0	1739.7	107.55
4306.0	1735.7	107.35
4307.0	1731.7	107.15
4308.0	1729.3	107.05
4309.0	1725.3	106.86
4310.0	1721.3	106.66
4311.0	1717.4	106.46
4312.0	1715.0	106.37
4313.0	1711.0	106.17
4314.0	1707.1	105.97
4315.0	1701.6	105.68
4316.0	1697.7	105.49
4317.0	1692.2	105.2
4318.0	1685.2	104.81
4319.0	1676.7	104.33
4320.0	1672.8	104.14
4321.0	1664.4	103.66
4322.0	1657.5	103.28
4323.0	1652.1	102.99
4324.0	1643.8	102.52
4325.0	1635.5	102.05
4326.0	1625.7	101.48
4327.0	1617.5	101.02
4328.0	1609.3	100.55
4329.0	1598.3	99.90799999999999
4330.0	1587.2	99.266
4331.0	1579.2	98.809
4332.0	1568.4	98.17399999999999
4333.0	1557.5	97.544
4334.0	1544.0	96.73899999999999
4335.0	1533.4	96.117
4336.0	1522.8	95.499
4337.0	1512.3	94.885
4338.0	1504.7	94.449
4339.0	1499.8	94.189
4340.0	1493.6	93.84200000000001
4341.0	1492.9	93.84200000000001
4342.0	1492.2	93.84200000000001
4343.0	1491.6	93.84200000000001
4344.0	1496.4	94.189
4345.0	1499.8	94.449
4346.0	1506.1	94.885
4347.0	1513.7	95.411
4348.0	1520.0	95.852
4349.0	1526.3	96.294
4350.0	1532.6	96.73899999999999
4351.0	1537.6	97.096
4352.0	1544.0	97.544
4353.0	1550.4	97.994
4354.0	1556.8	98.447
4355.0	1561.9	98.809
4356.0	1571.2	99.449
4357.0	1577.8	99.90799999999999
4358.0	1584.3	100.37
4359.0	1589.4	100.74
4360.0	1593.1	101.02
4361.0	1598.3	101.39
4362.0	1601.9	101.67
4363.0	1607.1	102.05
4364.0	1607.9	102.14
4365.0	1613.1	102.52
4366.0	1613.8	102.61
4367.0	1616.0	102.8
4368.0	1618.3	102.99
4369.0	1622.0	103.28
4370.0	1624.3	103.47
4371.0	1629.5	103.85
4372.0	1630.3	103.94
4373.0	1635.5	104.33
4374.0	1637.8	104.52
4375.0	1638.6	104.62
4376.0	1640.8	104.81
4377.0	1643.1	105.0
4378.0	1646.9	105.29
4379.0	1646.2	105.29
4380.0	1648.4	105.49
4381.0	1650.7	105.68
4382.0	1650.0	105.68
4383.0	1649.2	105.68
4384.0	1648.5	105.68
4385.0	1647.7	105.68
4386.0	1643.9	105.49
4387.0	1643.2	105.49
4388.0	1642.4	105.49
4389.0	1641.7	105.49
4390.0	1640.9	105.49
4391.0	1637.2	105.29
4392.0	1636.4	105.29
4393.0	1638.7	105.49
4394.0	1637.9	105.49
4395.0	1637.2	105.49
4396.0	1636.5	105.49
4397.0	1635.7	105.49
4398.0	1635.0	105.49
4399.0	1634.2	105.49
4400.0	1633.5	105.49
4401.0	1632.7	105.49
4402.0	1632.0	105.49
4403.0	1631.3	105.49
4404.0	1630.5	105.49
4405.0	1626.8	105.29
4406.0	1626.0	105.29
4407.0	1623.8	105.2
4408.0	1620.1	105.0
4409.0	1619.4	105.0
4410.0	1618.6	105.0
4411.0	1617.9	105.0
4412.0	1617.1	105.0
4413.0	1616.4	105.0
4414.0	1615.7	105.0
4415.0	1615.0	105.0
4416.0	1614.2	105.0
4417.0	1610.5	104.81
4418.0	1609.8	104.81
4419.0	1606.1	104.62
4420.0	1605.4	104.62
4421.0	1604.6	104.62
4422.0	1603.9	104.62
4423.0	1603.2	104.62
4424.0	1602.5	104.62
4425.0	1601.7	104.62
4426.0	1601.0	104.62
4427.0	1600.3	104.62
4428.0	1598.1	104.52
4429.0	1597.4	104.52
4430.0	1593.7	104.33
4431.0	1593.0	104.33
4432.0	1592.3	104.33
4433.0	1591.6	104.33
4434.0	1590.8	104.33
4435.0	1590.1	104.33
4436.0	1589.4	104.33
4437.0	1585.8	104.14
4438.0	1585.1	104.14
4439.0	1584.3	104.14
4440.0	1583.6	104.14
4441.0	1582.9	104.14
4442.0	1582.2	104.14
4443.0	1581.5	104.14
4444.0	1580.8	104.14
4445.0	1580.1	104.14
4446.0	1579.4	104.14
4447.0	1575.7	103.94
4448.0	1575.0	103.94
4449.0	1572.9	103.85
4450.0	1572.2	103.85
4451.0	1571.5	103.85
4452.0	1570.8	103.85
4453.0	1570.1	103.85
4454.0	1569.3	103.85
4455.0	1568.6	103.85
4456.0	1567.9	103.85
4457.0	1564.4	103.66
4458.0	1563.7	103.66
4459.0	1563.0	103.66
4460.0	1562.3	103.66
4461.0	1558.7	103.47
4462.0	1558.0	103.47
4463.0	1557.3	103.47
4464.0	1553.7	103.28
4465.0	1553.0	103.28
4466.0	1550.9	103.18
4467.0	1550.2	103.18
4468.0	1546.7	102.99
4469.0	1546.0	102.99
4470.0	1545.3	102.99
4471.0	1541.7	102.8
4472.0	1538.2	102.61
4473.0	1536.1	102.52
4474.0	1535.4	102.52
4475.0	1531.9	102.33
4476.0	1531.2	102.33
4477.0	1530.5	102.33
4478.0	1527.0	102.14
4479.0	1526.4	102.14
4480.0	1525.7	102.14
4481.0	1523.6	102.05
4482.0	1520.1	101.86
4483.0	1519.4	101.86
4484.0	1516.0	101.67
4485.0	1515.3	101.67
4486.0	1511.8	101.48
4487.0	1511.2	101.48
4488.0	1510.5	101.48
4489.0	1509.8	101.48
4490.0	1507.7	101.39
4491.0	1504.3	101.2
4492.0	1503.6	101.2
4493.0	1503.0	101.2
4494.0	1502.3	101.2
4495.0	1501.6	101.2
4496.0	1501.0	101.2
4497.0	1497.5	101.02
4498.0	1496.9	101.02
4499.0	1496.2	101.02
4500.0	1492.8	100.83
4501.0	1490.7	100.74
4502.0	1490.1	100.74
4503.0	1486.7	100.55
4504.0	1486.0	100.55
4505.0	1485.4	100.55
4506.0	1482.0	100.37
4507.0	1481.3	100.37
4508.0	1480.6	100.37
4509.0	1477.3	100.18
4510.0	1476.6	100.18
4511.0	1476.0	100.18
4512.0	1475.3	100.18
4513.0	1477.4	100.37
4514.0	1476.7	100.37
4515.0	1476.1	100.37
4516.0	1475.4	100.37
4517.0	1474.8	100.37
4518.0	1474.1	100.37
4519.0	1473.4	100.37
4520.0	1475.5	100.55
4521.0	1474.9	100.55
4522.0	1474.2	100.55
4523.0	1473.6	100.55
4524.0	1472.9	100.55
4525.0	1472.3	100.55
4526.0	1474.3	100.74
4527.0	1473.7	100.74
4528.0	1473.0	100.74
4529.0	1472.4	100.74
4530.0	1471.7	100.74
4531.0	1471.1	100.74
4532.0	1470.4	100.74
4533.0	1467.1	100.55
4534.0	1466.4	100.55
4535.0	1463.1	100.37
4536.0	1459.7	100.18
4537.0	1457.7	100.09
4538.0	1457.1	100.09
4539.0	1456.5	100.09
4540.0	1453.1	99.90799999999999
4541.0	1452.5	99.90799999999999
4542.0	1451.9	99.90799999999999
4543.0	1451.2	99.90799999999999
4544.0	1450.6	99.90799999999999
4545.0	1450.0	99.90799999999999
4546.0	1452.0	100.09
4547.0	1451.3	100.09
4548.0	1450.7	100.09
4549.0	1450.1	100.09
4550.0	1446.8	99.90799999999999
4551.0	1446.1	99.90799999999999
4552.0	1442.8	99.72399999999999
4553.0	1442.2	99.72399999999999
4554.0	1441.6	99.72399999999999
4555.0	1438.3	99.54
4556.0	1436.3	99.449
4557.0	1435.7	99.449
4558.0	1435.1	99.449
4559.0	1431.8	99.266
4560.0	1431.2	99.266
4561.0	1427.9	99.083
4562.0	1426.0	98.992
4563.0	1422.7	98.809
4564.0	1422.1	98.809
4565.0	1424.1	98.992
4566.0	1423.5	98.992
4567.0	1422.9	98.992
4568.0	1419.6	98.809
4569.0	1419.0	98.809
4570.0	1418.4	98.809
4571.0	1417.7	98.809
4572.0	1417.1	98.809
4573.0	1413.9	98.62799999999999
4574.0	1413.3	98.62799999999999
4575.0	1412.7	98.62799999999999
4576.0	1409.4	98.447
4577.0	1408.8	98.447
4578.0	1408.2	98.447
4579.0	1407.6	98.447
4580.0	1407.0	98.447
4581.0	1406.4	98.447
4582.0	1405.8	98.447
4583.0	1405.1	98.447
4584.0	1404.5	98.447
4585.0	1403.9	98.447
4586.0	1402.0	98.35600000000001
4587.0	1398.8	98.17399999999999
4588.0	1398.2	98.17399999999999
4589.0	1395.0	97.994
4590.0	1394.4	97.994
4591.0	1390.0	97.72399999999999
4592.0	1389.4	97.72399999999999
4593.0	1388.8	97.72399999999999
4594.0	1385.6	97.544
4595.0	1385.0	97.544
4596.0	1384.4	97.544
4597.0	1381.2	97.36399999999999
4598.0	1380.6	97.36399999999999
4599.0	1380.0	97.36399999999999
4600.0	1379.4	97.36399999999999
4601.0	1381.4	97.544
4602.0	1380.8	97.544
4603.0	1380.2	97.544
4604.0	1379.6	97.544
4605.0	1376.5	97.36399999999999
4606.0	1375.9	97.36399999999999
4607.0	1375.3	97.36399999999999
4608.0	1372.1	97.185
4609.0	1374.1	97.36399999999999
4610.0	1373.5	97.36399999999999
4611.0	1372.9	97.36399999999999
4612.0	1369.8	97.185
4613.0	1369.2	97.185
4614.0	1368.6	97.185
4615.0	1368.0	97.185
4616.0	1367.4	97.185
4617.0	1366.8	97.185
4618.0	1366.2	97.185
4619.0	1364.3	97.096
4620.0	1363.8	97.096
4621.0	1363.2	97.096
4622.0	1362.6	97.096
4623.0	1362.0	97.096
4624.0	1361.4	97.096
4625.0	1360.8	97.096
4626.0	1360.2	97.096
4627.0	1357.1	96.917
4628.0	1356.5	96.917
4629.0	1356.0	96.917
4630.0	1355.4	96.917
4631.0	1354.8	96.917
4632.0	1354.2	96.917
4633.0	1353.6	96.917
4634.0	1353.0	96.917
4635.0	1350.0	96.73899999999999
4636.0	1349.4	96.73899999999999
4637.0	1347.6	96.65
4638.0	1344.5	96.47200000000001
4639.0	1343.9	96.47200000000001
4640.0	1343.3	96.47200000000001
4641.0	1342.8	96.47200000000001
4642.0	1342.2	96.47200000000001
4643.0	1341.6	96.47200000000001
4644.0	1341.0	96.47200000000001
4645.0	1340.4	96.47200000000001
4646.0	1339.9	96.47200000000001
4647.0	1336.8	96.294
4648.0	1336.3	96.294
4649.0	1335.7	96.294
4650.0	1337.6	96.47200000000001
4651.0	1337.0	96.47200000000001
4652.0	1336.4	96.47200000000001
4653.0	1335.8	96.47200000000001
4654.0	1332.8	96.294
4655.0	1332.2	96.294
4656.0	1329.2	96.117
4657.0	1328.6	96.117
4658.0	1326.9	96.029
4659.0	1323.8	95.852
4660.0	1323.3	95.852
4661.0	1322.7	95.852
4662.0	1319.7	95.675
4663.0	1319.1	95.675
4664.0	1318.6	95.675
4665.0	1318.0	95.675
4666.0	1317.4	95.675
4667.0	1316.9	95.675
4668.0	1316.3	95.675
4669.0	1313.3	95.499
4670.0	1312.8	95.499
4671.0	1311.0	95.411
4672.0	1308.0	95.236
4673.0	1307.5	95.236
4674.0	1304.5	95.06
4675.0	1303.9	95.06
4676.0	1303.4	95.06
4677.0	1302.8	95.06
4678.0	1302.3	95.06
4679.0	1301.7	95.06
4680.0	1301.2	95.06
4681.0	1300.6	95.06
4682.0	1296.5	94.79799999999999
4683.0	1295.9	94.79799999999999
4684.0	1293.0	94.624
4685.0	1292.4	94.624
4686.0	1289.5	94.449
4687.0	1288.9	94.449
4688.0	1288.4	94.449
4689.0	1287.8	94.449
4690.0	1287.3	94.449
4691.0	1289.1	94.624
4692.0	1288.6	94.624
4693.0	1288.0	94.624
4694.0	1287.5	94.624
4695.0	1284.5	94.449
4696.0	1286.4	94.624
4697.0	1285.8	94.624
4698.0	1287.6	94.79799999999999
4699.0	1287.1	94.79799999999999
4700.0	1286.5	94.79799999999999
4702.0	1263.2	93.154
4704.0	1262.1	93.154
4706.0	1261.0	93.154
4708.0	1259.9	93.154
4710.0	1258.9	93.154
4712.0	1257.8	93.154
4714.0	1254.4	92.98200000000001
4716.0	1253.3	92.98200000000001
4718.0	1252.3	92.98200000000001
4720.0	1248.9	92.811
4722.0	1247.9	92.811
4724.0	1243.4	92.555
4726.0	1242.3	92.555
4728.0	1239.0	92.385
4730.0	1237.9	92.385
4732.0	1234.6	92.215
4734.0	1233.6	92.215
4736.0	1232.5	92.215
4738.0	1231.5	92.215
4740.0	1228.2	92.045
4742.0	1227.1	92.045
4744.0	1225.0	91.96
4746.0	1224.0	91.96
4748.0	1220.7	91.791
4750.0	1219.6	91.791
4752.0	1218.6	91.791
4754.0	1215.4	91.62200000000001
4756.0	1212.1	91.45299999999999
4758.0	1210.0	91.369
4760.0	1208.9	91.369
4762.0	1205.7	91.20100000000001
4764.0	1204.7	91.20100000000001
4766.0	1203.7	91.20100000000001
4768.0	1202.7	91.20100000000001
4770.0	1201.7	91.20100000000001
4772.0	1200.7	91.20100000000001
4774.0	1199.7	91.20100000000001
4776.0	1198.7	91.20100000000001
4778.0	1195.4	91.03299999999999
4780.0	1194.4	91.03299999999999
4782.0	1193.4	91.03299999999999
4784.0	1192.4	91.03299999999999
4786.0	1188.2	90.78200000000001
4788.0	1187.2	90.78200000000001
4790.0	1184.0	90.615
4792.0	1180.8	90.448
4794.0	1178.8	90.365
4796.0	1175.6	90.199
4798.0	1172.5	90.03299999999999
4800.0	1168.3	89.78399999999999
4802.0	1165.1	89.619
4804.0	1162.0	89.454
4806.0	1158.9	89.289
4808.0	1154.8	89.04299999999999
4810.0	1151.7	88.87899999999999
4812.0	1147.5	88.634
4814.0	1142.4	88.30799999999999
4816.0	1138.3	88.064
4818.0	1135.2	87.902
4820.0	1132.2	87.741
4822.0	1128.1	87.49799999999999
4824.0	1125.1	87.337
4826.0	1121.1	87.096
4828.0	1118.1	86.936
4830.0	1113.1	86.617
4832.0	1109.1	86.37700000000001
4834.0	1103.1	85.98
4836.0	1095.1	85.428
4838.0	1090.2	85.11399999999999
4840.0	1081.3	84.48899999999999
4842.0	1073.4	83.946
4844.0	1065.6	83.406
4846.0	1056.0	82.71799999999999
4848.0	1048.3	82.186
4850.0	1038.8	81.508
4852.0	1030.3	80.90899999999999
4854.0	1021.0	80.242
4856.0	1013.6	79.726
4858.0	1008.1	79.36
4860.0	1000.8	78.85
4862.0	997.22	78.632
4864.0	997.31	78.704
4866.0	996.49	78.704
4868.0	997.51	78.85
4870.0	1003.1	79.36
4872.0	1006.9	79.726
4874.0	1012.6	80.242
4876.0	1020.2	80.90899999999999
4878.0	1026.0	81.433
4880.0	1034.6	82.186
4882.0	1038.5	82.566
4884.0	1043.4	83.023
4886.0	1047.4	83.406
4888.0	1051.4	83.791
4890.0	1052.4	83.946
4892.0	1054.5	84.178
4894.0	1055.6	84.333
4896.0	1056.7	84.48899999999999
4898.0	1058.7	84.723
4900.0	1057.9	84.723
4902.0	1058.9	84.87899999999999
4904.0	1060.0	85.035
4906.0	1060.1	85.11399999999999
4908.0	1061.2	85.271
4910.0	1060.4	85.271
4912.0	1061.5	85.428
4914.0	1060.6	85.428
4916.0	1061.7	85.585
4918.0	1061.8	85.664
4920.0	1060.9	85.664
4922.0	1060.1	85.664
4924.0	1059.2	85.664
4926.0	1058.4	85.664
4928.0	1057.5	85.664
4930.0	1056.6	85.664
4932.0	1055.8	85.664
4934.0	1054.9	85.664
4936.0	1054.1	85.664
4938.0	1053.2	85.664
4940.0	1052.4	85.664
4942.0	1051.5	85.664
4944.0	1050.7	85.664
4946.0	1049.8	85.664
4948.0	1049.0	85.664
4950.0	1048.1	85.664
4952.0	1047.3	85.664
4954.0	1046.4	85.664
4956.0	1045.6	85.664
4958.0	1044.7	85.664
4960.0	1043.9	85.664
4962.0	1043.1	85.664
4964.0	1041.3	85.585
4966.0	1038.5	85.428
4968.0	1037.7	85.428
4970.0	1036.8	85.428
4972.0	1034.1	85.271
4974.0	1033.3	85.271
4976.0	1030.5	85.11399999999999
4978.0	1029.7	85.11399999999999
4980.0	1027.9	85.035
4982.0	1025.2	84.87899999999999
4984.0	1024.4	84.87899999999999
4986.0	1023.6	84.87899999999999
4988.0	1022.7	84.87899999999999
4990.0	1020.0	84.723
4992.0	1019.2	84.723
4994.0	1018.4	84.723
4996.0	1015.7	84.56700000000001
4998.0	1014.0	84.48899999999999
5000.0	1013.2	84.48899999999999
5002.0	1017.0	84.87899999999999
5004.0	1016.2	84.87899999999999
5006.0	1015.4	84.87899999999999
5008.0	1014.6	84.87899999999999
5010.0	1013.8	84.87899999999999
5012.0	1011.1	84.723
5014.0	1010.3	84.723
5016.0	1009.5	84.723
5018.0	1008.7	84.723
5020.0	1005.1	84.48899999999999
5022.0	1004.3	84.48899999999999
5024.0	1001.7	84.333
5026.0	999.02	84.178
5028.0	998.23	84.178
5030.0	995.6	84.023
5032.0	993.89	83.946
5034.0	993.1	83.946
5036.0	992.31	83.946
5038.0	989.7	83.791
5040.0	987.1	83.637
5042.0	986.31	83.637
5044.0	984.62	83.56
5046.0	982.03	83.406
5048.0	979.45	83.25299999999999
5050.0	978.67	83.25299999999999
5052.0	976.1	83.1
5054.0	974.43	83.023
5056.0	973.66	83.023
5058.0	971.09	82.87
5060.0	970.33	82.87
5062.0	967.78	82.71799999999999
5064.0	967.01	82.71799999999999
5066.0	966.25	82.71799999999999
5068.0	963.71	82.566
5070.0	962.06	82.49
5072.0	961.31	82.49
5074.0	960.55	82.49
5076.0	959.79	82.49
5078.0	959.03	82.49
5080.0	956.52	82.338
5082.0	955.77	82.338
5084.0	955.01	82.338
5086.0	952.5	82.186
5088.0	951.76	82.186
5090.0	948.38	81.959
5092.0	947.64	81.959
5094.0	946.9	81.959
5096.0	944.41	81.808
5098.0	943.67	81.808
5100.0	941.19	81.658
5102.0	940.46	81.658
5104.0	939.72	81.658
5106.0	938.98	81.658
5108.0	938.25	81.658
5110.0	935.79	81.508
5112.0	935.06	81.508
5114.0	933.47	81.433
5116.0	932.74	81.433
5118.0	932.01	81.433
5120.0	929.57	81.283
5122.0	928.84	81.283
5124.0	928.12	81.283
5126.0	925.68	81.133
5128.0	924.96	81.133
5130.0	924.24	81.133
5132.0	923.52	81.133
5134.0	922.8	81.133
5136.0	922.08	81.133
5138.0	921.36	81.133
5140.0	919.8	81.059
5142.0	919.09	81.059
5144.0	916.68	80.90899999999999
5146.0	915.97	80.90899999999999
5148.0	915.26	80.90899999999999
5150.0	914.55	80.90899999999999
5152.0	913.0	80.835
5154.0	912.29	80.835
5156.0	911.58	80.835
5158.0	910.03	80.76
5160.0	909.33	80.76
5162.0	907.79	80.686
5164.0	907.09	80.686
5166.0	905.55	80.612
5168.0	904.85	80.612
5170.0	903.32	80.538
5172.0	902.62	80.538
5174.0	901.09	80.464
5176.0	899.56	80.389
5178.0	898.87	80.389
5180.0	897.35	80.316
5182.0	896.66	80.316
5184.0	895.14	80.242
5186.0	893.63	80.168
5188.0	892.94	80.168
5190.0	891.42	80.094
5192.0	889.92	80.02
5194.0	888.42	79.947
5196.0	887.73	79.947
5198.0	886.23	79.873
5200.0	884.74	79.8
5202.0	883.24	79.726
5204.0	882.56	79.726
5206.0	881.07	79.652
5208.0	879.58	79.579
5210.0	878.1	79.506
5212.0	877.43	79.506
5214.0	875.14	79.36
5216.0	874.47	79.36
5218.0	872.19	79.214
5220.0	871.53	79.214
5222.0	869.25	79.068
5224.0	867.79	78.995
5226.0	867.13	78.995
5228.0	866.46	78.995
5230.0	864.2	78.85
5232.0	861.95	78.704
5234.0	861.29	78.704
5236.0	859.85	78.632
5238.0	857.61	78.487
5240.0	855.38	78.343
5242.0	854.72	78.343
5244.0	852.5	78.199
5246.0	851.85	78.199
5248.0	850.42	78.127
5250.0	848.21	77.983
5252.0	847.56	77.983
5254.0	846.92	77.983
5256.0	846.27	77.983
5258.0	844.07	77.839
5260.0	843.43	77.839
5262.0	842.79	77.839
5264.0	842.15	77.839
5266.0	841.51	77.839
5268.0	840.87	77.839
5270.0	840.23	77.839
5272.0	839.59	77.839
5274.0	837.41	77.696
5276.0	836.01	77.625
5278.0	833.84	77.482
5280.0	833.21	77.482
5282.0	831.04	77.339
5284.0	828.89	77.197
5286.0	827.5	77.126
5288.0	825.35	76.984
5290.0	823.21	76.842
5292.0	822.58	76.842
5294.0	821.21	76.77199999999999
5296.0	819.08	76.63
5298.0	818.46	76.63
5300.0	816.34	76.48899999999999
5302.0	815.72	76.48899999999999
5304.0	813.6	76.348
5306.0	812.99	76.348
5308.0	811.63	76.278
5310.0	811.02	76.278
5312.0	808.92	76.138
5314.0	808.31	76.138
5316.0	807.7	76.138
5318.0	807.09	76.138
5320.0	806.49	76.138
5322.0	805.88	76.138
5324.0	805.27	76.138
5326.0	803.19	75.998
5328.0	802.59	75.998
5330.0	801.98	75.998
5332.0	799.91	75.858
5334.0	799.31	75.858
5336.0	797.97	75.788
5338.0	795.91	75.648
5340.0	795.31	75.648
5342.0	793.26	75.509
5344.0	792.66	75.509
5346.0	790.61	75.37
5348.0	789.29	75.301
5350.0	788.7	75.301
5352.0	786.66	75.16199999999999
5354.0	786.07	75.16199999999999
5356.0	784.04	75.024
5358.0	783.46	75.024
5360.0	781.43	74.88600000000001
5362.0	780.85	74.88600000000001
5364.0	779.55	74.817
5366.0	778.97	74.817
5368.0	778.38	74.817
5370.0	777.81	74.817
5372.0	775.8	74.679
5374.0	775.22	74.679
5376.0	774.64	74.679
5378.0	772.64	74.542
5380.0	772.07	74.542
5382.0	771.5	74.542
5384.0	770.21	74.473
5386.0	769.64	74.473
5388.0	767.66	74.336
5390.0	767.09	74.336
5392.0	766.52	74.336
5394.0	765.95	74.336
5396.0	763.97	74.199
5398.0	763.4	74.199
5400.0	762.84	74.199
5402.0	760.87	74.063
5404.0	760.31	74.063
5406.0	759.75	74.063
5408.0	758.48	73.995
5410.0	757.93	73.995
5412.0	755.97	73.858
5414.0	755.41	73.858
5416.0	754.85	73.858
5418.0	752.91	73.722
5420.0	752.35	73.722
5422.0	751.8	73.722
5424.0	749.86	73.587
5426.0	749.31	73.587
5428.0	748.07	73.51899999999999
5430.0	747.52	73.51899999999999
5432.0	746.97	73.51899999999999
5434.0	746.42	73.51899999999999
5436.0	744.5	73.384
5438.0	743.95	73.384
5440.0	743.4	73.384
5442.0	741.49	73.249
5444.0	740.94	73.249
5446.0	739.04	73.11399999999999
5448.0	737.81	73.047
5450.0	737.27	73.047
5452.0	735.37	72.91199999999999
5454.0	734.83	72.91199999999999
5456.0	732.94	72.778
5458.0	732.41	72.778
5460.0	730.53	72.64399999999999
5462.0	729.32	72.577
5464.0	727.45	72.444
5466.0	726.91	72.444
5468.0	725.04	72.31
5470.0	724.51	72.31
5472.0	723.31	72.244
5474.0	721.46	72.111
5476.0	720.93	72.111
5478.0	719.08	71.97800000000001
5480.0	718.55	71.97800000000001
5482.0	718.03	71.97800000000001
5484.0	716.19	71.845
5486.0	715.66	71.845
5488.0	715.14	71.845
5490.0	713.96	71.779
5492.0	712.13	71.64699999999999
5494.0	711.61	71.64699999999999
5496.0	711.1	71.64699999999999
5498.0	709.27	71.516
5500.0	708.76	71.516
5502.0	706.94	71.384
5504.0	705.77	71.318
5506.0	705.26	71.318
5508.0	704.74	71.318
5510.0	702.94	71.187
5512.0	702.43	71.187
5514.0	701.92	71.187
5516.0	700.12	71.056
5518.0	699.61	71.056
5520.0	699.1	71.056
5522.0	698.6	71.056
5524.0	696.81	70.925
5526.0	696.3	70.925
5528.0	695.16	70.86
5530.0	694.66	70.86
5532.0	694.15	70.86
5534.0	692.38	70.729
5536.0	691.88	70.729
5538.0	690.11	70.59899999999999
5540.0	689.61	70.59899999999999
5542.0	689.11	70.59899999999999
5544.0	687.34	70.469
5546.0	686.21	70.404
5548.0	684.46	70.275
5550.0	683.97	70.275
5552.0	682.21	70.145
5554.0	681.72	70.145
5556.0	680.6	70.081
5558.0	678.86	69.952
5560.0	678.38	69.952
5562.0	677.89	69.952
5564.0	677.4	69.952
5566.0	676.91	69.952
5568.0	676.43	69.952
5570.0	675.94	69.952
5572.0	675.46	69.952
5574.0	673.73	69.82300000000001
5576.0	673.25	69.82300000000001
5578.0	672.77	69.82300000000001
5580.0	671.05	69.695
5582.0	670.57	69.695
5584.0	670.09	69.695
5586.0	669.61	69.695
5588.0	669.13	69.695
5590.0	668.03	69.63
5592.0	666.32	69.502
5594.0	665.85	69.502
5596.0	665.37	69.502
5598.0	663.67	69.375
5600.0	663.2	69.375
5602.0	661.51	69.247
5604.0	660.42	69.183
5606.0	659.95	69.183
5608.0	659.48	69.183
5610.0	657.8	69.056
5612.0	657.33	69.056
5614.0	655.66	68.929
5616.0	655.19	68.929
5618.0	652.91	68.738
5620.0	652.45	68.738
5622.0	650.79	68.612
5624.0	650.32	68.612
5626.0	648.67	68.486
5628.0	647.61	68.423
5630.0	645.96	68.296
5632.0	645.5	68.296
5634.0	643.85	68.171
5636.0	643.4	68.171
5638.0	642.94	68.171
5640.0	641.3	68.046
5642.0	640.85	68.046
5644.0	640.39	68.046
5646.0	639.94	68.046
5648.0	638.9	67.983
5650.0	638.44	67.983
5652.0	636.82	67.858
5654.0	636.37	67.858
5656.0	635.92	67.858
5658.0	635.47	67.858
5660.0	633.85	67.733
5662.0	633.4	67.733
5664.0	632.96	67.733
5666.0	631.35	67.608
5668.0	630.9	67.608
5670.0	630.46	67.608
5672.0	629.43	67.546
5674.0	627.83	67.421
5676.0	627.38	67.421
5678.0	626.94	67.421
5680.0	625.35	67.298
5682.0	624.91	67.298
5684.0	624.47	67.298
5686.0	622.88	67.17399999999999
5688.0	621.87	67.112
5690.0	621.44	67.112
5692.0	619.85	66.988
5694.0	619.42	66.988
5696.0	617.85	66.865
5698.0	617.41	66.865
5700.0	616.98	66.865
5702.0	615.41	66.742
5704.0	614.98	66.742
5706.0	613.98	66.681
5708.0	613.55	66.681
5710.0	613.12	66.681
5712.0	611.57	66.558
5714.0	611.14	66.558
5716.0	610.71	66.558
5718.0	609.16	66.435
5720.0	608.73	66.435
5722.0	608.31	66.435
5724.0	607.33	66.374
5726.0	605.78	66.252
5728.0	605.36	66.252
5730.0	603.82	66.13
5732.0	603.4	66.13
5734.0	602.98	66.13
5736.0	602.56	66.13
5738.0	601.03	66.008
5740.0	600.61	66.008
5742.0	600.2	66.008
5744.0	599.78	66.008
5746.0	598.81	65.94800000000001
5748.0	597.29	65.82600000000001
5750.0	596.88	65.82600000000001
5752.0	596.46	65.82600000000001
5754.0	594.95	65.705
5756.0	594.54	65.705
5758.0	594.12	65.705
5760.0	592.62	65.584
5762.0	592.21	65.584
5764.0	591.25	65.524
5766.0	590.84	65.524
5768.0	589.34	65.403
5770.0	588.94	65.403
5772.0	588.53	65.403
5774.0	587.04	65.283
5776.0	586.63	65.283
5778.0	585.15	65.163
5780.0	584.74	65.163
5782.0	583.8	65.10300000000001
5784.0	583.4	65.10300000000001
5786.0	582.99	65.10300000000001
5788.0	581.52	64.983
5790.0	581.12	64.983
5792.0	580.71	64.983
5794.0	579.24	64.863
5796.0	578.85	64.863
5798.0	578.45	64.863
5800.0	578.05	64.863
5802.0	576.59	64.744
5804.0	576.19	64.744
5806.0	575.26	64.685
5808.0	574.87	64.685
5810.0	574.47	64.685
5812.0	574.08	64.685
5814.0	572.63	64.565
5816.0	572.23	64.565
5818.0	571.84	64.565
5820.0	570.39	64.446
5822.0	570.0	64.446
5824.0	569.61	64.446
5826.0	568.7	64.387
5828.0	568.3	64.387
5830.0	566.87	64.26899999999999
5832.0	566.48	64.26899999999999
5834.0	566.09	64.26899999999999
5836.0	564.66	64.15
5838.0	564.28	64.15
5840.0	563.89	64.15
5842.0	562.47	64.032
5844.0	562.08	64.032
5846.0	561.18	63.973
5848.0	559.77	63.856
5850.0	559.38	63.856
5852.0	559.0	63.856
5854.0	558.62	63.856
5856.0	558.24	63.856
5858.0	557.86	63.856
5860.0	556.45	63.738
5862.0	556.07	63.738
5864.0	555.69	63.738
5866.0	555.31	63.738
5868.0	553.91	63.621
5870.0	553.53	63.621
5872.0	552.65	63.562
5874.0	552.27	63.562
5876.0	551.9	63.562
5878.0	550.51	63.445
5880.0	550.13	63.445
5882.0	549.76	63.445
5884.0	550.4	63.562
5886.0	550.02	63.562
5888.0	549.65	63.562
5890.0	549.28	63.562
5892.0	548.9	63.562
5894.0	548.53	63.562
5896.0	547.15	63.445
5898.0	546.78	63.445
5900.0	545.4	63.32899999999999
5902.0	545.03	63.32899999999999
5904.0	543.16	63.153999999999996
5906.0	542.79	63.153999999999996
5908.0	541.43	63.038000000000004
5910.0	540.06	62.922
5912.0	539.7	62.922
5914.0	538.34	62.806000000000004
5916.0	537.48	62.748000000000005
5918.0	537.12	62.748000000000005
5920.0	535.77	62.633
5922.0	535.41	62.633
5924.0	535.05	62.633
5926.0	533.7	62.516999999999996
5928.0	533.34	62.516999999999996
5930.0	532.49	62.46
5932.0	532.13	62.46
5934.0	530.79	62.345
5936.0	530.44	62.345
5938.0	530.08	62.345
5940.0	529.72	62.345
5942.0	528.39	62.23
5944.0	528.04	62.23
5946.0	526.71	62.115
5948.0	526.35	62.115
5950.0	525.52	62.058
5952.0	524.2	61.943999999999996
5954.0	523.85	61.943999999999996
5956.0	523.49	61.943999999999996
5958.0	522.18	61.83
5960.0	521.83	61.83
5962.0	521.48	61.83
5964.0	520.17	61.716
5966.0	519.82	61.716
5968.0	518.99	61.659
5970.0	518.65	61.659
5972.0	518.3	61.659
5974.0	517.95	61.659
5976.0	517.61	61.659
5978.0	516.31	61.54600000000001
5980.0	515.96	61.54600000000001
5982.0	515.62	61.54600000000001
5984.0	514.33	61.433
5986.0	513.98	61.433
5988.0	512.69	61.32
5990.0	511.88	61.263000000000005
5992.0	511.54	61.263000000000005
5994.0	511.2	61.263000000000005
5996.0	509.91	61.15
5998.0	509.57	61.15
6000.0	509.23	61.15
6002.0	508.9	61.15
6004.0	508.56	61.15
6006.0	507.28	61.038000000000004
6008.0	506.95	61.038000000000004
6010.0	506.61	61.038000000000004
6012.0	505.81	60.982
6014.0	505.47	60.982
6016.0	504.2	60.869
6018.0	503.87	60.869
6020.0	503.53	60.869
6022.0	503.2	60.869
6024.0	501.94	60.757
6026.0	501.61	60.757
6028.0	500.35	60.646
6030.0	500.02	60.646
6032.0	499.69	60.646
6034.0	498.9	60.59
6036.0	497.65	60.478
6038.0	497.32	60.478
6040.0	496.99	60.478
6042.0	495.75	60.367
6044.0	495.42	60.367
6046.0	495.09	60.367
6048.0	494.76	60.367
6050.0	494.44	60.367
6052.0	494.11	60.367
6054.0	493.78	60.367
6056.0	492.55	60.256
6058.0	492.22	60.256
6060.0	491.44	60.2
6062.0	490.22	60.09
6064.0	489.89	60.09
6066.0	488.67	59.979
6068.0	488.35	59.979
6070.0	487.13	59.869
6072.0	486.81	59.869
6074.0	486.04	59.81399999999999
6076.0	485.72	59.81399999999999
6078.0	485.4	59.81399999999999
6080.0	484.19	59.703
6082.0	483.87	59.703
6084.0	483.55	59.703
6086.0	483.23	59.703
6088.0	482.03	59.593999999999994
6090.0	481.71	59.593999999999994
6092.0	481.39	59.593999999999994
6094.0	480.19	59.483999999999995
6096.0	479.43	59.428999999999995
6098.0	479.12	59.428999999999995
6100.0	478.81	59.428999999999995
6102.0	477.61	59.32
6104.0	477.3	59.32
6106.0	476.99	59.32
6108.0	476.67	59.32
6110.0	475.49	59.211000000000006
6112.0	475.18	59.211000000000006
6114.0	474.86	59.211000000000006
6116.0	474.12	59.156000000000006
6118.0	473.81	59.156000000000006
6120.0	472.63	59.047
6122.0	472.32	59.047
6124.0	472.01	59.047
6126.0	471.7	59.047
6128.0	471.39	59.047
6130.0	471.09	59.047
6132.0	469.91	58.93899999999999
6134.0	469.61	58.93899999999999
6136.0	469.3	58.93899999999999
6138.0	468.13	58.83
6140.0	467.83	58.83
6142.0	467.52	58.83
6144.0	466.79	58.776
6146.0	466.48	58.776
6148.0	465.32	58.668
6150.0	465.02	58.668
6152.0	464.72	58.668
6154.0	463.56	58.56
6156.0	463.26	58.56
6158.0	462.96	58.56
6160.0	461.81	58.452
6162.0	461.51	58.452
6164.0	460.78	58.398
6166.0	460.48	58.398
6168.0	459.34	58.291000000000004
6170.0	459.04	58.291000000000004
6172.0	458.74	58.291000000000004
6174.0	458.45	58.291000000000004
6176.0	457.3	58.183
6178.0	457.01	58.183
6180.0	455.87	58.076
6182.0	455.16	58.023
6184.0	454.86	58.023
6186.0	453.73	57.916000000000004
6188.0	453.44	57.916000000000004
6190.0	452.31	57.809
6192.0	452.02	57.809
6194.0	450.9	57.703
6196.0	450.61	57.703
6198.0	449.9	57.65
6200.0	449.61	57.65
6202.0	449.32	57.65
6204.0	449.03	57.65
6206.0	447.92	57.544
6208.0	447.63	57.544
6210.0	446.52	57.438
6212.0	446.23	57.438
6214.0	445.53	57.385
6216.0	444.43	57.28
6218.0	444.14	57.28
6220.0	443.04	57.174
6222.0	442.75	57.174
6224.0	442.47	57.174
6226.0	441.37	57.068999999999996
6228.0	441.09	57.068999999999996
6230.0	440.8	57.068999999999996
6232.0	440.52	57.068999999999996
6234.0	439.83	57.016000000000005
6236.0	439.55	57.016000000000005
6238.0	439.27	57.016000000000005
6240.0	438.99	57.016000000000005
6242.0	437.9	56.911
6244.0	437.62	56.911
6246.0	437.34	56.911
6248.0	436.25	56.806999999999995
6250.0	435.97	56.806999999999995
6252.0	435.7	56.806999999999995
6254.0	434.61	56.702
6256.0	433.94	56.65
6258.0	433.66	56.65
6260.0	433.38	56.65
6262.0	432.31	56.54600000000001
6264.0	432.03	56.54600000000001
6266.0	431.76	56.54600000000001
6268.0	430.69	56.441
6270.0	429.62	56.338
6272.0	428.95	56.286
6274.0	427.89	56.181999999999995
6276.0	427.62	56.181999999999995
6278.0	426.56	56.07899999999999
6280.0	426.29	56.07899999999999
6282.0	425.23	55.976000000000006
6284.0	424.57	55.924
6286.0	424.3	55.924
6288.0	424.03	55.924
6290.0	423.76	55.924
6292.0	423.49	55.924
6294.0	422.44	55.821000000000005
6296.0	422.17	55.821000000000005
6298.0	421.9	55.821000000000005
6300.0	420.86	55.718
6302.0	420.59	55.718
6304.0	419.94	55.667
6306.0	419.67	55.667
6308.0	418.64	55.565
6310.0	418.37	55.565
6312.0	418.11	55.565
6314.0	417.84	55.565
6316.0	416.81	55.463
6318.0	416.54	55.463
6320.0	416.28	55.463
6322.0	416.02	55.463
6324.0	414.99	55.361000000000004
6326.0	414.73	55.361000000000004
6328.0	414.47	55.361000000000004
6330.0	414.2	55.361000000000004
6332.0	413.94	55.361000000000004
6334.0	413.3	55.31
6336.0	413.04	55.31
6338.0	412.02	55.208
6340.0	411.76	55.208
6342.0	411.5	55.208
6344.0	410.48	55.106
6346.0	410.22	55.106
6348.0	409.96	55.106
6350.0	408.95	55.005
6352.0	408.32	54.95399999999999
6354.0	408.06	54.95399999999999
6356.0	407.05	54.853
6358.0	406.8	54.853
6360.0	405.79	54.751999999999995
6362.0	405.54	54.751999999999995
6364.0	405.28	54.751999999999995
6366.0	404.28	54.651
6368.0	404.03	54.651
6370.0	403.41	54.601000000000006
6372.0	403.15	54.601000000000006
6374.0	402.9	54.601000000000006
6376.0	402.65	54.601000000000006
6378.0	402.39	54.601000000000006
6380.0	401.4	54.5
6382.0	401.15	54.5
6384.0	400.9	54.5
6386.0	400.65	54.5
6388.0	399.66	54.4
6390.0	399.41	54.4
6392.0	399.16	54.4
6394.0	398.54	54.35
6396.0	397.56	54.25
6398.0	397.31	54.25
6400.0	396.33	54.15
6402.0	396.08	54.15
6404.0	395.84	54.15
6406.0	395.59	54.15
6408.0	395.34	54.15
6410.0	395.1	54.15
6412.0	394.12	54.05
6414.0	393.88	54.05
6416.0	393.63	54.05
6418.0	393.39	54.05
6420.0	392.78	54.001000000000005
6422.0	392.54	54.001000000000005
6424.0	391.57	53.901
6426.0	391.33	53.901
6428.0	391.08	53.901
6430.0	390.84	53.901
6432.0	390.6	53.901
6434.0	389.63	53.802
6436.0	389.39	53.802
6438.0	389.15	53.802
6440.0	388.91	53.802
6442.0	388.67	53.802
6444.0	387.71	53.703
6446.0	387.47	53.703
6448.0	387.23	53.703
6450.0	386.99	53.703
6452.0	386.39	53.653999999999996
6454.0	385.45	53.555
6456.0	385.21	53.555
6458.0	384.26	53.456
6460.0	384.02	53.456
6462.0	383.08	53.358000000000004
6464.0	382.49	53.309
6466.0	382.25	53.309
6468.0	381.31	53.211000000000006
6470.0	381.08	53.211000000000006
6472.0	380.14	53.113
6474.0	379.9	53.113
6476.0	379.67	53.113
6478.0	378.74	53.015
6480.0	378.16	52.966
6482.0	377.92	52.966
6484.0	376.99	52.869
6486.0	376.07	52.771
6488.0	375.84	52.771
6490.0	375.26	52.723
6492.0	374.34	52.626000000000005
6494.0	373.42	52.528999999999996
6496.0	372.5	52.431999999999995
6498.0	371.93	52.38399999999999
6500.0	371.02	52.288000000000004
6502.0	370.11	52.192
6504.0	368.86	52.048
6506.0	367.28	51.856
6508.0	366.04	51.713
6510.0	365.14	51.618
6512.0	363.24	51.381
6514.0	361.68	51.192
6516.0	360.46	51.051
6518.0	358.92	50.863
6520.0	357.71	50.722
6522.0	356.17	50.536
6524.0	354.97	50.396
6526.0	354.1	50.303999999999995
6528.0	352.91	50.165
6530.0	351.39	49.981
6532.0	350.21	49.842
6534.0	348.71	49.659
6536.0	346.89	49.431000000000004
6538.0	345.72	49.295
6540.0	344.24	49.113
6542.0	341.82	48.798
6544.0	340.04	48.574
6546.0	338.27	48.35
6548.0	335.89	48.04
6550.0	333.53	47.731
6552.0	331.19	47.424
6554.0	329.46	47.206
6556.0	327.15	46.903
6558.0	324.84	46.601000000000006
6560.0	323.45	46.43
6562.0	322.37	46.302
6564.0	320.69	46.089
6566.0	319.9	46.004
6568.0	319.71	46.004
6570.0	318.93	45.92
6572.0	319.91	46.089
6574.0	320.01	46.132
6576.0	320.99	46.302
6578.0	321.69	46.43
6580.0	323.27	46.687
6582.0	324.57	46.903
6584.0	325.87	47.119
6586.0	327.17	47.336999999999996
6588.0	328.18	47.512
6590.0	329.5	47.731
6592.0	330.82	47.951
6594.0	332.14	48.173
6596.0	333.16	48.35
6598.0	333.88	48.483999999999995
6600.0	334.91	48.663000000000004
6602.0	335.64	48.798
6604.0	336.67	48.978
6606.0	338.02	49.20399999999999
6608.0	338.75	49.34
6610.0	339.17	49.431000000000004
6612.0	340.22	49.613
6614.0	340.95	49.751000000000005
6616.0	341.37	49.842
6618.0	341.48	49.888000000000005
6620.0	341.91	49.981
6622.0	341.7	49.981
6624.0	342.12	50.073
6626.0	341.92	50.073
6628.0	342.34	50.165
6630.0	342.13	50.165
6632.0	341.92	50.165
6634.0	341.72	50.165
6636.0	341.51	50.165
6638.0	341.31	50.165
6640.0	341.1	50.165
6642.0	340.9	50.165
6644.0	340.69	50.165
6646.0	340.49	50.165
6648.0	340.28	50.165
6650.0	340.08	50.165
6652.0	339.87	50.165
6654.0	339.67	50.165
6656.0	339.46	50.165
6658.0	339.26	50.165
6660.0	339.06	50.165
6662.0	338.85	50.165
6664.0	338.03	50.073
6666.0	337.82	50.073
6668.0	337.62	50.073
6670.0	337.42	50.073
6672.0	337.22	50.073
6674.0	336.4	49.981
6676.0	336.19	49.981
6678.0	335.99	49.981
6680.0	335.17	49.888000000000005
6682.0	334.97	49.888000000000005
6684.0	334.46	49.842
6686.0	334.26	49.842
6688.0	334.06	49.842
6690.0	333.25	49.751000000000005
6692.0	333.05	49.751000000000005
6694.0	332.85	49.751000000000005
6696.0	332.65	49.751000000000005
6698.0	331.84	49.659
6700.0	331.64	49.659
6702.0	331.45	49.659
6704.0	330.94	49.613
6706.0	330.14	49.522
6708.0	329.94	49.522
6710.0	329.74	49.522
6712.0	328.94	49.431000000000004
6714.0	328.74	49.431000000000004
6716.0	327.94	49.34
6718.0	327.75	49.34
6720.0	327.55	49.34
6722.0	327.06	49.295
6724.0	326.86	49.295
6726.0	326.07	49.20399999999999
6728.0	325.87	49.20399999999999
6730.0	325.68	49.20399999999999
6732.0	325.49	49.20399999999999
6734.0	324.69	49.113
6736.0	324.5	49.113
6738.0	324.31	49.113
6740.0	324.12	49.113
6742.0	323.92	49.113
6744.0	323.73	49.113
6746.0	323.54	49.113
6748.0	323.35	49.113
6750.0	323.16	49.113
6752.0	322.37	49.023
6754.0	321.88	48.978
6756.0	321.69	48.978
6758.0	321.5	48.978
6760.0	320.72	48.888000000000005
6762.0	320.53	48.888000000000005
6764.0	319.75	48.798
6766.0	319.56	48.798
6768.0	319.37	48.798
6770.0	318.6	48.708
6772.0	318.41	48.708
6774.0	318.22	48.708
6776.0	318.03	48.708
6778.0	317.85	48.708
6780.0	317.66	48.708
6782.0	317.47	48.708
6784.0	317.29	48.708
6786.0	317.1	48.708
6788.0	316.91	48.708
6790.0	316.43	48.663000000000004
6792.0	316.25	48.663000000000004
6794.0	316.06	48.663000000000004
6796.0	315.29	48.574
6798.0	315.11	48.574
6800.0	314.92	48.574
6802.0	314.16	48.483999999999995
6804.0	313.97	48.483999999999995
6806.0	313.5	48.44
6808.0	312.74	48.35
6810.0	312.55	48.35
6812.0	311.8	48.261
6814.0	311.61	48.261
6816.0	311.43	48.261
6818.0	311.25	48.261
6820.0	311.07	48.261
6822.0	310.88	48.261
6824.0	310.7	48.261
6826.0	310.52	48.261
6828.0	310.34	48.261
6830.0	310.16	48.261
6832.0	309.4	48.173
6834.0	309.22	48.173
6836.0	309.04	48.173
6838.0	308.86	48.173
6840.0	308.68	48.173
6842.0	308.22	48.128
6844.0	308.04	48.128
6846.0	307.57	48.083999999999996
6848.0	307.39	48.083999999999996
6850.0	306.93	48.04
6852.0	306.75	48.04
6854.0	306.57	48.04
6856.0	306.11	47.995
6858.0	305.93	47.995
6860.0	305.47	47.951
6862.0	305.29	47.951
6864.0	305.12	47.951
6866.0	304.66	47.907
6868.0	304.48	47.907
6870.0	304.02	47.863
6872.0	303.85	47.863
6874.0	303.39	47.818999999999996
6876.0	303.21	47.818999999999996
6878.0	303.04	47.818999999999996
6880.0	302.58	47.775
6882.0	302.41	47.775
6884.0	301.95	47.731
6886.0	301.78	47.731
6888.0	301.32	47.687
6890.0	301.15	47.687
6892.0	300.7	47.643
6894.0	300.52	47.643
6896.0	300.07	47.599
6898.0	299.9	47.599
6900.0	299.45	47.555
6902.0	299.0	47.512
6904.0	298.83	47.512
6906.0	298.38	47.468
6908.0	298.21	47.468
6910.0	297.76	47.424
6912.0	297.59	47.424
6914.0	297.14	47.381
6916.0	296.69	47.336999999999996
6918.0	296.52	47.336999999999996
6920.0	296.08	47.293
6922.0	295.91	47.293
6924.0	295.47	47.25
6926.0	295.02	47.206
6928.0	294.85	47.206
6930.0	294.41	47.163000000000004
6932.0	293.97	47.119
6934.0	293.8	47.119
6936.0	293.36	47.076
6938.0	292.92	47.033
6940.0	292.75	47.033
6942.0	292.31	46.989
6944.0	291.88	46.946000000000005
6946.0	291.44	46.903
6948.0	291.27	46.903
6950.0	290.84	46.86
6952.0	290.4	46.816
6954.0	289.7	46.73
6956.0	289.54	46.73
6958.0	289.37	46.73
6960.0	289.2	46.73
6962.0	289.04	46.73
6964.0	288.6	46.687
6966.0	287.91	46.601000000000006
6968.0	287.74	46.601000000000006
6970.0	287.05	46.516000000000005
6972.0	286.88	46.516000000000005
6974.0	286.19	46.43
6976.0	285.76	46.387
6978.0	285.6	46.387
6980.0	284.91	46.302
6982.0	284.75	46.302
6984.0	284.06	46.217
6986.0	283.9	46.217
6988.0	283.74	46.217
6990.0	283.05	46.132
6992.0	282.89	46.132
6994.0	282.73	46.132
6996.0	282.31	46.089
6998.0	282.41	46.132
7000.0	282.24	46.132
7002.0	282.08	46.132
7004.0	281.92	46.132
7006.0	281.76	46.132
7008.0	281.6	46.132
7010.0	281.44	46.132
7012.0	281.28	46.132
7014.0	281.12	46.132
7016.0	280.7	46.089
7018.0	280.54	46.089
7020.0	280.38	46.089
7022.0	279.7	46.004
7024.0	279.54	46.004
7026.0	278.87	45.92
7028.0	278.71	45.92
7030.0	278.04	45.835
7032.0	277.63	45.793
7034.0	276.96	45.708999999999996
7036.0	276.8	45.708999999999996
7038.0	276.13	45.625
7040.0	275.98	45.625
7042.0	275.57	45.583
7044.0	274.9	45.498999999999995
7046.0	274.75	45.498999999999995
7048.0	274.59	45.498999999999995
7050.0	273.93	45.415
7052.0	273.78	45.415
7054.0	273.62	45.415
7056.0	273.47	45.415
7058.0	273.31	45.415
7060.0	273.16	45.415
7062.0	273.0	45.415
7064.0	272.85	45.415
7066.0	272.69	45.415
7068.0	272.54	45.415
7070.0	272.38	45.415
7072.0	271.73	45.331
7074.0	271.57	45.331
7076.0	271.42	45.331
7078.0	271.02	45.29
7080.0	270.37	45.206
7082.0	270.21	45.206
7084.0	270.06	45.206
7086.0	269.41	45.123000000000005
7088.0	269.26	45.123000000000005
7090.0	268.61	45.04
7092.0	268.21	44.998999999999995
7094.0	268.06	44.998999999999995
7096.0	267.91	44.998999999999995
7098.0	267.27	44.916000000000004
7100.0	267.12	44.916000000000004
7102.0	266.48	44.833
7104.0	266.33	44.833
7106.0	266.18	44.833
7108.0	265.54	44.751000000000005
7110.0	265.39	44.751000000000005
7112.0	265.0	44.71
7114.0	264.85	44.71
7116.0	264.7	44.71
7118.0	264.55	44.71
7120.0	264.4	44.71
7122.0	264.25	44.71
7124.0	264.1	44.71
7126.0	263.95	44.71
7128.0	263.81	44.71
7130.0	263.17	44.626999999999995
7132.0	263.03	44.626999999999995
7134.0	262.88	44.626999999999995
7136.0	262.73	44.626999999999995
7138.0	262.1	44.545
7140.0	261.95	44.545
7142.0	261.81	44.545
7144.0	261.66	44.545
7146.0	261.51	44.545
7148.0	260.89	44.463
7150.0	260.74	44.463
7152.0	260.36	44.422
7154.0	260.21	44.422
7156.0	260.06	44.422
7158.0	259.44	44.34
7160.0	258.82	44.25899999999999
7162.0	258.67	44.25899999999999
7164.0	258.53	44.25899999999999
7166.0	258.15	44.218
7168.0	257.53	44.137
7170.0	257.38	44.137
7172.0	257.24	44.137
7174.0	257.1	44.137
7176.0	256.48	44.055
7178.0	256.34	44.055
7180.0	256.2	44.055
7182.0	256.05	44.055
7184.0	255.91	44.055
7186.0	255.77	44.055
7188.0	255.15	43.974
7190.0	255.01	43.974
7192.0	254.87	43.974
7194.0	254.73	43.974
7196.0	254.59	43.974
7198.0	254.21	43.934
7200.0	253.6	43.853
7202.0	253.46	43.853
7204.0	253.32	43.853
7206.0	253.18	43.853
7208.0	252.58	43.772
7210.0	252.43	43.772
7212.0	251.83	43.692
7214.0	251.46	43.652
7216.0	251.32	43.652
7218.0	250.72	43.571000000000005
7220.0	250.58	43.571000000000005
7222.0	249.98	43.49100000000001
7224.0	249.38	43.411
7226.0	249.01	43.371
7228.0	248.88	43.371
7230.0	248.74	43.371
7232.0	248.14	43.291000000000004
7234.0	248.01	43.291000000000004
7236.0	247.87	43.291000000000004
7238.0	247.73	43.291000000000004
7240.0	247.6	43.291000000000004
7242.0	247.46	43.291000000000004
7244.0	247.32	43.291000000000004
7246.0	247.19	43.291000000000004
7248.0	247.05	43.291000000000004
7250.0	246.46	43.211000000000006
7252.0	246.32	43.211000000000006
7254.0	246.19	43.211000000000006
7256.0	246.05	43.211000000000006
7258.0	245.92	43.211000000000006
7260.0	245.55	43.172
7262.0	244.97	43.092
7264.0	244.83	43.092
7266.0	244.7	43.092
7268.0	244.11	43.013000000000005
7270.0	243.98	43.013000000000005
7272.0	243.4	42.934
7274.0	243.26	42.934
7276.0	242.9	42.894
7278.0	242.32	42.815
7280.0	242.19	42.815
7282.0	242.06	42.815
7284.0	241.48	42.736999999999995
7286.0	241.35	42.736999999999995
7288.0	241.22	42.736999999999995
7290.0	241.08	42.736999999999995
7292.0	240.95	42.736999999999995
7294.0	240.82	42.736999999999995
7296.0	240.24	42.658
7298.0	240.11	42.658
7300.0	239.98	42.658
7302.0	239.85	42.658
7304.0	239.5	42.619
7306.0	239.36	42.619
7308.0	239.23	42.619
7310.0	238.66	42.54
7312.0	238.53	42.54
7314.0	238.4	42.54
7316.0	238.27	42.54
7318.0	237.7	42.461999999999996
7320.0	237.57	42.461999999999996
7322.0	237.44	42.461999999999996
7324.0	237.31	42.461999999999996
7326.0	237.18	42.461999999999996
7328.0	236.62	42.38399999999999
7330.0	236.49	42.38399999999999
7332.0	236.14	42.345
7334.0	236.01	42.345
7336.0	235.45	42.266999999999996
7338.0	235.32	42.266999999999996
7340.0	234.76	42.18899999999999
7342.0	234.64	42.18899999999999
7344.0	234.51	42.18899999999999
7346.0	234.38	42.18899999999999
7348.0	233.82	42.111000000000004
7350.0	233.48	42.073
7352.0	233.35	42.073
7354.0	233.22	42.073
7356.0	233.1	42.073
7358.0	232.97	42.073
7360.0	232.42	41.995
7362.0	232.29	41.995
7364.0	232.16	41.995
7366.0	232.04	41.995
7368.0	231.91	41.995
7370.0	231.79	41.995
7372.0	231.66	41.995
7374.0	231.53	41.995
7376.0	231.41	41.995
7378.0	231.28	41.995
7380.0	231.16	41.995
7382.0	231.03	41.995
7384.0	230.48	41.918
7386.0	230.36	41.918
7388.0	230.23	41.918
7390.0	229.9	41.879
7392.0	229.35	41.802
7394.0	229.23	41.802
7396.0	228.68	41.725
7398.0	228.56	41.725
7400.0	228.01	41.648999999999994
7402.0	227.89	41.648999999999994
7404.0	227.56	41.61
7406.0	227.01	41.534
7408.0	226.89	41.534
7410.0	226.77	41.534
7412.0	226.65	41.534
7414.0	226.52	41.534
7416.0	226.4	41.534
7418.0	226.28	41.534
7420.0	226.16	41.534
7422.0	226.04	41.534
7424.0	225.91	41.534
7426.0	225.79	41.534
7428.0	225.67	41.534
7430.0	225.55	41.534
7432.0	225.01	41.457
7434.0	224.89	41.457
7436.0	224.77	41.457
7438.0	224.24	41.381
7440.0	224.12	41.381
7442.0	223.79	41.343
7444.0	223.67	41.343
7446.0	223.55	41.343
7448.0	223.02	41.266999999999996
7450.0	222.9	41.266999999999996
7452.0	222.78	41.266999999999996
7454.0	222.25	41.191
7456.0	222.13	41.191
7458.0	221.6	41.115
7460.0	221.28	41.077
7462.0	221.16	41.077
7464.0	221.04	41.077
7466.0	220.52	41.001000000000005
7468.0	220.4	41.001000000000005
7470.0	220.28	41.001000000000005
7472.0	220.16	41.001000000000005
7474.0	219.64	40.926
7476.0	219.52	40.926
7478.0	219.41	40.926
7480.0	219.29	40.926
7482.0	219.17	40.926
7484.0	218.65	40.851
7486.0	218.33	40.813
7488.0	218.22	40.813
7490.0	218.1	40.813
7492.0	217.58	40.738
7494.0	217.47	40.738
7496.0	217.35	40.738
7498.0	217.24	40.738
7500.0	216.72	40.663000000000004
7502.0	216.6	40.663000000000004
7504.0	216.49	40.663000000000004
7506.0	216.37	40.663000000000004
7508.0	216.06	40.626
7510.0	215.55	40.551
7512.0	215.43	40.551
7514.0	215.32	40.551
7516.0	214.81	40.476
7518.0	214.69	40.476
7520.0	214.58	40.476
7522.0	214.07	40.402
7524.0	213.96	40.402
7526.0	213.84	40.402
7528.0	213.73	40.402
7530.0	213.61	40.402
7532.0	213.5	40.402
7534.0	213.39	40.402
7536.0	213.27	40.402
7538.0	213.16	40.402
7540.0	212.85	40.364000000000004
7542.0	212.74	40.364000000000004
7544.0	212.24	40.29
7546.0	212.12	40.29
7548.0	212.01	40.29
7550.0	211.51	40.216
7552.0	211.4	40.216
7554.0	211.09	40.179
7556.0	210.98	40.179
7558.0	210.67	40.141999999999996
7560.0	210.37	40.105
7562.0	210.25	40.105
7564.0	209.95	40.068000000000005
7566.0	209.84	40.068000000000005
7568.0	209.54	40.031
7570.0	209.43	40.031
7572.0	209.12	39.994
7574.0	209.01	39.994
7576.0	208.71	39.958
7578.0	208.6	39.958
7580.0	208.3	39.921
7582.0	208.0	39.884
7584.0	207.89	39.884
7586.0	207.58	39.847
7588.0	207.47	39.847
7590.0	207.18	39.811
7592.0	207.07	39.811
7594.0	206.77	39.774
7596.0	206.66	39.774
7598.0	206.36	39.736999999999995
7600.0	206.25	39.736999999999995
7602.0	205.95	39.701
7604.0	205.65	39.664
7606.0	205.55	39.664
7608.0	205.25	39.628
7610.0	205.14	39.628
7612.0	204.84	39.591
7614.0	204.74	39.591
7616.0	204.44	39.555
7618.0	204.33	39.555
7620.0	204.04	39.518
7622.0	203.74	39.482
7624.0	203.64	39.482
7626.0	203.34	39.446
7628.0	203.23	39.446
7630.0	202.94	39.409
7632.0	202.83	39.409
7634.0	202.54	39.373000000000005
7636.0	202.25	39.336999999999996
7638.0	202.14	39.336999999999996
7640.0	201.85	39.301
7642.0	201.75	39.301
7644.0	201.46	39.264
7646.0	201.35	39.264
7648.0	201.06	39.228
7650.0	200.95	39.228
7652.0	200.67	39.192
7654.0	200.37	39.156
7656.0	200.27	39.156
7658.0	199.98	39.12
7660.0	199.88	39.12
7662.0	199.59	39.084
7664.0	199.48	39.084
7666.0	199.2	39.048
7668.0	198.91	39.012
7670.0	198.81	39.012
7672.0	198.52	38.976
7674.0	198.42	38.976
7676.0	198.13	38.94
7678.0	198.03	38.94
7680.0	197.74	38.904
7682.0	197.46	38.869
7684.0	197.35	38.869
7686.0	197.07	38.833
7688.0	196.97	38.833
7690.0	196.68	38.797
7692.0	195.86	38.654
7694.0	195.76	38.654
7696.0	195.84	38.69
7698.0	195.73	38.69
7700.0	195.63	38.69
7702.0	195.53	38.69
7704.0	195.25	38.654
7706.0	195.15	38.654
7708.0	195.05	38.654
7710.0	194.59	38.583
7712.0	194.48	38.583
7714.0	194.38	38.583
7716.0	194.28	38.583
7718.0	193.83	38.512
7720.0	193.73	38.512
7722.0	193.63	38.512
7724.0	193.35	38.477
7726.0	192.89	38.406
7728.0	192.79	38.406
7730.0	192.69	38.406
7732.0	192.24	38.335
7734.0	192.14	38.335
7736.0	192.04	38.335
7738.0	192.29	38.406
7740.0	192.19	38.406
7742.0	191.74	38.335
7744.0	191.64	38.335
7746.0	191.54	38.335
7748.0	191.44	38.335
7750.0	190.99	38.265
7752.0	190.89	38.265
7754.0	190.8	38.265
7756.0	190.7	38.265
7758.0	190.42	38.23
7760.0	189.97	38.159
7762.0	189.88	38.159
7764.0	189.78	38.159
7766.0	189.68	38.159
7768.0	189.23	38.089
7770.0	189.14	38.089
7772.0	189.04	38.089
7774.0	188.6	38.019
7776.0	188.5	38.019
7778.0	188.4	38.019
7780.0	188.13	37.984
7782.0	187.69	37.914
7784.0	187.59	37.914
7786.0	187.5	37.914
7788.0	187.05	37.844
7790.0	186.96	37.844
7792.0	186.52	37.775
7794.0	186.42	37.775
7796.0	186.16	37.74
7798.0	186.06	37.74
7800.0	185.96	37.74
7802.0	185.87	37.74
7804.0	185.43	37.67
7806.0	185.34	37.67
7808.0	185.24	37.67
7810.0	185.15	37.67
7812.0	185.05	37.67
7814.0	184.96	37.67
7816.0	184.52	37.601
7818.0	184.43	37.601
7820.0	184.33	37.601
7822.0	184.24	37.601
7824.0	183.81	37.532
7826.0	183.54	37.497
7828.0	183.45	37.497
7830.0	183.36	37.497
7832.0	183.26	37.497
7834.0	183.17	37.497
7836.0	182.74	37.428000000000004
7838.0	182.65	37.428000000000004
7840.0	182.55	37.428000000000004
7842.0	182.46	37.428000000000004
7844.0	182.37	37.428000000000004
7846.0	181.94	37.359
7848.0	181.85	37.359
7850.0	181.75	37.359
7852.0	181.49	37.325
7854.0	181.07	37.256
7856.0	180.97	37.256
7858.0	180.88	37.256
7860.0	180.46	37.188
7862.0	180.37	37.188
7864.0	180.27	37.188
7866.0	179.85	37.119
7868.0	179.76	37.119
7870.0	179.67	37.119
7872.0	179.58	37.119
7874.0	179.49	37.119
7876.0	179.39	37.119
7878.0	179.3	37.119
7880.0	179.21	37.119
7882.0	179.12	37.119
7884.0	179.03	37.119
7886.0	178.94	37.119
7888.0	178.68	37.085
7890.0	178.59	37.085
7892.0	178.17	37.016999999999996
7894.0	178.08	37.016999999999996
7896.0	177.99	37.016999999999996
7898.0	177.9	37.016999999999996
7900.0	177.49	36.949
7902.0	177.4	36.949
7904.0	177.31	36.949
7906.0	177.22	36.949
7908.0	176.8	36.881
7910.0	176.71	36.881
7912.0	176.46	36.847
7914.0	176.37	36.847
7916.0	175.96	36.779
7918.0	175.87	36.779
7920.0	175.78	36.779
7922.0	175.37	36.711
7924.0	175.28	36.711
7926.0	175.19	36.711
7928.0	175.1	36.711
7930.0	175.01	36.711
7932.0	174.93	36.711
7934.0	174.84	36.711
7936.0	174.75	36.711
7938.0	174.66	36.711
7940.0	174.25	36.644
7942.0	174.16	36.644
7944.0	173.92	36.61
7946.0	173.83	36.61
7948.0	173.74	36.61
7950.0	173.65	36.61
7952.0	173.57	36.61
7954.0	173.16	36.543
7956.0	173.07	36.543
7958.0	172.99	36.543
7960.0	172.9	36.543
7962.0	172.81	36.543
7964.0	172.41	36.475
7966.0	172.32	36.475
7968.0	172.23	36.475
7970.0	171.83	36.408
7972.0	171.59	36.375
7974.0	171.5	36.375
7976.0	171.42	36.375
7978.0	171.01	36.308
7980.0	170.93	36.308
7982.0	170.84	36.308
7984.0	170.76	36.308
7986.0	170.67	36.308
7988.0	170.59	36.308
7990.0	170.5	36.308
7992.0	170.1	36.241
7994.0	170.02	36.241
7996.0	169.93	36.241
7998.0	169.85	36.241
8000.0	169.76	36.241
8002.0	169.68	36.241
8004.0	169.59	36.241
8006.0	169.51	36.241
8008.0	169.42	36.241
8010.0	169.18	36.208
8012.0	168.79	36.141
8014.0	168.7	36.141
8016.0	168.62	36.141
8018.0	168.53	36.141
8020.0	168.45	36.141
8022.0	168.06	36.074
8024.0	167.97	36.074
8026.0	167.89	36.074
8028.0	167.81	36.074
8030.0	167.41	36.008
8032.0	167.33	36.008
8034.0	167.25	36.008
8036.0	167.01	35.975
8038.0	166.93	35.975
8040.0	166.54	35.909
8042.0	166.45	35.909
8044.0	166.37	35.909
8046.0	166.29	35.909
8048.0	166.21	35.909
8050.0	166.12	35.909
8052.0	166.04	35.909
8054.0	165.96	35.909
8056.0	165.88	35.909
8058.0	165.79	35.909
8060.0	165.41	35.843
8062.0	165.32	35.843
8064.0	165.24	35.843
8066.0	165.16	35.843
8068.0	165.08	35.843
8070.0	164.69	35.777
8072.0	164.61	35.777
8074.0	164.38	35.744
8076.0	164.3	35.744
8078.0	164.22	35.744
8080.0	163.83	35.678000000000004
8082.0	163.75	35.678000000000004
8084.0	163.67	35.678000000000004
8086.0	163.59	35.678000000000004
8088.0	163.51	35.678000000000004
8090.0	163.43	35.678000000000004
8092.0	163.35	35.678000000000004
8094.0	163.27	35.678000000000004
8096.0	162.88	35.611999999999995
8098.0	162.8	35.611999999999995
8100.0	162.42	35.547
8102.0	162.19	35.514
8104.0	162.11	35.514
8106.0	162.03	35.514
8108.0	161.66	35.449
8110.0	161.58	35.449
8112.0	161.5	35.449
8114.0	161.12	35.383
8116.0	161.04	35.383
8118.0	160.96	35.383
8120.0	160.88	35.383
8122.0	160.8	35.383
8124.0	160.43	35.318000000000005
8126.0	160.35	35.318000000000005
8128.0	160.27	35.318000000000005
8130.0	160.19	35.318000000000005
8132.0	160.11	35.318000000000005
8134.0	159.89	35.286
8136.0	159.81	35.286
8138.0	159.73	35.286
8140.0	159.36	35.221
8142.0	159.28	35.221
8144.0	159.2	35.221
8146.0	159.12	35.221
8148.0	158.75	35.156
8150.0	158.67	35.156
8152.0	158.6	35.156
8154.0	158.37	35.124
8156.0	158.0	35.059
8158.0	157.93	35.059
8160.0	157.56	34.995
8162.0	157.48	34.995
8164.0	157.4	34.995
8166.0	157.04	34.93
8168.0	156.96	34.93
8170.0	156.88	34.93
8172.0	156.66	34.898
8174.0	156.59	34.898
8176.0	156.22	34.834
8178.0	156.14	34.834
8180.0	156.07	34.834
8182.0	155.71	34.77
8184.0	155.63	34.77
8186.0	155.55	34.77
8188.0	155.48	34.77
8190.0	155.11	34.705999999999996
8192.0	155.04	34.705999999999996
8194.0	154.82	34.674
8196.0	154.74	34.674
8198.0	154.67	34.674
8200.0	154.59	34.674
8202.0	154.52	34.674
8204.0	154.44	34.674
8206.0	154.37	34.674
8208.0	154.29	34.674
8210.0	154.22	34.674
8212.0	154.14	34.674
8214.0	154.07	34.674
8216.0	153.71	34.61
8218.0	153.63	34.61
8220.0	153.56	34.61
8222.0	153.2	34.546
8224.0	153.13	34.546
8226.0	152.77	34.483000000000004
8228.0	152.56	34.451
8230.0	152.48	34.451
8232.0	152.41	34.451
8234.0	152.33	34.451
8236.0	151.98	34.387
8238.0	151.91	34.387
8240.0	151.83	34.387
8242.0	151.76	34.387
8244.0	151.41	34.324
8246.0	151.33	34.324
8248.0	151.12	34.293
8250.0	150.77	34.229
8252.0	150.7	34.229
8254.0	150.62	34.229
8256.0	150.27	34.166
8258.0	150.2	34.166
8260.0	150.13	34.166
8262.0	150.05	34.166
8264.0	149.71	34.104
8266.0	149.63	34.104
8268.0	149.56	34.104
8270.0	149.49	34.104
8272.0	149.28	34.071999999999996
8274.0	148.93	34.009
8276.0	148.86	34.009
8278.0	148.79	34.009
8280.0	148.44	33.946999999999996
8282.0	148.37	33.946999999999996
8284.0	148.3	33.946999999999996
8286.0	147.96	33.884
8288.0	147.88	33.884
8290.0	147.4	33.791
8292.0	147.33	33.791
8294.0	146.99	33.729
8296.0	146.92	33.729
8298.0	146.85	33.729
8300.0	146.51	33.667
8302.0	146.71	33.729
8304.0	146.64	33.729
8306.0	146.57	33.729
8308.0	146.5	33.729
8310.0	146.43	33.729
8312.0	146.36	33.729
8314.0	146.29	33.729
8316.0	146.22	33.729
8318.0	145.88	33.667
8320.0	145.81	33.667
8322.0	145.74	33.667
8324.0	145.67	33.667
8326.0	145.6	33.667
8328.0	145.39	33.635999999999996
8330.0	145.32	33.635999999999996
8332.0	145.25	33.635999999999996
8334.0	145.18	33.635999999999996
8336.0	145.11	33.635999999999996
8338.0	145.04	33.635999999999996
8340.0	144.71	33.574
8342.0	144.64	33.574
8344.0	144.57	33.574
8346.0	144.23	33.512
8348.0	144.16	33.512
8350.0	143.83	33.45
8352.0	143.63	33.419000000000004
8354.0	143.56	33.419000000000004
8356.0	143.23	33.358000000000004
8358.0	143.16	33.358000000000004
8360.0	142.83	33.297
8362.0	142.76	33.297
8364.0	142.56	33.266
8366.0	142.49	33.266
8368.0	142.16	33.205
8370.0	142.09	33.205
8372.0	142.02	33.205
8374.0	141.96	33.205
8376.0	141.63	33.144
8378.0	141.56	33.144
8380.0	141.49	33.144
8382.0	141.42	33.144
8384.0	141.36	33.144
8386.0	141.29	33.144
8388.0	141.22	33.144
8390.0	141.16	33.144
8392.0	140.83	33.083
8394.0	140.76	33.083
8396.0	140.69	33.083
8398.0	140.5	33.052
8400.0	140.17	32.991
8402.0	140.11	32.991
8404.0	139.78	32.931
8406.0	139.71	32.931
8408.0	139.26	32.84
8410.0	139.2	32.84
8412.0	139.13	32.84
8414.0	139.06	32.84
8416.0	139.0	32.84
8418.0	138.93	32.84
8420.0	138.87	32.84
8422.0	138.8	32.84
8424.0	138.48	32.779
8426.0	138.41	32.779
8428.0	138.35	32.779
8430.0	138.28	32.779
8432.0	137.96	32.719
8434.0	137.9	32.719
8436.0	137.83	32.719
8438.0	137.51	32.659
8440.0	137.32	32.629
8442.0	137.26	32.629
8444.0	137.19	32.629
8446.0	136.87	32.569
8448.0	136.81	32.569
8450.0	136.74	32.569
8452.0	136.68	32.569
8454.0	136.87	32.629
8456.0	136.8	32.629
8458.0	136.74	32.629
8460.0	136.67	32.629
8462.0	136.36	32.569
8464.0	136.29	32.569
8466.0	136.23	32.569
8468.0	136.16	32.569
8470.0	135.85	32.509
8472.0	135.78	32.509
8474.0	135.72	32.509
8476.0	135.66	32.509
8478.0	135.84	32.569
8480.0	135.78	32.569
8482.0	135.71	32.569
8484.0	135.65	32.569
8486.0	135.59	32.569
8488.0	135.77	32.629
8490.0	135.71	32.629
8492.0	135.64	32.629
8494.0	135.71	32.659
8496.0	135.64	32.659
8498.0	135.58	32.659
8500.0	135.76	32.719
8502.0	135.45	32.659
8504.0	135.26	32.629
8506.0	135.2	32.629
8508.0	135.13	32.629
8510.0	134.82	32.569
8512.0	134.51	32.509
8514.0	134.45	32.509
8516.0	134.14	32.449
8518.0	134.07	32.449
8520.0	134.01	32.449
8522.0	133.95	32.449
8524.0	134.13	32.509
8526.0	134.32	32.569
8528.0	134.25	32.569
8530.0	134.44	32.629
8532.0	134.5	32.659
8534.0	134.68	32.719
8536.0	134.87	32.779
8538.0	134.56	32.719
8540.0	134.49	32.719
8542.0	134.43	32.719
8544.0	134.0	32.629
8546.0	133.69	32.569
8548.0	133.38	32.509
8550.0	132.95	32.419000000000004
8552.0	132.64	32.359
8554.0	132.34	32.3
8556.0	131.91	32.211
8558.0	131.61	32.150999999999996
8560.0	131.18	32.063
8562.0	130.88	32.004
8564.0	130.34	31.886
8566.0	129.92	31.798000000000002
8568.0	129.86	31.798000000000002
8570.0	129.56	31.739
8572.0	129.26	31.680999999999997
8574.0	129.08	31.651999999999997
8576.0	129.02	31.651999999999997
8578.0	128.72	31.594
8580.0	128.66	31.594
8582.0	128.84	31.651999999999997
8584.0	128.78	31.651999999999997
8586.0	128.72	31.651999999999997
8588.0	128.66	31.651999999999997
8590.0	128.6	31.651999999999997
8592.0	128.54	31.651999999999997
8594.0	128.48	31.651999999999997
8596.0	128.42	31.651999999999997
8598.0	128.12	31.594
8600.0	128.06	31.594
8602.0	128.0	31.594
8604.0	127.71	31.535999999999998
8606.0	127.65	31.535999999999998
8608.0	127.35	31.476999999999997
8610.0	127.3	31.476999999999997
8612.0	127.12	31.448
8614.0	127.06	31.448
8616.0	126.77	31.391
8618.0	126.48	31.333000000000002
8620.0	126.42	31.333000000000002
8622.0	126.24	31.304000000000002
8624.0	125.95	31.246
8626.0	125.89	31.246
8628.0	125.6	31.189
8630.0	125.54	31.189
8632.0	125.49	31.189
8634.0	125.43	31.189
8636.0	125.37	31.189
8638.0	125.54	31.246
8640.0	125.49	31.246
8642.0	125.43	31.246
8644.0	125.6	31.304000000000002
8646.0	125.66	31.333000000000002
8648.0	125.83	31.391
8650.0	126.0	31.448
8652.0	126.06	31.476999999999997
8654.0	126.47	31.594
8656.0	126.64	31.651999999999997
8658.0	126.7	31.680999999999997
8660.0	126.88	31.739
8662.0	126.82	31.739
8664.0	126.99	31.798000000000002
8666.0	126.7	31.739
8668.0	126.41	31.680999999999997
8670.0	126.24	31.651999999999997
8672.0	125.95	31.594
8674.0	125.42	31.476999999999997
8676.0	125.25	31.448
8678.0	124.96	31.391
8680.0	124.68	31.333000000000002
8682.0	124.27	31.246
8684.0	123.99	31.189
8686.0	123.7	31.131999999999998
8688.0	123.65	31.131999999999998
8690.0	123.25	31.046
8692.0	122.96	30.988000000000003
8694.0	122.57	30.903000000000002
8696.0	122.51	30.903000000000002
8698.0	122.23	30.846
8700.0	121.95	30.789
8702.0	121.67	30.733
8704.0	121.5	30.704
8706.0	121.22	30.648000000000003
8708.0	121.17	30.648000000000003
8710.0	120.89	30.590999999999998
8712.0	120.72	30.563000000000002
8714.0	120.44	30.506999999999998
8716.0	120.39	30.506999999999998
8718.0	120.33	30.506999999999998
8720.0	120.06	30.451
8722.0	120.0	30.451
8724.0	119.73	30.395
8726.0	119.67	30.395
8728.0	119.62	30.395
8730.0	119.56	30.395
8732.0	119.73	30.451
8734.0	119.67	30.451
8736.0	119.84	30.506999999999998
8738.0	119.78	30.506999999999998
8740.0	119.95	30.563000000000002
8742.0	120.0	30.590999999999998
8744.0	119.95	30.590999999999998
8746.0	119.9	30.590999999999998
8748.0	119.84	30.590999999999998
8750.0	119.79	30.590999999999998
8752.0	119.73	30.590999999999998
8754.0	119.68	30.590999999999998
8756.0	119.51	30.563000000000002
8758.0	119.46	30.563000000000002
8760.0	119.18	30.506999999999998
8762.0	119.13	30.506999999999998
8764.0	118.85	30.451
8766.0	118.8	30.451
8768.0	118.53	30.395
8770.0	118.36	30.366999999999997
8772.0	118.09	30.311
8774.0	117.82	30.255
8776.0	117.77	30.255
8778.0	117.5	30.199
8780.0	117.12	30.116
8782.0	116.85	30.061
8784.0	116.58	30.005
8786.0	116.42	29.978
8788.0	116.16	29.923000000000002
8790.0	116.1	29.923000000000002
8792.0	115.84	29.866999999999997
8794.0	115.78	29.866999999999997
8796.0	115.73	29.866999999999997
8798.0	115.68	29.866999999999997
8800.0	115.63	29.866999999999997
8802.0	115.57	29.866999999999997
8804.0	115.52	29.866999999999997
8806.0	115.68	29.923000000000002
8808.0	115.63	29.923000000000002
8810.0	115.58	29.923000000000002
8812.0	115.52	29.923000000000002
8814.0	115.47	29.923000000000002
8816.0	115.42	29.923000000000002
8818.0	115.37	29.923000000000002
8820.0	115.1	29.866999999999997
8822.0	115.05	29.866999999999997
8824.0	114.79	29.813000000000002
8826.0	114.63	29.785
8828.0	114.58	29.785
8830.0	114.52	29.785
8832.0	114.26	29.73
8834.0	114.21	29.73
8836.0	114.16	29.73
8838.0	114.11	29.73
8840.0	114.06	29.73
8842.0	114.0	29.73
8844.0	113.95	29.73
8846.0	114.11	29.785
8848.0	114.16	29.813000000000002
8850.0	114.32	29.866999999999997
8852.0	114.48	29.923000000000002
8854.0	114.43	29.923000000000002
8856.0	114.59	29.978
8858.0	114.54	29.978
8860.0	114.49	29.978
8862.0	114.43	29.978
8864.0	114.38	29.978
8866.0	114.12	29.923000000000002
8868.0	114.07	29.923000000000002
8870.0	114.02	29.923000000000002
8872.0	113.76	29.866999999999997
8874.0	113.39	29.785
8876.0	113.13	29.73
8878.0	112.87	29.676
8880.0	112.72	29.648000000000003
8882.0	112.46	29.594
8884.0	112.2	29.539
8886.0	111.95	29.485
8888.0	111.9	29.485
8890.0	111.74	29.458000000000002
8892.0	111.49	29.404
8894.0	111.23	29.349
8896.0	111.18	29.349
8898.0	110.93	29.295
8900.0	110.77	29.268
8902.0	110.52	29.215
8904.0	110.47	29.215
8906.0	110.22	29.160999999999998
8908.0	109.97	29.107
8910.0	109.82	29.08
8912.0	109.56	29.026999999999997
8914.0	109.11	28.92
8916.0	108.76	28.84
8918.0	108.51	28.787
8920.0	108.17	28.708000000000002
8922.0	107.92	28.655
8924.0	107.67	28.601999999999997
8926.0	107.52	28.576
8928.0	107.28	28.523000000000003
8930.0	107.03	28.471
8932.0	106.79	28.418000000000003
8934.0	106.64	28.392
8936.0	106.4	28.34
8938.0	106.15	28.288
8940.0	105.81	28.21
8942.0	105.57	28.158
8944.0	105.14	28.054000000000002
8946.0	104.99	28.028000000000002
8948.0	104.56	27.925
8950.0	104.42	27.9
8952.0	104.18	27.848000000000003
8954.0	104.13	27.848000000000003
8956.0	104.09	27.848000000000003
8958.0	104.04	27.848000000000003
8960.0	103.99	27.848000000000003
8962.0	103.95	27.848000000000003
8964.0	103.9	27.848000000000003
8966.0	103.85	27.848000000000003
8968.0	103.81	27.848000000000003
8970.0	103.76	27.848000000000003
8972.0	103.91	27.9
8974.0	103.96	27.925
8976.0	103.91	27.925
8978.0	103.86	27.925
8980.0	103.82	27.925
8982.0	103.48	27.848000000000003
8984.0	103.44	27.848000000000003
8986.0	103.2	27.796999999999997
8988.0	103.16	27.796999999999997
8990.0	103.11	27.796999999999997
8992.0	103.06	27.796999999999997
8994.0	103.02	27.796999999999997
8996.0	103.16	27.848000000000003
8998.0	103.12	27.848000000000003
9000.0	103.07	27.848000000000003
9002.0	103.21	27.9
9004.0	103.17	27.9
9006.0	103.12	27.9
9008.0	102.89	27.848000000000003
9010.0	102.84	27.848000000000003
9012.0	102.8	27.848000000000003
9014.0	102.75	27.848000000000003
9016.0	102.71	27.848000000000003
9018.0	102.47	27.796999999999997
9020.0	102.24	27.746
9022.0	102.1	27.72
9024.0	101.68	27.619
9026.0	101.16	27.491999999999997
9028.0	100.75	27.391
9030.0	100.61	27.365
9032.0	100.2	27.265
9034.0	100.06	27.24
9036.0	99.648	27.139
9038.0	99.421	27.089000000000002
9040.0	99.102	27.015
9042.0	98.876	26.965
9044.0	98.65100000000001	26.915
9046.0	98.335	26.840999999999998
9048.0	98.11	26.791999999999998
9050.0	98.06700000000001	26.791999999999998
9052.0	97.84299999999999	26.741999999999997
9054.0	97.8	26.741999999999997
9056.0	97.667	26.718000000000004
9058.0	97.624	26.718000000000004
9060.0	97.671	26.741999999999997
9062.0	97.62799999999999	26.741999999999997
9064.0	97.764	26.791999999999998
9066.0	97.90100000000001	26.840999999999998
9068.0	98.12899999999999	26.915
9070.0	98.26700000000001	26.965
9072.0	98.223	26.965
9074.0	98.361	27.015
9076.0	98.318	27.015
9078.0	98.274	27.015
9080.0	98.412	27.064
9082.0	98.369	27.064
9084.0	98.32600000000001	27.064
9086.0	98.101	27.015
9088.0	98.05799999999999	27.015
9090.0	98.015	27.015
9092.0	97.792	26.965
9094.0	97.569	26.915
9096.0	97.436	26.89
9098.0	97.214	26.840999999999998
9100.0	97.171	26.840999999999998
9102.0	96.95	26.791999999999998
9104.0	96.90700000000001	26.791999999999998
9106.0	96.865	26.791999999999998
9108.0	96.822	26.791999999999998
9110.0	96.78	26.791999999999998
9112.0	96.915	26.840999999999998
9114.0	96.87299999999999	26.840999999999998
9116.0	96.83	26.840999999999998
9118.0	96.788	26.840999999999998
9120.0	96.745	26.840999999999998
9122.0	96.70299999999999	26.840999999999998
9124.0	96.661	26.840999999999998
9126.0	96.441	26.791999999999998
9128.0	96.398	26.791999999999998
9130.0	96.35600000000001	26.791999999999998
9132.0	96.314	26.791999999999998
9134.0	96.272	26.791999999999998
9136.0	96.229	26.791999999999998
9138.0	96.18700000000001	26.791999999999998
9140.0	96.145	26.791999999999998
9142.0	96.103	26.791999999999998
9144.0	96.061	26.791999999999998
9146.0	96.01899999999999	26.791999999999998
9148.0	95.977	26.791999999999998
9150.0	95.935	26.791999999999998
9152.0	95.89299999999999	26.791999999999998
9154.0	95.851	26.791999999999998
9156.0	95.81	26.791999999999998
9158.0	95.944	26.840999999999998
9160.0	95.902	26.840999999999998
9162.0	95.86	26.840999999999998
9164.0	95.818	26.840999999999998
9166.0	95.777	26.840999999999998
9168.0	95.735	26.840999999999998
9170.0	95.51700000000001	26.791999999999998
9172.0	95.475	26.791999999999998
9174.0	95.434	26.791999999999998
9176.0	95.568	26.840999999999998
9178.0	95.70200000000001	26.89
9180.0	95.749	26.915
9182.0	95.708	26.915
9184.0	95.84200000000001	26.965
9186.0	95.801	26.965
9188.0	95.935	27.015
9190.0	95.89299999999999	27.015
9192.0	95.852	27.015
9194.0	95.98700000000001	27.064
9196.0	96.03399999999999	27.089000000000002
9198.0	95.992	27.089000000000002
9200.0	96.12700000000001	27.139
