3200.0	645.24	22.039
3201.0	647.21	22.121
3202.0	648.6	22.182
3203.0	647.6	22.160999999999998
3204.0	646.0	22.121
3205.0	647.39	22.182
3206.0	648.18	22.223000000000003
3207.0	647.77	22.223000000000003
3208.0	647.37	22.223000000000003
3209.0	646.97	22.223000000000003
3210.0	648.35	22.284000000000002
3211.0	649.14	22.325
3212.0	647.54	22.284000000000002
3213.0	646.54	22.264
3214.0	644.95	22.223000000000003
3215.0	644.55	22.223000000000003
3216.0	645.93	22.284000000000002
3217.0	647.92	22.366999999999997
3218.0	647.51	22.366999999999997
3219.0	647.11	22.366999999999997
3220.0	649.69	22.47
3221.0	651.69	22.553
3222.0	654.29	22.656999999999996
3223.0	656.9	22.761
3224.0	656.49	22.761
3225.0	654.28	22.699
3226.0	652.67	22.656999999999996
3227.0	653.46	22.699
3228.0	653.66	22.72
3229.0	654.46	22.761
3230.0	654.06	22.761
3231.0	650.65	22.656999999999996
3232.0	646.07	22.511
3233.0	641.52	22.366999999999997
3234.0	637.0	22.223000000000003
3235.0	640.73	22.366999999999997
3236.0	644.47	22.511
3237.0	645.26	22.553
3238.0	645.46	22.574
3239.0	642.09	22.47
3240.0	638.75	22.366999999999997
3241.0	633.08	22.182
3242.0	628.05	22.019000000000002
3243.0	622.48	21.837
3244.0	619.24	21.737
3245.0	616.58	21.656999999999996
3246.0	616.2	21.656999999999996
3247.0	615.26	21.636999999999997
3248.0	611.49	21.518
3249.0	608.3	21.419
3250.0	605.14	21.320999999999998
3251.0	601.99	21.223000000000003
3252.0	597.75	21.086
3253.0	595.18	21.009
3254.0	593.18	20.951
3255.0	592.81	20.951
3256.0	593.54	20.989
3257.0	594.82	21.046999999999997
3258.0	596.1	21.105999999999998
3259.0	597.93	21.184
3260.0	597.56	21.184
3261.0	597.2	21.184
3262.0	596.83	21.184
3263.0	599.22	21.281
3264.0	601.06	21.36
3265.0	600.7	21.36
3266.0	600.88	21.38
3267.0	598.85	21.320999999999998
3268.0	597.39	21.281
3269.0	597.02	21.281
3270.0	597.76	21.320999999999998
3271.0	596.29	21.281
3272.0	594.83	21.241999999999997
3273.0	592.83	21.184
3274.0	590.29	21.105999999999998
3275.0	587.22	21.009
3276.0	583.09	20.874000000000002
3277.0	580.05	20.778000000000002
3278.0	578.63	20.74
3279.0	577.75	20.721
3280.0	575.27	20.644000000000002
3281.0	573.34	20.587
3282.0	576.69	20.721
3283.0	579.0	20.816
3284.0	577.58	20.778000000000002
3285.0	575.64	20.721
3286.0	574.23	20.682
3287.0	571.77	20.605999999999998
3288.0	569.84	20.549
3289.0	568.45	20.511999999999997
3290.0	568.1	20.511999999999997
3291.0	568.81	20.549
3292.0	569.51	20.587
3293.0	569.69	20.605999999999998
3294.0	570.39	20.644000000000002
3295.0	570.04	20.644000000000002
3296.0	570.75	20.682
3297.0	571.46	20.721
3298.0	571.64	20.74
3299.0	571.29	20.74
3300.0	570.94	20.74
3301.0	569.02	20.682
3302.0	566.59	20.605999999999998
3303.0	566.24	20.605999999999998
3304.0	566.94	20.644000000000002
3305.0	566.6	20.644000000000002
3306.0	564.7	20.587
3307.0	562.28	20.511999999999997
3308.0	560.39	20.455
3309.0	559.02	20.417
3310.0	558.68	20.417
3311.0	558.34	20.417
3312.0	559.04	20.455
3313.0	560.24	20.511999999999997
3314.0	559.91	20.511999999999997
3315.0	559.57	20.511999999999997
3316.0	557.69	20.455
3317.0	555.3	20.38
3318.0	557.02	20.455
3319.0	559.25	20.549
3320.0	562.53	20.682
3321.0	564.78	20.778000000000002
3322.0	567.05	20.874000000000002
3323.0	566.71	20.874000000000002
3324.0	564.81	20.816
3325.0	559.8	20.644000000000002
3326.0	554.34	20.455
3327.0	549.43	20.285999999999998
3328.0	544.07	20.1
3329.0	542.74	20.063
3330.0	542.42	20.063
3331.0	541.09	20.026
3332.0	539.28	19.971
3333.0	539.45	19.989
3334.0	540.12	20.026
3335.0	540.79	20.063
3336.0	540.47	20.063
3337.0	541.63	20.119
3338.0	543.31	20.192999999999998
3339.0	545.49	20.285999999999998
3340.0	545.16	20.285999999999998
3341.0	543.83	20.249000000000002
3342.0	545.52	20.324
3343.0	546.7	20.38
3344.0	547.38	20.417
3345.0	547.05	20.417
3346.0	547.73	20.455
3347.0	548.92	20.511999999999997
3348.0	548.59	20.511999999999997
3349.0	548.26	20.511999999999997
3350.0	546.93	20.474
3351.0	546.1	20.455
3352.0	544.77	20.417
3353.0	545.45	20.455
3354.0	545.12	20.455
3355.0	544.8	20.455
3356.0	543.47	20.417
3357.0	542.15	20.38
3358.0	540.33	20.324
3359.0	541.0	20.361
3360.0	541.18	20.38
3361.0	539.37	20.324
3362.0	535.58	20.192999999999998
3363.0	533.29	20.119
3364.0	531.51	20.063
3365.0	530.21	20.026
3366.0	529.9	20.026
3367.0	530.56	20.063
3368.0	531.22	20.1
3369.0	532.38	20.156
3370.0	534.51	20.249000000000002
3371.0	535.18	20.285999999999998
3372.0	537.33	20.38
3373.0	538.01	20.417
3374.0	536.2	20.361
3375.0	533.92	20.285999999999998
3376.0	532.62	20.249000000000002
3377.0	532.3	20.249000000000002
3378.0	532.97	20.285999999999998
3379.0	534.62	20.361
3380.0	534.3	20.361
3381.0	533.01	20.324
3382.0	532.69	20.324
3383.0	533.84	20.38
3384.0	534.51	20.417
3385.0	532.73	20.361
3386.0	530.45	20.285999999999998
3387.0	529.16	20.249000000000002
3388.0	527.39	20.192999999999998
3389.0	527.08	20.192999999999998
3390.0	526.77	20.192999999999998
3391.0	526.46	20.192999999999998
3392.0	526.15	20.192999999999998
3393.0	524.87	20.156
3394.0	523.59	20.119
3395.0	523.29	20.119
3396.0	524.91	20.192999999999998
3397.0	526.05	20.249000000000002
3398.0	526.71	20.285999999999998
3399.0	527.37	20.324
3400.0	526.09	20.285999999999998
3401.0	524.81	20.249000000000002
3402.0	523.06	20.192999999999998
3403.0	520.35	20.1
3404.0	519.09	20.063
3405.0	516.88	19.989
3406.0	518.48	20.063
3407.0	520.57	20.156
3408.0	521.22	20.192999999999998
3409.0	523.32	20.285999999999998
3410.0	523.01	20.285999999999998
3411.0	521.74	20.249000000000002
3412.0	519.04	20.156
3413.0	515.4	20.026
3414.0	512.74	19.934
3415.0	514.8	20.026
3416.0	516.4	20.1
3417.0	517.52	20.156
3418.0	518.18	20.192999999999998
3419.0	515.49	20.1
3420.0	510.94	19.934
3421.0	509.7	19.898
3422.0	509.4	19.898
3423.0	510.04	19.934
3424.0	510.69	19.971
3425.0	510.39	19.971
3426.0	509.15	19.934
3427.0	507.92	19.898
3428.0	506.22	19.843
3429.0	504.99	19.805999999999997
3430.0	501.46	19.679000000000002
3431.0	498.86	19.588
3432.0	496.74	19.516
3433.0	495.08	19.463
3434.0	494.79	19.463
3435.0	494.5	19.463
3436.0	495.58	19.516
3437.0	498.04	19.625
3438.0	500.04	19.715
3439.0	502.06	19.805999999999997
3440.0	501.77	19.805999999999997
3441.0	500.09	19.750999999999998
3442.0	497.97	19.679000000000002
3443.0	499.51	19.750999999999998
3444.0	499.68	19.77
3445.0	501.24	19.843
3446.0	501.4	19.861
3447.0	499.73	19.805999999999997
3448.0	497.15	19.715
3449.0	495.03	19.643
3450.0	492.47	19.552
3451.0	492.19	19.552
3452.0	491.9	19.552
3453.0	491.62	19.552
3454.0	493.15	19.625
3455.0	493.31	19.643
3456.0	491.67	19.588
3457.0	489.58	19.516
3458.0	488.84	19.498
3459.0	488.56	19.498
3460.0	487.38	19.463
3461.0	486.2	19.427
3462.0	487.71	19.498
3463.0	488.78	19.552
3464.0	487.6	19.516
3465.0	486.87	19.498
3466.0	486.59	19.498
3467.0	486.31	19.498
3468.0	485.13	19.463
3469.0	484.85	19.463
3470.0	483.69	19.427
3471.0	482.51	19.391
3472.0	481.79	19.373
3473.0	480.63	19.337
3474.0	479.47	19.302
3475.0	479.2	19.302
3476.0	478.48	19.284000000000002
3477.0	475.13	19.16
3478.0	470.94	19.002
3479.0	469.8	18.967
3480.0	468.67	18.932000000000002
3481.0	469.26	18.967
3482.0	470.72	19.037
3483.0	470.88	19.055
3484.0	470.18	19.037
3485.0	470.34	19.055
3486.0	471.81	19.125
3487.0	472.84	19.178
3488.0	474.31	19.249000000000002
3489.0	475.36	19.302
3490.0	473.77	19.249000000000002
3491.0	472.63	19.213
3492.0	471.49	19.178
3493.0	471.22	19.178
3494.0	470.52	19.16
3495.0	470.25	19.16
3496.0	469.98	19.16
3497.0	470.14	19.178
3498.0	470.74	19.213
3499.0	471.34	19.249000000000002
3500.0	471.94	19.284000000000002
3501.0	472.1	19.302
3502.0	471.83	19.302
3503.0	470.26	19.249000000000002
3504.0	469.13	19.213
3505.0	468.0	19.178
3506.0	466.44	19.125
3507.0	465.32	19.09
3508.0	465.05	19.09
3509.0	464.79	19.09
3510.0	465.38	19.125
3511.0	465.97	19.16
3512.0	465.71	19.16
3513.0	464.58	19.125
3514.0	463.47	19.09
3515.0	461.92	19.037
3516.0	460.81	19.002
3517.0	459.7	18.967
3518.0	459.44	18.967
3519.0	459.18	18.967
3520.0	459.76	19.002
3521.0	460.78	19.055
3522.0	460.51	19.055
3523.0	460.25	19.055
3524.0	459.99	19.055
3525.0	459.73	19.055
3526.0	459.47	19.055
3527.0	457.94	19.002
3528.0	456.84	18.967
3529.0	455.74	18.932000000000002
3530.0	455.48	18.932000000000002
3531.0	456.06	18.967
3532.0	455.81	18.967
3533.0	454.29	18.915
3534.0	453.2	18.88
3535.0	452.11	18.845
3536.0	451.02	18.811
3537.0	449.52	18.759
3538.0	448.03	18.707
3539.0	447.77	18.707
3540.0	447.93	18.724
3541.0	447.68	18.724
3542.0	447.43	18.724
3543.0	446.76	18.707
3544.0	444.87	18.637999999999998
3545.0	443.39	18.587
3546.0	442.32	18.552
3547.0	442.08	18.552
3548.0	443.05	18.604
3549.0	444.44	18.672
3550.0	443.37	18.637999999999998
3551.0	442.3	18.604
3552.0	442.05	18.604
3553.0	441.4	18.587
3554.0	440.34	18.552
3555.0	440.09	18.552
3556.0	439.84	18.552
3557.0	439.59	18.552
3558.0	439.35	18.552
3559.0	439.91	18.587
3560.0	440.88	18.637999999999998
3561.0	440.63	18.637999999999998
3562.0	441.2	18.672
3563.0	441.76	18.707
3564.0	441.92	18.724
3565.0	441.27	18.707
3566.0	440.21	18.672
3567.0	439.96	18.672
3568.0	439.72	18.672
3569.0	439.47	18.672
3570.0	439.22	18.672
3571.0	438.98	18.672
3572.0	440.75	18.759
3573.0	441.73	18.811
3574.0	442.29	18.845
3575.0	442.05	18.845
3576.0	441.8	18.845
3577.0	441.55	18.845
3578.0	440.49	18.811
3579.0	439.84	18.793
3580.0	437.98	18.724
3581.0	435.72	18.637999999999998
3582.0	434.28	18.587
3583.0	433.24	18.552
3584.0	433.0	18.552
3585.0	432.75	18.552
3586.0	432.51	18.552
3587.0	433.47	18.604
3588.0	434.03	18.637999999999998
3589.0	434.58	18.672
3590.0	435.54	18.724
3591.0	434.1	18.672
3592.0	433.86	18.672
3593.0	432.82	18.637999999999998
3594.0	433.38	18.672
3595.0	432.34	18.637999999999998
3596.0	430.11	18.552
3597.0	428.29	18.484
3598.0	426.87	18.433
3599.0	425.85	18.399
3600.0	424.83	18.365
3601.0	424.2	18.348
3602.0	423.97	18.348
3603.0	423.73	18.348
3604.0	424.67	18.399
3605.0	426.0	18.467
3606.0	426.16	18.484
3607.0	426.71	18.518
3608.0	426.47	18.518
3609.0	425.06	18.467
3610.0	424.04	18.433
3611.0	424.59	18.467
3612.0	424.35	18.467
3613.0	424.12	18.467
3614.0	424.27	18.484
3615.0	423.65	18.467
3616.0	423.41	18.467
3617.0	422.4	18.433
3618.0	421.39	18.399
3619.0	419.22	18.315
3620.0	417.06	18.230999999999998
3621.0	415.3	18.163
3622.0	413.93	18.113
3623.0	412.94	18.08
3624.0	412.71	18.08
3625.0	413.24	18.113
3626.0	414.92	18.197
3627.0	415.84	18.247
3628.0	415.23	18.230999999999998
3629.0	414.24	18.197
3630.0	412.86	18.147000000000002
3631.0	411.12	18.08
3632.0	410.14	18.047
3633.0	409.91	18.047
3634.0	409.69	18.047
3635.0	410.21	18.08
3636.0	409.99	18.08
3637.0	409.01	18.047
3638.0	408.79	18.047
3639.0	409.31	18.08
3640.0	409.84	18.113
3641.0	410.75	18.163
3642.0	411.28	18.197
3643.0	410.3	18.163
3644.0	409.7	18.147000000000002
3645.0	407.97	18.08
3646.0	406.62	18.03
3647.0	405.65	17.997
3648.0	405.43	17.997
3649.0	405.2	17.997
3650.0	405.73	18.03
3651.0	404.76	17.997
3652.0	403.79	17.964000000000002
3653.0	402.46	17.914
3654.0	401.5	17.881
3655.0	400.54	17.848
3656.0	400.32	17.848
3657.0	400.1	17.848
3658.0	399.88	17.848
3659.0	399.66	17.848
3660.0	399.44	17.848
3661.0	399.23	17.848
3662.0	398.28	17.816
3663.0	397.69	17.799
3664.0	396.01	17.734
3665.0	394.7	17.685
3666.0	393.76	17.652
3667.0	392.82	17.62
3668.0	392.61	17.62
3669.0	393.12	17.652
3670.0	393.99	17.701
3671.0	394.5	17.734
3672.0	395.02	17.766
3673.0	394.08	17.734
3674.0	393.13	17.701
3675.0	392.56	17.685
3676.0	392.35	17.685
3677.0	392.13	17.685
3678.0	392.28	17.701
3679.0	392.79	17.734
3680.0	393.3	17.766
3681.0	393.09	17.766
3682.0	393.6	17.799
3683.0	393.38	17.799
3684.0	393.17	17.799
3685.0	392.96	17.799
3686.0	393.11	17.816
3687.0	393.62	17.848
3688.0	392.68	17.816
3689.0	392.47	17.816
3690.0	391.17	17.766
3691.0	389.52	17.701
3692.0	388.24	17.652
3693.0	386.96	17.604
3694.0	385.32	17.539
3695.0	385.12	17.539
3696.0	385.62	17.570999999999998
3697.0	386.12	17.604
3698.0	386.27	17.62
3699.0	385.7	17.604
3700.0	384.78	17.570999999999998
3701.0	385.64	17.62
3702.0	386.85	17.685
3703.0	386.64	17.685
3704.0	385.73	17.652
3705.0	384.45	17.604
3706.0	382.83	17.539
3707.0	381.92	17.507
3708.0	381.72	17.507
3709.0	381.51	17.507
3710.0	381.31	17.507
3711.0	381.1	17.507
3712.0	381.6	17.539
3713.0	382.09	17.570999999999998
3714.0	381.19	17.539
3715.0	380.98	17.539
3716.0	380.07	17.507
3717.0	378.82	17.458
3718.0	377.92	17.426
3719.0	375.98	17.346
3720.0	375.78	17.346
3721.0	376.27	17.378
3722.0	377.8	17.458
3723.0	380.04	17.570999999999998
3724.0	381.59	17.652
3725.0	382.09	17.685
3726.0	382.24	17.701
3727.0	383.44	17.766
3728.0	383.94	17.799
3729.0	383.74	17.799
3730.0	382.83	17.766
3731.0	383.33	17.799
3732.0	383.12	17.799
3733.0	383.27	17.816
3734.0	383.06	17.816
3735.0	382.86	17.816
3736.0	382.3	17.799
3737.0	382.45	17.816
3738.0	384.36	17.914
3739.0	385.93	17.997
3740.0	385.02	17.964000000000002
3741.0	384.81	17.964000000000002
3742.0	383.89	17.930999999999997
3743.0	383.34	17.914
3744.0	383.13	17.914
3745.0	382.93	17.914
3746.0	382.72	17.914
3747.0	381.81	17.881
3748.0	381.61	17.881
3749.0	380.7	17.848
3750.0	380.5	17.848
3751.0	381.0	17.881
3752.0	380.8	17.881
3753.0	379.89	17.848
3754.0	378.99	17.816
3755.0	378.44	17.799
3756.0	377.55	17.766
3757.0	378.04	17.799
3758.0	378.88	17.848
3759.0	379.38	17.881
3760.0	379.18	17.881
3761.0	378.98	17.881
3762.0	378.78	17.881
3763.0	378.57	17.881
3764.0	378.37	17.881
3765.0	378.17	17.881
3766.0	377.28	17.848
3767.0	376.04	17.799
3768.0	374.45	17.734
3769.0	372.54	17.652
3770.0	372.34	17.652
3771.0	372.14	17.652
3772.0	372.63	17.685
3773.0	373.46	17.734
3774.0	374.64	17.799
3775.0	376.17	17.881
3776.0	378.4	17.997
3777.0	380.65	18.113
3778.0	382.21	18.197
3779.0	382.0	18.197
3780.0	381.1	18.163
3781.0	380.9	18.163
3782.0	379.64	18.113
3783.0	379.44	18.113
3784.0	379.24	18.113
3785.0	378.34	18.08
3786.0	377.45	18.047
3787.0	375.52	17.964000000000002
3788.0	374.28	17.914
3789.0	372.02	17.816
3790.0	369.44	17.701
3791.0	367.21	17.604
3792.0	363.32	17.426
3793.0	359.13	17.235
3794.0	355.98	17.092
3795.0	352.53	16.936
3796.0	350.08	16.827
3797.0	348.29	16.749000000000002
3798.0	346.82	16.688
3799.0	345.69	16.642
3800.0	346.46	16.688
3801.0	337.46	16.262999999999998
3802.0	338.53	16.323
3803.0	340.54	16.429000000000002
3804.0	342.56	16.535
3805.0	346.83	16.749000000000002
3806.0	350.5	16.936
3807.0	354.86	17.155
3808.0	359.27	17.378
3809.0	364.75	17.652
3810.0	369.97	17.914
3811.0	374.92	18.163
3812.0	379.59	18.399
3813.0	383.61	18.604
3814.0	387.67	18.811
3815.0	391.41	19.002
3816.0	393.73	19.125
3817.0	395.35	19.213
3818.0	395.14	19.213
3819.0	394.93	19.213
3820.0	392.19	19.09
3821.0	389.46	18.967
3822.0	386.76	18.845
3823.0	384.07	18.724
3824.0	380.35	18.552
3825.0	376.32	18.365
3826.0	371.99	18.163
3827.0	367.03	17.930999999999997
3828.0	362.81	17.734
3829.0	357.64	17.49
3830.0	352.23	17.235
3831.0	346.57	16.967
3832.0	340.7	16.688
3833.0	335.23	16.429000000000002
3834.0	329.85	16.173
3835.0	326.36	16.01
3836.0	323.19	15.864
3837.0	321.84	15.805
3838.0	321.67	15.805
3839.0	323.58	15.907
3840.0	326.11	16.04
3841.0	328.65	16.173
3842.0	330.91	16.293
3843.0	334.41	16.474
3844.0	339.82	16.749000000000002
3845.0	345.64	17.045
3846.0	352.53	17.394000000000002
3847.0	360.56	17.799
3848.0	366.73	18.113
3849.0	373.7	18.467
3850.0	379.4	18.759
3851.0	384.83	19.037
3852.0	389.99	19.302
3853.0	394.11	19.516
3854.0	398.65	19.750999999999998
3855.0	402.14	19.934
3856.0	406.39	20.156
3857.0	409.56	20.324
3858.0	412.38	20.474
3859.0	413.69	20.549
3860.0	414.23	20.587
3861.0	415.16	20.644000000000002
3862.0	415.71	20.682
3863.0	416.65	20.74
3864.0	417.97	20.816
3865.0	418.91	20.874000000000002
3866.0	419.46	20.912
3867.0	419.25	20.912
3868.0	418.26	20.874000000000002
3869.0	416.89	20.816
3870.0	414.76	20.721
3871.0	412.26	20.605999999999998
3872.0	409.03	20.455
3873.0	405.44	20.285999999999998
3874.0	401.51	20.1
3875.0	397.26	19.898
3876.0	393.42	19.715
3877.0	389.97	19.552
3878.0	385.48	19.337
3879.0	380.35	19.09
3880.0	374.24	18.793
3881.0	367.9	18.484
3882.0	361.33	18.163
3883.0	353.25	17.766
3884.0	345.35	17.378
3885.0	337.94	17.014
3886.0	330.38	16.642
3887.0	324.48	16.352999999999998
3888.0	318.98	16.084
3889.0	315.9	15.937000000000001
3890.0	312.55	15.776
3891.0	310.96	15.704
3892.0	309.94	15.66
3893.0	310.64	15.704
3894.0	312.49	15.805
3895.0	315.5	15.966
3896.0	320.32	16.218
3897.0	324.91	16.459
3898.0	330.78	16.765
3899.0	337.07	17.092
3900.0	344.1	17.458
3901.0	351.61	17.848
3902.0	358.3	18.197
3903.0	365.11	18.552
3904.0	371.36	18.88
3905.0	377.03	19.178
3906.0	381.73	19.427
3907.0	386.49	19.679000000000002
3908.0	391.3	19.934
3909.0	394.72	20.119
3910.0	398.54	20.324
3911.0	401.28	20.474
3912.0	404.41	20.644000000000002
3913.0	407.57	20.816
3914.0	410.75	20.989
3915.0	413.58	21.145
3916.0	416.81	21.320999999999998
3917.0	417.75	21.38
3918.0	419.07	21.458000000000002
3919.0	419.63	21.498
3920.0	419.81	21.518
3921.0	419.59	21.518
3922.0	419.38	21.518
3923.0	418.78	21.498
3924.0	418.56	21.498
3925.0	418.35	21.498
3926.0	416.6	21.419
3927.0	415.62	21.38
3928.0	414.26	21.320999999999998
3929.0	412.53	21.241999999999997
3930.0	412.32	21.241999999999997
3931.0	412.11	21.241999999999997
3932.0	412.66	21.281
3933.0	413.21	21.320999999999998
3934.0	413.0	21.320999999999998
3935.0	412.03	21.281
3936.0	411.82	21.281
3937.0	412.37	21.320999999999998
3938.0	412.92	21.36
3939.0	411.95	21.320999999999998
3940.0	411.74	21.320999999999998
3941.0	411.53	21.320999999999998
3942.0	411.33	21.320999999999998
3943.0	410.36	21.281
3944.0	409.4	21.241999999999997
3945.0	408.06	21.184
3946.0	405.98	21.086
3947.0	403.91	20.989
3948.0	402.22	20.912
3949.0	400.17	20.816
3950.0	398.13	20.721
3951.0	395.74	20.605999999999998
3952.0	392.63	20.455
3953.0	389.91	20.324
3954.0	385.43	20.1
3955.0	381.35	19.898
3956.0	376.97	19.679000000000002
3957.0	372.64	19.463
3958.0	367.68	19.213
3959.0	361.78	18.915
3960.0	355.33	18.587
3961.0	348.35	18.230999999999998
3962.0	341.5	17.881
3963.0	334.17	17.507
3964.0	327.31	17.155
3965.0	320.28	16.796
3966.0	313.12	16.429000000000002
3967.0	305.56	16.04
3968.0	298.18	15.66
3969.0	291.78	15.332
3970.0	285.26	14.997
3971.0	280.94	14.777000000000001
3972.0	277.72	14.615
3973.0	276.3	14.548
3974.0	276.67	14.575
3975.0	278.32	14.669
3976.0	282.05	14.873
3977.0	286.09	15.094000000000001
3978.0	293.42	15.488
3979.0	300.38	15.864
3980.0	307.51	16.248
3981.0	314.22	16.611
3982.0	320.2	16.936
3983.0	325.69	17.235
3984.0	331.27	17.539
3985.0	336.33	17.816
3986.0	341.78	18.113
3987.0	347.0	18.399
3988.0	351.97	18.672
3989.0	356.36	18.915
3990.0	360.81	19.16
3991.0	364.63	19.373
3992.0	369.52	19.643
3993.0	373.44	19.861
3994.0	378.1	20.119
3995.0	381.76	20.324
3996.0	384.03	20.455
3997.0	386.33	20.587
3998.0	387.91	20.682
3999.0	388.43	20.721
4000.0	389.31	20.778000000000002
4001.0	390.56	20.855
4002.0	391.44	20.912
4003.0	391.97	20.951
4004.0	392.49	20.989
4005.0	392.3	20.989
4006.0	392.1	20.989
4007.0	391.91	20.989
4008.0	392.07	21.009
4009.0	391.88	21.009
4010.0	391.68	21.009
4011.0	391.13	20.989
4012.0	390.21	20.951
4013.0	390.02	20.951
4014.0	389.1	20.912
4015.0	388.91	20.912
4016.0	389.43	20.951
4017.0	389.96	20.989
4018.0	390.84	21.046999999999997
4019.0	391.37	21.086
4020.0	392.25	21.145
4021.0	392.06	21.145
4022.0	391.86	21.145
4023.0	392.39	21.184
4024.0	392.2	21.184
4025.0	391.28	21.145
4026.0	390.37	21.105999999999998
4027.0	389.81	21.086
4028.0	388.19	21.009
4029.0	387.99	21.009
4030.0	387.8	21.009
4031.0	388.32	21.046999999999997
4032.0	388.13	21.046999999999997
4033.0	387.94	21.046999999999997
4034.0	387.75	21.046999999999997
4035.0	387.55	21.046999999999997
4036.0	386.65	21.009
4037.0	386.1	20.989
4038.0	385.2	20.951
4039.0	383.59	20.874000000000002
4040.0	383.4	20.874000000000002
4041.0	383.21	20.874000000000002
4042.0	383.03	20.874000000000002
4043.0	382.84	20.874000000000002
4044.0	382.65	20.874000000000002
4045.0	383.16	20.912
4046.0	383.68	20.951
4047.0	384.55	21.009
4048.0	385.07	21.046999999999997
4049.0	384.17	21.009
4050.0	382.92	20.951
4051.0	382.03	20.912
4052.0	381.14	20.874000000000002
4053.0	379.9	20.816
4054.0	379.01	20.778000000000002
4055.0	378.82	20.778000000000002
4056.0	379.34	20.816
4057.0	379.15	20.816
4058.0	379.66	20.855
4059.0	379.82	20.874000000000002
4060.0	379.29	20.855
4061.0	378.4	20.816
4062.0	377.52	20.778000000000002
4063.0	376.64	20.74
4064.0	376.11	20.721
4065.0	375.92	20.721
4066.0	375.05	20.682
4067.0	374.86	20.682
4068.0	373.99	20.644000000000002
4069.0	372.77	20.587
4070.0	371.22	20.511999999999997
4071.0	370.35	20.474
4072.0	369.83	20.455
4073.0	368.97	20.417
4074.0	368.11	20.38
4075.0	366.92	20.324
4076.0	365.39	20.249000000000002
4077.0	363.53	20.156
4078.0	361.68	20.063
4079.0	359.84	19.971
4080.0	358.34	19.898
4081.0	355.87	19.77
4082.0	353.41	19.643
4083.0	349.99	19.463
4084.0	346.62	19.284000000000002
4085.0	342.95	19.09
4086.0	339.02	18.88
4087.0	335.13	18.672
4088.0	330.67	18.433
4089.0	326.28	18.197
4090.0	321.94	17.964000000000002
4091.0	317.66	17.734
4092.0	312.57	17.458
4093.0	307.0	17.155
4094.0	301.53	16.858
4095.0	295.6	16.535
4096.0	289.8	16.218
4097.0	283.33	15.864
4098.0	277.25	15.530999999999999
4099.0	271.56	15.219000000000001
4100.0	265.74	14.9
4101.0	261.0	14.642000000000001
4102.0	256.82	14.415
4103.0	253.64	14.243
4104.0	251.66	14.138
4105.0	251.07	14.112
4106.0	252.57	14.204
4107.0	254.55	14.322000000000001
4108.0	257.96	14.520999999999999
4109.0	261.67	14.737
4110.0	267.38	15.065999999999999
4111.0	273.23	15.402999999999999
4112.0	279.46	15.762
4113.0	286.09	16.144000000000002
4114.0	291.54	16.459
4115.0	296.54	16.749000000000002
4116.0	301.07	17.014
4117.0	306.24	17.314
4118.0	310.63	17.570999999999998
4119.0	315.38	17.848
4120.0	319.91	18.113
4121.0	324.8	18.399
4122.0	329.46	18.672
4123.0	332.35	18.845
4124.0	334.95	19.002
4125.0	336.34	19.09
4126.0	338.35	19.213
4127.0	339.43	19.284000000000002
4128.0	340.21	19.337
4129.0	341.61	19.427
4130.0	343.65	19.552
4131.0	345.07	19.643
4132.0	345.54	19.679000000000002
4133.0	346.01	19.715
4134.0	346.48	19.750999999999998
4135.0	346.63	19.77
4136.0	347.1	19.805999999999997
4137.0	347.89	19.861
4138.0	348.37	19.898
4139.0	348.2	19.898
4140.0	348.03	19.898
4141.0	347.86	19.898
4142.0	347.7	19.898
4143.0	348.17	19.934
4144.0	348.64	19.971
4145.0	348.47	19.971
4146.0	348.63	19.989
4147.0	347.5	19.934
4148.0	346.69	19.898
4149.0	346.52	19.898
4150.0	345.4	19.843
4151.0	345.24	19.843
4152.0	345.07	19.843
4153.0	344.27	19.805999999999997
4154.0	343.47	19.77
4155.0	343.3	19.77
4156.0	343.14	19.77
4157.0	343.61	19.805999999999997
4158.0	343.44	19.805999999999997
4159.0	343.28	19.805999999999997
4160.0	343.11	19.805999999999997
4161.0	343.58	19.843
4162.0	343.41	19.843
4163.0	343.25	19.843
4164.0	343.08	19.843
4165.0	342.92	19.843
4166.0	343.07	19.861
4167.0	342.9	19.861
4168.0	342.74	19.861
4169.0	342.26	19.843
4170.0	342.1	19.843
4171.0	341.93	19.843
4172.0	341.77	19.843
4173.0	341.6	19.843
4174.0	341.44	19.843
4175.0	341.28	19.843
4176.0	341.11	19.843
4177.0	340.95	19.843
4178.0	340.79	19.843
4179.0	340.94	19.861
4180.0	341.4	19.898
4181.0	341.24	19.898
4182.0	341.08	19.898
4183.0	340.29	19.861
4184.0	339.19	19.805999999999997
4185.0	337.47	19.715
4186.0	336.68	19.679000000000002
4187.0	335.9	19.643
4188.0	336.36	19.679000000000002
4189.0	336.82	19.715
4190.0	337.59	19.77
4191.0	338.68	19.843
4192.0	338.83	19.861
4193.0	338.35	19.843
4194.0	338.19	19.843
4195.0	338.03	19.843
4196.0	337.25	19.805999999999997
4197.0	337.09	19.805999999999997
4198.0	336.93	19.805999999999997
4199.0	336.77	19.805999999999997
4200.0	336.61	19.805999999999997
4201.0	336.45	19.805999999999997
4202.0	335.67	19.77
4203.0	335.51	19.77
4204.0	335.35	19.77
4205.0	334.88	19.750999999999998
4206.0	334.1	19.715
4207.0	333.95	19.715
4208.0	333.79	19.715
4209.0	333.02	19.679000000000002
4210.0	332.86	19.679000000000002
4211.0	332.09	19.643
4212.0	331.93	19.643
4213.0	331.77	19.643
4214.0	331.61	19.643
4215.0	332.07	19.679000000000002
4216.0	331.91	19.679000000000002
4217.0	331.75	19.679000000000002
4218.0	331.59	19.679000000000002
4219.0	332.05	19.715
4220.0	332.5	19.750999999999998
4221.0	332.35	19.750999999999998
4222.0	332.49	19.77
4223.0	332.34	19.77
4224.0	332.79	19.805999999999997
4225.0	332.63	19.805999999999997
4226.0	333.09	19.843
4227.0	332.93	19.843
4228.0	332.78	19.843
4229.0	332.62	19.843
4230.0	332.46	19.843
4231.0	331.08	19.77
4232.0	330.01	19.715
4233.0	329.25	19.679000000000002
4234.0	329.09	19.679000000000002
4235.0	328.33	19.643
4236.0	327.87	19.625
4237.0	327.12	19.588
4238.0	326.36	19.552
4239.0	325.61	19.516
4240.0	325.15	19.498
4241.0	325.0	19.498
4242.0	324.25	19.463
4243.0	323.5	19.427
4244.0	323.35	19.427
4245.0	323.2	19.427
4246.0	323.04	19.427
4247.0	323.49	19.463
4248.0	323.33	19.463
4249.0	323.78	19.498
4250.0	323.63	19.498
4251.0	323.77	19.516
4252.0	323.62	19.516
4253.0	323.47	19.516
4254.0	323.02	19.498
4255.0	322.86	19.498
4256.0	322.12	19.463
4257.0	321.97	19.463
4258.0	321.23	19.427
4259.0	321.07	19.427
4260.0	320.92	19.427
4261.0	320.18	19.391
4262.0	319.74	19.373
4263.0	319.59	19.373
4264.0	319.44	19.373
4265.0	319.29	19.373
4266.0	319.14	19.373
4267.0	318.99	19.373
4268.0	318.84	19.373
4269.0	318.69	19.373
4270.0	318.54	19.373
4271.0	317.81	19.337
4272.0	317.66	19.337
4273.0	316.92	19.302
4274.0	315.9	19.249000000000002
4275.0	315.75	19.249000000000002
4276.0	315.61	19.249000000000002
4277.0	314.88	19.213
4278.0	314.73	19.213
4279.0	313.72	19.16
4280.0	312.99	19.125
4281.0	312.27	19.09
4282.0	311.55	19.055
4283.0	311.98	19.09
4284.0	312.41	19.125
4285.0	312.26	19.125
4286.0	312.12	19.125
4287.0	311.4	19.09
4288.0	310.68	19.055
4289.0	309.68	19.002
4290.0	309.53	19.002
4291.0	309.39	19.002
4292.0	308.67	18.967
4293.0	307.68	18.915
4294.0	306.97	18.88
4295.0	305.42	18.793
4296.0	304.15	18.724
4297.0	303.17	18.672
4298.0	302.47	18.637999999999998
4299.0	301.78	18.604
4300.0	301.36	18.587
4301.0	301.22	18.587
4302.0	300.52	18.552
4303.0	300.38	18.552
4304.0	300.24	18.552
4305.0	299.55	18.518
4306.0	298.86	18.484
4307.0	298.45	18.467
4308.0	297.76	18.433
4309.0	297.08	18.399
4310.0	296.39	18.365
4311.0	295.98	18.348
4312.0	295.3	18.315
4313.0	295.16	18.315
4314.0	294.48	18.281
4315.0	293.53	18.230999999999998
4316.0	292.86	18.197
4317.0	292.18	18.163
4318.0	291.78	18.147000000000002
4319.0	291.11	18.113
4320.0	289.1	17.997
4321.0	287.11	17.881
4322.0	285.13	17.766
4323.0	282.65	17.62
4324.0	280.7	17.507
4325.0	278.0	17.346
4326.0	275.58	17.203
4327.0	272.42	17.014
4328.0	269.31	16.827
4329.0	265.0	16.565
4330.0	260.52	16.293
4331.0	255.89	16.01
4332.0	251.33	15.732999999999999
4333.0	245.72	15.389000000000001
4334.0	240.46	15.065999999999999
4335.0	234.66	14.71
4336.0	229.0	14.360999999999999
4337.0	223.48	14.022
4338.0	218.49	13.715
4339.0	214.21	13.452
4340.0	210.98	13.255999999999998
4341.0	208.18	13.085999999999999
4342.0	207.13	13.026
4343.0	206.08	12.966
4344.0	207.7	13.074000000000002
4345.0	209.53	13.195
4346.0	212.15	13.366
4347.0	215.8	13.602
4348.0	219.5	13.842
4349.0	224.1	14.138
4350.0	228.58	14.427999999999999
4351.0	233.37	14.737
4352.0	238.47	15.065999999999999
4353.0	242.57	15.332
4354.0	247.2	15.630999999999998
4355.0	250.98	15.878
4356.0	255.06	16.144000000000002
4357.0	258.49	16.368
4358.0	262.21	16.611
4359.0	265.49	16.827
4360.0	268.81	17.045
4361.0	271.17	17.203
4362.0	273.81	17.378
4363.0	275.71	17.507
4364.0	277.36	17.62
4365.0	279.03	17.734
4366.0	280.19	17.816
4367.0	281.61	17.914
4368.0	282.26	17.964000000000002
4369.0	283.44	18.047
4370.0	283.83	18.08
4371.0	283.7	18.08
4372.0	284.62	18.147000000000002
4373.0	285.27	18.197
4374.0	285.67	18.230999999999998
4375.0	286.33	18.281
4376.0	286.72	18.315
4377.0	286.59	18.315
4378.0	286.99	18.348
4379.0	286.86	18.348
4380.0	287.52	18.399
4381.0	287.39	18.399
4382.0	287.79	18.433
4383.0	288.19	18.467
4384.0	288.06	18.467
4385.0	288.19	18.484
4386.0	288.59	18.518
4387.0	288.46	18.518
4388.0	287.8	18.484
4389.0	287.4	18.467
4390.0	286.21	18.399
4391.0	285.29	18.348
4392.0	285.16	18.348
4393.0	284.51	18.315
4394.0	284.91	18.348
4395.0	285.56	18.399
4396.0	286.49	18.467
4397.0	287.15	18.518
4398.0	287.02	18.518
4399.0	286.89	18.518
4400.0	286.76	18.518
4401.0	285.84	18.467
4402.0	285.18	18.433
4403.0	285.05	18.433
4404.0	284.92	18.433
4405.0	284.79	18.433
4406.0	285.19	18.467
4407.0	284.53	18.433
4408.0	284.41	18.433
4409.0	283.75	18.399
4410.0	282.84	18.348
4411.0	282.19	18.315
4412.0	281.55	18.281
4413.0	281.42	18.281
4414.0	280.77	18.247
4415.0	280.65	18.247
4416.0	281.04	18.281
4417.0	280.91	18.281
4418.0	280.27	18.247
4419.0	280.14	18.247
4420.0	280.01	18.247
4421.0	279.88	18.247
4422.0	279.76	18.247
4423.0	279.63	18.247
4424.0	279.25	18.230999999999998
4425.0	279.12	18.230999999999998
4426.0	278.48	18.197
4427.0	277.84	18.163
4428.0	277.72	18.163
4429.0	277.34	18.147000000000002
4430.0	276.7	18.113
4431.0	276.58	18.113
4432.0	275.94	18.08
4433.0	276.33	18.113
4434.0	276.2	18.113
4435.0	276.08	18.113
4436.0	276.46	18.147000000000002
4437.0	276.34	18.147000000000002
4438.0	276.21	18.147000000000002
4439.0	275.58	18.113
4440.0	275.46	18.113
4441.0	275.33	18.113
4442.0	275.72	18.147000000000002
4443.0	275.59	18.147000000000002
4444.0	275.47	18.147000000000002
4445.0	275.6	18.163
4446.0	274.71	18.113
4447.0	274.59	18.113
4448.0	273.96	18.08
4449.0	273.84	18.08
4450.0	273.21	18.047
4451.0	273.09	18.047
4452.0	272.97	18.047
4453.0	273.35	18.08
4454.0	273.22	18.08
4455.0	273.61	18.113
4456.0	273.99	18.147000000000002
4457.0	273.36	18.113
4458.0	273.24	18.113
4459.0	273.11	18.113
4460.0	272.99	18.113
4461.0	272.87	18.113
4462.0	272.75	18.113
4463.0	272.63	18.113
4464.0	272.0	18.08
4465.0	271.88	18.08
4466.0	271.26	18.047
4467.0	271.14	18.047
4468.0	270.77	18.03
4469.0	270.64	18.03
4470.0	270.03	17.997
4471.0	269.9	17.997
4472.0	269.78	17.997
4473.0	269.17	17.964000000000002
4474.0	268.3	17.914
4475.0	267.2	17.848
4476.0	266.59	17.816
4477.0	266.22	17.799
4478.0	266.1	17.799
4479.0	265.98	17.799
4480.0	265.87	17.799
4481.0	265.99	17.816
4482.0	265.87	17.816
4483.0	265.51	17.799
4484.0	264.9	17.766
4485.0	264.79	17.766
4486.0	264.18	17.734
4487.0	264.06	17.734
4488.0	263.95	17.734
4489.0	263.34	17.701
4490.0	262.98	17.685
4491.0	262.87	17.685
4492.0	262.26	17.652
4493.0	262.15	17.652
4494.0	262.03	17.652
4495.0	261.92	17.652
4496.0	262.28	17.685
4497.0	262.16	17.685
4498.0	262.29	17.701
4499.0	262.17	17.701
4500.0	261.81	17.685
4501.0	261.7	17.685
4502.0	261.1	17.652
4503.0	260.99	17.652
4504.0	260.87	17.652
4505.0	260.27	17.62
4506.0	259.92	17.604
4507.0	259.8	17.604
4508.0	259.69	17.604
4509.0	259.57	17.604
4510.0	259.46	17.604
4511.0	259.34	17.604
4512.0	259.23	17.604
4513.0	258.64	17.570999999999998
4514.0	258.52	17.570999999999998
4515.0	258.41	17.570999999999998
4516.0	258.29	17.570999999999998
4517.0	258.18	17.570999999999998
4518.0	258.06	17.570999999999998
4519.0	257.95	17.570999999999998
4520.0	257.84	17.570999999999998
4521.0	257.72	17.570999999999998
4522.0	258.08	17.604
4523.0	258.21	17.62
4524.0	258.09	17.62
4525.0	257.98	17.62
4526.0	257.86	17.62
4527.0	257.75	17.62
4528.0	257.64	17.62
4529.0	257.52	17.62
4530.0	257.41	17.62
4531.0	257.29	17.62
4532.0	257.18	17.62
4533.0	257.07	17.62
4534.0	256.95	17.62
4535.0	256.13	17.570999999999998
4536.0	255.55	17.539
4537.0	254.97	17.507
4538.0	254.85	17.507
4539.0	254.04	17.458
4540.0	253.93	17.458
4541.0	253.81	17.458
4542.0	253.7	17.458
4543.0	254.06	17.49
4544.0	254.18	17.507
4545.0	254.07	17.507
4546.0	253.96	17.507
4547.0	253.85	17.507
4548.0	253.73	17.507
4549.0	253.62	17.507
4550.0	253.51	17.507
4551.0	253.4	17.507
4552.0	253.29	17.507
4553.0	253.18	17.507
4554.0	252.83	17.49
4555.0	252.26	17.458
4556.0	251.68	17.426
4557.0	251.11	17.394000000000002
4558.0	250.77	17.378
4559.0	250.2	17.346
4560.0	250.09	17.346
4561.0	249.52	17.314
4562.0	249.41	17.314
4563.0	249.3	17.314
4564.0	248.73	17.282
4565.0	248.62	17.282
4566.0	248.28	17.266
4567.0	248.18	17.266
4568.0	248.3	17.282
4569.0	248.19	17.282
4570.0	248.08	17.282
4571.0	248.43	17.314
4572.0	248.32	17.314
4573.0	248.21	17.314
4574.0	247.42	17.266
4575.0	246.85	17.235
4576.0	246.29	17.203
4577.0	246.18	17.203
4578.0	246.08	17.203
4579.0	246.88	17.266
4580.0	246.77	17.266
4581.0	246.21	17.235
4582.0	246.1	17.235
4583.0	245.54	17.203
4584.0	245.21	17.187
4585.0	244.65	17.155
4586.0	244.54	17.155
4587.0	243.98	17.124000000000002
4588.0	243.88	17.124000000000002
4589.0	243.77	17.124000000000002
4590.0	243.22	17.092
4591.0	242.89	17.077
4592.0	242.34	17.045
4593.0	242.23	17.045
4594.0	241.68	17.014
4595.0	241.57	17.014
4596.0	241.91	17.045
4597.0	242.25	17.077
4598.0	242.15	17.077
4599.0	242.04	17.077
4600.0	241.49	17.045
4601.0	241.39	17.045
4602.0	240.4	16.982
4603.0	239.63	16.936
4604.0	239.08	16.904
4605.0	238.98	16.904
4606.0	239.32	16.936
4607.0	239.65	16.967
4608.0	239.11	16.936
4609.0	238.56	16.904
4610.0	237.8	16.858
4611.0	237.7	16.858
4612.0	237.16	16.827
4613.0	237.5	16.858
4614.0	237.39	16.858
4615.0	237.51	16.873
4616.0	237.84	16.904
4617.0	237.74	16.904
4618.0	237.64	16.904
4619.0	237.53	16.904
4620.0	237.43	16.904
4621.0	237.33	16.904
4622.0	237.22	16.904
4623.0	236.69	16.873
4624.0	236.58	16.873
4625.0	236.48	16.873
4626.0	236.38	16.873
4627.0	236.28	16.873
4628.0	235.96	16.858
4629.0	234.99	16.796
4630.0	234.45	16.765
4631.0	234.14	16.749000000000002
4632.0	233.61	16.719
4633.0	233.51	16.719
4634.0	233.4	16.719
4635.0	233.3	16.719
4636.0	233.2	16.719
4637.0	233.1	16.719
4638.0	233.0	16.719
4639.0	232.9	16.719
4640.0	232.8	16.719
4641.0	232.27	16.688
4642.0	231.53	16.642
4643.0	231.86	16.672
4644.0	231.76	16.672
4645.0	231.87	16.688
4646.0	232.2	16.719
4647.0	232.1	16.719
4648.0	232.43	16.749000000000002
4649.0	232.33	16.749000000000002
4650.0	232.23	16.749000000000002
4651.0	232.13	16.749000000000002
4652.0	232.03	16.749000000000002
4653.0	231.93	16.749000000000002
4654.0	231.4	16.719
4655.0	230.88	16.688
4656.0	230.78	16.688
4657.0	230.68	16.688
4658.0	230.58	16.688
4659.0	230.48	16.688
4660.0	230.17	16.672
4661.0	229.23	16.611
4662.0	228.7	16.581
4663.0	228.4	16.565
4664.0	228.3	16.565
4665.0	228.41	16.581
4666.0	229.16	16.642
4667.0	229.06	16.642
4668.0	228.96	16.642
4669.0	228.86	16.642
4670.0	229.19	16.672
4671.0	228.67	16.642
4672.0	228.15	16.611
4673.0	228.05	16.611
4674.0	227.95	16.611
4675.0	227.85	16.611
4676.0	227.76	16.611
4677.0	227.24	16.581
4678.0	226.52	16.535
4679.0	225.38	16.459
4680.0	224.45	16.398
4681.0	223.74	16.352999999999998
4682.0	223.64	16.352999999999998
4683.0	223.55	16.352999999999998
4684.0	223.45	16.352999999999998
4685.0	223.36	16.352999999999998
4686.0	223.26	16.352999999999998
4687.0	222.76	16.323
4688.0	222.66	16.323
4689.0	222.57	16.323
4690.0	222.47	16.323
4691.0	222.79	16.352999999999998
4692.0	222.9	16.368
4693.0	223.21	16.398
4694.0	223.12	16.398
4695.0	222.41	16.352999999999998
4696.0	221.9	16.323
4697.0	222.22	16.352999999999998
4698.0	222.33	16.368
4699.0	223.05	16.429000000000002
4700.0	223.37	16.459
4702.0	220.52	16.262999999999998
4704.0	220.34	16.262999999999998
4706.0	219.95	16.248
4708.0	219.76	16.248
4710.0	219.57	16.248
4712.0	219.39	16.248
4714.0	218.8	16.218
4716.0	218.61	16.218
4718.0	218.43	16.218
4720.0	218.24	16.218
4722.0	218.06	16.218
4724.0	218.27	16.248
4726.0	218.09	16.248
4728.0	218.1	16.262999999999998
4730.0	217.92	16.262999999999998
4732.0	217.74	16.262999999999998
4734.0	217.35	16.248
4736.0	216.77	16.218
4738.0	216.59	16.218
4740.0	216.01	16.188
4742.0	215.23	16.144000000000002
4744.0	214.65	16.114
4746.0	214.47	16.114
4748.0	213.89	16.084
4750.0	213.12	16.04
4752.0	212.55	16.01
4754.0	212.38	16.01
4756.0	211.81	15.981
4758.0	211.63	15.981
4760.0	211.45	15.981
4762.0	211.08	15.966
4764.0	210.9	15.966
4766.0	210.72	15.966
4768.0	210.55	15.966
4770.0	210.37	15.966
4772.0	210.19	15.966
4774.0	210.02	15.966
4776.0	209.46	15.937000000000001
4778.0	208.9	15.907
4780.0	208.34	15.878
4782.0	207.97	15.864
4784.0	206.65	15.776
4786.0	205.91	15.732999999999999
4788.0	205.17	15.689
4790.0	204.62	15.66
4792.0	204.07	15.630999999999998
4794.0	203.9	15.630999999999998
4796.0	203.73	15.630999999999998
4798.0	203.56	15.630999999999998
4800.0	203.39	15.630999999999998
4802.0	202.85	15.603
4804.0	202.68	15.603
4806.0	202.33	15.588
4808.0	201.79	15.56
4810.0	201.25	15.530999999999999
4812.0	200.71	15.502
4814.0	200.36	15.488
4816.0	199.82	15.46
4818.0	199.29	15.431
4820.0	199.13	15.431
4822.0	198.59	15.402999999999999
4824.0	198.25	15.389000000000001
4826.0	197.72	15.36
4828.0	197.19	15.332
4830.0	196.48	15.29
4832.0	195.06	15.190999999999999
4834.0	193.65	15.094000000000001
4836.0	191.89	14.969000000000001
4838.0	189.97	14.832
4840.0	188.25	14.71
4842.0	186.02	14.548
4844.0	183.49	14.360999999999999
4846.0	181.32	14.204
4848.0	178.52	13.995999999999999
4850.0	175.61	13.777999999999999
4852.0	172.73	13.564
4854.0	169.75	13.341
4856.0	167.29	13.158
4858.0	164.7	12.966
4860.0	162.76	12.823
4862.0	161.28	12.717
4864.0	159.82	12.612
4866.0	159.54	12.600999999999999
4868.0	160.15	12.659
4870.0	160.75	12.717
4872.0	162.26	12.847000000000001
4874.0	164.68	13.05
4876.0	167.15	13.255999999999998
4878.0	169.96	13.49
4880.0	173.13	13.753
4882.0	176.37	14.022
4884.0	178.84	14.23
4886.0	180.68	14.388
4888.0	182.54	14.548
4890.0	183.91	14.669
4892.0	184.61	14.737
4894.0	184.97	14.777000000000001
4896.0	185.5	14.832
4898.0	185.86	14.873
4900.0	186.05	14.9
4902.0	186.24	14.927999999999999
4904.0	186.09	14.927999999999999
4906.0	186.11	14.942
4908.0	186.3	14.969000000000001
4910.0	186.15	14.969000000000001
4912.0	186.34	14.997
4914.0	186.53	15.024000000000001
4916.0	186.55	15.038
4918.0	186.74	15.065999999999999
4920.0	186.59	15.065999999999999
4922.0	186.78	15.094000000000001
4924.0	186.63	15.094000000000001
4926.0	186.48	15.094000000000001
4928.0	186.33	15.094000000000001
4930.0	186.18	15.094000000000001
4932.0	186.03	15.094000000000001
4934.0	185.88	15.094000000000001
4936.0	185.72	15.094000000000001
4938.0	185.57	15.094000000000001
4940.0	185.94	15.136
4942.0	186.13	15.164000000000001
4944.0	185.98	15.164000000000001
4946.0	186.17	15.190999999999999
4948.0	186.02	15.190999999999999
4950.0	185.87	15.190999999999999
4952.0	185.72	15.190999999999999
4954.0	185.23	15.164000000000001
4956.0	185.08	15.164000000000001
4958.0	184.93	15.164000000000001
4960.0	184.78	15.164000000000001
4962.0	184.29	15.136
4964.0	183.64	15.094000000000001
4966.0	183.15	15.065999999999999
4968.0	182.67	15.038
4970.0	182.35	15.024000000000001
4972.0	181.87	14.997
4974.0	181.72	14.997
4976.0	181.24	14.969000000000001
4978.0	181.1	14.969000000000001
4980.0	180.95	14.969000000000001
4982.0	180.81	14.969000000000001
4984.0	180.66	14.969000000000001
4986.0	180.85	14.997
4988.0	181.04	15.024000000000001
4990.0	181.06	15.038
4992.0	181.25	15.065999999999999
4994.0	181.1	15.065999999999999
4996.0	180.96	15.065999999999999
4998.0	180.81	15.065999999999999
5000.0	180.34	15.038
5002.0	180.03	15.024000000000001
5004.0	179.88	15.024000000000001
5006.0	179.41	14.997
5008.0	179.26	14.997
5010.0	178.79	14.969000000000001
5012.0	178.65	14.969000000000001
5014.0	178.18	14.942
5016.0	177.87	14.927999999999999
5018.0	177.4	14.9
5020.0	177.26	14.9
5022.0	176.79	14.873
5024.0	176.65	14.873
5026.0	176.35	14.859000000000002
5028.0	175.89	14.832
5030.0	175.75	14.832
5032.0	175.61	14.832
5034.0	175.14	14.805
5036.0	175.0	14.805
5038.0	174.54	14.777000000000001
5040.0	174.24	14.764000000000001
5042.0	173.79	14.737
5044.0	173.33	14.71
5046.0	172.87	14.682
5048.0	172.74	14.682
5050.0	172.44	14.669
5052.0	172.3	14.669
5054.0	172.17	14.669
5056.0	172.03	14.669
5058.0	171.89	14.669
5060.0	171.76	14.669
5062.0	171.62	14.669
5064.0	171.49	14.669
5066.0	171.04	14.642000000000001
5068.0	170.9	14.642000000000001
5070.0	170.45	14.615
5072.0	170.32	14.615
5074.0	170.18	14.615
5076.0	169.74	14.588
5078.0	169.6	14.588
5080.0	169.47	14.588
5082.0	169.18	14.575
5084.0	169.05	14.575
5086.0	168.91	14.575
5088.0	168.78	14.575
5090.0	168.65	14.575
5092.0	168.52	14.575
5094.0	168.38	14.575
5096.0	168.25	14.575
5098.0	168.12	14.575
5100.0	167.68	14.548
5102.0	167.55	14.548
5104.0	167.11	14.520999999999999
5106.0	166.98	14.520999999999999
5108.0	166.54	14.494000000000002
5110.0	166.26	14.481
5112.0	166.13	14.481
5114.0	165.69	14.454
5116.0	165.56	14.454
5118.0	165.43	14.454
5120.0	165.3	14.454
5122.0	165.17	14.454
5124.0	165.05	14.454
5126.0	164.61	14.427999999999999
5128.0	164.48	14.427999999999999
5130.0	164.36	14.427999999999999
5132.0	164.08	14.415
5134.0	163.95	14.415
5136.0	163.52	14.388
5138.0	163.39	14.388
5140.0	163.27	14.388
5142.0	162.84	14.360999999999999
5144.0	162.71	14.360999999999999
5146.0	162.58	14.360999999999999
5148.0	162.46	14.360999999999999
5150.0	162.18	14.347999999999999
5152.0	162.06	14.347999999999999
5154.0	161.78	14.335
5156.0	161.66	14.335
5158.0	161.38	14.322000000000001
5160.0	161.26	14.322000000000001
5162.0	160.98	14.309000000000001
5164.0	160.71	14.295
5166.0	160.59	14.295
5168.0	160.32	14.282
5170.0	160.19	14.282
5172.0	159.92	14.269
5174.0	159.8	14.269
5176.0	159.53	14.255999999999998
5178.0	159.26	14.243
5180.0	159.13	14.243
5182.0	158.86	14.23
5184.0	158.6	14.217
5186.0	158.47	14.217
5188.0	158.2	14.204
5190.0	158.08	14.204
5192.0	157.82	14.190999999999999
5194.0	157.55	14.177
5196.0	157.43	14.177
5198.0	157.16	14.164000000000001
5200.0	156.9	14.151
5202.0	156.78	14.151
5204.0	156.51	14.138
5206.0	156.25	14.125
5208.0	155.98	14.112
5210.0	155.86	14.112
5212.0	155.46	14.085999999999999
5214.0	155.34	14.085999999999999
5216.0	155.22	14.085999999999999
5218.0	154.81	14.06
5220.0	154.7	14.06
5222.0	154.58	14.06
5224.0	154.46	14.06
5226.0	154.2	14.048
5228.0	153.8	14.022
5230.0	153.4	13.995999999999999
5232.0	153.28	13.995999999999999
5234.0	153.02	13.982999999999999
5236.0	152.9	13.982999999999999
5238.0	152.51	13.957
5240.0	152.39	13.957
5242.0	152.55	13.982999999999999
5244.0	152.16	13.957
5246.0	152.04	13.957
5248.0	151.93	13.957
5250.0	151.53	13.932
5252.0	151.14	13.905999999999999
5254.0	150.61	13.868
5256.0	150.49	13.868
5258.0	150.1	13.842
5260.0	149.99	13.842
5262.0	149.87	13.842
5264.0	149.76	13.842
5266.0	149.64	13.842
5268.0	149.53	13.842
5270.0	149.69	13.868
5272.0	149.58	13.868
5274.0	149.47	13.868
5276.0	149.35	13.868
5278.0	149.24	13.868
5280.0	148.85	13.842
5282.0	148.46	13.815999999999999
5284.0	148.22	13.804
5286.0	147.83	13.777999999999999
5288.0	147.45	13.753
5290.0	147.34	13.753
5292.0	146.95	13.728
5294.0	146.84	13.728
5296.0	146.73	13.728
5298.0	146.49	13.715
5300.0	146.38	13.715
5302.0	146.27	13.715
5304.0	145.89	13.69
5306.0	145.78	13.69
5308.0	145.4	13.665
5310.0	145.15	13.652000000000001
5312.0	144.78	13.627
5314.0	144.67	13.627
5316.0	144.56	13.627
5318.0	144.19	13.602
5320.0	144.08	13.602
5322.0	143.97	13.602
5324.0	143.86	13.602
5326.0	143.49	13.577
5328.0	143.38	13.577
5330.0	143.14	13.564
5332.0	142.77	13.539000000000001
5334.0	142.66	13.539000000000001
5336.0	142.3	13.515
5338.0	142.19	13.515
5340.0	141.82	13.49
5342.0	141.71	13.49
5344.0	141.48	13.477
5346.0	141.11	13.452
5348.0	141.01	13.452
5350.0	140.9	13.452
5352.0	140.8	13.452
5354.0	140.69	13.452
5356.0	140.58	13.452
5358.0	140.48	13.452
5360.0	140.38	13.452
5362.0	140.27	13.452
5364.0	140.17	13.452
5366.0	139.8	13.427999999999999
5368.0	139.7	13.427999999999999
5370.0	139.6	13.427999999999999
5372.0	139.23	13.402999999999999
5374.0	139.13	13.402999999999999
5376.0	138.9	13.390999999999998
5378.0	138.8	13.390999999999998
5380.0	138.69	13.390999999999998
5382.0	138.34	13.366
5384.0	138.23	13.366
5386.0	138.13	13.366
5388.0	138.03	13.366
5390.0	137.67	13.341
5392.0	137.57	13.341
5394.0	137.21	13.317
5396.0	137.11	13.317
5398.0	136.88	13.305
5400.0	136.78	13.305
5402.0	136.68	13.305
5404.0	136.58	13.305
5406.0	136.48	13.305
5408.0	136.38	13.305
5410.0	136.28	13.305
5412.0	136.18	13.305
5414.0	135.83	13.28
5416.0	135.73	13.28
5418.0	135.38	13.255999999999998
5420.0	135.28	13.255999999999998
5422.0	135.18	13.255999999999998
5424.0	134.95	13.243
5426.0	134.85	13.243
5428.0	134.75	13.243
5430.0	134.65	13.243
5432.0	134.31	13.219000000000001
5434.0	134.21	13.219000000000001
5436.0	133.86	13.195
5438.0	133.76	13.195
5440.0	133.67	13.195
5442.0	133.32	13.17
5444.0	133.22	13.17
5446.0	133.0	13.158
5448.0	132.66	13.134
5450.0	132.56	13.134
5452.0	132.47	13.134
5454.0	132.13	13.11
5456.0	132.03	13.11
5458.0	131.93	13.11
5460.0	131.84	13.11
5462.0	131.74	13.11
5464.0	131.64	13.11
5466.0	131.31	13.085999999999999
5468.0	131.21	13.085999999999999
5470.0	130.99	13.074000000000002
5472.0	130.9	13.074000000000002
5474.0	130.56	13.05
5476.0	130.47	13.05
5478.0	130.13	13.026
5480.0	130.03	13.026
5482.0	129.58	12.99
5484.0	129.49	12.99
5486.0	129.15	12.966
5488.0	128.82	12.942
5490.0	128.73	12.942
5492.0	128.63	12.942
5494.0	128.31	12.918
5496.0	128.21	12.918
5498.0	128.12	12.918
5500.0	128.26	12.942
5502.0	128.17	12.942
5504.0	128.07	12.942
5506.0	127.98	12.942
5508.0	127.89	12.942
5510.0	127.8	12.942
5512.0	127.47	12.918
5514.0	127.38	12.918
5516.0	127.28	12.918
5518.0	127.07	12.905999999999999
5520.0	126.98	12.905999999999999
5522.0	126.89	12.905999999999999
5524.0	126.57	12.883
5526.0	126.24	12.859000000000002
5528.0	126.15	12.859000000000002
5530.0	125.94	12.847000000000001
5532.0	125.62	12.823
5534.0	125.53	12.823
5536.0	125.44	12.823
5538.0	125.12	12.8
5540.0	125.03	12.8
5542.0	124.94	12.8
5544.0	124.85	12.8
5546.0	124.76	12.8
5548.0	124.67	12.8
5550.0	124.58	12.8
5552.0	124.49	12.8
5554.0	124.4	12.8
5556.0	124.31	12.8
5558.0	124.22	12.8
5560.0	123.9	12.776
5562.0	123.81	12.776
5564.0	123.72	12.776
5566.0	123.63	12.776
5568.0	123.54	12.776
5570.0	123.46	12.776
5572.0	123.37	12.776
5574.0	123.28	12.776
5576.0	123.19	12.776
5578.0	123.1	12.776
5580.0	123.01	12.776
5582.0	122.81	12.764000000000001
5584.0	122.5	12.741
5586.0	122.41	12.741
5588.0	122.1	12.717
5590.0	122.01	12.717
5592.0	121.92	12.717
5594.0	121.61	12.694
5596.0	121.41	12.682
5598.0	121.33	12.682
5600.0	121.02	12.659
5602.0	120.93	12.659
5604.0	120.62	12.636
5606.0	120.53	12.636
5608.0	120.45	12.636
5610.0	120.14	12.612
5612.0	120.06	12.612
5614.0	119.97	12.612
5616.0	119.89	12.612
5618.0	119.8	12.612
5620.0	119.71	12.612
5622.0	119.52	12.600999999999999
5624.0	119.43	12.600999999999999
5626.0	119.35	12.600999999999999
5628.0	119.05	12.578
5630.0	118.96	12.578
5632.0	118.66	12.555
5634.0	118.57	12.555
5636.0	118.27	12.530999999999999
5638.0	118.08	12.52
5640.0	117.99	12.52
5642.0	117.69	12.497
5644.0	117.61	12.497
5646.0	117.31	12.474
5648.0	117.23	12.474
5650.0	117.14	12.474
5652.0	116.95	12.462
5654.0	116.66	12.439
5656.0	116.57	12.439
5658.0	116.49	12.439
5660.0	116.41	12.439
5662.0	116.33	12.439
5664.0	116.24	12.439
5666.0	116.16	12.439
5668.0	116.08	12.439
5670.0	115.79	12.417
5672.0	115.7	12.417
5674.0	115.62	12.417
5676.0	115.54	12.417
5678.0	115.25	12.394
5680.0	115.17	12.394
5682.0	115.09	12.394
5684.0	114.9	12.382
5686.0	114.61	12.359000000000002
5688.0	114.53	12.359000000000002
5690.0	114.44	12.359000000000002
5692.0	114.36	12.359000000000002
5694.0	114.28	12.359000000000002
5696.0	113.99	12.337
5698.0	113.91	12.337
5700.0	113.83	12.337
5702.0	113.75	12.337
5704.0	113.46	12.314
5706.0	113.28	12.302999999999999
5708.0	113.2	12.302999999999999
5710.0	113.12	12.302999999999999
5712.0	113.04	12.302999999999999
5714.0	112.76	12.28
5716.0	112.68	12.28
5718.0	112.6	12.28
5720.0	112.52	12.28
5722.0	112.23	12.257
5724.0	112.16	12.257
5726.0	111.77	12.224
5728.0	111.69	12.224
5730.0	111.61	12.224
5732.0	111.33	12.200999999999999
5734.0	111.25	12.200999999999999
5736.0	111.17	12.200999999999999
5738.0	111.1	12.200999999999999
5740.0	110.81	12.179
5742.0	110.74	12.179
5744.0	110.66	12.179
5746.0	110.58	12.179
5748.0	110.4	12.167
5750.0	110.33	12.167
5752.0	110.05	12.145
5754.0	109.97	12.145
5756.0	109.89	12.145
5758.0	109.62	12.123
5760.0	109.54	12.123
5762.0	109.46	12.123
5764.0	109.39	12.123
5766.0	109.11	12.1
5768.0	109.04	12.1
5770.0	108.96	12.1
5772.0	108.89	12.1
5774.0	108.71	12.089
5776.0	108.43	12.067
5778.0	108.36	12.067
5780.0	108.08	12.045
5782.0	108.01	12.045
5784.0	107.94	12.045
5786.0	107.66	12.023
5788.0	107.59	12.023
5790.0	107.41	12.012
5792.0	107.14	11.989
5794.0	107.27	12.012
5796.0	107.29	12.023
5798.0	107.22	12.023
5800.0	107.14	12.023
5802.0	107.07	12.023
5804.0	107.0	12.023
5806.0	106.92	12.023
5808.0	106.75	12.012
5810.0	106.48	11.989
5812.0	106.41	11.989
5814.0	106.33	11.989
5816.0	106.06	11.967
5818.0	105.99	11.967
5820.0	105.92	11.967
5822.0	105.85	11.967
5824.0	105.77	11.967
5826.0	105.51	11.945
5828.0	105.43	11.945
5830.0	105.26	11.934000000000001
5832.0	105.19	11.934000000000001
5834.0	104.93	11.912
5836.0	104.85	11.912
5838.0	104.78	11.912
5840.0	104.71	11.912
5842.0	104.64	11.912
5844.0	104.57	11.912
5846.0	104.5	11.912
5848.0	104.43	11.912
5850.0	104.35	11.912
5852.0	104.09	11.89
5854.0	104.02	11.89
5856.0	103.95	11.89
5858.0	103.88	11.89
5860.0	103.81	11.89
5862.0	103.54	11.869000000000002
5864.0	103.47	11.869000000000002
5866.0	103.31	11.857999999999999
5868.0	103.05	11.835999999999999
5870.0	102.98	11.835999999999999
5872.0	102.72	11.814
5874.0	102.55	11.802999999999999
5876.0	102.3	11.780999999999999
5878.0	102.04	11.76
5880.0	101.78	11.738
5882.0	101.62	11.727
5884.0	101.55	11.727
5886.0	101.48	11.727
5888.0	101.22	11.706
5890.0	101.16	11.706
5892.0	101.09	11.706
5894.0	101.02	11.706
5896.0	100.95	11.706
5898.0	101.07	11.727
5900.0	101.0	11.727
5902.0	100.93	11.727
5904.0	100.86	11.727
5906.0	100.79	11.727
5908.0	100.73	11.727
5910.0	100.47	11.706
5912.0	100.4	11.706
5914.0	100.15	11.684000000000001
5916.0	100.08	11.684000000000001
5918.0	99.83200000000001	11.663
5920.0	99.765	11.663
5922.0	99.697	11.663
5924.0	99.63	11.663
5926.0	99.56299999999999	11.663
5928.0	99.49600000000001	11.663
5930.0	99.337	11.652000000000001
5932.0	99.27	11.652000000000001
5934.0	99.20299999999999	11.652000000000001
5936.0	99.137	11.652000000000001
5938.0	98.887	11.630999999999998
5940.0	98.821	11.630999999999998
5942.0	98.572	11.609000000000002
5944.0	98.506	11.609000000000002
5946.0	98.258	11.588
5948.0	98.102	11.577
5950.0	98.036	11.577
5952.0	97.971	11.577
5954.0	97.905	11.577
5956.0	97.839	11.577
5958.0	97.773	11.577
5960.0	97.708	11.577
5962.0	97.64200000000001	11.577
5964.0	97.57700000000001	11.577
5966.0	97.51100000000001	11.577
5968.0	97.446	11.577
5970.0	97.381	11.577
5972.0	97.316	11.577
5974.0	97.071	11.556
5976.0	97.006	11.556
5978.0	96.941	11.556
5980.0	96.698	11.534
5982.0	96.633	11.534
5984.0	96.569	11.534
5986.0	96.32700000000001	11.513
5988.0	96.17399999999999	11.503
5990.0	96.11	11.503
5992.0	96.046	11.503
5994.0	95.98200000000001	11.503
5996.0	95.91799999999999	11.503
5998.0	95.854	11.503
6000.0	95.79	11.503
6002.0	95.726	11.503
6004.0	95.662	11.503
6006.0	95.598	11.503
6008.0	95.535	11.503
6010.0	95.471	11.503
6012.0	95.23200000000001	11.482000000000001
6014.0	95.169	11.482000000000001
6016.0	94.93	11.46
6018.0	94.867	11.46
6020.0	94.804	11.46
6022.0	94.741	11.46
6024.0	94.59100000000001	11.45
6026.0	94.355	11.429
6028.0	94.292	11.429
6030.0	94.229	11.429
6032.0	94.167	11.429
6034.0	94.105	11.429
6036.0	94.042	11.429
6038.0	93.807	11.408
6040.0	93.745	11.408
6042.0	93.68299999999999	11.408
6044.0	93.448	11.387
6046.0	93.38600000000001	11.387
6048.0	93.23899999999999	11.376
6050.0	93.006	11.355
6052.0	92.944	11.355
6054.0	92.883	11.355
6056.0	92.65100000000001	11.334000000000001
6058.0	92.589	11.334000000000001
6060.0	92.52799999999999	11.334000000000001
6062.0	92.46700000000001	11.334000000000001
6064.0	92.406	11.334000000000001
6066.0	92.175	11.314
6068.0	92.03	11.302999999999999
6070.0	91.969	11.302999999999999
6072.0	91.90899999999999	11.302999999999999
6074.0	91.848	11.302999999999999
6076.0	91.619	11.282
6078.0	91.727	11.302999999999999
6080.0	91.667	11.302999999999999
6082.0	91.60700000000001	11.302999999999999
6084.0	91.37799999999999	11.282
6086.0	91.318	11.282
6088.0	91.258	11.282
6090.0	91.198	11.282
6092.0	90.97	11.262
6094.0	90.911	11.262
6096.0	90.684	11.241
6098.0	90.624	11.241
6100.0	90.48200000000001	11.231
6102.0	90.42200000000001	11.231
6104.0	90.197	11.21
6106.0	90.13799999999999	11.21
6108.0	90.079	11.21
6110.0	90.02	11.21
6112.0	89.795	11.189
6114.0	89.73700000000001	11.189
6116.0	89.678	11.189
6118.0	89.619	11.189
6120.0	89.561	11.189
6122.0	89.50200000000001	11.189
6124.0	89.444	11.189
6126.0	89.385	11.189
6128.0	89.162	11.169
6130.0	89.023	11.158
6132.0	88.964	11.158
6134.0	88.90700000000001	11.158
6136.0	88.685	11.138
6138.0	88.62700000000001	11.138
6140.0	88.406	11.117
6142.0	88.34899999999999	11.117
6144.0	88.21	11.107000000000001
6146.0	87.991	11.087
6148.0	87.93299999999999	11.087
6150.0	87.876	11.087
6152.0	87.65799999999999	11.065999999999999
6154.0	87.601	11.065999999999999
6156.0	87.544	11.065999999999999
6158.0	87.48700000000001	11.065999999999999
6160.0	87.43	11.065999999999999
6162.0	87.37299999999999	11.065999999999999
6164.0	87.156	11.046
6166.0	87.09899999999999	11.046
6168.0	87.04299999999999	11.046
6170.0	86.986	11.046
6172.0	86.93	11.046
6174.0	86.79299999999999	11.036
6176.0	86.73700000000001	11.036
6178.0	86.522	11.015
6180.0	86.46600000000001	11.015
6182.0	86.251	10.995
6184.0	86.195	10.995
6186.0	85.98100000000001	10.975
6188.0	85.846	10.965
6190.0	85.633	10.945
6192.0	85.57700000000001	10.945
6194.0	85.365	10.924000000000001
6196.0	85.31	10.924000000000001
6198.0	85.255	10.924000000000001
6200.0	85.04299999999999	10.904000000000002
6202.0	84.988	10.904000000000002
6204.0	84.855	10.894
6206.0	84.8	10.894
6208.0	84.74600000000001	10.894
6210.0	84.691	10.894
6212.0	84.63600000000001	10.894
6214.0	84.58200000000001	10.894
6216.0	84.52799999999999	10.894
6218.0	84.473	10.894
6220.0	84.419	10.894
6222.0	84.209	10.874
6224.0	84.155	10.874
6226.0	84.101	10.874
6228.0	83.89299999999999	10.854000000000001
6230.0	83.839	10.854000000000001
6232.0	83.785	10.854000000000001
6234.0	83.654	10.844000000000001
6236.0	83.446	10.824000000000002
6238.0	83.24	10.804
6240.0	83.186	10.804
6242.0	83.133	10.804
6244.0	82.927	10.785
6246.0	82.874	10.785
6248.0	82.821	10.785
6250.0	82.691	10.775
6252.0	82.639	10.775
6254.0	82.434	10.755
6256.0	82.381	10.755
6258.0	82.32799999999999	10.755
6260.0	82.27600000000001	10.755
6262.0	82.072	10.735
6264.0	82.02	10.735
6266.0	81.96700000000001	10.735
6268.0	81.764	10.715
6270.0	81.712	10.715
6272.0	81.584	10.705
6274.0	81.382	10.686
6276.0	81.181	10.665999999999999
6278.0	80.98	10.645999999999999
6280.0	80.854	10.637
6282.0	80.654	10.617
6284.0	80.602	10.617
6286.0	80.403	10.597000000000001
6288.0	80.352	10.597000000000001
6290.0	80.153	10.578
6292.0	80.028	10.568
6294.0	79.977	10.568
6296.0	79.926	10.568
6298.0	79.875	10.568
6300.0	79.825	10.568
6302.0	79.774	10.568
6304.0	79.72399999999999	10.568
6306.0	79.673	10.568
6308.0	79.623	10.568
6310.0	79.572	10.568
6312.0	79.52199999999999	10.568
6314.0	79.471	10.568
6316.0	79.421	10.568
6318.0	79.37100000000001	10.568
6320.0	79.17399999999999	10.549000000000001
6322.0	79.124	10.549000000000001
6324.0	79.074	10.549000000000001
6326.0	79.024	10.549000000000001
6328.0	78.829	10.529000000000002
6330.0	78.779	10.529000000000002
6332.0	78.73	10.529000000000002
6334.0	78.68	10.529000000000002
6336.0	78.558	10.52
6338.0	78.508	10.52
6340.0	78.459	10.52
6342.0	78.265	10.5
6344.0	78.21600000000001	10.5
6346.0	78.166	10.5
6348.0	78.117	10.5
6350.0	78.068	10.5
6352.0	78.01899999999999	10.5
6354.0	77.97	10.5
6356.0	77.921	10.5
6358.0	77.72800000000001	10.481
6360.0	77.679	10.481
6362.0	77.631	10.481
6364.0	77.582	10.481
6366.0	77.533	10.481
6368.0	77.342	10.462
6370.0	77.293	10.462
6372.0	77.245	10.462
6374.0	77.125	10.452
6376.0	77.077	10.452
6378.0	77.028	10.452
6380.0	76.98	10.452
6382.0	76.932	10.452
6384.0	76.884	10.452
6386.0	76.836	10.452
6388.0	76.78699999999999	10.452
6390.0	76.73899999999999	10.452
6392.0	76.691	10.452
6394.0	76.502	10.433
6396.0	76.454	10.433
6398.0	76.406	10.433
6400.0	76.218	10.414000000000001
6402.0	76.171	10.414000000000001
6404.0	75.983	10.394
6406.0	75.866	10.385
6408.0	75.818	10.385
6410.0	75.632	10.366
6412.0	75.585	10.366
6414.0	75.538	10.366
6416.0	75.351	10.347000000000001
6418.0	75.304	10.347000000000001
6420.0	75.119	10.328
6422.0	75.072	10.328
6424.0	74.956	10.318
6426.0	74.91	10.318
6428.0	74.863	10.318
6430.0	74.817	10.318
6432.0	74.77	10.318
6434.0	74.72399999999999	10.318
6436.0	74.67699999999999	10.318
6438.0	74.631	10.318
6440.0	74.584	10.318
6442.0	74.538	10.318
6444.0	74.355	10.299000000000001
6446.0	74.308	10.299000000000001
6448.0	74.262	10.299000000000001
6450.0	74.08	10.28
6452.0	74.03399999999999	10.28
6454.0	73.852	10.261
6456.0	73.738	10.252
6458.0	73.557	10.232999999999999
6460.0	73.512	10.232999999999999
6462.0	73.331	10.214
6464.0	73.285	10.214
6466.0	73.173	10.205
6468.0	72.993	10.186
6470.0	72.94800000000001	10.186
6472.0	72.903	10.186
6474.0	72.858	10.186
6476.0	72.813	10.186
6478.0	72.634	10.167
6480.0	72.589	10.167
6482.0	72.411	10.148
6484.0	72.29899999999999	10.139
6486.0	72.122	10.12
6488.0	71.945	10.102
6490.0	71.768	10.083
6492.0	71.658	10.074
6494.0	71.482	10.055
6496.0	71.438	10.055
6498.0	71.262	10.037
6500.0	71.218	10.037
6502.0	71.044	10.017999999999999
6504.0	70.935	10.009
6506.0	70.76100000000001	9.9908
6508.0	70.717	9.9908
6510.0	70.544	9.9724
6512.0	70.306	9.9449
6514.0	70.133	9.9266
6516.0	69.89699999999999	9.8992
6518.0	69.725	9.8809
6520.0	69.42699999999999	9.8447
6522.0	69.192	9.8174
6524.0	69.023	9.7994
6526.0	68.79	9.7724
6528.0	68.62100000000001	9.7544
6530.0	68.327	9.7185
6532.0	68.097	9.6917
6534.0	67.743	9.6472
6536.0	67.452	9.6117
6538.0	67.101	9.5675
6540.0	66.62899999999999	9.506
6542.0	66.16	9.4449
6544.0	65.635	9.3756
6546.0	64.933	9.2811
6548.0	64.29899999999999	9.196
6550.0	63.611999999999995	9.1033
6552.0	62.75899999999999	8.9867
6554.0	62.031000000000006	8.8879
6556.0	61.199	8.7741
6558.0	60.321999999999996	8.6536
6560.0	59.623000000000005	8.5585
6562.0	58.986000000000004	8.4723
6564.0	58.409	8.3946
6566.0	57.785	8.31
6568.0	57.591	8.287
6570.0	57.45	8.2718
6572.0	57.415	8.2718
6574.0	57.751000000000005	8.3253
6576.0	58.196000000000005	8.3946
6578.0	58.699	8.4723
6580.0	59.316	8.5664
6582.0	60.16	8.6936
6584.0	60.903	8.8064
6586.0	61.543	8.9043
6588.0	62.18899999999999	9.0033
6590.0	62.842	9.1033
6592.0	63.326	9.1791
6594.0	63.815	9.2555
6596.0	64.248	9.3239
6598.0	64.565	9.3756
6600.0	64.82300000000001	9.4189
6602.0	64.96300000000001	9.4449
6604.0	65.164	9.4798
6606.0	65.425	9.5236
6608.0	65.566	9.5499
6610.0	65.64699999999999	9.5675
6612.0	65.85	9.6029
6614.0	65.992	9.6294
6616.0	66.074	9.6472
6618.0	66.217	9.6739
6620.0	66.298	9.6917
6622.0	66.381	9.7096
6624.0	66.34100000000001	9.7096
6626.0	66.362	9.7185
6628.0	66.322	9.7185
6630.0	66.404	9.7364
6632.0	66.36399999999999	9.7364
6634.0	66.324	9.7364
6636.0	66.28399999999999	9.7364
6638.0	66.122	9.7185
6640.0	66.082	9.7185
6642.0	65.982	9.7096
6644.0	65.942	9.7096
6646.0	65.902	9.7096
6648.0	65.863	9.7096
6650.0	65.82300000000001	9.7096
6652.0	65.66199999999999	9.6917
6654.0	65.623	9.6917
6656.0	65.583	9.6917
6658.0	65.423	9.6739
6660.0	65.384	9.6739
6662.0	65.345	9.6739
6664.0	65.306	9.6739
6666.0	65.266	9.6739
6668.0	65.347	9.6917
6670.0	65.308	9.6917
6672.0	65.26899999999999	9.6917
6674.0	65.35	9.7096
6676.0	65.311	9.7096
6678.0	65.27199999999999	9.7096
6680.0	65.113	9.6917
6682.0	65.074	9.6917
6684.0	65.035	9.6917
6686.0	64.876	9.6739
6688.0	64.83800000000001	9.6739
6690.0	64.79899999999999	9.6739
6692.0	64.70100000000001	9.665
6694.0	64.66199999999999	9.665
6696.0	64.624	9.665
6698.0	64.585	9.665
6700.0	64.546	9.665
6702.0	64.389	9.6472
6704.0	64.351	9.6472
6706.0	64.312	9.6472
6708.0	64.274	9.6472
6710.0	64.236	9.6472
6712.0	64.079	9.6294
6714.0	64.041	9.6294
6716.0	64.003	9.6294
6718.0	63.965	9.6294
6720.0	63.927	9.6294
6722.0	63.888999999999996	9.6294
6724.0	63.733000000000004	9.6117
6726.0	63.695	9.6117
6728.0	63.599	9.6029
6730.0	63.443999999999996	9.5852
6732.0	63.406000000000006	9.5852
6734.0	63.251999999999995	9.5675
6736.0	63.214	9.5675
6738.0	63.177	9.5675
6740.0	63.138999999999996	9.5675
6742.0	63.102	9.5675
6744.0	63.06399999999999	9.5675
6746.0	63.027	9.5675
6748.0	62.99	9.5675
6750.0	62.952	9.5675
6752.0	63.031000000000006	9.5852
6754.0	62.994	9.5852
6756.0	62.957	9.5852
6758.0	62.919	9.5852
6760.0	62.766000000000005	9.5675
6762.0	62.729	9.5675
6764.0	62.692	9.5675
6766.0	62.655	9.5675
6768.0	62.618	9.5675
6770.0	62.581	9.5675
6772.0	62.428999999999995	9.5499
6774.0	62.391999999999996	9.5499
6776.0	62.355	9.5499
6778.0	62.318999999999996	9.5499
6780.0	62.282	9.5499
6782.0	62.188	9.5411
6784.0	62.037	9.5236
6786.0	62.0	9.5236
6788.0	61.964	9.5236
6790.0	61.927	9.5236
6792.0	61.891000000000005	9.5236
6794.0	61.854	9.5236
6796.0	61.818000000000005	9.5236
6798.0	61.781000000000006	9.5236
6800.0	61.745	9.5236
6802.0	61.708999999999996	9.5236
6804.0	61.559	9.506
6806.0	61.523	9.506
6808.0	61.486999999999995	9.506
6810.0	61.338	9.4885
6812.0	61.301	9.4885
6814.0	61.208999999999996	9.4798
6816.0	61.173	9.4798
6818.0	61.137	9.4798
6820.0	60.989	9.4624
6822.0	60.953	9.4624
6824.0	60.805	9.4449
6826.0	60.77	9.4449
6828.0	60.622	9.4276
6830.0	60.531000000000006	9.4189
6832.0	60.496	9.4189
6834.0	60.349	9.4016
6836.0	60.31399999999999	9.4016
6838.0	60.278999999999996	9.4016
6840.0	60.243	9.4016
6842.0	60.208	9.4016
6844.0	60.284	9.4189
6846.0	59.917	9.367
6848.0	59.882	9.367
6850.0	59.792	9.3584
6852.0	59.702	9.3498
6854.0	59.611999999999995	9.3411
6856.0	59.577	9.3411
6858.0	59.486999999999995	9.3325
6860.0	59.398	9.3239
6862.0	59.309	9.3154
6864.0	59.273999999999994	9.3154
6866.0	59.185	9.3068
6868.0	59.096000000000004	9.2982
6870.0	59.062	9.2982
6872.0	58.973	9.2896
6874.0	58.885	9.2811
6876.0	58.85	9.2811
6878.0	58.762	9.2726
6880.0	58.674	9.264
6882.0	58.64	9.264
6884.0	58.552	9.2555
6886.0	58.464	9.247
6888.0	58.43	9.247
6890.0	58.342	9.2385
6892.0	58.308	9.2385
6894.0	58.221000000000004	9.23
6896.0	58.187	9.23
6898.0	58.1	9.2215
6900.0	58.066	9.2215
6902.0	57.979	9.213
6904.0	57.945	9.213
6906.0	57.858000000000004	9.2045
6908.0	57.825	9.2045
6910.0	57.738	9.196
6912.0	57.705	9.196
6914.0	57.618	9.1875
6916.0	57.585	9.1875
6918.0	57.498999999999995	9.1791
6920.0	57.466	9.1791
6922.0	57.431999999999995	9.1791
6924.0	57.346000000000004	9.1706
6926.0	57.313	9.1706
6928.0	57.228	9.1622
6930.0	57.193999999999996	9.1622
6932.0	57.162	9.1622
6934.0	57.076	9.1538
6936.0	57.043	9.1538
6938.0	57.01	9.1538
6940.0	56.977	9.1538
6942.0	56.891999999999996	9.1453
6944.0	56.858999999999995	9.1453
6946.0	56.826	9.1453
6948.0	56.742	9.1369
6950.0	56.708999999999996	9.1369
6952.0	56.468	9.1033
6954.0	56.435	9.1033
6956.0	56.507	9.1201
6958.0	56.475	9.1201
6960.0	56.54600000000001	9.1369
6962.0	56.513999999999996	9.1369
6964.0	56.481	9.1369
6966.0	56.449	9.1369
6968.0	56.416000000000004	9.1369
6970.0	56.38399999999999	9.1369
6972.0	56.248000000000005	9.1201
6974.0	56.216	9.1201
6976.0	56.184	9.1201
6978.0	56.048	9.1033
6980.0	55.964	9.0949
6982.0	55.82899999999999	9.0782
6984.0	55.797	9.0782
6986.0	55.662	9.0615
6988.0	55.631	9.0615
6990.0	55.497	9.0448
6992.0	55.465	9.0448
6994.0	55.382	9.0365
6996.0	55.248999999999995	9.0199
6998.0	55.217	9.0199
7000.0	55.18600000000001	9.0199
7002.0	55.153999999999996	9.0199
7004.0	55.021	9.0033
7006.0	55.091	9.0199
7008.0	55.06	9.0199
7010.0	55.028	9.0199
7012.0	54.997	9.0199
7014.0	55.067	9.0365
7016.0	55.035	9.0365
7018.0	55.055	9.0448
7020.0	55.023	9.0448
7022.0	54.992	9.0448
7024.0	54.961000000000006	9.0448
7026.0	54.928999999999995	9.0448
7028.0	54.898	9.0448
7030.0	54.867	9.0448
7032.0	54.785	9.0365
7034.0	54.754	9.0365
7036.0	54.622	9.0199
7038.0	54.49100000000001	9.0033
7040.0	54.46	9.0033
7042.0	54.32899999999999	8.9867
7044.0	54.248000000000005	8.9784
7046.0	54.117	8.9619
7048.0	53.986999999999995	8.9454
7050.0	53.857	8.9289
7052.0	53.777	8.9207
7054.0	53.648	8.9043
7056.0	53.519	8.8879
7058.0	53.488	8.8879
7060.0	53.458	8.8879
7062.0	53.428000000000004	8.8879
7064.0	53.496	8.9043
7066.0	53.56399999999999	8.9207
7068.0	53.681999999999995	8.9454
7070.0	53.75	8.9619
7072.0	53.818999999999996	8.9784
7074.0	53.838	8.9867
7076.0	53.907	9.0033
7078.0	53.976000000000006	9.0199
7080.0	53.846000000000004	9.0033
7082.0	53.816	9.0033
7084.0	53.68600000000001	8.9867
7086.0	53.607	8.9784
7088.0	53.478	8.9619
7090.0	53.349	8.9454
7092.0	53.221000000000004	8.9289
7094.0	53.141999999999996	8.9207
7096.0	53.013999999999996	8.9043
7098.0	52.79	8.8716
7100.0	52.711000000000006	8.8634
7102.0	52.585	8.8471
7104.0	52.458	8.8308
7106.0	52.38	8.8226
7108.0	52.351000000000006	8.8226
7110.0	52.225	8.8064
7112.0	52.196000000000005	8.8064
7114.0	52.167	8.8064
7116.0	52.137	8.8064
7118.0	52.108000000000004	8.8064
7120.0	52.175	8.8226
7122.0	52.193000000000005	8.8308
7124.0	52.163999999999994	8.8308
7126.0	52.231	8.8471
7128.0	52.202	8.8471
7130.0	52.269	8.8634
7132.0	52.239	8.8634
7134.0	52.21	8.8634
7136.0	52.181000000000004	8.8634
7138.0	52.152	8.8634
7140.0	52.027	8.8471
7142.0	51.997	8.8471
7144.0	51.873000000000005	8.8308
7146.0	51.843	8.8308
7148.0	51.766999999999996	8.8226
7150.0	51.643	8.8064
7152.0	51.614	8.8064
7154.0	51.49	8.7902
7156.0	51.367	8.7741
7158.0	51.29	8.7659
7160.0	51.167	8.7498
7162.0	51.045	8.7337
7164.0	50.875	8.7096
7166.0	50.754	8.6936
7168.0	50.632	8.6776
7170.0	50.464	8.6536
7172.0	50.343	8.6377
7174.0	50.222	8.6218
7176.0	50.193999999999996	8.6218
7178.0	50.028	8.598
7180.0	50.0	8.598
7182.0	49.972	8.598
7184.0	49.943999999999996	8.598
7186.0	49.917	8.598
7188.0	49.981	8.6139
7190.0	49.998999999999995	8.6218
7192.0	49.971000000000004	8.6218
7194.0	49.943999999999996	8.6218
7196.0	49.916000000000004	8.6218
7198.0	49.888000000000005	8.6218
7200.0	49.81399999999999	8.6139
7202.0	49.695	8.598
7204.0	49.668	8.598
7206.0	49.64	8.598
7208.0	49.611999999999995	8.598
7210.0	49.585	8.598
7212.0	49.556999999999995	8.598
7214.0	49.53	8.598
7216.0	49.501999999999995	8.598
7218.0	49.475	8.598
7220.0	49.448	8.598
7222.0	49.511	8.6139
7224.0	49.393	8.598
7226.0	49.365	8.598
7228.0	49.247	8.5822
7230.0	49.22	8.5822
7232.0	49.103	8.5664
7234.0	48.94	8.5428
7236.0	48.913000000000004	8.5428
7238.0	48.79600000000001	8.5271
7240.0	48.678999999999995	8.5114
7242.0	48.607	8.5035
7244.0	48.58	8.5035
7246.0	48.464	8.4879
7248.0	48.438	8.4879
7250.0	48.411	8.4879
7252.0	48.295	8.4723
7254.0	48.269	8.4723
7256.0	48.242	8.4723
7258.0	48.215	8.4723
7260.0	48.18899999999999	8.4723
7262.0	48.162	8.4723
7264.0	48.047	8.4567
7266.0	48.021	8.4567
7268.0	47.994	8.4567
7270.0	47.968	8.4567
7272.0	47.942	8.4567
7274.0	47.871	8.4489
7276.0	47.845	8.4489
7278.0	47.818999999999996	8.4489
7280.0	47.792	8.4489
7282.0	47.766000000000005	8.4489
7284.0	47.652	8.4333
7286.0	47.538000000000004	8.4178
7288.0	47.425	8.4023
7290.0	47.355	8.3946
7292.0	47.242	8.3791
7294.0	47.129	8.3637
7296.0	47.06	8.356
7298.0	46.948	8.3406
7300.0	46.922	8.3406
7302.0	46.81	8.3253
7304.0	46.784	8.3253
7306.0	46.672	8.31
7308.0	46.604	8.3023
7310.0	46.578	8.3023
7312.0	46.553000000000004	8.3023
7314.0	46.528	8.3023
7316.0	46.545	8.31
7318.0	46.605	8.3253
7320.0	46.666000000000004	8.3406
7322.0	46.726000000000006	8.356
7324.0	46.83	8.3791
7326.0	46.803999999999995	8.3791
7328.0	46.865	8.3946
7330.0	46.883	8.4023
7332.0	46.943999999999996	8.4178
7334.0	46.832	8.4023
7336.0	46.806000000000004	8.4023
7338.0	46.781000000000006	8.4023
7340.0	46.711999999999996	8.3946
7342.0	46.68600000000001	8.3946
7344.0	46.575	8.3791
7346.0	46.55	8.3791
7348.0	46.523999999999994	8.3791
7350.0	46.498999999999995	8.3791
7352.0	46.388000000000005	8.3637
7354.0	46.363	8.3637
7356.0	46.295	8.356
7358.0	46.185	8.3406
7360.0	46.16	8.3406
7362.0	46.05	8.3253
7364.0	46.025	8.3253
7366.0	46.0	8.3253
7368.0	45.89	8.31
7370.0	45.865	8.31
7372.0	45.841	8.31
7374.0	45.816	8.31
7376.0	45.875	8.3253
7378.0	45.85	8.3253
7380.0	45.825	8.3253
7382.0	45.801	8.3253
7384.0	45.86	8.3406
7386.0	45.836000000000006	8.3406
7388.0	45.81100000000001	8.3406
7390.0	45.786	8.3406
7392.0	45.845	8.356
7394.0	45.821000000000005	8.356
7396.0	45.711999999999996	8.3406
7398.0	45.687	8.3406
7400.0	45.662	8.3406
7402.0	45.638000000000005	8.3406
7404.0	45.528999999999996	8.3253
7406.0	45.504	8.3253
7408.0	45.396	8.31
7410.0	45.372	8.31
7412.0	45.305	8.3023
7414.0	45.196999999999996	8.287
7416.0	45.173	8.287
7418.0	45.148999999999994	8.287
7420.0	45.041000000000004	8.2718
7422.0	45.016999999999996	8.2718
7424.0	44.993	8.2718
7426.0	44.968999999999994	8.2718
7428.0	44.943999999999996	8.2718
7430.0	44.92	8.2718
7432.0	44.896	8.2718
7434.0	44.788999999999994	8.2566
7436.0	44.765	8.2566
7438.0	44.74100000000001	8.2566
7440.0	44.717	8.2566
7442.0	44.693000000000005	8.2566
7444.0	44.669	8.2566
7446.0	44.727	8.2718
7448.0	44.703	8.2718
7450.0	44.678999999999995	8.2718
7452.0	44.655	8.2718
7454.0	44.631	8.2718
7456.0	44.525	8.2566
7458.0	44.501999999999995	8.2566
7460.0	44.437	8.249
7462.0	44.413000000000004	8.249
7464.0	44.308	8.2338
7466.0	44.284	8.2338
7468.0	44.178999999999995	8.2186
7470.0	44.155	8.2186
7472.0	44.131	8.2186
7474.0	44.026	8.2035
7476.0	44.003	8.2035
7478.0	43.93899999999999	8.1959
7480.0	43.915	8.1959
7482.0	43.891999999999996	8.1959
7484.0	43.788000000000004	8.1808
7486.0	43.763999999999996	8.1808
7488.0	43.74100000000001	8.1808
7490.0	43.717	8.1808
7492.0	43.693999999999996	8.1808
7494.0	43.751000000000005	8.1959
7496.0	43.728	8.1959
7498.0	43.745	8.2035
7500.0	43.722	8.2035
7502.0	43.778999999999996	8.2186
7504.0	43.756	8.2186
7506.0	43.732	8.2186
7508.0	43.708999999999996	8.2186
7510.0	43.605	8.2035
7512.0	43.542	8.1959
7514.0	43.519	8.1959
7516.0	43.415	8.1808
7518.0	43.313	8.1658
7520.0	43.29	8.1658
7522.0	43.147	8.1433
7524.0	43.123999999999995	8.1433
7526.0	43.022	8.1283
7528.0	42.998999999999995	8.1283
7530.0	42.977	8.1283
7532.0	42.875	8.1133
7534.0	42.852	8.1133
7536.0	42.82899999999999	8.1133
7538.0	42.766999999999996	8.1059
7540.0	42.666000000000004	8.0909
7542.0	42.643	8.0909
7544.0	42.62	8.0909
7546.0	42.598	8.0909
7548.0	42.575	8.0909
7550.0	42.474	8.076
7552.0	42.413000000000004	8.0686
7554.0	42.39	8.0686
7556.0	42.32899999999999	8.0612
7558.0	42.306000000000004	8.0612
7560.0	42.245	8.0538
7562.0	42.223	8.0538
7564.0	42.162	8.0464
7566.0	42.101000000000006	8.0389
7568.0	42.078	8.0389
7570.0	42.016999999999996	8.0316
7572.0	41.995	8.0316
7574.0	41.934	8.0242
7576.0	41.912	8.0242
7578.0	41.852	8.0168
7580.0	41.83	8.0168
7582.0	41.769	8.0094
7584.0	41.708	8.002
7586.0	41.68600000000001	8.002
7588.0	41.626000000000005	7.9947
7590.0	41.604	7.9947
7592.0	41.544	7.9873
7594.0	41.522	7.9873
7596.0	41.461999999999996	7.98
7598.0	41.44	7.98
7600.0	41.38	7.9726
7602.0	41.358000000000004	7.9726
7604.0	41.299	7.9652
7606.0	41.277	7.9652
7608.0	41.217	7.9579
7610.0	41.196000000000005	7.9579
7612.0	41.136	7.9506
7614.0	41.115	7.9506
7616.0	41.055	7.9433
7618.0	41.034	7.9433
7620.0	41.012	7.9433
7622.0	40.953	7.936
7624.0	40.931	7.936
7626.0	40.872	7.9287
7628.0	40.851	7.9287
7630.0	40.792	7.9214
7632.0	40.77	7.9214
7634.0	40.711999999999996	7.9141
7636.0	40.69	7.9141
7638.0	40.631	7.9068
7640.0	40.61	7.9068
7642.0	40.589	7.9068
7644.0	40.53	7.8995
7646.0	40.509	7.8995
7648.0	40.451	7.8922
7650.0	40.429	7.8922
7652.0	40.408	7.8922
7654.0	40.35	7.885
7656.0	40.329	7.885
7658.0	40.271	7.8777
7660.0	40.25	7.8777
7662.0	40.229	7.8777
7664.0	40.171	7.8704
7666.0	40.15	7.8704
7668.0	40.092	7.8632
7670.0	40.071	7.8632
7672.0	40.05	7.8632
7674.0	39.992	7.856
7676.0	39.971	7.856
7678.0	39.951	7.856
7680.0	39.893	7.8487
7682.0	39.872	7.8487
7684.0	39.852	7.8487
7686.0	39.794000000000004	7.8415
7688.0	39.773	7.8415
7690.0	39.753	7.8415
7692.0	39.769	7.8487
7694.0	39.675	7.8343
7696.0	39.654	7.8343
7698.0	39.634	7.8343
7700.0	39.54	7.8199
7702.0	39.52	7.8199
7704.0	39.463	7.8127
7706.0	39.442	7.8127
7708.0	39.422	7.8127
7710.0	39.438	7.8199
7712.0	39.417	7.8199
7714.0	39.397	7.8199
7716.0	39.376	7.8199
7718.0	39.356	7.8199
7720.0	39.336	7.8199
7722.0	39.279	7.8127
7724.0	39.187	7.7983
7726.0	39.166	7.7983
7728.0	39.074	7.7839
7730.0	38.982	7.7696
7732.0	38.926	7.7625
7734.0	38.906	7.7625
7736.0	38.814	7.7482
7738.0	38.794000000000004	7.7482
7740.0	38.774	7.7482
7742.0	38.754	7.7482
7744.0	38.734	7.7482
7746.0	38.714	7.7482
7748.0	38.694	7.7482
7750.0	38.674	7.7482
7752.0	38.654	7.7482
7754.0	38.634	7.7482
7756.0	38.543	7.7339
7758.0	38.523	7.7339
7760.0	38.503	7.7339
7762.0	38.483000000000004	7.7339
7764.0	38.393	7.7197
7766.0	38.373000000000005	7.7197
7768.0	38.318000000000005	7.7126
7770.0	38.298	7.7126
7772.0	38.278	7.7126
7774.0	38.188	7.6984
7776.0	38.169000000000004	7.6984
7778.0	38.149	7.6984
7780.0	38.059	7.6842
7782.0	38.04	7.6842
7784.0	38.02	7.6842
7786.0	38.001	7.6842
7788.0	37.946	7.6772
7790.0	37.927	7.6772
7792.0	37.836999999999996	7.663
7794.0	37.818000000000005	7.663
7796.0	37.799	7.663
7798.0	37.779	7.663
7800.0	37.76	7.663
7802.0	37.741	7.663
7804.0	37.652	7.6489
7806.0	37.633	7.6489
7808.0	37.613	7.6489
7810.0	37.525	7.6348
7812.0	37.471	7.6278
7814.0	37.452	7.6278
7816.0	37.364000000000004	7.6138
7818.0	37.345	7.6138
7820.0	37.326	7.6138
7822.0	37.306999999999995	7.6138
7824.0	37.219	7.5998
7826.0	37.268	7.6138
7828.0	37.249	7.6138
7830.0	37.23	7.6138
7832.0	37.211	7.6138
7834.0	37.192	7.6138
7836.0	37.173	7.6138
7838.0	37.154	7.6138
7840.0	37.067	7.5998
7842.0	37.048	7.5998
7844.0	36.961	7.5858
7846.0	36.942	7.5858
7848.0	36.889	7.5788
7850.0	36.803000000000004	7.5648
7852.0	36.784	7.5648
7854.0	36.765	7.5648
7856.0	36.747	7.5648
7858.0	36.728	7.5648
7860.0	36.641999999999996	7.5509
7862.0	36.623000000000005	7.5509
7864.0	36.604	7.5509
7866.0	36.586	7.5509
7868.0	36.567	7.5509
7870.0	36.616	7.5648
7872.0	36.597	7.5648
7874.0	36.579	7.5648
7876.0	36.493	7.5509
7878.0	36.474000000000004	7.5509
7880.0	36.389	7.537
7882.0	36.336999999999996	7.5301
7884.0	36.251999999999995	7.5162
7886.0	36.233000000000004	7.5162
7888.0	36.148	7.5024
7890.0	36.13	7.5024
7892.0	36.045	7.4886
7894.0	36.027	7.4886
7896.0	36.009	7.4886
7898.0	35.99	7.4886
7900.0	35.972	7.4886
7902.0	35.954	7.4886
7904.0	35.936	7.4886
7906.0	35.884	7.4817
7908.0	35.866	7.4817
7910.0	35.848	7.4817
7912.0	35.83	7.4817
7914.0	35.812	7.4817
7916.0	35.728	7.4679
7918.0	35.775999999999996	7.4817
7920.0	35.758	7.4817
7922.0	35.74	7.4817
7924.0	35.722	7.4817
7926.0	35.704	7.4817
7928.0	35.62	7.4679
7930.0	35.668	7.4817
7932.0	35.65	7.4817
7934.0	35.632	7.4817
7936.0	35.614000000000004	7.4817
7938.0	35.596	7.4817
7940.0	35.578	7.4817
7942.0	35.494	7.4679
7944.0	35.477	7.4679
7946.0	35.394	7.4542
7948.0	35.343	7.4473
7950.0	35.26	7.4336
7952.0	35.243	7.4336
7954.0	35.225	7.4336
7956.0	35.207	7.4336
7958.0	35.19	7.4336
7960.0	35.172	7.4336
7962.0	35.154	7.4336
7964.0	35.137	7.4336
7966.0	35.119	7.4336
7968.0	35.101	7.4336
7970.0	35.084	7.4336
7972.0	35.001	7.4199
7974.0	34.984	7.4199
7976.0	34.966	7.4199
7978.0	34.885	7.4063
7980.0	34.835	7.3995
7982.0	34.753	7.3858
7984.0	34.672	7.3722
7986.0	34.655	7.3722
7988.0	34.637	7.3722
7990.0	34.556	7.3587
7992.0	34.507	7.3519
7994.0	34.49	7.3519
7996.0	34.473	7.3519
7998.0	34.455	7.3519
8000.0	34.375	7.3384
8002.0	34.358000000000004	7.3384
8004.0	34.341	7.3384
8006.0	34.323	7.3384
8008.0	34.243	7.3249
8010.0	34.226	7.3249
8012.0	34.209	7.3249
8014.0	34.192	7.3249
8016.0	34.175	7.3249
8018.0	34.095	7.3114
8020.0	34.078	7.3114
8022.0	34.03	7.3047
8024.0	34.013000000000005	7.3047
8026.0	33.996	7.3047
8028.0	33.979	7.3047
8030.0	33.961999999999996	7.3047
8032.0	33.945	7.3047
8034.0	33.959	7.3114
8036.0	33.942	7.3114
8038.0	33.988	7.3249
8040.0	33.909	7.3114
8042.0	33.891999999999996	7.3114
8044.0	33.875	7.3114
8046.0	33.858000000000004	7.3114
8048.0	33.903	7.3249
8050.0	33.887	7.3249
8052.0	33.87	7.3249
8054.0	33.853	7.3249
8056.0	33.899	7.3384
8058.0	33.882	7.3384
8060.0	33.865	7.3384
8062.0	33.848	7.3384
8064.0	33.769	7.3249
8066.0	33.751999999999995	7.3249
8068.0	33.674	7.3114
8070.0	33.626	7.3047
8072.0	33.609	7.3047
8074.0	33.593	7.3047
8076.0	33.514	7.2912
8078.0	33.497	7.2912
8080.0	33.419000000000004	7.2778
8082.0	33.403	7.2778
8084.0	33.385999999999996	7.2778
8086.0	33.308	7.2644
8088.0	33.292	7.2644
8090.0	33.275	7.2644
8092.0	33.259	7.2644
8094.0	33.304	7.2778
8096.0	33.287	7.2778
8098.0	33.271	7.2778
8100.0	33.255	7.2778
8102.0	33.238	7.2778
8104.0	33.222	7.2778
8106.0	33.205	7.2778
8108.0	33.189	7.2778
8110.0	33.173	7.2778
8112.0	33.156	7.2778
8114.0	33.079	7.2644
8116.0	33.032	7.2577
8118.0	33.016	7.2577
8120.0	32.939	7.2444
8122.0	32.923	7.2444
8124.0	32.846	7.231
8126.0	32.799	7.2244
8128.0	32.723	7.2111
8130.0	32.647	7.1978
8132.0	32.571	7.1845
8134.0	32.525	7.1779
8136.0	32.449	7.1647
8138.0	32.373000000000005	7.1516
8140.0	32.357	7.1516
8142.0	32.341	7.1516
8144.0	32.266	7.1384
8146.0	32.25	7.1384
8148.0	32.205	7.1318
8150.0	32.189	7.1318
8152.0	32.173	7.1318
8154.0	32.098	7.1187
8156.0	32.023	7.1056
8158.0	32.008	7.1056
8160.0	31.933000000000003	7.0925
8162.0	31.888	7.086
8164.0	31.872	7.086
8166.0	31.857	7.086
8168.0	31.87	7.0925
8170.0	31.914	7.1056
8172.0	31.898000000000003	7.1056
8174.0	31.881999999999998	7.1056
8176.0	31.866999999999997	7.1056
8178.0	31.851	7.1056
8180.0	31.776999999999997	7.0925
8182.0	31.761999999999997	7.0925
8184.0	31.717	7.086
8186.0	31.643	7.0729
8188.0	31.627	7.0729
8190.0	31.554000000000002	7.0599
8192.0	31.539	7.0599
8194.0	31.523000000000003	7.0599
8196.0	31.508000000000003	7.0599
8198.0	31.491999999999997	7.0599
8200.0	31.476999999999997	7.0599
8202.0	31.52	7.0729
8204.0	31.504	7.0729
8206.0	31.489	7.0729
8208.0	31.531999999999996	7.086
8210.0	31.516	7.086
8212.0	31.53	7.0925
8214.0	31.573	7.1056
8216.0	31.499000000000002	7.0925
8218.0	31.455	7.086
8220.0	31.439	7.086
8222.0	31.366	7.0729
8224.0	31.236	7.0469
8226.0	31.135	7.0275
8228.0	31.061999999999998	7.0145
8230.0	31.018	7.0081
8232.0	30.945999999999998	6.9952
8234.0	30.930999999999997	6.9952
8236.0	30.973000000000003	7.0081
8238.0	30.987	7.0145
8240.0	30.971999999999998	7.0145
8242.0	31.014	7.0275
8244.0	30.999000000000002	7.0275
8246.0	31.041	7.0404
8248.0	31.026	7.0404
8250.0	31.011	7.0404
8252.0	30.996	7.0404
8254.0	30.924	7.0275
8256.0	30.909000000000002	7.0275
8258.0	30.837	7.0145
8260.0	30.794	7.0081
8262.0	30.721999999999998	6.9952
8264.0	30.706999999999997	6.9952
8266.0	30.691999999999997	6.9952
8268.0	30.734	7.0081
8270.0	30.719	7.0081
8272.0	30.648000000000003	6.9952
8274.0	30.633000000000003	6.9952
8276.0	30.618000000000002	6.9952
8278.0	30.546999999999997	6.9823
8280.0	30.476	6.9695
8282.0	30.433000000000003	6.963
8284.0	30.363000000000003	6.9502
8286.0	30.348000000000003	6.9502
8288.0	30.333000000000002	6.9502
8290.0	30.319000000000003	6.9502
8292.0	30.36	6.963
8294.0	30.345	6.963
8296.0	30.331	6.963
8298.0	30.316	6.963
8300.0	30.246	6.9502
8302.0	30.230999999999998	6.9502
8304.0	30.160999999999998	6.9374
8306.0	30.146	6.9374
8308.0	30.131999999999998	6.9374
8310.0	30.116999999999997	6.9374
8312.0	30.048000000000002	6.9247
8314.0	30.005	6.9183
8316.0	29.991	6.9183
8318.0	29.921	6.9056
8320.0	29.851999999999997	6.8929
8322.0	29.783	6.8802
8324.0	29.741	6.8738
8326.0	29.726999999999997	6.8738
8328.0	29.712	6.8738
8330.0	29.726	6.8802
8332.0	29.684	6.8738
8334.0	29.67	6.8738
8336.0	29.655	6.8738
8338.0	29.641	6.8738
8340.0	29.573	6.8612
8342.0	29.558000000000003	6.8612
8344.0	29.599	6.8738
8346.0	29.584	6.8738
8348.0	29.598000000000003	6.8802
8350.0	29.583000000000002	6.8802
8352.0	29.624000000000002	6.8929
8354.0	29.61	6.8929
8356.0	29.595	6.8929
8358.0	29.581	6.8929
8360.0	29.513	6.8802
8362.0	29.499000000000002	6.8802
8364.0	29.485	6.8802
8366.0	29.47	6.8802
8368.0	29.456	6.8802
8370.0	29.441999999999997	6.8802
8372.0	29.428	6.8802
8374.0	29.414	6.8802
8376.0	29.454	6.8929
8378.0	29.44	6.8929
8380.0	29.345	6.8738
8382.0	29.276999999999997	6.8612
8384.0	29.263	6.8612
8386.0	29.195	6.8486
8388.0	29.101	6.8296
8390.0	29.033	6.8171
8392.0	29.019000000000002	6.8171
8394.0	29.059	6.8296
8396.0	29.045	6.8296
8398.0	29.031	6.8296
8400.0	29.070999999999998	6.8423
8402.0	29.084	6.8486
8404.0	29.07	6.8486
8406.0	29.055999999999997	6.8486
8408.0	29.096	6.8612
8410.0	29.081999999999997	6.8612
8412.0	29.122	6.8738
8414.0	29.108	6.8738
8416.0	29.094	6.8738
8418.0	29.026999999999997	6.8612
8420.0	29.013	6.8612
8422.0	28.945999999999998	6.8486
8424.0	28.851999999999997	6.8296
8426.0	28.785999999999998	6.8171
8428.0	28.719	6.8046
8430.0	28.706	6.8046
8432.0	28.613000000000003	6.7858
8434.0	28.599	6.7858
8436.0	28.533	6.7733
8438.0	28.519000000000002	6.7733
8440.0	28.506	6.7733
8442.0	28.491999999999997	6.7733
8444.0	28.531	6.7858
8446.0	28.570999999999998	6.7983
8448.0	28.583000000000002	6.8046
8450.0	28.57	6.8046
8452.0	28.555999999999997	6.8046
8454.0	28.543000000000003	6.8046
8456.0	28.529	6.8046
8458.0	28.516	6.8046
8460.0	28.502	6.8046
8462.0	28.489	6.8046
8464.0	28.475	6.8046
8466.0	28.462	6.8046
8468.0	28.448	6.8046
8470.0	28.435	6.8046
8472.0	28.421999999999997	6.8046
8474.0	28.408	6.8046
8476.0	28.395	6.8046
8478.0	28.381	6.8046
8480.0	28.342	6.7983
8482.0	28.276	6.7858
8484.0	28.263	6.7858
8486.0	28.25	6.7858
8488.0	28.184	6.7733
8490.0	28.223000000000003	6.7858
8492.0	28.261999999999997	6.7983
8494.0	28.275	6.8046
8496.0	28.261	6.8046
8498.0	28.3	6.8171
8500.0	28.287	6.8171
8502.0	28.273000000000003	6.8171
8504.0	28.208000000000002	6.8046
8506.0	28.195	6.8046
8508.0	28.182	6.8046
8510.0	28.090999999999998	6.7858
8512.0	28.076999999999998	6.7858
8514.0	28.064	6.7858
8516.0	27.999000000000002	6.7733
8518.0	27.986	6.7733
8520.0	27.973000000000003	6.7733
8522.0	28.011	6.7858
8524.0	27.998	6.7858
8526.0	27.985	6.7858
8528.0	28.024	6.7983
8530.0	28.035999999999998	6.8046
8532.0	28.075	6.8171
8534.0	28.113000000000003	6.8296
8536.0	28.151999999999997	6.8423
8538.0	28.165	6.8486
8540.0	28.256	6.8738
8542.0	28.268	6.8802
8544.0	28.255	6.8802
8546.0	28.215999999999998	6.8738
8548.0	28.203000000000003	6.8738
8550.0	28.138	6.8612
8552.0	27.995	6.8296
8554.0	27.879	6.8046
8556.0	27.789	6.7858
8558.0	27.674	6.7608
8560.0	27.585	6.7421
8562.0	27.471	6.7174
8564.0	27.381999999999998	6.6988
8566.0	27.319000000000003	6.6865
8568.0	27.230999999999998	6.6681
8570.0	27.168000000000003	6.6558
8572.0	27.105	6.6435
8574.0	27.068	6.6374
8576.0	27.055	6.6374
8578.0	27.043000000000003	6.6374
8580.0	27.03	6.6374
8582.0	27.017	6.6374
8584.0	26.955	6.6252
8586.0	26.943	6.6252
8588.0	26.93	6.6252
8590.0	26.916999999999998	6.6252
8592.0	26.905	6.6252
8594.0	26.892	6.6252
8596.0	26.88	6.6252
8598.0	26.866999999999997	6.6252
8600.0	26.855	6.6252
8602.0	26.793000000000003	6.613
8604.0	26.78	6.613
8606.0	26.719	6.6008
8608.0	26.706	6.6008
8610.0	26.62	6.5826
8612.0	26.608	6.5826
8614.0	26.546999999999997	6.5705
8616.0	26.461	6.5524
8618.0	26.449	6.5524
8620.0	26.436999999999998	6.5524
8622.0	26.424	6.5524
8624.0	26.412	6.5524
8626.0	26.4	6.5524
8628.0	26.388	6.5524
8630.0	26.4	6.5584
8632.0	26.436	6.5705
8634.0	26.424	6.5705
8636.0	26.412	6.5705
8638.0	26.399	6.5705
8640.0	26.386999999999997	6.5705
8642.0	26.375	6.5705
8644.0	26.363000000000003	6.5705
8646.0	26.35	6.5705
8648.0	26.338	6.5705
8650.0	26.326	6.5705
8652.0	26.363000000000003	6.5826
8654.0	26.423000000000002	6.6008
8656.0	26.46	6.613
8658.0	26.545	6.6374
8660.0	26.557	6.6435
8662.0	26.594	6.6558
8664.0	26.631	6.6681
8666.0	26.569000000000003	6.6558
8668.0	26.508000000000003	6.6435
8670.0	26.423000000000002	6.6252
8672.0	26.362	6.613
8674.0	26.229	6.5826
8676.0	26.169	6.5705
8678.0	26.084	6.5524
8680.0	26.024	6.5403
8682.0	26.011999999999997	6.5403
8684.0	25.953000000000003	6.5283
8686.0	25.941	6.5283
8688.0	25.881	6.5163
8690.0	25.845	6.5103
8692.0	25.833000000000002	6.5103
8694.0	25.822	6.5103
8696.0	25.761999999999997	6.4983
8698.0	25.75	6.4983
8700.0	25.691	6.4863
8702.0	25.726999999999997	6.4983
8704.0	25.715	6.4983
8706.0	25.703000000000003	6.4983
8708.0	25.739	6.5103
8710.0	25.726999999999997	6.5103
8712.0	25.715	6.5103
8714.0	25.703000000000003	6.5103
8716.0	25.691	6.5103
8718.0	25.68	6.5103
8720.0	25.62	6.4983
8722.0	25.609	6.4983
8724.0	25.596999999999998	6.4983
8726.0	25.585	6.4983
8728.0	25.574	6.4983
8730.0	25.561999999999998	6.4983
8732.0	25.55	6.4983
8734.0	25.538	6.4983
8736.0	25.526999999999997	6.4983
8738.0	25.515	6.4983
8740.0	25.456	6.4863
8742.0	25.375	6.4685
8744.0	25.316	6.4565
8746.0	25.258000000000003	6.4446
8748.0	25.177	6.4269
8750.0	25.119	6.415
8752.0	25.038	6.3973
8754.0	24.980999999999998	6.3856
8756.0	24.878	6.3621
8758.0	24.843000000000004	6.3562
8760.0	24.785999999999998	6.3445
8762.0	24.729	6.3329
8764.0	24.65	6.3154
8766.0	24.548000000000002	6.2922
8768.0	24.491999999999997	6.2806
8770.0	24.458000000000002	6.2748
8772.0	24.401999999999997	6.2633
8774.0	24.346	6.2517
8776.0	24.38	6.2633
8778.0	24.413	6.2748
8780.0	24.425	6.2806
8782.0	24.504	6.3038
8784.0	24.538	6.3154
8786.0	24.594	6.3329
8788.0	24.629	6.3445
8790.0	24.663	6.3562
8792.0	24.72	6.3738
8794.0	24.754	6.3856
8796.0	24.811	6.4032
8798.0	24.892	6.4269
8800.0	24.88	6.4269
8802.0	24.869	6.4269
8804.0	24.903000000000002	6.4387
8806.0	24.755	6.4032
8808.0	24.676	6.3856
8810.0	24.551	6.3562
8812.0	24.405	6.3212
8814.0	24.326	6.3038
8816.0	24.203000000000003	6.2748
8818.0	24.191999999999997	6.2748
8820.0	24.180999999999997	6.2748
8822.0	24.171	6.2748
8824.0	24.16	6.2748
8826.0	24.149	6.2748
8828.0	24.16	6.2806
8830.0	24.149	6.2806
8832.0	24.138	6.2806
8834.0	24.171999999999997	6.2922
8836.0	24.160999999999998	6.2922
8838.0	24.105	6.2806
8840.0	24.094	6.2806
8842.0	24.083000000000002	6.2806
8844.0	24.05	6.2748
8846.0	24.04	6.2748
8848.0	23.985	6.2633
8850.0	23.864	6.2345
8852.0	23.765	6.2115
8854.0	23.645	6.183
8856.0	23.569000000000003	6.1659
8858.0	23.429000000000002	6.132
8860.0	23.397	6.1263
8862.0	23.343000000000004	6.115
8864.0	23.29	6.1038
8866.0	23.258000000000003	6.0982
8868.0	23.204	6.0869
8870.0	23.194000000000003	6.0869
8872.0	23.183000000000003	6.0869
8874.0	23.173000000000002	6.0869
8876.0	23.162	6.0869
8878.0	23.109	6.0757
8880.0	23.099	6.0757
8882.0	23.046	6.0646
8884.0	23.035999999999998	6.0646
8886.0	22.962	6.0478
8888.0	22.909000000000002	6.0367
8890.0	22.857	6.0256
8892.0	22.846999999999998	6.0256
8894.0	22.836	6.0256
8896.0	22.868000000000002	6.0367
8898.0	22.963	6.0646
8900.0	22.995	6.0757
8902.0	23.090999999999998	6.1038
8904.0	23.23	6.1433
8906.0	23.37	6.183
8908.0	23.467	6.2115
8910.0	23.5	6.223
8912.0	23.489	6.223
8914.0	23.522	6.2345
8916.0	23.425	6.2115
8918.0	23.35	6.1944
8920.0	23.296999999999997	6.183
8922.0	23.285999999999998	6.183
8924.0	23.276	6.183
8926.0	23.221999999999998	6.1716
8928.0	23.212	6.1716
8930.0	23.201999999999998	6.1716
8932.0	23.191	6.1716
8934.0	23.159000000000002	6.1659
8936.0	23.107	6.1546
8938.0	23.096	6.1546
8940.0	23.043000000000003	6.1433
8942.0	22.969	6.1263
8944.0	22.916999999999998	6.115
8946.0	22.865	6.1038
8948.0	22.833000000000002	6.0982
8950.0	22.739	6.0757
8952.0	22.686999999999998	6.0646
8954.0	22.614	6.0478
8956.0	22.521	6.0256
8958.0	22.408	5.9979
8960.0	22.295	5.9703
8962.0	22.142	5.932
8964.0	22.090999999999998	5.9211
8966.0	22.02	5.9047
8968.0	21.93	5.883
8970.0	21.92	5.883
8972.0	21.91	5.883
8974.0	21.941	5.8939
8976.0	21.930999999999997	5.8939
8978.0	22.002	5.9156
8980.0	22.011999999999997	5.9211
8982.0	22.003	5.9211
8984.0	21.932	5.9047
8986.0	21.881999999999998	5.8939
8988.0	21.872	5.8939
8990.0	21.822	5.883
8992.0	21.793000000000003	5.8776
8994.0	21.743000000000002	5.8668
8996.0	21.733	5.8668
8998.0	21.683000000000003	5.856
9000.0	21.614	5.8398
9002.0	21.485	5.8076
9004.0	21.377	5.7809
9006.0	21.23	5.7438
9008.0	21.123	5.7174
9010.0	20.978	5.6807
9012.0	20.910999999999998	5.665
9014.0	20.863000000000003	5.6546
9016.0	20.816	5.6441
9018.0	20.768	5.6338
9020.0	20.74	5.6286
9022.0	20.693	5.6182
9024.0	20.645	5.6079
9026.0	20.598000000000003	5.5976
9028.0	20.531999999999996	5.5821
9030.0	20.561	5.5924
9032.0	20.570999999999998	5.5976
9034.0	20.6	5.6079
9036.0	20.666	5.6286
9038.0	20.715	5.6441
9040.0	20.744	5.6546
9042.0	20.773000000000003	5.665
9044.0	20.783	5.6702
9046.0	20.811999999999998	5.6807
9048.0	20.803	5.6807
9050.0	20.831999999999997	5.6911
9052.0	20.861	5.7016
9054.0	20.871	5.7069
9056.0	20.9	5.7174
9058.0	20.929000000000002	5.728
9060.0	20.959	5.7385
9062.0	20.969	5.7438
9064.0	21.037	5.765
9066.0	21.046999999999997	5.7703
9068.0	21.018	5.765
9070.0	21.009	5.765
9072.0	21.0	5.765
9074.0	20.99	5.765
9076.0	20.980999999999998	5.765
9078.0	20.971999999999998	5.765
9080.0	20.982	5.7703
9082.0	21.011999999999997	5.7809
9084.0	21.041	5.7916
9086.0	21.031999999999996	5.7916
9088.0	21.061	5.8023
9090.0	21.052	5.8023
9092.0	21.101	5.8183
9094.0	21.092	5.8183
9096.0	21.121	5.8291
9098.0	21.17	5.8452
9100.0	21.239	5.8668
9102.0	21.289	5.883
9104.0	21.279	5.883
9106.0	21.309	5.8939
9108.0	21.3	5.8939
9110.0	21.29	5.8939
9112.0	21.281	5.8939
9114.0	21.272	5.8939
9116.0	21.261999999999997	5.8939
9118.0	21.253	5.8939
9120.0	21.205	5.883
9122.0	21.136999999999997	5.8668
9124.0	21.089000000000002	5.856
9126.0	21.021	5.8398
9128.0	20.935	5.8183
9130.0	20.868000000000002	5.8023
9132.0	20.82	5.7916
9134.0	20.773000000000003	5.7809
9136.0	20.706999999999997	5.765
9138.0	20.698	5.765
9140.0	20.708000000000002	5.7703
9142.0	20.775	5.7916
9144.0	20.804000000000002	5.8023
9146.0	20.795	5.8023
9148.0	20.805	5.8076
9150.0	20.796	5.8076
9152.0	20.768	5.8023
9154.0	20.72	5.7916
9156.0	20.635	5.7703
9158.0	20.607	5.765
9160.0	20.598000000000003	5.765
9162.0	20.589000000000002	5.765
9164.0	20.541999999999998	5.7544
9166.0	20.533	5.7544
9168.0	20.487	5.7438
9170.0	20.459	5.7385
9172.0	20.45	5.7385
9174.0	20.403	5.728
9176.0	20.395	5.728
9178.0	20.348	5.7174
9180.0	20.339000000000002	5.7174
9182.0	20.293	5.7069
9184.0	20.284000000000002	5.7069
9186.0	20.257	5.7016
9188.0	20.248	5.7016
9190.0	20.258	5.7069
9192.0	20.285999999999998	5.7174
9194.0	20.277	5.7174
9196.0	20.305999999999997	5.728
9198.0	20.297	5.728
9200.0	20.288	5.728
