3200.0	86.084	2.9404
3201.0	85.477	2.9215
3202.0	85.031	2.908
3203.0	84.432	2.8894
3204.0	84.069	2.8787
3205.0	84.404	2.892
3206.0	84.897	2.9107
3207.0	85.708	2.9404
3208.0	86.60700000000001	2.973
3209.0	87.515	3.0061
3210.0	88.432	3.0395
3211.0	88.949	3.0591
3212.0	89.633	3.0846
3213.0	89.743	3.0903
3214.0	89.68700000000001	3.0903
3215.0	89.631	3.0903
3216.0	89.575	3.0903
3217.0	89.19	3.0789
3218.0	88.889	3.0704
3219.0	88.26299999999999	3.0507
3220.0	87.319	3.0199
3221.0	87.024	3.0116
3222.0	87.37100000000001	3.0255
3223.0	87.882	3.0451
3224.0	88.395	3.0648
3225.0	88.749	3.0789
3226.0	89.432	3.1046
3227.0	89.954	3.1246
3228.0	89.899	3.1246
3229.0	89.678	3.1189
3230.0	89.046	3.0988
3231.0	88.419	3.0789
3232.0	88.527	3.0846
3233.0	89.045	3.1046
3234.0	89.40100000000001	3.1189
3235.0	89.181	3.1132
3236.0	88.88	3.1046
3237.0	88.09200000000001	3.0789
3238.0	87.47200000000001	3.0591
3239.0	87.417	3.0591
3240.0	87.12299999999999	3.0507
3241.0	86.35	3.0255
3242.0	85.506	2.9978
3243.0	85.296	2.9923
3244.0	85.086	2.9867
3245.0	85.191	2.9923
3246.0	85.13799999999999	2.9923
3247.0	85.321	3.0005
3248.0	85.583	3.0116
3249.0	85.76700000000001	3.0199
3250.0	85.478	3.0116
3251.0	84.876	2.9923
3252.0	83.73700000000001	2.9539
3253.0	82.766	2.9215
3254.0	82.03200000000001	2.8973
3255.0	81.455	2.8787
3256.0	80.65899999999999	2.8523
3257.0	79.944	2.8288
3258.0	79.895	2.8288
3259.0	79.699	2.8236
3260.0	79.65	2.8236
3261.0	79.601	2.8236
3262.0	79.699	2.8288
3263.0	79.797	2.834
3264.0	80.264	2.8523
3265.0	80.957	2.8787
3266.0	81.431	2.8973
3267.0	81.681	2.908
3268.0	81.631	2.908
3269.0	81.281	2.8973
3270.0	81.232	2.8973
3271.0	81.858	2.9215
3272.0	82.564	2.9485
3273.0	82.286	2.9404
3274.0	81.859	2.9268
3275.0	82.413	2.9485
3276.0	82.667	2.9594
3277.0	82.617	2.9594
3278.0	82.414	2.9539
3279.0	82.212	2.9485
3280.0	81.936	2.9404
3281.0	81.735	2.9349
3282.0	81.46	2.9268
3283.0	80.961	2.9107
3284.0	80.689	2.9027
3285.0	80.27	2.8894
3286.0	79.705	2.8708
3287.0	79.36399999999999	2.8602
3288.0	78.29899999999999	2.8236
3289.0	77.391	2.7925
3290.0	76.848	2.7746
3291.0	76.44800000000001	2.7619
3292.0	76.40100000000001	2.7619
3293.0	76.708	2.7746
3294.0	76.661	2.7746
3295.0	76.89699999999999	2.7848
3296.0	77.205	2.7977
3297.0	77.658	2.8158
3298.0	77.61	2.8158
3299.0	77.065	2.7977
3300.0	76.664	2.7848
3301.0	76.618	2.7848
3302.0	76.571	2.7848
3303.0	76.384	2.7797
3304.0	76.33800000000001	2.7797
3305.0	76.785	2.7977
3306.0	77.235	2.8158
3307.0	77.331	2.821
3308.0	77.355	2.8236
3309.0	76.954	2.8106
3310.0	76.41199999999999	2.7925
3311.0	76.507	2.7977
3312.0	77.097	2.821
3313.0	77.122	2.8236
3314.0	77.00399999999999	2.821
3315.0	76.53399999999999	2.8054
3316.0	76.13600000000001	2.7925
3317.0	75.88	2.7848
3318.0	76.89	2.8236
3319.0	77.84100000000001	2.8602
3320.0	78.297	2.8787
3321.0	78.756	2.8973
3322.0	78.854	2.9027
3323.0	78.952	2.908
3324.0	78.253	2.884
3325.0	77.56	2.8602
3326.0	76.944	2.8392
3327.0	76.615	2.8288
3328.0	76.71	2.834
3329.0	77.374	2.8602
3330.0	77.613	2.8708
3331.0	77.781	2.8787
3332.0	77.877	2.884
3333.0	78.84100000000001	2.9215
3334.0	79.816	2.9594
3335.0	80.13600000000001	2.973
3336.0	80.458	2.9867
3337.0	80.558	2.9923
3338.0	80.51	2.9923
3339.0	80.313	2.9867
3340.0	79.89699999999999	2.973
3341.0	79.482	2.9594
3342.0	78.92399999999999	2.9404
3343.0	79.60600000000001	2.9676
3344.0	80.59100000000001	3.0061
3345.0	81.58800000000001	3.0451
3346.0	82.598	3.0846
3347.0	83.08200000000001	3.1046
3348.0	83.03299999999999	3.1046
3349.0	82.678	3.0931
3350.0	81.345	3.0451
3351.0	80.255	3.0061
3352.0	79.545	2.9813
3353.0	78.914	2.9594
3354.0	79.085	2.9676
3355.0	79.038	2.9676
3356.0	79.282	2.9785
3357.0	79.454	2.9867
3358.0	79.554	2.9923
3359.0	79.506	2.9923
3360.0	79.679	3.0005
3361.0	80.146	3.0199
3362.0	80.765	3.0451
3363.0	81.23899999999999	3.0648
3364.0	81.566	3.0789
3365.0	81.668	3.0846
3366.0	81.619	3.0846
3367.0	81.571	3.0846
3368.0	81.52199999999999	3.0846
3369.0	81.1	3.0704
3370.0	80.753	3.0591
3371.0	80.187	3.0395
3372.0	79.771	3.0255
3373.0	79.72399999999999	3.0255
3374.0	80.044	3.0395
3375.0	80.14399999999999	3.0451
3376.0	80.467	3.0591
3377.0	80.419	3.0591
3378.0	80.002	3.0451
3379.0	79.808	3.0395
3380.0	79.54	3.0311
3381.0	79.493	3.0311
3382.0	79.666	3.0395
3383.0	79.619	3.0395
3384.0	79.572	3.0395
3385.0	79.306	3.0311
3386.0	78.967	3.0199
3387.0	78.34100000000001	2.9978
3388.0	78.15100000000001	2.9923
3389.0	78.105	2.9923
3390.0	77.77199999999999	2.9813
3391.0	77.51100000000001	2.973
3392.0	77.11	2.9594
3393.0	76.569	2.9404
3394.0	76.242	2.9295
3395.0	75.987	2.9215
3396.0	75.803	2.9161
3397.0	76.038	2.9268
3398.0	76.203	2.9349
3399.0	76.793	2.9594
3400.0	77.244	2.9785
3401.0	77.056	2.973
3402.0	76.657	2.9594
3403.0	77.107	2.9785
3404.0	77.632	3.0005
3405.0	78.08800000000001	3.0199
3406.0	78.331	3.0311
3407.0	78.501	3.0395
3408.0	78.455	3.0395
3409.0	78.193	3.0311
3410.0	77.645	3.0116
3411.0	77.101	2.9923
3412.0	76.70100000000001	2.9785
3413.0	76.164	2.9594
3414.0	75.839	2.9485
3415.0	75.307	2.9295
3416.0	74.918	2.9161
3417.0	74.53	2.9027
3418.0	74.624	2.908
3419.0	74.786	2.9161
3420.0	75.087	2.9295
3421.0	75.529	2.9485
3422.0	75.764	2.9594
3423.0	75.929	2.9676
3424.0	75.884	2.9676
3425.0	75.35300000000001	2.9485
3426.0	74.96300000000001	2.9349
3427.0	74.919	2.9349
3428.0	74.875	2.9349
3429.0	74.625	2.9268
3430.0	74.445	2.9215
3431.0	74.744	2.9349
3432.0	75.046	2.9485
3433.0	75.626	2.973
3434.0	76.422	3.0061
3435.0	76.872	3.0255
3436.0	77.324	3.0451
3437.0	77.422	3.0507
3438.0	77.376	3.0507
3439.0	77.545	3.0591
3440.0	77.643	3.0648
3441.0	77.813	3.0733
3442.0	77.696	3.0704
3443.0	77.65100000000001	3.0704
3444.0	77.32	3.0591
3445.0	77.062	3.0507
3446.0	76.382	3.0255
3447.0	75.638	2.9978
3448.0	75.594	2.9978
3449.0	75.759	3.0061
3450.0	76.065	3.0199
3451.0	76.653	3.0451
3452.0	76.962	3.0591
3453.0	76.564	3.0451
3454.0	76.169	3.0311
3455.0	75.49600000000001	3.0061
3456.0	74.83	2.9813
3457.0	74.58	2.973
3458.0	74.399	2.9676
3459.0	74.837	2.9867
3460.0	75.417	3.0116
3461.0	75.373	3.0116
3462.0	75.33	3.0116
3463.0	74.941	2.9978
3464.0	74.62100000000001	2.9867
3465.0	74.373	2.9785
3466.0	74.398	2.9813
3467.0	74.63	2.9923
3468.0	75.069	3.0116
3469.0	75.372	3.0255
3470.0	75.468	3.0311
3471.0	75.633	3.0395
3472.0	75.589	3.0395
3473.0	75.546	3.0395
3474.0	75.991	3.0591
3475.0	76.227	3.0704
3476.0	76.183	3.0704
3477.0	76.14	3.0704
3478.0	75.816	3.0591
3479.0	75.286	3.0395
3480.0	75.035	3.0311
3481.0	74.71600000000001	3.0199
3482.0	74.467	3.0116
3483.0	74.42399999999999	3.0116
3484.0	74.587	3.0199
3485.0	75.02600000000001	3.0395
3486.0	75.468	3.0591
3487.0	75.704	3.0704
3488.0	76.009	3.0846
3489.0	75.82600000000001	3.0789
3490.0	75.783	3.0789
3491.0	75.87899999999999	3.0846
3492.0	75.975	3.0903
3493.0	76.282	3.1046
3494.0	76.59	3.1189
3495.0	76.406	3.1132
3496.0	75.801	3.0903
3497.0	75.271	3.0704
3498.0	74.607	3.0451
3499.0	74.085	3.0255
3500.0	73.907	3.0199
3501.0	73.865	3.0199
3502.0	73.822	3.0199
3503.0	73.916	3.0255
3504.0	74.01	3.0311
3505.0	74.173	3.0395
3506.0	74.267	3.0451
3507.0	74.362	3.0507
3508.0	74.525	3.0591
3509.0	74.757	3.0704
3510.0	74.715	3.0704
3511.0	74.672	3.0704
3512.0	74.492	3.0648
3513.0	74.587	3.0704
3514.0	74.545	3.0704
3515.0	74.502	3.0704
3516.0	74.46	3.0704
3517.0	74.899	3.0903
3518.0	75.202	3.1046
3519.0	75.506	3.1189
3520.0	75.95100000000001	3.1391
3521.0	76.048	3.1448
3522.0	76.005	3.1448
3523.0	75.962	3.1448
3524.0	75.639	3.1333
3525.0	75.596	3.1333
3526.0	75.345	3.1246
3527.0	75.164	3.1189
3528.0	74.77600000000001	3.1046
3529.0	74.39	3.0903
3530.0	73.87100000000001	3.0704
3531.0	73.557	3.0591
3532.0	73.313	3.0507
3533.0	73.271	3.0507
3534.0	72.96	3.0395
3535.0	72.718	3.0311
3536.0	72.41	3.0199
3537.0	72.036	3.0061
3538.0	71.797	2.9978
3539.0	71.492	2.9867
3540.0	71.255	2.9785
3541.0	70.952	2.9676
3542.0	70.91199999999999	2.9676
3543.0	70.872	2.9676
3544.0	70.832	2.9676
3545.0	70.792	2.9676
3546.0	70.753	2.9676
3547.0	70.71300000000001	2.9676
3548.0	70.673	2.9676
3549.0	70.763	2.973
3550.0	70.919	2.9813
3551.0	71.141	2.9923
3552.0	71.429	3.0061
3553.0	71.389	3.0061
3554.0	71.217	3.0005
3555.0	71.112	2.9978
3556.0	71.072	2.9978
3557.0	71.097	3.0005
3558.0	71.32	3.0116
3559.0	71.477	3.0199
3560.0	71.24	3.0116
3561.0	71.2	3.0116
3562.0	71.35600000000001	3.0199
3563.0	71.316	3.0199
3564.0	71.539	3.0311
3565.0	71.697	3.0395
3566.0	71.789	3.0451
3567.0	71.749	3.0451
3568.0	71.708	3.0451
3569.0	71.801	3.0507
3570.0	71.959	3.0591
3571.0	72.184	3.0704
3572.0	72.343	3.0789
3573.0	72.10300000000001	3.0704
3574.0	72.063	3.0704
3575.0	72.488	3.0903
3576.0	72.984	3.1132
3577.0	72.943	3.1132
3578.0	73.036	3.1189
3579.0	72.862	3.1132
3580.0	72.486	3.0988
3581.0	72.24600000000001	3.0903
3582.0	72.072	3.0846
3583.0	71.9	3.0789
3584.0	71.86	3.0789
3585.0	71.819	3.0789
3586.0	71.91199999999999	3.0846
3587.0	72.07	3.0931
3588.0	72.296	3.1046
3589.0	72.589	3.1189
3590.0	72.683	3.1246
3591.0	72.843	3.1333
3592.0	72.803	3.1333
3593.0	72.762	3.1333
3594.0	72.722	3.1333
3595.0	72.48100000000001	3.1246
3596.0	72.17399999999999	3.1132
3597.0	71.935	3.1046
3598.0	71.895	3.1046
3599.0	71.855	3.1046
3600.0	71.815	3.1046
3601.0	72.10600000000001	3.1189
3602.0	72.399	3.1333
3603.0	72.359	3.1333
3604.0	72.452	3.1391
3605.0	72.41199999999999	3.1391
3606.0	72.505	3.1448
3607.0	72.934	3.1652
3608.0	73.432	3.1886
3609.0	73.527	3.1945
3610.0	73.486	3.1945
3611.0	73.243	3.1857
3612.0	72.933	3.1739
3613.0	72.691	3.1652
3614.0	72.518	3.1594
3615.0	72.344	3.1536
3616.0	72.304	3.1536
3617.0	72.264	3.1536
3618.0	72.22399999999999	3.1536
3619.0	71.985	3.1448
3620.0	71.681	3.1333
3621.0	71.312	3.1189
3622.0	70.945	3.1046
3623.0	70.45	3.0846
3624.0	70.541	3.0903
3625.0	70.567	3.0931
3626.0	70.985	3.1132
3627.0	71.207	3.1246
3628.0	71.497	3.1391
3629.0	71.457	3.1391
3630.0	71.54899999999999	3.1448
3631.0	71.57600000000001	3.1477
3632.0	71.669	3.1536
3633.0	71.62899999999999	3.1536
3634.0	71.59	3.1536
3635.0	71.222	3.1391
3636.0	71.051	3.1333
3637.0	71.012	3.1333
3638.0	70.973	3.1333
3639.0	71.262	3.1477
3640.0	71.94800000000001	3.1798
3641.0	72.107	3.1886
3642.0	72.068	3.1886
3643.0	71.962	3.1857
3644.0	71.52600000000001	3.1681
3645.0	71.289	3.1594
3646.0	71.119	3.1536
3647.0	70.949	3.1477
3648.0	70.585	3.1333
3649.0	70.093	3.1132
3650.0	69.54	3.0903
3651.0	68.928	3.0648
3652.0	68.574	3.0507
3653.0	68.28399999999999	3.0395
3654.0	67.808	3.0199
3655.0	67.584	3.0116
3656.0	67.547	3.0116
3657.0	67.822	3.0255
3658.0	67.91	3.0311
3659.0	68.061	3.0395
3660.0	68.023	3.0395
3661.0	67.986	3.0395
3662.0	67.762	3.0311
3663.0	67.725	3.0311
3664.0	67.563	3.0255
3665.0	67.52600000000001	3.0255
3666.0	67.48899999999999	3.0255
3667.0	67.577	3.0311
3668.0	67.727	3.0395
3669.0	67.94	3.0507
3670.0	68.21600000000001	3.0648
3671.0	68.368	3.0733
3672.0	68.331	3.0733
3673.0	68.419	3.0789
3674.0	68.634	3.0903
3675.0	68.914	3.1046
3676.0	69.194	3.1189
3677.0	69.604	3.1391
3678.0	69.566	3.1391
3679.0	69.4	3.1333
3680.0	69.683	3.1477
3681.0	70.031	3.1652
3682.0	70.057	3.1681
3683.0	70.148	3.1739
3684.0	69.917	3.1652
3685.0	69.43	3.1448
3686.0	69.137	3.1333
3687.0	68.655	3.1132
3688.0	68.429	3.1046
3689.0	68.266	3.0988
3690.0	68.10300000000001	3.0931
3691.0	68.00399999999999	3.0903
3692.0	67.842	3.0846
3693.0	67.805	3.0846
3694.0	67.768	3.0846
3695.0	67.73100000000001	3.0846
3696.0	67.82	3.0903
3697.0	67.783	3.0903
3698.0	67.622	3.0846
3699.0	67.71	3.0903
3700.0	68.17399999999999	3.1132
3701.0	68.577	3.1333
3702.0	69.111	3.1594
3703.0	69.648	3.1857
3704.0	69.355	3.1739
3705.0	69.19	3.1681
3706.0	68.51899999999999	3.1391
3707.0	67.917	3.1132
3708.0	67.568	3.0988
3709.0	67.221	3.0846
3710.0	66.938	3.0733
3711.0	66.717	3.0648
3712.0	66.559	3.0591
3713.0	66.339	3.0507
3714.0	66.181	3.0451
3715.0	66.146	3.0451
3716.0	66.11	3.0451
3717.0	66.197	3.0507
3718.0	66.344	3.0591
3719.0	66.308	3.0591
3720.0	66.395	3.0648
3721.0	66.666	3.0789
3722.0	66.937	3.0931
3723.0	66.71600000000001	3.0846
3724.0	66.252	3.0648
3725.0	65.913	3.0507
3726.0	65.635	3.0395
3727.0	65.72	3.0451
3728.0	66.11	3.0648
3729.0	66.502	3.0846
3730.0	66.589	3.0903
3731.0	66.738	3.0988
3732.0	66.702	3.0988
3733.0	66.789	3.1046
3734.0	67.061	3.1189
3735.0	67.335	3.1333
3736.0	66.99	3.1189
3737.0	66.40100000000001	3.0931
3738.0	65.878	3.0704
3739.0	65.42	3.0507
3740.0	65.264	3.0451
3741.0	65.531	3.0591
3742.0	65.737	3.0704
3743.0	65.763	3.0733
3744.0	65.72800000000001	3.0733
3745.0	65.632	3.0704
3746.0	65.476	3.0648
3747.0	65.321	3.0591
3748.0	65.286	3.0591
3749.0	64.95100000000001	3.0451
3750.0	64.5	3.0255
3751.0	64.584	3.0311
3752.0	64.848	3.0451
3753.0	65.112	3.0591
3754.0	65.197	3.0648
3755.0	65.283	3.0704
3756.0	65.128	3.0648
3757.0	65.093	3.0648
3758.0	64.939	3.0591
3759.0	64.905	3.0591
3760.0	64.691	3.0507
3761.0	64.657	3.0507
3762.0	64.503	3.0451
3763.0	64.35	3.0395
3764.0	64.316	3.0395
3765.0	64.282	3.0395
3766.0	64.248	3.0395
3767.0	64.332	3.0451
3768.0	64.18	3.0395
3769.0	64.146	3.0395
3770.0	63.935	3.0311
3771.0	63.783	3.0255
3772.0	63.632	3.0199
3773.0	63.598	3.0199
3774.0	63.388999999999996	3.0116
3775.0	63.356	3.0116
3776.0	63.321999999999996	3.0116
3777.0	63.056000000000004	3.0005
3778.0	62.965	2.9978
3779.0	62.527	2.9785
3780.0	62.092	2.9594
3781.0	61.945	2.9539
3782.0	61.912	2.9539
3783.0	61.994	2.9594
3784.0	62.247	2.973
3785.0	62.32899999999999	2.9785
3786.0	62.468	2.9867
3787.0	62.666000000000004	2.9978
3788.0	62.922	3.0116
3789.0	63.295	3.0311
3790.0	63.262	3.0311
3791.0	63.228	3.0311
3792.0	63.07899999999999	3.0255
3793.0	63.045	3.0255
3794.0	63.012	3.0255
3795.0	63.095	3.0311
3796.0	63.062	3.0311
3797.0	62.797	3.0199
3798.0	62.763999999999996	3.0199
3799.0	62.846000000000004	3.0255
3800.0	62.928999999999995	3.0311
3801.0	63.07	3.0395
3802.0	63.153	3.0451
3803.0	63.236999999999995	3.0507
3804.0	63.495	3.0648
3805.0	63.57899999999999	3.0704
3806.0	63.838	3.0846
3807.0	63.805	3.0846
3808.0	63.888999999999996	3.0903
3809.0	63.856	3.0903
3810.0	63.821999999999996	3.0903
3811.0	63.847	3.0931
3812.0	64.345	3.1189
3813.0	64.727	3.1391
3814.0	64.872	3.1477
3815.0	65.078	3.1594
3816.0	64.804	3.1477
3817.0	64.592	3.1391
3818.0	64.439	3.1333
3819.0	64.405	3.1333
3820.0	64.194	3.1246
3821.0	64.042	3.1189
3822.0	64.009	3.1189
3823.0	63.975	3.1189
3824.0	64.06	3.1246
3825.0	64.203	3.1333
3826.0	64.17	3.1333
3827.0	64.13600000000001	3.1333
3828.0	64.10300000000001	3.1333
3829.0	64.306	3.1448
3830.0	64.331	3.1477
3831.0	64.417	3.1536
3832.0	64.501	3.1594
3833.0	64.34899999999999	3.1536
3834.0	64.197	3.1477
3835.0	64.105	3.1448
3836.0	63.953	3.1391
3837.0	63.92	3.1391
3838.0	64.063	3.1477
3839.0	64.266	3.1594
3840.0	64.351	3.1652
3841.0	64.49600000000001	3.1739
3842.0	64.7	3.1857
3843.0	64.846	3.1945
3844.0	64.931	3.2004
3845.0	64.89699999999999	3.2004
3846.0	64.86399999999999	3.2004
3847.0	64.83	3.2004
3848.0	64.796	3.2004
3849.0	64.763	3.2004
3850.0	64.908	3.2092
3851.0	64.695	3.2004
3852.0	64.66199999999999	3.2004
3853.0	64.628	3.2004
3854.0	64.595	3.2004
3855.0	64.74	3.2092
3856.0	64.706	3.2092
3857.0	64.792	3.2151
3858.0	64.878	3.2211
3859.0	65.023	3.23
3860.0	65.11	3.2359
3861.0	64.956	3.23
3862.0	64.743	3.2211
3863.0	64.472	3.2092
3864.0	63.965	3.1857
3865.0	63.521	3.1652
3866.0	63.255	3.1536
3867.0	63.106	3.1477
3868.0	63.306000000000004	3.1594
3869.0	63.566	3.1739
3870.0	63.65	3.1798
3871.0	63.793	3.1886
3872.0	64.173	3.2092
3873.0	64.376	3.2211
3874.0	64.521	3.23
3875.0	64.488	3.23
3876.0	64.57300000000001	3.2359
3877.0	64.54	3.2359
3878.0	64.626	3.2419
3879.0	64.652	3.2449
3880.0	64.738	3.2509
3881.0	64.52600000000001	3.2419
3882.0	64.374	3.2359
3883.0	64.34100000000001	3.2359
3884.0	64.189	3.23
3885.0	64.156	3.23
3886.0	64.241	3.2359
3887.0	64.208	3.2359
3888.0	64.175	3.2359
3889.0	64.142	3.2359
3890.0	64.109	3.2359
3891.0	64.07600000000001	3.2359
3892.0	64.221	3.2449
3893.0	64.306	3.2509
3894.0	64.51	3.2629
3895.0	64.53699999999999	3.2659
3896.0	64.503	3.2659
3897.0	64.47	3.2659
3898.0	64.675	3.2779
3899.0	64.94	3.2931
3900.0	65.02600000000001	3.2991
3901.0	65.173	3.3083
3902.0	65.26	3.3144
3903.0	65.347	3.3205
3904.0	65.494	3.3297
3905.0	65.702	3.3419
3906.0	65.668	3.3419
3907.0	65.393	3.3297
3908.0	65.18	3.3205
3909.0	65.146	3.3205
3910.0	64.993	3.3144
3911.0	64.661	3.2991
3912.0	64.391	3.287
3913.0	64.062	3.2719
3914.0	63.735	3.2569
3915.0	63.585	3.2509
3916.0	63.553000000000004	3.2509
3917.0	63.52	3.2509
3918.0	63.605	3.2569
3919.0	63.571999999999996	3.2569
3920.0	63.657	3.2629
3921.0	63.625	3.2629
3922.0	63.768	3.2719
3923.0	63.971000000000004	3.284
3924.0	63.938	3.284
3925.0	63.906000000000006	3.284
3926.0	63.638000000000005	3.2719
3927.0	63.431000000000004	3.2629
3928.0	63.398	3.2629
3929.0	63.424	3.2659
3930.0	63.391999999999996	3.2659
3931.0	63.477	3.2719
3932.0	63.443999999999996	3.2719
3933.0	63.29600000000001	3.2659
3934.0	63.38	3.2719
3935.0	63.581	3.284
3936.0	63.842	3.2991
3937.0	63.81	3.2991
3938.0	63.777	3.2991
3939.0	63.745	3.2991
3940.0	63.596000000000004	3.2931
3941.0	63.681000000000004	3.2991
3942.0	63.648	3.2991
3943.0	63.498999999999995	3.2931
3944.0	63.292	3.284
3945.0	62.853	3.2629
3946.0	62.303000000000004	3.2359
3947.0	61.871	3.2151
3948.0	61.839	3.2151
3949.0	61.808	3.2151
3950.0	62.177	3.2359
3951.0	62.547	3.2569
3952.0	62.92	3.2779
3953.0	63.294	3.2991
3954.0	63.438	3.3083
3955.0	63.406000000000006	3.3083
3956.0	63.49	3.3144
3957.0	63.575	3.3205
3958.0	63.718999999999994	3.3297
3959.0	63.922	3.3419
3960.0	63.949	3.345
3961.0	63.916000000000004	3.345
3962.0	63.825	3.3419
3963.0	63.793	3.3419
3964.0	63.643	3.3358
3965.0	63.494	3.3297
3966.0	63.17	3.3144
3967.0	63.138999999999996	3.3144
3968.0	63.223	3.3205
3969.0	63.191	3.3205
3970.0	63.16	3.3205
3971.0	63.303000000000004	3.3297
3972.0	63.504	3.3419
3973.0	63.648	3.3512
3974.0	63.61600000000001	3.3512
3975.0	63.583999999999996	3.3512
3976.0	63.376000000000005	3.3419
3977.0	63.228	3.3358
3978.0	63.196000000000005	3.3358
3979.0	63.163999999999994	3.3358
3980.0	63.248999999999995	3.3419
3981.0	63.276	3.345
3982.0	63.36	3.3512
3983.0	63.32899999999999	3.3512
3984.0	63.18	3.345
3985.0	63.09	3.3419
3986.0	63.059	3.3419
3987.0	63.027	3.3419
3988.0	63.053999999999995	3.345
3989.0	62.964	3.3419
3990.0	62.817	3.3358
3991.0	62.901	3.3419
3992.0	62.869	3.3419
3993.0	63.244	3.3636
3994.0	63.504	3.3791
3995.0	63.648999999999994	3.3884
3996.0	63.617	3.3884
3997.0	63.585	3.3884
3998.0	63.376999999999995	3.3791
3999.0	63.346000000000004	3.3791
4000.0	63.489	3.3884
4001.0	63.692	3.4009
4002.0	64.072	3.4229
4003.0	64.335	3.4387
4004.0	64.422	3.4451
4005.0	64.449	3.4483
4006.0	64.23899999999999	3.4387
4007.0	63.912	3.4229
4008.0	64.057	3.4324
4009.0	64.26100000000001	3.4451
4010.0	64.229	3.4451
4011.0	64.197	3.4451
4012.0	64.165	3.4451
4013.0	64.133	3.4451
4014.0	64.101	3.4451
4015.0	64.069	3.4451
4016.0	64.215	3.4546
4017.0	64.064	3.4483
4018.0	64.032	3.4483
4019.0	63.942	3.4451
4020.0	63.792	3.4387
4021.0	63.878	3.4451
4022.0	64.023	3.4546
4023.0	64.227	3.4674
4024.0	64.492	3.4834
4025.0	64.638	3.493
4026.0	64.60600000000001	3.493
4027.0	64.693	3.4995
4028.0	64.661	3.4995
4029.0	64.62899999999999	3.4995
4030.0	64.47800000000001	3.493
4031.0	64.446	3.493
4032.0	64.118	3.477
4033.0	63.909	3.4674
4034.0	63.643	3.4546
4035.0	63.43600000000001	3.4451
4036.0	63.17100000000001	3.4324
4037.0	63.14	3.4324
4038.0	63.108999999999995	3.4324
4039.0	63.077	3.4324
4040.0	63.162	3.4387
4041.0	63.247	3.4451
4042.0	63.391000000000005	3.4546
4043.0	63.068999999999996	3.4387
4044.0	62.922	3.4324
4045.0	62.31399999999999	3.4009
4046.0	61.769	3.3729
4047.0	61.625	3.3667
4048.0	61.708	3.3729
4049.0	61.791000000000004	3.3791
4050.0	62.04600000000001	3.3947
4051.0	62.129	3.4009
4052.0	61.983999999999995	3.3947
4053.0	61.95399999999999	3.3947
4054.0	61.923	3.3947
4055.0	61.778999999999996	3.3884
4056.0	61.861999999999995	3.3947
4057.0	61.946000000000005	3.4009
4058.0	61.516999999999996	3.3791
4059.0	61.20399999999999	3.3636
4060.0	61.174	3.3636
4061.0	61.201	3.3667
4062.0	61.283	3.3729
4063.0	61.536	3.3884
4064.0	61.506	3.3884
4065.0	61.588	3.3947
4066.0	61.558	3.3947
4067.0	61.245	3.3791
4068.0	60.99	3.3667
4069.0	60.68	3.3512
4070.0	60.26	3.3297
4071.0	60.342	3.3358
4072.0	60.423	3.3419
4073.0	60.56100000000001	3.3512
4074.0	60.643	3.3574
4075.0	60.725	3.3636
4076.0	60.863	3.3729
4077.0	60.833	3.3729
4078.0	60.691	3.3667
4079.0	60.606	3.3636
4080.0	60.576	3.3636
4081.0	60.54600000000001	3.3636
4082.0	60.684	3.3729
4083.0	60.934	3.3884
4084.0	60.905	3.3884
4085.0	60.875	3.3884
4086.0	60.845	3.3884
4087.0	60.815	3.3884
4088.0	60.617	3.3791
4089.0	60.31	3.3636
4090.0	60.169	3.3574
4091.0	60.251000000000005	3.3636
4092.0	60.388000000000005	3.3729
4093.0	60.468999999999994	3.3791
4094.0	60.607	3.3884
4095.0	60.68899999999999	3.3947
4096.0	60.772	3.4009
4097.0	60.63	3.3947
4098.0	60.489	3.3884
4099.0	60.293	3.3791
4100.0	60.152	3.3729
4101.0	60.123000000000005	3.3729
4102.0	60.20399999999999	3.3791
4103.0	60.175	3.3791
4104.0	60.312	3.3884
4105.0	60.283	3.3884
4106.0	60.254	3.3884
4107.0	60.224	3.3884
4108.0	60.028999999999996	3.3791
4109.0	60.0	3.3791
4110.0	59.86	3.3729
4111.0	59.666000000000004	3.3636
4112.0	59.637	3.3636
4113.0	59.608000000000004	3.3636
4114.0	59.57899999999999	3.3636
4115.0	59.715	3.3729
4116.0	59.68600000000001	3.3729
4117.0	59.547	3.3667
4118.0	59.463	3.3636
4119.0	59.434	3.3636
4120.0	59.405	3.3636
4121.0	59.376999999999995	3.3636
4122.0	59.348	3.3636
4123.0	59.483000000000004	3.3729
4124.0	59.56399999999999	3.3791
4125.0	59.535	3.3791
4126.0	59.506	3.3791
4127.0	59.477	3.3791
4128.0	59.613	3.3884
4129.0	59.583999999999996	3.3884
4130.0	59.173	3.3667
4131.0	58.872	3.3512
4132.0	58.466	3.3297
4133.0	58.169	3.3144
4134.0	58.248000000000005	3.3205
4135.0	58.22	3.3205
4136.0	57.978	3.3083
4137.0	57.577	3.287
4138.0	57.761	3.2991
4139.0	57.893	3.3083
4140.0	58.07899999999999	3.3205
4141.0	58.211999999999996	3.3297
4142.0	58.184	3.3297
4143.0	57.888000000000005	3.3144
4144.0	57.754	3.3083
4145.0	57.726000000000006	3.3083
4146.0	57.698	3.3083
4147.0	57.777	3.3144
4148.0	57.855	3.3205
4149.0	58.093999999999994	3.3358
4150.0	58.333999999999996	3.3512
4151.0	58.306000000000004	3.3512
4152.0	58.17100000000001	3.345
4153.0	58.143	3.345
4154.0	58.115	3.345
4155.0	58.033	3.3419
4156.0	57.898999999999994	3.3358
4157.0	57.763999999999996	3.3297
4158.0	57.577	3.3205
4159.0	57.443999999999996	3.3144
4160.0	57.31	3.3083
4161.0	57.02	3.2931
4162.0	57.097	3.2991
4163.0	57.07	3.2991
4164.0	57.306000000000004	3.3144
4165.0	57.543	3.3297
4166.0	57.727	3.3419
4167.0	57.858999999999995	3.3512
4168.0	58.099	3.3667
4169.0	58.446000000000005	3.3884
4170.0	58.79600000000001	3.4104
4171.0	58.985	3.4229
4172.0	59.12	3.4324
4173.0	59.091	3.4324
4174.0	59.063	3.4324
4175.0	58.655	3.4104
4176.0	58.251000000000005	3.3884
4177.0	57.955	3.3729
4178.0	57.768	3.3636
4179.0	57.63399999999999	3.3574
4180.0	57.711999999999996	3.3636
4181.0	57.843999999999994	3.3729
4182.0	58.083999999999996	3.3884
4183.0	58.056000000000004	3.3884
4184.0	58.028	3.3884
4185.0	57.84	3.3791
4186.0	57.812	3.3791
4187.0	57.785	3.3791
4188.0	57.757	3.3791
4189.0	57.73	3.3791
4190.0	57.596000000000004	3.3729
4191.0	57.568999999999996	3.3729
4192.0	57.647	3.3791
4193.0	57.778999999999996	3.3884
4194.0	57.751999999999995	3.3884
4195.0	57.565	3.3791
4196.0	57.431000000000004	3.3729
4197.0	57.403999999999996	3.3729
4198.0	57.271	3.3667
4199.0	57.455	3.3791
4200.0	57.586999999999996	3.3884
4201.0	57.559	3.3884
4202.0	57.373000000000005	3.3791
4203.0	57.346000000000004	3.3791
4204.0	57.213	3.3729
4205.0	57.291000000000004	3.3791
4206.0	57.263999999999996	3.3791
4207.0	57.236999999999995	3.3791
4208.0	57.21	3.3791
4209.0	57.181999999999995	3.3791
4210.0	57.155	3.3791
4211.0	57.128	3.3791
4212.0	57.25899999999999	3.3884
4213.0	57.336999999999996	3.3947
4214.0	57.416000000000004	3.4009
4215.0	57.547	3.4104
4216.0	57.361000000000004	3.4009
4217.0	57.229	3.3947
4218.0	57.096000000000004	3.3884
4219.0	57.068999999999996	3.3884
4220.0	57.042	3.3884
4221.0	57.225	3.4009
4222.0	57.357	3.4104
4223.0	57.435	3.4166
4224.0	57.673	3.4324
4225.0	57.486999999999995	3.4229
4226.0	57.458999999999996	3.4229
4227.0	57.327	3.4166
4228.0	57.193999999999996	3.4104
4229.0	57.167	3.4104
4230.0	57.245	3.4166
4231.0	57.218	3.4166
4232.0	57.191	3.4166
4233.0	57.059	3.4104
4234.0	56.875	3.4009
4235.0	56.638999999999996	3.3884
4236.0	56.611999999999995	3.3884
4237.0	56.585	3.3884
4238.0	56.663000000000004	3.3947
4239.0	56.74	3.4009
4240.0	56.714	3.4009
4241.0	56.687	3.4009
4242.0	56.817	3.4104
4243.0	56.79	3.4104
4244.0	56.763999999999996	3.4104
4245.0	56.58	3.4009
4246.0	56.553999999999995	3.4009
4247.0	56.423	3.3947
4248.0	56.397	3.3947
4249.0	56.37	3.3947
4250.0	56.343	3.3947
4251.0	56.058	3.3791
4252.0	55.826	3.3667
4253.0	55.748000000000005	3.3636
4254.0	55.619	3.3574
4255.0	55.696000000000005	3.3636
4256.0	55.721000000000004	3.3667
4257.0	55.797	3.3729
4258.0	55.669	3.3667
4259.0	55.591	3.3636
4260.0	55.463	3.3574
4261.0	55.437	3.3574
4262.0	55.411	3.3574
4263.0	55.486999999999995	3.3636
4264.0	55.614	3.3729
4265.0	55.845	3.3884
4266.0	55.92100000000001	3.3947
4267.0	55.998000000000005	3.4009
4268.0	55.972	3.4009
4269.0	55.946000000000005	3.4009
4270.0	55.714	3.3884
4271.0	55.278999999999996	3.3636
4272.0	55.05	3.3512
4273.0	55.126000000000005	3.3574
4274.0	55.1	3.3574
4275.0	55.176	3.3636
4276.0	55.15	3.3636
4277.0	55.123999999999995	3.3636
4278.0	54.997	3.3574
4279.0	54.971000000000004	3.3574
4280.0	54.945	3.3574
4281.0	54.818999999999996	3.3512
4282.0	54.641999999999996	3.3419
4283.0	54.516000000000005	3.3358
4284.0	54.591	3.3419
4285.0	54.565	3.3419
4286.0	54.54	3.3419
4287.0	54.413999999999994	3.3358
4288.0	54.288999999999994	3.3297
4289.0	54.263999999999996	3.3297
4290.0	54.338	3.3358
4291.0	54.413000000000004	3.3419
4292.0	54.388000000000005	3.3419
4293.0	54.413000000000004	3.345
4294.0	54.387	3.345
4295.0	54.312	3.3419
4296.0	54.187	3.3358
4297.0	54.161	3.3358
4298.0	54.037	3.3297
4299.0	53.663999999999994	3.3083
4300.0	53.49100000000001	3.2991
4301.0	53.466	3.2991
4302.0	53.343	3.2931
4303.0	53.22	3.287
4304.0	53.147	3.284
4305.0	53.17100000000001	3.287
4306.0	53.244	3.2931
4307.0	53.218999999999994	3.2931
4308.0	53.293	3.2991
4309.0	53.268	3.2991
4310.0	53.048	3.287
4311.0	52.876999999999995	3.2779
4312.0	52.608999999999995	3.2629
4313.0	52.488	3.2569
4314.0	52.803000000000004	3.2779
4315.0	53.022	3.2931
4316.0	53.242	3.3083
4317.0	53.562	3.3297
4318.0	53.39	3.3205
4319.0	53.365	3.3205
4320.0	53.34	3.3205
4321.0	53.315	3.3205
4322.0	53.438	3.3297
4323.0	53.413000000000004	3.3297
4324.0	53.586000000000006	3.3419
4325.0	53.708999999999996	3.3512
4326.0	53.783	3.3574
4327.0	53.56100000000001	3.345
4328.0	53.486999999999995	3.3419
4329.0	53.364	3.3358
4330.0	53.24100000000001	3.3297
4331.0	53.413000000000004	3.3419
4332.0	53.536	3.3512
4333.0	53.61	3.3574
4334.0	53.684	3.3636
4335.0	53.659	3.3636
4336.0	53.437	3.3512
4337.0	53.265	3.3419
4338.0	53.045	3.3297
4339.0	52.777	3.3144
4340.0	52.751999999999995	3.3144
4341.0	52.728	3.3144
4342.0	52.801	3.3205
4343.0	52.923	3.3297
4344.0	53.093	3.3419
4345.0	53.216	3.3512
4346.0	53.288999999999994	3.3574
4347.0	53.265	3.3574
4348.0	53.24	3.3574
4349.0	53.216	3.3574
4350.0	53.093999999999994	3.3512
4351.0	52.923	3.3419
4352.0	52.801	3.3358
4353.0	52.777	3.3358
4354.0	52.85	3.3419
4355.0	52.825	3.3419
4356.0	52.70399999999999	3.3358
4357.0	52.826	3.345
4358.0	52.996	3.3574
4359.0	53.07	3.3636
4360.0	53.045	3.3636
4361.0	53.021	3.3636
4362.0	52.997	3.3636
4363.0	52.875	3.3574
4364.0	52.753	3.3512
4365.0	52.632	3.345
4366.0	52.802	3.3574
4367.0	53.022	3.3729
4368.0	52.998000000000005	3.3729
4369.0	52.973	3.3729
4370.0	52.949	3.3729
4371.0	52.925	3.3729
4372.0	53.145	3.3884
4373.0	53.218	3.3947
4374.0	53.193999999999996	3.3947
4375.0	53.071999999999996	3.3884
4376.0	53.048	3.3884
4377.0	53.023	3.3884
4378.0	53.097	3.3947
4379.0	53.318000000000005	3.4104
4380.0	53.49	3.4229
4381.0	53.465	3.4229
4382.0	53.441	3.4229
4383.0	53.318999999999996	3.4166
4384.0	53.196000000000005	3.4104
4385.0	53.172	3.4104
4386.0	53.148	3.4104
4387.0	53.123000000000005	3.4104
4388.0	53.099	3.4104
4389.0	52.928000000000004	3.4009
4390.0	52.903999999999996	3.4009
4391.0	52.783	3.3947
4392.0	52.75899999999999	3.3947
4393.0	52.832	3.4009
4394.0	52.711000000000006	3.3947
4395.0	52.59	3.3884
4396.0	52.566	3.3884
4397.0	52.542	3.3884
4398.0	52.518	3.3884
4399.0	52.494	3.3884
4400.0	52.471000000000004	3.3884
4401.0	52.446999999999996	3.3884
4402.0	52.52	3.3947
4403.0	52.496	3.3947
4404.0	52.375	3.3884
4405.0	52.352	3.3884
4406.0	52.183	3.3791
4407.0	52.06399999999999	3.3729
4408.0	51.896	3.3636
4409.0	51.777	3.3574
4410.0	51.754	3.3574
4411.0	51.73	3.3574
4412.0	51.707	3.3574
4413.0	51.778999999999996	3.3636
4414.0	51.898999999999994	3.3729
4415.0	52.115	3.3884
4416.0	52.187	3.3947
4417.0	52.163000000000004	3.3947
4418.0	52.14	3.3947
4419.0	52.11600000000001	3.3947
4420.0	51.997	3.3884
4421.0	51.973	3.3884
4422.0	51.806000000000004	3.3791
4423.0	51.688	3.3729
4424.0	51.568999999999996	3.3667
4425.0	51.54600000000001	3.3667
4426.0	51.523	3.3667
4427.0	51.68899999999999	3.3791
4428.0	51.809	3.3884
4429.0	51.881	3.3947
4430.0	52.097	3.4104
4431.0	51.93	3.4009
4432.0	51.906000000000006	3.4009
4433.0	51.692	3.3884
4434.0	51.431999999999995	3.3729
4435.0	51.408	3.3729
4436.0	51.385	3.3729
4437.0	51.361999999999995	3.3729
4438.0	51.576	3.3884
4439.0	51.553000000000004	3.3884
4440.0	51.53	3.3884
4441.0	51.506	3.3884
4442.0	51.483000000000004	3.3884
4443.0	51.223	3.3729
4444.0	51.2	3.3729
4445.0	51.177	3.3729
4446.0	51.06	3.3667
4447.0	50.99	3.3636
4448.0	51.108000000000004	3.3729
4449.0	51.321000000000005	3.3884
4450.0	51.486999999999995	3.4009
4451.0	51.607	3.4104
4452.0	51.583999999999996	3.4104
4453.0	51.418	3.4009
4454.0	51.206	3.3884
4455.0	51.183	3.3884
4456.0	51.019	3.3791
4457.0	51.137	3.3884
4458.0	51.208	3.3947
4459.0	51.28	3.4009
4460.0	51.398999999999994	3.4104
4461.0	51.138999999999996	3.3947
4462.0	50.882	3.3791
4463.0	50.765	3.3729
4464.0	50.648999999999994	3.3667
4465.0	50.626999999999995	3.3667
4466.0	50.696999999999996	3.3729
4467.0	50.674	3.3729
4468.0	50.652	3.3729
4469.0	50.536	3.3667
4470.0	50.606	3.3729
4471.0	50.583999999999996	3.3729
4472.0	50.422	3.3636
4473.0	50.306000000000004	3.3574
4474.0	50.191	3.3512
4475.0	50.03	3.3419
4476.0	50.008	3.3419
4477.0	49.986000000000004	3.3419
4478.0	49.963	3.3419
4479.0	49.986999999999995	3.345
4480.0	49.965	3.345
4481.0	50.035	3.3512
4482.0	50.012	3.3512
4483.0	49.852	3.3419
4484.0	49.738	3.3358
4485.0	49.716	3.3358
4486.0	49.693999999999996	3.3358
4487.0	49.672	3.3358
4488.0	49.74100000000001	3.3419
4489.0	49.626999999999995	3.3358
4490.0	49.376999999999995	3.3205
4491.0	49.174	3.3083
4492.0	49.152	3.3083
4493.0	49.221000000000004	3.3144
4494.0	49.108000000000004	3.3083
4495.0	49.086000000000006	3.3083
4496.0	49.382	3.3297
4497.0	49.588	3.345
4498.0	49.52	3.3419
4499.0	49.407	3.3358
4500.0	49.158	3.3205
4501.0	49.04600000000001	3.3144
4502.0	48.934	3.3083
4503.0	48.777	3.2991
4504.0	48.666000000000004	3.2931
4505.0	48.644	3.2931
4506.0	48.622	3.2931
4507.0	48.601000000000006	3.2931
4508.0	48.57899999999999	3.2931
4509.0	48.468999999999994	3.287
4510.0	48.402	3.284
4511.0	48.381	3.284
4512.0	48.358999999999995	3.284
4513.0	48.338	3.284
4514.0	48.138999999999996	3.2719
4515.0	48.118	3.2719
4516.0	48.185	3.2779
4517.0	48.297	3.287
4518.0	48.588	3.3083
4519.0	48.88	3.3297
4520.0	48.858999999999995	3.3297
4521.0	48.927	3.3358
4522.0	49.131	3.3512
4523.0	49.291000000000004	3.3636
4524.0	49.497	3.3791
4525.0	49.611999999999995	3.3884
4526.0	49.681000000000004	3.3947
4527.0	49.568000000000005	3.3884
4528.0	49.54600000000001	3.3884
4529.0	49.523999999999994	3.3884
4530.0	49.501999999999995	3.3884
4531.0	49.571999999999996	3.3947
4532.0	49.641000000000005	3.4009
4533.0	49.757	3.4104
4534.0	49.826	3.4166
4535.0	49.575	3.4009
4536.0	49.371	3.3884
4537.0	49.123000000000005	3.3729
4538.0	48.966	3.3636
4539.0	48.854	3.3574
4540.0	48.923	3.3636
4541.0	48.901	3.3636
4542.0	48.925	3.3667
4543.0	48.903	3.3667
4544.0	48.747	3.3574
4545.0	48.636	3.3512
4546.0	48.794	3.3636
4547.0	48.997	3.3791
4548.0	49.111000000000004	3.3884
4549.0	49.18	3.3947
4550.0	49.158	3.3947
4551.0	49.137	3.3947
4552.0	49.206	3.4009
4553.0	49.32	3.4104
4554.0	49.299	3.4104
4555.0	48.96	3.3884
4556.0	48.623999999999995	3.3667
4557.0	48.246	3.3419
4558.0	47.827	3.3144
4559.0	48.027	3.3297
4560.0	48.181999999999995	3.3419
4561.0	48.161	3.3419
4562.0	48.14	3.3419
4563.0	48.031000000000006	3.3358
4564.0	47.788999999999994	3.3205
4565.0	47.9	3.3297
4566.0	48.056000000000004	3.3419
4567.0	48.257	3.3574
4568.0	48.325	3.3636
4569.0	48.303000000000004	3.3636
4570.0	48.282	3.3636
4571.0	48.172	3.3574
4572.0	47.93	3.3419
4573.0	47.733000000000004	3.3297
4574.0	47.711999999999996	3.3297
4575.0	47.691	3.3297
4576.0	47.758	3.3358
4577.0	47.736999999999995	3.3358
4578.0	47.849	3.345
4579.0	48.004	3.3574
4580.0	48.11600000000001	3.3667
4581.0	48.095	3.3667
4582.0	48.163000000000004	3.3729
4583.0	48.23	3.3791
4584.0	48.343	3.3884
4585.0	48.188	3.3791
4586.0	47.99	3.3667
4587.0	48.058	3.3729
4588.0	48.037	3.3729
4589.0	48.016000000000005	3.3729
4590.0	47.863	3.3636
4591.0	47.666000000000004	3.3512
4592.0	47.426	3.3358
4593.0	47.188	3.3205
4594.0	46.994	3.3083
4595.0	46.843	3.2991
4596.0	46.823	3.2991
4597.0	46.803000000000004	3.2991
4598.0	46.782	3.2991
4599.0	46.762	3.2991
4600.0	46.871	3.3083
4601.0	46.937	3.3144
4602.0	46.917	3.3144
4603.0	46.81	3.3083
4604.0	46.66	3.2991
4605.0	46.769	3.3083
4606.0	46.835	3.3144
4607.0	47.031000000000006	3.3297
4608.0	47.228	3.345
4609.0	46.99	3.3297
4610.0	46.754	3.3144
4611.0	46.82	3.3205
4612.0	46.928999999999995	3.3297
4613.0	46.778999999999996	3.3205
4614.0	46.673	3.3144
4615.0	46.653	3.3144
4616.0	46.633	3.3144
4617.0	46.611999999999995	3.3144
4618.0	46.592	3.3144
4619.0	46.571999999999996	3.3144
4620.0	46.552	3.3144
4621.0	46.446000000000005	3.3083
4622.0	46.597	3.3205
4623.0	46.706	3.3297
4624.0	46.68600000000001	3.3297
4625.0	46.666000000000004	3.3297
4626.0	46.645	3.3297
4627.0	46.497	3.3205
4628.0	46.391000000000005	3.3144
4629.0	46.158	3.2991
4630.0	45.968	3.287
4631.0	45.736999999999995	3.2719
4632.0	45.591	3.2629
4633.0	45.488	3.2569
4634.0	45.301	3.2449
4635.0	45.365	3.2509
4636.0	45.345	3.2509
4637.0	45.409	3.2569
4638.0	45.599	3.2719
4639.0	45.748000000000005	3.284
4640.0	45.93899999999999	3.2991
4641.0	46.047	3.3083
4642.0	46.111999999999995	3.3144
4643.0	46.092	3.3144
4644.0	45.776	3.2931
4645.0	45.54600000000001	3.2779
4646.0	45.526	3.2779
4647.0	45.591	3.284
4648.0	45.781000000000006	3.2991
4649.0	45.973	3.3144
4650.0	46.165	3.3297
4651.0	46.316	3.3419
4652.0	46.29600000000001	3.3419
4653.0	46.276	3.3419
4654.0	45.873999999999995	3.3144
4655.0	45.266999999999996	3.2719
4656.0	44.833	3.2419
4657.0	44.731	3.2359
4658.0	44.629	3.23
4659.0	44.61	3.23
4660.0	44.591	3.23
4661.0	45.026	3.2629
4662.0	45.423	3.2931
4663.0	45.613	3.3083
4664.0	45.593999999999994	3.3083
4665.0	45.658	3.3144
4666.0	45.849	3.3297
4667.0	45.83	3.3297
4668.0	45.599	3.3144
4669.0	45.496	3.3083
4670.0	45.143	3.284
4671.0	44.833	3.2629
4672.0	44.648999999999994	3.2509
4673.0	44.425	3.2359
4674.0	44.202	3.2211
4675.0	43.898999999999994	3.2004
4676.0	43.598	3.1798
4677.0	43.3	3.1594
4678.0	43.281000000000006	3.1594
4679.0	43.623000000000005	3.1857
4680.0	43.805	3.2004
4681.0	43.787	3.2004
4682.0	43.888999999999996	3.2092
4683.0	43.87	3.2092
4684.0	43.931999999999995	3.2151
4685.0	44.402	3.2509
4686.0	44.835	3.284
4687.0	44.364	3.2509
4688.0	43.858000000000004	3.2151
4689.0	43.357	3.1798
4690.0	42.902	3.1477
4691.0	43.042	3.1594
4692.0	43.702	3.2092
4693.0	44.169	3.2449
4694.0	44.43600000000001	3.2659
4695.0	44.787	3.2931
4696.0	44.275	3.2569
4697.0	44.257	3.2569
4698.0	44.238	3.2569
4699.0	44.218999999999994	3.2569
4700.0	44.119	3.2509
4702.0	44.081	3.2509
4704.0	43.922	3.2419
4706.0	43.803999999999995	3.2359
4708.0	43.687	3.23
4710.0	43.528999999999996	3.2211
4712.0	43.332	3.2092
4714.0	43.176	3.2004
4716.0	43.138999999999996	3.2004
4718.0	43.222	3.2092
4720.0	43.345	3.2211
4722.0	43.508	3.2359
4724.0	43.751999999999995	3.2569
4726.0	43.998000000000005	3.2779
4728.0	44.082	3.287
4730.0	44.005	3.284
4732.0	43.967	3.284
4734.0	43.769	3.2719
4736.0	43.531000000000006	3.2569
4738.0	43.294	3.2419
4740.0	43.178000000000004	3.2359
4742.0	43.141999999999996	3.2359
4744.0	43.105	3.2359
4746.0	43.148	3.2419
4748.0	43.231	3.2509
4750.0	43.354	3.2629
4752.0	43.438	3.2719
4754.0	43.481	3.2779
4756.0	43.525	3.284
4758.0	43.488	3.284
4760.0	43.372	3.2779
4762.0	43.335	3.2779
4764.0	43.1	3.2629
4766.0	42.905	3.2509
4768.0	42.673	3.2359
4770.0	42.637	3.2359
4772.0	42.68	3.2419
4774.0	42.762	3.2509
4776.0	42.88399999999999	3.2629
4778.0	43.04600000000001	3.2779
4780.0	43.288000000000004	3.2991
4782.0	43.371	3.3083
4784.0	43.335	3.3083
4786.0	43.178999999999995	3.2991
4788.0	43.143	3.2991
4790.0	43.107	3.2991
4792.0	43.071000000000005	3.2991
4794.0	43.035	3.2991
4796.0	42.998999999999995	3.2991
4798.0	42.963	3.2991
4800.0	42.849	3.2931
4802.0	42.61600000000001	3.2779
4804.0	42.385	3.2629
4806.0	42.272	3.2569
4808.0	42.159	3.2509
4810.0	42.123999999999995	3.2509
4812.0	42.089	3.2509
4814.0	42.132	3.2569
4816.0	42.174	3.2629
4818.0	42.178000000000004	3.2659
4820.0	42.221000000000004	3.2719
4822.0	42.263999999999996	3.2779
4824.0	42.345	3.287
4826.0	42.388000000000005	3.2931
4828.0	42.549	3.3083
4830.0	42.67	3.3205
4832.0	42.832	3.3358
4834.0	42.994	3.3512
4836.0	42.958	3.3512
4838.0	43.001999999999995	3.3574
4840.0	42.966	3.3574
4842.0	42.931000000000004	3.3574
4844.0	42.896	3.3574
4846.0	42.86	3.3574
4848.0	42.825	3.3574
4850.0	42.711000000000006	3.3512
4852.0	42.676	3.3512
4854.0	42.64	3.3512
4856.0	42.684	3.3574
4858.0	42.648999999999994	3.3574
4860.0	42.613	3.3574
4862.0	42.5	3.3512
4864.0	42.387	3.345
4866.0	42.313	3.3419
4868.0	42.278	3.3419
4870.0	42.166000000000004	3.3358
4872.0	42.248000000000005	3.345
4874.0	42.369	3.3574
4876.0	42.412	3.3636
4878.0	42.495	3.3729
4880.0	42.656000000000006	3.3884
4882.0	42.7	3.3947
4884.0	42.743	3.4009
4886.0	42.827	3.4104
4888.0	42.792	3.4104
4890.0	42.56	3.3947
4892.0	42.33	3.3791
4894.0	42.101000000000006	3.3636
4896.0	42.067	3.3636
4898.0	42.032	3.3636
4900.0	41.998000000000005	3.3636
4902.0	42.08	3.3729
4904.0	42.123000000000005	3.3791
4906.0	42.089	3.3791
4908.0	42.053999999999995	3.3791
4910.0	42.02	3.3791
4912.0	41.986000000000004	3.3791
4914.0	41.875	3.3729
4916.0	41.725	3.3636
4918.0	41.614	3.3574
4920.0	41.504	3.3512
4922.0	41.28	3.3358
4924.0	41.056999999999995	3.3205
4926.0	41.137	3.3297
4928.0	41.104	3.3297
4930.0	41.07	3.3297
4932.0	41.037	3.3297
4934.0	41.004	3.3297
4936.0	40.97	3.3297
4938.0	40.937	3.3297
4940.0	40.904	3.3297
4942.0	40.758	3.3205
4944.0	40.725	3.3205
4946.0	40.692	3.3205
4948.0	40.659	3.3205
4950.0	40.626999999999995	3.3205
4952.0	40.705999999999996	3.3297
4954.0	40.673	3.3297
4956.0	40.64	3.3297
4958.0	40.681999999999995	3.3358
4960.0	40.65	3.3358
4962.0	40.617	3.3358
4964.0	40.584	3.3358
4966.0	40.551	3.3358
4968.0	40.519	3.3358
4970.0	40.412	3.3297
4972.0	40.379	3.3297
4974.0	40.236	3.3205
4976.0	40.203	3.3205
4978.0	40.097	3.3144
4980.0	40.065	3.3144
4982.0	40.106	3.3205
4984.0	40.074	3.3205
4986.0	40.042	3.3205
4988.0	40.01	3.3205
4990.0	40.088	3.3297
4992.0	39.946	3.3205
4994.0	39.84	3.3144
4996.0	39.808	3.3144
4998.0	39.777	3.3144
5000.0	39.818000000000005	3.3205
5002.0	39.896	3.3297
5004.0	39.864000000000004	3.3297
5006.0	39.979	3.3419
5008.0	39.985	3.345
5010.0	39.953	3.345
5012.0	39.994	3.3512
5014.0	39.961999999999996	3.3512
5016.0	39.931	3.3512
5018.0	39.899	3.3512
5020.0	39.794000000000004	3.345
5022.0	39.725	3.3419
5024.0	39.621	3.3358
5026.0	39.516	3.3297
5028.0	39.485	3.3297
5030.0	39.453	3.3297
5032.0	39.313	3.3205
5034.0	39.282	3.3205
5036.0	39.179	3.3144
5038.0	39.147	3.3144
5040.0	39.116	3.3144
5042.0	39.014	3.3083
5044.0	38.983000000000004	3.3083
5046.0	38.952	3.3083
5048.0	38.921	3.3083
5050.0	38.783	3.2991
5052.0	38.859	3.3083
5054.0	38.828	3.3083
5056.0	38.798	3.3083
5058.0	38.766999999999996	3.3083
5060.0	38.808	3.3144
5062.0	38.777	3.3144
5064.0	38.747	3.3144
5066.0	38.716	3.3144
5068.0	38.614000000000004	3.3083
5070.0	38.584	3.3083
5072.0	38.553000000000004	3.3083
5074.0	38.523	3.3083
5076.0	38.493	3.3083
5078.0	38.533	3.3144
5080.0	38.574	3.3205
5082.0	38.473	3.3144
5084.0	38.442	3.3144
5086.0	38.341	3.3083
5088.0	38.311	3.3083
5090.0	38.175	3.2991
5092.0	38.075	3.2931
5094.0	38.045	3.2931
5096.0	38.016	3.2931
5098.0	37.986	3.2931
5100.0	38.025999999999996	3.2991
5102.0	37.996	3.2991
5104.0	38.071	3.3083
5106.0	38.042	3.3083
5108.0	38.012	3.3083
5110.0	37.982	3.3083
5112.0	37.952	3.3083
5114.0	37.923	3.3083
5116.0	37.893	3.3083
5118.0	37.759	3.2991
5120.0	37.729	3.2991
5122.0	37.631	3.2931
5124.0	37.601	3.2931
5126.0	37.641	3.2991
5128.0	37.611999999999995	3.2991
5130.0	37.582	3.2991
5132.0	37.553000000000004	3.2991
5134.0	37.628	3.3083
5136.0	37.495	3.2991
5138.0	37.465	3.2991
5140.0	37.367	3.2931
5142.0	37.407	3.2991
5144.0	37.378	3.2991
5146.0	37.453	3.3083
5148.0	37.423	3.3083
5150.0	37.498000000000005	3.3174
5152.0	37.469	3.3174
5154.0	37.44	3.3174
5156.0	37.411	3.3174
5158.0	37.416	3.3205
5160.0	37.387	3.3205
5162.0	37.358000000000004	3.3205
5164.0	37.329	3.3205
5166.0	37.335	3.3235
5168.0	37.306	3.3235
5170.0	37.277	3.3235
5172.0	37.248000000000005	3.3235
5174.0	37.254	3.3266
5176.0	37.225	3.3266
5178.0	37.196	3.3266
5180.0	37.167	3.3266
5182.0	37.139	3.3266
5184.0	37.144	3.3297
5186.0	37.116	3.3297
5188.0	37.086999999999996	3.3297
5190.0	37.058	3.3297
5192.0	37.064	3.3327
5194.0	37.035	3.3327
5196.0	37.007	3.3327
5198.0	36.978	3.3327
5200.0	36.95	3.3327
5202.0	36.955999999999996	3.3358
5204.0	36.927	3.3358
5206.0	37.069	3.3512
5208.0	37.041	3.3512
5210.0	37.012	3.3512
5212.0	37.052	3.3574
5214.0	37.024	3.3574
5216.0	36.995	3.3574
5218.0	37.035	3.3636
5220.0	36.938	3.3574
5222.0	36.842	3.3512
5224.0	36.711999999999996	3.3419
5226.0	36.684	3.3419
5228.0	36.656	3.3419
5230.0	36.628	3.3419
5232.0	36.6	3.3419
5234.0	36.505	3.3358
5236.0	36.477	3.3358
5238.0	36.449	3.3358
5240.0	36.421	3.3358
5242.0	36.394	3.3358
5244.0	36.366	3.3358
5246.0	36.338	3.3358
5248.0	36.311	3.3358
5250.0	36.283	3.3358
5252.0	36.255	3.3358
5254.0	36.228	3.3358
5256.0	36.266999999999996	3.3419
5258.0	36.34	3.3512
5260.0	36.379	3.3574
5262.0	36.418	3.3636
5264.0	36.391	3.3636
5266.0	36.464	3.3729
5268.0	36.335	3.3636
5270.0	36.241	3.3574
5272.0	36.147	3.3512
5274.0	36.02	3.3419
5276.0	35.926	3.3358
5278.0	35.833	3.3297
5280.0	35.707	3.3205
5282.0	35.614000000000004	3.3144
5284.0	35.522	3.3083
5286.0	35.495	3.3083
5288.0	35.37	3.2991
5290.0	35.343	3.2991
5292.0	35.251999999999995	3.2931
5294.0	35.225	3.2931
5296.0	35.198	3.2931
5298.0	35.172	3.2931
5300.0	35.145	3.2931
5302.0	35.119	3.2931
5304.0	35.157	3.2991
5306.0	35.131	3.2991
5308.0	35.201	3.3083
5310.0	35.175	3.3083
5312.0	35.051	3.2991
5314.0	35.025	3.2991
5316.0	35.095	3.3083
5318.0	35.069	3.3083
5320.0	35.107	3.3144
5322.0	35.146	3.3205
5324.0	35.216	3.3297
5326.0	35.19	3.3297
5328.0	35.163000000000004	3.3297
5330.0	35.137	3.3297
5332.0	35.014	3.3205
5334.0	34.923	3.3144
5336.0	34.897	3.3144
5338.0	34.871	3.3144
5340.0	34.781	3.3083
5342.0	34.659	3.2991
5344.0	34.569	3.2931
5346.0	34.543	3.2931
5348.0	34.454	3.287
5350.0	34.396	3.284
5352.0	34.371	3.284
5354.0	34.345	3.284
5356.0	34.256	3.2779
5358.0	34.294000000000004	3.284
5360.0	34.363	3.2931
5362.0	34.400999999999996	3.2991
5364.0	34.375	3.2991
5366.0	34.444	3.3083
5368.0	34.419000000000004	3.3083
5370.0	34.393	3.3083
5372.0	34.368	3.3083
5374.0	34.247	3.2991
5376.0	34.159	3.2931
5378.0	34.133	3.2931
5380.0	34.045	3.287
5382.0	34.083	3.2931
5384.0	34.056999999999995	3.2931
5386.0	34.095	3.2991
5388.0	34.069	3.2991
5390.0	34.138000000000005	3.3083
5392.0	34.113	3.3083
5394.0	34.088	3.3083
5396.0	34.063	3.3083
5398.0	34.1	3.3144
5400.0	34.075	3.3144
5402.0	34.05	3.3144
5404.0	34.086999999999996	3.3205
5406.0	33.999	3.3144
5408.0	33.974000000000004	3.3144
5410.0	33.949	3.3144
5412.0	33.924	3.3144
5414.0	33.836	3.3083
5416.0	33.811	3.3083
5418.0	33.786	3.3083
5420.0	33.668	3.2991
5422.0	33.582	3.2931
5424.0	33.556999999999995	3.2931
5426.0	33.532	3.2931
5428.0	33.569	3.2991
5430.0	33.544000000000004	3.2991
5432.0	33.52	3.2991
5434.0	33.495	3.2991
5436.0	33.409	3.2931
5438.0	33.323	3.287
5440.0	33.268	3.284
5442.0	33.243	3.284
5444.0	33.158	3.2779
5446.0	33.133	3.2779
5448.0	33.109	3.2779
5450.0	33.085	3.2779
5452.0	33.06	3.2779
5454.0	33.036	3.2779
5456.0	33.012	3.2779
5458.0	32.988	3.2779
5460.0	32.964	3.2779
5462.0	32.94	3.2779
5464.0	32.855	3.2719
5466.0	32.830999999999996	3.2719
5468.0	32.806999999999995	3.2719
5470.0	32.722	3.2659
5472.0	32.699	3.2659
5474.0	32.675	3.2659
5476.0	32.711	3.2719
5478.0	32.687	3.2719
5480.0	32.663000000000004	3.2719
5482.0	32.579	3.2659
5484.0	32.556	3.2659
5486.0	32.532	3.2659
5488.0	32.478	3.2629
5490.0	32.455	3.2629
5492.0	32.431	3.2629
5494.0	32.407	3.2629
5496.0	32.384	3.2629
5498.0	32.301	3.2569
5500.0	32.277	3.2569
5502.0	32.254	3.2569
5504.0	32.23	3.2569
5506.0	32.207	3.2569
5508.0	32.183	3.2569
5510.0	32.16	3.2569
5512.0	32.137	3.2569
5514.0	32.113	3.2569
5516.0	32.09	3.2569
5518.0	32.008	3.2509
5520.0	31.985	3.2509
5522.0	31.962	3.2509
5524.0	31.88	3.2449
5526.0	31.857	3.2449
5528.0	31.834	3.2449
5530.0	31.81	3.2449
5532.0	31.758000000000003	3.2419
5534.0	31.735	3.2419
5536.0	31.654	3.2359
5538.0	31.631	3.2359
5540.0	31.666999999999998	3.2419
5542.0	31.644000000000002	3.2419
5544.0	31.65	3.2449
5546.0	31.685	3.2509
5548.0	31.663	3.2509
5550.0	31.64	3.2509
5552.0	31.616999999999997	3.2509
5554.0	31.594	3.2509
5556.0	31.513	3.2449
5558.0	31.491	3.2449
5560.0	31.439	3.2419
5562.0	31.416999999999998	3.2419
5564.0	31.394000000000002	3.2419
5566.0	31.4	3.2449
5568.0	31.436	3.2509
5570.0	31.413	3.2509
5572.0	31.448	3.2569
5574.0	31.484	3.2629
5576.0	31.461	3.2629
5578.0	31.439	3.2629
5580.0	31.416	3.2629
5582.0	31.394000000000002	3.2629
5584.0	31.371	3.2629
5586.0	31.291	3.2569
5588.0	31.326	3.2629
5590.0	31.304000000000002	3.2629
5592.0	31.281	3.2629
5594.0	31.201	3.2569
5596.0	31.179000000000002	3.2569
5598.0	31.1	3.2509
5600.0	31.02	3.2449
5602.0	30.97	3.2419
5604.0	30.891	3.2359
5606.0	30.868000000000002	3.2359
5608.0	30.903000000000002	3.2419
5610.0	30.881	3.2419
5612.0	30.859	3.2419
5614.0	30.837	3.2419
5616.0	30.844	3.2449
5618.0	30.793000000000003	3.2419
5620.0	30.715	3.2359
5622.0	30.636	3.23
5624.0	30.615	3.23
5626.0	30.508000000000003	3.2211
5628.0	30.430999999999997	3.2151
5630.0	30.409000000000002	3.2151
5632.0	30.386999999999997	3.2151
5634.0	30.421999999999997	3.2211
5636.0	30.4	3.2211
5638.0	30.379	3.2211
5640.0	30.441	3.23
5642.0	30.42	3.23
5644.0	30.398000000000003	3.23
5646.0	30.377	3.23
5648.0	30.355	3.23
5650.0	30.334	3.23
5652.0	30.311999999999998	3.23
5654.0	30.346999999999998	3.2359
5656.0	30.325	3.2359
5658.0	30.304000000000002	3.2359
5660.0	30.226	3.23
5662.0	30.205	3.23
5664.0	30.184	3.23
5666.0	30.079	3.2211
5668.0	30.003	3.2151
5670.0	29.926	3.2092
5672.0	29.905	3.2092
5674.0	29.884	3.2092
5676.0	29.863000000000003	3.2092
5678.0	29.842	3.2092
5680.0	29.820999999999998	3.2092
5682.0	29.8	3.2092
5684.0	29.834	3.2151
5686.0	29.868000000000002	3.2211
5688.0	29.93	3.23
5690.0	29.909000000000002	3.23
5692.0	29.888	3.23
5694.0	29.866999999999997	3.23
5696.0	29.846	3.23
5698.0	29.825	3.23
5700.0	29.804000000000002	3.23
5702.0	29.701	3.2211
5704.0	29.68	3.2211
5706.0	29.604	3.2151
5708.0	29.584	3.2151
5710.0	29.509	3.2092
5712.0	29.488000000000003	3.2092
5714.0	29.386	3.2004
5716.0	29.365	3.2004
5718.0	29.291	3.1945
5720.0	29.27	3.1945
5722.0	29.25	3.1945
5724.0	29.283	3.2004
5726.0	29.263	3.2004
5728.0	29.241999999999997	3.2004
5730.0	29.221999999999998	3.2004
5732.0	29.148000000000003	3.1945
5734.0	29.128	3.1945
5736.0	29.107	3.1945
5738.0	29.087	3.1945
5740.0	29.066999999999997	3.1945
5742.0	29.046999999999997	3.1945
5744.0	29.026	3.1945
5746.0	29.06	3.2004
5748.0	29.039	3.2004
5750.0	29.019000000000002	3.2004
5752.0	29.079	3.2092
5754.0	29.059	3.2092
5756.0	29.039	3.2092
5758.0	29.019000000000002	3.2092
5760.0	28.998	3.2092
5762.0	28.978	3.2092
5764.0	28.958000000000002	3.2092
5766.0	28.938000000000002	3.2092
5768.0	28.918000000000003	3.2092
5770.0	28.898000000000003	3.2092
5772.0	28.878	3.2092
5774.0	28.858	3.2092
5776.0	28.838	3.2092
5778.0	28.818	3.2092
5780.0	28.798000000000002	3.2092
5782.0	28.778000000000002	3.2092
5784.0	28.679000000000002	3.2004
5786.0	28.605999999999998	3.1945
5788.0	28.587	3.1945
5790.0	28.514	3.1886
5792.0	28.495	3.1886
5794.0	28.475	3.1886
5796.0	28.429000000000002	3.1857
5798.0	28.409000000000002	3.1857
5800.0	28.338	3.1798
5802.0	28.318	3.1798
5804.0	28.247	3.1739
5806.0	28.149	3.1652
5808.0	28.078000000000003	3.1594
5810.0	28.006999999999998	3.1536
5812.0	27.988000000000003	3.1536
5814.0	27.969	3.1536
5816.0	27.949	3.1536
5818.0	27.982	3.1594
5820.0	27.962	3.1594
5822.0	27.995	3.1652
5824.0	27.975	3.1652
5826.0	27.956	3.1652
5828.0	27.936999999999998	3.1652
5830.0	27.918000000000003	3.1652
5832.0	27.846999999999998	3.1594
5834.0	27.828000000000003	3.1594
5836.0	27.809	3.1594
5838.0	27.79	3.1594
5840.0	27.822	3.1652
5842.0	27.803	3.1652
5844.0	27.81	3.1681
5846.0	27.842	3.1739
5848.0	27.823	3.1739
5850.0	27.804000000000002	3.1739
5852.0	27.785	3.1739
5854.0	27.766	3.1739
5856.0	27.747	3.1739
5858.0	27.677	3.1681
5860.0	27.633000000000003	3.1652
5862.0	27.511999999999997	3.1536
5864.0	27.443	3.1477
5866.0	27.399	3.1448
5868.0	27.33	3.1391
5870.0	27.261	3.1333
5872.0	27.293000000000003	3.1391
5874.0	27.324	3.1448
5876.0	27.305999999999997	3.1448
5878.0	27.363000000000003	3.1536
5880.0	27.445	3.1652
5882.0	27.502	3.1739
5884.0	27.534000000000002	3.1798
5886.0	27.592	3.1886
5888.0	27.675	3.2004
5890.0	27.656	3.2004
5892.0	27.714000000000002	3.2092
5894.0	27.695	3.2092
5896.0	27.6	3.2004
5898.0	27.53	3.1945
5900.0	27.436	3.1857
5902.0	27.366999999999997	3.1798
5904.0	27.248	3.1681
5906.0	27.154	3.1594
5908.0	27.136	3.1594
5910.0	27.066999999999997	3.1536
5912.0	27.049	3.1536
5914.0	27.031	3.1536
5916.0	27.013	3.1536
5918.0	26.994	3.1536
5920.0	26.976	3.1536
5922.0	26.958000000000002	3.1536
5924.0	26.94	3.1536
5926.0	26.921	3.1536
5928.0	26.903000000000002	3.1536
5930.0	26.885	3.1536
5932.0	26.866999999999997	3.1536
5934.0	26.849	3.1536
5936.0	26.781	3.1477
5938.0	26.739	3.1448
5940.0	26.721	3.1448
5942.0	26.654	3.1391
5944.0	26.636	3.1391
5946.0	26.569000000000003	3.1333
5948.0	26.551	3.1333
5950.0	26.533	3.1333
5952.0	26.515	3.1333
5954.0	26.497	3.1333
5956.0	26.479	3.1333
5958.0	26.511	3.1391
5960.0	26.493000000000002	3.1391
5962.0	26.475	3.1391
5964.0	26.456999999999997	3.1391
5966.0	26.44	3.1391
5968.0	26.421999999999997	3.1391
5970.0	26.404	3.1391
5972.0	26.338	3.1333
5974.0	26.32	3.1333
5976.0	26.303	3.1333
5978.0	26.285	3.1333
5980.0	26.267	3.1333
5982.0	26.25	3.1333
5984.0	26.232	3.1333
5986.0	26.215	3.1333
5988.0	26.197	3.1333
5990.0	26.108	3.1246
5992.0	26.09	3.1246
5994.0	26.073	3.1246
5996.0	26.055	3.1246
5998.0	26.11	3.1333
6000.0	26.093000000000004	3.1333
6002.0	26.123	3.1391
6004.0	26.105999999999998	3.1391
6006.0	26.089000000000002	3.1391
6008.0	26.070999999999998	3.1391
6010.0	26.101999999999997	3.1448
6012.0	26.084	3.1448
6014.0	26.066999999999997	3.1448
6016.0	26.05	3.1448
6018.0	26.031999999999996	3.1448
6020.0	26.015	3.1448
6022.0	25.998	3.1448
6024.0	25.933000000000003	3.1391
6026.0	25.916	3.1391
6028.0	25.851	3.1333
6030.0	25.881	3.1391
6032.0	25.864	3.1391
6034.0	25.846999999999998	3.1391
6036.0	25.83	3.1391
6038.0	25.765	3.1333
6040.0	25.748	3.1333
6042.0	25.730999999999998	3.1333
6044.0	25.714000000000002	3.1333
6046.0	25.697	3.1333
6048.0	25.68	3.1333
6050.0	25.663	3.1333
6052.0	25.646	3.1333
6054.0	25.558000000000003	3.1246
6056.0	25.541999999999998	3.1246
6058.0	25.525	3.1246
6060.0	25.461	3.1189
6062.0	25.397	3.1132
6064.0	25.381	3.1132
6066.0	25.364	3.1132
6068.0	25.346999999999998	3.1132
6070.0	25.261	3.1046
6072.0	25.314	3.1132
6074.0	25.296999999999997	3.1132
6076.0	25.326999999999998	3.1189
6078.0	25.31	3.1189
6080.0	25.34	3.1246
6082.0	25.324	3.1246
6084.0	25.307	3.1246
6086.0	25.29	3.1246
6088.0	25.274	3.1246
6090.0	25.211	3.1189
6092.0	25.194000000000003	3.1189
6094.0	25.131	3.1132
6096.0	25.115	3.1132
6098.0	25.098000000000003	3.1132
6100.0	25.081999999999997	3.1132
6102.0	25.066	3.1132
6104.0	25.049	3.1132
6106.0	25.033	3.1132
6108.0	25.016	3.1132
6110.0	25.046	3.1189
6112.0	25.03	3.1189
6114.0	25.013	3.1189
6116.0	25.043000000000003	3.1246
6118.0	25.026999999999997	3.1246
6120.0	25.01	3.1246
6122.0	24.994	3.1246
6124.0	24.978	3.1246
6126.0	24.915	3.1189
6128.0	24.899	3.1189
6130.0	24.883000000000003	3.1189
6132.0	24.866999999999997	3.1189
6134.0	24.85	3.1189
6136.0	24.834	3.1189
6138.0	24.818	3.1189
6140.0	24.802	3.1189
6142.0	24.785999999999998	3.1189
6144.0	24.77	3.1189
6146.0	24.753	3.1189
6148.0	24.691999999999997	3.1132
6150.0	24.676	3.1132
6152.0	24.66	3.1132
6154.0	24.576	3.1046
6156.0	24.56	3.1046
6158.0	24.544	3.1046
6160.0	24.528000000000002	3.1046
6162.0	24.511999999999997	3.1046
6164.0	24.496	3.1046
6166.0	24.48	3.1046
6168.0	24.464000000000002	3.1046
6170.0	24.403000000000002	3.0988
6172.0	24.388	3.0988
6174.0	24.326999999999998	3.0931
6176.0	24.289	3.0903
6178.0	24.273000000000003	3.0903
6180.0	24.256999999999998	3.0903
6182.0	24.241999999999997	3.0903
6184.0	24.226	3.0903
6186.0	24.21	3.0903
6188.0	24.195	3.0903
6190.0	24.179000000000002	3.0903
6192.0	24.163	3.0903
6194.0	24.148000000000003	3.0903
6196.0	24.131999999999998	3.0903
6198.0	24.116999999999997	3.0903
6200.0	24.101	3.0903
6202.0	24.086	3.0903
6204.0	24.07	3.0903
6206.0	24.01	3.0846
6208.0	23.995	3.0846
6210.0	23.979	3.0846
6212.0	23.964000000000002	3.0846
6214.0	23.948	3.0846
6216.0	23.933000000000003	3.0846
6218.0	23.918000000000003	3.0846
6220.0	23.901999999999997	3.0846
6222.0	23.886999999999997	3.0846
6224.0	23.872	3.0846
6226.0	23.9	3.0903
6228.0	23.885	3.0903
6230.0	23.87	3.0903
6232.0	23.854	3.0903
6234.0	23.839000000000002	3.0903
6236.0	23.824	3.0903
6238.0	23.808000000000003	3.0903
6240.0	23.793000000000003	3.0903
6242.0	23.778000000000002	3.0903
6244.0	23.763	3.0903
6246.0	23.747	3.0903
6248.0	23.732	3.0903
6250.0	23.717	3.0903
6252.0	23.701999999999998	3.0903
6254.0	23.686999999999998	3.0903
6256.0	23.671999999999997	3.0903
6258.0	23.613000000000003	3.0846
6260.0	23.598000000000003	3.0846
6262.0	23.583000000000002	3.0846
6264.0	23.568	3.0846
6266.0	23.553	3.0846
6268.0	23.538	3.0846
6270.0	23.479	3.0789
6272.0	23.464000000000002	3.0789
6274.0	23.406	3.0733
6276.0	23.37	3.0704
6278.0	23.311999999999998	3.0648
6280.0	23.254	3.0591
6282.0	23.239	3.0591
6284.0	23.225	3.0591
6286.0	23.146	3.0507
6288.0	23.131	3.0507
6290.0	23.116	3.0507
6292.0	23.166	3.0591
6294.0	23.151	3.0591
6296.0	23.136	3.0591
6298.0	23.121	3.0591
6300.0	23.043000000000003	3.0507
6302.0	23.028000000000002	3.0507
6304.0	22.971	3.0451
6306.0	22.956999999999997	3.0451
6308.0	22.941999999999997	3.0451
6310.0	22.928	3.0451
6312.0	22.955	3.0507
6314.0	23.004	3.0591
6316.0	23.031999999999996	3.0648
6318.0	23.06	3.0704
6320.0	23.066999999999997	3.0733
6322.0	23.031	3.0704
6324.0	23.016	3.0704
6326.0	22.959	3.0648
6328.0	22.903000000000002	3.0591
6330.0	22.888	3.0591
6332.0	22.811	3.0507
6334.0	22.796	3.0507
6336.0	22.74	3.0451
6338.0	22.726	3.0451
6340.0	22.711	3.0451
6342.0	22.697	3.0451
6344.0	22.683000000000003	3.0451
6346.0	22.668000000000003	3.0451
6348.0	22.654	3.0451
6350.0	22.64	3.0451
6352.0	22.625	3.0451
6354.0	22.611	3.0451
6356.0	22.639	3.0507
6358.0	22.625	3.0507
6360.0	22.61	3.0507
6362.0	22.659000000000002	3.0591
6364.0	22.644000000000002	3.0591
6366.0	22.63	3.0591
6368.0	22.616	3.0591
6370.0	22.601999999999997	3.0591
6372.0	22.629	3.0648
6374.0	22.573	3.0591
6376.0	22.559	3.0591
6378.0	22.545	3.0591
6380.0	22.469	3.0507
6382.0	22.455	3.0507
6384.0	22.441	3.0507
6386.0	22.427	3.0507
6388.0	22.413	3.0507
6390.0	22.398000000000003	3.0507
6392.0	22.343000000000004	3.0451
6394.0	22.288	3.0395
6396.0	22.274	3.0395
6398.0	22.26	3.0395
6400.0	22.246	3.0395
6402.0	22.233	3.0395
6404.0	22.219	3.0395
6406.0	22.205	3.0395
6408.0	22.232	3.0451
6410.0	22.218000000000004	3.0451
6412.0	22.245	3.0507
6414.0	22.230999999999998	3.0507
6416.0	22.217	3.0507
6418.0	22.203000000000003	3.0507
6420.0	22.149	3.0451
6422.0	22.135	3.0451
6424.0	22.162	3.0507
6426.0	22.148000000000003	3.0507
6428.0	22.134	3.0507
6430.0	22.08	3.0451
6432.0	22.066	3.0451
6434.0	22.011999999999997	3.0395
6436.0	21.998	3.0395
6438.0	21.924	3.0311
6440.0	21.87	3.0255
6442.0	21.855999999999998	3.0255
6444.0	21.843000000000004	3.0255
6446.0	21.87	3.0311
6448.0	21.855999999999998	3.0311
6450.0	21.842	3.0311
6452.0	21.889	3.0395
6454.0	21.875999999999998	3.0395
6456.0	21.862	3.0395
6458.0	21.849	3.0395
6460.0	21.835	3.0395
6462.0	21.862	3.0451
6464.0	21.848000000000003	3.0451
6466.0	21.795	3.0395
6468.0	21.781	3.0395
6470.0	21.668000000000003	3.0255
6472.0	21.614	3.0199
6474.0	21.541	3.0116
6476.0	21.488000000000003	3.0061
6478.0	21.436	3.0005
6480.0	21.423000000000002	3.0005
6482.0	21.39	2.9978
6484.0	21.375999999999998	2.9978
6486.0	21.383000000000003	3.0005
6488.0	21.37	3.0005
6490.0	21.396	3.0061
6492.0	21.383000000000003	3.0061
6494.0	21.409000000000002	3.0116
6496.0	21.355999999999998	3.0061
6498.0	21.304000000000002	3.0005
6500.0	21.271	2.9978
6502.0	21.219	2.9923
6504.0	21.128	2.9813
6506.0	21.057	2.973
6508.0	21.005	2.9676
6510.0	20.991999999999997	2.9676
6512.0	20.921999999999997	2.9594
6514.0	20.87	2.9539
6516.0	20.819000000000003	2.9485
6518.0	20.805999999999997	2.9485
6520.0	20.698	2.9349
6522.0	20.628	2.9268
6524.0	20.578000000000003	2.9215
6526.0	20.489	2.9107
6528.0	20.458	2.908
6530.0	20.408	2.9027
6532.0	20.395	2.9027
6534.0	20.345	2.8973
6536.0	20.333	2.8973
6538.0	20.283	2.892
6540.0	20.252	2.8894
6542.0	20.24	2.8894
6544.0	20.19	2.884
6546.0	20.14	2.8787
6548.0	20.128	2.8787
6550.0	20.06	2.8708
6552.0	19.974	2.8602
6554.0	19.962	2.8602
6556.0	19.895	2.8523
6558.0	19.846	2.8471
6560.0	19.834	2.8471
6562.0	19.822	2.8471
6564.0	19.81	2.8471
6566.0	19.798	2.8471
6568.0	19.785999999999998	2.8471
6570.0	19.737000000000002	2.8418
6572.0	19.707	2.8392
6574.0	19.695	2.8392
6576.0	19.701	2.8418
6578.0	19.726	2.8471
6580.0	19.714000000000002	2.8471
6582.0	19.738	2.8523
6584.0	19.726	2.8523
6586.0	19.769000000000002	2.8602
6588.0	19.757	2.8602
6590.0	19.781	2.8655
6592.0	19.769000000000002	2.8655
6594.0	19.848	2.8787
6596.0	19.873	2.884
6598.0	19.897000000000002	2.8894
6600.0	19.904	2.892
6602.0	19.892	2.892
6604.0	19.916	2.8973
6606.0	19.904	2.8973
6608.0	19.892	2.8973
6610.0	19.917	2.9027
6612.0	19.941	2.908
6614.0	19.984	2.9161
6616.0	20.009	2.9215
6618.0	19.997	2.9215
6620.0	19.985	2.9215
6622.0	19.973	2.9215
6624.0	19.961	2.9215
6626.0	19.949	2.9215
6628.0	19.937	2.9215
6630.0	19.962	2.9268
6632.0	19.968	2.9295
6634.0	19.993	2.9349
6636.0	20.017	2.9404
6638.0	20.005	2.9404
6640.0	20.049	2.9485
6642.0	20.035999999999998	2.9485
6644.0	20.024	2.9485
6646.0	20.012	2.9485
6648.0	20.0	2.9485
6650.0	19.988	2.9485
6652.0	19.976	2.9485
6654.0	19.964000000000002	2.9485
6656.0	19.952	2.9485
6658.0	19.94	2.9485
6660.0	19.928	2.9485
6662.0	19.916	2.9485
6664.0	19.849	2.9404
6666.0	19.838	2.9404
6668.0	19.789	2.9349
6670.0	19.777	2.9349
6672.0	19.766	2.9349
6674.0	19.754	2.9349
6676.0	19.742	2.9349
6678.0	19.73	2.9349
6680.0	19.718	2.9349
6682.0	19.706	2.9349
6684.0	19.695	2.9349
6686.0	19.683	2.9349
6688.0	19.671	2.9349
6690.0	19.695999999999998	2.9404
6692.0	19.684	2.9404
6694.0	19.726	2.9485
6696.0	19.715	2.9485
6698.0	19.739	2.9539
6700.0	19.727	2.9539
6702.0	19.715999999999998	2.9539
6704.0	19.704	2.9539
6706.0	19.692	2.9539
6708.0	19.68	2.9539
6710.0	19.632	2.9485
6712.0	19.621	2.9485
6714.0	19.609	2.9485
6716.0	19.597	2.9485
6718.0	19.586	2.9485
6720.0	19.574	2.9485
6722.0	19.599	2.9539
6724.0	19.587	2.9539
6726.0	19.575	2.9539
6728.0	19.528	2.9485
6730.0	19.462	2.9404
6732.0	19.415	2.9349
6734.0	19.367	2.9295
6736.0	19.303	2.9215
6738.0	19.291	2.9215
6740.0	19.28	2.9215
6742.0	19.304000000000002	2.9268
6744.0	19.31	2.9295
6746.0	19.299	2.9295
6748.0	19.323	2.9349
6750.0	19.311	2.9349
6752.0	19.3	2.9349
6754.0	19.253	2.9295
6756.0	19.224	2.9268
6758.0	19.213	2.9268
6760.0	19.166	2.9215
6762.0	19.155	2.9215
6764.0	19.143	2.9215
6766.0	19.132	2.9215
6768.0	19.085	2.9161
6770.0	19.109	2.9215
6772.0	19.133	2.9268
6774.0	19.139	2.9295
6776.0	19.163	2.9349
6778.0	19.152	2.9349
6780.0	19.141	2.9349
6782.0	19.165	2.9404
6784.0	19.154	2.9404
6786.0	19.195	2.9485
6788.0	19.184	2.9485
6790.0	19.173	2.9485
6792.0	19.160999999999998	2.9485
6794.0	19.15	2.9485
6796.0	19.086	2.9404
6798.0	19.04	2.9349
6800.0	18.993	2.9295
6802.0	18.965	2.9268
6804.0	18.954	2.9268
6806.0	18.942	2.9268
6808.0	18.897000000000002	2.9215
6810.0	18.885	2.9215
6812.0	18.874000000000002	2.9215
6814.0	18.863	2.9215
6816.0	18.817	2.9161
6818.0	18.805999999999997	2.9161
6820.0	18.795	2.9161
6822.0	18.75	2.9107
6824.0	18.722	2.908
6826.0	18.711	2.908
6828.0	18.665	2.9027
6830.0	18.654	2.9027
6832.0	18.643	2.9027
6834.0	18.667	2.908
6836.0	18.656	2.908
6838.0	18.645	2.908
6840.0	18.651	2.9107
6842.0	18.675	2.9161
6844.0	18.664	2.9161
6846.0	18.619	2.9107
6848.0	18.608	2.9107
6850.0	18.58	2.908
6852.0	18.569000000000003	2.908
6854.0	18.558	2.908
6856.0	18.53	2.9054
6858.0	18.519000000000002	2.9054
6860.0	18.509	2.9054
6862.0	18.498	2.9054
6864.0	18.47	2.9027
6866.0	18.459	2.9027
6868.0	18.448	2.9027
6870.0	18.438	2.9027
6872.0	18.41	2.9
6874.0	18.399	2.9
6876.0	18.389	2.9
6878.0	18.378	2.9
6880.0	18.35	2.8973
6882.0	18.34	2.8973
6884.0	18.329	2.8973
6886.0	18.317999999999998	2.8973
6888.0	18.291	2.8947
6890.0	18.28	2.8947
6892.0	18.27	2.8947
6894.0	18.259	2.8947
6896.0	18.248	2.8947
6898.0	18.221	2.892
6900.0	18.21	2.892
6902.0	18.2	2.892
6904.0	18.189	2.892
6906.0	18.179000000000002	2.892
6908.0	18.168	2.892
6910.0	18.141	2.8894
6912.0	18.131	2.8894
6914.0	18.12	2.8894
6916.0	18.11	2.8894
6918.0	18.099	2.8894
6920.0	18.089000000000002	2.8894
6922.0	18.062	2.8867
6924.0	18.051	2.8867
6926.0	18.041	2.8867
6928.0	18.03	2.8867
6930.0	18.02	2.8867
6932.0	18.01	2.8867
6934.0	17.999000000000002	2.8867
6936.0	17.972	2.884
6938.0	17.962	2.884
6940.0	17.952	2.884
6942.0	17.941	2.884
6944.0	17.930999999999997	2.884
6946.0	17.921	2.884
6948.0	17.91	2.884
6950.0	17.9	2.884
6952.0	17.972	2.8973
6954.0	17.962	2.8973
6956.0	17.952	2.8973
6958.0	17.941	2.8973
6960.0	17.930999999999997	2.8973
6962.0	17.921	2.8973
6964.0	17.91	2.8973
6966.0	17.9	2.8973
6968.0	17.89	2.8973
6970.0	17.879	2.8973
6972.0	17.82	2.8894
6974.0	17.81	2.8894
6976.0	17.767	2.884
6978.0	17.675	2.8708
6980.0	17.632	2.8655
6982.0	17.59	2.8602
6984.0	17.531	2.8523
6986.0	17.521	2.8523
6988.0	17.511	2.8523
6990.0	17.500999999999998	2.8523
6992.0	17.491	2.8523
6994.0	17.480999999999998	2.8523
6996.0	17.519000000000002	2.8602
6998.0	17.574	2.8708
7000.0	17.613	2.8787
7002.0	17.635	2.884
7004.0	17.674	2.892
7006.0	17.729	2.9027
7008.0	17.686	2.8973
7010.0	17.676	2.8973
7012.0	17.633	2.892
7014.0	17.575	2.884
7016.0	17.532	2.8787
7018.0	17.474	2.8708
7020.0	17.432000000000002	2.8655
7022.0	17.39	2.8602
7024.0	17.38	2.8602
7026.0	17.37	2.8602
7028.0	17.36	2.8602
7030.0	17.35	2.8602
7032.0	17.340999999999998	2.8602
7034.0	17.331	2.8602
7036.0	17.352999999999998	2.8655
7038.0	17.343	2.8655
7040.0	17.333	2.8655
7042.0	17.323	2.8655
7044.0	17.282	2.8602
7046.0	17.272000000000002	2.8602
7048.0	17.214000000000002	2.8523
7050.0	17.173	2.8471
7052.0	17.116	2.8392
7054.0	17.075	2.834
7056.0	17.033	2.8288
7058.0	17.024	2.8288
7060.0	16.983	2.8236
7062.0	17.005	2.8288
7064.0	17.026	2.834
7066.0	17.017	2.834
7068.0	17.038	2.8392
7070.0	17.076	2.8471
7072.0	17.145	2.8602
7074.0	17.135	2.8602
7076.0	17.157	2.8655
7078.0	17.147000000000002	2.8655
7080.0	17.169	2.8708
7082.0	17.207	2.8787
7084.0	17.197	2.8787
7086.0	17.188	2.8787
7088.0	17.178	2.8787
7090.0	17.168	2.8787
7092.0	17.159000000000002	2.8787
7094.0	17.07	2.8655
7096.0	17.029	2.8602
7098.0	16.941	2.8471
7100.0	16.854	2.834
7102.0	16.767	2.821
7104.0	16.695999999999998	2.8106
7106.0	16.641	2.8028
7108.0	16.601	2.7977
7110.0	16.561	2.7925
7112.0	16.551	2.7925
7114.0	16.542	2.7925
7116.0	16.533	2.7925
7118.0	16.585	2.8028
7120.0	16.621	2.8106
7122.0	16.673	2.821
7124.0	16.71	2.8288
7126.0	16.762	2.8392
7128.0	16.83	2.8523
7130.0	16.867	2.8602
7132.0	16.92	2.8708
7134.0	16.957	2.8787
7136.0	16.979	2.884
7138.0	17.000999999999998	2.8894
7140.0	16.991	2.8894
7142.0	16.982	2.8894
7144.0	16.972	2.8894
7146.0	16.963	2.8894
7148.0	16.953	2.8894
7150.0	16.913	2.884
7152.0	16.903	2.884
7154.0	16.863	2.8787
7156.0	16.852999999999998	2.8787
7158.0	16.844	2.8787
7160.0	16.788	2.8708
7162.0	16.748	2.8655
7164.0	16.707	2.8602
7166.0	16.698	2.8602
7168.0	16.612000000000002	2.8471
7170.0	16.557000000000002	2.8392
7172.0	16.487000000000002	2.8288
7174.0	16.402	2.8158
7176.0	16.333	2.8054
7178.0	16.308	2.8028
7180.0	16.269000000000002	2.7977
7182.0	16.23	2.7925
7184.0	16.221	2.7925
7186.0	16.212	2.7925
7188.0	16.203	2.7925
7190.0	16.194000000000003	2.7925
7192.0	16.185	2.7925
7194.0	16.176	2.7925
7196.0	16.167	2.7925
7198.0	16.188	2.7977
7200.0	16.179000000000002	2.7977
7202.0	16.2	2.8028
7204.0	16.236	2.8106
7206.0	16.257	2.8158
7208.0	16.278	2.821
7210.0	16.314	2.8288
7212.0	16.365	2.8392
7214.0	16.355999999999998	2.8392
7216.0	16.347	2.8392
7218.0	16.338	2.8392
7220.0	16.328	2.8392
7222.0	16.289	2.834
7224.0	16.28	2.834
7226.0	16.241	2.8288
7228.0	16.188	2.821
7230.0	16.149	2.8158
7232.0	16.11	2.8106
7234.0	16.101	2.8106
7236.0	16.063	2.8054
7238.0	16.039	2.8028
7240.0	16.03	2.8028
7242.0	15.992	2.7977
7244.0	15.954	2.7925
7246.0	15.945	2.7925
7248.0	15.936	2.7925
7250.0	15.927	2.7925
7252.0	15.919	2.7925
7254.0	15.91	2.7925
7256.0	15.901	2.7925
7258.0	15.922	2.7977
7260.0	15.913	2.7977
7262.0	15.904000000000002	2.7977
7264.0	15.895	2.7977
7266.0	15.887	2.7977
7268.0	15.878	2.7977
7270.0	15.869000000000002	2.7977
7272.0	15.86	2.7977
7274.0	15.852	2.7977
7276.0	15.843	2.7977
7278.0	15.834000000000001	2.7977
7280.0	15.825999999999999	2.7977
7282.0	15.817	2.7977
7284.0	15.779000000000002	2.7925
7286.0	15.77	2.7925
7288.0	15.718	2.7848
7290.0	15.681	2.7797
7292.0	15.642999999999999	2.7746
7294.0	15.562999999999999	2.7619
7296.0	15.482999999999999	2.7492
7298.0	15.402999999999999	2.7365
7300.0	15.395	2.7365
7302.0	15.386	2.7365
7304.0	15.35	2.7315
7306.0	15.37	2.7365
7308.0	15.360999999999999	2.7365
7310.0	15.367	2.7391
7312.0	15.387	2.7441
7314.0	15.435	2.7542
7316.0	15.440999999999999	2.7568
7318.0	15.489	2.7669
7320.0	15.524000000000001	2.7746
7322.0	15.515	2.7746
7324.0	15.535	2.7797
7326.0	15.527000000000001	2.7797
7328.0	15.519	2.7797
7330.0	15.539000000000001	2.7848
7332.0	15.53	2.7848
7334.0	15.522	2.7848
7336.0	15.513	2.7848
7338.0	15.475999999999999	2.7797
7340.0	15.468	2.7797
7342.0	15.459000000000001	2.7797
7344.0	15.450999999999999	2.7797
7346.0	15.443	2.7797
7348.0	15.434000000000001	2.7797
7350.0	15.425999999999998	2.7797
7352.0	15.446	2.7848
7354.0	15.409	2.7797
7356.0	15.401	2.7797
7358.0	15.364	2.7746
7360.0	15.356	2.7746
7362.0	15.305	2.7669
7364.0	15.24	2.7568
7366.0	15.218	2.7542
7368.0	15.154000000000002	2.7441
7370.0	15.118	2.7391
7372.0	15.095999999999998	2.7365
7374.0	15.087	2.7365
7376.0	15.079	2.7365
7378.0	15.071	2.7365
7380.0	15.062999999999999	2.7365
7382.0	15.069	2.7391
7384.0	15.06	2.7391
7386.0	15.038	2.7365
7388.0	15.03	2.7365
7390.0	15.022	2.7365
7392.0	15.027999999999999	2.7391
7394.0	15.047	2.7441
7396.0	15.067	2.7492
7398.0	15.087	2.7542
7400.0	15.092	2.7568
7402.0	15.112	2.7619
7404.0	15.104000000000001	2.7619
7406.0	15.095999999999998	2.7619
7408.0	15.088	2.7619
7410.0	15.107000000000001	2.7669
7412.0	15.099	2.7669
7414.0	15.091	2.7669
7416.0	15.083	2.7669
7418.0	15.047	2.7619
7420.0	15.011	2.7568
7422.0	15.003	2.7568
7424.0	14.981	2.7542
7426.0	14.972999999999999	2.7542
7428.0	14.965	2.7542
7430.0	14.929	2.7492
7432.0	14.921	2.7492
7434.0	14.886	2.7441
7436.0	14.850999999999999	2.7391
7438.0	14.829	2.7365
7440.0	14.794	2.7315
7442.0	14.786	2.7315
7444.0	14.751	2.7265
7446.0	14.743	2.7265
7448.0	14.762	2.7315
7450.0	14.754000000000001	2.7315
7452.0	14.745999999999999	2.7315
7454.0	14.738	2.7315
7456.0	14.73	2.7315
7458.0	14.695	2.7265
7460.0	14.687000000000001	2.7265
7462.0	14.679	2.7265
7464.0	14.672	2.7265
7466.0	14.664000000000001	2.7265
7468.0	14.655999999999999	2.7265
7470.0	14.648	2.7265
7472.0	14.64	2.7265
7474.0	14.632	2.7265
7476.0	14.625	2.7265
7478.0	14.617	2.7265
7480.0	14.609000000000002	2.7265
7482.0	14.600999999999999	2.7265
7484.0	14.593	2.7265
7486.0	14.585999999999999	2.7265
7488.0	14.578	2.7265
7490.0	14.57	2.7265
7492.0	14.522	2.7189
7494.0	14.514000000000001	2.7189
7496.0	14.505999999999998	2.7189
7498.0	14.539000000000001	2.7265
7500.0	14.491	2.7189
7502.0	14.482999999999999	2.7189
7504.0	14.449000000000002	2.7139
7506.0	14.440999999999999	2.7139
7508.0	14.46	2.7189
7510.0	14.492	2.7265
7512.0	14.511	2.7315
7514.0	14.53	2.7365
7516.0	14.536	2.7391
7518.0	14.555	2.7441
7520.0	14.520999999999999	2.7391
7522.0	14.5	2.7365
7524.0	14.492	2.7365
7526.0	14.457	2.7315
7528.0	14.45	2.7315
7530.0	14.415999999999999	2.7265
7532.0	14.408	2.7265
7534.0	14.36	2.7189
7536.0	14.353	2.7189
7538.0	14.319	2.7139
7540.0	14.311	2.7139
7542.0	14.277000000000001	2.7089
7544.0	14.23	2.7015
7546.0	14.197000000000001	2.6965
7548.0	14.163	2.6915
7550.0	14.273	2.7139
7552.0	14.265999999999998	2.7139
7554.0	14.258	2.7139
7556.0	14.251	2.7139
7558.0	14.23	2.7114
7560.0	14.222999999999999	2.7114
7562.0	14.215	2.7114
7564.0	14.207	2.7114
7566.0	14.2	2.7114
7568.0	14.179	2.7089
7570.0	14.172	2.7089
7572.0	14.164000000000001	2.7089
7574.0	14.157	2.7089
7576.0	14.136	2.7064
7578.0	14.129000000000001	2.7064
7580.0	14.122	2.7064
7582.0	14.100999999999999	2.704
7584.0	14.094000000000001	2.704
7586.0	14.085999999999999	2.704
7588.0	14.079	2.704
7590.0	14.058	2.7015
7592.0	14.050999999999998	2.7015
7594.0	14.044	2.7015
7596.0	14.036	2.7015
7598.0	14.015999999999998	2.699
7600.0	14.009	2.699
7602.0	14.001	2.699
7604.0	13.981	2.6965
7606.0	13.974	2.6965
7608.0	13.966	2.6965
7610.0	13.959000000000001	2.6965
7612.0	13.939	2.694
7614.0	13.931	2.694
7616.0	13.924000000000001	2.694
7618.0	13.904000000000002	2.6915
7620.0	13.897	2.6915
7622.0	13.889000000000001	2.6915
7624.0	13.882	2.6915
7626.0	13.862	2.689
7628.0	13.855	2.689
7630.0	13.847000000000001	2.689
7632.0	13.827	2.6866
7634.0	13.82	2.6866
7636.0	13.812999999999999	2.6866
7638.0	13.793	2.6841
7640.0	13.786	2.6841
7642.0	13.779000000000002	2.6841
7644.0	13.759	2.6816
7646.0	13.752	2.6816
7648.0	13.744000000000002	2.6816
7650.0	13.725	2.6792
7652.0	13.717	2.6792
7654.0	13.71	2.6792
7656.0	13.69	2.6767
7658.0	13.683	2.6767
7660.0	13.675999999999998	2.6767
7662.0	13.655999999999999	2.6742
7664.0	13.649000000000001	2.6742
7666.0	13.642000000000001	2.6742
7668.0	13.622	2.6718
7670.0	13.615	2.6718
7672.0	13.595999999999998	2.6693
7674.0	13.589	2.6693
7676.0	13.582	2.6693
7678.0	13.562000000000001	2.6669
7680.0	13.555	2.6669
7682.0	13.548	2.6669
7684.0	13.527999999999999	2.6644
7686.0	13.520999999999999	2.6644
7688.0	13.514000000000001	2.6644
7690.0	13.495	2.6619
7692.0	13.401	2.6448
7694.0	13.394	2.6448
7696.0	13.412	2.6497
7698.0	13.405	2.6497
7700.0	13.423	2.6546
7702.0	13.415999999999999	2.6546
7704.0	13.384	2.6497
7706.0	13.353	2.6448
7708.0	13.37	2.6497
7710.0	13.363	2.6497
7712.0	13.380999999999998	2.6546
7714.0	13.386	2.6571
7716.0	13.404000000000002	2.6619
7718.0	13.422	2.6669
7720.0	13.39	2.6619
7722.0	13.383	2.6619
7724.0	13.376	2.6619
7726.0	13.332	2.6546
7728.0	13.300999999999998	2.6497
7730.0	13.27	2.6448
7732.0	13.225999999999999	2.6375
7734.0	13.219000000000001	2.6375
7736.0	13.187999999999999	2.6327
7738.0	13.181	2.6327
7740.0	13.175	2.6327
7742.0	13.144	2.6278
7744.0	13.137	2.6278
7746.0	13.13	2.6278
7748.0	13.123	2.6278
7750.0	13.116	2.6278
7752.0	13.134	2.6327
7754.0	13.127	2.6327
7756.0	13.145	2.6375
7758.0	13.174000000000001	2.6448
7760.0	13.167	2.6448
7762.0	13.161	2.6448
7764.0	13.117	2.6375
7766.0	13.087	2.6327
7768.0	13.056	2.6278
7770.0	13.049000000000001	2.6278
7772.0	13.005999999999998	2.6206
7774.0	12.975999999999999	2.6158
7776.0	12.969000000000001	2.6158
7778.0	12.962	2.6158
7780.0	12.956	2.6158
7782.0	12.925	2.611
7784.0	12.907	2.6085
7786.0	12.9	2.6085
7788.0	12.87	2.6038
7790.0	12.863	2.6038
7792.0	12.856	2.6038
7794.0	12.825999999999999	2.599
7796.0	12.82	2.599
7798.0	12.79	2.5942
7800.0	12.783	2.5942
7802.0	12.765	2.5918
7804.0	12.758	2.5918
7806.0	12.728	2.587
7808.0	12.698	2.5823
7810.0	12.668	2.5775
7812.0	12.685	2.5823
7814.0	12.702	2.587
7816.0	12.696	2.587
7818.0	12.712	2.5918
7820.0	12.706	2.5918
7822.0	12.710999999999999	2.5942
7824.0	12.705	2.5942
7826.0	12.698	2.5942
7828.0	12.692	2.5942
7830.0	12.732000000000001	2.6038
7832.0	12.749	2.6085
7834.0	12.777999999999999	2.6158
7836.0	12.770999999999999	2.6158
7838.0	12.741	2.611
7840.0	12.722999999999999	2.6085
7842.0	12.693	2.6038
7844.0	12.663	2.599
7846.0	12.622	2.5918
7848.0	12.592	2.587
7850.0	12.562999999999999	2.5823
7852.0	12.522	2.5751
7854.0	12.515	2.5751
7856.0	12.509	2.5751
7858.0	12.502	2.5751
7860.0	12.508	2.5775
7862.0	12.524000000000001	2.5823
7864.0	12.540999999999999	2.587
7866.0	12.535	2.587
7868.0	12.527999999999999	2.587
7870.0	12.522	2.587
7872.0	12.492	2.5823
7874.0	12.463	2.5775
7876.0	12.422	2.5704
7878.0	12.415999999999999	2.5704
7880.0	12.387	2.5657
7882.0	12.380999999999998	2.5657
7884.0	12.374	2.5657
7886.0	12.368	2.5657
7888.0	12.385	2.5704
7890.0	12.401	2.5751
7892.0	12.429	2.5823
7894.0	12.446	2.587
7896.0	12.463	2.5918
7898.0	12.456	2.5918
7900.0	12.45	2.5918
7902.0	12.444	2.5918
7904.0	12.414000000000001	2.587
7906.0	12.385	2.5823
7908.0	12.379000000000001	2.5823
7910.0	12.395999999999999	2.587
7912.0	12.389000000000001	2.587
7914.0	12.383	2.587
7916.0	12.4	2.5918
7918.0	12.392999999999999	2.5918
7920.0	12.387	2.5918
7922.0	12.357999999999999	2.587
7924.0	12.352	2.587
7926.0	12.323	2.5823
7928.0	12.294	2.5775
7930.0	12.276	2.5751
7932.0	12.225	2.5657
7934.0	12.219000000000001	2.5657
7936.0	12.213	2.5657
7938.0	12.173	2.5586
7940.0	12.200999999999999	2.5657
7942.0	12.194	2.5657
7944.0	12.210999999999999	2.5704
7946.0	12.205	2.5704
7948.0	12.220999999999998	2.5751
7950.0	12.225999999999999	2.5775
7952.0	12.186	2.5704
7954.0	12.158	2.5657
7956.0	12.118	2.5586
7958.0	12.09	2.5539
7960.0	12.083	2.5539
7962.0	12.055	2.5492
7964.0	12.049000000000001	2.5492
7966.0	12.065	2.5539
7968.0	12.059000000000001	2.5539
7970.0	12.030999999999999	2.5492
7972.0	11.992	2.5421
7974.0	11.964	2.5375
7976.0	11.958	2.5375
7978.0	11.952	2.5375
7980.0	11.924000000000001	2.5328
7982.0	11.94	2.5375
7984.0	11.934000000000001	2.5375
7986.0	11.95	2.5421
7988.0	11.944	2.5421
7990.0	11.937999999999999	2.5421
7992.0	11.91	2.5375
7994.0	11.904000000000002	2.5375
7996.0	11.898	2.5375
7998.0	11.892000000000001	2.5375
8000.0	11.940999999999999	2.5492
8002.0	11.957	2.5539
8004.0	12.005999999999998	2.5657
8006.0	12.0	2.5657
8008.0	11.994000000000002	2.5657
8010.0	11.988	2.5657
8012.0	11.982000000000001	2.5657
8014.0	11.921	2.5539
8016.0	11.860999999999999	2.5421
8018.0	11.833	2.5375
8020.0	11.827	2.5375
8022.0	11.821	2.5375
8024.0	11.815	2.5375
8026.0	11.831	2.5421
8028.0	11.857999999999999	2.5492
8030.0	11.852	2.5492
8032.0	11.845999999999998	2.5492
8034.0	11.84	2.5492
8036.0	11.834000000000001	2.5492
8038.0	11.828	2.5492
8040.0	11.79	2.5421
8042.0	11.784	2.5421
8044.0	11.777999999999999	2.5421
8046.0	11.772	2.5421
8048.0	11.765999999999998	2.5421
8050.0	11.739	2.5375
8052.0	11.732999999999999	2.5375
8054.0	11.727	2.5375
8056.0	11.7	2.5328
8058.0	11.694	2.5328
8060.0	11.687999999999999	2.5328
8062.0	11.672	2.5305
8064.0	11.644	2.5258
8066.0	11.617	2.5211
8068.0	11.59	2.5165
8070.0	11.552	2.5096
8072.0	11.525	2.505
8074.0	11.540999999999999	2.5096
8076.0	11.535	2.5096
8078.0	11.53	2.5096
8080.0	11.545	2.5142
8082.0	11.571	2.5211
8084.0	11.587	2.5258
8086.0	11.581	2.5258
8088.0	11.575	2.5258
8090.0	11.57	2.5258
8092.0	11.543	2.5211
8094.0	11.537	2.5211
8096.0	11.51	2.5165
8098.0	11.494000000000002	2.5142
8100.0	11.488	2.5142
8102.0	11.482999999999999	2.5142
8104.0	11.456	2.5096
8106.0	11.397	2.498
8108.0	11.370999999999999	2.4934
8110.0	11.386	2.498
8112.0	11.390999999999998	2.5003
8114.0	11.405999999999999	2.505
8116.0	11.422	2.5096
8118.0	11.448	2.5165
8120.0	11.463	2.5211
8122.0	11.458	2.5211
8124.0	11.452	2.5211
8126.0	11.446	2.5211
8128.0	11.440999999999999	2.5211
8130.0	11.404000000000002	2.5142
8132.0	11.377	2.5096
8134.0	11.370999999999999	2.5096
8136.0	11.345	2.505
8138.0	11.318	2.5003
8140.0	11.312999999999999	2.5003
8142.0	11.328	2.505
8144.0	11.343	2.5096
8146.0	11.338	2.5096
8148.0	11.332	2.5096
8150.0	11.327	2.5096
8152.0	11.3	2.505
8154.0	11.274000000000001	2.5003
8156.0	11.237	2.4934
8158.0	11.210999999999999	2.4888
8160.0	11.175	2.482
8162.0	11.149000000000001	2.4774
8164.0	11.142999999999999	2.4774
8166.0	11.138	2.4774
8168.0	11.132	2.4774
8170.0	11.147	2.482
8172.0	11.142000000000001	2.482
8174.0	11.167	2.4888
8176.0	11.162	2.4888
8178.0	11.155999999999999	2.4888
8180.0	11.151	2.4888
8182.0	11.145999999999999	2.4888
8184.0	11.109000000000002	2.482
8186.0	11.083	2.4774
8188.0	11.058	2.4729
8190.0	11.052	2.4729
8192.0	11.015999999999998	2.466
8194.0	10.991	2.4615
8196.0	11.005999999999998	2.466
8198.0	11.0	2.466
8200.0	11.025	2.4729
8202.0	11.061	2.482
8204.0	11.085999999999999	2.4888
8206.0	11.132	2.5003
8208.0	11.167	2.5096
8210.0	11.213	2.5211
8212.0	11.249	2.5305
8214.0	11.222999999999999	2.5258
8216.0	11.218	2.5258
8218.0	11.212	2.5258
8220.0	11.155	2.5142
8222.0	11.109000000000002	2.505
8224.0	11.052	2.4934
8226.0	10.995999999999999	2.482
8228.0	10.92	2.466
8230.0	10.845	2.4502
8232.0	10.8	2.4412
8234.0	10.765	2.4344
8236.0	10.71	2.4233
8238.0	10.734000000000002	2.43
8240.0	10.749	2.4344
8242.0	10.764000000000001	2.4389
8244.0	10.758	2.4389
8246.0	10.763	2.4412
8248.0	10.758	2.4412
8250.0	10.772	2.4457
8252.0	10.767000000000001	2.4457
8254.0	10.782	2.4502
8256.0	10.777000000000001	2.4502
8258.0	10.770999999999999	2.4502
8260.0	10.765999999999998	2.4502
8262.0	10.761	2.4502
8264.0	10.755999999999998	2.4502
8266.0	10.751	2.4502
8268.0	10.745	2.4502
8270.0	10.72	2.4457
8272.0	10.715	2.4457
8274.0	10.69	2.4412
8276.0	10.675	2.4389
8278.0	10.67	2.4389
8280.0	10.665	2.4389
8282.0	10.66	2.4389
8284.0	10.635	2.4344
8286.0	10.63	2.4344
8288.0	10.625	2.4344
8290.0	10.62	2.4344
8292.0	10.615	2.4344
8294.0	10.609000000000002	2.4344
8296.0	10.624	2.4389
8298.0	10.619000000000002	2.4389
8300.0	10.594000000000001	2.4344
8302.0	10.57	2.43
8304.0	10.564	2.43
8306.0	10.579	2.4344
8308.0	10.574000000000002	2.4344
8310.0	10.588	2.4389
8312.0	10.583	2.4389
8314.0	10.588	2.4412
8316.0	10.583	2.4412
8318.0	10.577	2.4412
8320.0	10.572000000000001	2.4412
8322.0	10.558	2.4389
8324.0	10.533	2.4344
8326.0	10.509	2.43
8328.0	10.504000000000001	2.43
8330.0	10.45	2.4188
8332.0	10.425999999999998	2.4143
8334.0	10.392000000000001	2.4077
8336.0	10.387	2.4077
8338.0	10.411	2.4143
8340.0	10.405999999999999	2.4143
8342.0	10.42	2.4188
8344.0	10.435	2.4233
8346.0	10.458	2.43
8348.0	10.453	2.43
8350.0	10.448	2.43
8352.0	10.443	2.43
8354.0	10.458	2.4344
8356.0	10.453	2.4344
8358.0	10.448	2.4344
8360.0	10.423	2.43
8362.0	10.418	2.43
8364.0	10.366	2.4188
8366.0	10.342	2.4143
8368.0	10.308	2.4077
8370.0	10.265	2.3988
8372.0	10.279000000000002	2.4032
8374.0	10.293	2.4077
8376.0	10.317	2.4143
8378.0	10.312000000000001	2.4143
8380.0	10.307	2.4143
8382.0	10.321	2.4188
8384.0	10.297	2.4143
8386.0	10.264000000000001	2.4077
8388.0	10.24	2.4032
8390.0	10.216000000000001	2.3988
8392.0	10.165	2.3878
8394.0	10.132	2.3812
8396.0	10.107999999999999	2.3768
8398.0	10.085	2.3725
8400.0	10.061	2.3681
8402.0	10.075	2.3725
8404.0	10.07	2.3725
8406.0	10.084	2.3768
8408.0	10.079	2.3768
8410.0	10.075	2.3768
8412.0	10.088	2.3812
8414.0	10.093	2.3834
8416.0	10.107000000000001	2.3878
8418.0	10.121	2.3922
8420.0	10.116	2.3922
8422.0	10.139	2.3988
8424.0	10.152999999999999	2.4032
8426.0	10.148	2.4032
8428.0	10.142999999999999	2.4032
8430.0	10.138	2.4032
8432.0	10.133	2.4032
8434.0	10.129	2.4032
8436.0	10.142999999999999	2.4077
8438.0	10.119	2.4032
8440.0	10.113999999999999	2.4032
8442.0	10.091000000000001	2.3988
8444.0	10.086	2.3988
8446.0	10.054	2.3922
8448.0	10.049	2.3922
8450.0	10.044	2.3922
8452.0	10.039	2.3922
8454.0	10.035	2.3922
8456.0	10.03	2.3922
8458.0	10.025	2.3922
8460.0	10.02	2.3922
8462.0	10.016	2.3922
8464.0	9.9924	2.3878
8466.0	9.9693	2.3834
8468.0	9.9554	2.3812
8470.0	9.9507	2.3812
8472.0	9.9552	2.3834
8474.0	9.9505	2.3834
8476.0	9.9366	2.3812
8478.0	9.932	2.3812
8480.0	9.9273	2.3812
8482.0	9.9317	2.3834
8484.0	9.9453	2.3878
8486.0	9.9406	2.3878
8488.0	9.9543	2.3922
8490.0	9.9496	2.3922
8492.0	9.9449	2.3922
8494.0	9.9402	2.3922
8496.0	9.9173	2.3878
8498.0	9.9126	2.3878
8500.0	9.8806	2.3812
8502.0	9.8578	2.3768
8504.0	9.835	2.3725
8506.0	9.7852	2.3616
8508.0	9.7626	2.3572
8510.0	9.7132	2.3464
8512.0	9.7086	2.3464
8514.0	9.722	2.3507
8516.0	9.7443	2.3572
8518.0	9.7756	2.3659
8520.0	9.8162	2.3768
8522.0	9.8569	2.3878
8524.0	9.8977	2.3988
8526.0	9.9296	2.4077
8528.0	9.9707	2.4188
8530.0	9.9844	2.4233
8532.0	10.007	2.43
8534.0	10.021	2.4344
8536.0	9.998	2.43
8538.0	9.9933	2.43
8540.0	9.961	2.4233
8542.0	9.9198	2.4143
8544.0	9.8514	2.3988
8546.0	9.8016	2.3878
8548.0	9.752	2.3768
8550.0	9.7115	2.3681
8552.0	9.6624	2.3572
8554.0	9.6579	2.3572
8556.0	9.6267	2.3507
8558.0	9.5868	2.3421
8560.0	9.5559	2.3356
8562.0	9.5164	2.327
8564.0	9.4857	2.3206
8566.0	9.4638	2.3163
8568.0	9.4594	2.3163
8570.0	9.4375	2.3121
8572.0	9.4506	2.3163
8574.0	9.4636	2.3206
8576.0	9.4591	2.3206
8578.0	9.4547	2.3206
8580.0	9.4503	2.3206
8582.0	9.4459	2.3206
8584.0	9.4242	2.3163
8586.0	9.3937	2.3099
8588.0	9.3548	2.3014
8590.0	9.3505	2.3014
8592.0	9.3633	2.3057
8594.0	9.3762	2.3099
8596.0	9.3979	2.3163
8598.0	9.3935	2.3163
8600.0	9.4064	2.3206
8602.0	9.3848	2.3163
8604.0	9.3544	2.3099
8606.0	9.3158	2.3014
8608.0	9.3114	2.3014
8610.0	9.3242	2.3057
8612.0	9.3199	2.3057
8614.0	9.3327	2.3099
8616.0	9.3113	2.3057
8618.0	9.3069	2.3057
8620.0	9.3026	2.3057
8622.0	9.2641	2.2972
8624.0	9.2343	2.2909
8626.0	9.213	2.2867
8628.0	9.2088	2.2867
8630.0	9.179	2.2803
8632.0	9.1748	2.2803
8634.0	9.1705	2.2803
8636.0	9.1917	2.2867
8638.0	9.1875	2.2867
8640.0	9.2001	2.2909
8642.0	9.2383	2.3014
8644.0	9.251	2.3057
8646.0	9.2724	2.3121
8648.0	9.3023	2.3206
8650.0	9.3237	2.327
8652.0	9.3366	2.3313
8654.0	9.3495	2.3356
8656.0	9.371	2.3421
8658.0	9.3667	2.3421
8660.0	9.3796	2.3464
8662.0	9.3753	2.3464
8664.0	9.3279	2.3356
8666.0	9.2637	2.3206
8668.0	9.2168	2.3099
8670.0	9.1787	2.3014
8672.0	9.1324	2.2909
8674.0	9.0861	2.2803
8676.0	9.1072	2.2867
8678.0	9.1197	2.2909
8680.0	9.1323	2.2951
8682.0	9.1534	2.3014
8684.0	9.166	2.3057
8686.0	9.1872	2.3121
8688.0	9.1407	2.3014
8690.0	9.1113	2.2951
8692.0	9.0737	2.2867
8694.0	9.0695	2.2867
8696.0	9.082	2.2909
8698.0	9.0778	2.2909
8700.0	9.0737	2.2909
8702.0	9.0695	2.2909
8704.0	9.0653	2.2909
8706.0	9.0445	2.2867
8708.0	9.0404	2.2867
8710.0	9.0362	2.2867
8712.0	9.0071	2.2803
8714.0	8.9699	2.272
8716.0	8.941	2.2657
8718.0	8.8958	2.2553
8720.0	8.859	2.247
8722.0	8.8143	2.2367
8724.0	8.7698	2.2264
8726.0	8.7335	2.2182
8728.0	8.6894	2.208
8730.0	8.6695	2.2039
8732.0	8.6655	2.2039
8734.0	8.6615	2.2039
8736.0	8.6735	2.208
8738.0	8.7096	2.2182
8740.0	8.7377	2.2264
8742.0	8.7579	2.2325
8744.0	8.7539	2.2325
8746.0	8.766	2.2367
8748.0	8.7459	2.2325
8750.0	8.7017	2.2223
8752.0	8.6578	2.2121
8754.0	8.5982	2.1978
8756.0	8.5548	2.1878
8758.0	8.4959	2.1737
8760.0	8.4765	2.1697
8762.0	8.4882	2.1737
8764.0	8.4921	2.1757
8766.0	8.5039	2.1797
8768.0	8.5314	2.1878
8770.0	8.551	2.1938
8772.0	8.5867	2.2039
8774.0	8.5986	2.208
8776.0	8.6105	2.2121
8778.0	8.5907	2.208
8780.0	8.5316	2.1938
8782.0	8.4574	2.1757
8784.0	8.4146	2.1657
8786.0	8.4108	2.1657
8788.0	8.3684	2.1558
8790.0	8.38	2.1597
8792.0	8.4303	2.1737
8794.0	8.481	2.1878
8796.0	8.5162	2.1978
8798.0	8.536	2.2039
8800.0	8.5321	2.2039
8802.0	8.5282	2.2039
8804.0	8.4851	2.1938
8806.0	8.4268	2.1797
8808.0	8.3997	2.1737
8810.0	8.3805	2.1697
8812.0	8.3612	2.1657
8814.0	8.3344	2.1597
8816.0	8.3536	2.1657
8818.0	8.3498	2.1657
8820.0	8.3461	2.1657
8822.0	8.3731	2.1737
8824.0	8.4079	2.1837
8826.0	8.4429	2.1938
8828.0	8.4546	2.1978
8830.0	8.4742	2.2039
8832.0	8.5016	2.2121
8834.0	8.4978	2.2121
8836.0	8.4783	2.208
8838.0	8.4745	2.208
8840.0	8.4706	2.208
8842.0	8.4512	2.2039
8844.0	8.4474	2.2039
8846.0	8.4202	2.1978
8848.0	8.401	2.1938
8850.0	8.374	2.1878
8852.0	8.3779	2.1898
8854.0	8.3896	2.1938
8856.0	8.4012	2.1978
8858.0	8.4207	2.2039
8860.0	8.4324	2.208
8862.0	8.4675	2.2182
8864.0	8.4248	2.208
8866.0	8.4056	2.2039
8868.0	8.3785	2.1978
8870.0	8.3209	2.1837
8872.0	8.2485	2.1657
8874.0	8.1918	2.1518
8876.0	8.1505	2.1419
8878.0	8.1094	2.1321
8880.0	8.076	2.1242
8882.0	8.0723	2.1242
8884.0	8.0836	2.1281
8886.0	8.0799	2.1281
8888.0	8.0763	2.1281
8890.0	8.0875	2.1321
8892.0	8.1063	2.138
8894.0	8.0803	2.1321
8896.0	8.0618	2.1281
8898.0	8.0582	2.1281
8900.0	8.0694	2.1321
8902.0	8.088	2.138
8904.0	8.0993	2.1419
8906.0	8.0957	2.1419
8908.0	8.0771	2.138
8910.0	8.0513	2.1321
8912.0	8.0329	2.1281
8914.0	8.0071	2.1223
8916.0	7.9741	2.1145
8918.0	7.9705	2.1145
8920.0	7.9816	2.1184
8922.0	7.978	2.1184
8924.0	7.9598	2.1145
8926.0	7.9343	2.1086
8928.0	7.9015	2.1009
8930.0	7.898	2.1009
8932.0	7.8945	2.1009
8934.0	7.8909	2.1009
8936.0	7.8874	2.1009
8938.0	7.8839	2.1009
8940.0	7.8948	2.1047
8942.0	7.8768	2.1009
8944.0	7.8516	2.0951
8946.0	7.8192	2.0874
8948.0	7.8157	2.0874
8950.0	7.8122	2.0874
8952.0	7.8087	2.0874
8954.0	7.8052	2.0874
8956.0	7.8017	2.0874
8958.0	7.7982	2.0874
8960.0	7.7947	2.0874
8962.0	7.7341	2.0721
8964.0	7.6881	2.0606
8966.0	7.6634	2.0549
8968.0	7.66	2.0549
8970.0	7.6566	2.0549
8972.0	7.6532	2.0549
8974.0	7.671	2.0606
8976.0	7.6958	2.0682
8978.0	7.6924	2.0682
8980.0	7.6748	2.0644
8982.0	7.6502	2.0587
8984.0	7.6327	2.0549
8986.0	7.6293	2.0549
8988.0	7.64	2.0587
8990.0	7.6437	2.0606
8992.0	7.6684	2.0682
8994.0	7.6863	2.074
8996.0	7.697	2.0778
8998.0	7.6794	2.074
9000.0	7.669	2.0721
9002.0	7.6514	2.0682
9004.0	7.6622	2.0721
9006.0	7.6658	2.074
9008.0	7.6765	2.0778
9010.0	7.6872	2.0816
9012.0	7.6838	2.0816
9014.0	7.7016	2.0874
9016.0	7.6629	2.0778
9018.0	7.6243	2.0682
9020.0	7.5929	2.0606
9022.0	7.5686	2.0549
9024.0	7.5305	2.0455
9026.0	7.4995	2.038
9028.0	7.4754	2.0324
9030.0	7.4447	2.0249
9032.0	7.4072	2.0156
9034.0	7.3903	2.0119
9036.0	7.3802	2.01
9038.0	7.3633	2.0063
9040.0	7.3601	2.0063
9042.0	7.3568	2.0063
9044.0	7.3536	2.0063
9046.0	7.3639	2.01
9048.0	7.381	2.0156
9050.0	7.3914	2.0193
9052.0	7.4085	2.0249
9054.0	7.4326	2.0324
9056.0	7.4499	2.038
9058.0	7.4947	2.0512
9060.0	7.5538	2.0682
9062.0	7.5993	2.0816
9064.0	7.645	2.0951
9066.0	7.6911	2.1086
9068.0	7.7374	2.1223
9070.0	7.6561	2.1009
9072.0	7.5686	2.0778
9074.0	7.4821	2.0549
9076.0	7.3966	2.0324
9078.0	7.3188	2.0119
9080.0	7.2485	1.9934
9082.0	7.1987	1.9806
9084.0	7.1494	1.9679
9086.0	7.1133	1.9588
9088.0	7.1431	1.9679
9090.0	7.1729	1.977
9092.0	7.2161	1.9898
9094.0	7.2596	2.0026
9096.0	7.3033	2.0156
9098.0	7.3473	2.0286
9100.0	7.3576	2.0324
9102.0	7.3544	2.0324
9104.0	7.3715	2.038
9106.0	7.3683	2.038
9108.0	7.365	2.038
9110.0	7.3618	2.038
9112.0	7.3248	2.0286
9114.0	7.308	2.0249
9116.0	7.2713	2.0156
9118.0	7.248	2.01
9120.0	7.2315	2.0063
9122.0	7.1952	1.9971
9124.0	7.1986	1.9989
9126.0	7.222	2.0063
9128.0	7.2321	2.01
9130.0	7.2157	2.0063
9132.0	7.1662	1.9934
9134.0	7.117	1.9806
9136.0	7.1008	1.977
9138.0	7.1108	1.9806
9140.0	7.1077	1.9806
9142.0	7.1374	1.9898
9144.0	7.1672	1.9989
9146.0	7.2037	2.01
9148.0	7.2006	2.01
9150.0	7.171	2.0026
9152.0	7.1218	1.9898
9154.0	7.0859	1.9806
9156.0	7.0503	1.9715
9158.0	7.0213	1.9643
9160.0	6.986	1.9552
9162.0	6.983	1.9552
9164.0	6.9799	1.9552
9166.0	6.9897	1.9588
9168.0	7.006	1.9643
9170.0	7.0159	1.9679
9172.0	7.0257	1.9715
9174.0	7.0227	1.9715
9176.0	7.0196	1.9715
9178.0	7.0037	1.9679
9180.0	7.0006	1.9679
9182.0	6.9847	1.9643
9184.0	6.9816	1.9643
9186.0	6.9786	1.9643
9188.0	6.9884	1.9679
9190.0	6.9854	1.9679
9192.0	6.9824	1.9679
9194.0	6.9793	1.9679
9196.0	6.9763	1.9679
9198.0	6.9604	1.9643
9200.0	6.9574	1.9643
