3200.0	593.91	20.285999999999998
3201.0	528.99	18.08
3202.0	476.41	16.293
3203.0	443.92	15.190999999999999
3204.0	419.41	14.360999999999999
3205.0	446.24	15.29
3206.0	476.09	16.323
3207.0	529.45	18.163
3208.0	589.86	20.249000000000002
3209.0	554.73	19.055
3210.0	501.43	17.235
3211.0	495.61	17.045
3212.0	509.65	17.539
3213.0	511.68	17.62
3214.0	502.49	17.314
3215.0	486.25	16.765
3216.0	460.24	15.878
3217.0	448.66	15.488
3218.0	470.81	16.262999999999998
3219.0	496.34	17.155
3220.0	530.53	18.348
3221.0	567.6	19.643
3222.0	555.87	19.249000000000002
3223.0	544.88	18.88
3224.0	538.56	18.672
3225.0	533.78	18.518
3226.0	542.87	18.845
3227.0	557.73	19.373
3228.0	548.22	19.055
3229.0	522.26	18.163
3230.0	506.31	17.62
3231.0	503.67	17.539
3232.0	504.29	17.570999999999998
3233.0	511.93	17.848
3234.0	520.64	18.163
3235.0	537.37	18.759
3236.0	553.61	19.337
3237.0	539.18	18.845
3238.0	526.1	18.399
3239.0	536.04	18.759
3240.0	548.7	19.213
3241.0	534.39	18.724
3242.0	514.75	18.047
3243.0	514.43	18.047
3244.0	524.15	18.399
3245.0	528.19	18.552
3246.0	525.44	18.467
3247.0	523.19	18.399
3248.0	518.07	18.230999999999998
3249.0	515.85	18.163
3250.0	519.82	18.315
3251.0	524.31	18.484
3252.0	534.22	18.845
3253.0	543.32	19.178
3254.0	526.73	18.604
3255.0	506.89	17.914
3256.0	501.48	17.734
3257.0	498.87	17.652
3258.0	482.75	17.092
3259.0	459.89	16.293
3260.0	452.47	16.04
3261.0	458.06	16.248
3262.0	459.04	16.293
3263.0	453.72	16.114
3264.0	454.28	16.144000000000002
3265.0	472.34	16.796
3266.0	485.28	17.266
3267.0	465.72	16.581
3268.0	446.54	15.907
3269.0	442.17	15.762
3270.0	438.25	15.630999999999998
3271.0	448.6	16.01
3272.0	462.16	16.504
3273.0	461.03	16.474
3274.0	453.59	16.218
3275.0	455.41	16.293
3276.0	464.87	16.642
3277.0	467.59	16.749000000000002
3278.0	459.2	16.459
3279.0	453.46	16.262999999999998
3280.0	454.02	16.293
3281.0	455.83	16.368
3282.0	464.45	16.688
3283.0	472.37	16.982
3284.0	456.68	16.429000000000002
3285.0	441.93	15.907
3286.0	438.82	15.805
3287.0	436.54	15.732999999999999
3288.0	437.48	15.776
3289.0	439.63	15.864
3290.0	445.48	16.084
3291.0	452.65	16.352999999999998
3292.0	458.67	16.581
3293.0	460.09	16.642
3294.0	463.21	16.765
3295.0	468.93	16.982
3296.0	474.73	17.203
3297.0	475.32	17.235
3298.0	476.34	17.282
3299.0	475.62	17.266
3300.0	475.33	17.266
3301.0	478.11	17.378
3302.0	481.36	17.507
3303.0	481.95	17.539
3304.0	483.88	17.62
3305.0	487.61	17.766
3306.0	495.01	18.047
3307.0	492.44	17.964000000000002
3308.0	481.38	17.570999999999998
3309.0	479.32	17.507
3310.0	493.82	18.047
3311.0	505.01	18.467
3312.0	502.85	18.399
3313.0	500.24	18.315
3314.0	509.7	18.672
3315.0	518.39	19.002
3316.0	512.85	18.811
3317.0	506.91	18.604
3318.0	497.81	18.281
3319.0	489.78	17.997
3320.0	484.11	17.799
3321.0	480.71	17.685
3322.0	483.97	17.816
3323.0	497.23	18.315
3324.0	505.71	18.637999999999998
3325.0	502.15	18.518
3326.0	495.42	18.281
3327.0	475.02	17.539
3328.0	456.3	16.858
3329.0	450.19	16.642
3330.0	443.34	16.398
3331.0	446.76	16.535
3332.0	452.28	16.749000000000002
3333.0	459.99	17.045
3334.0	468.69	17.378
3335.0	461.56	17.124000000000002
3336.0	444.6	16.504
3337.0	428.26	15.907
3338.0	414.04	15.389000000000001
3339.0	413.04	15.36
3340.0	442.31	16.459
3341.0	464.16	17.282
3342.0	446.69	16.642
3343.0	430.28	16.04
3344.0	446.16	16.642
3345.0	462.62	17.266
3346.0	463.63	17.314
3347.0	462.07	17.266
3348.0	450.87	16.858
3349.0	435.5	16.293
3350.0	429.67	16.084
3351.0	429.41	16.084
3352.0	425.22	15.937000000000001
3353.0	418.75	15.704
3354.0	414.66	15.56
3355.0	417.1	15.66
3356.0	418.0	15.704
3357.0	415.07	15.603
3358.0	411.02	15.46
3359.0	401.05	15.094000000000001
3360.0	392.41	14.777000000000001
3361.0	392.18	14.777000000000001
3362.0	393.39	14.832
3363.0	394.25	14.873
3364.0	395.46	14.927999999999999
3365.0	398.15	15.038
3366.0	401.97	15.190999999999999
3367.0	395.85	14.969000000000001
3368.0	377.12	14.269
3369.0	367.97	13.932
3370.0	379.1	14.360999999999999
3371.0	389.86	14.777000000000001
3372.0	392.87	14.9
3373.0	395.9	15.024000000000001
3374.0	402.65	15.29
3375.0	409.52	15.56
3376.0	417.65	15.878
3377.0	426.34	16.218
3378.0	426.88	16.248
3379.0	423.88	16.144000000000002
3380.0	418.97	15.966
3381.0	411.84	15.704
3382.0	408.95	15.603
3383.0	411.35	15.704
3384.0	412.63	15.762
3385.0	409.73	15.66
3386.0	408.74	15.630999999999998
3387.0	416.48	15.937000000000001
3388.0	423.58	16.218
3389.0	430.8	16.504
3390.0	437.34	16.765
3391.0	437.89	16.796
3392.0	436.42	16.749000000000002
3393.0	436.17	16.749000000000002
3394.0	435.11	16.719
3395.0	441.71	16.982
3396.0	453.82	17.458
3397.0	454.81	17.507
3398.0	441.75	17.014
3399.0	433.03	16.688
3400.0	432.77	16.688
3401.0	434.12	16.749000000000002
3402.0	442.74	17.092
3403.0	451.95	17.458
3404.0	457.55	17.685
3405.0	463.22	17.914
3406.0	455.33	17.62
3407.0	445.12	17.235
3408.0	448.56	17.378
3409.0	457.47	17.734
3410.0	458.89	17.799
3411.0	454.0	17.62
3412.0	449.57	17.458
3413.0	445.6	17.314
3414.0	442.48	17.203
3415.0	444.26	17.282
3416.0	445.64	17.346
3417.0	442.52	17.235
3418.0	439.42	17.124000000000002
3419.0	444.04	17.314
3420.0	449.54	17.539
3421.0	450.1	17.570999999999998
3422.0	449.84	17.570999999999998
3423.0	451.65	17.652
3424.0	454.31	17.766
3425.0	453.21	17.734
3426.0	448.79	17.570999999999998
3427.0	445.65	17.458
3428.0	444.57	17.426
3429.0	444.31	17.426
3430.0	447.75	17.570999999999998
3431.0	449.55	17.652
3432.0	440.68	17.314
3433.0	431.99	16.982
3434.0	427.78	16.827
3435.0	424.0	16.688
3436.0	416.4	16.398
3437.0	408.94	16.114
3438.0	410.59	16.188
3439.0	417.21	16.459
3440.0	420.05	16.581
3441.0	417.11	16.474
3442.0	416.48	16.459
3443.0	418.16	16.535
3444.0	419.85	16.611
3445.0	418.83	16.581
3446.0	418.59	16.581
3447.0	423.0	16.765
3448.0	428.24	16.982
3449.0	422.51	16.765
3450.0	416.47	16.535
3451.0	406.38	16.144000000000002
3452.0	395.8	15.732999999999999
3453.0	391.23	15.56
3454.0	390.28	15.530999999999999
3455.0	389.33	15.502
3456.0	389.11	15.502
3457.0	390.32	15.56
3458.0	395.52	15.776
3459.0	400.05	15.966
3460.0	399.09	15.937000000000001
3461.0	398.86	15.937000000000001
3462.0	393.52	15.732999999999999
3463.0	388.25	15.530999999999999
3464.0	386.25	15.46
3465.0	386.02	15.46
3466.0	385.8	15.46
3467.0	386.29	15.488
3468.0	393.97	15.805
3469.0	407.39	16.352999999999998
3470.0	416.26	16.719
3471.0	416.02	16.719
3472.0	412.34	16.581
3473.0	399.77	16.084
3474.0	388.3	15.630999999999998
3475.0	393.11	15.834000000000001
3476.0	397.25	16.01
3477.0	390.85	15.762
3478.0	383.85	15.488
3479.0	376.28	15.190999999999999
3480.0	368.86	14.9
3481.0	366.28	14.805
3482.0	366.74	14.832
3483.0	367.55	14.873
3484.0	368.69	14.927999999999999
3485.0	367.8	14.9
3486.0	362.21	14.682
3487.0	361.01	14.642000000000001
3488.0	372.96	15.136
3489.0	384.96	15.630999999999998
3490.0	391.53	15.907
3491.0	398.95	16.218
3492.0	402.04	16.352999999999998
3493.0	404.78	16.474
3494.0	397.53	16.188
3495.0	386.83	15.762
3496.0	382.72	15.603
3497.0	382.5	15.603
3498.0	382.98	15.630999999999998
3499.0	382.77	15.630999999999998
3500.0	384.31	15.704
3501.0	388.0	15.864
3502.0	391.37	16.01
3503.0	387.56	15.864
3504.0	383.43	15.704
3505.0	377.96	15.488
3506.0	372.22	15.262
3507.0	368.93	15.136
3508.0	366.02	15.024000000000001
3509.0	364.46	14.969000000000001
3510.0	362.58	14.9
3511.0	359.38	14.777000000000001
3512.0	356.54	14.669
3513.0	350.48	14.427999999999999
3514.0	339.79	13.995999999999999
3515.0	334.94	13.804
3516.0	346.67	14.295
3517.0	358.16	14.777000000000001
3518.0	357.95	14.777000000000001
3519.0	357.75	14.777000000000001
3520.0	350.38	14.481
3521.0	342.84	14.177
3522.0	342.64	14.177
3523.0	343.71	14.23
3524.0	347.33	14.388
3525.0	350.99	14.548
3526.0	356.33	14.777000000000001
3527.0	363.09	15.065999999999999
3528.0	370.65	15.389000000000001
3529.0	379.77	15.776
3530.0	384.48	15.981
3531.0	371.73	15.46
3532.0	359.73	14.969000000000001
3533.0	368.24	15.332
3534.0	375.91	15.66
3535.0	377.44	15.732999999999999
3536.0	377.22	15.732999999999999
3537.0	374.59	15.630999999999998
3538.0	371.28	15.502
3539.0	366.99	15.332
3540.0	362.75	15.164000000000001
3541.0	355.61	14.873
3542.0	346.04	14.481
3543.0	339.84	14.23
3544.0	342.16	14.335
3545.0	343.23	14.388
3546.0	346.85	14.548
3547.0	349.54	14.669
3548.0	351.93	14.777000000000001
3549.0	354.66	14.9
3550.0	355.11	14.927999999999999
3551.0	355.89	14.969000000000001
3552.0	356.35	14.997
3553.0	356.8	15.024000000000001
3554.0	355.29	14.969000000000001
3555.0	353.46	14.9
3556.0	352.61	14.873
3557.0	353.06	14.9
3558.0	355.8	15.024000000000001
3559.0	365.23	15.431
3560.0	373.87	15.805
3561.0	368.87	15.603
3562.0	364.61	15.431
3563.0	374.62	15.864
3564.0	387.03	16.398
3565.0	386.81	16.398
3566.0	383.05	16.248
3567.0	373.78	15.864
3568.0	361.05	15.332
3569.0	353.94	15.038
3570.0	355.04	15.094000000000001
3571.0	356.48	15.164000000000001
3572.0	357.93	15.234000000000002
3573.0	358.39	15.262
3574.0	358.19	15.262
3575.0	357.99	15.262
3576.0	353.2	15.065999999999999
3577.0	349.13	14.9
3578.0	351.84	15.024000000000001
3579.0	355.55	15.190999999999999
3580.0	358.64	15.332
3581.0	360.75	15.431
3582.0	358.9	15.36
3583.0	352.47	15.094000000000001
3584.0	348.4	14.927999999999999
3585.0	347.57	14.9
3586.0	346.74	14.873
3587.0	348.78	14.969000000000001
3588.0	351.49	15.094000000000001
3589.0	357.5	15.36
3590.0	364.28	15.66
3591.0	359.41	15.46
3592.0	353.96	15.234000000000002
3593.0	355.06	15.29
3594.0	358.81	15.46
3595.0	352.39	15.190999999999999
3596.0	340.08	14.669
3597.0	337.08	14.548
3598.0	345.06	14.9
3599.0	350.31	15.136
3600.0	346.27	14.969000000000001
3601.0	342.91	14.832
3602.0	340.51	14.737
3603.0	338.14	14.642000000000001
3604.0	343.28	14.873
3605.0	347.54	15.065999999999999
3606.0	342.9	14.873
3607.0	336.15	14.588
3608.0	335.03	14.548
3609.0	336.39	14.615
3610.0	336.21	14.615
3611.0	333.86	14.520999999999999
3612.0	332.75	14.481
3613.0	333.49	14.520999999999999
3614.0	333.31	14.520999999999999
3615.0	329.46	14.360999999999999
3616.0	327.16	14.269
3617.0	336.14	14.669
3618.0	345.69	15.094000000000001
3619.0	341.7	14.927999999999999
3620.0	336.51	14.71
3621.0	329.89	14.427999999999999
3622.0	323.09	14.138
3623.0	322.91	14.138
3624.0	326.32	14.295
3625.0	331.29	14.520999999999999
3626.0	339.13	14.873
3627.0	343.34	15.065999999999999
3628.0	340.32	14.942
3629.0	337.01	14.805
3630.0	330.98	14.548
3631.0	324.47	14.269
3632.0	325.78	14.335
3633.0	326.81	14.388
3634.0	328.74	14.481
3635.0	330.68	14.575
3636.0	328.68	14.494000000000002
3637.0	325.49	14.360999999999999
3638.0	325.91	14.388
3639.0	330.26	14.588
3640.0	333.44	14.737
3641.0	334.18	14.777000000000001
3642.0	333.07	14.737
3643.0	326.51	14.454
3644.0	320.08	14.177
3645.0	321.38	14.243
3646.0	323.29	14.335
3647.0	321.62	14.269
3648.0	320.56	14.23
3649.0	321.86	14.295
3650.0	324.66	14.427999999999999
3651.0	325.68	14.481
3652.0	324.31	14.427999999999999
3653.0	324.13	14.427999999999999
3654.0	323.95	14.427999999999999
3655.0	323.78	14.427999999999999
3656.0	322.11	14.360999999999999
3657.0	321.34	14.335
3658.0	320.28	14.295
3659.0	319.52	14.269
3660.0	317.88	14.204
3661.0	316.24	14.138
3662.0	316.07	14.138
3663.0	316.77	14.177
3664.0	317.77	14.23
3665.0	319.94	14.335
3666.0	320.95	14.388
3667.0	320.77	14.388
3668.0	319.42	14.335
3669.0	316.32	14.204
3670.0	313.54	14.085999999999999
3671.0	314.81	14.151
3672.0	316.38	14.23
3673.0	312.45	14.06
3674.0	308.85	13.905999999999999
3675.0	312.68	14.085999999999999
3676.0	318.03	14.335
3677.0	317.86	14.335
3678.0	314.19	14.177
3679.0	312.0	14.085999999999999
3680.0	310.4	14.022
3681.0	310.23	14.022
3682.0	312.07	14.112
3683.0	313.34	14.177
3684.0	310.59	14.06
3685.0	308.99	13.995999999999999
3686.0	312.25	14.151
3687.0	316.14	14.335
3688.0	313.07	14.204
3689.0	309.46	14.048
3690.0	309.58	14.06
3691.0	311.12	14.138
3692.0	310.38	14.112
3693.0	307.65	13.995999999999999
3694.0	308.05	14.022
3695.0	312.46	14.23
3696.0	315.18	14.360999999999999
3697.0	315.01	14.360999999999999
3698.0	314.26	14.335
3699.0	308.64	14.085999999999999
3700.0	303.68	13.868
3701.0	301.01	13.753
3702.0	298.09	13.627
3703.0	299.3	13.69
3704.0	301.08	13.777999999999999
3705.0	301.47	13.804
3706.0	300.75	13.777999999999999
3707.0	299.49	13.728
3708.0	297.95	13.665
3709.0	296.97	13.627
3710.0	296.81	13.627
3711.0	296.65	13.627
3712.0	297.86	13.69
3713.0	299.07	13.753
3714.0	298.08	13.715
3715.0	296.83	13.665
3716.0	293.95	13.539000000000001
3717.0	291.36	13.427999999999999
3718.0	291.21	13.427999999999999
3719.0	292.39	13.49
3720.0	294.13	13.577
3721.0	297.78	13.753
3722.0	298.72	13.804
3723.0	296.1	13.69
3724.0	294.04	13.602
3725.0	293.88	13.602
3726.0	293.72	13.602
3727.0	291.68	13.515
3728.0	289.65	13.427999999999999
3729.0	291.9	13.539000000000001
3730.0	294.99	13.69
3731.0	296.74	13.777999999999999
3732.0	297.95	13.842
3733.0	298.34	13.868
3734.0	299.0	13.905999999999999
3735.0	298.02	13.868
3736.0	296.76	13.815999999999999
3737.0	294.42	13.715
3738.0	288.63	13.452
3739.0	284.26	13.255999999999998
3740.0	289.12	13.49
3741.0	294.07	13.728
3742.0	293.64	13.715
3743.0	292.4	13.665
3744.0	292.79	13.69
3745.0	293.17	13.715
3746.0	294.36	13.777999999999999
3747.0	295.56	13.842
3748.0	295.41	13.842
3749.0	292.54	13.715
3750.0	291.31	13.665
3751.0	291.16	13.665
3752.0	291.0	13.665
3753.0	289.51	13.602
3754.0	288.03	13.539000000000001
3755.0	286.81	13.49
3756.0	285.34	13.427999999999999
3757.0	286.51	13.49
3758.0	288.21	13.577
3759.0	287.26	13.539000000000001
3760.0	285.26	13.452
3761.0	285.11	13.452
3762.0	285.75	13.49
3763.0	286.12	13.515
3764.0	285.44	13.49
3765.0	285.29	13.49
3766.0	285.14	13.49
3767.0	284.99	13.49
3768.0	286.68	13.577
3769.0	288.38	13.665
3770.0	286.9	13.602
3771.0	284.91	13.515
3772.0	286.07	13.577
3773.0	287.77	13.665
3774.0	288.68	13.715
3775.0	289.32	13.753
3776.0	288.64	13.728
3777.0	287.16	13.665
3778.0	286.22	13.627
3779.0	286.86	13.665
3780.0	286.71	13.665
3781.0	285.24	13.602
3782.0	284.56	13.577
3783.0	281.8	13.452
3784.0	278.82	13.317
3785.0	276.62	13.219000000000001
3786.0	274.7	13.134
3787.0	273.29	13.074000000000002
3788.0	273.15	13.074000000000002
3789.0	272.5	13.05
3790.0	271.86	13.026
3791.0	270.96	12.99
3792.0	268.59	12.883
3793.0	266.72	12.8
3794.0	265.35	12.741
3795.0	264.0	12.682
3796.0	268.02	12.883
3797.0	272.11	13.085999999999999
3798.0	272.97	13.134
3799.0	272.82	13.134
3800.0	273.44	13.17
3801.0	274.3	13.219000000000001
3802.0	275.42	13.28
3803.0	276.55	13.341
3804.0	277.68	13.402999999999999
3805.0	279.33	13.49
3806.0	280.21	13.539000000000001
3807.0	277.75	13.427999999999999
3808.0	275.06	13.305
3809.0	276.69	13.390999999999998
3810.0	278.59	13.49
3811.0	280.25	13.577
3812.0	281.13	13.627
3813.0	280.99	13.627
3814.0	279.81	13.577
3815.0	278.38	13.515
3816.0	276.44	13.427999999999999
3817.0	275.03	13.366
3818.0	273.87	13.317
3819.0	272.97	13.28
3820.0	269.34	13.11
3821.0	265.75	12.942
3822.0	265.12	12.918
3823.0	264.25	12.883
3824.0	265.82	12.966
3825.0	267.4	13.05
3826.0	268.49	13.11
3827.0	269.59	13.17
3828.0	269.45	13.17
3829.0	268.56	13.134
3830.0	267.93	13.11
3831.0	268.28	13.134
3832.0	269.38	13.195
3833.0	271.48	13.305
3834.0	273.85	13.427999999999999
3835.0	272.95	13.390999999999998
3836.0	272.81	13.390999999999998
3837.0	273.42	13.427999999999999
3838.0	273.79	13.452
3839.0	273.64	13.452
3840.0	273.5	13.452
3841.0	273.36	13.452
3842.0	274.48	13.515
3843.0	274.33	13.515
3844.0	273.69	13.49
3845.0	272.79	13.452
3846.0	272.65	13.452
3847.0	273.26	13.49
3848.0	272.36	13.452
3849.0	271.22	13.402999999999999
3850.0	272.83	13.49
3851.0	274.46	13.577
3852.0	275.33	13.627
3853.0	275.94	13.665
3854.0	276.82	13.715
3855.0	276.93	13.728
3856.0	277.81	13.777999999999999
3857.0	278.43	13.815999999999999
3858.0	278.8	13.842
3859.0	277.89	13.804
3860.0	276.72	13.753
3861.0	274.8	13.665
3862.0	272.14	13.539000000000001
3863.0	273.76	13.627
3864.0	275.39	13.715
3865.0	274.74	13.69
3866.0	273.34	13.627
3867.0	272.69	13.602
3868.0	272.55	13.602
3869.0	271.91	13.577
3870.0	270.02	13.49
3871.0	269.14	13.452
3872.0	269.0	13.452
3873.0	268.86	13.452
3874.0	268.23	13.427999999999999
3875.0	267.35	13.390999999999998
3876.0	267.95	13.427999999999999
3877.0	268.31	13.452
3878.0	268.17	13.452
3879.0	268.03	13.452
3880.0	268.63	13.49
3881.0	268.49	13.49
3882.0	268.35	13.49
3883.0	267.48	13.452
3884.0	267.34	13.452
3885.0	267.94	13.49
3886.0	267.8	13.49
3887.0	267.66	13.49
3888.0	266.79	13.452
3889.0	267.88	13.515
3890.0	268.98	13.577
3891.0	268.84	13.577
3892.0	269.2	13.602
3893.0	269.56	13.627
3894.0	270.16	13.665
3895.0	271.02	13.715
3896.0	272.13	13.777999999999999
3897.0	272.75	13.815999999999999
3898.0	272.61	13.815999999999999
3899.0	272.22	13.804
3900.0	272.83	13.842
3901.0	273.19	13.868
3902.0	271.3	13.777999999999999
3903.0	268.92	13.665
3904.0	267.05	13.577
3905.0	265.69	13.515
3906.0	265.56	13.515
3907.0	265.42	13.515
3908.0	265.28	13.515
3909.0	265.15	13.515
3910.0	265.01	13.515
3911.0	265.37	13.539000000000001
3912.0	265.96	13.577
3913.0	265.83	13.577
3914.0	265.69	13.577
3915.0	264.82	13.539000000000001
3916.0	264.2	13.515
3917.0	263.58	13.49
3918.0	262.24	13.427999999999999
3919.0	261.38	13.390999999999998
3920.0	260.76	13.366
3921.0	260.15	13.341
3922.0	260.02	13.341
3923.0	259.89	13.341
3924.0	259.04	13.305
3925.0	257.95	13.255999999999998
3926.0	256.17	13.17
3927.0	253.69	13.05
3928.0	253.09	13.026
3929.0	252.5	13.002
3930.0	252.83	13.026
3931.0	253.17	13.05
3932.0	253.04	13.05
3933.0	253.38	13.074000000000002
3934.0	252.32	13.026
3935.0	251.03	12.966
3936.0	250.91	12.966
3937.0	252.4	13.05
3938.0	253.9	13.134
3939.0	254.95	13.195
3940.0	255.99	13.255999999999998
3941.0	255.86	13.255999999999998
3942.0	256.2	13.28
3943.0	254.9	13.219000000000001
3944.0	253.13	13.134
3945.0	252.54	13.11
3946.0	251.95	13.085999999999999
3947.0	252.28	13.11
3948.0	252.15	13.11
3949.0	252.49	13.134
3950.0	253.06	13.17
3951.0	252.23	13.134
3952.0	250.03	13.026
3953.0	248.29	12.942
3954.0	249.08	12.99
3955.0	249.65	13.026
3956.0	249.98	13.05
3957.0	250.55	13.085999999999999
3958.0	249.73	13.05
3959.0	248.46	12.99
3960.0	247.42	12.942
3961.0	246.84	12.918
3962.0	246.71	12.918
3963.0	247.5	12.966
3964.0	247.37	12.966
3965.0	245.21	12.859000000000002
3966.0	242.84	12.741
3967.0	242.71	12.741
3968.0	242.59	12.741
3969.0	243.59	12.8
3970.0	244.59	12.859000000000002
3971.0	243.34	12.8
3972.0	241.66	12.717
3973.0	240.43	12.659
3974.0	239.86	12.636
3975.0	238.64	12.578
3976.0	236.99	12.497
3977.0	236.43	12.474
3978.0	236.75	12.497
3979.0	237.07	12.52
3980.0	237.17	12.530999999999999
3981.0	237.05	12.530999999999999
3982.0	235.84	12.474
3983.0	234.21	12.394
3984.0	234.52	12.417
3985.0	235.48	12.474
3986.0	235.8	12.497
3987.0	236.12	12.52
3988.0	236.65	12.555
3989.0	237.41	12.600999999999999
3990.0	238.38	12.659
3991.0	239.8	12.741
3992.0	240.79	12.8
3993.0	241.78	12.859000000000002
3994.0	242.78	12.918
3995.0	243.1	12.942
3996.0	243.43	12.966
3997.0	243.31	12.966
3998.0	243.63	12.99
3999.0	243.51	12.99
4000.0	242.94	12.966
4001.0	242.82	12.966
4002.0	243.15	12.99
4003.0	243.25	13.002
4004.0	242.9	12.99
4005.0	242.78	12.99
4006.0	242.21	12.966
4007.0	242.09	12.966
4008.0	241.53	12.942
4009.0	240.74	12.905999999999999
4010.0	239.73	12.859000000000002
4011.0	238.51	12.8
4012.0	237.96	12.776
4013.0	237.84	12.776
4014.0	237.72	12.776
4015.0	237.6	12.776
4016.0	238.36	12.823
4017.0	239.34	12.883
4018.0	240.77	12.966
4019.0	239.76	12.918
4020.0	238.98	12.883
4021.0	239.53	12.918
4022.0	240.29	12.966
4023.0	239.73	12.942
4024.0	239.61	12.942
4025.0	239.49	12.942
4026.0	240.26	12.99
4027.0	240.8	13.026
4028.0	241.57	13.074000000000002
4029.0	241.45	13.074000000000002
4030.0	240.89	13.05
4031.0	240.32	13.026
4032.0	239.54	12.99
4033.0	238.54	12.942
4034.0	236.89	12.859000000000002
4035.0	235.25	12.776
4036.0	235.57	12.8
4037.0	236.54	12.859000000000002
4038.0	236.42	12.859000000000002
4039.0	236.31	12.859000000000002
4040.0	236.62	12.883
4041.0	237.16	12.918
4042.0	237.48	12.942
4043.0	236.71	12.905999999999999
4044.0	236.16	12.883
4045.0	235.6	12.859000000000002
4046.0	234.41	12.8
4047.0	234.29	12.8
4048.0	234.61	12.823
4049.0	234.06	12.8
4050.0	233.94	12.8
4051.0	233.4	12.776
4052.0	232.21	12.717
4053.0	231.46	12.682
4054.0	231.98	12.717
4055.0	231.87	12.717
4056.0	231.75	12.717
4057.0	231.0	12.682
4058.0	231.1	12.694
4059.0	230.98	12.694
4060.0	232.36	12.776
4061.0	233.11	12.823
4062.0	232.99	12.823
4063.0	232.45	12.8
4064.0	231.27	12.741
4065.0	230.09	12.682
4066.0	229.13	12.636
4067.0	229.02	12.636
4068.0	228.91	12.636
4069.0	228.79	12.636
4070.0	229.1	12.659
4071.0	228.99	12.659
4072.0	228.88	12.659
4073.0	227.71	12.600999999999999
4074.0	226.14	12.52
4075.0	226.24	12.530999999999999
4076.0	226.96	12.578
4077.0	226.85	12.578
4078.0	226.74	12.578
4079.0	225.79	12.530999999999999
4080.0	224.65	12.474
4081.0	223.92	12.439
4082.0	222.98	12.394
4083.0	222.26	12.359000000000002
4084.0	221.13	12.302999999999999
4085.0	219.8	12.235
4086.0	219.09	12.200999999999999
4087.0	218.58	12.179
4088.0	217.87	12.145
4089.0	217.76	12.145
4090.0	216.86	12.1
4091.0	216.15	12.067
4092.0	215.25	12.023
4093.0	214.16	11.967
4094.0	213.46	11.934000000000001
4095.0	213.95	11.967
4096.0	213.85	11.967
4097.0	213.74	11.967
4098.0	213.24	11.945
4099.0	211.77	11.869000000000002
4100.0	210.69	11.814
4101.0	210.98	11.835999999999999
4102.0	211.85	11.89
4103.0	211.75	11.89
4104.0	210.67	11.835999999999999
4105.0	210.57	11.835999999999999
4106.0	210.85	11.857999999999999
4107.0	210.75	11.857999999999999
4108.0	210.26	11.835999999999999
4109.0	209.77	11.814
4110.0	209.09	11.780999999999999
4111.0	208.6	11.76
4112.0	208.12	11.738
4113.0	208.02	11.738
4114.0	208.3	11.76
4115.0	209.16	11.814
4116.0	209.44	11.835999999999999
4117.0	210.31	11.89
4118.0	210.59	11.912
4119.0	211.46	11.967
4120.0	211.75	11.989
4121.0	211.26	11.967
4122.0	211.16	11.967
4123.0	210.67	11.945
4124.0	210.37	11.934000000000001
4125.0	209.88	11.912
4126.0	209.39	11.89
4127.0	209.29	11.89
4128.0	209.58	11.912
4129.0	210.05	11.945
4130.0	211.31	12.023
4131.0	211.6	12.045
4132.0	211.49	12.045
4133.0	211.39	12.045
4134.0	210.9	12.023
4135.0	210.8	12.023
4136.0	211.47	12.067
4137.0	211.96	12.1
4138.0	211.86	12.1
4139.0	211.17	12.067
4140.0	210.68	12.045
4141.0	210.58	12.045
4142.0	210.86	12.067
4143.0	211.34	12.1
4144.0	211.63	12.123
4145.0	211.92	12.145
4146.0	212.4	12.179
4147.0	212.69	12.200999999999999
4148.0	212.98	12.224
4149.0	212.88	12.224
4150.0	212.78	12.224
4151.0	212.67	12.224
4152.0	212.57	12.224
4153.0	212.67	12.235
4154.0	213.35	12.28
4155.0	213.64	12.302999999999999
4156.0	214.13	12.337
4157.0	214.02	12.337
4158.0	212.94	12.28
4159.0	212.44	12.257
4160.0	213.12	12.302999999999999
4161.0	214.01	12.359000000000002
4162.0	212.92	12.302999999999999
4163.0	212.03	12.257
4164.0	212.32	12.28
4165.0	212.61	12.302999999999999
4166.0	212.51	12.302999999999999
4167.0	212.41	12.302999999999999
4168.0	212.5	12.314
4169.0	212.79	12.337
4170.0	213.67	12.394
4171.0	213.96	12.417
4172.0	214.85	12.474
4173.0	214.15	12.439
4174.0	214.05	12.439
4175.0	213.95	12.439
4176.0	214.44	12.474
4177.0	214.33	12.474
4178.0	214.63	12.497
4179.0	214.52	12.497
4180.0	214.03	12.474
4181.0	214.32	12.497
4182.0	214.61	12.52
4183.0	214.71	12.530999999999999
4184.0	215.0	12.555
4185.0	214.9	12.555
4186.0	215.19	12.578
4187.0	215.09	12.578
4188.0	214.98	12.578
4189.0	214.49	12.555
4190.0	213.79	12.52
4191.0	213.3	12.497
4192.0	213.59	12.52
4193.0	214.47	12.578
4194.0	214.77	12.600999999999999
4195.0	214.27	12.578
4196.0	214.17	12.578
4197.0	215.05	12.636
4198.0	215.35	12.659
4199.0	215.64	12.682
4200.0	215.54	12.682
4201.0	214.64	12.636
4202.0	213.55	12.578
4203.0	212.67	12.530999999999999
4204.0	211.98	12.497
4205.0	212.27	12.52
4206.0	212.76	12.555
4207.0	212.66	12.555
4208.0	211.97	12.52
4209.0	211.48	12.497
4210.0	211.38	12.497
4211.0	211.28	12.497
4212.0	211.76	12.530999999999999
4213.0	212.05	12.555
4214.0	211.95	12.555
4215.0	211.26	12.52
4216.0	211.36	12.530999999999999
4217.0	211.65	12.555
4218.0	211.55	12.555
4219.0	211.06	12.530999999999999
4220.0	211.35	12.555
4221.0	212.03	12.600999999999999
4222.0	212.51	12.636
4223.0	213.2	12.682
4224.0	213.68	12.717
4225.0	213.58	12.717
4226.0	213.48	12.717
4227.0	213.38	12.717
4228.0	213.28	12.717
4229.0	212.59	12.682
4230.0	212.1	12.659
4231.0	211.03	12.600999999999999
4232.0	210.15	12.555
4233.0	209.47	12.52
4234.0	208.99	12.497
4235.0	208.89	12.497
4236.0	209.17	12.52
4237.0	209.27	12.530999999999999
4238.0	208.59	12.497
4239.0	207.54	12.439
4240.0	207.06	12.417
4241.0	206.58	12.394
4242.0	206.86	12.417
4243.0	206.76	12.417
4244.0	206.67	12.417
4245.0	206.19	12.394
4246.0	206.09	12.394
4247.0	206.75	12.439
4248.0	207.23	12.474
4249.0	207.13	12.474
4250.0	207.03	12.474
4251.0	207.32	12.497
4252.0	207.22	12.497
4253.0	206.74	12.474
4254.0	206.64	12.474
4255.0	205.6	12.417
4256.0	205.12	12.394
4257.0	204.46	12.359000000000002
4258.0	204.37	12.359000000000002
4259.0	203.89	12.337
4260.0	202.86	12.28
4261.0	202.39	12.257
4262.0	202.3	12.257
4263.0	201.83	12.235
4264.0	202.11	12.257
4265.0	202.39	12.28
4266.0	201.92	12.257
4267.0	201.83	12.257
4268.0	201.17	12.224
4269.0	200.71	12.200999999999999
4270.0	200.62	12.200999999999999
4271.0	200.15	12.179
4272.0	200.06	12.179
4273.0	198.68	12.1
4274.0	198.59	12.1
4275.0	198.49	12.1
4276.0	198.4	12.1
4277.0	197.76	12.067
4278.0	197.67	12.067
4279.0	196.85	12.023
4280.0	195.85	11.967
4281.0	195.76	11.967
4282.0	196.03	11.989
4283.0	195.94	11.989
4284.0	195.85	11.989
4285.0	195.4	11.967
4286.0	194.77	11.934000000000001
4287.0	194.68	11.934000000000001
4288.0	194.59	11.934000000000001
4289.0	194.49	11.934000000000001
4290.0	194.05	11.912
4291.0	193.24	11.869000000000002
4292.0	192.62	11.835999999999999
4293.0	191.65	11.780999999999999
4294.0	191.2	11.76
4295.0	190.76	11.738
4296.0	189.8	11.684000000000001
4297.0	188.49	11.609000000000002
4298.0	187.19	11.534
4299.0	185.9	11.46
4300.0	184.96	11.408
4301.0	184.54	11.387
4302.0	183.94	11.355
4303.0	183.86	11.355
4304.0	183.77	11.355
4305.0	183.35	11.334000000000001
4306.0	182.92	11.314
4307.0	182.67	11.302999999999999
4308.0	182.59	11.302999999999999
4309.0	181.83	11.262
4310.0	180.91	11.21
4311.0	180.49	11.189
4312.0	180.08	11.169
4313.0	179.83	11.158
4314.0	179.75	11.158
4315.0	179.33	11.138
4316.0	179.25	11.138
4317.0	179.5	11.158
4318.0	178.75	11.117
4319.0	178.18	11.087
4320.0	177.77	11.065999999999999
4321.0	177.36	11.046
4322.0	176.79	11.015
4323.0	176.71	11.015
4324.0	175.97	10.975
4325.0	175.09	10.924000000000001
4326.0	174.2	10.874
4327.0	173.32	10.824000000000002
4328.0	172.13	10.755
4329.0	171.41	10.715
4330.0	170.55	10.665999999999999
4331.0	169.37	10.597000000000001
4332.0	168.21	10.529000000000002
4333.0	166.59	10.433
4334.0	164.83	10.328
4335.0	163.55	10.252
4336.0	162.42	10.186
4337.0	161.75	10.148
4338.0	160.93	10.102
4339.0	160.41	10.074
4340.0	159.02	9.9908
4341.0	158.21	9.9449
4342.0	157.56	9.9083
4343.0	156.76	9.8628
4344.0	157.41	9.9083
4345.0	158.07	9.954
4346.0	158.29	9.9724
4347.0	158.21	9.9724
4348.0	157.85	9.954
4349.0	157.63	9.9449
4350.0	157.56	9.9449
4351.0	157.92	9.9724
4352.0	158.43	10.009
4353.0	158.8	10.037
4354.0	159.31	10.074
4355.0	159.38	10.083
4356.0	159.9	10.12
4357.0	160.27	10.148
4358.0	160.79	10.186
4359.0	161.9	10.261
4360.0	163.17	10.347000000000001
4361.0	163.7	10.385
4362.0	163.78	10.394
4363.0	164.76	10.462
4364.0	165.75	10.529000000000002
4365.0	166.44	10.578
4366.0	166.67	10.597000000000001
4367.0	167.21	10.637
4368.0	167.59	10.665999999999999
4369.0	168.29	10.715
4370.0	168.21	10.715
4371.0	168.45	10.735
4372.0	169.15	10.785
4373.0	170.48	10.874
4374.0	170.71	10.894
4375.0	170.32	10.874
4376.0	170.56	10.894
4377.0	170.95	10.924000000000001
4378.0	171.5	10.965
4379.0	171.9	10.995
4380.0	172.61	11.046
4381.0	172.53	11.046
4382.0	171.98	11.015
4383.0	172.38	11.046
4384.0	172.62	11.065999999999999
4385.0	172.54	11.065999999999999
4386.0	172.78	11.087
4387.0	173.18	11.117
4388.0	173.1	11.117
4389.0	173.66	11.158
4390.0	174.38	11.21
4391.0	174.62	11.231
4392.0	174.22	11.21
4393.0	173.82	11.189
4394.0	174.06	11.21
4395.0	174.78	11.262
4396.0	175.03	11.282
4397.0	175.75	11.334000000000001
4398.0	176.0	11.355
4399.0	176.41	11.387
4400.0	176.33	11.387
4401.0	175.76	11.355
4402.0	175.68	11.355
4403.0	176.08	11.387
4404.0	176.0	11.387
4405.0	176.25	11.408
4406.0	176.17	11.408
4407.0	176.9	11.46
4408.0	177.15	11.482000000000001
4409.0	177.4	11.503
4410.0	177.8	11.534
4411.0	176.91	11.482000000000001
4412.0	176.02	11.429
4413.0	175.61	11.408
4414.0	175.86	11.429
4415.0	176.26	11.46
4416.0	176.18	11.46
4417.0	176.43	11.482000000000001
4418.0	176.67	11.503
4419.0	176.59	11.503
4420.0	177.0	11.534
4421.0	177.25	11.556
4422.0	177.49	11.577
4423.0	177.9	11.609000000000002
4424.0	177.5	11.588
4425.0	177.25	11.577
4426.0	176.85	11.556
4427.0	176.77	11.556
4428.0	177.01	11.577
4429.0	177.42	11.609000000000002
4430.0	177.67	11.630999999999998
4431.0	177.26	11.609000000000002
4432.0	177.18	11.609000000000002
4433.0	177.1	11.609000000000002
4434.0	176.7	11.588
4435.0	176.62	11.588
4436.0	176.38	11.577
4437.0	176.46	11.588
4438.0	177.03	11.630999999999998
4439.0	176.95	11.630999999999998
4440.0	176.54	11.609000000000002
4441.0	176.79	11.630999999999998
4442.0	177.2	11.663
4443.0	177.77	11.706
4444.0	178.19	11.738
4445.0	178.11	11.738
4446.0	177.53	11.706
4447.0	177.13	11.684000000000001
4448.0	176.56	11.652000000000001
4449.0	176.16	11.630999999999998
4450.0	176.08	11.630999999999998
4451.0	176.0	11.630999999999998
4452.0	176.24	11.652000000000001
4453.0	176.33	11.663
4454.0	176.57	11.684000000000001
4455.0	176.82	11.706
4456.0	176.74	11.706
4457.0	176.66	11.706
4458.0	177.07	11.738
4459.0	176.5	11.706
4460.0	176.1	11.684000000000001
4461.0	175.53	11.652000000000001
4462.0	175.45	11.652000000000001
4463.0	175.38	11.652000000000001
4464.0	175.3	11.652000000000001
4465.0	175.22	11.652000000000001
4466.0	175.62	11.684000000000001
4467.0	175.54	11.684000000000001
4468.0	175.47	11.684000000000001
4469.0	175.71	11.706
4470.0	176.12	11.738
4471.0	176.04	11.738
4472.0	175.48	11.706
4473.0	174.75	11.663
4474.0	174.51	11.652000000000001
4475.0	174.44	11.652000000000001
4476.0	173.72	11.609000000000002
4477.0	173.16	11.577
4478.0	173.24	11.588
4479.0	173.48	11.609000000000002
4480.0	173.41	11.609000000000002
4481.0	173.33	11.609000000000002
4482.0	173.25	11.609000000000002
4483.0	173.49	11.630999999999998
4484.0	173.74	11.652000000000001
4485.0	173.34	11.630999999999998
4486.0	173.26	11.630999999999998
4487.0	172.87	11.609000000000002
4488.0	172.31	11.577
4489.0	172.24	11.577
4490.0	172.32	11.588
4491.0	172.24	11.588
4492.0	172.01	11.577
4493.0	171.93	11.577
4494.0	171.85	11.577
4495.0	171.78	11.577
4496.0	171.38	11.556
4497.0	171.31	11.556
4498.0	170.92	11.534
4499.0	170.84	11.534
4500.0	170.76	11.534
4501.0	171.0	11.556
4502.0	170.93	11.556
4503.0	170.85	11.556
4504.0	170.77	11.556
4505.0	170.7	11.556
4506.0	170.62	11.556
4507.0	170.55	11.556
4508.0	170.16	11.534
4509.0	169.77	11.513
4510.0	169.54	11.503
4511.0	169.15	11.482000000000001
4512.0	169.08	11.482000000000001
4513.0	168.69	11.46
4514.0	168.15	11.429
4515.0	168.54	11.46
4516.0	169.09	11.503
4517.0	169.01	11.503
4518.0	168.94	11.503
4519.0	168.55	11.482000000000001
4520.0	168.17	11.46
4521.0	168.09	11.46
4522.0	168.02	11.46
4523.0	167.94	11.46
4524.0	168.18	11.482000000000001
4525.0	168.57	11.513
4526.0	168.81	11.534
4527.0	169.04	11.556
4528.0	168.97	11.556
4529.0	168.89	11.556
4530.0	168.82	11.556
4531.0	168.43	11.534
4532.0	168.36	11.534
4533.0	167.98	11.513
4534.0	167.75	11.503
4535.0	168.14	11.534
4536.0	168.37	11.556
4537.0	167.53	11.503
4538.0	166.84	11.46
4539.0	166.0	11.408
4540.0	165.62	11.387
4541.0	165.09	11.355
4542.0	165.02	11.355
4543.0	164.94	11.355
4544.0	165.33	11.387
4545.0	165.86	11.429
4546.0	166.25	11.46
4547.0	166.48	11.482000000000001
4548.0	166.1	11.46
4549.0	165.57	11.429
4550.0	165.5	11.429
4551.0	165.43	11.429
4552.0	165.81	11.46
4553.0	165.74	11.46
4554.0	165.67	11.46
4555.0	165.59	11.46
4556.0	164.76	11.408
4557.0	164.38	11.387
4558.0	163.86	11.355
4559.0	164.24	11.387
4560.0	164.17	11.387
4561.0	164.1	11.387
4562.0	163.57	11.355
4563.0	163.5	11.355
4564.0	163.43	11.355
4565.0	163.36	11.355
4566.0	162.99	11.334000000000001
4567.0	162.61	11.314
4568.0	162.39	11.302999999999999
4569.0	162.32	11.302999999999999
4570.0	162.4	11.314
4571.0	162.63	11.334000000000001
4572.0	162.56	11.334000000000001
4573.0	162.19	11.314
4574.0	161.67	11.282
4575.0	161.3	11.262
4576.0	160.79	11.231
4577.0	160.72	11.231
4578.0	160.35	11.21
4579.0	160.28	11.21
4580.0	160.21	11.21
4581.0	159.85	11.189
4582.0	159.78	11.189
4583.0	159.71	11.189
4584.0	159.64	11.189
4585.0	160.16	11.231
4586.0	160.23	11.241
4587.0	160.46	11.262
4588.0	160.68	11.282
4589.0	160.32	11.262
4590.0	159.81	11.231
4591.0	158.86	11.169
4592.0	158.06	11.117
4593.0	157.55	11.087
4594.0	157.2	11.065999999999999
4595.0	157.13	11.065999999999999
4596.0	156.77	11.046
4597.0	156.7	11.046
4598.0	156.63	11.046
4599.0	156.56	11.046
4600.0	156.79	11.065999999999999
4601.0	157.01	11.087
4602.0	156.94	11.087
4603.0	156.87	11.087
4604.0	157.24	11.117
4605.0	157.17	11.117
4606.0	157.39	11.138
4607.0	157.61	11.158
4608.0	157.54	11.158
4609.0	156.89	11.117
4610.0	156.39	11.087
4611.0	156.04	11.065999999999999
4612.0	155.68	11.046
4613.0	155.9	11.065999999999999
4614.0	156.12	11.087
4615.0	155.77	11.065999999999999
4616.0	155.41	11.046
4617.0	155.63	11.065999999999999
4618.0	155.57	11.065999999999999
4619.0	155.21	11.046
4620.0	155.14	11.046
4621.0	154.65	11.015
4622.0	155.01	11.046
4623.0	154.94	11.046
4624.0	155.16	11.065999999999999
4625.0	155.1	11.065999999999999
4626.0	154.32	11.015
4627.0	153.68	10.975
4628.0	154.18	11.015
4629.0	154.83	11.065999999999999
4630.0	154.76	11.065999999999999
4631.0	154.69	11.065999999999999
4632.0	154.91	11.087
4633.0	155.27	11.117
4634.0	155.21	11.117
4635.0	154.14	11.046
4636.0	153.37	10.995
4637.0	153.02	10.975
4638.0	152.81	10.965
4639.0	152.47	10.945
4640.0	152.4	10.945
4641.0	152.61	10.965
4642.0	152.97	10.995
4643.0	152.91	10.995
4644.0	152.84	10.995
4645.0	153.06	11.015
4646.0	153.41	11.046
4647.0	153.63	11.065999999999999
4648.0	154.27	11.117
4649.0	154.49	11.138
4650.0	154.42	11.138
4651.0	154.36	11.138
4652.0	154.01	11.117
4653.0	153.23	11.065999999999999
4654.0	153.17	11.065999999999999
4655.0	153.1	11.065999999999999
4656.0	153.04	11.065999999999999
4657.0	152.97	11.065999999999999
4658.0	152.91	11.065999999999999
4659.0	152.84	11.065999999999999
4660.0	153.06	11.087
4661.0	153.41	11.117
4662.0	153.91	11.158
4663.0	154.27	11.189
4664.0	154.21	11.189
4665.0	153.72	11.158
4666.0	153.37	11.138
4667.0	153.02	11.117
4668.0	152.95	11.117
4669.0	152.89	11.117
4670.0	152.82	11.117
4671.0	152.76	11.117
4672.0	152.27	11.087
4673.0	152.21	11.087
4674.0	152.14	11.087
4675.0	151.8	11.065999999999999
4676.0	151.45	11.046
4677.0	151.39	11.046
4678.0	151.6	11.065999999999999
4679.0	151.81	11.087
4680.0	152.45	11.138
4681.0	153.09	11.189
4682.0	153.02	11.189
4683.0	152.68	11.169
4684.0	152.47	11.158
4685.0	152.41	11.158
4686.0	152.76	11.189
4687.0	153.26	11.231
4688.0	153.34	11.241
4689.0	153.13	11.231
4690.0	152.5	11.189
4691.0	151.74	11.138
4692.0	151.39	11.117
4693.0	151.33	11.117
4694.0	151.26	11.117
4695.0	151.2	11.117
4696.0	150.44	11.065999999999999
4697.0	150.65	11.087
4698.0	150.59	11.087
4699.0	150.25	11.065999999999999
4700.0	149.91	11.046
4702.0	149.78	11.046
4704.0	150.62	11.117
4706.0	151.19	11.169
4708.0	150.92	11.158
4710.0	150.52	11.138
4712.0	150.66	11.158
4714.0	151.65	11.241
4716.0	152.36	11.302999999999999
4718.0	150.98	11.21
4720.0	148.23	11.015
4722.0	146.48	10.894
4724.0	150.31	11.189
4726.0	152.84	11.387
4728.0	152.71	11.387
4730.0	150.9	11.262
4732.0	146.8	10.965
4734.0	145.47	10.874
4736.0	146.69	10.975
4738.0	148.47	11.117
4740.0	147.39	11.046
4742.0	137.06	10.28
4744.0	140.26	10.529000000000002
4746.0	142.62	10.715
4748.0	146.89	11.046
4750.0	147.72	11.117
4752.0	147.59	11.117
4754.0	147.47	11.117
4756.0	147.35	11.117
4758.0	146.55	11.065999999999999
4760.0	146.15	11.046
4762.0	145.36	10.995
4764.0	144.84	10.965
4766.0	144.18	10.924000000000001
4768.0	143.66	10.894
4770.0	143.28	10.874
4772.0	142.9	10.854000000000001
4774.0	142.38	10.824000000000002
4776.0	142.26	10.824000000000002
4778.0	141.88	10.804
4780.0	141.11	10.755
4782.0	140.48	10.715
4784.0	139.33	10.637
4786.0	138.96	10.617
4788.0	138.58	10.597000000000001
4790.0	138.21	10.578
4792.0	138.1	10.578
4794.0	137.98	10.578
4796.0	138.12	10.597000000000001
4798.0	137.37	10.549000000000001
4800.0	136.13	10.462
4802.0	135.01	10.385
4804.0	134.16	10.328
4806.0	133.43	10.28
4808.0	132.46	10.214
4810.0	131.74	10.167
4812.0	131.39	10.148
4814.0	130.44	10.083
4816.0	129.97	10.055
4818.0	129.27	10.009
4820.0	128.68	9.9724
4822.0	127.75	9.9083
4824.0	126.83	9.8447
4826.0	125.91	9.7813
4828.0	125.22	9.7364
4830.0	124.32	9.6739
4832.0	123.41	9.6117
4834.0	122.75	9.5675
4836.0	121.86	9.506
4838.0	120.97	9.4449
4840.0	120.1	9.3842
4842.0	119.45	9.3411
4844.0	118.58	9.2811
4846.0	117.72	9.2215
4848.0	116.87	9.1622
4850.0	116.02	9.1033
4852.0	115.39	9.0615
4854.0	114.56	9.0033
4856.0	113.73	8.9454
4858.0	113.11	8.9043
4860.0	112.5	8.8634
4862.0	111.99	8.8308
4864.0	111.39	8.7902
4866.0	111.09	8.7741
4868.0	111.0	8.7741
4870.0	110.91	8.7741
4872.0	111.23	8.8064
4874.0	111.65	8.8471
4876.0	112.48	8.9207
4878.0	113.64	9.0199
4880.0	114.81	9.1201
4882.0	115.67	9.196
4884.0	116.65	9.2811
4886.0	117.52	9.3584
4888.0	117.75	9.3842
4890.0	117.87	9.4016
4892.0	118.1	9.4276
4894.0	118.22	9.4449
4896.0	118.56	9.4798
4898.0	118.79	9.506
4900.0	118.91	9.5236
4902.0	119.14	9.5499
4904.0	119.27	9.5675
4906.0	119.39	9.5852
4908.0	119.62	9.6117
4910.0	119.97	9.6472
4912.0	120.2	9.6739
4914.0	120.32	9.6917
4916.0	120.45	9.7096
4918.0	120.68	9.7364
4920.0	120.81	9.7544
4922.0	121.04	9.7813
4924.0	120.94	9.7813
4926.0	120.73	9.7724
4928.0	120.64	9.7724
4930.0	120.54	9.7724
4932.0	120.55	9.7813
4934.0	120.68	9.7994
4936.0	121.14	9.8447
4938.0	121.26	9.8628
4940.0	121.72	9.9083
4942.0	121.85	9.9266
4944.0	122.09	9.954
4946.0	122.21	9.9724
4948.0	122.11	9.9724
4950.0	122.01	9.9724
4952.0	121.92	9.9724
4954.0	121.82	9.9724
4956.0	121.72	9.9724
4958.0	121.62	9.9724
4960.0	121.52	9.9724
4962.0	121.42	9.9724
4964.0	121.33	9.9724
4966.0	121.23	9.9724
4968.0	121.35	9.9908
4970.0	121.48	10.009
4972.0	121.38	10.009
4974.0	121.62	10.037
4976.0	121.75	10.055
4978.0	121.43	10.037
4980.0	121.33	10.037
4982.0	121.01	10.017999999999999
4984.0	120.8	10.009
4986.0	120.7	10.009
4988.0	120.38	9.9908
4990.0	120.29	9.9908
4992.0	120.19	9.9908
4994.0	120.09	9.9908
4996.0	120.0	9.9908
4998.0	120.12	10.009
5000.0	120.14	10.017999999999999
5002.0	120.26	10.037
5004.0	120.17	10.037
5006.0	120.07	10.037
5008.0	119.98	10.037
5010.0	119.88	10.037
5012.0	119.78	10.037
5014.0	119.69	10.037
5016.0	119.59	10.037
5018.0	119.28	10.017999999999999
5020.0	119.07	10.009
5022.0	118.98	10.009
5024.0	118.66	9.9908
5026.0	118.35	9.9724
5028.0	117.93	9.9449
5030.0	117.62	9.9266
5032.0	117.31	9.9083
5034.0	116.89	9.8809
5036.0	116.59	9.8628
5038.0	116.28	9.8447
5040.0	116.19	9.8447
5042.0	115.77	9.8174
5044.0	115.68	9.8174
5046.0	115.59	9.8174
5048.0	115.5	9.8174
5050.0	115.41	9.8174
5052.0	115.64	9.8447
5054.0	115.54	9.8447
5056.0	115.45	9.8447
5058.0	115.04	9.8174
5060.0	114.95	9.8174
5062.0	114.65	9.7994
5064.0	114.56	9.7994
5066.0	114.47	9.7994
5068.0	114.17	9.7813
5070.0	114.08	9.7813
5072.0	113.88	9.7724
5074.0	113.79	9.7724
5076.0	113.49	9.7544
5078.0	113.2	9.7364
5080.0	112.8	9.7096
5082.0	112.71	9.7096
5084.0	112.41	9.6917
5086.0	112.32	9.6917
5088.0	112.44	9.7096
5090.0	112.35	9.7096
5092.0	112.26	9.7096
5094.0	112.18	9.7096
5096.0	112.09	9.7096
5098.0	112.0	9.7096
5100.0	111.71	9.6917
5102.0	111.41	9.6739
5104.0	111.33	9.6739
5106.0	111.24	9.6739
5108.0	110.85	9.6472
5110.0	110.76	9.6472
5112.0	110.47	9.6294
5114.0	110.18	9.6117
5116.0	110.3	9.6294
5118.0	110.21	9.6294
5120.0	110.33	9.6472
5122.0	110.24	9.6472
5124.0	109.95	9.6294
5126.0	109.66	9.6117
5128.0	109.58	9.6117
5130.0	109.19	9.5852
5132.0	108.9	9.5675
5134.0	108.62	9.5499
5136.0	108.54	9.5499
5138.0	108.45	9.5499
5140.0	108.37	9.5499
5142.0	108.28	9.5499
5144.0	108.2	9.5499
5146.0	108.11	9.5499
5148.0	107.73	9.5236
5150.0	107.45	9.506
5152.0	107.27	9.4973
5154.0	107.09	9.4885
5156.0	106.9	9.4798
5158.0	106.72	9.4711
5160.0	106.54	9.4624
5162.0	106.36	9.4536
5164.0	106.18	9.4449
5166.0	106.0	9.4363
5168.0	105.82	9.4276
5170.0	105.74	9.4276
5172.0	105.56	9.4189
5174.0	105.38	9.4102
5176.0	105.2	9.4016
5178.0	105.03	9.3929
5180.0	104.85	9.3842
5182.0	104.67	9.3756
5184.0	104.49	9.367
5186.0	104.32	9.3584
5188.0	104.14	9.3498
5190.0	103.96	9.3411
5192.0	103.79	9.3325
5194.0	103.52	9.3154
5196.0	103.34	9.3068
5198.0	103.17	9.2982
5200.0	102.99	9.2896
5202.0	102.82	9.2811
5204.0	102.65	9.2726
5206.0	102.38	9.2555
5208.0	102.11	9.2385
5210.0	102.03	9.2385
5212.0	101.77	9.2215
5214.0	101.5	9.2045
5216.0	101.33	9.196
5218.0	101.07	9.1791
5220.0	100.99	9.1791
5222.0	100.91	9.1791
5224.0	100.84	9.1791
5226.0	100.76	9.1791
5228.0	100.5	9.1622
5230.0	100.42	9.1622
5232.0	100.16	9.1453
5234.0	99.98899999999999	9.1369
5236.0	99.913	9.1369
5238.0	99.65299999999999	9.1201
5240.0	99.57700000000001	9.1201
5242.0	99.318	9.1033
5244.0	99.242	9.1033
5246.0	98.89299999999999	9.0782
5248.0	98.635	9.0615
5250.0	98.37899999999999	9.0448
5252.0	98.304	9.0448
5254.0	97.958	9.0199
5256.0	97.884	9.0199
5258.0	97.63	9.0033
5260.0	97.555	9.0033
5262.0	97.48100000000001	9.0033
5264.0	97.586	9.0199
5266.0	97.512	9.0199
5268.0	97.708	9.0448
5270.0	97.634	9.0448
5272.0	97.56	9.0448
5274.0	97.21700000000001	9.0199
5276.0	97.14299999999999	9.0199
5278.0	96.891	9.0033
5280.0	96.639	8.9867
5282.0	96.477	8.9784
5284.0	96.227	8.9619
5286.0	95.977	8.9454
5288.0	95.64	8.9207
5290.0	95.56700000000001	8.9207
5292.0	95.319	8.9043
5294.0	95.24700000000001	8.9043
5296.0	95.001	8.8879
5298.0	94.929	8.8879
5300.0	94.682	8.8716
5302.0	94.524	8.8634
5304.0	94.279	8.8471
5306.0	94.03399999999999	8.8308
5308.0	93.704	8.8064
5310.0	93.461	8.7902
5312.0	93.219	8.7741
5314.0	93.149	8.7741
5316.0	93.079	8.7741
5318.0	93.009	8.7741
5320.0	92.939	8.7741
5322.0	92.869	8.7741
5324.0	92.97	8.7902
5326.0	92.90100000000001	8.7902
5328.0	92.831	8.7902
5330.0	92.59100000000001	8.7741
5332.0	92.521	8.7741
5334.0	92.45200000000001	8.7741
5336.0	92.383	8.7741
5338.0	92.05799999999999	8.7498
5340.0	91.82	8.7337
5342.0	91.751	8.7337
5344.0	91.514	8.7176
5346.0	91.361	8.7096
5348.0	91.29299999999999	8.7096
5350.0	91.225	8.7096
5352.0	91.156	8.7096
5354.0	91.088	8.7096
5356.0	91.02	8.7096
5358.0	91.036	8.7176
5360.0	90.96799999999999	8.7176
5362.0	90.90100000000001	8.7176
5364.0	90.749	8.7096
5366.0	90.515	8.6936
5368.0	90.281	8.6776
5370.0	90.04799999999999	8.6617
5372.0	89.98100000000001	8.6617
5374.0	89.831	8.6536
5376.0	89.764	8.6536
5378.0	89.697	8.6536
5380.0	89.63	8.6536
5382.0	89.399	8.6377
5384.0	89.333	8.6377
5386.0	89.266	8.6377
5388.0	89.2	8.6377
5390.0	89.134	8.6377
5392.0	89.068	8.6377
5394.0	89.00200000000001	8.6377
5396.0	88.936	8.6377
5398.0	88.706	8.6218
5400.0	88.641	8.6218
5402.0	88.331	8.598
5404.0	88.103	8.5822
5406.0	88.038	8.5822
5408.0	87.97200000000001	8.5822
5410.0	87.74600000000001	8.5664
5412.0	87.681	8.5664
5414.0	87.374	8.5428
5416.0	87.149	8.5271
5418.0	87.085	8.5271
5420.0	86.861	8.5114
5422.0	86.79700000000001	8.5114
5424.0	86.73299999999999	8.5114
5426.0	86.429	8.4879
5428.0	86.365	8.4879
5430.0	86.302	8.4879
5432.0	86.238	8.4879
5434.0	86.175	8.4879
5436.0	86.111	8.4879
5438.0	86.04799999999999	8.4879
5440.0	85.985	8.4879
5442.0	85.92200000000001	8.4879
5444.0	85.859	8.4879
5446.0	85.795	8.4879
5448.0	85.575	8.4723
5450.0	85.355	8.4567
5452.0	85.214	8.4489
5454.0	84.994	8.4333
5456.0	84.932	8.4333
5458.0	84.714	8.4178
5460.0	84.49600000000001	8.4023
5462.0	84.434	8.4023
5464.0	84.294	8.3946
5466.0	84.07700000000001	8.3791
5468.0	84.016	8.3791
5470.0	83.8	8.3637
5472.0	83.73899999999999	8.3637
5474.0	83.678	8.3637
5476.0	83.617	8.3637
5478.0	83.325	8.3406
5480.0	83.264	8.3406
5482.0	83.05	8.3253
5484.0	82.99	8.3253
5486.0	82.777	8.31
5488.0	82.71600000000001	8.31
5490.0	82.656	8.31
5492.0	82.596	8.31
5494.0	82.536	8.31
5496.0	82.24799999999999	8.287
5498.0	82.18799999999999	8.287
5500.0	82.12799999999999	8.287
5502.0	81.918	8.2718
5504.0	81.858	8.2718
5506.0	81.648	8.2566
5508.0	81.589	8.2566
5510.0	81.455	8.249
5512.0	81.396	8.249
5514.0	81.337	8.249
5516.0	81.278	8.249
5518.0	81.219	8.249
5520.0	81.16	8.249
5522.0	80.952	8.2338
5524.0	80.893	8.2338
5526.0	80.835	8.2338
5528.0	80.77600000000001	8.2338
5530.0	80.718	8.2338
5532.0	80.66	8.2338
5534.0	80.453	8.2186
5536.0	80.395	8.2186
5538.0	80.337	8.2186
5540.0	80.131	8.2035
5542.0	79.999	8.1959
5544.0	79.942	8.1959
5546.0	79.884	8.1959
5548.0	79.679	8.1808
5550.0	79.622	8.1808
5552.0	79.418	8.1658
5554.0	79.215	8.1508
5556.0	79.085	8.1433
5558.0	79.028	8.1433
5560.0	78.82600000000001	8.1283
5562.0	78.77	8.1283
5564.0	78.568	8.1133
5566.0	78.51100000000001	8.1133
5568.0	78.455	8.1133
5570.0	78.399	8.1133
5572.0	78.342	8.1133
5574.0	78.286	8.1133
5576.0	78.23	8.1133
5578.0	78.17399999999999	8.1133
5580.0	78.118	8.1133
5582.0	78.062	8.1133
5584.0	78.006	8.1133
5586.0	77.95	8.1133
5588.0	77.895	8.1133
5590.0	77.624	8.0909
5592.0	77.426	8.076
5594.0	77.37	8.076
5596.0	77.173	8.0612
5598.0	77.118	8.0612
5600.0	76.85	8.0389
5602.0	76.795	8.0389
5604.0	76.59899999999999	8.0242
5606.0	76.545	8.0242
5608.0	76.49	8.0242
5610.0	76.435	8.0242
5612.0	76.381	8.0242
5614.0	76.327	8.0242
5616.0	76.27199999999999	8.0242
5618.0	76.077	8.0094
5620.0	75.954	8.002
5622.0	75.76	7.9873
5624.0	75.566	7.9726
5626.0	75.513	7.9726
5628.0	75.32	7.9579
5630.0	75.19800000000001	7.9506
5632.0	75.14399999999999	7.9506
5634.0	74.953	7.936
5636.0	74.899	7.936
5638.0	74.709	7.9214
5640.0	74.656	7.9214
5642.0	74.465	7.9068
5644.0	74.413	7.9068
5646.0	74.292	7.8995
5648.0	74.102	7.885
5650.0	73.913	7.8704
5652.0	73.861	7.8704
5654.0	73.809	7.8704
5656.0	73.553	7.8487
5658.0	73.501	7.8487
5660.0	73.314	7.8343
5662.0	73.262	7.8343
5664.0	73.211	7.8343
5666.0	73.15899999999999	7.8343
5668.0	73.107	7.8343
5670.0	73.056	7.8343
5672.0	72.87	7.8199
5674.0	72.819	7.8199
5676.0	72.767	7.8199
5678.0	72.515	7.7983
5680.0	72.464	7.7983
5682.0	72.28	7.7839
5684.0	72.03	7.7625
5686.0	71.847	7.7482
5688.0	71.664	7.7339
5690.0	71.482	7.7197
5692.0	71.366	7.7126
5694.0	71.316	7.7126
5696.0	71.266	7.7126
5698.0	71.085	7.6984
5700.0	71.035	7.6984
5702.0	70.985	7.6984
5704.0	70.935	7.6984
5706.0	70.885	7.6984
5708.0	70.836	7.6984
5710.0	70.786	7.6984
5712.0	70.737	7.6984
5714.0	70.557	7.6842
5716.0	70.507	7.6842
5718.0	70.458	7.6842
5720.0	70.40899999999999	7.6842
5722.0	70.36	7.6842
5724.0	70.31	7.6842
5726.0	70.068	7.663
5728.0	70.01899999999999	7.663
5730.0	69.97	7.663
5732.0	69.921	7.663
5734.0	69.744	7.6489
5736.0	69.695	7.6489
5738.0	69.518	7.6348
5740.0	69.278	7.6138
5742.0	69.23	7.6138
5744.0	69.182	7.6138
5746.0	69.134	7.6138
5748.0	69.086	7.6138
5750.0	69.03699999999999	7.6138
5752.0	69.18	7.6348
5754.0	69.132	7.6348
5756.0	69.084	7.6348
5758.0	68.846	7.6138
5760.0	68.798	7.6138
5762.0	68.624	7.5998
5764.0	68.45	7.5858
5766.0	68.402	7.5858
5768.0	68.355	7.5858
5770.0	68.307	7.5858
5772.0	68.26	7.5858
5774.0	68.21300000000001	7.5858
5776.0	68.166	7.5858
5778.0	68.118	7.5858
5780.0	67.884	7.5648
5782.0	67.837	7.5648
5784.0	67.79	7.5648
5786.0	67.743	7.5648
5788.0	67.696	7.5648
5790.0	67.649	7.5648
5792.0	67.47800000000001	7.5509
5794.0	67.307	7.537
5796.0	67.199	7.5301
5798.0	67.153	7.5301
5800.0	67.107	7.5301
5802.0	67.06	7.5301
5804.0	67.014	7.5301
5806.0	66.845	7.5162
5808.0	66.79899999999999	7.5162
5810.0	66.753	7.5162
5812.0	66.584	7.5024
5814.0	66.538	7.5024
5816.0	66.492	7.5024
5818.0	66.447	7.5024
5820.0	66.40100000000001	7.5024
5822.0	66.233	7.4886
5824.0	66.188	7.4886
5826.0	66.081	7.4817
5828.0	66.036	7.4817
5830.0	65.869	7.4679
5832.0	65.824	7.4679
5834.0	65.779	7.4679
5836.0	65.734	7.4679
5838.0	65.689	7.4679
5840.0	65.64399999999999	7.4679
5842.0	65.47800000000001	7.4542
5844.0	65.434	7.4542
5846.0	65.389	7.4542
5848.0	65.164	7.4336
5850.0	65.119	7.4336
5852.0	65.075	7.4336
5854.0	64.911	7.4199
5856.0	64.866	7.4199
5858.0	64.703	7.4063
5860.0	64.65899999999999	7.4063
5862.0	64.61399999999999	7.4063
5864.0	64.57	7.4063
5866.0	64.52600000000001	7.4063
5868.0	64.482	7.4063
5870.0	64.438	7.4063
5872.0	64.395	7.4063
5874.0	64.351	7.4063
5876.0	64.12899999999999	7.3858
5878.0	63.968	7.3722
5880.0	63.924	7.3722
5882.0	63.763000000000005	7.3587
5884.0	63.72	7.3587
5886.0	63.618	7.3519
5888.0	63.575	7.3519
5890.0	63.532	7.3519
5892.0	63.372	7.3384
5894.0	63.32899999999999	7.3384
5896.0	63.169	7.3249
5898.0	63.01	7.3114
5900.0	62.91	7.3047
5902.0	62.867	7.3047
5904.0	62.708999999999996	7.2912
5906.0	62.666000000000004	7.2912
5908.0	62.623999999999995	7.2912
5910.0	62.466	7.2778
5912.0	62.424	7.2778
5914.0	62.21	7.2577
5916.0	62.168	7.2577
5918.0	62.011	7.2444
5920.0	61.855	7.231
5922.0	61.643	7.2111
5924.0	61.601000000000006	7.2111
5926.0	61.56	7.2111
5928.0	61.518	7.2111
5930.0	61.477	7.2111
5932.0	61.435	7.2111
5934.0	61.394	7.2111
5936.0	61.353	7.2111
5938.0	61.198	7.1978
5940.0	61.045	7.1845
5942.0	61.004	7.1845
5944.0	60.963	7.1845
5946.0	60.92100000000001	7.1845
5948.0	60.88	7.1845
5950.0	60.84	7.1845
5952.0	60.911	7.1978
5954.0	60.87	7.1978
5956.0	60.82899999999999	7.1978
5958.0	60.788000000000004	7.1978
5960.0	60.636	7.1845
5962.0	60.595	7.1845
5964.0	60.387	7.1647
5966.0	60.347	7.1647
5968.0	60.306000000000004	7.1647
5970.0	60.266000000000005	7.1647
5972.0	60.226000000000006	7.1647
5974.0	60.185	7.1647
5976.0	60.145	7.1647
5978.0	60.105	7.1647
5980.0	59.95399999999999	7.1516
5982.0	59.913999999999994	7.1516
5984.0	59.873999999999995	7.1516
5986.0	59.724	7.1384
5988.0	59.684	7.1384
5990.0	59.589	7.1318
5992.0	59.549	7.1318
5994.0	59.51	7.1318
5996.0	59.361000000000004	7.1187
5998.0	59.321000000000005	7.1187
6000.0	59.281000000000006	7.1187
6002.0	59.242	7.1187
6004.0	59.202	7.1187
6006.0	59.163000000000004	7.1187
6008.0	59.123999999999995	7.1187
6010.0	59.083999999999996	7.1187
6012.0	59.045	7.1187
6014.0	59.006	7.1187
6016.0	58.966	7.1187
6018.0	58.927	7.1187
6020.0	58.888000000000005	7.1187
6022.0	58.849	7.1187
6024.0	58.81	7.1187
6026.0	58.663000000000004	7.1056
6028.0	58.623999999999995	7.1056
6030.0	58.423	7.086
6032.0	58.38399999999999	7.086
6034.0	58.238	7.0729
6036.0	58.2	7.0729
6038.0	58.161	7.0729
6040.0	58.123000000000005	7.0729
6042.0	57.978	7.0599
6044.0	57.93899999999999	7.0599
6046.0	57.901	7.0599
6048.0	57.863	7.0599
6050.0	57.718	7.0469
6052.0	57.68	7.0469
6054.0	57.588	7.0404
6056.0	57.55	7.0404
6058.0	57.512	7.0404
6060.0	57.369	7.0275
6062.0	57.331	7.0275
6064.0	57.293	7.0275
6066.0	57.15	7.0145
6068.0	57.111999999999995	7.0145
6070.0	56.917	6.9952
6072.0	56.88	6.9952
6074.0	56.738	6.9823
6076.0	56.7	6.9823
6078.0	56.559	6.9695
6080.0	56.522	6.9695
6082.0	56.485	6.9695
6084.0	56.291000000000004	6.9502
6086.0	56.254	6.9502
6088.0	56.217	6.9502
6090.0	56.077	6.9374
6092.0	56.04	6.9374
6094.0	56.004	6.9374
6096.0	55.864	6.9247
6098.0	55.776	6.9183
6100.0	55.739	6.9183
6102.0	55.754	6.9247
6104.0	55.717	6.9247
6106.0	55.681000000000004	6.9247
6108.0	55.644	6.9247
6110.0	55.608000000000004	6.9247
6112.0	55.571999999999996	6.9247
6114.0	55.483999999999995	6.9183
6116.0	55.448	6.9183
6118.0	55.411	6.9183
6120.0	55.273	6.9056
6122.0	55.236999999999995	6.9056
6124.0	55.201	6.9056
6126.0	55.06399999999999	6.8929
6128.0	55.028	6.8929
6130.0	54.891000000000005	6.8802
6132.0	54.803999999999995	6.8738
6134.0	54.668	6.8612
6136.0	54.632	6.8612
6138.0	54.597	6.8612
6140.0	54.56100000000001	6.8612
6142.0	54.626000000000005	6.8738
6144.0	54.59	6.8738
6146.0	54.555	6.8738
6148.0	54.519	6.8738
6150.0	54.483999999999995	6.8738
6152.0	54.449	6.8738
6154.0	54.313	6.8612
6156.0	54.178000000000004	6.8486
6158.0	53.993	6.8296
6160.0	53.958	6.8296
6162.0	54.073	6.8486
6164.0	54.038000000000004	6.8486
6166.0	53.853	6.8296
6168.0	53.818000000000005	6.8296
6170.0	53.783	6.8296
6172.0	53.65	6.8171
6174.0	53.516999999999996	6.8046
6176.0	53.482	6.8046
6178.0	53.3	6.7858
6180.0	53.265	6.7858
6182.0	53.231	6.7858
6184.0	53.098	6.7733
6186.0	53.06399999999999	6.7733
6188.0	53.03	6.7733
6190.0	52.898	6.7608
6192.0	52.864	6.7608
6194.0	52.684	6.7421
6196.0	52.553000000000004	6.7298
6198.0	52.519	6.7298
6200.0	52.485	6.7298
6202.0	52.355	6.7174
6204.0	52.273	6.7112
6206.0	52.239	6.7112
6208.0	52.206	6.7112
6210.0	52.076	6.6988
6212.0	52.042	6.6988
6214.0	52.00899999999999	6.6988
6216.0	51.975	6.6988
6218.0	51.942	6.6988
6220.0	51.909	6.6988
6222.0	51.875	6.6988
6224.0	51.842	6.6988
6226.0	51.713	6.6865
6228.0	51.68	6.6865
6230.0	51.647	6.6865
6232.0	51.519	6.6742
6234.0	51.486000000000004	6.6742
6236.0	51.405	6.6681
6238.0	51.372	6.6681
6240.0	51.245	6.6558
6242.0	51.211999999999996	6.6558
6244.0	51.085	6.6435
6246.0	51.052	6.6435
6248.0	50.879	6.6252
6250.0	50.753	6.613
6252.0	50.72	6.613
6254.0	50.688	6.613
6256.0	50.655	6.613
6258.0	50.623000000000005	6.613
6260.0	50.591	6.613
6262.0	50.558	6.613
6264.0	50.433	6.6008
6266.0	50.262	6.5826
6268.0	50.137	6.5705
6270.0	49.967	6.5524
6272.0	49.843	6.5403
6274.0	49.629	6.5163
6276.0	49.551	6.5103
6278.0	49.428999999999995	6.4983
6280.0	49.306000000000004	6.4863
6282.0	49.275	6.4863
6284.0	49.243	6.4863
6286.0	49.122	6.4744
6288.0	49.181000000000004	6.4863
6290.0	49.148999999999994	6.4863
6292.0	49.118	6.4863
6294.0	49.086999999999996	6.4863
6296.0	49.146	6.4983
6298.0	49.115	6.4983
6300.0	49.083999999999996	6.4983
6302.0	48.961999999999996	6.4863
6304.0	48.931000000000004	6.4863
6306.0	48.9	6.4863
6308.0	48.869	6.4863
6310.0	48.838	6.4863
6312.0	48.806999999999995	6.4863
6314.0	48.776	6.4863
6316.0	48.836000000000006	6.4983
6318.0	48.715	6.4863
6320.0	48.684	6.4863
6322.0	48.653	6.4863
6324.0	48.622	6.4863
6326.0	48.592	6.4863
6328.0	48.56100000000001	6.4863
6330.0	48.53	6.4863
6332.0	48.5	6.4863
6334.0	48.468999999999994	6.4863
6336.0	48.349	6.4744
6338.0	48.273999999999994	6.4685
6340.0	48.155	6.4565
6342.0	48.036	6.4446
6344.0	48.006	6.4446
6346.0	47.843	6.4269
6348.0	47.813	6.4269
6350.0	47.783	6.4269
6352.0	47.753	6.4269
6354.0	47.723	6.4269
6356.0	47.693000000000005	6.4269
6358.0	47.663000000000004	6.4269
6360.0	47.633	6.4269
6362.0	47.603	6.4269
6364.0	47.485	6.415
6366.0	47.456	6.415
6368.0	47.338	6.4032
6370.0	47.309	6.4032
6372.0	47.278999999999996	6.4032
6374.0	47.119	6.3856
6376.0	47.09	6.3856
6378.0	47.06	6.3856
6380.0	47.03	6.3856
6382.0	47.001000000000005	6.3856
6384.0	46.972	6.3856
6386.0	46.856	6.3738
6388.0	46.826	6.3738
6390.0	46.711000000000006	6.3621
6392.0	46.681999999999995	6.3621
6394.0	46.652	6.3621
6396.0	46.581	6.3562
6398.0	46.551	6.3562
6400.0	46.522	6.3562
6402.0	46.493	6.3562
6404.0	46.379	6.3445
6406.0	46.35	6.3445
6408.0	46.235	6.3329
6410.0	46.121	6.3212
6412.0	46.05	6.3154
6414.0	45.937	6.3038
6416.0	45.908	6.3038
6418.0	45.795	6.2922
6420.0	45.681999999999995	6.2806
6422.0	45.611999999999995	6.2748
6424.0	45.583999999999996	6.2748
6426.0	45.472	6.2633
6428.0	45.443000000000005	6.2633
6430.0	45.415	6.2633
6432.0	45.387	6.2633
6434.0	45.358999999999995	6.2633
6436.0	45.33	6.2633
6438.0	45.218999999999994	6.2517
6440.0	45.191	6.2517
6442.0	45.163000000000004	6.2517
6444.0	45.01	6.2345
6446.0	44.982	6.2345
6448.0	44.872	6.223
6450.0	44.761	6.2115
6452.0	44.61	6.1944
6454.0	44.5	6.183
6456.0	44.35	6.1659
6458.0	44.24100000000001	6.1546
6460.0	44.051	6.132
6462.0	43.902	6.115
6464.0	43.794	6.1038
6466.0	43.566	6.0757
6468.0	43.458999999999996	6.0646
6470.0	43.312	6.0478
6472.0	43.126999999999995	6.0256
6474.0	42.981	6.009
6476.0	42.875	5.9979
6478.0	42.731	5.9814
6480.0	42.70399999999999	5.9814
6482.0	42.599	5.9703
6484.0	42.495	5.9594
6486.0	42.468999999999994	5.9594
6488.0	42.442	5.9594
6490.0	42.416000000000004	5.9594
6492.0	42.39	5.9594
6494.0	42.364	5.9594
6496.0	42.338	5.9594
6498.0	42.195	5.9429
6500.0	42.013999999999996	5.9211
6502.0	41.872	5.9047
6504.0	41.693000000000005	5.883
6506.0	41.361000000000004	5.8398
6508.0	41.07	5.8023
6510.0	40.781	5.765
6512.0	40.606	5.7438
6514.0	40.32	5.7069
6516.0	40.037	5.6702
6518.0	39.828	5.6441
6520.0	39.621	5.6182
6522.0	39.415	5.5924
6524.0	39.246	5.5718
6526.0	39.113	5.5565
6528.0	38.946	5.5361
6530.0	38.743	5.5106
6532.0	38.471	5.4752
6534.0	38.27	5.45
6536.0	38.001	5.415
6538.0	37.734	5.3802
6540.0	37.468	5.3456
6542.0	37.273	5.3211
6544.0	37.079	5.2966
6546.0	36.819	5.2626
6548.0	36.661	5.2432
6550.0	36.37	5.2048
6552.0	36.114000000000004	5.1713
6554.0	35.86	5.1381
6556.0	35.542	5.0956
6558.0	35.292	5.0629
6560.0	35.044000000000004	5.0304
6562.0	34.798	4.9981
6564.0	34.553000000000004	4.9659
6566.0	34.373000000000005	4.9431
6568.0	34.194	4.9204
6570.0	34.048	4.9023
6572.0	34.09	4.9113
6574.0	34.132	4.9204
6576.0	34.205999999999996	4.934
6578.0	34.311	4.9522
6580.0	34.448	4.9751
6582.0	34.65	5.0073
6584.0	34.917	5.0489
6586.0	35.154	5.0863
6588.0	35.36	5.1192
6590.0	35.633	5.1618
6592.0	35.775999999999996	5.1856
6594.0	35.985	5.2192
6596.0	36.196	5.2529
6598.0	36.341	5.2771
6600.0	36.486999999999995	5.3015
6602.0	36.599000000000004	5.3211
6604.0	36.746	5.3456
6606.0	36.893	5.3703
6608.0	37.007	5.3901
6610.0	37.155	5.415
6612.0	37.304	5.44
6614.0	37.454	5.4651
6616.0	37.638000000000005	5.4954
6618.0	37.789	5.5208
6620.0	37.941	5.5463
6622.0	38.093	5.5718
6624.0	38.14	5.5821
6626.0	38.222	5.5976
6628.0	38.34	5.6182
6630.0	38.423	5.6338
6632.0	38.542	5.6546
6634.0	38.589	5.665
6636.0	38.673	5.6807
6638.0	38.721	5.6911
6640.0	38.805	5.7069
6642.0	38.853	5.7174
6644.0	38.900999999999996	5.728
6646.0	38.878	5.728
6648.0	38.961999999999996	5.7438
6650.0	38.938	5.7438
6652.0	38.808	5.728
6654.0	38.784	5.728
6656.0	38.760999999999996	5.728
6658.0	38.738	5.728
6660.0	38.714	5.728
6662.0	38.691	5.728
6664.0	38.668	5.728
6666.0	38.751999999999995	5.7438
6668.0	38.728	5.7438
6670.0	38.848	5.765
6672.0	38.861	5.7703
6674.0	38.909	5.7809
6676.0	38.885	5.7809
6678.0	38.934	5.7916
6680.0	38.91	5.7916
6682.0	38.816	5.7809
6684.0	38.792	5.7809
6686.0	38.769	5.7809
6688.0	38.746	5.7809
6690.0	38.652	5.7703
6692.0	38.629	5.7703
6694.0	38.606	5.7703
6696.0	38.583	5.7703
6698.0	38.524	5.765
6700.0	38.536	5.7703
6702.0	38.513000000000005	5.7703
6704.0	38.49	5.7703
6706.0	38.538000000000004	5.7809
6708.0	38.515	5.7809
6710.0	38.492	5.7809
6712.0	38.469	5.7809
6714.0	38.446999999999996	5.7809
6716.0	38.424	5.7809
6718.0	38.33	5.7703
6720.0	38.272	5.765
6722.0	38.249	5.765
6724.0	38.227	5.765
6726.0	38.204	5.765
6728.0	38.181	5.765
6730.0	38.158	5.765
6732.0	38.066	5.7544
6734.0	37.973	5.7438
6736.0	37.95	5.7438
6738.0	37.928000000000004	5.7438
6740.0	37.905	5.7438
6742.0	37.883	5.7438
6744.0	37.86	5.7438
6746.0	37.838	5.7438
6748.0	37.816	5.7438
6750.0	37.793	5.7438
6752.0	37.771	5.7438
6754.0	37.748000000000005	5.7438
6756.0	37.726	5.7438
6758.0	37.704	5.7438
6760.0	37.681	5.7438
6762.0	37.659	5.7438
6764.0	37.637	5.7438
6766.0	37.615	5.7438
6768.0	37.592	5.7438
6770.0	37.57	5.7438
6772.0	37.548	5.7438
6774.0	37.525999999999996	5.7438
6776.0	37.504	5.7438
6778.0	37.482	5.7438
6780.0	37.459	5.7438
6782.0	37.437	5.7438
6784.0	37.312	5.728
6786.0	37.29	5.728
6788.0	37.199	5.7174
6790.0	37.177	5.7174
6792.0	37.156	5.7174
6794.0	37.065	5.7069
6796.0	37.111999999999995	5.7174
6798.0	37.09	5.7174
6800.0	37.068000000000005	5.7174
6802.0	37.115	5.728
6804.0	37.093	5.728
6806.0	37.071	5.728
6808.0	37.049	5.728
6810.0	37.028	5.728
6812.0	36.938	5.7174
6814.0	36.848	5.7069
6816.0	36.827	5.7069
6818.0	36.805	5.7069
6820.0	36.681999999999995	5.6911
6822.0	36.66	5.6911
6824.0	36.639	5.6911
6826.0	36.55	5.6807
6828.0	36.461	5.6702
6830.0	36.406	5.665
6832.0	36.385	5.665
6834.0	36.364000000000004	5.665
6836.0	36.275999999999996	5.6546
6838.0	36.255	5.6546
6840.0	36.233000000000004	5.6546
6842.0	36.211999999999996	5.6546
6844.0	36.258	5.665
6846.0	36.203	5.6598
6848.0	36.149	5.6546
6850.0	36.128	5.6546
6852.0	36.073	5.6494
6854.0	36.052	5.6494
6856.0	35.998000000000005	5.6441
6858.0	35.977	5.6441
6860.0	35.923	5.639
6862.0	35.869	5.6338
6864.0	35.848	5.6338
6866.0	35.794000000000004	5.6286
6868.0	35.741	5.6234
6870.0	35.72	5.6234
6872.0	35.666	5.6182
6874.0	35.645	5.6182
6876.0	35.592	5.6131
6878.0	35.538000000000004	5.6079
6880.0	35.518	5.6079
6882.0	35.464	5.6027
6884.0	35.411	5.5976
6886.0	35.39	5.5976
6888.0	35.336999999999996	5.5924
6890.0	35.284	5.5873
6892.0	35.264	5.5873
6894.0	35.211	5.5821
6896.0	35.158	5.577
6898.0	35.105	5.5718
6900.0	35.085	5.5718
6902.0	35.032	5.5667
6904.0	34.98	5.5616
6906.0	34.96	5.5616
6908.0	34.907	5.5565
6910.0	34.855	5.5514
6912.0	34.803000000000004	5.5463
6914.0	34.751	5.5412
6916.0	34.731	5.5412
6918.0	34.678000000000004	5.5361
6920.0	34.626999999999995	5.531
6922.0	34.575	5.5259
6924.0	34.555	5.5259
6926.0	34.503	5.5208
6928.0	34.451	5.5157
6930.0	34.4	5.5106
6932.0	34.348	5.5056
6934.0	34.328	5.5056
6936.0	34.277	5.5005
6938.0	34.226	5.4954
6940.0	34.174	5.4903
6942.0	34.123000000000005	5.4853
6944.0	34.071999999999996	5.4802
6946.0	34.021	5.4752
6948.0	34.001999999999995	5.4752
6950.0	33.951	5.4702
6952.0	33.589	5.415
6954.0	33.57	5.415
6956.0	33.613	5.425
6958.0	33.593	5.425
6960.0	33.667	5.44
6962.0	33.647	5.44
6964.0	33.69	5.45
6966.0	33.671	5.45
6968.0	33.714	5.4601
6970.0	33.694	5.4601
6972.0	33.675	5.4601
6974.0	33.594	5.45
6976.0	33.574	5.45
6978.0	33.493	5.44
6980.0	33.382	5.425
6982.0	33.24	5.405
6984.0	33.129	5.3901
6986.0	32.989000000000004	5.3703
6988.0	32.879	5.3555
6990.0	32.799	5.3456
6992.0	32.781	5.3456
6994.0	32.762	5.3456
6996.0	32.743	5.3456
6998.0	32.724000000000004	5.3456
7000.0	32.646	5.3358
7002.0	32.597	5.3309
7004.0	32.578	5.3309
7006.0	32.56	5.3309
7008.0	32.541	5.3309
7010.0	32.463	5.3211
7012.0	32.444	5.3211
7014.0	32.426	5.3211
7016.0	32.467	5.3309
7018.0	32.449	5.3309
7020.0	32.46	5.3358
7022.0	32.501	5.3456
7024.0	32.483000000000004	5.3456
7026.0	32.464	5.3456
7028.0	32.506	5.3555
7030.0	32.486999999999995	5.3555
7032.0	32.558	5.3703
7034.0	32.54	5.3703
7036.0	32.521	5.3703
7038.0	32.563	5.3802
7040.0	32.484	5.3703
7042.0	32.466	5.3703
7044.0	32.448	5.3703
7046.0	32.429	5.3703
7048.0	32.321	5.3555
7050.0	32.303000000000004	5.3555
7052.0	32.285	5.3555
7054.0	32.207	5.3456
7056.0	32.189	5.3456
7058.0	32.082	5.3309
7060.0	32.064	5.3309
7062.0	31.986	5.3211
7064.0	31.909000000000002	5.3113
7066.0	31.891	5.3113
7068.0	31.873	5.3113
7070.0	31.796999999999997	5.3015
7072.0	31.749000000000002	5.2966
7074.0	31.730999999999998	5.2966
7076.0	31.743000000000002	5.3015
7078.0	31.783	5.3113
7080.0	31.824	5.3211
7082.0	31.805999999999997	5.3211
7084.0	31.846999999999998	5.3309
7086.0	31.829	5.3309
7088.0	31.811	5.3309
7090.0	31.734	5.3211
7092.0	31.658	5.3113
7094.0	31.581999999999997	5.3015
7096.0	31.535	5.2966
7098.0	31.459	5.2869
7100.0	31.441999999999997	5.2869
7102.0	31.424	5.2869
7104.0	31.406	5.2869
7106.0	31.388	5.2869
7108.0	31.371	5.2869
7110.0	31.410999999999998	5.2966
7112.0	31.336	5.2869
7114.0	31.318	5.2869
7116.0	31.243000000000002	5.2771
7118.0	31.225	5.2771
7120.0	31.122	5.2626
7122.0	31.104	5.2626
7124.0	31.029	5.2529
7126.0	31.011999999999997	5.2529
7128.0	30.936999999999998	5.2432
7130.0	30.92	5.2432
7132.0	30.903000000000002	5.2432
7134.0	30.8	5.2288
7136.0	30.783	5.2288
7138.0	30.766	5.2288
7140.0	30.691999999999997	5.2192
7142.0	30.675	5.2192
7144.0	30.658	5.2192
7146.0	30.64	5.2192
7148.0	30.623	5.2192
7150.0	30.55	5.2095
7152.0	30.505	5.2048
7154.0	30.488000000000003	5.2048
7156.0	30.415	5.1952
7158.0	30.342	5.1856
7160.0	30.241	5.1713
7162.0	30.113000000000003	5.1523
7164.0	30.013	5.1381
7166.0	29.886	5.1192
7168.0	29.677	5.0863
7170.0	29.525	5.0629
7172.0	29.372	5.0396
7174.0	29.221	5.0165
7176.0	29.044	4.9888
7178.0	28.894000000000002	4.9659
7180.0	28.799	4.9522
7182.0	28.73	4.9431
7184.0	28.660999999999998	4.934
7186.0	28.645	4.934
7188.0	28.629	4.934
7190.0	28.613000000000003	4.934
7192.0	28.596999999999998	4.934
7194.0	28.634	4.9431
7196.0	28.671	4.9522
7198.0	28.734	4.9659
7200.0	28.771	4.9751
7202.0	28.808000000000003	4.9842
7204.0	28.925	5.0073
7206.0	29.041999999999998	5.0304
7208.0	29.16	5.0536
7210.0	29.333000000000002	5.0863
7212.0	29.424	5.1051
7214.0	29.598000000000003	5.1381
7216.0	29.581999999999997	5.1381
7218.0	29.566	5.1381
7220.0	29.549	5.1381
7222.0	29.479	5.1286
7224.0	29.408	5.1192
7226.0	29.392	5.1192
7228.0	29.186999999999998	5.0863
7230.0	29.037	5.0629
7232.0	28.886999999999997	5.0396
7234.0	28.765	5.0211
7236.0	28.67	5.0073
7238.0	28.601	4.9981
7240.0	28.506	4.9842
7242.0	28.438000000000002	4.9751
7244.0	28.37	4.9659
7246.0	28.355	4.9659
7248.0	28.339000000000002	4.9659
7250.0	28.323	4.9659
7252.0	28.308000000000003	4.9659
7254.0	28.214000000000002	4.9522
7256.0	28.198	4.9522
7258.0	28.131	4.9431
7260.0	28.064	4.934
7262.0	27.92	4.9113
7264.0	27.904	4.9113
7266.0	27.837	4.9023
7268.0	27.796	4.8978
7270.0	27.781	4.8978
7272.0	27.766	4.8978
7274.0	27.7	4.8888
7276.0	27.735	4.8978
7278.0	27.746	4.9023
7280.0	27.781999999999996	4.9113
7282.0	27.895	4.934
7284.0	27.930999999999997	4.9431
7286.0	28.044	4.9659
7288.0	28.029	4.9659
7290.0	28.065	4.9751
7292.0	28.05	4.9751
7294.0	28.034000000000002	4.9751
7296.0	27.967	4.9659
7298.0	27.875	4.9522
7300.0	27.808000000000003	4.9431
7302.0	27.793000000000003	4.9431
7304.0	27.726999999999997	4.934
7306.0	27.712	4.934
7308.0	27.62	4.9204
7310.0	27.605	4.9204
7312.0	27.539	4.9113
7314.0	27.524	4.9113
7316.0	27.433000000000003	4.8978
7318.0	27.418000000000003	4.8978
7320.0	27.428	4.9023
7322.0	27.464000000000002	4.9113
7324.0	27.449	4.9113
7326.0	27.484	4.9204
7328.0	27.469	4.9204
7330.0	27.531	4.934
7332.0	27.566	4.9431
7334.0	27.601999999999997	4.9522
7336.0	27.663	4.9659
7338.0	27.699	4.9751
7340.0	27.735	4.9842
7342.0	27.72	4.9842
7344.0	27.705	4.9842
7346.0	27.69	4.9842
7348.0	27.675	4.9842
7350.0	27.609	4.9751
7352.0	27.543000000000003	4.9659
7354.0	27.528000000000002	4.9659
7356.0	27.436999999999998	4.9522
7358.0	27.372	4.9431
7360.0	27.357	4.9431
7362.0	27.291999999999998	4.934
7364.0	27.276999999999997	4.934
7366.0	27.261999999999997	4.934
7368.0	27.171999999999997	4.9204
7370.0	27.107	4.9113
7372.0	27.018	4.8978
7374.0	27.028000000000002	4.9023
7376.0	27.063000000000002	4.9113
7378.0	27.049	4.9113
7380.0	27.034000000000002	4.9113
7382.0	27.019000000000002	4.9113
7384.0	27.005	4.9113
7386.0	26.99	4.9113
7388.0	26.975	4.9113
7390.0	26.961	4.9113
7392.0	26.996	4.9204
7394.0	27.055999999999997	4.934
7396.0	27.090999999999998	4.9431
7398.0	27.125999999999998	4.9522
7400.0	27.112	4.9522
7402.0	27.096999999999998	4.9522
7404.0	27.081999999999997	4.9522
7406.0	27.018	4.9431
7408.0	26.954	4.934
7410.0	26.939	4.934
7412.0	26.85	4.9204
7414.0	26.737	4.9023
7416.0	26.698	4.8978
7418.0	26.684	4.8978
7420.0	26.669	4.8978
7422.0	26.655	4.8978
7424.0	26.641	4.8978
7426.0	26.625999999999998	4.8978
7428.0	26.612	4.8978
7430.0	26.549	4.8888
7432.0	26.486	4.8798
7434.0	26.471	4.8798
7436.0	26.506	4.8888
7438.0	26.491999999999997	4.8888
7440.0	26.476999999999997	4.8888
7442.0	26.511999999999997	4.8978
7444.0	26.498	4.8978
7446.0	26.483	4.8978
7448.0	26.469	4.8978
7450.0	26.455	4.8978
7452.0	26.392	4.8888
7454.0	26.329	4.8798
7456.0	26.267	4.8708
7458.0	26.229	4.8663
7460.0	26.215	4.8663
7462.0	26.151999999999997	4.8574
7464.0	26.138	4.8574
7466.0	26.124000000000002	4.8574
7468.0	26.11	4.8574
7470.0	26.096	4.8574
7472.0	26.081999999999997	4.8574
7474.0	26.068	4.8574
7476.0	26.054000000000002	4.8574
7478.0	26.041	4.8574
7480.0	26.075	4.8663
7482.0	26.061	4.8663
7484.0	26.046999999999997	4.8663
7486.0	25.985	4.8574
7488.0	25.971	4.8574
7490.0	25.909000000000002	4.8484
7492.0	25.896	4.8484
7494.0	25.881999999999998	4.8484
7496.0	25.868000000000002	4.8484
7498.0	25.854	4.8484
7500.0	25.84	4.8484
7502.0	25.755	4.835
7504.0	25.741999999999997	4.835
7506.0	25.68	4.8261
7508.0	25.62	4.8173
7510.0	25.605999999999998	4.8173
7512.0	25.522	4.804
7514.0	25.508000000000003	4.804
7516.0	25.565	4.8173
7518.0	25.551	4.8173
7520.0	25.538	4.8173
7522.0	25.524	4.8173
7524.0	25.511	4.8173
7526.0	25.497	4.8173
7528.0	25.484	4.8173
7530.0	25.4	4.804
7532.0	25.386	4.804
7534.0	25.373	4.804
7536.0	25.359	4.804
7538.0	25.346	4.804
7540.0	25.285999999999998	4.7951
7542.0	25.226	4.7863
7544.0	25.213	4.7863
7546.0	25.083000000000002	4.7643
7548.0	25.000999999999998	4.7512
7550.0	25.125999999999998	4.7775
7552.0	25.09	4.7731
7554.0	25.076	4.7731
7556.0	25.04	4.7687
7558.0	25.004	4.7643
7560.0	24.991	4.7643
7562.0	24.954	4.7599
7564.0	24.941	4.7599
7566.0	24.905	4.7555
7568.0	24.892	4.7555
7570.0	24.855999999999998	4.7512
7572.0	24.843000000000004	4.7512
7574.0	24.807	4.7468
7576.0	24.794	4.7468
7578.0	24.758000000000003	4.7424
7580.0	24.745	4.7424
7582.0	24.709	4.7381
7584.0	24.695999999999998	4.7381
7586.0	24.66	4.7337
7588.0	24.647	4.7337
7590.0	24.611	4.7293
7592.0	24.576	4.725
7594.0	24.563000000000002	4.725
7596.0	24.526999999999997	4.7206
7598.0	24.514	4.7206
7600.0	24.479	4.7163
7602.0	24.465999999999998	4.7163
7604.0	24.430999999999997	4.7119
7606.0	24.418000000000003	4.7119
7608.0	24.405	4.7119
7610.0	24.37	4.7076
7612.0	24.357	4.7076
7614.0	24.322	4.7033
7616.0	24.309	4.7033
7618.0	24.274	4.6989
7620.0	24.261	4.6989
7622.0	24.226	4.6946
7624.0	24.213	4.6946
7626.0	24.178	4.6903
7628.0	24.166	4.6903
7630.0	24.131	4.686
7632.0	24.118000000000002	4.686
7634.0	24.083000000000002	4.6816
7636.0	24.070999999999998	4.6816
7638.0	24.035999999999998	4.6774
7640.0	24.023000000000003	4.6774
7642.0	24.011	4.6774
7644.0	23.976	4.673
7646.0	23.964000000000002	4.673
7648.0	23.929000000000002	4.6687
7650.0	23.916	4.6687
7652.0	23.881999999999998	4.6644
7654.0	23.87	4.6644
7656.0	23.835	4.6601
7658.0	23.823	4.6601
7660.0	23.81	4.6601
7662.0	23.776	4.6559
7664.0	23.763	4.6559
7666.0	23.729	4.6516
7668.0	23.717	4.6516
7670.0	23.683000000000003	4.6473
7672.0	23.67	4.6473
7674.0	23.658	4.6473
7676.0	23.624000000000002	4.643
7678.0	23.612	4.643
7680.0	23.576999999999998	4.6387
7682.0	23.565	4.6387
7684.0	23.553	4.6387
7686.0	23.519000000000002	4.6345
7688.0	23.506999999999998	4.6345
7690.0	23.473000000000003	4.6302
7692.0	23.569000000000003	4.6516
7694.0	23.557	4.6516
7696.0	23.48	4.6387
7698.0	23.424	4.6302
7700.0	23.369	4.6217
7702.0	23.357	4.6217
7704.0	23.388	4.6302
7706.0	23.419	4.6387
7708.0	23.363000000000003	4.6302
7710.0	23.308000000000003	4.6217
7712.0	23.232	4.6089
7714.0	23.177	4.6004
7716.0	23.059	4.5793
7718.0	22.962	4.5625
7720.0	22.886999999999997	4.5499
7722.0	22.938000000000002	4.5625
7724.0	22.969	4.5709
7726.0	22.999000000000002	4.5793
7728.0	23.051	4.592
7730.0	23.081	4.6004
7732.0	23.069000000000003	4.6004
7734.0	23.057	4.6004
7736.0	23.045	4.6004
7738.0	23.034000000000002	4.6004
7740.0	23.022	4.6004
7742.0	23.01	4.6004
7744.0	22.998	4.6004
7746.0	22.986	4.6004
7748.0	23.017	4.6089
7750.0	23.005	4.6089
7752.0	22.993000000000002	4.6089
7754.0	23.002	4.6132
7756.0	22.99	4.6132
7758.0	22.978	4.6132
7760.0	22.945	4.6089
7762.0	22.934	4.6089
7764.0	22.774	4.5793
7766.0	22.679000000000002	4.5625
7768.0	22.563000000000002	4.5415
7770.0	22.552	4.5415
7772.0	22.54	4.5415
7774.0	22.528000000000002	4.5415
7776.0	22.475	4.5331
7778.0	22.361	4.5123
7780.0	22.308000000000003	4.504
7782.0	22.338	4.5123
7784.0	22.366999999999997	4.5206
7786.0	22.355999999999998	4.5206
7788.0	22.406	4.5331
7790.0	22.436	4.5415
7792.0	22.465999999999998	4.5499
7794.0	22.454	4.5499
7796.0	22.443	4.5499
7798.0	22.493000000000002	4.5625
7800.0	22.482	4.5625
7802.0	22.47	4.5625
7804.0	22.5	4.5709
7806.0	22.447	4.5625
7808.0	22.333000000000002	4.5415
7810.0	22.28	4.5331
7812.0	22.206999999999997	4.5206
7814.0	22.155	4.5123
7816.0	22.103	4.504
7818.0	22.031	4.4916
7820.0	21.979	4.4833
7822.0	21.906999999999996	4.471
7824.0	21.896	4.471
7826.0	21.905	4.4751
7828.0	21.934	4.4833
7830.0	21.963	4.4916
7832.0	21.951999999999998	4.4916
7834.0	21.980999999999998	4.4999
7836.0	21.93	4.4916
7838.0	21.878	4.4833
7840.0	21.807	4.471
7842.0	21.796	4.471
7844.0	21.784000000000002	4.471
7846.0	21.773000000000003	4.471
7848.0	21.781999999999996	4.4751
7850.0	21.811	4.4833
7852.0	21.84	4.4916
7854.0	21.829	4.4916
7856.0	21.818	4.4916
7858.0	21.807	4.4916
7860.0	21.715999999999998	4.4751
7862.0	21.565	4.4463
7864.0	21.455	4.4259
7866.0	21.346	4.4055
7868.0	21.296	4.3974
7870.0	21.186999999999998	4.3772
7872.0	21.176	4.3772
7874.0	21.166	4.3772
7876.0	21.194000000000003	4.3853
7878.0	21.241999999999997	4.3974
7880.0	21.27	4.4055
7882.0	21.357	4.4259
7884.0	21.346	4.4259
7886.0	21.336	4.4259
7888.0	21.325	4.4259
7890.0	21.314	4.4259
7892.0	21.245	4.4137
7894.0	21.195	4.4055
7896.0	21.184	4.4055
7898.0	21.134	4.3974
7900.0	21.065	4.3853
7902.0	21.016	4.3772
7904.0	20.947	4.3652
7906.0	20.898000000000003	4.3571
7908.0	20.849	4.3491
7910.0	20.8	4.3411
7912.0	20.79	4.3411
7914.0	20.76	4.3371
7916.0	20.711	4.3291
7918.0	20.663	4.3211
7920.0	20.651999999999997	4.3211
7922.0	20.718000000000004	4.3371
7924.0	20.803	4.3571
7926.0	20.85	4.3692
7928.0	20.916999999999998	4.3853
7930.0	20.964000000000002	4.3974
7932.0	21.031	4.4137
7934.0	20.943	4.3974
7936.0	20.875	4.3853
7938.0	20.826	4.3772
7940.0	20.854	4.3853
7942.0	20.901	4.3974
7944.0	20.89	4.3974
7946.0	20.88	4.3974
7948.0	20.811999999999998	4.3853
7950.0	20.763	4.3772
7952.0	20.695	4.3652
7954.0	20.609	4.3491
7956.0	20.541	4.3371
7958.0	20.531	4.3371
7960.0	20.483	4.3291
7962.0	20.473	4.3291
7964.0	20.463	4.3291
7966.0	20.452	4.3291
7968.0	20.442	4.3291
7970.0	20.432000000000002	4.3291
7972.0	20.459	4.3371
7974.0	20.449	4.3371
7976.0	20.439	4.3371
7978.0	20.391	4.3291
7980.0	20.381	4.3291
7982.0	20.37	4.3291
7984.0	20.36	4.3291
7986.0	20.35	4.3291
7988.0	20.302	4.3211
7990.0	20.292	4.3211
7992.0	20.189	4.3013
7994.0	20.179000000000002	4.3013
7996.0	20.131	4.2934
7998.0	20.121	4.2934
8000.0	20.111	4.2934
8002.0	20.046	4.2815
8004.0	19.962	4.2658
8006.0	19.952	4.2658
8008.0	19.887	4.254
8010.0	19.840999999999998	4.2462
8012.0	19.831	4.2462
8014.0	19.857	4.254
8016.0	19.847	4.254
8018.0	19.892	4.2658
8020.0	19.883	4.2658
8022.0	19.873	4.2658
8024.0	19.863	4.2658
8026.0	19.798	4.254
8028.0	19.752	4.2462
8030.0	19.706	4.2384
8032.0	19.732	4.2462
8034.0	19.759	4.254
8036.0	19.803	4.2658
8038.0	19.794	4.2658
8040.0	19.82	4.2737
8042.0	19.847	4.2815
8044.0	19.837	4.2815
8046.0	19.827	4.2815
8048.0	19.817	4.2815
8050.0	19.807000000000002	4.2815
8052.0	19.761	4.2737
8054.0	19.715	4.2658
8056.0	19.651	4.254
8058.0	19.605	4.2462
8060.0	19.541	4.2345
8062.0	19.532	4.2345
8064.0	19.522000000000002	4.2345
8066.0	19.512	4.2345
8068.0	19.555999999999997	4.2462
8070.0	19.583	4.254
8072.0	19.627	4.2658
8074.0	19.617	4.2658
8076.0	19.608	4.2658
8078.0	19.598	4.2658
8080.0	19.498	4.2462
8082.0	19.363	4.2189
8084.0	19.23	4.1918
8086.0	19.167	4.1802
8088.0	19.087	4.1649
8090.0	18.99	4.1457
8092.0	19.067999999999998	4.1649
8094.0	19.094	4.1725
8096.0	19.173	4.1918
8098.0	19.163	4.1918
8100.0	19.154	4.1918
8102.0	19.144000000000002	4.1918
8104.0	19.17	4.1995
8106.0	19.195999999999998	4.2073
8108.0	19.186	4.2073
8110.0	19.177	4.2073
8112.0	19.167	4.2073
8114.0	19.158	4.2073
8116.0	19.113	4.1995
8118.0	19.069000000000003	4.1918
8120.0	19.007	4.1802
8122.0	18.962	4.1725
8124.0	18.918	4.1649
8126.0	18.822	4.1457
8128.0	18.761	4.1343
8130.0	18.717	4.1267
8132.0	18.674	4.1191
8134.0	18.613	4.1077
8136.0	18.569000000000003	4.1001
8138.0	18.526	4.0926
8140.0	18.483	4.0851
8142.0	18.423	4.0738
8144.0	18.38	4.0663
8146.0	18.371	4.0663
8148.0	18.278	4.0476
8150.0	18.235	4.0402
8152.0	18.226	4.0402
8154.0	18.217	4.0402
8156.0	18.208	4.0402
8158.0	18.199	4.0402
8160.0	18.14	4.029
8162.0	18.098	4.0216
8164.0	18.055999999999997	4.0142
8166.0	18.047	4.0142
8168.0	18.038	4.0142
8170.0	18.029	4.0142
8172.0	18.054000000000002	4.0216
8174.0	18.128	4.0402
8176.0	18.119	4.0402
8178.0	18.11	4.0402
8180.0	18.052	4.029
8182.0	18.043	4.029
8184.0	18.034000000000002	4.029
8186.0	18.025	4.029
8188.0	18.016	4.029
8190.0	18.007	4.029
8192.0	17.999000000000002	4.029
8194.0	17.99	4.029
8196.0	18.031	4.0402
8198.0	18.055	4.0476
8200.0	18.08	4.0551
8202.0	18.121	4.0663
8204.0	18.112000000000002	4.0663
8206.0	18.137	4.0738
8208.0	18.128	4.0738
8210.0	18.119	4.0738
8212.0	18.144000000000002	4.0813
8214.0	18.101	4.0738
8216.0	18.059	4.0663
8218.0	18.05	4.0663
8220.0	17.926	4.0402
8222.0	17.835	4.0216
8224.0	17.744	4.0031
8226.0	17.654	3.9847
8228.0	17.548	3.9628
8230.0	17.491	3.9518
8232.0	17.531	3.9628
8234.0	17.62	3.9847
8236.0	17.692	4.0031
8238.0	17.847	4.0402
8240.0	17.954	4.0663
8242.0	18.095	4.1001
8244.0	18.053	4.0926
8246.0	17.994	4.0813
8248.0	17.919	4.0663
8250.0	17.828	4.0476
8252.0	17.705	4.0216
8254.0	17.583	3.9958
8256.0	17.574	3.9958
8258.0	17.566	3.9958
8260.0	17.59	4.0031
8262.0	17.549	3.9958
8264.0	17.508	3.9884
8266.0	17.484	3.9847
8268.0	17.475	3.9847
8270.0	17.515	3.9958
8272.0	17.539	4.0031
8274.0	17.53	4.0031
8276.0	17.522000000000002	4.0031
8278.0	17.480999999999998	3.9958
8280.0	17.473	3.9958
8282.0	17.464000000000002	3.9958
8284.0	17.424	3.9884
8286.0	17.447	3.9958
8288.0	17.471	4.0031
8290.0	17.543	4.0216
8292.0	17.503	4.0142
8294.0	17.445999999999998	4.0031
8296.0	17.373	3.9884
8298.0	17.365	3.9884
8300.0	17.421	4.0031
8302.0	17.444000000000003	4.0105
8304.0	17.484	4.0216
8306.0	17.555999999999997	4.0402
8308.0	17.58	4.0476
8310.0	17.572	4.0476
8312.0	17.531	4.0402
8314.0	17.442	4.0216
8316.0	17.386	4.0105
8318.0	17.425	4.0216
8320.0	17.417	4.0216
8322.0	17.409000000000002	4.0216
8324.0	17.32	4.0031
8326.0	17.232	3.9847
8328.0	17.160999999999998	3.9701
8330.0	17.184	3.9774
8332.0	17.208	3.9847
8334.0	17.215	3.9884
8336.0	17.239	3.9958
8338.0	17.294	4.0105
8340.0	17.302	4.0142
8342.0	17.357	4.029
8344.0	17.397000000000002	4.0402
8346.0	17.389	4.0402
8348.0	17.38	4.0402
8350.0	17.372	4.0402
8352.0	17.364	4.0402
8354.0	17.276	4.0216
8356.0	17.235	4.0142
8358.0	17.18	4.0031
8360.0	17.171	4.0031
8362.0	17.163	4.0031
8364.0	17.123	3.9958
8366.0	17.084	3.9884
8368.0	17.06	3.9847
8370.0	17.02	3.9774
8372.0	17.044	3.9847
8374.0	17.083	3.9958
8376.0	17.137	4.0105
8378.0	17.129	4.0105
8380.0	17.169	4.0216
8382.0	17.16	4.0216
8384.0	17.184	4.029
8386.0	17.176	4.029
8388.0	17.215	4.0402
8390.0	17.207	4.0402
8392.0	17.198	4.0402
8394.0	17.222	4.0476
8396.0	17.182000000000002	4.0402
8398.0	17.095	4.0216
8400.0	17.008	4.0031
8402.0	16.922	3.9847
8404.0	16.820999999999998	3.9628
8406.0	16.736	3.9446
8408.0	16.680999999999997	3.9337
8410.0	16.643	3.9264
8412.0	16.604	3.9192
8414.0	16.658	3.9337
8416.0	16.695999999999998	3.9446
8418.0	16.765	3.9628
8420.0	16.788	3.9701
8422.0	16.811	3.9774
8424.0	16.834	3.9847
8426.0	16.826	3.9847
8428.0	16.756	3.9701
8430.0	16.717	3.9628
8432.0	16.663	3.9518
8434.0	16.579	3.9337
8436.0	16.51	3.9192
8438.0	16.502	3.9192
8440.0	16.494	3.9192
8442.0	16.487000000000002	3.9192
8444.0	16.509	3.9264
8446.0	16.532	3.9337
8448.0	16.57	3.9446
8450.0	16.562	3.9446
8452.0	16.554000000000002	3.9446
8454.0	16.546	3.9446
8456.0	16.538	3.9446
8458.0	16.53	3.9446
8460.0	16.523	3.9446
8462.0	16.469	3.9337
8464.0	16.430999999999997	3.9264
8466.0	16.393	3.9192
8468.0	16.385	3.9192
8470.0	16.378	3.9192
8472.0	16.37	3.9192
8474.0	16.362000000000002	3.9192
8476.0	16.385	3.9264
8478.0	16.407	3.9337
8480.0	16.445	3.9446
8482.0	16.437	3.9446
8484.0	16.46	3.9518
8486.0	16.482	3.9591
8488.0	16.444000000000003	3.9518
8490.0	16.406	3.9446
8492.0	16.398	3.9446
8494.0	16.315	3.9264
8496.0	16.278	3.9192
8498.0	16.195	3.9012
8500.0	16.217	3.9084
8502.0	16.255	3.9192
8504.0	16.277	3.9264
8506.0	16.269000000000002	3.9264
8508.0	16.262	3.9264
8510.0	16.284000000000002	3.9337
8512.0	16.217	3.9192
8514.0	16.164	3.9084
8516.0	16.082	3.8904
8518.0	16.045	3.8833
8520.0	16.008	3.8761
8522.0	15.970999999999998	3.869
8524.0	15.993	3.8761
8526.0	15.985999999999999	3.8761
8528.0	16.008	3.8833
8530.0	16.03	3.8904
8532.0	16.037	3.894
8534.0	16.059	3.9012
8536.0	16.125	3.9192
8538.0	16.148	3.9264
8540.0	16.215	3.9446
8542.0	16.237000000000002	3.9518
8544.0	16.229	3.9518
8546.0	16.222	3.9518
8548.0	16.214000000000002	3.9518
8550.0	16.177	3.9446
8552.0	16.124000000000002	3.9337
8554.0	16.087	3.9264
8556.0	16.08	3.9264
8558.0	16.043	3.9192
8560.0	15.991	3.9084
8562.0	15.925	3.894
8564.0	15.873	3.8833
8566.0	15.793	3.8654
8568.0	15.728	3.8512
8570.0	15.648	3.8335
8572.0	15.612	3.8265
8574.0	15.605	3.8265
8576.0	15.597000000000001	3.8265
8578.0	15.59	3.8265
8580.0	15.583	3.8265
8582.0	15.575999999999999	3.8265
8584.0	15.568	3.8265
8586.0	15.561	3.8265
8588.0	15.582	3.8335
8590.0	15.575	3.8335
8592.0	15.539000000000001	3.8265
8594.0	15.532	3.8265
8596.0	15.525	3.8265
8598.0	15.546	3.8335
8600.0	15.568	3.8406
8602.0	15.604000000000001	3.8512
8604.0	15.625	3.8583
8606.0	15.618	3.8583
8608.0	15.61	3.8583
8610.0	15.603	3.8583
8612.0	15.595999999999998	3.8583
8614.0	15.56	3.8512
8616.0	15.51	3.8406
8618.0	15.474	3.8335
8620.0	15.439	3.8265
8622.0	15.431	3.8265
8624.0	15.424000000000001	3.8265
8626.0	15.417	3.8265
8628.0	15.41	3.8265
8630.0	15.402999999999999	3.8265
8632.0	15.395999999999999	3.8265
8634.0	15.389000000000001	3.8265
8636.0	15.339	3.8159
8638.0	15.332	3.8159
8640.0	15.225999999999999	3.7914
8642.0	15.149000000000001	3.774
8644.0	15.059000000000001	3.7532
8646.0	15.08	3.7601
8648.0	15.1	3.767
8650.0	15.120999999999999	3.774
8652.0	15.155999999999999	3.7844
8654.0	15.177	3.7914
8656.0	15.24	3.8089
8658.0	15.232999999999999	3.8089
8660.0	15.225999999999999	3.8089
8662.0	15.219000000000001	3.8089
8664.0	15.184000000000001	3.8019
8666.0	15.177	3.8019
8668.0	15.128	3.7914
8670.0	15.093	3.7844
8672.0	15.017000000000001	3.767
8674.0	14.982000000000001	3.7601
8676.0	14.975	3.7601
8678.0	14.995999999999999	3.767
8680.0	14.989	3.767
8682.0	14.982000000000001	3.767
8684.0	14.948	3.7601
8686.0	14.940999999999999	3.7601
8688.0	14.892999999999999	3.7497
8690.0	14.859000000000002	3.7428
8692.0	14.825	3.7359
8694.0	14.777000000000001	3.7256
8696.0	14.77	3.7256
8698.0	14.763	3.7256
8700.0	14.729000000000001	3.7188
8702.0	14.695	3.7119
8704.0	14.689	3.7119
8706.0	14.682	3.7119
8708.0	14.675	3.7119
8710.0	14.695	3.7188
8712.0	14.716	3.7256
8714.0	14.75	3.7359
8716.0	14.77	3.7428
8718.0	14.804	3.7532
8720.0	14.852	3.767
8722.0	14.873	3.774
8724.0	14.866	3.774
8726.0	14.777000000000001	3.7532
8728.0	14.702	3.7359
8730.0	14.628	3.7188
8732.0	14.527999999999999	3.6949
8734.0	14.427999999999999	3.6711
8736.0	14.355	3.6543
8738.0	14.375	3.661
8740.0	14.380999999999998	3.6644
8742.0	14.427999999999999	3.6779
8744.0	14.488	3.6949
8746.0	14.575	3.7188
8748.0	14.595	3.7256
8750.0	14.588	3.7256
8752.0	14.582	3.7256
8754.0	14.548	3.7188
8756.0	14.515	3.7119
8758.0	14.440999999999999	3.6949
8760.0	14.408	3.6881
8762.0	14.388	3.6847
8764.0	14.355	3.6779
8766.0	14.322000000000001	3.6711
8768.0	14.224	3.6475
8770.0	14.126	3.6241
8772.0	14.055	3.6074
8774.0	14.022	3.6008
8776.0	14.015999999999998	3.6008
8778.0	14.036	3.6074
8780.0	14.185	3.6475
8782.0	14.363	3.6949
8784.0	14.542	3.7428
8786.0	14.657	3.774
8788.0	14.758	3.8019
8790.0	14.847000000000001	3.8265
8792.0	14.799000000000001	3.8159
8794.0	14.765	3.8089
8796.0	14.732000000000001	3.8019
8798.0	14.657	3.7844
8800.0	14.583	3.767
8802.0	14.523	3.7532
8804.0	14.503	3.7497
8806.0	14.497	3.7497
8808.0	14.463	3.7428
8810.0	14.39	3.7256
8812.0	14.290999999999999	3.7017
8814.0	14.219000000000001	3.6847
8816.0	14.213	3.6847
8818.0	14.18	3.6779
8820.0	14.174000000000001	3.6779
8822.0	14.102	3.661
8824.0	14.005	3.6375
8826.0	13.947000000000001	3.6241
8828.0	13.902999999999999	3.6141
8830.0	13.895999999999999	3.6141
8832.0	13.927999999999999	3.6241
8834.0	13.922	3.6241
8836.0	13.940999999999999	3.6308
8838.0	13.974	3.6408
8840.0	14.045	3.661
8842.0	14.129000000000001	3.6847
8844.0	14.227	3.7119
8846.0	14.273	3.7256
8848.0	14.306	3.7359
8850.0	14.325999999999999	3.7428
8852.0	14.293	3.7359
8854.0	14.195	3.7119
8856.0	14.124	3.6949
8858.0	14.091	3.6881
8860.0	14.137	3.7017
8862.0	14.17	3.7119
8864.0	14.189	3.7188
8866.0	14.248	3.7359
8868.0	14.267999999999999	3.7428
8870.0	14.328	3.7601
8872.0	14.387	3.7775
8874.0	14.474	3.8019
8876.0	14.427	3.7914
8878.0	14.302	3.7601
8880.0	14.203	3.7359
8882.0	14.067	3.7017
8884.0	13.944	3.6711
8886.0	13.81	3.6375
8888.0	13.665	3.6008
8890.0	13.509	3.5612
8892.0	13.33	3.5156
8894.0	13.238	3.493
8896.0	13.280999999999999	3.5059
8898.0	13.312000000000001	3.5156
8900.0	13.355	3.5286
8902.0	13.448	3.5547
8904.0	13.552999999999999	3.5843
8906.0	13.572000000000001	3.5909
8908.0	13.454	3.5612
8910.0	13.337	3.5318
8912.0	13.232999999999999	3.5059
8914.0	13.118	3.477
8916.0	13.004000000000001	3.4483
8918.0	12.939	3.4324
8920.0	12.933	3.4324
8922.0	12.950999999999999	3.4387
8924.0	12.945	3.4387
8926.0	12.939	3.4387
8928.0	12.933	3.4387
8930.0	12.927999999999999	3.4387
8932.0	12.862	3.4229
8934.0	12.809000000000001	3.4104
8936.0	12.720999999999998	3.3884
8938.0	12.681	3.3791
8940.0	12.617	3.3636
8942.0	12.565	3.3512
8944.0	12.559000000000001	3.3512
8946.0	12.53	3.345
8948.0	12.513	3.3419
8950.0	12.404000000000002	3.3144
8952.0	12.319	3.2931
8954.0	12.200999999999999	3.2629
8956.0	12.128	3.2449
8958.0	12.067	3.23
8960.0	11.984000000000002	3.2092
8962.0	11.979000000000001	3.2092
8964.0	11.972999999999999	3.2092
8966.0	11.968	3.2092
8968.0	11.93	3.2004
8970.0	11.902000000000001	3.1945
8972.0	11.875	3.1886
8974.0	11.947000000000001	3.2092
8976.0	12.019	3.23
8978.0	12.091	3.2509
8980.0	12.265	3.2991
8982.0	12.453	3.3512
8984.0	12.667	3.4104
8986.0	12.708	3.4229
8988.0	12.703	3.4229
8990.0	12.732000000000001	3.4324
8992.0	12.75	3.4387
8994.0	12.802999999999999	3.4546
8996.0	12.856	3.4706
8998.0	12.874	3.477
9000.0	12.869000000000002	3.477
9002.0	12.863	3.477
9004.0	12.775	3.4546
9006.0	12.652000000000001	3.4229
9008.0	12.519	3.3884
9010.0	12.376	3.3512
9012.0	12.257	3.3205
9014.0	12.15	3.2931
9016.0	12.089	3.2779
9018.0	12.084000000000001	3.2779
9020.0	12.100999999999999	3.284
9022.0	12.073	3.2779
9024.0	12.023	3.2659
9026.0	11.985	3.2569
9028.0	11.957	3.2509
9030.0	11.897	3.2359
9032.0	11.87	3.23
9034.0	11.865	3.23
9036.0	11.902999999999999	3.2419
9038.0	11.975	3.2629
9040.0	11.948	3.2569
9042.0	11.844000000000001	3.23
9044.0	11.73	3.2004
9046.0	11.628	3.1739
9048.0	11.548	3.1536
9050.0	11.469000000000001	3.1333
9052.0	11.411	3.1189
9054.0	11.385	3.1132
9056.0	11.349	3.1046
9058.0	11.375	3.1132
9060.0	11.495999999999999	3.1477
9062.0	11.640999999999998	3.1886
9064.0	11.754000000000001	3.2211
9066.0	11.780999999999999	3.23
9068.0	11.819	3.2419
9070.0	11.847000000000001	3.2509
9072.0	11.787	3.2359
9074.0	11.728	3.2211
9076.0	11.68	3.2092
9078.0	11.620999999999999	3.1945
9080.0	11.562000000000001	3.1798
9082.0	11.515	3.1681
9084.0	11.478	3.1594
9086.0	11.431	3.1477
9088.0	11.415	3.1448
9090.0	11.442	3.1536
9092.0	11.458	3.1594
9094.0	11.474	3.1652
9096.0	11.469000000000001	3.1652
9098.0	11.443	3.1594
9100.0	11.417	3.1536
9102.0	11.38	3.1448
9104.0	11.333	3.1333
9106.0	11.276	3.1189
9108.0	11.323	3.1333
9110.0	11.392000000000001	3.1536
9112.0	11.429	3.1652
9114.0	11.434000000000001	3.1681
9116.0	11.45	3.1739
9118.0	11.445	3.1739
9120.0	11.482000000000001	3.1857
9122.0	11.509	3.1945
9124.0	11.525	3.2004
9126.0	11.446	3.1798
9128.0	11.347000000000001	3.1536
9130.0	11.269	3.1333
9132.0	11.285	3.1391
9134.0	11.311	3.1477
9136.0	11.369000000000002	3.1652
9138.0	11.395	3.1739
9140.0	11.432	3.1857
9142.0	11.459000000000001	3.1945
9144.0	11.454	3.1945
9146.0	11.449000000000002	3.1945
9148.0	11.423	3.1886
9150.0	11.407	3.1857
9152.0	11.36	3.1739
9154.0	11.334000000000001	3.1681
9156.0	11.298	3.1594
9158.0	11.241	3.1448
9160.0	11.195	3.1333
9162.0	11.159	3.1246
9164.0	11.134	3.1189
9166.0	11.109000000000002	3.1132
9168.0	11.073	3.1046
9170.0	11.048	3.0988
9172.0	11.023	3.0931
9174.0	11.017999999999999	3.0931
9176.0	11.033	3.0988
9178.0	11.029000000000002	3.0988
9180.0	11.044	3.1046
9182.0	11.019	3.0988
9184.0	11.014000000000001	3.0988
9186.0	10.989	3.0931
9188.0	10.954	3.0846
9190.0	10.929	3.0789
9192.0	10.975	3.0931
9194.0	11.112	3.1333
9196.0	11.252	3.1739
9198.0	11.372	3.2092
9200.0	11.44	3.23
