3300.0	160770.0	5839.8
3316.0	159070.0	5834.5
3332.0	159740.0	5915.6
3348.0	160120.0	5986.9
3364.0	160810.0	6070.1
3380.0	159880.0	6092.6
3396.0	159840.0	6148.9
3412.0	158930.0	6171.6
3428.0	157590.0	6177.3
3444.0	154990.0	6132.0
3460.0	153980.0	6148.9
3476.0	153700.0	6194.4
3492.0	153840.0	6257.5
3508.0	154420.0	6338.7
3524.0	155720.0	6450.6
3540.0	154890.0	6474.4
3556.0	155200.0	6546.4
3572.0	154520.0	6576.6
3588.0	154850.0	6649.7
3604.0	154330.0	6686.5
3620.0	154810.0	6767.1
3636.0	155010.0	6835.9
3652.0	155510.0	6918.3
3668.0	154870.0	6950.2
3684.0	156240.0	7072.9
3700.0	163990.0	7488.6
3716.0	179580.0	8271.8
3732.0	201810.0	9375.6
3748.0	227210.0	10646.0
3764.0	254870.0	12045.0
3780.0	294740.0	14048.0
3796.0	296870.0	14269.0
3812.0	355560.0	17234.0
3828.0	307100.0	15011.0
3844.0	361790.0	17832.0
3860.0	419220.0	20835.0
3876.0	345190.0	17298.0
3892.0	326640.0	16504.0
3908.0	419670.0	21380.0
3924.0	437480.0	22470.0
3940.0	418240.0	21657.0
3956.0	338460.0	17669.0
3972.0	304510.0	16025.0
3988.0	399680.0	21203.0
4004.0	435540.0	23292.0
4020.0	439710.0	23703.0
4036.0	440670.0	23944.0
4052.0	433190.0	23725.0
4068.0	411960.0	22740.0
4084.0	341860.0	19020.0
4100.0	276220.0	15488.0
4116.0	351780.0	19879.0
4132.0	396730.0	22594.0
4148.0	406950.0	23356.0
4164.0	404200.0	23378.0
4180.0	399270.0	23270.0
4196.0	398430.0	23399.0
4212.0	395410.0	23399.0
4228.0	390620.0	23292.0
4244.0	386250.0	23206.0
4260.0	379840.0	22993.0
4276.0	375270.0	22887.0
4292.0	366350.0	22511.0
4308.0	348550.0	21577.0
4324.0	291240.0	18163.0
4340.0	238910.0	15011.0
4356.0	307220.0	19445.0
4372.0	344710.0	21979.0
4388.0	346650.0	22264.0
4404.0	345720.0	22367.0
4420.0	342270.0	22305.0
4436.0	341690.0	22428.0
4452.0	339870.0	22470.0
4468.0	334650.0	22284.0
4484.0	330740.0	22182.0
4500.0	332040.0	22428.0
4516.0	329700.0	22428.0
4532.0	326470.0	22367.0
4548.0	321790.0	22202.0
4564.0	319540.0	22202.0
4580.0	316730.0	22161.0
4596.0	316270.0	22284.0
4612.0	314080.0	22284.0
4628.0	309910.0	22141.0
4644.0	309200.0	22243.0
4660.0	305670.0	22141.0
4676.0	303580.0	22141.0
4692.0	300680.0	22080.0
4708.0	298090.0	22039.0
4724.0	294990.0	21958.0
4740.0	291650.0	21857.0
4756.0	288890.0	21797.0
4772.0	285380.0	21677.0
4788.0	283210.0	21657.0
4804.0	279260.0	21498.0
4820.0	273350.0	21184.0
4836.0	255300.0	19916.0
4852.0	196510.0	15431.0
4868.0	192720.0	15234.0
4884.0	249150.0	19824.0
4900.0	264990.0	21223.0
4916.0	265460.0	21399.0
4932.0	267410.0	21697.0
4948.0	266660.0	21777.0
4964.0	264700.0	21757.0
4980.0	263000.0	21757.0
4996.0	259640.0	21617.0
5012.0	256090.0	21458.0
5028.0	254470.0	21458.0
5044.0	252850.0	21458.0
5060.0	251720.0	21498.0
5076.0	251060.0	21577.0
5092.0	249480.0	21577.0
5108.0	247920.0	21577.0
5124.0	246150.0	21558.0
5140.0	243720.0	21478.0
5156.0	240650.0	21340.0
5172.0	236540.0	21106.0
5188.0	235950.0	21184.0
5204.0	235800.0	21301.0
5220.0	233710.0	21242.0
5236.0	231640.0	21184.0
5252.0	230230.0	21184.0
5268.0	227790.0	21086.0
5284.0	227040.0	21145.0
5300.0	226500.0	21223.0
5316.0	223070.0	21028.0
5332.0	221940.0	21047.0
5348.0	221840.0	21164.0
5364.0	220110.0	21125.0
5380.0	219210.0	21164.0
5396.0	216910.0	21067.0
5412.0	215030.0	21009.0
5428.0	213960.0	21028.0
5444.0	212510.0	21009.0
5460.0	211070.0	20989.0
5476.0	210040.0	21009.0
5492.0	208430.0	20970.0
5508.0	207410.0	20989.0
5524.0	205830.0	20951.0
5540.0	204640.0	20951.0
5556.0	204030.0	21009.0
5572.0	202860.0	21009.0
5588.0	200960.0	20932.0
5604.0	199810.0	20932.0
5620.0	198130.0	20874.0
5636.0	196640.0	20835.0
5652.0	195350.0	20816.0
5668.0	193710.0	20759.0
5684.0	191560.0	20644.0
5700.0	189960.0	20587.0
5716.0	188900.0	20587.0
5732.0	186990.0	20493.0
5748.0	185430.0	20436.0
5764.0	183900.0	20380.0
5780.0	181200.0	20193.0
5796.0	181200.0	20305.0
5812.0	181870.0	20493.0
5828.0	181040.0	20512.0
5844.0	180220.0	20530.0
5860.0	178740.0	20474.0
5876.0	175980.0	20267.0
5892.0	170410.0	19733.0
5908.0	172800.0	20119.0
5924.0	172820.0	20230.0
5940.0	171730.0	20212.0
5956.0	169710.0	20082.0
5972.0	168800.0	20082.0
5988.0	167280.0	20008.0
6004.0	166390.0	20008.0
6020.0	165510.0	20008.0
6036.0	163880.0	19916.0
6052.0	162860.0	19898.0
6068.0	161710.0	19861.0
6084.0	161150.0	19898.0
6100.0	160010.0	19861.0
6116.0	158590.0	19788.0
6132.0	157770.0	19788.0
6148.0	155510.0	19606.0
6164.0	154130.0	19534.0
6180.0	153340.0	19534.0
6196.0	152690.0	19552.0
6212.0	151760.0	19534.0
6228.0	150560.0	19480.0
6244.0	148830.0	19355.0
6260.0	147940.0	19337.0
6276.0	143440.0	18845.0
6292.0	142310.0	18793.0
6308.0	143560.0	19055.0
6324.0	143760.0	19178.0
6340.0	142640.0	19125.0
6356.0	141920.0	19125.0
6372.0	140950.0	19090.0
6388.0	141020.0	19195.0
6404.0	140320.0	19195.0
6420.0	139360.0	19160.0
6436.0	138420.0	19125.0
6452.0	136720.0	18984.0
6468.0	136040.0	18984.0
6484.0	134630.0	18880.0
6500.0	133840.0	18862.0
6516.0	131970.0	18690.0
6532.0	127980.0	18214.0
6548.0	112250.0	16055.0
6564.0	94729.0	13614.0
6580.0	116730.0	16858.0
6596.0	126550.0	18365.0
6612.0	128160.0	18690.0
6628.0	128250.0	18793.0
6644.0	127990.0	18845.0
6660.0	127370.0	18845.0
6676.0	126880.0	18862.0
6692.0	126510.0	18897.0
6708.0	125900.0	18897.0
6724.0	124960.0	18845.0
6740.0	124250.0	18828.0
6756.0	123440.0	18793.0
6772.0	122510.0	18741.0
6788.0	121710.0	18707.0
6804.0	120920.0	18672.0
6820.0	120020.0	18621.0
6836.0	119240.0	18587.0
6852.0	116730.0	18281.0
6868.0	102320.0	16099.0
6884.0	101190.0	15996.0
6900.0	104690.0	16626.0
6916.0	109520.0	17474.0
6932.0	111660.0	17898.0
6948.0	111870.0	18014.0
6964.0	112280.0	18163.0
6980.0	111870.0	18180.0
6996.0	110640.0	18063.0
7012.0	110040.0	18047.0
7028.0	109540.0	18047.0
7044.0	108940.0	18030.0
7060.0	108250.0	17997.0
7076.0	107760.0	17997.0
7092.0	107270.0	17997.0
7108.0	106490.0	17947.0
7124.0	105820.0	17914.0
7140.0	105060.0	17865.0
7156.0	103630.0	17701.0
7172.0	99986.0	17155.0
7188.0	96473.0	16626.0
7204.0	97112.0	16811.0
7220.0	99391.0	17282.0
7236.0	96788.0	16904.0
7252.0	96273.0	16889.0
7268.0	96026.0	16920.0
7284.0	95781.0	16951.0
7300.0	95626.0	16998.0
7316.0	95824.0	17108.0
7332.0	96467.0	17298.0
7348.0	96224.0	17330.0
7364.0	95542.0	17282.0
7380.0	95303.0	17314.0
7396.0	94891.0	17314.0
7412.0	94308.0	17282.0
7428.0	93643.0	17234.0
7444.0	92898.0	17171.0
7460.0	92415.0	17155.0
7476.0	91850.0	17124.0
7492.0	91712.0	17171.0
7508.0	91069.0	17124.0
7524.0	90682.0	17124.0
7540.0	90132.0	17092.0
7556.0	89585.0	17061.0
7572.0	88716.0	16967.0
7588.0	76448.0	14682.0
7604.0	37354.0	7204.4
7620.0	48765.0	9444.9
7636.0	50152.0	9754.4
7652.0	63573.0	12417.0
7668.0	75833.0	14873.0
7684.0	82044.0	16158.0
7700.0	83299.0	16474.0
7716.0	83799.0	16642.0
7732.0	83837.0	16719.0
7748.0	83184.0	16657.0
7764.0	81630.0	16413.0
7780.0	80698.0	16293.0
7796.0	82239.0	16672.0
7812.0	81978.0	16688.0
7828.0	81568.0	16672.0
7844.0	80937.0	16611.0
7860.0	80533.0	16596.0
7876.0	79691.0	16489.0
7892.0	79003.0	16413.0
7908.0	78829.0	16444.0
7924.0	78584.0	16459.0
7940.0	78123.0	16429.0
7956.0	77737.0	16413.0
7972.0	77426.0	16413.0
7988.0	77187.0	16429.0
8004.0	76526.0	16353.0
8020.0	76221.0	16353.0
8036.0	75708.0	16308.0
8052.0	75407.0	16308.0
8068.0	74901.0	16263.0
8084.0	74262.0	16188.0
8100.0	73765.0	16144.0
8116.0	73137.0	16069.0
8132.0	71784.0	15834.0
8148.0	70068.0	15517.0
8164.0	68520.0	15234.0
8180.0	68063.0	15191.0
8196.0	68174.0	15276.0
8212.0	68537.0	15417.0
8228.0	65801.0	14859.0
8244.0	68068.0	15431.0
8260.0	68748.0	15646.0
8276.0	67667.0	15460.0
8292.0	67159.0	15403.0
8308.0	67271.0	15488.0
8324.0	66951.0	15474.0
8340.0	67250.0	15603.0
8356.0	67177.0	15646.0
8372.0	66798.0	15617.0
8388.0	66605.0	15631.0
8404.0	66351.0	15631.0
8420.0	65856.0	15574.0
8436.0	64647.0	15346.0
8452.0	64759.0	15431.0
8468.0	64574.0	15445.0
8484.0	65951.0	15834.0
8500.0	62342.0	15024.0
8516.0	65637.0	15878.0
8532.0	63962.0	15531.0
8548.0	60241.0	14682.0
8564.0	66171.0	16188.0
8580.0	65200.0	16010.0
8596.0	58375.0	14388.0
8612.0	63418.0	15689.0
8628.0	67639.0	16796.0
8644.0	65132.0	16233.0
8660.0	55794.0	13957.0
8676.0	58638.0	14723.0
8692.0	66402.0	16734.0
8708.0	68137.0	17234.0
8724.0	65613.0	16657.0
8740.0	57200.0	14575.0
8756.0	54226.0	13868.0
8772.0	63654.0	16338.0
8788.0	67646.0	17426.0
8804.0	68212.0	17636.0
8820.0	67032.0	17394.0
8836.0	63784.0	16611.0
8852.0	54694.0	14295.0
8868.0	51047.0	13391.0
8884.0	60702.0	15981.0
8900.0	64572.0	17061.0
8916.0	65355.0	17330.0
8932.0	64822.0	17250.0
8948.0	64175.0	17140.0
8964.0	61691.0	16535.0
8980.0	58704.0	15791.0
8996.0	52423.0	14151.0
9012.0	43972.0	11912.0
9028.0	50169.0	13639.0
9044.0	58304.0	15907.0
9060.0	59342.0	16248.0
9076.0	58268.0	16010.0
9092.0	57903.0	15966.0
9108.0	58449.0	16173.0
9124.0	58083.0	16129.0
9140.0	57720.0	16084.0
9156.0	57149.0	15981.0
9172.0	57002.0	15996.0
9188.0	56283.0	15849.0
9204.0	53662.0	15164.0
9220.0	44685.0	12671.0
9236.0	43798.0	12462.0
9252.0	51186.0	14615.0
9268.0	53957.0	15460.0
9284.0	53970.0	15517.0
9300.0	51175.0	14764.0
9316.0	45369.0	13134.0
9332.0	41732.0	12123.0
9348.0	39644.0	11556.0
9364.0	41181.0	12045.0
9380.0	42385.0	12439.0
9396.0	48143.0	14177.0
9412.0	47540.0	14048.0
9428.0	43851.0	13002.0
9444.0	42512.0	12647.0
9460.0	43555.0	13002.0
9476.0	44093.0	13207.0
9492.0	42944.0	12906.0
9508.0	43276.0	13050.0
9524.0	39480.0	11945.0
9540.0	33988.0	10318.0
9556.0	35048.0	10676.0
9572.0	42035.0	12847.0
9588.0	43548.0	13354.0
9604.0	45073.0	13868.0
9620.0	45214.0	13957.0
9636.0	45775.0	14177.0
9652.0	46003.0	14295.0
9668.0	46789.0	14588.0
9684.0	48163.0	15066.0
9700.0	48493.0	15219.0
9716.0	48467.0	15262.0
9732.0	47252.0	14928.0
9748.0	46493.0	14737.0
9764.0	46555.0	14805.0
9780.0	47178.0	15052.0
9796.0	46636.0	14928.0
9812.0	46914.0	15066.0
9828.0	46978.0	15136.0
9844.0	47345.0	15304.0
9860.0	47148.0	15290.0
9876.0	47213.0	15360.0
9892.0	46801.0	15276.0
9908.0	46951.0	15374.0
9924.0	46628.0	15318.0
9940.0	46435.0	15304.0
9956.0	46329.0	15318.0
9972.0	45968.0	15248.0
9988.0	45401.0	15108.0
10004.0	44226.0	14764.0
10020.0	43440.0	14548.0
10036.0	37993.0	12764.0
10052.0	34381.0	11588.0
10068.0	40118.0	13564.0
10084.0	43088.0	14615.0
10100.0	43669.0	14859.0
10116.0	43572.0	14873.0
10132.0	44079.0	15094.0
10148.0	43778.0	15038.0
10164.0	44329.0	15276.0
10180.0	43624.0	15080.0
10196.0	43970.0	15248.0
10212.0	43994.0	15304.0
10228.0	44426.0	15502.0
10244.0	42686.0	14942.0
10260.0	43384.0	15234.0
10276.0	44830.0	15791.0
10292.0	45063.0	15922.0
10308.0	43259.0	15332.0
10324.0	42729.0	15191.0
10340.0	41935.0	14955.0
10356.0	41461.0	14832.0
10372.0	40579.0	14561.0
10388.0	42438.0	15276.0
10404.0	41958.0	15150.0
10420.0	40428.0	14642.0
