3300.0	2239700.0	81358.0
3316.0	2228400.0	81733.0
3332.0	2225400.0	82414.0
3348.0	2220500.0	83023.0
3364.0	2219800.0	83791.0
3380.0	2184700.0	83253.0
3396.0	2174100.0	83637.0
3412.0	2134000.0	82870.0
3428.0	2098600.0	82262.0
3444.0	2065800.0	81733.0
3460.0	2046800.0	81733.0
3476.0	2031700.0	81884.0
3492.0	2022400.0	82262.0
3508.0	2024400.0	83100.0
3524.0	2017200.0	83560.0
3540.0	2010100.0	84023.0
3556.0	2001200.0	84411.0
3572.0	2003500.0	85271.0
3588.0	1989400.0	85428.0
3604.0	1975400.0	85585.0
3620.0	1968800.0	86060.0
3636.0	1958700.0	86377.0
3652.0	1945200.0	86536.0
3668.0	1922900.0	86298.0
3684.0	1922100.0	87016.0
3700.0	1973400.0	90116.0
3716.0	2115800.0	97454.0
3732.0	2342800.0	108840.0
3748.0	2596700.0	121670.0
3764.0	2838700.0	134150.0
3780.0	3184500.0	151770.0
3796.0	3140300.0	150940.0
3812.0	3702700.0	179470.0
3828.0	3245500.0	158640.0
3844.0	3641300.0	179470.0
3860.0	4196100.0	208550.0
3876.0	3561700.0	178480.0
3892.0	3242500.0	163830.0
3908.0	4120100.0	209890.0
3924.0	4287100.0	220190.0
3940.0	4121200.0	213400.0
3956.0	3434800.0	179310.0
3972.0	3006100.0	158200.0
3988.0	3827500.0	203050.0
4004.0	4038600.0	215970.0
4020.0	4058500.0	218780.0
4036.0	4093700.0	222430.0
4052.0	4061500.0	222430.0
4068.0	3916100.0	216170.0
4084.0	3412300.0	189840.0
4100.0	2686900.0	150660.0
4116.0	3334800.0	188450.0
4132.0	3685500.0	209890.0
4148.0	3738900.0	214580.0
4164.0	3706800.0	214390.0
4180.0	3661600.0	213400.0
4196.0	3633700.0	213400.0
4212.0	3596200.0	212810.0
4228.0	3552600.0	211840.0
4244.0	3506500.0	210670.0
4260.0	3441900.0	208350.0
4276.0	3400500.0	207400.0
4292.0	3344300.0	205490.0
4308.0	3220100.0	199340.0
4324.0	2804500.0	174900.0
4340.0	2233800.0	140350.0
4356.0	2827800.0	178980.0
4372.0	3097800.0	197510.0
4388.0	3095200.0	198790.0
4404.0	3098300.0	200450.0
4420.0	3070300.0	200080.0
4436.0	3045300.0	199890.0
4452.0	3015200.0	199340.0
4468.0	2939000.0	195700.0
4484.0	2896600.0	194270.0
4500.0	2905300.0	196250.0
4516.0	2866200.0	194980.0
4532.0	2848700.0	195160.0
4548.0	2805300.0	193550.0
4564.0	2780500.0	193200.0
4580.0	2748500.0	192310.0
4596.0	2719300.0	191600.0
4612.0	2693000.0	191070.0
4628.0	2652400.0	189500.0
4644.0	2639000.0	189840.0
4660.0	2608800.0	188970.0
4676.0	2574400.0	187760.0
4692.0	2554500.0	187590.0
4708.0	2520900.0	186380.0
4724.0	2492300.0	185520.0
4740.0	2461900.0	184500.0
4756.0	2431800.0	183480.0
4772.0	2404500.0	182640.0
4788.0	2379600.0	181970.0
4804.0	2357300.0	181470.0
4820.0	2307400.0	178810.0
4836.0	2193000.0	171080.0
4852.0	1762700.0	138420.0
4868.0	1683100.0	133050.0
4884.0	2120700.0	168730.0
4900.0	2216300.0	177500.0
4916.0	2208000.0	177990.0
4932.0	2197700.0	178320.0
4948.0	2183500.0	178320.0
4964.0	2161500.0	177660.0
4980.0	2141700.0	177170.0
4996.0	2118200.0	176360.0
5012.0	2081600.0	174420.0
5028.0	2055100.0	173300.0
5044.0	2036400.0	172820.0
5060.0	2016100.0	172190.0
5076.0	2014500.0	173140.0
5092.0	1989000.0	172030.0
5108.0	1976600.0	172030.0
5124.0	1960700.0	171710.0
5140.0	1943100.0	171240.0
5156.0	1916900.0	169980.0
5172.0	1894500.0	169040.0
5188.0	1879400.0	168730.0
5204.0	1864400.0	168420.0
5220.0	1844500.0	167650.0
5236.0	1821500.0	166570.0
5252.0	1808700.0	166420.0
5268.0	1787800.0	165500.0
5284.0	1775400.0	165350.0
5300.0	1761400.0	165040.0
5316.0	1734800.0	163530.0
5332.0	1722800.0	163380.0
5348.0	1717300.0	163830.0
5364.0	1700800.0	163230.0
5380.0	1682900.0	162480.0
5396.0	1665200.0	161730.0
5412.0	1644800.0	160690.0
5428.0	1633600.0	160550.0
5444.0	1621000.0	160250.0
5460.0	1611500.0	160250.0
5476.0	1588900.0	158930.0
5492.0	1575300.0	158490.0
5508.0	1566100.0	158490.0
5524.0	1551400.0	157910.0
5540.0	1532500.0	156890.0
5556.0	1520900.0	156600.0
5572.0	1513600.0	156750.0
5588.0	1492500.0	155450.0
5604.0	1486700.0	155740.0
5620.0	1467400.0	154600.0
5636.0	1455100.0	154170.0
5652.0	1438900.0	153320.0
5668.0	1428100.0	153040.0
5684.0	1408400.0	151770.0
5700.0	1397900.0	151500.0
5716.0	1381100.0	150520.0
5732.0	1368400.0	149970.0
5748.0	1355800.0	149420.0
5764.0	1344500.0	149000.0
5780.0	1334600.0	148730.0
5796.0	1327300.0	148730.0
5812.0	1324900.0	149280.0
5828.0	1320000.0	149550.0
5844.0	1311600.0	149420.0
5860.0	1298500.0	148730.0
5876.0	1279500.0	147370.0
5892.0	1263300.0	146280.0
5908.0	1259900.0	146690.0
5924.0	1250800.0	146420.0
5940.0	1236100.0	145480.0
5956.0	1222700.0	144680.0
5972.0	1212800.0	144280.0
5988.0	1199700.0	143480.0
6004.0	1194400.0	143620.0
6020.0	1183700.0	143090.0
6036.0	1170900.0	142300.0
6052.0	1161500.0	141910.0
6068.0	1152200.0	141510.0
6084.0	1141900.0	140990.0
6100.0	1132800.0	140600.0
6116.0	1122800.0	140090.0
6132.0	1111800.0	139440.0
6148.0	1098900.0	138550.0
6164.0	1090200.0	138160.0
6180.0	1084500.0	138160.0
6196.0	1077900.0	138040.0
6212.0	1069400.0	137660.0
6228.0	1057100.0	136770.0
6244.0	1045900.0	136020.0
6260.0	1035800.0	135390.0
6276.0	1014500.0	133290.0
6292.0	1001900.0	132310.0
6308.0	1002400.0	133050.0
6324.0	1001900.0	133660.0
6340.0	993210.0	133170.0
6356.0	985490.0	132800.0
6372.0	978750.0	132560.0
6388.0	975640.0	132800.0
6404.0	970770.0	132800.0
6420.0	962390.0	132310.0
6436.0	955840.0	132070.0
6452.0	946740.0	131460.0
6468.0	939460.0	131100.0
6484.0	931400.0	130620.0
6500.0	923410.0	130140.0
6516.0	910450.0	128940.0
6532.0	890280.0	126710.0
6548.0	803530.0	114920.0
6564.0	684360.0	98356.0
6580.0	806060.0	116410.0
6596.0	869080.0	126120.0
6612.0	876100.0	127760.0
6628.0	871880.0	127760.0
6644.0	866880.0	127640.0
6660.0	861930.0	127530.0
6676.0	854650.0	127060.0
6692.0	852140.0	127290.0
6708.0	847300.0	127170.0
6724.0	840170.0	126710.0
6740.0	833100.0	126240.0
6756.0	826880.0	125890.0
6772.0	819190.0	125310.0
6788.0	812340.0	124850.0
6804.0	805550.0	124390.0
6820.0	798830.0	123940.0
6836.0	792900.0	123590.0
6852.0	776940.0	121670.0
6868.0	681020.0	107150.0
6884.0	668560.0	105680.0
6900.0	691070.0	109750.0
6916.0	722290.0	115240.0
6932.0	736380.0	118030.0
6948.0	737740.0	118800.0
6964.0	740460.0	119780.0
6980.0	735720.0	119560.0
6996.0	726310.0	118580.0
7012.0	722330.0	118470.0
7028.0	717060.0	118140.0
7044.0	711840.0	117810.0
7060.0	706010.0	117380.0
7076.0	701530.0	117170.0
7092.0	698370.0	117170.0
7108.0	693300.0	116840.0
7124.0	687660.0	116410.0
7140.0	681430.0	115880.0
7156.0	672170.0	114820.0
7172.0	647350.0	111070.0
7188.0	625180.0	107750.0
7204.0	628170.0	108740.0
7220.0	644090.0	112000.0
7236.0	624920.0	109140.0
7252.0	618740.0	108540.0
7268.0	617150.0	108740.0
7284.0	615010.0	108840.0
7300.0	615710.0	109450.0
7316.0	614710.0	109750.0
7332.0	618270.0	110870.0
7348.0	615010.0	110760.0
7364.0	611780.0	110660.0
7380.0	608570.0	110560.0
7396.0	605380.0	110460.0
7412.0	601660.0	110260.0
7428.0	597420.0	109950.0
7444.0	593210.0	109650.0
7460.0	588500.0	109240.0
7476.0	583820.0	108840.0
7492.0	581870.0	108940.0
7508.0	578860.0	108840.0
7524.0	573220.0	108240.0
7540.0	569740.0	108040.0
7556.0	565770.0	107750.0
7572.0	560270.0	107150.0
7588.0	476610.0	91538.0
7604.0	233530.0	45040.0
7620.0	301790.0	58452.0
7636.0	312100.0	60701.0
7652.0	398540.0	77839.0
7668.0	478910.0	93929.0
7684.0	517180.0	101860.0
7700.0	527520.0	104330.0
7716.0	528250.0	104910.0
7732.0	527030.0	105100.0
7748.0	522930.0	104710.0
7764.0	513160.0	103180.0
7780.0	505430.0	102050.0
7796.0	512240.0	103850.0
7812.0	510150.0	103850.0
7828.0	505730.0	103370.0
7844.0	503210.0	103280.0
7860.0	499780.0	102990.0
7876.0	493180.0	102050.0
7892.0	488030.0	101390.0
7908.0	486500.0	101480.0
7924.0	485440.0	101670.0
7940.0	483040.0	101580.0
7956.0	477560.0	100830.0
7972.0	475210.0	100740.0
7988.0	474180.0	100930.0
8004.0	468820.0	100180.0
8020.0	466950.0	100180.0
8036.0	463390.0	99816.0
8052.0	461550.0	99816.0
8068.0	458450.0	99540.0
8084.0	454530.0	99083.0
8100.0	451080.0	98719.0
8116.0	446410.0	98084.0
8132.0	434140.0	95763.0
8148.0	421030.0	93239.0
8164.0	410220.0	91201.0
8180.0	410880.0	91706.0
8196.0	413820.0	92726.0
8212.0	417560.0	93929.0
8228.0	394310.0	89043.0
8244.0	409770.0	92896.0
8260.0	413490.0	94102.0
8276.0	404740.0	92470.0
8292.0	400960.0	91960.0
8308.0	403480.0	92896.0
8324.0	401570.0	92811.0
8340.0	403360.0	93584.0
8356.0	402550.0	93756.0
8372.0	401760.0	93929.0
8388.0	398750.0	93584.0
8404.0	397600.0	93670.0
8420.0	395730.0	93584.0
8436.0	388460.0	92215.0
8452.0	385210.0	91791.0
8468.0	383760.0	91791.0
8484.0	389060.0	93411.0
8500.0	375300.0	90448.0
8516.0	386140.0	93411.0
8532.0	382230.0	92811.0
8548.0	359330.0	87579.0
8564.0	387850.0	94885.0
8580.0	386410.0	94885.0
8596.0	348200.0	85822.0
8612.0	367630.0	90949.0
8628.0	396100.0	98356.0
8644.0	384230.0	95763.0
8660.0	335880.0	84023.0
8676.0	342750.0	86060.0
8692.0	384930.0	97006.0
8708.0	395350.0	100000.0
8724.0	383170.0	97275.0
8740.0	337750.0	86060.0
8756.0	312900.0	80020.0
8772.0	361930.0	92896.0
8788.0	384980.0	99175.0
8804.0	387490.0	100180.0
8820.0	382550.0	99266.0
8836.0	366360.0	95412.0
8852.0	320580.0	83791.0
8868.0	291860.0	76559.0
8884.0	341980.0	90033.0
8900.0	365120.0	96472.0
8916.0	368880.0	97813.0
8932.0	364520.0	97006.0
8948.0	356920.0	95323.0
8964.0	342470.0	91791.0
8980.0	326790.0	87902.0
8996.0	295070.0	79652.0
9012.0	251870.0	68234.0
9028.0	279020.0	75858.0
9044.0	326660.0	89125.0
9060.0	330340.0	90448.0
9076.0	320500.0	88064.0
9092.0	319080.0	87983.0
9108.0	321200.0	88879.0
9124.0	320660.0	89043.0
9140.0	314290.0	87579.0
9156.0	311180.0	87016.0
9172.0	309810.0	86936.0
9188.0	310440.0	87418.0
9204.0	301760.0	85271.0
9220.0	258560.0	73316.0
9236.0	243140.0	69183.0
9252.0	281550.0	80389.0
9268.0	295700.0	84723.0
9284.0	291980.0	83946.0
9300.0	272050.0	78487.0
9316.0	240080.0	69502.0
9332.0	214820.0	62402.0
9348.0	203700.0	59374.0
9364.0	212960.0	62287.0
9380.0	221620.0	65043.0
9396.0	258070.0	75998.0
9412.0	252500.0	74610.0
9428.0	229710.0	68108.0
9444.0	222080.0	66069.0
9460.0	226690.0	67671.0
9476.0	230130.0	68929.0
9492.0	225170.0	67671.0
9508.0	230060.0	69374.0
9524.0	210470.0	63679.0
9540.0	185920.0	56441.0
9556.0	183600.0	55924.0
9572.0	221830.0	67795.0
9588.0	228750.0	70145.0
9604.0	237860.0	73181.0
9620.0	240590.0	74268.0
9636.0	242010.0	74955.0
9652.0	247510.0	76913.0
9668.0	251740.0	78487.0
9684.0	261760.0	81884.0
9700.0	263560.0	82718.0
9716.0	260280.0	81959.0
9732.0	254460.0	80389.0
9748.0	250140.0	79287.0
9764.0	251400.0	79947.0
9780.0	254060.0	81059.0
9796.0	251140.0	80389.0
9812.0	254980.0	81884.0
9828.0	255320.0	82262.0
9844.0	254030.0	82111.0
9860.0	256490.0	83176.0
9876.0	254720.0	82870.0
9892.0	254360.0	83023.0
9908.0	253540.0	83023.0
9924.0	256240.0	84178.0
9940.0	253310.0	83483.0
9956.0	250870.0	82947.0
9972.0	249840.0	82870.0
9988.0	246750.0	82111.0
10004.0	244610.0	81658.0
10020.0	238280.0	79800.0
10036.0	212080.0	71253.0
10052.0	187550.0	63212.0
10068.0	217240.0	73451.0
10084.0	233750.0	79287.0
10100.0	237780.0	80909.0
10116.0	239000.0	81583.0
10132.0	241120.0	82566.0
10148.0	238590.0	81959.0
10164.0	239380.0	82490.0
10180.0	236220.0	81658.0
10196.0	236570.0	82035.0
10212.0	236700.0	82338.0
10228.0	237490.0	82870.0
10244.0	235870.0	82566.0
10260.0	232770.0	81733.0
10276.0	232900.0	82035.0
10292.0	237590.0	83946.0
10308.0	234680.0	83176.0
10324.0	226950.0	80686.0
10340.0	220690.0	78704.0
10356.0	219400.0	78487.0
10372.0	218720.0	78487.0
10388.0	218050.0	78487.0
10404.0	220400.0	79579.0
10420.0	217910.0	78922.0
