3300.0	710220.0	25799.0
3316.0	706630.0	25918.0
3332.0	699220.0	25894.0
3348.0	698960.0	26134.0
3364.0	696160.0	26278.0
3380.0	687680.0	26206.0
3396.0	676840.0	26038.0
3412.0	666200.0	25870.0
3428.0	650340.0	25492.0
3444.0	639580.0	25305.0
3460.0	630770.0	25188.0
3476.0	622670.0	25096.0
3492.0	616410.0	25073.0
3508.0	617590.0	25351.0
3524.0	614820.0	25468.0
3540.0	612090.0	25586.0
3556.0	607710.0	25633.0
3572.0	604500.0	25728.0
3588.0	600780.0	25799.0
3604.0	597110.0	25870.0
3620.0	592380.0	25894.0
3636.0	587720.0	25918.0
3652.0	582580.0	25918.0
3668.0	576450.0	25870.0
3684.0	568830.0	25751.0
3700.0	567570.0	25918.0
3716.0	581660.0	26792.0
3732.0	611700.0	28418.0
3748.0	648670.0	30395.0
3764.0	686630.0	32449.0
3780.0	744450.0	35481.0
3796.0	732100.0	35188.0
3812.0	828160.0	40142.0
3828.0	754530.0	36881.0
3844.0	812180.0	40031.0
3860.0	911270.0	45290.0
3876.0	804740.0	40327.0
3892.0	738030.0	37291.0
3908.0	884930.0	45082.0
3924.0	914880.0	46989.0
3940.0	893360.0	46259.0
3956.0	776800.0	40551.0
3972.0	685490.0	36074.0
3988.0	825870.0	43813.0
4004.0	857890.0	45878.0
4020.0	859740.0	46345.0
4036.0	861620.0	46816.0
4052.0	857200.0	46946.0
4068.0	835720.0	46132.0
4084.0	748600.0	41649.0
4100.0	620090.0	34770.0
4116.0	721560.0	40775.0
4132.0	780730.0	44463.0
4148.0	789120.0	45290.0
4164.0	784510.0	45373.0
4180.0	774940.0	45165.0
4196.0	769040.0	45165.0
4212.0	761800.0	45082.0
4228.0	751190.0	44792.0
4244.0	740060.0	44463.0
4260.0	727780.0	44055.0
4276.0	718360.0	43813.0
4292.0	706480.0	43411.0
4308.0	685910.0	42462.0
4324.0	612980.0	38230.0
4340.0	512670.0	32211.0
4356.0	606800.0	38406.0
4372.0	652620.0	41610.0
4388.0	650260.0	41764.0
4404.0	649720.0	42034.0
4420.0	643840.0	41956.0
4436.0	638610.0	41918.0
4452.0	625910.0	41381.0
4468.0	611780.0	40738.0
4484.0	607980.0	40775.0
4500.0	610370.0	41229.0
4516.0	600500.0	40851.0
4532.0	595720.0	40813.0
4548.0	585570.0	40402.0
4564.0	579870.0	40290.0
4580.0	573710.0	40142.0
4596.0	568150.0	40031.0
4612.0	563170.0	39958.0
4628.0	554160.0	39591.0
4644.0	549840.0	39555.0
4660.0	545060.0	39482.0
4676.0	538860.0	39301.0
4692.0	533220.0	39156.0
4708.0	526190.0	38904.0
4724.0	519280.0	38654.0
4740.0	512460.0	38406.0
4756.0	508090.0	38335.0
4772.0	500980.0	38054.0
4788.0	495350.0	37879.0
4804.0	490700.0	37775.0
4820.0	482980.0	37428.0
4836.0	463710.0	36174.0
4852.0	392450.0	30818.0
4868.0	374040.0	29567.0
4884.0	447170.0	35579.0
4900.0	460500.0	36881.0
4916.0	455820.0	36745.0
4932.0	454120.0	36847.0
4948.0	452860.0	36983.0
4964.0	448700.0	36881.0
4980.0	443770.0	36711.0
4996.0	437700.0	36442.0
5012.0	429730.0	36008.0
5028.0	425830.0	35909.0
5044.0	420410.0	35678.0
5060.0	417370.0	35645.0
5076.0	415890.0	35744.0
5092.0	412520.0	35678.0
5108.0	408430.0	35547.0
5124.0	405140.0	35481.0
5140.0	400400.0	35286.0
5156.0	395000.0	35027.0
5172.0	391840.0	34962.0
5188.0	389060.0	34930.0
5204.0	384900.0	34770.0
5220.0	380080.0	34546.0
5236.0	376370.0	34419.0
5252.0	373050.0	34324.0
5268.0	369430.0	34198.0
5284.0	366520.0	34135.0
5300.0	362630.0	33978.0
5316.0	356820.0	33636.0
5332.0	356320.0	33791.0
5348.0	353860.0	33760.0
5364.0	350790.0	33667.0
5380.0	348060.0	33605.0
5396.0	343780.0	33389.0
5412.0	340800.0	33297.0
5428.0	337860.0	33205.0
5444.0	335570.0	33174.0
5460.0	331770.0	32991.0
5476.0	328920.0	32900.0
5492.0	325510.0	32749.0
5508.0	322730.0	32659.0
5524.0	321150.0	32689.0
5540.0	317250.0	32479.0
5556.0	314270.0	32359.0
5572.0	311310.0	32240.0
5588.0	308110.0	32092.0
5604.0	305510.0	32004.0
5620.0	302650.0	31886.0
5636.0	299000.0	31681.0
5652.0	295680.0	31506.0
5668.0	291850.0	31275.0
5684.0	289680.0	31218.0
5700.0	285680.0	30960.0
5716.0	282510.0	30789.0
5732.0	279900.0	30676.0
5748.0	276560.0	30479.0
5764.0	274520.0	30423.0
5780.0	273250.0	30451.0
5796.0	272000.0	30479.0
5812.0	271500.0	30591.0
5828.0	269020.0	30479.0
5844.0	268040.0	30535.0
5860.0	265110.0	30367.0
5876.0	260290.0	29978.0
5892.0	257690.0	29840.0
5908.0	256530.0	29867.0
5924.0	254680.0	29813.0
5940.0	251910.0	29648.0
5956.0	248490.0	29404.0
5972.0	246480.0	29322.0
5988.0	244490.0	29241.0
6004.0	242740.0	29188.0
6020.0	240120.0	29027.0
6036.0	237310.0	28840.0
6052.0	236060.0	28840.0
6068.0	235250.0	28894.0
6084.0	232510.0	28708.0
6100.0	231290.0	28708.0
6116.0	230080.0	28708.0
6132.0	228250.0	28628.0
6148.0	224780.0	28340.0
6164.0	222790.0	28236.0
6180.0	222660.0	28366.0
6196.0	220090.0	28184.0
6212.0	217950.0	28054.0
6228.0	215840.0	27925.0
6244.0	214530.0	27900.0
6260.0	212850.0	27823.0
6276.0	208090.0	27340.0
6292.0	205890.0	27189.0
6308.0	206180.0	27365.0
6324.0	205890.0	27466.0
6340.0	204290.0	27391.0
6356.0	202890.0	27340.0
6372.0	200940.0	27214.0
6388.0	200490.0	27290.0
6404.0	199310.0	27265.0
6420.0	197580.0	27164.0
6436.0	196060.0	27089.0
6452.0	194190.0	26965.0
6468.0	192520.0	26866.0
6484.0	190340.0	26693.0
6500.0	188880.0	26619.0
6516.0	186750.0	26448.0
6532.0	183450.0	26110.0
6548.0	169280.0	24210.0
6564.0	147260.0	21164.0
6580.0	169810.0	24524.0
6596.0	178760.0	25942.0
6612.0	179040.0	26110.0
6628.0	178510.0	26158.0
6644.0	177160.0	26085.0
6660.0	175820.0	26014.0
6676.0	174340.0	25918.0
6692.0	173820.0	25966.0
6708.0	172680.0	25918.0
6724.0	171220.0	25823.0
6740.0	169940.0	25751.0
6756.0	167900.0	25562.0
6772.0	166640.0	25492.0
6788.0	165250.0	25398.0
6804.0	163870.0	25305.0
6820.0	162350.0	25188.0
6836.0	161140.0	25119.0
6852.0	157900.0	24729.0
6868.0	138280.0	21757.0
6884.0	136750.0	21617.0
6900.0	140970.0	22387.0
6916.0	146930.0	23442.0
6932.0	149520.0	23966.0
6948.0	149800.0	24121.0
6964.0	149930.0	24255.0
6980.0	149250.0	24255.0
6996.0	147480.0	24077.0
7012.0	146400.0	24010.0
7028.0	145200.0	23922.0
7044.0	144540.0	23922.0
7060.0	143220.0	23812.0
7076.0	142440.0	23790.0
7092.0	141670.0	23768.0
7108.0	140390.0	23659.0
7124.0	139370.0	23594.0
7140.0	138110.0	23486.0
7156.0	135980.0	23227.0
7172.0	131080.0	22491.0
7188.0	126360.0	21777.0
7204.0	127310.0	22039.0
7220.0	130300.0	22657.0
7236.0	126190.0	22039.0
7252.0	125400.0	21999.0
7268.0	125080.0	22039.0
7284.0	124650.0	22060.0
7300.0	124440.0	22121.0
7316.0	124590.0	22243.0
7332.0	125190.0	22449.0
7348.0	124530.0	22428.0
7364.0	123990.0	22428.0
7380.0	123110.0	22367.0
7396.0	122700.0	22387.0
7412.0	121720.0	22305.0
7428.0	120860.0	22243.0
7444.0	120120.0	22202.0
7460.0	119380.0	22161.0
7476.0	118220.0	22039.0
7492.0	117600.0	22019.0
7508.0	116890.0	21979.0
7524.0	115960.0	21898.0
7540.0	115050.0	21817.0
7556.0	114350.0	21777.0
7572.0	113240.0	21657.0
7588.0	96865.0	18604.0
7604.0	48033.0	9264.0
7620.0	61846.0	11978.0
7636.0	63957.0	12439.0
7652.0	81147.0	15849.0
7668.0	96974.0	19020.0
7684.0	104150.0	20512.0
7700.0	106330.0	21028.0
7716.0	106670.0	21184.0
7732.0	106030.0	21145.0
7748.0	105400.0	21106.0
7764.0	103910.0	20893.0
7780.0	102440.0	20682.0
7796.0	103250.0	20932.0
7812.0	102640.0	20893.0
7828.0	101840.0	20816.0
7844.0	101050.0	20740.0
7860.0	100550.0	20721.0
7876.0	99497.0	20587.0
7892.0	98457.0	20455.0
7908.0	97969.0	20436.0
7924.0	97574.0	20436.0
7940.0	96912.0	20380.0
7956.0	96080.0	20286.0
7972.0	95694.0	20286.0
7988.0	95136.0	20249.0
8004.0	94234.0	20137.0
8020.0	93685.0	20100.0
8036.0	92970.0	20026.0
8052.0	92600.0	20026.0
8068.0	92064.0	19989.0
8084.0	91278.0	19898.0
8100.0	90584.0	19824.0
8116.0	89565.0	19679.0
8132.0	87262.0	19249.0
8148.0	84785.0	18776.0
8164.0	82455.0	18332.0
8180.0	82511.0	18416.0
8196.0	83256.0	18655.0
8212.0	84164.0	18932.0
8228.0	79842.0	18030.0
8244.0	82289.0	18655.0
8260.0	82806.0	18845.0
8276.0	81130.0	18535.0
8292.0	80446.0	18450.0
8308.0	80803.0	18604.0
8324.0	80493.0	18604.0
8340.0	80628.0	18707.0
8356.0	80542.0	18759.0
8372.0	80309.0	18776.0
8388.0	79855.0	18741.0
8404.0	79259.0	18672.0
8420.0	79104.0	18707.0
8436.0	77866.0	18484.0
8452.0	77429.0	18450.0
8468.0	77207.0	18467.0
8484.0	77556.0	18621.0
8500.0	75645.0	18231.0
8516.0	76692.0	18552.0
8532.0	75844.0	18416.0
8548.0	72894.0	17766.0
8564.0	76255.0	18655.0
8580.0	75901.0	18638.0
8596.0	70636.0	17410.0
8612.0	73217.0	18113.0
8628.0	76736.0	19055.0
8644.0	74919.0	18672.0
8660.0	68012.0	17014.0
8676.0	69021.0	17330.0
8692.0	75055.0	18915.0
8708.0	76381.0	19320.0
8724.0	74232.0	18845.0
8740.0	67390.0	17171.0
8756.0	63418.0	16218.0
8772.0	70636.0	18130.0
8788.0	73968.0	19055.0
8804.0	74107.0	19160.0
8820.0	73499.0	19072.0
8836.0	71106.0	18518.0
8852.0	63553.0	16611.0
8868.0	59097.0	15502.0
8884.0	66927.0	17620.0
8900.0	70346.0	18587.0
8916.0	70547.0	18707.0
8932.0	69843.0	18587.0
8948.0	68449.0	18281.0
8964.0	65799.0	17636.0
8980.0	63077.0	16967.0
8996.0	57746.0	15588.0
9012.0	50533.0	13690.0
9028.0	55213.0	15011.0
9044.0	63226.0	17250.0
9060.0	63645.0	17426.0
9076.0	61806.0	16982.0
9092.0	61759.0	17029.0
9108.0	61827.0	17108.0
9124.0	61214.0	16998.0
9140.0	60218.0	16780.0
9156.0	59567.0	16657.0
9172.0	59689.0	16749.0
9188.0	59591.0	16780.0
9204.0	58569.0	16550.0
9220.0	51116.0	14494.0
9236.0	48334.0	13753.0
9252.0	55354.0	15805.0
9268.0	57339.0	16429.0
9284.0	55533.0	15966.0
9300.0	52078.0	15024.0
9316.0	45663.0	13219.0
9332.0	41273.0	11989.0
9348.0	39353.0	11471.0
9364.0	40954.0	11978.0
9380.0	42817.0	12566.0
9396.0	49629.0	14615.0
9412.0	48290.0	14269.0
9428.0	44054.0	13062.0
9444.0	42787.0	12729.0
9460.0	43756.0	13062.0
9476.0	44542.0	13341.0
9492.0	43662.0	13122.0
9508.0	44283.0	13354.0
9524.0	41341.0	12508.0
9540.0	37267.0	11314.0
9556.0	36836.0	11220.0
9572.0	43293.0	13231.0
9588.0	43951.0	13477.0
9604.0	45953.0	14138.0
9620.0	46267.0	14282.0
9636.0	46755.0	14481.0
9652.0	47292.0	14696.0
9668.0	48322.0	15066.0
9684.0	49924.0	15617.0
9700.0	50220.0	15762.0
9716.0	49368.0	15545.0
9732.0	48174.0	15219.0
9748.0	47270.0	14983.0
9764.0	47420.0	15080.0
9780.0	48277.0	15403.0
9796.0	47635.0	15248.0
9812.0	48362.0	15531.0
9828.0	48830.0	15733.0
9844.0	48761.0	15762.0
9860.0	49234.0	15966.0
9876.0	48491.0	15776.0
9892.0	48602.0	15864.0
9908.0	48445.0	15864.0
9924.0	48601.0	15966.0
9940.0	47957.0	15805.0
9956.0	47234.0	15617.0
9972.0	47649.0	15805.0
9988.0	46587.0	15502.0
10004.0	46055.0	15374.0
10020.0	45236.0	15150.0
10036.0	41429.0	13919.0
10052.0	37112.0	12508.0
10068.0	41623.0	14073.0
10084.0	45202.0	15332.0
10100.0	45685.0	15545.0
10116.0	45373.0	15488.0
10132.0	45356.0	15531.0
10148.0	46096.0	15834.0
10164.0	45320.0	15617.0
10180.0	45386.0	15689.0
10196.0	44296.0	15360.0
10212.0	46238.0	16084.0
10228.0	46008.0	16055.0
10244.0	44780.0	15675.0
10260.0	44394.0	15588.0
10276.0	44215.0	15574.0
10292.0	43956.0	15531.0
10308.0	40371.0	14309.0
10324.0	45157.0	16055.0
10340.0	36760.0	13110.0
10356.0	40294.0	14415.0
10372.0	39728.0	14256.0
10388.0	41434.0	14914.0
10404.0	39739.0	14348.0
