6450.0	155.92	21.636999999999997
6500.0	151.14	21.301
6550.0	145.46	20.816
6600.0	146.33	21.261999999999997
6650.0	146.95	21.677
6700.0	146.65	21.958000000000002
6750.0	144.75	21.999000000000002
6800.0	142.89	22.039
6850.0	134.72	21.086
6900.0	126.1	20.026
6950.0	133.92	21.576999999999998
7000.0	132.5	21.656999999999996
7050.0	130.27	21.596999999999998
7100.0	128.2	21.558000000000003
7150.0	124.57	21.241999999999997
7200.0	117.86	20.38
7250.0	116.77	20.474
7300.0	116.35	20.682
7350.0	116.91	21.066999999999997
7400.0	116.08	21.203000000000003
7450.0	114.53	21.203000000000003
7500.0	113.11	21.223000000000003
7550.0	110.8	21.066999999999997
7600.0	73.18	14.099
7650.0	80.593	15.732999999999999
7700.0	104.96	20.759
7750.0	104.86	21.009
7800.0	103.52	21.009
7850.0	101.83	20.932
7900.0	100.18	20.855
7950.0	98.375	20.74
8000.0	96.881	20.682
8050.0	95.594	20.663
8100.0	93.37899999999999	20.436
8150.0	87.6	19.409000000000002
8200.0	87.015	19.516
8250.0	85.884	19.498
8300.0	84.618	19.445
8350.0	84.84899999999999	19.733
8400.0	84.462	19.879
8450.0	83.31200000000001	19.843
8500.0	82.18299999999999	19.805999999999997
8550.0	80.332	19.588
8600.0	78.96300000000001	19.48
8650.0	77.90899999999999	19.445
8700.0	76.945	19.427
8750.0	74.818	19.107
8800.0	73.97	19.107
8850.0	72.399	18.915
8900.0	71.786	18.967
8950.0	68.042	18.18
9000.0	63.494	17.155
9050.0	65.15100000000001	17.799
9100.0	62.451	17.25
9150.0	61.148	17.077
9200.0	62.236000000000004	17.570999999999998
9250.0	61.396	17.523
9300.0	52.803000000000004	15.234000000000002
9350.0	41.419	12.078
9400.0	49.77	14.669
9450.0	45.243	13.477
9500.0	45.601000000000006	13.728
9550.0	46.732	14.217
9600.0	47.894	14.722999999999999
9650.0	49.816	15.474
9700.0	52.83	16.581
9750.0	51.335	16.278
9800.0	51.9	16.625999999999998
9850.0	52.137	16.873
9900.0	52.523	17.171
9950.0	49.702	16.413
10000.0	47.998000000000005	16.01
10050.0	52.637	17.734
