3300.0	1149.7	41.763999999999996
3350.0	1150.1	43.053000000000004
3400.0	1116.5	43.053000000000004
3450.0	1087.4	43.172
3500.0	1072.2	43.813
3550.0	1058.7	44.504
3600.0	1048.6	45.331
3650.0	1039.0	46.174
3700.0	1023.3	46.73
3750.0	1003.6	47.076
3800.0	1005.7	48.44
3850.0	1014.6	50.165
3900.0	1001.6	50.816
3950.0	963.0	50.119
4000.0	1056.6	56.39
4050.0	1109.5	60.701
4100.0	836.47	46.903
4150.0	1085.2	62.345
4200.0	1123.9	66.13
4250.0	1090.5	65.705
4300.0	956.5	58.993
4350.0	753.43	47.555
4400.0	987.91	63.797
4450.0	1005.8	66.435
4500.0	995.4	67.236
4550.0	976.33	67.421
4600.0	956.1	67.484
4650.0	934.79	67.421
4700.0	910.8	67.112
4750.0	881.12	66.313
4800.0	826.3	63.504
4850.0	615.09	48.261
4900.0	745.47	59.703
4950.0	811.35	66.313
5000.0	806.27	67.236
5050.0	790.38	67.236
5100.0	774.96	67.236
5150.0	762.09	67.421
5200.0	747.5	67.421
5250.0	733.33	67.421
5300.0	718.9	67.36
5350.0	705.53	67.36
5400.0	692.52	67.36
5450.0	678.0	67.17399999999999
5500.0	665.11	67.112
5550.0	652.58	67.05
5600.0	639.8	66.92699999999999
5650.0	623.91	66.435
5700.0	605.16	65.584
5750.0	591.4	65.223
5800.0	583.94	65.524
5850.0	577.71	65.94800000000001
5900.0	562.23	65.283
5950.0	550.28	64.983
6000.0	541.15	64.983
6050.0	529.31	64.625
6100.0	519.71	64.506
6150.0	509.41	64.26899999999999
6200.0	497.55	63.797
6250.0	483.79	63.038000000000004
6300.0	469.61	62.173
6350.0	465.67	62.633
6400.0	455.89	62.287
6450.0	443.1	61.489
6500.0	414.76	58.452
6550.0	322.66	46.174
6600.0	372.33	54.1
6650.0	406.61	59.979
6700.0	408.76	61.207
6750.0	404.22	61.433
6800.0	397.56	61.32
6850.0	372.43	58.291000000000004
6900.0	348.92	55.412
6950.0	368.17	59.32
7000.0	363.6	59.428999999999995
7050.0	358.46	59.428999999999995
7100.0	353.43	59.428999999999995
7150.0	340.57	58.076
7200.0	315.47	54.551
7250.0	312.57	54.802
7300.0	313.17	55.667
7350.0	317.58	57.227
7400.0	314.74	57.49100000000001
7450.0	310.82	57.544
7500.0	305.84	57.385
7550.0	302.36	57.49100000000001
7600.0	194.98	37.566
7650.0	214.34	41.841
7700.0	283.56	56.07899999999999
7750.0	283.54	56.806999999999995
7800.0	279.15	56.65
7850.0	273.58	56.233999999999995
7900.0	267.4	55.667
7950.0	263.56	55.565
8000.0	257.66	55.005
8050.0	253.76	54.853
8100.0	247.89	54.25
8150.0	226.21	50.119
8200.0	225.73	50.629
8250.0	223.62	50.769
8300.0	221.14	50.816
8350.0	224.62	52.239
8400.0	224.83	52.917
8450.0	220.96	52.626000000000005
8500.0	217.36	52.38399999999999
8550.0	212.47	51.808
8600.0	208.65	51.475
8650.0	205.68	51.333
8700.0	200.9	50.722
8750.0	197.52	50.443000000000005
8800.0	195.1	50.396
8850.0	189.55	49.522
8900.0	186.23	49.20399999999999
8950.0	172.81	46.174
9000.0	155.86	42.111000000000004
9050.0	165.93	45.331
9100.0	155.72	43.013000000000005
9150.0	150.79	42.111000000000004
9200.0	154.9	43.732
9250.0	152.52	43.531000000000006
9300.0	123.21	35.547
9350.0	89.289	26.038
9400.0	114.23	33.667
9450.0	104.7	31.189
9500.0	104.85	31.565
9550.0	104.24	31.71
9600.0	113.63	34.93
9650.0	125.13	38.869
9700.0	135.29	42.461999999999996
9750.0	130.5	41.381
9800.0	133.65	42.815
9850.0	139.56	45.165
9900.0	136.0	44.463
9950.0	134.02	44.25899999999999
