3300.0	231.74	8.4178
3350.0	232.88	8.7176
3400.0	227.12	8.7579
3450.0	216.16	8.5822
3500.0	213.35	8.7176
3550.0	209.68	8.8145
3600.0	206.55	8.9289
3650.0	203.53	9.0448
3700.0	198.07	9.0448
3750.0	193.18	9.0615
3800.0	188.48	9.0782
3850.0	185.14	9.1538
3900.0	178.28	9.0448
3950.0	175.08	9.1117
4000.0	170.1	9.0782
4050.0	169.32	9.264
4100.0	164.46	9.2215
4150.0	159.49	9.1622
4200.0	155.71	9.1622
4250.0	151.51	9.1285
4300.0	147.46	9.0949
4350.0	142.51	8.995
4400.0	138.65	8.9536
4450.0	133.2	8.7983
4500.0	131.46	8.8797
4550.0	129.18	8.9207
4600.0	125.92	8.8879
4650.0	122.1	8.8064
4700.0	119.3	8.7902
4750.0	115.94	8.7257
4800.0	113.22	8.7016
4850.0	110.6	8.6776
4900.0	108.45	8.6856
4950.0	106.47	8.7016
5000.0	104.06	8.6776
5050.0	101.73	8.6536
5100.0	99.559	8.6377
5150.0	97.725	8.6457
5200.0	95.414	8.606
5250.0	93.00399999999999	8.5507
5300.0	90.337	8.4645
5350.0	88.73899999999999	8.4723
5400.0	86.70299999999999	8.4333
5450.0	84.416	8.3637
5500.0	82.508	8.3253
5550.0	80.507	8.2718
5600.0	78.93	8.2566
5650.0	76.405	8.1358
5700.0	74.17699999999999	8.0389
5750.0	72.358	7.98
5800.0	70.789	7.9433
5850.0	67.625	7.7197
5900.0	66.118	7.6772
5950.0	66.403	7.8415
6000.0	65.181	7.8271
6050.0	63.754	7.7839
6100.0	62.598	7.7696
6150.0	61.132	7.7126
6200.0	59.818000000000005	7.67
6250.0	58.486999999999995	7.6208
6300.0	56.61600000000001	7.4955
6350.0	56.555	7.6067
6400.0	55.012	7.5162
6450.0	54.163000000000004	7.5162
6500.0	53.088	7.4817
6550.0	50.715	7.2577
6600.0	50.691	7.3654
6650.0	49.611000000000004	7.3181
6700.0	48.515	7.2644
6750.0	48.108000000000004	7.3114
6800.0	46.708999999999996	7.2044
6850.0	43.918	6.8738
6900.0	40.955999999999996	6.5043
6950.0	43.137	6.9502
7000.0	42.523	6.9502
7050.0	41.614	6.8992
7100.0	40.917	6.8802
7150.0	39.903	6.8046
7200.0	37.167	6.4269
7250.0	36.454	6.3914
7300.0	36.356	6.4625
7350.0	36.496	6.5766
7400.0	36.038000000000004	6.5826
7450.0	35.49	6.5705
7500.0	34.729	6.5163
7550.0	33.801	6.4269
7600.0	21.897	4.2189
7650.0	23.697	4.626
7700.0	31.524	6.2345
7750.0	31.814	6.3738
7800.0	30.976999999999997	6.2864
7850.0	30.303	6.2287
7900.0	29.646	6.1716
7950.0	29.355	6.1887
8000.0	28.724	6.132
8050.0	28.081999999999997	6.0701
8100.0	27.558000000000003	6.0311
8150.0	25.734	5.7016
8200.0	25.491	5.7174
8250.0	25.022	5.6807
8300.0	24.471999999999998	5.6234
8350.0	24.538	5.7069
8400.0	24.27	5.7122
8450.0	24.138	5.7491
8500.0	23.463	5.6546
8550.0	23.147	5.6441
8600.0	22.275	5.4954
8650.0	22.141	5.5259
8700.0	21.866999999999997	5.5208
8750.0	21.028000000000002	5.3703
8800.0	20.336	5.2529
8850.0	19.54	5.1051
8900.0	19.322	5.1051
8950.0	18.398	4.9159
9000.0	17.391	4.6989
9050.0	17.895	4.8888
9100.0	16.871	4.6601
9150.0	16.488	4.6047
9200.0	16.476	4.6516
9250.0	16.313	4.6559
9300.0	13.927	4.0179
9350.0	10.784	3.1448
9400.0	12.899000000000001	3.8019
9450.0	11.933	3.5547
9500.0	12.399000000000001	3.7325
9550.0	12.624	3.8406
9600.0	13.338	4.1001
9650.0	14.052999999999999	4.3652
9700.0	14.564	4.5709
9750.0	12.812000000000001	4.0626
9800.0	13.037	4.1764
9850.0	13.327	4.3132
9900.0	14.280999999999999	4.6687
9950.0	12.439	4.1077
