3200.0	6.204	7.0
3201.0	6.204	7.0
3202.0	6.202999999999999	7.0
3203.0	6.202000000000001	7.0
3204.0	6.2	7.0
3205.0	6.1979999999999995	7.0
3206.0	6.197	7.0
3207.0	6.195	7.0
3208.0	6.19	7.0
3209.0	6.185	7.0
3210.0	6.184	7.0
3211.0	6.182	7.0
3212.0	6.182	7.0
3213.0	6.182	7.0
3214.0	6.178	7.0
3215.0	6.175	7.0
3216.0	6.175	7.0
3217.0	6.176	7.0
3218.0	6.178999999999999	7.0
3219.0	6.184	7.0
3220.0	6.186	7.0
3221.0	6.187	7.0
3222.0	6.186	7.0
3223.0	6.183	7.0
3224.0	6.178	7.0
3225.0	6.171	7.0
3226.0	6.165	7.0
3227.0	6.162999999999999	7.0
3228.0	6.1579999999999995	7.0
3229.0	6.157	7.0
3230.0	6.154	7.0
3231.0	6.154	7.0
3232.0	6.154	7.0
3233.0	6.159	7.0
3234.0	6.165	7.0
3235.0	6.172000000000001	7.0
3236.0	6.178999999999999	7.0
3237.0	6.187	7.0
3238.0	6.196000000000001	7.0
3239.0	6.204	7.0
3240.0	6.212000000000001	7.0
3241.0	6.218999999999999	7.0
3242.0	6.224	7.0
3243.0	6.226	7.0
3244.0	6.228	7.0
3245.0	6.229	7.0
3246.0	6.229	7.0
3247.0	6.23	7.0
3248.0	6.23	7.0
3249.0	6.231	7.0
3250.0	6.232	7.0
3251.0	6.233	7.0
3252.0	6.236000000000001	7.0
3253.0	6.237	7.0
3254.0	6.2379999999999995	7.0
3255.0	6.239	7.0
3256.0	6.242000000000001	7.0
3257.0	6.242999999999999	7.0
3258.0	6.244	7.0
3259.0	6.247999999999999	7.0
3260.0	6.25	7.0
3261.0	6.2589999999999995	7.0
3262.0	6.269	7.0
3263.0	6.276	7.0
3264.0	6.284	7.0
3265.0	6.285	7.0
3266.0	6.285	7.0
3267.0	6.2829999999999995	7.0
3268.0	6.278	7.0
3269.0	6.276	7.0
3270.0	6.274	7.0
3271.0	6.271	7.0
3272.0	6.27	7.0
3273.0	6.27	7.0
3274.0	6.267	7.0
3275.0	6.263	7.0
3276.0	6.2620000000000005	7.0
3277.0	6.261	7.0
3278.0	6.263	7.0
3279.0	6.268	7.0
3280.0	6.269	7.0
3281.0	6.27	7.0
3282.0	6.27	7.0
3283.0	6.274	7.0
3284.0	6.276	7.0
3285.0	6.278	7.0
3286.0	6.281000000000001	7.0
3287.0	6.2829999999999995	7.0
3288.0	6.285	7.0
3289.0	6.29	7.0
3290.0	6.296	7.0
3291.0	6.303	7.0
3292.0	6.309	7.0
3293.0	6.314	7.0
3294.0	6.317	7.0
3295.0	6.32	7.0
3296.0	6.321000000000001	7.0
3297.0	6.322	7.0
3298.0	6.3229999999999995	7.0
3299.0	6.3229999999999995	7.0
3300.0	6.324	7.0
3301.0	6.3229999999999995	7.0
3302.0	6.322	7.0
3303.0	6.32	7.0
3304.0	6.318	7.0
3305.0	6.317	7.0
3306.0	6.316	7.0
3307.0	6.316	7.0
3308.0	6.316	7.0
3309.0	6.316	7.0
3310.0	6.316	7.0
3311.0	6.317	7.0
3312.0	6.318	7.0
3313.0	6.321000000000001	7.0
3314.0	6.321000000000001	7.0
3315.0	6.321000000000001	7.0
3316.0	6.32	7.0
3317.0	6.318	7.0
3318.0	6.318	7.0
3319.0	6.321000000000001	7.0
3320.0	6.322	7.0
3321.0	6.324	7.0
3322.0	6.327999999999999	7.0
3323.0	6.33	7.0
3324.0	6.332999999999999	7.0
3325.0	6.334	7.0
3326.0	6.335	7.0
3327.0	6.336	7.0
3328.0	6.336	7.0
3329.0	6.336	7.0
3330.0	6.335	7.0
3331.0	6.334	7.0
3332.0	6.332999999999999	7.0
3333.0	6.33	7.0
3334.0	6.327999999999999	7.0
3335.0	6.324	7.0
3336.0	6.318	7.0
3337.0	6.312	7.0
3338.0	6.31	7.0
3339.0	6.309	7.0
3340.0	6.307	7.0
3341.0	6.305	7.0
3342.0	6.303	7.0
3343.0	6.303	7.0
3344.0	6.3020000000000005	7.0
3345.0	6.301	7.0
3346.0	6.3020000000000005	7.0
3347.0	6.303	7.0
3348.0	6.308	7.0
3349.0	6.311	7.0
3350.0	6.316	7.0
3351.0	6.322	7.0
3352.0	6.329	7.0
3353.0	6.332999999999999	7.0
3354.0	6.336	7.0
3355.0	6.337000000000001	7.0
3356.0	6.337999999999999	7.0
3357.0	6.336	7.0
3358.0	6.334	7.0
3359.0	6.331	7.0
3360.0	6.33	7.0
3361.0	6.33	7.0
3362.0	6.33	7.0
3363.0	6.329	7.0
3364.0	6.327000000000001	7.0
3365.0	6.3229999999999995	7.0
3366.0	6.322	7.0
3367.0	6.322	7.0
3368.0	6.318	7.0
3369.0	6.316	7.0
3370.0	6.315	7.0
3371.0	6.312	7.0
3372.0	6.312	7.0
3373.0	6.314	7.0
3374.0	6.314	7.0
3375.0	6.315	7.0
3376.0	6.316	7.0
3377.0	6.32	7.0
3378.0	6.322	7.0
3379.0	6.322	7.0
3380.0	6.322	7.0
3381.0	6.322	7.0
3382.0	6.322	7.0
3383.0	6.324	7.0
3384.0	6.327000000000001	7.0
3385.0	6.329	7.0
3386.0	6.331	7.0
3387.0	6.332999999999999	7.0
3388.0	6.332999999999999	7.0
3389.0	6.332999999999999	7.0
3390.0	6.33	7.0
3391.0	6.329	7.0
3392.0	6.329	7.0
3393.0	6.329	7.0
3394.0	6.335	7.0
3395.0	6.337999999999999	7.0
3396.0	6.3420000000000005	7.0
3397.0	6.343999999999999	7.0
3398.0	6.346	7.0
3399.0	6.347	7.0
3400.0	6.346	7.0
3401.0	6.343	7.0
3402.0	6.3420000000000005	7.0
3403.0	6.341	7.0
3404.0	6.34	7.0
3405.0	6.337000000000001	7.0
3406.0	6.337000000000001	7.0
3407.0	6.337000000000001	7.0
3408.0	6.337999999999999	7.0
3409.0	6.341	7.0
3410.0	6.3420000000000005	7.0
3411.0	6.347	7.0
3412.0	6.35	7.0
3413.0	6.354	7.0
3414.0	6.355	7.0
3415.0	6.356	7.0
3416.0	6.356	7.0
3417.0	6.358	7.0
3418.0	6.361000000000001	7.0
3419.0	6.3629999999999995	7.0
3420.0	6.367000000000001	7.0
3421.0	6.367000000000001	7.0
3422.0	6.364	7.0
3423.0	6.3629999999999995	7.0
3424.0	6.364	7.0
3425.0	6.367000000000001	7.0
3426.0	6.37	7.0
3427.0	6.375	7.0
3428.0	6.376	7.0
3429.0	6.377000000000001	7.0
3430.0	6.376	7.0
3431.0	6.375	7.0
3432.0	6.374	7.0
3433.0	6.372999999999999	7.0
3434.0	6.37	7.0
3435.0	6.367999999999999	7.0
3436.0	6.3660000000000005	7.0
3437.0	6.362	7.0
3438.0	6.357	7.0
3439.0	6.354	7.0
3440.0	6.35	7.0
3441.0	6.349	7.0
3442.0	6.347	7.0
3443.0	6.35	7.0
3444.0	6.355	7.0
3445.0	6.358	7.0
3446.0	6.362	7.0
3447.0	6.3660000000000005	7.0
3448.0	6.367999999999999	7.0
3449.0	6.37	7.0
3450.0	6.37	7.0
3451.0	6.369	7.0
3452.0	6.367999999999999	7.0
3453.0	6.3660000000000005	7.0
3454.0	6.364	7.0
3455.0	6.3629999999999995	7.0
3456.0	6.3629999999999995	7.0
3457.0	6.362	7.0
3458.0	6.362	7.0
3459.0	6.362	7.0
3460.0	6.364	7.0
3461.0	6.367000000000001	7.0
3462.0	6.367999999999999	7.0
3463.0	6.371	7.0
3464.0	6.375	7.0
3465.0	6.377000000000001	7.0
3466.0	6.381	7.0
3467.0	6.382999999999999	7.0
3468.0	6.3870000000000005	7.0
3469.0	6.382999999999999	7.0
3470.0	6.382000000000001	7.0
3471.0	6.38	7.0
3472.0	6.376	7.0
3473.0	6.377000000000001	7.0
3474.0	6.38	7.0
3475.0	6.382000000000001	7.0
3476.0	6.3870000000000005	7.0
3477.0	6.392	7.0
3478.0	6.397	7.0
3479.0	6.401	7.0
3480.0	6.404	7.0
3481.0	6.406000000000001	7.0
3482.0	6.403	7.0
3483.0	6.401	7.0
3484.0	6.4	7.0
3485.0	6.396	7.0
3486.0	6.395	7.0
3487.0	6.392	7.0
3488.0	6.3870000000000005	7.0
3489.0	6.382000000000001	7.0
3490.0	6.377000000000001	7.0
3491.0	6.372999999999999	7.0
3492.0	6.371	7.0
3493.0	6.374	7.0
3494.0	6.376	7.0
3495.0	6.381	7.0
3496.0	6.3839999999999995	7.0
3497.0	6.3870000000000005	7.0
3498.0	6.388	7.0
3499.0	6.392	7.0
3500.0	6.394	7.0
3501.0	6.396	7.0
3502.0	6.399	7.0
3503.0	6.399	7.0
3504.0	6.399	7.0
3505.0	6.396	7.0
3506.0	6.395	7.0
3507.0	6.395	7.0
3508.0	6.396	7.0
3509.0	6.396	7.0
3510.0	6.396	7.0
3511.0	6.395	7.0
3512.0	6.395	7.0
3513.0	6.395	7.0
3514.0	6.395	7.0
3515.0	6.395	7.0
3516.0	6.393	7.0
3517.0	6.39	7.0
3518.0	6.3870000000000005	7.0
3519.0	6.382999999999999	7.0
3520.0	6.381	7.0
3521.0	6.377000000000001	7.0
3522.0	6.375	7.0
3523.0	6.375	7.0
3524.0	6.375	7.0
3525.0	6.379	7.0
3526.0	6.382000000000001	7.0
3527.0	6.388	7.0
3528.0	6.395	7.0
3529.0	6.4	7.0
3530.0	6.406000000000001	7.0
3531.0	6.4079999999999995	7.0
3532.0	6.409	7.0
3533.0	6.412999999999999	7.0
3534.0	6.415	7.0
3535.0	6.417000000000001	7.0
3536.0	6.421	7.0
3537.0	6.422999999999999	7.0
3538.0	6.4270000000000005	7.0
3539.0	6.428999999999999	7.0
3540.0	6.428999999999999	7.0
3541.0	6.428999999999999	7.0
3542.0	6.428999999999999	7.0
3543.0	6.428	7.0
3544.0	6.428999999999999	7.0
3545.0	6.43	7.0
3546.0	6.432	7.0
3547.0	6.433	7.0
3548.0	6.434	7.0
3549.0	6.434	7.0
3550.0	6.435	7.0
3551.0	6.437	7.0
3552.0	6.44	7.0
3553.0	6.441	7.0
3554.0	6.442	7.0
3555.0	6.441	7.0
3556.0	6.441	7.0
3557.0	6.441	7.0
3558.0	6.44	7.0
3559.0	6.441	7.0
3560.0	6.443	7.0
3561.0	6.441	7.0
3562.0	6.439	7.0
3563.0	6.435	7.0
3564.0	6.434	7.0
3565.0	6.433	7.0
3566.0	6.432	7.0
3567.0	6.433	7.0
3568.0	6.433	7.0
3569.0	6.434	7.0
3570.0	6.434	7.0
3571.0	6.434	7.0
3572.0	6.434	7.0
3573.0	6.434	7.0
3574.0	6.436	7.0
3575.0	6.439	7.0
3576.0	6.441	7.0
3577.0	6.442	7.0
3578.0	6.446000000000001	7.0
3579.0	6.447	7.0
3580.0	6.449	7.0
3581.0	6.452000000000001	7.0
3582.0	6.454	7.0
3583.0	6.456	7.0
3584.0	6.46	7.0
3585.0	6.461	7.0
3586.0	6.462000000000001	7.0
3587.0	6.462000000000001	7.0
3588.0	6.462000000000001	7.0
3589.0	6.46	7.0
3590.0	6.456	7.0
3591.0	6.452999999999999	7.0
3592.0	6.447	7.0
3593.0	6.447	7.0
3594.0	6.4479999999999995	7.0
3595.0	6.452000000000001	7.0
3596.0	6.452999999999999	7.0
3597.0	6.454	7.0
3598.0	6.452999999999999	7.0
3599.0	6.45	7.0
3600.0	6.449	7.0
3601.0	6.449	7.0
3602.0	6.449	7.0
3603.0	6.4479999999999995	7.0
3604.0	6.447	7.0
3605.0	6.446000000000001	7.0
3606.0	6.443	7.0
3607.0	6.441	7.0
3608.0	6.441	7.0
3609.0	6.441	7.0
3610.0	6.441	7.0
3611.0	6.441	7.0
3612.0	6.441	7.0
3613.0	6.441	7.0
3614.0	6.441	7.0
3615.0	6.44	7.0
3616.0	6.44	7.0
3617.0	6.439	7.0
3618.0	6.437	7.0
3619.0	6.44	7.0
3620.0	6.442	7.0
3621.0	6.447	7.0
3622.0	6.452000000000001	7.0
3623.0	6.457999999999999	7.0
3624.0	6.462000000000001	7.0
3625.0	6.4670000000000005	7.0
3626.0	6.468999999999999	7.0
3627.0	6.473	7.0
3628.0	6.475	7.0
3629.0	6.479	7.0
3630.0	6.48	7.0
3631.0	6.481	7.0
3632.0	6.483	7.0
3633.0	6.485	7.0
3634.0	6.487	7.0
3635.0	6.4910000000000005	7.0
3636.0	6.494	7.0
3637.0	6.496	7.0
3638.0	6.497999999999999	7.0
3639.0	6.494	7.0
3640.0	6.492999999999999	7.0
3641.0	6.4879999999999995	7.0
3642.0	6.485	7.0
3643.0	6.481	7.0
3644.0	6.48	7.0
3645.0	6.476	7.0
3646.0	6.474	7.0
3647.0	6.472	7.0
3648.0	6.468999999999999	7.0
3649.0	6.468	7.0
3650.0	6.468999999999999	7.0
3651.0	6.471	7.0
3652.0	6.474	7.0
3653.0	6.478	7.0
3654.0	6.48	7.0
3655.0	6.481	7.0
3656.0	6.481	7.0
3657.0	6.481	7.0
3658.0	6.483	7.0
3659.0	6.487	7.0
3660.0	6.489	7.0
3661.0	6.4910000000000005	7.0
3662.0	6.492000000000001	7.0
3663.0	6.4910000000000005	7.0
3664.0	6.4910000000000005	7.0
3665.0	6.4910000000000005	7.0
3666.0	6.4910000000000005	7.0
3667.0	6.4910000000000005	7.0
3668.0	6.492000000000001	7.0
3669.0	6.492000000000001	7.0
3670.0	6.492000000000001	7.0
3671.0	6.4910000000000005	7.0
3672.0	6.4879999999999995	7.0
3673.0	6.486000000000001	7.0
3674.0	6.482	7.0
3675.0	6.48	7.0
3676.0	6.478	7.0
3677.0	6.476	7.0
3678.0	6.478	7.0
3679.0	6.476	7.0
3680.0	6.474	7.0
3681.0	6.474	7.0
3682.0	6.473	7.0
3683.0	6.473	7.0
3684.0	6.474	7.0
3685.0	6.474	7.0
3686.0	6.476	7.0
3687.0	6.479	7.0
3688.0	6.482	7.0
3689.0	6.4879999999999995	7.0
3690.0	6.495	7.0
3691.0	6.504	7.0
3692.0	6.511	7.0
3693.0	6.513999999999999	7.0
3694.0	6.518	7.0
3695.0	6.52	7.0
3696.0	6.52	7.0
3697.0	6.525	7.0
3698.0	6.527	7.0
3699.0	6.532	7.0
3700.0	6.534	7.0
3701.0	6.535	7.0
3702.0	6.534	7.0
3703.0	6.5329999999999995	7.0
3704.0	6.532	7.0
3705.0	6.531000000000001	7.0
3706.0	6.5329999999999995	7.0
3707.0	6.534	7.0
3708.0	6.5329999999999995	7.0
3709.0	6.532	7.0
3710.0	6.529	7.0
3711.0	6.528	7.0
3712.0	6.526	7.0
3713.0	6.526	7.0
3714.0	6.521	7.0
3715.0	6.517	7.0
3716.0	6.513	7.0
3717.0	6.507999999999999	7.0
3718.0	6.505	7.0
3719.0	6.504	7.0
3720.0	6.501	7.0
3721.0	6.5	7.0
3722.0	6.497999999999999	7.0
3723.0	6.497999999999999	7.0
3724.0	6.497999999999999	7.0
3725.0	6.497999999999999	7.0
3726.0	6.499	7.0
3727.0	6.497999999999999	7.0
3728.0	6.496	7.0
3729.0	6.495	7.0
3730.0	6.492999999999999	7.0
3731.0	6.492000000000001	7.0
3732.0	6.487	7.0
3733.0	6.481	7.0
3734.0	6.473	7.0
3735.0	6.462999999999999	7.0
3736.0	6.465	7.0
3737.0	6.466	7.0
3738.0	6.471	7.0
3739.0	6.475	7.0
3740.0	6.474	7.0
3741.0	6.471	7.0
3742.0	6.468999999999999	7.0
3743.0	6.472	7.0
3744.0	6.475	7.0
3745.0	6.483	7.0
3746.0	6.492000000000001	7.0
3747.0	6.499	7.0
3748.0	6.506	7.0
3749.0	6.5089999999999995	7.0
3750.0	6.513	7.0
3751.0	6.513	7.0
3752.0	6.5120000000000005	7.0
3753.0	6.5089999999999995	7.0
3754.0	6.507999999999999	7.0
3755.0	6.507000000000001	7.0
3756.0	6.507000000000001	7.0
3757.0	6.505	7.0
3758.0	6.504	7.0
3759.0	6.5	7.0
3760.0	6.499	7.0
3761.0	6.496	7.0
3762.0	6.499	7.0
3763.0	6.5	7.0
3764.0	6.506	7.0
3765.0	6.511	7.0
3766.0	6.519	7.0
3767.0	6.526	7.0
3768.0	6.531000000000001	7.0
3769.0	6.534	7.0
3770.0	6.532	7.0
3771.0	6.524	7.0
3772.0	6.513	7.0
3773.0	6.497999999999999	7.0
3774.0	6.481	7.0
3775.0	6.466	7.0
3776.0	6.45	7.0
3777.0	6.449	7.0
3778.0	6.4479999999999995	7.0
3779.0	6.45	7.0
3780.0	6.454	7.0
3781.0	6.454	7.0
3782.0	6.452999999999999	7.0
3783.0	6.452000000000001	7.0
3784.0	6.452999999999999	7.0
3785.0	6.454	7.0
3786.0	6.46	7.0
3787.0	6.466	7.0
3788.0	6.476	7.0
3789.0	6.487	7.0
3790.0	6.5	7.0
3791.0	6.513999999999999	7.0
3792.0	6.529	7.0
3793.0	6.545	7.0
3794.0	6.553999999999999	7.0
3795.0	6.562	7.0
3796.0	6.565	7.0
3797.0	6.561	7.0
3798.0	6.557	7.0
3799.0	6.546	7.0
3800.0	6.535	7.0
3801.0	6.52	7.0
3802.0	6.504	7.0
3803.0	6.489	7.0
3804.0	6.475	7.0
3805.0	6.468	7.0
3806.0	6.461	7.0
3807.0	6.457999999999999	7.0
3808.0	6.454	7.0
3809.0	6.45	7.0
3810.0	6.447	7.0
3811.0	6.446000000000001	7.0
3812.0	6.447	7.0
3813.0	6.449	7.0
3814.0	6.456	7.0
3815.0	6.462000000000001	7.0
3816.0	6.468	7.0
3817.0	6.474	7.0
3818.0	6.478	7.0
3819.0	6.48	7.0
3820.0	6.48	7.0
3821.0	6.478	7.0
3822.0	6.475	7.0
3823.0	6.474	7.0
3824.0	6.475	7.0
3825.0	6.48	7.0
3826.0	6.486000000000001	7.0
3827.0	6.495	7.0
3828.0	6.505	7.0
3829.0	6.517	7.0
3830.0	6.528	7.0
3831.0	6.54	7.0
3832.0	6.5520000000000005	7.0
3833.0	6.555	7.0
3834.0	6.559	7.0
3835.0	6.553999999999999	7.0
3836.0	6.546	7.0
3837.0	6.534	7.0
3838.0	6.518	7.0
3839.0	6.5	7.0
3840.0	6.48	7.0
3841.0	6.462999999999999	7.0
3842.0	6.452000000000001	7.0
3843.0	6.441	7.0
3844.0	6.434	7.0
3845.0	6.428	7.0
3846.0	6.422999999999999	7.0
3847.0	6.417000000000001	7.0
3848.0	6.414	7.0
3849.0	6.409	7.0
3850.0	6.4079999999999995	7.0
3851.0	6.407	7.0
3852.0	6.406000000000001	7.0
3853.0	6.406000000000001	7.0
3854.0	6.406000000000001	7.0
3855.0	6.407	7.0
3856.0	6.4079999999999995	7.0
3857.0	6.409	7.0
3858.0	6.412000000000001	7.0
3859.0	6.414	7.0
3860.0	6.416	7.0
3861.0	6.419	7.0
3862.0	6.421	7.0
3863.0	6.422999999999999	7.0
3864.0	6.425	7.0
3865.0	6.426	7.0
3866.0	6.426	7.0
3867.0	6.4270000000000005	7.0
3868.0	6.426	7.0
3869.0	6.426	7.0
3870.0	6.426	7.0
3871.0	6.4270000000000005	7.0
3872.0	6.4270000000000005	7.0
3873.0	6.428	7.0
3874.0	6.428999999999999	7.0
3875.0	6.432	7.0
3876.0	6.436	7.0
3877.0	6.442	7.0
3878.0	6.449	7.0
3879.0	6.459	7.0
3880.0	6.468	7.0
3881.0	6.481	7.0
3882.0	6.494	7.0
3883.0	6.513	7.0
3884.0	6.531000000000001	7.0
3885.0	6.546	7.0
3886.0	6.559	7.0
3887.0	6.566	7.0
3888.0	6.571000000000001	7.0
3889.0	6.564	7.0
3890.0	6.551	7.0
3891.0	6.535	7.0
3892.0	6.517	7.0
3893.0	6.499	7.0
3894.0	6.482	7.0
3895.0	6.4670000000000005	7.0
3896.0	6.454	7.0
3897.0	6.441	7.0
3898.0	6.433	7.0
3899.0	6.425	7.0
3900.0	6.419	7.0
3901.0	6.414	7.0
3902.0	6.409	7.0
3903.0	6.407	7.0
3904.0	6.403	7.0
3905.0	6.402	7.0
3906.0	6.402	7.0
3907.0	6.406000000000001	7.0
3908.0	6.4079999999999995	7.0
3909.0	6.41	7.0
3910.0	6.412999999999999	7.0
3911.0	6.412999999999999	7.0
3912.0	6.412999999999999	7.0
3913.0	6.412999999999999	7.0
3914.0	6.412999999999999	7.0
3915.0	6.415	7.0
3916.0	6.417000000000001	7.0
3917.0	6.421	7.0
3918.0	6.428	7.0
3919.0	6.434	7.0
3920.0	6.439	7.0
3921.0	6.443	7.0
3922.0	6.447	7.0
3923.0	6.449	7.0
3924.0	6.452999999999999	7.0
3925.0	6.455	7.0
3926.0	6.459	7.0
3927.0	6.462000000000001	7.0
3928.0	6.466	7.0
3929.0	6.4670000000000005	7.0
3930.0	6.468	7.0
3931.0	6.468	7.0
3932.0	6.4670000000000005	7.0
3933.0	6.465	7.0
3934.0	6.461	7.0
3935.0	6.456	7.0
3936.0	6.452000000000001	7.0
3937.0	6.447	7.0
3938.0	6.442	7.0
3939.0	6.439	7.0
3940.0	6.435	7.0
3941.0	6.434	7.0
3942.0	6.432	7.0
3943.0	6.428999999999999	7.0
3944.0	6.428	7.0
3945.0	6.4270000000000005	7.0
3946.0	6.422999999999999	7.0
3947.0	6.421	7.0
3948.0	6.421	7.0
3949.0	6.421	7.0
3950.0	6.4270000000000005	7.0
3951.0	6.447	7.0
3952.0	6.45	7.0
3953.0	6.454	7.0
3954.0	6.459	7.0
3955.0	6.462999999999999	7.0
3956.0	6.471	7.0
3957.0	6.479	7.0
3958.0	6.4879999999999995	7.0
3959.0	6.5	7.0
3960.0	6.513	7.0
3961.0	6.531000000000001	7.0
3962.0	6.546	7.0
3963.0	6.566	7.0
3964.0	6.585	7.0
3965.0	6.6	7.0
3966.0	6.6160000000000005	7.0
3967.0	6.625	7.0
3968.0	6.632000000000001	7.0
3969.0	6.632000000000001	7.0
3970.0	6.63	7.0
3971.0	6.622999999999999	7.0
3972.0	6.612	7.0
3973.0	6.6	7.0
3974.0	6.586	7.0
3975.0	6.571000000000001	7.0
3976.0	6.557	7.0
3977.0	6.542000000000001	7.0
3978.0	6.531000000000001	7.0
3979.0	6.519	7.0
3980.0	6.507000000000001	7.0
3981.0	6.496	7.0
3982.0	6.4879999999999995	7.0
3983.0	6.482	7.0
3984.0	6.479	7.0
3985.0	6.475	7.0
3986.0	6.473	7.0
3987.0	6.472	7.0
3988.0	6.471	7.0
3989.0	6.468999999999999	7.0
3990.0	6.468	7.0
3991.0	6.4670000000000005	7.0
3992.0	6.465	7.0
3993.0	6.462000000000001	7.0
3994.0	6.461	7.0
3995.0	6.46	7.0
3996.0	6.46	7.0
3997.0	6.461	7.0
3998.0	6.461	7.0
3999.0	6.462000000000001	7.0
4000.0	6.466	7.0
4001.0	6.4670000000000005	7.0
4002.0	6.471	7.0
4003.0	6.474	7.0
4004.0	6.476	7.0
4005.0	6.479	7.0
4006.0	6.48	7.0
4007.0	6.482	7.0
4008.0	6.483	7.0
4009.0	6.483	7.0
4010.0	6.485	7.0
4011.0	6.485	7.0
4012.0	6.486000000000001	7.0
4013.0	6.487	7.0
4014.0	6.487	7.0
4015.0	6.4910000000000005	7.0
4016.0	6.492999999999999	7.0
4017.0	6.5	7.0
4018.0	6.507000000000001	7.0
4019.0	6.515	7.0
4020.0	6.526	7.0
4021.0	6.5329999999999995	7.0
4022.0	6.541	7.0
4023.0	6.546	7.0
4024.0	6.547999999999999	7.0
4025.0	6.55	7.0
4026.0	6.546	7.0
4027.0	6.541	7.0
4028.0	6.5329999999999995	7.0
4029.0	6.526	7.0
4030.0	6.517	7.0
4031.0	6.507000000000001	7.0
4032.0	6.501	7.0
4033.0	6.495	7.0
4034.0	6.492000000000001	7.0
4035.0	6.4879999999999995	7.0
4036.0	6.487	7.0
4037.0	6.486000000000001	7.0
4038.0	6.485	7.0
4039.0	6.485	7.0
4040.0	6.483	7.0
4041.0	6.481	7.0
4042.0	6.48	7.0
4043.0	6.479	7.0
4044.0	6.478	7.0
4045.0	6.476	7.0
4046.0	6.475	7.0
4047.0	6.474	7.0
4048.0	6.474	7.0
4049.0	6.475	7.0
4050.0	6.475	7.0
4051.0	6.476	7.0
4052.0	6.478	7.0
4053.0	6.478	7.0
4054.0	6.479	7.0
4055.0	6.479	7.0
4056.0	6.48	7.0
4057.0	6.48	7.0
4058.0	6.48	7.0
4059.0	6.48	7.0
4060.0	6.481	7.0
4061.0	6.482	7.0
4062.0	6.485	7.0
4063.0	6.487	7.0
4064.0	6.489	7.0
4065.0	6.492999999999999	7.0
4066.0	6.496	7.0
4067.0	6.499	7.0
4068.0	6.501	7.0
4069.0	6.504	7.0
4070.0	6.506	7.0
4071.0	6.507000000000001	7.0
4072.0	6.507000000000001	7.0
4073.0	6.506	7.0
4074.0	6.505	7.0
4075.0	6.504	7.0
4076.0	6.502000000000001	7.0
4077.0	6.502000000000001	7.0
4078.0	6.504	7.0
4079.0	6.506	7.0
4080.0	6.5089999999999995	7.0
4081.0	6.513	7.0
4082.0	6.519	7.0
4083.0	6.525	7.0
4084.0	6.531000000000001	7.0
4085.0	6.537999999999999	7.0
4086.0	6.544	7.0
4087.0	6.551	7.0
4088.0	6.558	7.0
4089.0	6.566	7.0
4090.0	6.574	7.0
4091.0	6.586	7.0
4092.0	6.598	7.0
4093.0	6.6129999999999995	7.0
4094.0	6.631	7.0
4095.0	6.647	7.0
4096.0	6.666	7.0
4097.0	6.68	7.0
4098.0	6.692	7.0
4099.0	6.6979999999999995	7.0
4100.0	6.6979999999999995	7.0
4101.0	6.695	7.0
4102.0	6.682	7.0
4103.0	6.669	7.0
4104.0	6.65	7.0
4105.0	6.631	7.0
4106.0	6.612	7.0
4107.0	6.593999999999999	7.0
4108.0	6.581	7.0
4109.0	6.571000000000001	7.0
4110.0	6.562	7.0
4111.0	6.558	7.0
4112.0	6.553	7.0
4113.0	6.553	7.0
4114.0	6.5520000000000005	7.0
4115.0	6.5520000000000005	7.0
4116.0	6.551	7.0
4117.0	6.547999999999999	7.0
4118.0	6.546	7.0
4119.0	6.544	7.0
4120.0	6.54	7.0
4121.0	6.535	7.0
4122.0	6.532	7.0
4123.0	6.528	7.0
4124.0	6.525	7.0
4125.0	6.521	7.0
4126.0	6.519	7.0
4127.0	6.517	7.0
4128.0	6.515	7.0
4129.0	6.515	7.0
4130.0	6.517	7.0
4131.0	6.518	7.0
4132.0	6.52	7.0
4133.0	6.522	7.0
4134.0	6.526	7.0
4135.0	6.529	7.0
4136.0	6.5329999999999995	7.0
4137.0	6.539	7.0
4138.0	6.542000000000001	7.0
4139.0	6.546	7.0
4140.0	6.55	7.0
4141.0	6.5520000000000005	7.0
4142.0	6.553	7.0
4143.0	6.553	7.0
4144.0	6.553999999999999	7.0
4145.0	6.553	7.0
4146.0	6.553	7.0
4147.0	6.551	7.0
4148.0	6.547999999999999	7.0
4149.0	6.546	7.0
4150.0	6.545	7.0
4151.0	6.542000000000001	7.0
4152.0	6.541	7.0
4153.0	6.54	7.0
4154.0	6.54	7.0
4155.0	6.54	7.0
4156.0	6.54	7.0
4157.0	6.54	7.0
4158.0	6.54	7.0
4159.0	6.54	7.0
4160.0	6.541	7.0
4161.0	6.542000000000001	7.0
4162.0	6.542000000000001	7.0
4163.0	6.544	7.0
4164.0	6.544	7.0
4165.0	6.544	7.0
4166.0	6.544	7.0
4167.0	6.544	7.0
4168.0	6.544	7.0
4169.0	6.542000000000001	7.0
4170.0	6.542000000000001	7.0
4171.0	6.542000000000001	7.0
4172.0	6.541	7.0
4173.0	6.541	7.0
4174.0	6.541	7.0
4175.0	6.541	7.0
4176.0	6.541	7.0
4177.0	6.542000000000001	7.0
4178.0	6.542000000000001	7.0
4179.0	6.544	7.0
4180.0	6.544	7.0
4181.0	6.545	7.0
4182.0	6.546	7.0
4183.0	6.546	7.0
4184.0	6.547000000000001	7.0
4185.0	6.547999999999999	7.0
4186.0	6.55	7.0
4187.0	6.551	7.0
4188.0	6.5520000000000005	7.0
4189.0	6.553	7.0
4190.0	6.553999999999999	7.0
4191.0	6.557	7.0
4192.0	6.559	7.0
4193.0	6.56	7.0
4194.0	6.562	7.0
4195.0	6.565	7.0
4196.0	6.566	7.0
4197.0	6.566	7.0
4198.0	6.566	7.0
4199.0	6.566	7.0
4200.0	6.566	7.0
4201.0	6.565	7.0
4202.0	6.562	7.0
4203.0	6.561	7.0
4204.0	6.559	7.0
4205.0	6.559	7.0
4206.0	6.558	7.0
4207.0	6.557	7.0
4208.0	6.557	7.0
4209.0	6.557	7.0
4210.0	6.557	7.0
4211.0	6.555	7.0
4212.0	6.555	7.0
4213.0	6.553999999999999	7.0
4214.0	6.553	7.0
4215.0	6.553	7.0
4216.0	6.553	7.0
4217.0	6.551	7.0
4218.0	6.55	7.0
4219.0	6.547000000000001	7.0
4220.0	6.546	7.0
4221.0	6.545	7.0
4222.0	6.542000000000001	7.0
4223.0	6.541	7.0
4224.0	6.54	7.0
4225.0	6.54	7.0
4226.0	6.54	7.0
4227.0	6.54	7.0
4228.0	6.54	7.0
4229.0	6.541	7.0
4230.0	6.544	7.0
4231.0	6.546	7.0
4232.0	6.547000000000001	7.0
4233.0	6.551	7.0
4234.0	6.553	7.0
4235.0	6.553999999999999	7.0
4236.0	6.557	7.0
4237.0	6.559	7.0
4238.0	6.559	7.0
4239.0	6.56	7.0
4240.0	6.561	7.0
4241.0	6.561	7.0
4242.0	6.561	7.0
4243.0	6.56	7.0
4244.0	6.56	7.0
4245.0	6.56	7.0
4246.0	6.559	7.0
4247.0	6.559	7.0
4248.0	6.559	7.0
4249.0	6.56	7.0
4250.0	6.56	7.0
4251.0	6.56	7.0
4252.0	6.561	7.0
4253.0	6.561	7.0
4254.0	6.562	7.0
4255.0	6.564	7.0
4256.0	6.565	7.0
4257.0	6.565	7.0
4258.0	6.566	7.0
4259.0	6.566	7.0
4260.0	6.566	7.0
4261.0	6.567	7.0
4262.0	6.568	7.0
4263.0	6.57	7.0
4264.0	6.571000000000001	7.0
4265.0	6.572	7.0
4266.0	6.572	7.0
4267.0	6.572	7.0
4268.0	6.572	7.0
4269.0	6.572	7.0
4270.0	6.572	7.0
4271.0	6.572	7.0
4272.0	6.5729999999999995	7.0
4273.0	6.574	7.0
4274.0	6.575	7.0
4275.0	6.577000000000001	7.0
4276.0	6.577000000000001	7.0
4277.0	6.577999999999999	7.0
4278.0	6.577999999999999	7.0
4279.0	6.577999999999999	7.0
4280.0	6.579	7.0
4281.0	6.579	7.0
4282.0	6.579	7.0
4283.0	6.579	7.0
4284.0	6.579	7.0
4285.0	6.579	7.0
4286.0	6.579	7.0
4287.0	6.579	7.0
4288.0	6.579	7.0
4289.0	6.579	7.0
4290.0	6.579	7.0
4291.0	6.579	7.0
4292.0	6.579	7.0
4293.0	6.579	7.0
4294.0	6.58	7.0
4295.0	6.581	7.0
4296.0	6.581	7.0
4297.0	6.582999999999999	7.0
4298.0	6.584	7.0
4299.0	6.584	7.0
4300.0	6.585	7.0
4301.0	6.585	7.0
4302.0	6.586	7.0
4303.0	6.586	7.0
4304.0	6.586	7.0
4305.0	6.586	7.0
4306.0	6.586	7.0
4307.0	6.586	7.0
4308.0	6.586	7.0
4309.0	6.586	7.0
4310.0	6.586	7.0
4311.0	6.586	7.0
4312.0	6.586	7.0
4313.0	6.586	7.0
4314.0	6.586	7.0
4315.0	6.586	7.0
4316.0	6.586	7.0
4317.0	6.586	7.0
4318.0	6.586	7.0
4319.0	6.586	7.0
4320.0	6.586	7.0
4321.0	6.586	7.0
4322.0	6.587000000000001	7.0
4323.0	6.59	7.0
4324.0	6.5920000000000005	7.0
4325.0	6.593999999999999	7.0
4326.0	6.598	7.0
4327.0	6.604	7.0
4328.0	6.61	7.0
4329.0	6.617999999999999	7.0
4330.0	6.629	7.0
4331.0	6.642	7.0
4332.0	6.6579999999999995	7.0
4333.0	6.676	7.0
4334.0	6.697	7.0
4335.0	6.7170000000000005	7.0
4336.0	6.735	7.0
4337.0	6.752000000000001	7.0
4338.0	6.7620000000000005	7.0
4339.0	6.77	7.0
4340.0	6.768	7.0
4341.0	6.763999999999999	7.0
4342.0	6.754	7.0
4343.0	6.739	7.0
4344.0	6.724	7.0
4345.0	6.705	7.0
4346.0	6.689	7.0
4347.0	6.672999999999999	7.0
4348.0	6.659	7.0
4349.0	6.649	7.0
4350.0	6.638	7.0
4351.0	6.63	7.0
4352.0	6.621	7.0
4353.0	6.617000000000001	7.0
4354.0	6.612	7.0
4355.0	6.607	7.0
4356.0	6.605	7.0
4357.0	6.601	7.0
4358.0	6.599	7.0
4359.0	6.598	7.0
4360.0	6.598	7.0
4361.0	6.598	7.0
4362.0	6.598	7.0
4363.0	6.599	7.0
4364.0	6.599	7.0
4365.0	6.6	7.0
4366.0	6.601	7.0
4367.0	6.603	7.0
4368.0	6.603	7.0
4369.0	6.603	7.0
4370.0	6.603	7.0
4371.0	6.604	7.0
4372.0	6.605	7.0
4373.0	6.606	7.0
4374.0	6.608	7.0
4375.0	6.611000000000001	7.0
4376.0	6.6129999999999995	7.0
4377.0	6.6160000000000005	7.0
4378.0	6.617999999999999	7.0
4379.0	6.62	7.0
4380.0	6.624	7.0
4381.0	6.627000000000001	7.0
4382.0	6.632000000000001	7.0
4383.0	6.636	7.0
4384.0	6.638	7.0
4385.0	6.642	7.0
4386.0	6.644	7.0
4387.0	6.645	7.0
4388.0	6.645	7.0
4389.0	6.645	7.0
4390.0	6.64	7.0
4391.0	6.638	7.0
4392.0	6.6339999999999995	7.0
4393.0	6.631	7.0
4394.0	6.627000000000001	7.0
4395.0	6.624	7.0
4396.0	6.621	7.0
4397.0	6.619	7.0
4398.0	6.617999999999999	7.0
4399.0	6.617000000000001	7.0
4400.0	6.6160000000000005	7.0
4401.0	6.617000000000001	7.0
4402.0	6.617000000000001	7.0
4403.0	6.617000000000001	7.0
4404.0	6.617999999999999	7.0
4405.0	6.617999999999999	7.0
4406.0	6.62	7.0
4407.0	6.622999999999999	7.0
4408.0	6.625	7.0
4409.0	6.626	7.0
4410.0	6.629	7.0
4411.0	6.631	7.0
4412.0	6.632000000000001	7.0
4413.0	6.632999999999999	7.0
4414.0	6.6339999999999995	7.0
4415.0	6.6339999999999995	7.0
4416.0	6.6339999999999995	7.0
4417.0	6.6339999999999995	7.0
4418.0	6.632999999999999	7.0
4419.0	6.632000000000001	7.0
4420.0	6.632000000000001	7.0
4421.0	6.632000000000001	7.0
4422.0	6.632000000000001	7.0
4423.0	6.632999999999999	7.0
4424.0	6.6339999999999995	7.0
4425.0	6.6370000000000005	7.0
4426.0	6.638	7.0
4427.0	6.638	7.0
4428.0	6.64	7.0
4429.0	6.642	7.0
4430.0	6.644	7.0
4431.0	6.645	7.0
4432.0	6.645	7.0
4433.0	6.645	7.0
4434.0	6.646	7.0
4435.0	6.646	7.0
4436.0	6.646	7.0
4437.0	6.647	7.0
4438.0	6.646	7.0
4439.0	6.646	7.0
4440.0	6.645	7.0
4441.0	6.645	7.0
4442.0	6.645	7.0
4443.0	6.644	7.0
4444.0	6.644	7.0
4445.0	6.643	7.0
4446.0	6.643	7.0
4447.0	6.644	7.0
4448.0	6.644	7.0
4449.0	6.645	7.0
4450.0	6.645	7.0
4451.0	6.645	7.0
4452.0	6.645	7.0
4453.0	6.646	7.0
4454.0	6.647	7.0
4455.0	6.649	7.0
4456.0	6.651	7.0
4457.0	6.653	7.0
4458.0	6.656000000000001	7.0
4459.0	6.66	7.0
4460.0	6.665	7.0
4461.0	6.671	7.0
4462.0	6.68	7.0
4463.0	6.691	7.0
4464.0	6.702999999999999	7.0
4465.0	6.715	7.0
4466.0	6.725	7.0
4467.0	6.737	7.0
4468.0	6.742999999999999	7.0
4469.0	6.75	7.0
4470.0	6.752000000000001	7.0
4471.0	6.752000000000001	7.0
4472.0	6.749	7.0
4473.0	6.742999999999999	7.0
4474.0	6.735	7.0
4475.0	6.725	7.0
4476.0	6.7170000000000005	7.0
4477.0	6.707999999999999	7.0
4478.0	6.6979999999999995	7.0
4479.0	6.692	7.0
4480.0	6.686	7.0
4481.0	6.682	7.0
4482.0	6.678	7.0
4483.0	6.675	7.0
4484.0	6.672000000000001	7.0
4485.0	6.671	7.0
4486.0	6.67	7.0
4487.0	6.669	7.0
4488.0	6.669	7.0
4489.0	6.667000000000001	7.0
4490.0	6.667000000000001	7.0
4491.0	6.666	7.0
4492.0	6.666	7.0
4493.0	6.666	7.0
4494.0	6.666	7.0
4495.0	6.666	7.0
4496.0	6.666	7.0
4497.0	6.666	7.0
4498.0	6.667000000000001	7.0
4499.0	6.667000000000001	7.0
4500.0	6.67	7.0
4501.0	6.671	7.0
4502.0	6.672999999999999	7.0
4503.0	6.676	7.0
4504.0	6.678	7.0
4505.0	6.682	7.0
4506.0	6.684	7.0
4507.0	6.689	7.0
4508.0	6.692	7.0
4509.0	6.696000000000001	7.0
4510.0	6.6979999999999995	7.0
4511.0	6.7	7.0
4512.0	6.702000000000001	7.0
4513.0	6.702999999999999	7.0
4514.0	6.702999999999999	7.0
4515.0	6.702999999999999	7.0
4516.0	6.702000000000001	7.0
4517.0	6.699	7.0
4518.0	6.697	7.0
4519.0	6.697	7.0
4520.0	6.695	7.0
4521.0	6.692	7.0
4522.0	6.691	7.0
4523.0	6.691	7.0
4524.0	6.69	7.0
4525.0	6.689	7.0
4526.0	6.689	7.0
4527.0	6.689	7.0
4528.0	6.689	7.0
4529.0	6.689	7.0
4530.0	6.69	7.0
4531.0	6.691	7.0
4532.0	6.692	7.0
4533.0	6.696000000000001	7.0
4534.0	6.6979999999999995	7.0
4535.0	6.702999999999999	7.0
4536.0	6.705	7.0
4537.0	6.71	7.0
4538.0	6.712000000000001	7.0
4539.0	6.716	7.0
4540.0	6.7170000000000005	7.0
4541.0	6.718999999999999	7.0
4542.0	6.718	7.0
4543.0	6.718	7.0
4544.0	6.7170000000000005	7.0
4545.0	6.716	7.0
4546.0	6.712999999999999	7.0
4547.0	6.711	7.0
4548.0	6.71	7.0
4549.0	6.707999999999999	7.0
4550.0	6.705	7.0
4551.0	6.704	7.0
4552.0	6.702000000000001	7.0
4553.0	6.7	7.0
4554.0	6.6979999999999995	7.0
4555.0	6.6979999999999995	7.0
4556.0	6.697	7.0
4557.0	6.697	7.0
4558.0	6.697	7.0
4559.0	6.697	7.0
4560.0	6.6979999999999995	7.0
4561.0	6.6979999999999995	7.0
4562.0	6.699	7.0
4563.0	6.702000000000001	7.0
4564.0	6.702999999999999	7.0
4565.0	6.704	7.0
4566.0	6.705	7.0
4567.0	6.706	7.0
4568.0	6.707999999999999	7.0
4569.0	6.707999999999999	7.0
4570.0	6.707999999999999	7.0
4571.0	6.707999999999999	7.0
4572.0	6.706	7.0
4573.0	6.706	7.0
4574.0	6.705	7.0
4575.0	6.704	7.0
4576.0	6.704	7.0
4577.0	6.702999999999999	7.0
4578.0	6.702000000000001	7.0
4579.0	6.7	7.0
4580.0	6.699	7.0
4581.0	6.699	7.0
4582.0	6.699	7.0
4583.0	6.699	7.0
4584.0	6.7	7.0
4585.0	6.702000000000001	7.0
4586.0	6.702999999999999	7.0
4587.0	6.704	7.0
4588.0	6.705	7.0
4589.0	6.707999999999999	7.0
4590.0	6.709	7.0
4591.0	6.711	7.0
4592.0	6.711	7.0
4593.0	6.712999999999999	7.0
4594.0	6.712999999999999	7.0
4595.0	6.715	7.0
4596.0	6.715	7.0
4597.0	6.715	7.0
4598.0	6.715	7.0
4599.0	6.716	7.0
4600.0	6.7170000000000005	7.0
4601.0	6.721	7.0
4602.0	6.721	7.0
4603.0	6.722	7.0
4604.0	6.723	7.0
4605.0	6.723	7.0
4606.0	6.724	7.0
4607.0	6.723	7.0
4608.0	6.723	7.0
4609.0	6.722	7.0
4610.0	6.721	7.0
4611.0	6.721	7.0
4612.0	6.722	7.0
4613.0	6.721	7.0
4614.0	6.721	7.0
4615.0	6.721	7.0
4616.0	6.722	7.0
4617.0	6.723	7.0
4618.0	6.723	7.0
4619.0	6.724	7.0
4620.0	6.724	7.0
4621.0	6.724	7.0
4622.0	6.725	7.0
4623.0	6.726	7.0
4624.0	6.728	7.0
4625.0	6.73	7.0
4626.0	6.732	7.0
4627.0	6.736000000000001	7.0
4628.0	6.7379999999999995	7.0
4629.0	6.742000000000001	7.0
4630.0	6.745	7.0
4631.0	6.749	7.0
4632.0	6.751	7.0
4633.0	6.754	7.0
4634.0	6.757000000000001	7.0
4635.0	6.7589999999999995	7.0
4636.0	6.763	7.0
4637.0	6.768	7.0
4638.0	6.771	7.0
4639.0	6.776	7.0
4640.0	6.782	7.0
4641.0	6.787999999999999	7.0
4642.0	6.794	7.0
4643.0	6.8	7.0
4644.0	6.803	7.0
4645.0	6.808	7.0
4646.0	6.809	7.0
4647.0	6.811	7.0
4648.0	6.81	7.0
4649.0	6.81	7.0
4650.0	6.805	7.0
4651.0	6.801	7.0
4652.0	6.795	7.0
4653.0	6.787999999999999	7.0
4654.0	6.781000000000001	7.0
4655.0	6.774	7.0
4656.0	6.768	7.0
4657.0	6.763	7.0
4658.0	6.757999999999999	7.0
4659.0	6.756	7.0
4660.0	6.752000000000001	7.0
4661.0	6.751	7.0
4662.0	6.75	7.0
4663.0	6.75	7.0
4664.0	6.75	7.0
4665.0	6.75	7.0
4666.0	6.75	7.0
4667.0	6.75	7.0
4668.0	6.751	7.0
4669.0	6.755	7.0
4670.0	6.757000000000001	7.0
4671.0	6.7589999999999995	7.0
4672.0	6.761	7.0
4673.0	6.7620000000000005	7.0
4674.0	6.761	7.0
4675.0	6.7589999999999995	7.0
4676.0	6.763	7.0
4677.0	6.765	7.0
4678.0	6.771	7.0
4679.0	6.777	7.0
4680.0	6.7829999999999995	7.0
4681.0	6.789	7.0
4682.0	6.792000000000001	7.0
4683.0	6.795	7.0
4684.0	6.796	7.0
4685.0	6.795	7.0
4686.0	6.792000000000001	7.0
4687.0	6.789	7.0
4688.0	6.7829999999999995	7.0
4689.0	6.777	7.0
4690.0	6.772	7.0
4691.0	6.77	7.0
4692.0	6.768	7.0
4693.0	6.765	7.0
4694.0	6.763999999999999	7.0
4695.0	6.763	7.0
4696.0	6.763	7.0
4697.0	6.7620000000000005	7.0
4698.0	6.7620000000000005	7.0
4699.0	6.761	7.0
4700.0	6.763999999999999	7.0
4702.0	6.77	13.0
4704.0	6.77	13.0
4706.0	6.77	13.0
4708.0	6.771	13.0
4710.0	6.772	13.0
4712.0	6.772	13.0
4714.0	6.774	13.0
4716.0	6.772	13.0
4718.0	6.772	13.0
4720.0	6.771	13.0
4722.0	6.77	13.0
4724.0	6.77	13.0
4726.0	6.769	13.0
4728.0	6.767	13.0
4730.0	6.765	13.0
4732.0	6.763999999999999	13.0
4734.0	6.763	13.0
4736.0	6.7620000000000005	13.0
4738.0	6.761	13.0
4740.0	6.761	13.0
4742.0	6.761	13.0
4744.0	6.761	13.0
4746.0	6.761	13.0
4748.0	6.761	13.0
4750.0	6.7620000000000005	13.0
4752.0	6.7620000000000005	13.0
4754.0	6.7620000000000005	13.0
4756.0	6.7620000000000005	13.0
4758.0	6.7620000000000005	13.0
4760.0	6.761	13.0
4762.0	6.7620000000000005	13.0
4764.0	6.763	13.0
4766.0	6.763	13.0
4768.0	6.763	13.0
4770.0	6.765	13.0
4772.0	6.767	13.0
4774.0	6.768	13.0
4776.0	6.769	13.0
4778.0	6.77	13.0
4780.0	6.771	13.0
4782.0	6.772	13.0
4784.0	6.772	13.0
4786.0	6.774	13.0
4788.0	6.775	13.0
4790.0	6.775	13.0
4792.0	6.776	13.0
4794.0	6.776	13.0
4796.0	6.776	13.0
4798.0	6.776	13.0
4800.0	6.776	13.0
4802.0	6.776	13.0
4804.0	6.776	13.0
4806.0	6.777	13.0
4808.0	6.777	13.0
4810.0	6.778	13.0
4812.0	6.779	13.0
4814.0	6.781000000000001	13.0
4816.0	6.782	13.0
4818.0	6.7829999999999995	13.0
4820.0	6.7829999999999995	13.0
4822.0	6.784	13.0
4824.0	6.784	13.0
4826.0	6.784	13.0
4828.0	6.7829999999999995	13.0
4830.0	6.7829999999999995	13.0
4832.0	6.7829999999999995	13.0
4834.0	6.7829999999999995	13.0
4836.0	6.7829999999999995	13.0
4838.0	6.7829999999999995	13.0
4840.0	6.7829999999999995	13.0
4842.0	6.787000000000001	13.0
4844.0	6.79	13.0
4846.0	6.795	13.0
4848.0	6.8020000000000005	13.0
4850.0	6.809	13.0
4852.0	6.817	13.0
4854.0	6.829	13.0
4856.0	6.837999999999999	13.0
4858.0	6.849	13.0
4860.0	6.857	13.0
4862.0	6.867000000000001	13.0
4864.0	6.871	13.0
4866.0	6.871	13.0
4868.0	6.872999999999999	13.0
4870.0	6.867999999999999	13.0
4872.0	6.86	13.0
4874.0	6.851	13.0
4876.0	6.8420000000000005	13.0
4878.0	6.831	13.0
4880.0	6.821000000000001	13.0
4882.0	6.812	13.0
4884.0	6.808	13.0
4886.0	6.803	13.0
4888.0	6.8	13.0
4890.0	6.8	13.0
4892.0	6.801	13.0
4894.0	6.8020000000000005	13.0
4896.0	6.803	13.0
4898.0	6.805	13.0
4900.0	6.808	13.0
4902.0	6.81	13.0
4904.0	6.812	13.0
4906.0	6.816	13.0
4908.0	6.817	13.0
4910.0	6.821000000000001	13.0
4912.0	6.8229999999999995	13.0
4914.0	6.827000000000001	13.0
4916.0	6.829	13.0
4918.0	6.832999999999999	13.0
4920.0	6.836	13.0
4922.0	6.837999999999999	13.0
4924.0	6.841	13.0
4926.0	6.8420000000000005	13.0
4928.0	6.843	13.0
4930.0	6.843	13.0
4932.0	6.8420000000000005	13.0
4934.0	6.841	13.0
4936.0	6.837999999999999	13.0
4938.0	6.836	13.0
4940.0	6.832999999999999	13.0
4942.0	6.83	13.0
4944.0	6.829	13.0
4946.0	6.827000000000001	13.0
4948.0	6.824	13.0
4950.0	6.8229999999999995	13.0
4952.0	6.8229999999999995	13.0
4954.0	6.822	13.0
4956.0	6.822	13.0
4958.0	6.822	13.0
4960.0	6.8229999999999995	13.0
4962.0	6.824	13.0
4964.0	6.825	13.0
4966.0	6.827000000000001	13.0
4968.0	6.827999999999999	13.0
4970.0	6.829	13.0
4972.0	6.829	13.0
4974.0	6.83	13.0
4976.0	6.831	13.0
4978.0	6.832999999999999	13.0
4980.0	6.834	13.0
4982.0	6.835	13.0
4984.0	6.835	13.0
4986.0	6.836	13.0
4988.0	6.836	13.0
4990.0	6.836	13.0
4992.0	6.837000000000001	13.0
4994.0	6.837000000000001	13.0
4996.0	6.84	13.0
4998.0	6.8420000000000005	13.0
5000.0	6.843	13.0
5002.0	6.843999999999999	13.0
5004.0	6.847	13.0
5006.0	6.849	13.0
5008.0	6.851	13.0
5010.0	6.854	13.0
5012.0	6.855	13.0
5014.0	6.857	13.0
5016.0	6.861000000000001	13.0
5018.0	6.862	13.0
5020.0	6.864	13.0
5022.0	6.864	13.0
5024.0	6.8660000000000005	13.0
5026.0	6.8660000000000005	13.0
5028.0	6.864	13.0
5030.0	6.864	13.0
5032.0	6.8629999999999995	13.0
5034.0	6.862	13.0
5036.0	6.862	13.0
5038.0	6.862	13.0
5040.0	6.8629999999999995	13.0
5042.0	6.864	13.0
5044.0	6.8660000000000005	13.0
5046.0	6.867999999999999	13.0
5048.0	6.867999999999999	13.0
5050.0	6.87	13.0
5052.0	6.871	13.0
5054.0	6.872999999999999	13.0
5056.0	6.872999999999999	13.0
5058.0	6.872999999999999	13.0
5060.0	6.872999999999999	13.0
5062.0	6.872999999999999	13.0
5064.0	6.872999999999999	13.0
5066.0	6.872999999999999	13.0
5068.0	6.872999999999999	13.0
5070.0	6.872999999999999	13.0
5072.0	6.871	13.0
5074.0	6.871	13.0
5076.0	6.872999999999999	13.0
5078.0	6.872999999999999	13.0
5080.0	6.874	13.0
5082.0	6.874	13.0
5084.0	6.875	13.0
5086.0	6.875	13.0
5088.0	6.875	13.0
5090.0	6.875	13.0
5092.0	6.876	13.0
5094.0	6.877000000000001	13.0
5096.0	6.879	13.0
5098.0	6.88	13.0
5100.0	6.881	13.0
5102.0	6.882000000000001	13.0
5104.0	6.882000000000001	13.0
5106.0	6.882000000000001	13.0
5108.0	6.882000000000001	13.0
5110.0	6.882999999999999	13.0
5112.0	6.882999999999999	13.0
5114.0	6.8839999999999995	13.0
5116.0	6.8839999999999995	13.0
5118.0	6.886	13.0
5120.0	6.886	13.0
5122.0	6.8870000000000005	13.0
5124.0	6.8870000000000005	13.0
5126.0	6.8870000000000005	13.0
5128.0	6.888	13.0
5130.0	6.888	13.0
5132.0	6.888	13.0
5134.0	6.888999999999999	13.0
5136.0	6.888999999999999	13.0
5138.0	6.888999999999999	13.0
5140.0	6.89	13.0
5142.0	6.89	13.0
5144.0	6.892	13.0
5146.0	6.892	13.0
5148.0	6.892	13.0
5150.0	6.893	13.0
5152.0	6.893	13.0
5154.0	6.894	13.0
5156.0	6.894	13.0
5158.0	6.895	13.0
5160.0	6.895	13.0
5162.0	6.896	13.0
5164.0	6.897	13.0
5166.0	6.897	13.0
5168.0	6.898	13.0
5170.0	6.898	13.0
5172.0	6.899	13.0
5174.0	6.899	13.0
5176.0	6.9	13.0
5178.0	6.901	13.0
5180.0	6.901	13.0
5182.0	6.902	13.0
5184.0	6.902	13.0
5186.0	6.903	13.0
5188.0	6.904	13.0
5190.0	6.904	13.0
5192.0	6.905	13.0
5194.0	6.905	13.0
5196.0	6.906000000000001	13.0
5198.0	6.907	13.0
5200.0	6.907	13.0
5202.0	6.9079999999999995	13.0
5204.0	6.909	13.0
5206.0	6.909	13.0
5208.0	6.91	13.0
5210.0	6.9110000000000005	13.0
5212.0	6.912000000000001	13.0
5214.0	6.912000000000001	13.0
5216.0	6.912999999999999	13.0
5218.0	6.914	13.0
5220.0	6.915	13.0
5222.0	6.915	13.0
5224.0	6.915	13.0
5226.0	6.916	13.0
5228.0	6.917000000000001	13.0
5230.0	6.917000000000001	13.0
5232.0	6.919	13.0
5234.0	6.919	13.0
5236.0	6.92	13.0
5238.0	6.921	13.0
5240.0	6.921	13.0
5242.0	6.922000000000001	13.0
5244.0	6.922999999999999	13.0
5246.0	6.925	13.0
5248.0	6.926	13.0
5250.0	6.926	13.0
5252.0	6.926	13.0
5254.0	6.9270000000000005	13.0
5256.0	6.9270000000000005	13.0
5258.0	6.9270000000000005	13.0
5260.0	6.928	13.0
5262.0	6.9270000000000005	13.0
5264.0	6.9270000000000005	13.0
5266.0	6.9270000000000005	13.0
5268.0	6.928	13.0
5270.0	6.928	13.0
5272.0	6.928	13.0
5274.0	6.928	13.0
5276.0	6.928999999999999	13.0
5278.0	6.93	13.0
5280.0	6.932	13.0
5282.0	6.933	13.0
5284.0	6.934	13.0
5286.0	6.935	13.0
5288.0	6.937	13.0
5290.0	6.939	13.0
5292.0	6.941	13.0
5294.0	6.941	13.0
5296.0	6.942	13.0
5298.0	6.943	13.0
5300.0	6.945	13.0
5302.0	6.946000000000001	13.0
5304.0	6.947	13.0
5306.0	6.947	13.0
5308.0	6.947	13.0
5310.0	6.947	13.0
5312.0	6.947	13.0
5314.0	6.947	13.0
5316.0	6.947	13.0
5318.0	6.947	13.0
5320.0	6.947	13.0
5322.0	6.9479999999999995	13.0
5324.0	6.9479999999999995	13.0
5326.0	6.9479999999999995	13.0
5328.0	6.949	13.0
5330.0	6.949	13.0
5332.0	6.95	13.0
5334.0	6.952000000000001	13.0
5336.0	6.952999999999999	13.0
5338.0	6.954	13.0
5340.0	6.954	13.0
5342.0	6.955	13.0
5344.0	6.956	13.0
5346.0	6.957999999999999	13.0
5348.0	6.959	13.0
5350.0	6.96	13.0
5352.0	6.961	13.0
5354.0	6.961	13.0
5356.0	6.962000000000001	13.0
5358.0	6.962999999999999	13.0
5360.0	6.962999999999999	13.0
5362.0	6.965	13.0
5364.0	6.965	13.0
5366.0	6.966	13.0
5368.0	6.966	13.0
5370.0	6.9670000000000005	13.0
5372.0	6.9670000000000005	13.0
5374.0	6.9670000000000005	13.0
5376.0	6.968	13.0
5378.0	6.968	13.0
5380.0	6.968999999999999	13.0
5382.0	6.968999999999999	13.0
5384.0	6.971	13.0
5386.0	6.972	13.0
5388.0	6.972	13.0
5390.0	6.973	13.0
5392.0	6.974	13.0
5394.0	6.974	13.0
5396.0	6.976	13.0
5398.0	6.978	13.0
5400.0	6.98	13.0
5402.0	6.982	13.0
5404.0	6.985	13.0
5406.0	6.987	13.0
5408.0	6.9879999999999995	13.0
5410.0	6.9910000000000005	13.0
5412.0	6.992000000000001	13.0
5414.0	6.992999999999999	13.0
5416.0	6.994	13.0
5418.0	6.994	13.0
5420.0	6.994	13.0
5422.0	6.994	13.0
5424.0	6.992999999999999	13.0
5426.0	6.992999999999999	13.0
5428.0	6.9910000000000005	13.0
5430.0	6.989	13.0
5432.0	6.9879999999999995	13.0
5434.0	6.987	13.0
5436.0	6.987	13.0
5438.0	6.986000000000001	13.0
5440.0	6.985	13.0
5442.0	6.986000000000001	13.0
5444.0	6.986000000000001	13.0
5446.0	6.986000000000001	13.0
5448.0	6.987	13.0
5450.0	6.987	13.0
5452.0	6.9879999999999995	13.0
5454.0	6.989	13.0
5456.0	6.9910000000000005	13.0
5458.0	6.992000000000001	13.0
5460.0	6.992999999999999	13.0
5462.0	6.992999999999999	13.0
5464.0	6.994	13.0
5466.0	6.995	13.0
5468.0	6.996	13.0
5470.0	6.997999999999999	13.0
5472.0	6.999	13.0
5474.0	7.0	13.0
5476.0	7.0	13.0
5478.0	7.001	13.0
5480.0	7.002000000000001	13.0
5482.0	7.004	13.0
5484.0	7.004	13.0
5486.0	7.005	13.0
5488.0	7.005	13.0
5490.0	7.005	13.0
5492.0	7.006	13.0
5494.0	7.006	13.0
5496.0	7.007000000000001	13.0
5498.0	7.007000000000001	13.0
5500.0	7.007000000000001	13.0
5502.0	7.007999999999999	13.0
5504.0	7.007999999999999	13.0
5506.0	7.0089999999999995	13.0
5508.0	7.0089999999999995	13.0
5510.0	7.011	13.0
5512.0	7.011	13.0
5514.0	7.0120000000000005	13.0
5516.0	7.0120000000000005	13.0
5518.0	7.013	13.0
5520.0	7.013	13.0
5522.0	7.013	13.0
5524.0	7.013	13.0
5526.0	7.013	13.0
5528.0	7.013999999999999	13.0
5530.0	7.013999999999999	13.0
5532.0	7.013999999999999	13.0
5534.0	7.013999999999999	13.0
5536.0	7.013999999999999	13.0
5538.0	7.015	13.0
5540.0	7.015	13.0
5542.0	7.017	13.0
5544.0	7.018	13.0
5546.0	7.019	13.0
5548.0	7.02	13.0
5550.0	7.021	13.0
5552.0	7.022	13.0
5554.0	7.024	13.0
5556.0	7.024	13.0
5558.0	7.025	13.0
5560.0	7.026	13.0
5562.0	7.026	13.0
5564.0	7.026	13.0
5566.0	7.026	13.0
5568.0	7.027	13.0
5570.0	7.027	13.0
5572.0	7.028	13.0
5574.0	7.028	13.0
5576.0	7.028	13.0
5578.0	7.029	13.0
5580.0	7.029	13.0
5582.0	7.031000000000001	13.0
5584.0	7.032	13.0
5586.0	7.0329999999999995	13.0
5588.0	7.0329999999999995	13.0
5590.0	7.034	13.0
5592.0	7.035	13.0
5594.0	7.037000000000001	13.0
5596.0	7.037999999999999	13.0
5598.0	7.037999999999999	13.0
5600.0	7.039	13.0
5602.0	7.039	13.0
5604.0	7.039	13.0
5606.0	7.039	13.0
5608.0	7.039	13.0
5610.0	7.039	13.0
5612.0	7.04	13.0
5614.0	7.04	13.0
5616.0	7.04	13.0
5618.0	7.04	13.0
5620.0	7.04	13.0
5622.0	7.041	13.0
5624.0	7.042000000000001	13.0
5626.0	7.042000000000001	13.0
5628.0	7.044	13.0
5630.0	7.044	13.0
5632.0	7.045	13.0
5634.0	7.045	13.0
5636.0	7.046	13.0
5638.0	7.046	13.0
5640.0	7.047000000000001	13.0
5642.0	7.047000000000001	13.0
5644.0	7.047999999999999	13.0
5646.0	7.05	13.0
5648.0	7.05	13.0
5650.0	7.051	13.0
5652.0	7.051	13.0
5654.0	7.0520000000000005	13.0
5656.0	7.0520000000000005	13.0
5658.0	7.053	13.0
5660.0	7.053	13.0
5662.0	7.053	13.0
5664.0	7.053999999999999	13.0
5666.0	7.055	13.0
5668.0	7.057	13.0
5670.0	7.057	13.0
5672.0	7.058	13.0
5674.0	7.058	13.0
5676.0	7.059	13.0
5678.0	7.059	13.0
5680.0	7.059	13.0
5682.0	7.059	13.0
5684.0	7.06	13.0
5686.0	7.06	13.0
5688.0	7.06	13.0
5690.0	7.061	13.0
5692.0	7.061	13.0
5694.0	7.061	13.0
5696.0	7.061	13.0
5698.0	7.061	13.0
5700.0	7.061	13.0
5702.0	7.061	13.0
5704.0	7.061	13.0
5706.0	7.062	13.0
5708.0	7.062	13.0
5710.0	7.064	13.0
5712.0	7.065	13.0
5714.0	7.066	13.0
5716.0	7.066	13.0
5718.0	7.067	13.0
5720.0	7.067	13.0
5722.0	7.068	13.0
5724.0	7.07	13.0
5726.0	7.071000000000001	13.0
5728.0	7.072	13.0
5730.0	7.072	13.0
5732.0	7.072	13.0
5734.0	7.0729999999999995	13.0
5736.0	7.074	13.0
5738.0	7.074	13.0
5740.0	7.075	13.0
5742.0	7.075	13.0
5744.0	7.077000000000001	13.0
5746.0	7.077000000000001	13.0
5748.0	7.077999999999999	13.0
5750.0	7.077999999999999	13.0
5752.0	7.077999999999999	13.0
5754.0	7.079	13.0
5756.0	7.079	13.0
5758.0	7.079	13.0
5760.0	7.08	13.0
5762.0	7.081	13.0
5764.0	7.082999999999999	13.0
5766.0	7.082999999999999	13.0
5768.0	7.084	13.0
5770.0	7.085	13.0
5772.0	7.085	13.0
5774.0	7.086	13.0
5776.0	7.086	13.0
5778.0	7.086	13.0
5780.0	7.086	13.0
5782.0	7.087000000000001	13.0
5784.0	7.087999999999999	13.0
5786.0	7.09	13.0
5788.0	7.091	13.0
5790.0	7.0920000000000005	13.0
5792.0	7.093	13.0
5794.0	7.093999999999999	13.0
5796.0	7.097	13.0
5798.0	7.098	13.0
5800.0	7.099	13.0
5802.0	7.1	13.0
5804.0	7.101	13.0
5806.0	7.101	13.0
5808.0	7.103	13.0
5810.0	7.104	13.0
5812.0	7.104	13.0
5814.0	7.104	13.0
5816.0	7.104	13.0
5818.0	7.104	13.0
5820.0	7.104	13.0
5822.0	7.104	13.0
5824.0	7.105	13.0
5826.0	7.105	13.0
5828.0	7.105	13.0
5830.0	7.106	13.0
5832.0	7.106	13.0
5834.0	7.107	13.0
5836.0	7.108	13.0
5838.0	7.108	13.0
5840.0	7.11	13.0
5842.0	7.11	13.0
5844.0	7.111000000000001	13.0
5846.0	7.111000000000001	13.0
5848.0	7.112	13.0
5850.0	7.112	13.0
5852.0	7.1129999999999995	13.0
5854.0	7.114	13.0
5856.0	7.117000000000001	13.0
5858.0	7.119	13.0
5860.0	7.124	13.0
5862.0	7.127000000000001	13.0
5864.0	7.132999999999999	13.0
5866.0	7.14	13.0
5868.0	7.147	13.0
5870.0	7.156000000000001	13.0
5872.0	7.164	13.0
5874.0	7.172000000000001	13.0
5876.0	7.178	13.0
5878.0	7.182	13.0
5880.0	7.186	13.0
5882.0	7.184	13.0
5884.0	7.182	13.0
5886.0	7.178	13.0
5888.0	7.172000000000001	13.0
5890.0	7.165	13.0
5892.0	7.159	13.0
5894.0	7.153	13.0
5896.0	7.147	13.0
5898.0	7.142	13.0
5900.0	7.138	13.0
5902.0	7.136	13.0
5904.0	7.132000000000001	13.0
5906.0	7.132000000000001	13.0
5908.0	7.131	13.0
5910.0	7.13	13.0
5912.0	7.129	13.0
5914.0	7.129	13.0
5916.0	7.127000000000001	13.0
5918.0	7.127000000000001	13.0
5920.0	7.127000000000001	13.0
5922.0	7.127000000000001	13.0
5924.0	7.127000000000001	13.0
5926.0	7.127000000000001	13.0
5928.0	7.127000000000001	13.0
5930.0	7.129	13.0
5932.0	7.13	13.0
5934.0	7.13	13.0
5936.0	7.131	13.0
5938.0	7.132000000000001	13.0
5940.0	7.132000000000001	13.0
5942.0	7.132999999999999	13.0
5944.0	7.132999999999999	13.0
5946.0	7.1339999999999995	13.0
5948.0	7.1339999999999995	13.0
5950.0	7.136	13.0
5952.0	7.136	13.0
5954.0	7.1370000000000005	13.0
5956.0	7.1370000000000005	13.0
5958.0	7.1370000000000005	13.0
5960.0	7.138	13.0
5962.0	7.138	13.0
5964.0	7.138999999999999	13.0
5966.0	7.138999999999999	13.0
5968.0	7.14	13.0
5970.0	7.142	13.0
5972.0	7.142	13.0
5974.0	7.143	13.0
5976.0	7.144	13.0
5978.0	7.145	13.0
5980.0	7.145	13.0
5982.0	7.145	13.0
5984.0	7.146	13.0
5986.0	7.146	13.0
5988.0	7.147	13.0
5990.0	7.147	13.0
5992.0	7.147	13.0
5994.0	7.147	13.0
5996.0	7.147	13.0
5998.0	7.149	13.0
6000.0	7.149	13.0
6002.0	7.149	13.0
6004.0	7.15	13.0
6006.0	7.151	13.0
6008.0	7.151	13.0
6010.0	7.151	13.0
6012.0	7.152	13.0
6014.0	7.153	13.0
6016.0	7.154	13.0
6018.0	7.154	13.0
6020.0	7.156000000000001	13.0
6022.0	7.156000000000001	13.0
6024.0	7.157	13.0
6026.0	7.157	13.0
6028.0	7.1579999999999995	13.0
6030.0	7.1579999999999995	13.0
6032.0	7.1579999999999995	13.0
6034.0	7.1579999999999995	13.0
6036.0	7.1579999999999995	13.0
6038.0	7.1579999999999995	13.0
6040.0	7.1579999999999995	13.0
6042.0	7.1579999999999995	13.0
6044.0	7.1579999999999995	13.0
6046.0	7.159	13.0
6048.0	7.159	13.0
6050.0	7.16	13.0
6052.0	7.162000000000001	13.0
6054.0	7.162999999999999	13.0
6056.0	7.164	13.0
6058.0	7.165	13.0
6060.0	7.165	13.0
6062.0	7.166	13.0
6064.0	7.167000000000001	13.0
6066.0	7.167000000000001	13.0
6068.0	7.169	13.0
6070.0	7.17	13.0
6072.0	7.17	13.0
6074.0	7.171	13.0
6076.0	7.171	13.0
6078.0	7.171	13.0
6080.0	7.171	13.0
6082.0	7.171	13.0
6084.0	7.172000000000001	13.0
6086.0	7.172000000000001	13.0
6088.0	7.172999999999999	13.0
6090.0	7.175	13.0
6092.0	7.1770000000000005	13.0
6094.0	7.1770000000000005	13.0
6096.0	7.1770000000000005	13.0
6098.0	7.1770000000000005	13.0
6100.0	7.178	13.0
6102.0	7.178	13.0
6104.0	7.178	13.0
6106.0	7.178999999999999	13.0
6108.0	7.178999999999999	13.0
6110.0	7.18	13.0
6112.0	7.18	13.0
6114.0	7.182	13.0
6116.0	7.183	13.0
6118.0	7.183	13.0
6120.0	7.183	13.0
6122.0	7.183	13.0
6124.0	7.183	13.0
6126.0	7.183	13.0
6128.0	7.183	13.0
6130.0	7.184	13.0
6132.0	7.184	13.0
6134.0	7.184	13.0
6136.0	7.185	13.0
6138.0	7.185	13.0
6140.0	7.186	13.0
6142.0	7.187	13.0
6144.0	7.187	13.0
6146.0	7.189	13.0
6148.0	7.19	13.0
6150.0	7.19	13.0
6152.0	7.191	13.0
6154.0	7.191	13.0
6156.0	7.191	13.0
6158.0	7.191	13.0
6160.0	7.192	13.0
6162.0	7.192	13.0
6164.0	7.193	13.0
6166.0	7.195	13.0
6168.0	7.195	13.0
6170.0	7.196000000000001	13.0
6172.0	7.197	13.0
6174.0	7.197	13.0
6176.0	7.1979999999999995	13.0
6178.0	7.199	13.0
6180.0	7.2	13.0
6182.0	7.202000000000001	13.0
6184.0	7.202999999999999	13.0
6186.0	7.202999999999999	13.0
6188.0	7.204	13.0
6190.0	7.204	13.0
6192.0	7.204	13.0
6194.0	7.204	13.0
6196.0	7.204	13.0
6198.0	7.204	13.0
6200.0	7.204	13.0
6202.0	7.204	13.0
6204.0	7.205	13.0
6206.0	7.205	13.0
6208.0	7.205	13.0
6210.0	7.207999999999999	13.0
6212.0	7.209	13.0
6214.0	7.211	13.0
6216.0	7.211	13.0
6218.0	7.212999999999999	13.0
6220.0	7.215	13.0
6222.0	7.2170000000000005	13.0
6224.0	7.2170000000000005	13.0
6226.0	7.218	13.0
6228.0	7.218999999999999	13.0
6230.0	7.221	13.0
6232.0	7.221	13.0
6234.0	7.222	13.0
6236.0	7.222	13.0
6238.0	7.223	13.0
6240.0	7.223	13.0
6242.0	7.223	13.0
6244.0	7.223	13.0
6246.0	7.223	13.0
6248.0	7.223	13.0
6250.0	7.224	13.0
6252.0	7.224	13.0
6254.0	7.224	13.0
6256.0	7.224	13.0
6258.0	7.224	13.0
6260.0	7.224	13.0
6262.0	7.224	13.0
6264.0	7.224	13.0
6266.0	7.224	13.0
6268.0	7.225	13.0
6270.0	7.226	13.0
6272.0	7.228	13.0
6274.0	7.229	13.0
6276.0	7.23	13.0
6278.0	7.23	13.0
6280.0	7.231	13.0
6282.0	7.232	13.0
6284.0	7.233	13.0
6286.0	7.233	13.0
6288.0	7.235	13.0
6290.0	7.235	13.0
6292.0	7.236000000000001	13.0
6294.0	7.237	13.0
6296.0	7.237	13.0
6298.0	7.237	13.0
6300.0	7.239	13.0
6302.0	7.2410000000000005	13.0
6304.0	7.242000000000001	13.0
6306.0	7.242999999999999	13.0
6308.0	7.242999999999999	13.0
6310.0	7.244	13.0
6312.0	7.245	13.0
6314.0	7.246	13.0
6316.0	7.247999999999999	13.0
6318.0	7.249	13.0
6320.0	7.25	13.0
6322.0	7.25	13.0
6324.0	7.25	13.0
6326.0	7.25	13.0
6328.0	7.25	13.0
6330.0	7.251	13.0
6332.0	7.251	13.0
6334.0	7.251	13.0
6336.0	7.251	13.0
6338.0	7.252000000000001	13.0
6340.0	7.252000000000001	13.0
6342.0	7.252000000000001	13.0
6344.0	7.254	13.0
6346.0	7.255	13.0
6348.0	7.255	13.0
6350.0	7.256	13.0
6352.0	7.257000000000001	13.0
6354.0	7.257000000000001	13.0
6356.0	7.257999999999999	13.0
6358.0	7.257999999999999	13.0
6360.0	7.2589999999999995	13.0
6362.0	7.261	13.0
6364.0	7.261	13.0
6366.0	7.2620000000000005	13.0
6368.0	7.2620000000000005	13.0
6370.0	7.2620000000000005	13.0
6372.0	7.2620000000000005	13.0
6374.0	7.263	13.0
6376.0	7.263	13.0
6378.0	7.263	13.0
6380.0	7.263	13.0
6382.0	7.263	13.0
6384.0	7.263999999999999	13.0
6386.0	7.263999999999999	13.0
6388.0	7.265	13.0
6390.0	7.267	13.0
6392.0	7.267	13.0
6394.0	7.268	13.0
6396.0	7.269	13.0
6398.0	7.27	13.0
6400.0	7.27	13.0
6402.0	7.271	13.0
6404.0	7.272	13.0
6406.0	7.274	13.0
6408.0	7.275	13.0
6410.0	7.275	13.0
6412.0	7.276	13.0
6414.0	7.276	13.0
6416.0	7.276	13.0
6418.0	7.276	13.0
6420.0	7.276	13.0
6422.0	7.276	13.0
6424.0	7.276	13.0
6426.0	7.276	13.0
6428.0	7.276	13.0
6430.0	7.276	13.0
6432.0	7.276	13.0
6434.0	7.276	13.0
6436.0	7.276	13.0
6438.0	7.275	13.0
6440.0	7.275	13.0
6442.0	7.275	13.0
6444.0	7.276	13.0
6446.0	7.276	13.0
6448.0	7.276	13.0
6450.0	7.276	13.0
6452.0	7.276	13.0
6454.0	7.276	13.0
6456.0	7.277	13.0
6458.0	7.277	13.0
6460.0	7.277	13.0
6462.0	7.277	13.0
6464.0	7.278	13.0
6466.0	7.278	13.0
6468.0	7.279	13.0
6470.0	7.281000000000001	13.0
6472.0	7.282	13.0
6474.0	7.2829999999999995	13.0
6476.0	7.2829999999999995	13.0
6478.0	7.2829999999999995	13.0
6480.0	7.284	13.0
6482.0	7.285	13.0
6484.0	7.287000000000001	13.0
6486.0	7.287000000000001	13.0
6488.0	7.287999999999999	13.0
6490.0	7.289	13.0
6492.0	7.289	13.0
6494.0	7.29	13.0
6496.0	7.291	13.0
6498.0	7.292000000000001	13.0
6500.0	7.295	13.0
6502.0	7.296	13.0
6504.0	7.297999999999999	13.0
6506.0	7.301	13.0
6508.0	7.303	13.0
6510.0	7.307	13.0
6512.0	7.309	13.0
6514.0	7.312	13.0
6516.0	7.316	13.0
6518.0	7.318	13.0
6520.0	7.322	13.0
6522.0	7.324	13.0
6524.0	7.327999999999999	13.0
6526.0	7.33	13.0
6528.0	7.332999999999999	13.0
6530.0	7.334	13.0
6532.0	7.336	13.0
6534.0	7.336	13.0
6536.0	7.337000000000001	13.0
6538.0	7.337999999999999	13.0
6540.0	7.34	13.0
6542.0	7.3420000000000005	13.0
6544.0	7.343999999999999	13.0
6546.0	7.348	13.0
6548.0	7.353	13.0
6550.0	7.358	13.0
6552.0	7.3629999999999995	13.0
6554.0	7.372999999999999	13.0
6556.0	7.381	13.0
6558.0	7.388999999999999	13.0
6560.0	7.397	13.0
6562.0	7.406000000000001	13.0
6564.0	7.412999999999999	13.0
6566.0	7.415	13.0
6568.0	7.415	13.0
6570.0	7.416	13.0
6572.0	7.412000000000001	13.0
6574.0	7.404	13.0
6576.0	7.399	13.0
6578.0	7.39	13.0
6580.0	7.382000000000001	13.0
6582.0	7.375	13.0
6584.0	7.367999999999999	13.0
6586.0	7.3629999999999995	13.0
6588.0	7.358	13.0
6590.0	7.355	13.0
6592.0	7.353	13.0
6594.0	7.349	13.0
6596.0	7.348	13.0
6598.0	7.346	13.0
6600.0	7.343	13.0
6602.0	7.3420000000000005	13.0
6604.0	7.34	13.0
6606.0	7.337000000000001	13.0
6608.0	7.336	13.0
6610.0	7.334	13.0
6612.0	7.331	13.0
6614.0	7.33	13.0
6616.0	7.329	13.0
6618.0	7.329	13.0
6620.0	7.329	13.0
6622.0	7.329	13.0
6624.0	7.329	13.0
6626.0	7.329	13.0
6628.0	7.329	13.0
6630.0	7.329	13.0
6632.0	7.329	13.0
6634.0	7.329	13.0
6636.0	7.33	13.0
6638.0	7.33	13.0
6640.0	7.331	13.0
6642.0	7.331	13.0
6644.0	7.332999999999999	13.0
6646.0	7.332999999999999	13.0
6648.0	7.334	13.0
6650.0	7.334	13.0
6652.0	7.335	13.0
6654.0	7.336	13.0
6656.0	7.336	13.0
6658.0	7.337999999999999	13.0
6660.0	7.341	13.0
6662.0	7.3420000000000005	13.0
6664.0	7.347	13.0
6666.0	7.349	13.0
6668.0	7.354	13.0
6670.0	7.358	13.0
6672.0	7.364	13.0
6674.0	7.369	13.0
6676.0	7.374	13.0
6678.0	7.379	13.0
6680.0	7.382000000000001	13.0
6682.0	7.382999999999999	13.0
6684.0	7.3839999999999995	13.0
6686.0	7.386	13.0
6688.0	7.382000000000001	13.0
6690.0	7.38	13.0
6692.0	7.376	13.0
6694.0	7.371	13.0
6696.0	7.367999999999999	13.0
6698.0	7.362	13.0
6700.0	7.36	13.0
6702.0	7.355	13.0
6704.0	7.353	13.0
6706.0	7.35	13.0
6708.0	7.349	13.0
6710.0	7.348	13.0
6712.0	7.348	13.0
6714.0	7.348	13.0
6716.0	7.348	13.0
6718.0	7.349	13.0
6720.0	7.349	13.0
6722.0	7.35	13.0
6724.0	7.351	13.0
6726.0	7.353	13.0
6728.0	7.354	13.0
6730.0	7.355	13.0
6732.0	7.355	13.0
6734.0	7.355	13.0
6736.0	7.355	13.0
6738.0	7.355	13.0
6740.0	7.355	13.0
6742.0	7.355	13.0
6744.0	7.355	13.0
6746.0	7.355	13.0
6748.0	7.355	13.0
6750.0	7.355	13.0
6752.0	7.355	13.0
6754.0	7.356	13.0
6756.0	7.357	13.0
6758.0	7.358	13.0
6760.0	7.358	13.0
6762.0	7.36	13.0
6764.0	7.361000000000001	13.0
6766.0	7.361000000000001	13.0
6768.0	7.362	13.0
6770.0	7.362	13.0
6772.0	7.362	13.0
6774.0	7.362	13.0
6776.0	7.362	13.0
6778.0	7.362	13.0
6780.0	7.362	13.0
6782.0	7.362	13.0
6784.0	7.362	13.0
6786.0	7.362	13.0
6788.0	7.3629999999999995	13.0
6790.0	7.364	13.0
6792.0	7.364	13.0
6794.0	7.3660000000000005	13.0
6796.0	7.367000000000001	13.0
6798.0	7.367999999999999	13.0
6800.0	7.367999999999999	13.0
6802.0	7.367999999999999	13.0
6804.0	7.369	13.0
6806.0	7.37	13.0
6808.0	7.37	13.0
6810.0	7.371	13.0
6812.0	7.371	13.0
6814.0	7.372999999999999	13.0
6816.0	7.372999999999999	13.0
6818.0	7.374	13.0
6820.0	7.374	13.0
6822.0	7.375	13.0
6824.0	7.375	13.0
6826.0	7.375	13.0
6828.0	7.375	13.0
6830.0	7.376	13.0
6832.0	7.376	13.0
6834.0	7.377000000000001	13.0
6836.0	7.377000000000001	13.0
6838.0	7.379	13.0
6840.0	7.379	13.0
6842.0	7.38	13.0
6844.0	7.38	13.0
6846.0	7.379	13.0
6848.0	7.379	13.0
6850.0	7.379	13.0
6852.0	7.38	13.0
6854.0	7.38	13.0
6856.0	7.38	13.0
6858.0	7.381	13.0
6860.0	7.381	13.0
6862.0	7.381	13.0
6864.0	7.382000000000001	13.0
6866.0	7.382000000000001	13.0
6868.0	7.382999999999999	13.0
6870.0	7.382999999999999	13.0
6872.0	7.382999999999999	13.0
6874.0	7.3839999999999995	13.0
6876.0	7.3839999999999995	13.0
6878.0	7.3839999999999995	13.0
6880.0	7.385	13.0
6882.0	7.385	13.0
6884.0	7.386	13.0
6886.0	7.386	13.0
6888.0	7.386	13.0
6890.0	7.3870000000000005	13.0
6892.0	7.3870000000000005	13.0
6894.0	7.388	13.0
6896.0	7.388	13.0
6898.0	7.388999999999999	13.0
6900.0	7.388999999999999	13.0
6902.0	7.388999999999999	13.0
6904.0	7.39	13.0
6906.0	7.39	13.0
6908.0	7.391	13.0
6910.0	7.391	13.0
6912.0	7.392	13.0
6914.0	7.392	13.0
6916.0	7.393	13.0
6918.0	7.393	13.0
6920.0	7.394	13.0
6922.0	7.394	13.0
6924.0	7.394	13.0
6926.0	7.395	13.0
6928.0	7.395	13.0
6930.0	7.396	13.0
6932.0	7.396	13.0
6934.0	7.397	13.0
6936.0	7.397	13.0
6938.0	7.398	13.0
6940.0	7.398	13.0
6942.0	7.399	13.0
6944.0	7.4	13.0
6946.0	7.4	13.0
6948.0	7.401	13.0
6950.0	7.401	13.0
6952.0	7.401	13.0
6954.0	7.401	13.0
6956.0	7.401	13.0
6958.0	7.402	13.0
6960.0	7.403	13.0
6962.0	7.403	13.0
6964.0	7.404	13.0
6966.0	7.406000000000001	13.0
6968.0	7.407	13.0
6970.0	7.4079999999999995	13.0
6972.0	7.4079999999999995	13.0
6974.0	7.4079999999999995	13.0
6976.0	7.409	13.0
6978.0	7.41	13.0
6980.0	7.412000000000001	13.0
6982.0	7.412000000000001	13.0
6984.0	7.412999999999999	13.0
6986.0	7.412999999999999	13.0
6988.0	7.412999999999999	13.0
6990.0	7.414	13.0
6992.0	7.412999999999999	13.0
6994.0	7.412999999999999	13.0
6996.0	7.412999999999999	13.0
6998.0	7.412999999999999	13.0
7000.0	7.412000000000001	13.0
7002.0	7.412000000000001	13.0
7004.0	7.412000000000001	13.0
7006.0	7.41	13.0
7008.0	7.41	13.0
7010.0	7.41	13.0
7012.0	7.41	13.0
7014.0	7.41	13.0
7016.0	7.412000000000001	13.0
7018.0	7.412000000000001	13.0
7020.0	7.412999999999999	13.0
7022.0	7.414	13.0
7024.0	7.415	13.0
7026.0	7.416	13.0
7028.0	7.417000000000001	13.0
7030.0	7.419	13.0
7032.0	7.421	13.0
7034.0	7.421	13.0
7036.0	7.422000000000001	13.0
7038.0	7.425	13.0
7040.0	7.426	13.0
7042.0	7.4270000000000005	13.0
7044.0	7.428	13.0
7046.0	7.428999999999999	13.0
7048.0	7.433	13.0
7050.0	7.434	13.0
7052.0	7.437	13.0
7054.0	7.441	13.0
7056.0	7.443	13.0
7058.0	7.447	13.0
7060.0	7.45	13.0
7062.0	7.454	13.0
7064.0	7.456	13.0
7066.0	7.459	13.0
7068.0	7.461	13.0
7070.0	7.461	13.0
7072.0	7.46	13.0
7074.0	7.459	13.0
7076.0	7.456	13.0
7078.0	7.454	13.0
7080.0	7.452000000000001	13.0
7082.0	7.4479999999999995	13.0
7084.0	7.447	13.0
7086.0	7.445	13.0
7088.0	7.443	13.0
7090.0	7.442	13.0
7092.0	7.441	13.0
7094.0	7.441	13.0
7096.0	7.441	13.0
7098.0	7.441	13.0
7100.0	7.441	13.0
7102.0	7.442	13.0
7104.0	7.442	13.0
7106.0	7.442	13.0
7108.0	7.441	13.0
7110.0	7.441	13.0
7112.0	7.441	13.0
7114.0	7.441	13.0
7116.0	7.441	13.0
7118.0	7.441	13.0
7120.0	7.441	13.0
7122.0	7.441	13.0
7124.0	7.441	13.0
7126.0	7.442	13.0
7128.0	7.442	13.0
7130.0	7.443	13.0
7132.0	7.445	13.0
7134.0	7.446000000000001	13.0
7136.0	7.447	13.0
7138.0	7.447	13.0
7140.0	7.449	13.0
7142.0	7.45	13.0
7144.0	7.452000000000001	13.0
7146.0	7.452999999999999	13.0
7148.0	7.454	13.0
7150.0	7.455	13.0
7152.0	7.456	13.0
7154.0	7.457999999999999	13.0
7156.0	7.459	13.0
7158.0	7.46	13.0
7160.0	7.461	13.0
7162.0	7.461	13.0
7164.0	7.462000000000001	13.0
7166.0	7.462000000000001	13.0
7168.0	7.462000000000001	13.0
7170.0	7.462999999999999	13.0
7172.0	7.462999999999999	13.0
7174.0	7.462999999999999	13.0
7176.0	7.462999999999999	13.0
7178.0	7.462999999999999	13.0
7180.0	7.462999999999999	13.0
7182.0	7.462000000000001	13.0
7184.0	7.462000000000001	13.0
7186.0	7.461	13.0
7188.0	7.461	13.0
7190.0	7.46	13.0
7192.0	7.459	13.0
7194.0	7.457999999999999	13.0
7196.0	7.457999999999999	13.0
7198.0	7.457999999999999	13.0
7200.0	7.457999999999999	13.0
7202.0	7.457999999999999	13.0
7204.0	7.459	13.0
7206.0	7.459	13.0
7208.0	7.46	13.0
7210.0	7.46	13.0
7212.0	7.461	13.0
7214.0	7.461	13.0
7216.0	7.461	13.0
7218.0	7.462000000000001	13.0
7220.0	7.462000000000001	13.0
7222.0	7.462999999999999	13.0
7224.0	7.462999999999999	13.0
7226.0	7.465	13.0
7228.0	7.465	13.0
7230.0	7.466	13.0
7232.0	7.466	13.0
7234.0	7.4670000000000005	13.0
7236.0	7.4670000000000005	13.0
7238.0	7.4670000000000005	13.0
7240.0	7.4670000000000005	13.0
7242.0	7.4670000000000005	13.0
7244.0	7.4670000000000005	13.0
7246.0	7.4670000000000005	13.0
7248.0	7.4670000000000005	13.0
7250.0	7.4670000000000005	13.0
7252.0	7.4670000000000005	13.0
7254.0	7.468	13.0
7256.0	7.468	13.0
7258.0	7.468999999999999	13.0
7260.0	7.468999999999999	13.0
7262.0	7.471	13.0
7264.0	7.473	13.0
7266.0	7.474	13.0
7268.0	7.476	13.0
7270.0	7.479	13.0
7272.0	7.482	13.0
7274.0	7.486000000000001	13.0
7276.0	7.4879999999999995	13.0
7278.0	7.492000000000001	13.0
7280.0	7.494	13.0
7282.0	7.496	13.0
7284.0	7.497999999999999	13.0
7286.0	7.5	13.0
7288.0	7.5	13.0
7290.0	7.5	13.0
7292.0	7.499	13.0
7294.0	7.497999999999999	13.0
7296.0	7.496	13.0
7298.0	7.495	13.0
7300.0	7.492999999999999	13.0
7302.0	7.492999999999999	13.0
7304.0	7.492000000000001	13.0
7306.0	7.4910000000000005	13.0
7308.0	7.4910000000000005	13.0
7310.0	7.489	13.0
7312.0	7.4879999999999995	13.0
7314.0	7.4879999999999995	13.0
7316.0	7.487	13.0
7318.0	7.487	13.0
7320.0	7.487	13.0
7322.0	7.487	13.0
7324.0	7.4879999999999995	13.0
7326.0	7.4879999999999995	13.0
7328.0	7.489	13.0
7330.0	7.4910000000000005	13.0
7332.0	7.492000000000001	13.0
7334.0	7.492999999999999	13.0
7336.0	7.492999999999999	13.0
7338.0	7.495	13.0
7340.0	7.496	13.0
7342.0	7.497999999999999	13.0
7344.0	7.499	13.0
7346.0	7.5	13.0
7348.0	7.5	13.0
7350.0	7.5	13.0
7352.0	7.501	13.0
7354.0	7.501	13.0
7356.0	7.502000000000001	13.0
7358.0	7.502000000000001	13.0
7360.0	7.504	13.0
7362.0	7.504	13.0
7364.0	7.504	13.0
7366.0	7.505	13.0
7368.0	7.504	13.0
7370.0	7.504	13.0
7372.0	7.504	13.0
7374.0	7.502000000000001	13.0
7376.0	7.502000000000001	13.0
7378.0	7.501	13.0
7380.0	7.501	13.0
7382.0	7.501	13.0
7384.0	7.501	13.0
7386.0	7.501	13.0
7388.0	7.502000000000001	13.0
7390.0	7.502000000000001	13.0
7392.0	7.504	13.0
7394.0	7.506	13.0
7396.0	7.507000000000001	13.0
7398.0	7.507000000000001	13.0
7400.0	7.5089999999999995	13.0
7402.0	7.511	13.0
7404.0	7.5120000000000005	13.0
7406.0	7.513	13.0
7408.0	7.513	13.0
7410.0	7.513	13.0
7412.0	7.513999999999999	13.0
7414.0	7.515	13.0
7416.0	7.515	13.0
7418.0	7.517	13.0
7420.0	7.517	13.0
7422.0	7.517	13.0
7424.0	7.517	13.0
7426.0	7.517	13.0
7428.0	7.517	13.0
7430.0	7.517	13.0
7432.0	7.517	13.0
7434.0	7.517	13.0
7436.0	7.518	13.0
7438.0	7.518	13.0
7440.0	7.519	13.0
7442.0	7.519	13.0
7444.0	7.52	13.0
7446.0	7.52	13.0
7448.0	7.521	13.0
7450.0	7.521	13.0
7452.0	7.522	13.0
7454.0	7.524	13.0
7456.0	7.525	13.0
7458.0	7.525	13.0
7460.0	7.526	13.0
7462.0	7.526	13.0
7464.0	7.526	13.0
7466.0	7.527	13.0
7468.0	7.527	13.0
7470.0	7.528	13.0
7472.0	7.528	13.0
7474.0	7.529	13.0
7476.0	7.529	13.0
7478.0	7.531000000000001	13.0
7480.0	7.531000000000001	13.0
7482.0	7.532	13.0
7484.0	7.532	13.0
7486.0	7.532	13.0
7488.0	7.5329999999999995	13.0
7490.0	7.5329999999999995	13.0
7492.0	7.5329999999999995	13.0
7494.0	7.5329999999999995	13.0
7496.0	7.534	13.0
7498.0	7.534	13.0
7500.0	7.535	13.0
7502.0	7.535	13.0
7504.0	7.535	13.0
7506.0	7.537000000000001	13.0
7508.0	7.537000000000001	13.0
7510.0	7.537000000000001	13.0
7512.0	7.537999999999999	13.0
7514.0	7.537999999999999	13.0
7516.0	7.539	13.0
7518.0	7.539	13.0
7520.0	7.54	13.0
7522.0	7.54	13.0
7524.0	7.54	13.0
7526.0	7.542000000000001	13.0
7528.0	7.544	13.0
7530.0	7.545	13.0
7532.0	7.545	13.0
7534.0	7.545	13.0
7536.0	7.545	13.0
7538.0	7.546	13.0
7540.0	7.546	13.0
7542.0	7.546	13.0
7544.0	7.546	13.0
7546.0	7.547000000000001	13.0
7548.0	7.547000000000001	13.0
7550.0	7.55	13.0
7552.0	7.55	13.0
7554.0	7.551	13.0
7556.0	7.551	13.0
7558.0	7.5520000000000005	13.0
7560.0	7.553	13.0
7562.0	7.553	13.0
7564.0	7.553999999999999	13.0
7566.0	7.553999999999999	13.0
7568.0	7.555	13.0
7570.0	7.556	13.0
7572.0	7.556	13.0
7574.0	7.557	13.0
7576.0	7.557	13.0
7578.0	7.558	13.0
7580.0	7.558	13.0
7582.0	7.559	13.0
7584.0	7.56	13.0
7586.0	7.56	13.0
7588.0	7.561	13.0
7590.0	7.561	13.0
7592.0	7.562	13.0
7594.0	7.562	13.0
7596.0	7.563	13.0
7598.0	7.563	13.0
7600.0	7.564	13.0
7602.0	7.564	13.0
7604.0	7.565	13.0
7606.0	7.565	13.0
7608.0	7.566	13.0
7610.0	7.566	13.0
7612.0	7.567	13.0
7614.0	7.567	13.0
7616.0	7.568	13.0
7618.0	7.568	13.0
7620.0	7.569	13.0
7622.0	7.569	13.0
7624.0	7.569	13.0
7626.0	7.57	13.0
7628.0	7.57	13.0
7630.0	7.571000000000001	13.0
7632.0	7.571000000000001	13.0
7634.0	7.572	13.0
7636.0	7.572	13.0
7638.0	7.572	13.0
7640.0	7.5729999999999995	13.0
7642.0	7.5729999999999995	13.0
7644.0	7.5729999999999995	13.0
7646.0	7.574	13.0
7648.0	7.574	13.0
7650.0	7.575	13.0
7652.0	7.575	13.0
7654.0	7.575	13.0
7656.0	7.5760000000000005	13.0
7658.0	7.5760000000000005	13.0
7660.0	7.5760000000000005	13.0
7662.0	7.577000000000001	13.0
7664.0	7.577000000000001	13.0
7666.0	7.577000000000001	13.0
7668.0	7.577999999999999	13.0
7670.0	7.577999999999999	13.0
7672.0	7.577999999999999	13.0
7674.0	7.579	13.0
7676.0	7.579	13.0
7678.0	7.579	13.0
7680.0	7.58	13.0
7682.0	7.58	13.0
7684.0	7.58	13.0
7686.0	7.58	13.0
7688.0	7.581	13.0
7690.0	7.581	13.0
7692.0	7.582999999999999	13.0
7694.0	7.582999999999999	13.0
7696.0	7.582999999999999	13.0
7698.0	7.582999999999999	13.0
7700.0	7.582999999999999	13.0
7702.0	7.582999999999999	13.0
7704.0	7.582999999999999	13.0
7706.0	7.582999999999999	13.0
7708.0	7.582999999999999	13.0
7710.0	7.582999999999999	13.0
7712.0	7.582999999999999	13.0
7714.0	7.582999999999999	13.0
7716.0	7.584	13.0
7718.0	7.584	13.0
7720.0	7.585	13.0
7722.0	7.585	13.0
7724.0	7.586	13.0
7726.0	7.586	13.0
7728.0	7.587000000000001	13.0
7730.0	7.587999999999999	13.0
7732.0	7.587999999999999	13.0
7734.0	7.59	13.0
7736.0	7.591	13.0
7738.0	7.591	13.0
7740.0	7.591	13.0
7742.0	7.5920000000000005	13.0
7744.0	7.5920000000000005	13.0
7746.0	7.5920000000000005	13.0
7748.0	7.5920000000000005	13.0
7750.0	7.5920000000000005	13.0
7752.0	7.5920000000000005	13.0
7754.0	7.5920000000000005	13.0
7756.0	7.5920000000000005	13.0
7758.0	7.5920000000000005	13.0
7760.0	7.5920000000000005	13.0
7762.0	7.593	13.0
7764.0	7.593999999999999	13.0
7766.0	7.593999999999999	13.0
7768.0	7.596	13.0
7770.0	7.596	13.0
7772.0	7.597	13.0
7774.0	7.597	13.0
7776.0	7.597	13.0
7778.0	7.598	13.0
7780.0	7.598	13.0
7782.0	7.598	13.0
7784.0	7.599	13.0
7786.0	7.599	13.0
7788.0	7.599	13.0
7790.0	7.599	13.0
7792.0	7.599	13.0
7794.0	7.6	13.0
7796.0	7.601	13.0
7798.0	7.603	13.0
7800.0	7.603	13.0
7802.0	7.604	13.0
7804.0	7.605	13.0
7806.0	7.605	13.0
7808.0	7.606	13.0
7810.0	7.607	13.0
7812.0	7.608	13.0
7814.0	7.61	13.0
7816.0	7.611000000000001	13.0
7818.0	7.612	13.0
7820.0	7.612	13.0
7822.0	7.612	13.0
7824.0	7.612	13.0
7826.0	7.612	13.0
7828.0	7.6129999999999995	13.0
7830.0	7.6129999999999995	13.0
7832.0	7.614	13.0
7834.0	7.614	13.0
7836.0	7.614	13.0
7838.0	7.6160000000000005	13.0
7840.0	7.6160000000000005	13.0
7842.0	7.6160000000000005	13.0
7844.0	7.6160000000000005	13.0
7846.0	7.6160000000000005	13.0
7848.0	7.617000000000001	13.0
7850.0	7.617000000000001	13.0
7852.0	7.617000000000001	13.0
7854.0	7.617000000000001	13.0
7856.0	7.617999999999999	13.0
7858.0	7.617999999999999	13.0
7860.0	7.617999999999999	13.0
7862.0	7.617999999999999	13.0
7864.0	7.617999999999999	13.0
7866.0	7.617999999999999	13.0
7868.0	7.617999999999999	13.0
7870.0	7.617999999999999	13.0
7872.0	7.619	13.0
7874.0	7.619	13.0
7876.0	7.619	13.0
7878.0	7.62	13.0
7880.0	7.62	13.0
7882.0	7.621	13.0
7884.0	7.622999999999999	13.0
7886.0	7.622999999999999	13.0
7888.0	7.624	13.0
7890.0	7.625	13.0
7892.0	7.625	13.0
7894.0	7.625	13.0
7896.0	7.626	13.0
7898.0	7.627000000000001	13.0
7900.0	7.627000000000001	13.0
7902.0	7.629	13.0
7904.0	7.629	13.0
7906.0	7.629	13.0
7908.0	7.629	13.0
7910.0	7.63	13.0
7912.0	7.63	13.0
7914.0	7.63	13.0
7916.0	7.63	13.0
7918.0	7.631	13.0
7920.0	7.631	13.0
7922.0	7.631	13.0
7924.0	7.631	13.0
7926.0	7.632000000000001	13.0
7928.0	7.632000000000001	13.0
7930.0	7.632000000000001	13.0
7932.0	7.632000000000001	13.0
7934.0	7.632000000000001	13.0
7936.0	7.632000000000001	13.0
7938.0	7.632000000000001	13.0
7940.0	7.632000000000001	13.0
7942.0	7.632000000000001	13.0
7944.0	7.632000000000001	13.0
7946.0	7.632000000000001	13.0
7948.0	7.632999999999999	13.0
7950.0	7.632999999999999	13.0
7952.0	7.6339999999999995	13.0
7954.0	7.6339999999999995	13.0
7956.0	7.636	13.0
7958.0	7.6370000000000005	13.0
7960.0	7.6370000000000005	13.0
7962.0	7.638	13.0
7964.0	7.638	13.0
7966.0	7.638	13.0
7968.0	7.638999999999999	13.0
7970.0	7.64	13.0
7972.0	7.642	13.0
7974.0	7.642	13.0
7976.0	7.643	13.0
7978.0	7.644	13.0
7980.0	7.644	13.0
7982.0	7.645	13.0
7984.0	7.645	13.0
7986.0	7.645	13.0
7988.0	7.646	13.0
7990.0	7.646	13.0
7992.0	7.647	13.0
7994.0	7.647	13.0
7996.0	7.647	13.0
7998.0	7.649	13.0
8000.0	7.649	13.0
8002.0	7.649	13.0
8004.0	7.649	13.0
8006.0	7.649	13.0
8008.0	7.649	13.0
8010.0	7.649	13.0
8012.0	7.649	13.0
8014.0	7.649	13.0
8016.0	7.65	13.0
8018.0	7.65	13.0
8020.0	7.651	13.0
8022.0	7.651	13.0
8024.0	7.651	13.0
8026.0	7.652	13.0
8028.0	7.653	13.0
8030.0	7.653	13.0
8032.0	7.654	13.0
8034.0	7.656000000000001	13.0
8036.0	7.656000000000001	13.0
8038.0	7.657	13.0
8040.0	7.6579999999999995	13.0
8042.0	7.6579999999999995	13.0
8044.0	7.6579999999999995	13.0
8046.0	7.6579999999999995	13.0
8048.0	7.6579999999999995	13.0
8050.0	7.659	13.0
8052.0	7.659	13.0
8054.0	7.659	13.0
8056.0	7.659	13.0
8058.0	7.659	13.0
8060.0	7.66	13.0
8062.0	7.66	13.0
8064.0	7.66	13.0
8066.0	7.662000000000001	13.0
8068.0	7.662000000000001	13.0
8070.0	7.662000000000001	13.0
8072.0	7.662000000000001	13.0
8074.0	7.662000000000001	13.0
8076.0	7.662000000000001	13.0
8078.0	7.662999999999999	13.0
8080.0	7.662999999999999	13.0
8082.0	7.662999999999999	13.0
8084.0	7.662999999999999	13.0
8086.0	7.662999999999999	13.0
8088.0	7.664	13.0
8090.0	7.664	13.0
8092.0	7.664	13.0
8094.0	7.665	13.0
8096.0	7.665	13.0
8098.0	7.665	13.0
8100.0	7.665	13.0
8102.0	7.665	13.0
8104.0	7.665	13.0
8106.0	7.665	13.0
8108.0	7.665	13.0
8110.0	7.666	13.0
8112.0	7.666	13.0
8114.0	7.666	13.0
8116.0	7.666	13.0
8118.0	7.667000000000001	13.0
8120.0	7.667000000000001	13.0
8122.0	7.669	13.0
8124.0	7.669	13.0
8126.0	7.669	13.0
8128.0	7.67	13.0
8130.0	7.67	13.0
8132.0	7.67	13.0
8134.0	7.67	13.0
8136.0	7.669	13.0
8138.0	7.669	13.0
8140.0	7.669	13.0
8142.0	7.667000000000001	13.0
8144.0	7.667000000000001	13.0
8146.0	7.667000000000001	13.0
8148.0	7.667000000000001	13.0
8150.0	7.667000000000001	13.0
8152.0	7.667000000000001	13.0
8154.0	7.667000000000001	13.0
8156.0	7.667000000000001	13.0
8158.0	7.669	13.0
8160.0	7.669	13.0
8162.0	7.67	13.0
8164.0	7.671	13.0
8166.0	7.671	13.0
8168.0	7.671	13.0
8170.0	7.672000000000001	13.0
8172.0	7.672999999999999	13.0
8174.0	7.672999999999999	13.0
8176.0	7.675	13.0
8178.0	7.675	13.0
8180.0	7.676	13.0
8182.0	7.676	13.0
8184.0	7.6770000000000005	13.0
8186.0	7.678	13.0
8188.0	7.678	13.0
8190.0	7.678	13.0
8192.0	7.678	13.0
8194.0	7.678999999999999	13.0
8196.0	7.678999999999999	13.0
8198.0	7.68	13.0
8200.0	7.68	13.0
8202.0	7.682	13.0
8204.0	7.682	13.0
8206.0	7.682	13.0
8208.0	7.682	13.0
8210.0	7.682	13.0
8212.0	7.68	13.0
8214.0	7.68	13.0
8216.0	7.68	13.0
8218.0	7.678999999999999	13.0
8220.0	7.682	13.0
8222.0	7.683	13.0
8224.0	7.684	13.0
8226.0	7.686	13.0
8228.0	7.689	13.0
8230.0	7.691	13.0
8232.0	7.691	13.0
8234.0	7.692	13.0
8236.0	7.693	13.0
8238.0	7.693	13.0
8240.0	7.692	13.0
8242.0	7.691	13.0
8244.0	7.691	13.0
8246.0	7.691	13.0
8248.0	7.691	13.0
8250.0	7.691	13.0
8252.0	7.691	13.0
8254.0	7.692	13.0
8256.0	7.693	13.0
8258.0	7.695	13.0
8260.0	7.696000000000001	13.0
8262.0	7.697	13.0
8264.0	7.697	13.0
8266.0	7.697	13.0
8268.0	7.697	13.0
8270.0	7.697	13.0
8272.0	7.696000000000001	13.0
8274.0	7.697	13.0
8276.0	7.697	13.0
8278.0	7.697	13.0
8280.0	7.697	13.0
8282.0	7.6979999999999995	13.0
8284.0	7.699	13.0
8286.0	7.699	13.0
8288.0	7.699	13.0
8290.0	7.7	13.0
8292.0	7.7	13.0
8294.0	7.702000000000001	13.0
8296.0	7.702999999999999	13.0
8298.0	7.702999999999999	13.0
8300.0	7.702999999999999	13.0
8302.0	7.704	13.0
8304.0	7.704	13.0
8306.0	7.704	13.0
8308.0	7.704	13.0
8310.0	7.704	13.0
8312.0	7.704	13.0
8314.0	7.704	13.0
8316.0	7.704	13.0
8318.0	7.704	13.0
8320.0	7.704	13.0
8322.0	7.705	13.0
8324.0	7.705	13.0
8326.0	7.706	13.0
8328.0	7.707999999999999	13.0
8330.0	7.707999999999999	13.0
8332.0	7.709	13.0
8334.0	7.71	13.0
8336.0	7.711	13.0
8338.0	7.712000000000001	13.0
8340.0	7.715	13.0
8342.0	7.716	13.0
8344.0	7.7170000000000005	13.0
8346.0	7.7170000000000005	13.0
8348.0	7.7170000000000005	13.0
8350.0	7.718	13.0
8352.0	7.718999999999999	13.0
8354.0	7.721	13.0
8356.0	7.722	13.0
8358.0	7.723	13.0
8360.0	7.724	13.0
8362.0	7.724	13.0
8364.0	7.725	13.0
8366.0	7.725	13.0
8368.0	7.724	13.0
8370.0	7.724	13.0
8372.0	7.724	13.0
8374.0	7.724	13.0
8376.0	7.724	13.0
8378.0	7.724	13.0
8380.0	7.724	13.0
8382.0	7.725	13.0
8384.0	7.725	13.0
8386.0	7.726	13.0
8388.0	7.726	13.0
8390.0	7.728	13.0
8392.0	7.728	13.0
8394.0	7.729	13.0
8396.0	7.73	13.0
8398.0	7.73	13.0
8400.0	7.73	13.0
8402.0	7.73	13.0
8404.0	7.731	13.0
8406.0	7.731	13.0
8408.0	7.731	13.0
8410.0	7.731	13.0
8412.0	7.731	13.0
8414.0	7.731	13.0
8416.0	7.731	13.0
8418.0	7.732	13.0
8420.0	7.732	13.0
8422.0	7.733	13.0
8424.0	7.735	13.0
8426.0	7.735	13.0
8428.0	7.736000000000001	13.0
8430.0	7.737	13.0
8432.0	7.737	13.0
8434.0	7.737	13.0
8436.0	7.737	13.0
8438.0	7.7379999999999995	13.0
8440.0	7.739	13.0
8442.0	7.739	13.0
8444.0	7.7410000000000005	13.0
8446.0	7.7410000000000005	13.0
8448.0	7.742000000000001	13.0
8450.0	7.742000000000001	13.0
8452.0	7.742999999999999	13.0
8454.0	7.742999999999999	13.0
8456.0	7.742999999999999	13.0
8458.0	7.742999999999999	13.0
8460.0	7.742999999999999	13.0
8462.0	7.742999999999999	13.0
8464.0	7.742999999999999	13.0
8466.0	7.742999999999999	13.0
8468.0	7.742000000000001	13.0
8470.0	7.742000000000001	13.0
8472.0	7.742000000000001	13.0
8474.0	7.7410000000000005	13.0
8476.0	7.7410000000000005	13.0
8478.0	7.7410000000000005	13.0
8480.0	7.7410000000000005	13.0
8482.0	7.742000000000001	13.0
8484.0	7.742000000000001	13.0
8486.0	7.742000000000001	13.0
8488.0	7.742000000000001	13.0
8490.0	7.742000000000001	13.0
8492.0	7.742000000000001	13.0
8494.0	7.742999999999999	13.0
8496.0	7.742999999999999	13.0
8498.0	7.742999999999999	13.0
8500.0	7.742999999999999	13.0
8502.0	7.744	13.0
8504.0	7.744	13.0
8506.0	7.745	13.0
8508.0	7.746	13.0
8510.0	7.746	13.0
8512.0	7.746	13.0
8514.0	7.746	13.0
8516.0	7.745	13.0
8518.0	7.744	13.0
8520.0	7.742999999999999	13.0
8522.0	7.742999999999999	13.0
8524.0	7.7410000000000005	13.0
8526.0	7.739	13.0
8528.0	7.737	13.0
8530.0	7.736000000000001	13.0
8532.0	7.735	13.0
8534.0	7.732	13.0
8536.0	7.731	13.0
8538.0	7.731	13.0
8540.0	7.731	13.0
8542.0	7.732	13.0
8544.0	7.733	13.0
8546.0	7.736000000000001	13.0
8548.0	7.737	13.0
8550.0	7.739	13.0
8552.0	7.742000000000001	13.0
8554.0	7.744	13.0
8556.0	7.746	13.0
8558.0	7.749	13.0
8560.0	7.75	13.0
8562.0	7.752000000000001	13.0
8564.0	7.755	13.0
8566.0	7.756	13.0
8568.0	7.757000000000001	13.0
8570.0	7.757000000000001	13.0
8572.0	7.7589999999999995	13.0
8574.0	7.761	13.0
8576.0	7.7620000000000005	13.0
8578.0	7.763	13.0
8580.0	7.765	13.0
8582.0	7.768	13.0
8584.0	7.769	13.0
8586.0	7.77	13.0
8588.0	7.772	13.0
8590.0	7.774	13.0
8592.0	7.775	13.0
8594.0	7.776	13.0
8596.0	7.776	13.0
8598.0	7.776	13.0
8600.0	7.776	13.0
8602.0	7.776	13.0
8604.0	7.776	13.0
8606.0	7.775	13.0
8608.0	7.774	13.0
8610.0	7.771	13.0
8612.0	7.77	13.0
8614.0	7.77	13.0
8616.0	7.768	13.0
8618.0	7.767	13.0
8620.0	7.765	13.0
8622.0	7.763999999999999	13.0
8624.0	7.763	13.0
8626.0	7.763	13.0
8628.0	7.763	13.0
8630.0	7.763	13.0
8632.0	7.763	13.0
8634.0	7.763	13.0
8636.0	7.763	13.0
8638.0	7.763	13.0
8640.0	7.763	13.0
8642.0	7.763999999999999	13.0
8644.0	7.763999999999999	13.0
8646.0	7.763999999999999	13.0
8648.0	7.765	13.0
8650.0	7.765	13.0
8652.0	7.767	13.0
8654.0	7.768	13.0
8656.0	7.769	13.0
8658.0	7.77	13.0
8660.0	7.77	13.0
8662.0	7.771	13.0
8664.0	7.772	13.0
8666.0	7.775	13.0
8668.0	7.776	13.0
8670.0	7.776	13.0
8672.0	7.776	13.0
8674.0	7.777	13.0
8676.0	7.777	13.0
8678.0	7.776	13.0
8680.0	7.776	13.0
8682.0	7.776	13.0
8684.0	7.775	13.0
8686.0	7.774	13.0
8688.0	7.772	13.0
8690.0	7.771	13.0
8692.0	7.77	13.0
8694.0	7.77	13.0
8696.0	7.77	13.0
8698.0	7.77	13.0
8700.0	7.77	13.0
8702.0	7.77	13.0
8704.0	7.77	13.0
8706.0	7.77	13.0
8708.0	7.77	13.0
8710.0	7.77	13.0
8712.0	7.771	13.0
8714.0	7.772	13.0
8716.0	7.774	13.0
8718.0	7.776	13.0
8720.0	7.777	13.0
8722.0	7.781000000000001	13.0
8724.0	7.7829999999999995	13.0
8726.0	7.785	13.0
8728.0	7.789	13.0
8730.0	7.791	13.0
8732.0	7.795	13.0
8734.0	7.797999999999999	13.0
8736.0	7.8020000000000005	13.0
8738.0	7.803	13.0
8740.0	7.807	13.0
8742.0	7.809	13.0
8744.0	7.81	13.0
8746.0	7.811	13.0
8748.0	7.814	13.0
8750.0	7.815	13.0
8752.0	7.816	13.0
8754.0	7.816	13.0
8756.0	7.816	13.0
8758.0	7.815	13.0
8760.0	7.814	13.0
8762.0	7.812	13.0
8764.0	7.811	13.0
8766.0	7.81	13.0
8768.0	7.809	13.0
8770.0	7.807	13.0
8772.0	7.805	13.0
8774.0	7.803	13.0
8776.0	7.8020000000000005	13.0
8778.0	7.801	13.0
8780.0	7.797999999999999	13.0
8782.0	7.797000000000001	13.0
8784.0	7.796	13.0
8786.0	7.795	13.0
8788.0	7.794	13.0
8790.0	7.792000000000001	13.0
8792.0	7.791	13.0
8794.0	7.79	13.0
8796.0	7.79	13.0
8798.0	7.79	13.0
8800.0	7.79	13.0
8802.0	7.79	13.0
8804.0	7.79	13.0
8806.0	7.79	13.0
8808.0	7.79	13.0
8810.0	7.79	13.0
8812.0	7.79	13.0
8814.0	7.79	13.0
8816.0	7.791	13.0
8818.0	7.792000000000001	13.0
8820.0	7.794	13.0
8822.0	7.795	13.0
8824.0	7.796	13.0
8826.0	7.797000000000001	13.0
8828.0	7.797999999999999	13.0
8830.0	7.8	13.0
8832.0	7.8020000000000005	13.0
8834.0	7.803	13.0
8836.0	7.803999999999999	13.0
8838.0	7.805	13.0
8840.0	7.809	13.0
8842.0	7.811	13.0
8844.0	7.814	13.0
8846.0	7.817	13.0
8848.0	7.822	13.0
8850.0	7.825	13.0
8852.0	7.829	13.0
8854.0	7.832999999999999	13.0
8856.0	7.836	13.0
8858.0	7.837999999999999	13.0
8860.0	7.84	13.0
8862.0	7.8420000000000005	13.0
8864.0	7.8420000000000005	13.0
8866.0	7.841	13.0
8868.0	7.84	13.0
8870.0	7.837000000000001	13.0
8872.0	7.835	13.0
8874.0	7.832999999999999	13.0
8876.0	7.829	13.0
8878.0	7.827000000000001	13.0
8880.0	7.822	13.0
8882.0	7.82	13.0
8884.0	7.816	13.0
8886.0	7.814	13.0
8888.0	7.81	13.0
8890.0	7.809	13.0
8892.0	7.807	13.0
8894.0	7.805	13.0
8896.0	7.803999999999999	13.0
8898.0	7.803	13.0
8900.0	7.803	13.0
8902.0	7.805	13.0
8904.0	7.807	13.0
8906.0	7.809	13.0
8908.0	7.81	13.0
8910.0	7.812	13.0
8912.0	7.815	13.0
8914.0	7.816	13.0
8916.0	7.818	13.0
8918.0	7.821000000000001	13.0
8920.0	7.822	13.0
8922.0	7.8229999999999995	13.0
8924.0	7.825	13.0
8926.0	7.827000000000001	13.0
8928.0	7.827999999999999	13.0
8930.0	7.829	13.0
8932.0	7.83	13.0
8934.0	7.831	13.0
8936.0	7.832999999999999	13.0
8938.0	7.834	13.0
8940.0	7.836	13.0
8942.0	7.836	13.0
8944.0	7.837000000000001	13.0
8946.0	7.837999999999999	13.0
8948.0	7.841	13.0
8950.0	7.8420000000000005	13.0
8952.0	7.8420000000000005	13.0
8954.0	7.843	13.0
8956.0	7.843999999999999	13.0
8958.0	7.843999999999999	13.0
8960.0	7.846	13.0
8962.0	7.847	13.0
8964.0	7.848	13.0
8966.0	7.848	13.0
8968.0	7.849	13.0
8970.0	7.849	13.0
8972.0	7.849	13.0
8974.0	7.85	13.0
8976.0	7.851	13.0
8978.0	7.853	13.0
8980.0	7.854	13.0
8982.0	7.855	13.0
8984.0	7.857	13.0
8986.0	7.861000000000001	13.0
8988.0	7.8629999999999995	13.0
8990.0	7.867999999999999	13.0
8992.0	7.87	13.0
8994.0	7.874	13.0
8996.0	7.876	13.0
8998.0	7.88	13.0
9000.0	7.882000000000001	13.0
9002.0	7.886	13.0
9004.0	7.888999999999999	13.0
9006.0	7.894	13.0
9008.0	7.896	13.0
9010.0	7.9	13.0
9012.0	7.902	13.0
9014.0	7.906000000000001	13.0
9016.0	7.906000000000001	13.0
9018.0	7.906000000000001	13.0
9020.0	7.907	13.0
9022.0	7.906000000000001	13.0
9024.0	7.906000000000001	13.0
9026.0	7.904	13.0
9028.0	7.903	13.0
9030.0	7.903	13.0
9032.0	7.902	13.0
9034.0	7.901	13.0
9036.0	7.901	13.0
9038.0	7.9	13.0
9040.0	7.899	13.0
9042.0	7.899	13.0
9044.0	7.897	13.0
9046.0	7.897	13.0
9048.0	7.896	13.0
9050.0	7.895	13.0
9052.0	7.894	13.0
9054.0	7.892	13.0
9056.0	7.89	13.0
9058.0	7.888	13.0
9060.0	7.8870000000000005	13.0
9062.0	7.886	13.0
9064.0	7.882999999999999	13.0
9066.0	7.882000000000001	13.0
9068.0	7.881	13.0
9070.0	7.88	13.0
9072.0	7.879	13.0
9074.0	7.877000000000001	13.0
9076.0	7.876	13.0
9078.0	7.875	13.0
9080.0	7.874	13.0
9082.0	7.872999999999999	13.0
9084.0	7.871	13.0
9086.0	7.869	13.0
9088.0	7.867999999999999	13.0
9090.0	7.867999999999999	13.0
9092.0	7.8660000000000005	13.0
9094.0	7.864	13.0
9096.0	7.864	13.0
9098.0	7.864	13.0
9100.0	7.8629999999999995	13.0
9102.0	7.864	13.0
9104.0	7.8660000000000005	13.0
9106.0	7.8660000000000005	13.0
9108.0	7.8660000000000005	13.0
9110.0	7.8660000000000005	13.0
9112.0	7.864	13.0
9114.0	7.8629999999999995	13.0
9116.0	7.862	13.0
9118.0	7.862	13.0
9120.0	7.862	13.0
9122.0	7.861000000000001	13.0
9124.0	7.861000000000001	13.0
9126.0	7.86	13.0
9128.0	7.858	13.0
9130.0	7.858	13.0
9132.0	7.857	13.0
9134.0	7.856	13.0
9136.0	7.855	13.0
9138.0	7.855	13.0
9140.0	7.855	13.0
9142.0	7.854	13.0
9144.0	7.853	13.0
9146.0	7.851	13.0
9148.0	7.851	13.0
9150.0	7.851	13.0
9152.0	7.851	13.0
9154.0	7.851	13.0
9156.0	7.85	13.0
9158.0	7.85	13.0
9160.0	7.849	13.0
9162.0	7.848	13.0
9164.0	7.846	13.0
9166.0	7.843	13.0
9168.0	7.843	13.0
9170.0	7.843	13.0
9172.0	7.843	13.0
9174.0	7.843999999999999	13.0
9176.0	7.846	13.0
9178.0	7.847	13.0
9180.0	7.848	13.0
9182.0	7.849	13.0
9184.0	7.849	13.0
9186.0	7.85	13.0
9188.0	7.85	13.0
9190.0	7.851	13.0
9192.0	7.853	13.0
9194.0	7.853	13.0
9196.0	7.854	13.0
9198.0	7.855	13.0
9200.0	7.856	13.0
