3300.0	6.732	16.0
3316.0	6.733	16.0
3332.0	6.72	16.0
3348.0	6.712000000000001	16.0
3364.0	6.705	16.0
3380.0	6.6979999999999995	16.0
3396.0	6.695	16.0
3412.0	6.691	16.0
3428.0	6.704	16.0
3444.0	6.707999999999999	16.0
3460.0	6.706	16.0
3476.0	6.7	16.0
3492.0	6.697	16.0
3508.0	6.687	16.0
3524.0	6.672000000000001	16.0
3540.0	6.662999999999999	16.0
3556.0	6.6579999999999995	16.0
3572.0	6.655	16.0
3588.0	6.648	16.0
3604.0	6.643	16.0
3620.0	6.632000000000001	16.0
3636.0	6.625	16.0
3652.0	6.6129999999999995	16.0
3668.0	6.609	16.0
3684.0	6.604	16.0
3700.0	6.564	16.0
3716.0	6.481	16.0
3732.0	6.3660000000000005	16.0
3748.0	6.242999999999999	16.0
3764.0	6.122000000000001	16.0
3780.0	5.968999999999999	16.0
3796.0	5.941	16.0
3812.0	5.746	16.0
3828.0	5.888	16.0
3844.0	5.711	16.0
3860.0	5.529	16.0
3876.0	5.763	16.0
3892.0	5.8020000000000005	16.0
3908.0	5.502999999999999	16.0
3924.0	5.439	16.0
3940.0	5.487	16.0
3956.0	5.726	16.0
3972.0	5.8420000000000005	16.0
3988.0	5.522	16.0
4004.0	5.414	16.0
4020.0	5.397	16.0
4036.0	5.394	16.0
4052.0	5.405	16.0
4068.0	5.452000000000001	16.0
4084.0	5.653	16.0
4100.0	5.901	16.0
4116.0	5.611000000000001	16.0
4132.0	5.461	16.0
4148.0	5.428999999999999	16.0
4164.0	5.428	16.0
4180.0	5.43	16.0
4196.0	5.4270000000000005	16.0
4212.0	5.428	16.0
4228.0	5.433	16.0
4244.0	5.44	16.0
4260.0	5.452000000000001	16.0
4276.0	5.462000000000001	16.0
4292.0	5.477	16.0
4308.0	5.524	16.0
4324.0	5.7139999999999995	16.0
4340.0	5.965	16.0
4356.0	5.662000000000001	16.0
4372.0	5.515	16.0
4388.0	5.499	16.0
4404.0	5.492000000000001	16.0
4420.0	5.49	16.0
4436.0	5.492000000000001	16.0
4452.0	5.497999999999999	16.0
4468.0	5.5089999999999995	16.0
4484.0	5.518	16.0
4500.0	5.5089999999999995	16.0
4516.0	5.513	16.0
4532.0	5.517	16.0
4548.0	5.527	16.0
4564.0	5.526	16.0
4580.0	5.528	16.0
4596.0	5.527	16.0
4612.0	5.53	16.0
4628.0	5.537999999999999	16.0
4644.0	5.5360000000000005	16.0
4660.0	5.542999999999999	16.0
4676.0	5.546	16.0
4692.0	5.547000000000001	16.0
4708.0	5.5520000000000005	16.0
4724.0	5.556	16.0
4740.0	5.561	16.0
4756.0	5.568	16.0
4772.0	5.575	16.0
4788.0	5.5760000000000005	16.0
4804.0	5.582000000000001	16.0
4820.0	5.605	16.0
4836.0	5.672999999999999	16.0
4852.0	5.952999999999999	16.0
4868.0	5.9879999999999995	16.0
4884.0	5.687	16.0
4900.0	5.608	16.0
4916.0	5.598	16.0
4932.0	5.593	16.0
4948.0	5.5920000000000005	16.0
4964.0	5.5920000000000005	16.0
4980.0	5.593	16.0
4996.0	5.603	16.0
5012.0	5.61	16.0
5028.0	5.6129999999999995	16.0
5044.0	5.6129999999999995	16.0
5060.0	5.615	16.0
5076.0	5.6160000000000005	16.0
5092.0	5.6160000000000005	16.0
5108.0	5.617000000000001	16.0
5124.0	5.617999999999999	16.0
5140.0	5.622999999999999	16.0
5156.0	5.627999999999999	16.0
5172.0	5.641	16.0
5188.0	5.64	16.0
5204.0	5.64	16.0
5220.0	5.64	16.0
5236.0	5.649	16.0
5252.0	5.65	16.0
5268.0	5.657	16.0
5284.0	5.659	16.0
5300.0	5.66	16.0
5316.0	5.669	16.0
5332.0	5.67	16.0
5348.0	5.666	16.0
5364.0	5.669	16.0
5380.0	5.67	16.0
5396.0	5.6739999999999995	16.0
5412.0	5.675	16.0
5428.0	5.681	16.0
5444.0	5.682	16.0
5460.0	5.685	16.0
5476.0	5.688	16.0
5492.0	5.688	16.0
5508.0	5.693	16.0
5524.0	5.691	16.0
5540.0	5.696000000000001	16.0
5556.0	5.694	16.0
5572.0	5.699	16.0
5588.0	5.702000000000001	16.0
5604.0	5.707000000000001	16.0
5620.0	5.711	16.0
5636.0	5.716	16.0
5652.0	5.718999999999999	16.0
5668.0	5.724	16.0
5684.0	5.73	16.0
5700.0	5.735	16.0
5716.0	5.7379999999999995	16.0
5732.0	5.744	16.0
5748.0	5.747999999999999	16.0
5764.0	5.752999999999999	16.0
5780.0	5.754	16.0
5796.0	5.752999999999999	16.0
5812.0	5.749	16.0
5828.0	5.747000000000001	16.0
5844.0	5.747000000000001	16.0
5860.0	5.752000000000001	16.0
5876.0	5.761	16.0
5892.0	5.775	16.0
5908.0	5.772	16.0
5924.0	5.772	16.0
5940.0	5.777	16.0
5956.0	5.781000000000001	16.0
5972.0	5.7829999999999995	16.0
5988.0	5.785	16.0
6004.0	5.785	16.0
6020.0	5.79	16.0
6036.0	5.792999999999999	16.0
6052.0	5.795	16.0
6068.0	5.797999999999999	16.0
6084.0	5.803999999999999	16.0
6100.0	5.803	16.0
6116.0	5.807	16.0
6132.0	5.809	16.0
6148.0	5.818	16.0
6164.0	5.824	16.0
6180.0	5.818	16.0
6196.0	5.824	16.0
6212.0	5.824	16.0
6228.0	5.827000000000001	16.0
6244.0	5.832999999999999	16.0
6260.0	5.837000000000001	16.0
6276.0	5.861000000000001	16.0
6292.0	5.8629999999999995	16.0
6308.0	5.855	16.0
6324.0	5.851	16.0
6340.0	5.854	16.0
6356.0	5.853	16.0
6372.0	5.853	16.0
6388.0	5.855	16.0
6404.0	5.853	16.0
6420.0	5.855	16.0
6436.0	5.857	16.0
6452.0	5.861000000000001	16.0
6468.0	5.867000000000001	16.0
6484.0	5.872000000000001	16.0
6500.0	5.877000000000001	16.0
6516.0	5.888	16.0
6532.0	5.917000000000001	16.0
6548.0	6.057	16.0
6564.0	6.24	16.0
6580.0	6.011	16.0
6596.0	5.915	16.0
6612.0	5.894	16.0
6628.0	5.888999999999999	16.0
6644.0	5.8870000000000005	16.0
6660.0	5.886	16.0
6676.0	5.8870000000000005	16.0
6692.0	5.8870000000000005	16.0
6708.0	5.892	16.0
6724.0	5.892	16.0
6740.0	5.895	16.0
6756.0	5.898	16.0
6772.0	5.904	16.0
6788.0	5.905	16.0
6804.0	5.909	16.0
6820.0	5.912000000000001	16.0
6836.0	5.914	16.0
6852.0	5.931	16.0
6868.0	6.077000000000001	16.0
6884.0	6.075	16.0
6900.0	6.035	16.0
6916.0	5.987	16.0
6932.0	5.9670000000000005	16.0
6948.0	5.961	16.0
6964.0	5.95	16.0
6980.0	5.9510000000000005	16.0
6996.0	5.96	16.0
7012.0	5.962000000000001	16.0
7028.0	5.962000000000001	16.0
7044.0	5.962000000000001	16.0
7060.0	5.965	16.0
7076.0	5.9639999999999995	16.0
7092.0	5.9670000000000005	16.0
7108.0	5.968999999999999	16.0
7124.0	5.972	16.0
7140.0	5.977	16.0
7156.0	5.992000000000001	16.0
7172.0	6.04	16.0
7188.0	6.081	16.0
7204.0	6.059	16.0
7220.0	6.022	16.0
7236.0	6.056	16.0
7252.0	6.059	16.0
7268.0	6.056	16.0
7284.0	6.053999999999999	16.0
7300.0	6.051	16.0
7316.0	6.042000000000001	16.0
7332.0	6.025	16.0
7348.0	6.024	16.0
7364.0	6.025	16.0
7380.0	6.026	16.0
7396.0	6.024	16.0
7412.0	6.026	16.0
7428.0	6.027	16.0
7444.0	6.03	16.0
7460.0	6.032	16.0
7476.0	6.0360000000000005	16.0
7492.0	6.035	16.0
7508.0	6.035	16.0
7524.0	6.037999999999999	16.0
7540.0	6.041	16.0
7556.0	6.042999999999999	16.0
7572.0	6.051	16.0
7588.0	6.24	16.0
7604.0	6.995	16.0
7620.0	6.654	16.0
7636.0	6.627000000000001	16.0
7652.0	6.364	16.0
7668.0	6.176	16.0
7684.0	6.101	16.0
7700.0	6.074	16.0
7716.0	6.067	16.0
7732.0	6.067	16.0
7748.0	6.069	16.0
7764.0	6.086	16.0
7780.0	6.09	16.0
7796.0	6.072	16.0
7812.0	6.074	16.0
7828.0	6.0760000000000005	16.0
7844.0	6.079	16.0
7860.0	6.082999999999999	16.0
7876.0	6.091	16.0
7892.0	6.099	16.0
7908.0	6.096	16.0
7924.0	6.096	16.0
7940.0	6.095	16.0
7956.0	6.102	16.0
7972.0	6.102	16.0
7988.0	6.103	16.0
8004.0	6.11	16.0
8020.0	6.112	16.0
8036.0	6.111000000000001	16.0
8052.0	6.109	16.0
8068.0	6.111000000000001	16.0
8084.0	6.12	16.0
8100.0	6.127000000000001	16.0
8116.0	6.138	16.0
8132.0	6.169	16.0
8148.0	6.202000000000001	16.0
8164.0	6.23	16.0
8180.0	6.224	16.0
8196.0	6.2	16.0
8212.0	6.184	16.0
8228.0	6.255	16.0
8244.0	6.189	16.0
8260.0	6.181	16.0
8276.0	6.202000000000001	16.0
8292.0	6.202000000000001	16.0
8308.0	6.191	16.0
8324.0	6.191	16.0
8340.0	6.176	16.0
8356.0	6.171	16.0
8372.0	6.171	16.0
8388.0	6.167999999999999	16.0
8404.0	6.17	16.0
8420.0	6.172999999999999	16.0
8436.0	6.185	16.0
8452.0	6.183	16.0
8468.0	6.178999999999999	16.0
8484.0	6.164	16.0
8500.0	6.205	16.0
8516.0	6.162999999999999	16.0
8532.0	6.189	16.0
8548.0	6.228	16.0
8564.0	6.144	16.0
8580.0	6.1610000000000005	16.0
8596.0	6.256	16.0
8612.0	6.172000000000001	16.0
8628.0	6.108	16.0
8644.0	6.153	16.0
8660.0	6.297000000000001	16.0
8676.0	6.227	16.0
8692.0	6.107	16.0
8708.0	6.084	16.0
8724.0	6.127000000000001	16.0
8740.0	6.272	16.0
8756.0	6.307	16.0
8772.0	6.147	16.0
8788.0	6.079	16.0
8804.0	6.071000000000001	16.0
8820.0	6.086	16.0
8836.0	6.141	16.0
8852.0	6.303999999999999	16.0
8868.0	6.355	16.0
8884.0	6.175	16.0
8900.0	6.103	16.0
8916.0	6.0889999999999995	16.0
8932.0	6.093999999999999	16.0
8948.0	6.121	16.0
8964.0	6.178999999999999	16.0
8980.0	6.242999999999999	16.0
8996.0	6.38	16.0
9012.0	6.5360000000000005	16.0
9028.0	6.364	16.0
9044.0	6.195	16.0
9060.0	6.189	16.0
9076.0	6.225	16.0
9092.0	6.223	16.0
9108.0	6.206	16.0
9124.0	6.2139999999999995	16.0
9140.0	6.224	16.0
9156.0	6.231	16.0
9172.0	6.231	16.0
9188.0	6.231	16.0
9204.0	6.27	16.0
9220.0	6.459	16.0
9236.0	6.478	16.0
9252.0	6.303999999999999	16.0
9268.0	6.252999999999999	16.0
9284.0	6.2860000000000005	16.0
9300.0	6.38	16.0
9316.0	6.5520000000000005	16.0
9332.0	6.695	16.0
9348.0	6.735	16.0
9364.0	6.686	16.0
9380.0	6.6160000000000005	16.0
9396.0	6.405	16.0
9412.0	6.434	16.0
9428.0	6.551	16.0
9444.0	6.577999999999999	16.0
9460.0	6.56	16.0
9476.0	6.53	16.0
9492.0	6.563	16.0
9508.0	6.523	16.0
9524.0	6.648	16.0
9540.0	6.775	16.0
9556.0	6.7410000000000005	16.0
9572.0	6.537999999999999	16.0
9588.0	6.507999999999999	16.0
9604.0	6.439	16.0
9620.0	6.425	16.0
9636.0	6.401	16.0
9652.0	6.372999999999999	16.0
9668.0	6.345	16.0
9684.0	6.282	16.0
9700.0	6.273	16.0
9716.0	6.276	16.0
9732.0	6.303999999999999	16.0
9748.0	6.32	16.0
9764.0	6.316	16.0
9780.0	6.3	16.0
9796.0	6.303999999999999	16.0
9812.0	6.273	16.0
9828.0	6.27	16.0
9844.0	6.254	16.0
9860.0	6.24	16.0
9876.0	6.242000000000001	16.0
9892.0	6.245	16.0
9908.0	6.256	16.0
9924.0	6.251	16.0
9940.0	6.245	16.0
9956.0	6.254	16.0
9972.0	6.247000000000001	16.0
9988.0	6.267	16.0
10004.0	6.272	16.0
10020.0	6.329	16.0
10036.0	6.462999999999999	16.0
10052.0	6.577999999999999	16.0
10068.0	6.391	16.0
10084.0	6.301	16.0
10100.0	6.282	16.0
10116.0	6.268	16.0
10132.0	6.247000000000001	16.0
10148.0	6.244	16.0
10164.0	6.267	16.0
10180.0	6.269	16.0
10196.0	6.272	16.0
10212.0	6.27	16.0
10228.0	6.279	16.0
10244.0	6.247999999999999	16.0
10260.0	6.257999999999999	16.0
10276.0	6.265	16.0
10292.0	6.257000000000001	16.0
10308.0	6.281000000000001	16.0
10324.0	6.327000000000001	16.0
10340.0	6.361000000000001	16.0
10356.0	6.306	16.0
10372.0	6.273	16.0
10388.0	6.337999999999999	16.0
