3300.0	5.033	16.0
3316.0	5.03	16.0
3332.0	5.031000000000001	16.0
3348.0	5.015	16.0
3364.0	5.007	16.0
3380.0	4.994	16.0
3396.0	4.985	16.0
3412.0	4.982	16.0
3428.0	4.98	16.0
3444.0	4.989	16.0
3460.0	4.99	16.0
3476.0	4.987	16.0
3492.0	4.979	16.0
3508.0	4.963	16.0
3524.0	4.949	16.0
3540.0	4.9319999999999995	16.0
3556.0	4.931	16.0
3572.0	4.925	16.0
3588.0	4.917	16.0
3604.0	4.907	16.0
3620.0	4.895	16.0
3636.0	4.8839999999999995	16.0
3652.0	4.876	16.0
3668.0	4.867	16.0
3684.0	4.85	16.0
3700.0	4.789	16.0
3716.0	4.683	16.0
3732.0	4.563	16.0
3748.0	4.435	16.0
3764.0	4.305	16.0
3780.0	4.129	16.0
3796.0	4.115	16.0
3812.0	3.89	16.0
3828.0	4.073	16.0
3844.0	3.841	16.0
3860.0	3.648	16.0
3876.0	3.906	16.0
3892.0	3.958	16.0
3908.0	3.628	16.0
3924.0	3.583	16.0
3940.0	3.623	16.0
3956.0	3.87	16.0
3972.0	3.989	16.0
3988.0	3.6319999999999997	16.0
4004.0	3.505	16.0
4020.0	3.477	16.0
4036.0	3.475	16.0
4052.0	3.487	16.0
4068.0	3.5380000000000003	16.0
4084.0	3.7489999999999997	16.0
4100.0	4.032	16.0
4116.0	3.715	16.0
4132.0	3.55	16.0
4148.0	3.508	16.0
4164.0	3.51	16.0
4180.0	3.515	16.0
4196.0	3.505	16.0
4212.0	3.505	16.0
4228.0	3.513	16.0
4244.0	3.5189999999999997	16.0
4260.0	3.529	16.0
4276.0	3.5380000000000003	16.0
4292.0	3.565	16.0
4308.0	3.6189999999999998	16.0
4324.0	3.821	16.0
4340.0	4.091	16.0
4356.0	3.764	16.0
4372.0	3.603	16.0
4388.0	3.582	16.0
4404.0	3.574	16.0
4420.0	3.5660000000000003	16.0
4436.0	3.563	16.0
4452.0	3.57	16.0
4468.0	3.5839999999999996	16.0
4484.0	3.592	16.0
4500.0	3.5810000000000004	16.0
4516.0	3.5839999999999996	16.0
4532.0	3.593	16.0
4548.0	3.6069999999999998	16.0
4564.0	3.603	16.0
4580.0	3.6039999999999996	16.0
4596.0	3.597	16.0
4612.0	3.5989999999999998	16.0
4628.0	3.608	16.0
4644.0	3.602	16.0
4660.0	3.61	16.0
4676.0	3.611	16.0
4692.0	3.614	16.0
4708.0	3.616	16.0
4724.0	3.623	16.0
4740.0	3.63	16.0
4756.0	3.633	16.0
4772.0	3.641	16.0
4788.0	3.6439999999999997	16.0
4804.0	3.655	16.0
4820.0	3.675	16.0
4836.0	3.7539999999999996	16.0
4852.0	4.053	16.0
4868.0	4.095	16.0
4884.0	3.7760000000000002	16.0
4900.0	3.682	16.0
4916.0	3.6719999999999997	16.0
4932.0	3.6630000000000003	16.0
4948.0	3.659	16.0
4964.0	3.661	16.0
4980.0	3.662	16.0
4996.0	3.6719999999999997	16.0
5012.0	3.6830000000000003	16.0
5028.0	3.6830000000000003	16.0
5044.0	3.6839999999999997	16.0
5060.0	3.6839999999999997	16.0
5076.0	3.681	16.0
5092.0	3.681	16.0
5108.0	3.681	16.0
5124.0	3.688	16.0
5140.0	3.693	16.0
5156.0	3.7030000000000003	16.0
5172.0	3.715	16.0
5188.0	3.716	16.0
5204.0	3.7119999999999997	16.0
5220.0	3.715	16.0
5236.0	3.7260000000000004	16.0
5252.0	3.719	16.0
5268.0	3.739	16.0
5284.0	3.7289999999999996	16.0
5300.0	3.7289999999999996	16.0
5316.0	3.7430000000000003	16.0
5332.0	3.742	16.0
5348.0	3.734	16.0
5364.0	3.738	16.0
5380.0	3.739	16.0
5396.0	3.7439999999999998	16.0
5412.0	3.747	16.0
5428.0	3.7489999999999997	16.0
5444.0	3.747	16.0
5460.0	3.75	16.0
5476.0	3.7539999999999996	16.0
5492.0	3.752	16.0
5508.0	3.758	16.0
5524.0	3.759	16.0
5540.0	3.762	16.0
5556.0	3.759	16.0
5572.0	3.765	16.0
5588.0	3.7689999999999997	16.0
5604.0	3.7710000000000004	16.0
5620.0	3.7739999999999996	16.0
5636.0	3.778	16.0
5652.0	3.784	16.0
5668.0	3.7910000000000004	16.0
5684.0	3.793	16.0
5700.0	3.798	16.0
5716.0	3.802	16.0
5732.0	3.807	16.0
5748.0	3.8110000000000004	16.0
5764.0	3.815	16.0
5780.0	3.815	16.0
5796.0	3.8160000000000003	16.0
5812.0	3.813	16.0
5828.0	3.812	16.0
5844.0	3.8110000000000004	16.0
5860.0	3.8139999999999996	16.0
5876.0	3.824	16.0
5892.0	3.841	16.0
5908.0	3.835	16.0
5924.0	3.8339999999999996	16.0
5940.0	3.8360000000000003	16.0
5956.0	3.844	16.0
5972.0	3.844	16.0
5988.0	3.847	16.0
6004.0	3.8510000000000004	16.0
6020.0	3.8539999999999996	16.0
6036.0	3.8560000000000003	16.0
6052.0	3.859	16.0
6068.0	3.861	16.0
6084.0	3.86	16.0
6100.0	3.867	16.0
6116.0	3.87	16.0
6132.0	3.8760000000000003	16.0
6148.0	3.886	16.0
6164.0	3.887	16.0
6180.0	3.883	16.0
6196.0	3.8819999999999997	16.0
6212.0	3.885	16.0
6228.0	3.892	16.0
6244.0	3.903	16.0
6260.0	3.904	16.0
6276.0	3.92	16.0
6292.0	3.928	16.0
6308.0	3.9189999999999996	16.0
6324.0	3.9160000000000004	16.0
6340.0	3.918	16.0
6356.0	3.92	16.0
6372.0	3.923	16.0
6388.0	3.918	16.0
6404.0	3.918	16.0
6420.0	3.924	16.0
6436.0	3.927	16.0
6452.0	3.9339999999999997	16.0
6468.0	3.937	16.0
6484.0	3.9410000000000003	16.0
6500.0	3.946	16.0
6516.0	3.957	16.0
6532.0	3.989	16.0
6548.0	4.132	16.0
6564.0	4.336	16.0
6580.0	4.101	16.0
6596.0	3.989	16.0
6612.0	3.964	16.0
6628.0	3.957	16.0
6644.0	3.9560000000000004	16.0
6660.0	3.9539999999999997	16.0
6676.0	3.9560000000000004	16.0
6692.0	3.9539999999999997	16.0
6708.0	3.9560000000000004	16.0
6724.0	3.9589999999999996	16.0
6740.0	3.9619999999999997	16.0
6756.0	3.966	16.0
6772.0	3.968	16.0
6788.0	3.9730000000000003	16.0
6804.0	3.975	16.0
6820.0	3.98	16.0
6836.0	3.9810000000000003	16.0
6852.0	3.995	16.0
6868.0	4.137	16.0
6884.0	4.145	16.0
6900.0	4.105	16.0
6916.0	4.052	16.0
6932.0	4.025	16.0
6948.0	4.019	16.0
6964.0	4.013	16.0
6980.0	4.012	16.0
6996.0	4.022	16.0
7012.0	4.023	16.0
7028.0	4.024	16.0
7044.0	4.024	16.0
7060.0	4.027	16.0
7076.0	4.029	16.0
7092.0	4.03	16.0
7108.0	4.037	16.0
7124.0	4.039	16.0
7140.0	4.04	16.0
7156.0	4.052	16.0
7172.0	4.0889999999999995	16.0
7188.0	4.125	16.0
7204.0	4.111000000000001	16.0
7220.0	4.079	16.0
7236.0	4.106	16.0
7252.0	4.109	16.0
7268.0	4.1080000000000005	16.0
7284.0	4.107	16.0
7300.0	4.105	16.0
7316.0	4.096	16.0
7332.0	4.084	16.0
7348.0	4.084	16.0
7364.0	4.085	16.0
7380.0	4.086	16.0
7396.0	4.086	16.0
7412.0	4.0889999999999995	16.0
7428.0	4.091	16.0
7444.0	4.095	16.0
7460.0	4.098	16.0
7476.0	4.1	16.0
7492.0	4.102	16.0
7508.0	4.104	16.0
7524.0	4.1080000000000005	16.0
7540.0	4.1080000000000005	16.0
7556.0	4.112	16.0
7572.0	4.1160000000000005	16.0
7588.0	4.273	16.0
7604.0	5.045	16.0
7620.0	4.755	16.0
7636.0	4.724	16.0
7652.0	4.459	16.0
7668.0	4.255	16.0
7684.0	4.172	16.0
7700.0	4.145	16.0
7716.0	4.137	16.0
7732.0	4.138	16.0
7748.0	4.138999999999999	16.0
7764.0	4.159	16.0
7780.0	4.1739999999999995	16.0
7796.0	4.144	16.0
7812.0	4.146	16.0
7828.0	4.149	16.0
7844.0	4.152	16.0
7860.0	4.156000000000001	16.0
7876.0	4.163	16.0
7892.0	4.168	16.0
7908.0	4.166	16.0
7924.0	4.166	16.0
7940.0	4.168	16.0
7956.0	4.172	16.0
7972.0	4.17	16.0
7988.0	4.173	16.0
8004.0	4.177	16.0
8020.0	4.178999999999999	16.0
8036.0	4.1819999999999995	16.0
8052.0	4.1819999999999995	16.0
8068.0	4.187	16.0
8084.0	4.19	16.0
8100.0	4.194	16.0
8116.0	4.2010000000000005	16.0
8132.0	4.22	16.0
8148.0	4.238	16.0
8164.0	4.2589999999999995	16.0
8180.0	4.262	16.0
8196.0	4.256	16.0
8212.0	4.242	16.0
8228.0	4.284	16.0
8244.0	4.25	16.0
8260.0	4.24	16.0
8276.0	4.249	16.0
8292.0	4.255	16.0
8308.0	4.249	16.0
8324.0	4.249	16.0
8340.0	4.248	16.0
8356.0	4.235	16.0
8372.0	4.238	16.0
8388.0	4.24	16.0
8404.0	4.24	16.0
8420.0	4.245	16.0
8436.0	4.261	16.0
8452.0	4.26	16.0
8468.0	4.26	16.0
8484.0	4.232	16.0
8500.0	4.287	16.0
8516.0	4.236000000000001	16.0
8532.0	4.252	16.0
8548.0	4.325	16.0
8564.0	4.215	16.0
8580.0	4.218	16.0
8596.0	4.335	16.0
8612.0	4.256	16.0
8628.0	4.176	16.0
8644.0	4.212	16.0
8660.0	4.376	16.0
8676.0	4.328	16.0
8692.0	4.192	16.0
8708.0	4.156000000000001	16.0
8724.0	4.189	16.0
8740.0	4.33	16.0
8756.0	4.408	16.0
8772.0	4.231	16.0
8788.0	4.155	16.0
8804.0	4.144	16.0
8820.0	4.154	16.0
8836.0	4.2010000000000005	16.0
8852.0	4.3580000000000005	16.0
8868.0	4.452	16.0
8884.0	4.266	16.0
8900.0	4.184	16.0
8916.0	4.168	16.0
8932.0	4.167	16.0
8948.0	4.173	16.0
8964.0	4.208	16.0
8980.0	4.261	16.0
8996.0	4.381	16.0
9012.0	4.567	16.0
9028.0	4.442	16.0
9044.0	4.265	16.0
9060.0	4.247	16.0
9076.0	4.262	16.0
9092.0	4.265	16.0
9108.0	4.245	16.0
9124.0	4.237	16.0
9140.0	4.243	16.0
9156.0	4.25	16.0
9172.0	4.257	16.0
9188.0	4.263999999999999	16.0
9204.0	4.319	16.0
9220.0	4.507	16.0
9236.0	4.556	16.0
9252.0	4.373	16.0
9268.0	4.303999999999999	16.0
9284.0	4.292	16.0
9300.0	4.345	16.0
9316.0	4.4639999999999995	16.0
9332.0	4.551	16.0
9348.0	4.599	16.0
9364.0	4.551	16.0
9380.0	4.5169999999999995	16.0
9396.0	4.379	16.0
9412.0	4.406000000000001	16.0
9428.0	4.4830000000000005	16.0
9444.0	4.508	16.0
9460.0	4.482	16.0
9476.0	4.459	16.0
9492.0	4.487	16.0
9508.0	4.476	16.0
9524.0	4.5760000000000005	16.0
9540.0	4.731	16.0
9556.0	4.721	16.0
9572.0	4.518	16.0
9588.0	4.462	16.0
9604.0	4.4239999999999995	16.0
9620.0	4.4110000000000005	16.0
9636.0	4.3919999999999995	16.0
9652.0	4.378	16.0
9668.0	4.364	16.0
9684.0	4.328	16.0
9700.0	4.313	16.0
9716.0	4.319	16.0
9732.0	4.336	16.0
9748.0	4.355	16.0
9764.0	4.342	16.0
9780.0	4.34	16.0
9796.0	4.342	16.0
9812.0	4.322	16.0
9828.0	4.329	16.0
9844.0	4.321000000000001	16.0
9860.0	4.321000000000001	16.0
9876.0	4.32	16.0
9892.0	4.325	16.0
9908.0	4.319	16.0
9924.0	4.313	16.0
9940.0	4.321000000000001	16.0
9956.0	4.321000000000001	16.0
9972.0	4.327	16.0
9988.0	4.335	16.0
10004.0	4.356	16.0
10020.0	4.386	16.0
10036.0	4.5280000000000005	16.0
10052.0	4.659	16.0
10068.0	4.482	16.0
10084.0	4.394	16.0
10100.0	4.357	16.0
10116.0	4.3389999999999995	16.0
10132.0	4.335	16.0
10148.0	4.337	16.0
10164.0	4.31	16.0
10180.0	4.321000000000001	16.0
10196.0	4.324	16.0
10212.0	4.333	16.0
10228.0	4.342	16.0
10244.0	4.349	16.0
10260.0	4.325	16.0
10276.0	4.34	16.0
10292.0	4.348	16.0
10308.0	4.352	16.0
10324.0	4.373	16.0
10340.0	4.379	16.0
10356.0	4.387	16.0
10372.0	4.404	16.0
10388.0	4.393	16.0
10404.0	4.409	16.0
