3300.0	5.381	16.0
3316.0	5.376	16.0
3332.0	5.377000000000001	16.0
3348.0	5.367000000000001	16.0
3364.0	5.361000000000001	16.0
3380.0	5.364	16.0
3396.0	5.371	16.0
3412.0	5.377999999999999	16.0
3428.0	5.394	16.0
3444.0	5.402	16.0
3460.0	5.407	16.0
3476.0	5.4110000000000005	16.0
3492.0	5.412000000000001	16.0
3508.0	5.4	16.0
3524.0	5.395	16.0
3540.0	5.39	16.0
3556.0	5.388	16.0
3572.0	5.3839999999999995	16.0
3588.0	5.381	16.0
3604.0	5.377999999999999	16.0
3620.0	5.377000000000001	16.0
3636.0	5.376	16.0
3652.0	5.376	16.0
3668.0	5.377999999999999	16.0
3684.0	5.382999999999999	16.0
3700.0	5.376	16.0
3716.0	5.34	16.0
3732.0	5.276	16.0
3748.0	5.202999999999999	16.0
3764.0	5.132000000000001	16.0
3780.0	5.035	16.0
3796.0	5.044	16.0
3812.0	4.901	16.0
3828.0	4.993	16.0
3844.0	4.904	16.0
3860.0	4.77	16.0
3876.0	4.896	16.0
3892.0	4.981	16.0
3908.0	4.775	16.0
3924.0	4.73	16.0
3940.0	4.747	16.0
3956.0	4.89	16.0
3972.0	5.0169999999999995	16.0
3988.0	4.806	16.0
4004.0	4.756	16.0
4020.0	4.745	16.0
4036.0	4.734	16.0
4052.0	4.731	16.0
4068.0	4.75	16.0
4084.0	4.861000000000001	16.0
4100.0	5.0569999999999995	16.0
4116.0	4.8839999999999995	16.0
4132.0	4.79	16.0
4148.0	4.77	16.0
4164.0	4.768	16.0
4180.0	4.773	16.0
4196.0	4.773	16.0
4212.0	4.775	16.0
4228.0	4.782	16.0
4244.0	4.79	16.0
4260.0	4.8	16.0
4276.0	4.806	16.0
4292.0	4.816	16.0
4308.0	4.84	16.0
4324.0	4.954	16.0
4340.0	5.14	16.0
4356.0	4.949	16.0
4372.0	4.862	16.0
4388.0	4.8580000000000005	16.0
4404.0	4.851	16.0
4420.0	4.853	16.0
4436.0	4.854	16.0
4452.0	4.868	16.0
4468.0	4.885	16.0
4484.0	4.8839999999999995	16.0
4500.0	4.872	16.0
4516.0	4.882	16.0
4532.0	4.883	16.0
4548.0	4.894	16.0
4564.0	4.897	16.0
4580.0	4.901	16.0
4596.0	4.904	16.0
4612.0	4.906000000000001	16.0
4628.0	4.916	16.0
4644.0	4.917	16.0
4660.0	4.919	16.0
4676.0	4.9239999999999995	16.0
4692.0	4.928	16.0
4708.0	4.935	16.0
4724.0	4.942	16.0
4740.0	4.949	16.0
4756.0	4.9510000000000005	16.0
4772.0	4.959	16.0
4788.0	4.9639999999999995	16.0
4804.0	4.967	16.0
4820.0	4.977	16.0
4836.0	5.013999999999999	16.0
4852.0	5.188	16.0
4868.0	5.233	16.0
4884.0	5.032	16.0
4900.0	4.993	16.0
4916.0	4.997	16.0
4932.0	4.994	16.0
4948.0	4.99	16.0
4964.0	4.993	16.0
4980.0	4.998	16.0
4996.0	5.006	16.0
5012.0	5.019	16.0
5028.0	5.022	16.0
5044.0	5.029	16.0
5060.0	5.03	16.0
5076.0	5.027	16.0
5092.0	5.029	16.0
5108.0	5.033	16.0
5124.0	5.035	16.0
5140.0	5.041	16.0
5156.0	5.0489999999999995	16.0
5172.0	5.051	16.0
5188.0	5.052	16.0
5204.0	5.0569999999999995	16.0
5220.0	5.064	16.0
5236.0	5.0680000000000005	16.0
5252.0	5.071000000000001	16.0
5268.0	5.075	16.0
5284.0	5.077	16.0
5300.0	5.082	16.0
5316.0	5.093	16.0
5332.0	5.088	16.0
5348.0	5.0889999999999995	16.0
5364.0	5.092	16.0
5380.0	5.093999999999999	16.0
5396.0	5.101	16.0
5412.0	5.104	16.0
5428.0	5.107	16.0
5444.0	5.1080000000000005	16.0
5460.0	5.114	16.0
5476.0	5.117	16.0
5492.0	5.122000000000001	16.0
5508.0	5.125	16.0
5524.0	5.124	16.0
5540.0	5.131	16.0
5556.0	5.135	16.0
5572.0	5.138999999999999	16.0
5588.0	5.144	16.0
5604.0	5.147	16.0
5620.0	5.151	16.0
5636.0	5.1579999999999995	16.0
5652.0	5.164	16.0
5668.0	5.172000000000001	16.0
5684.0	5.1739999999999995	16.0
5700.0	5.183	16.0
5716.0	5.189	16.0
5732.0	5.193	16.0
5748.0	5.2	16.0
5764.0	5.202000000000001	16.0
5780.0	5.2010000000000005	16.0
5796.0	5.2	16.0
5812.0	5.196000000000001	16.0
5828.0	5.2	16.0
5844.0	5.1979999999999995	16.0
5860.0	5.204	16.0
5876.0	5.218	16.0
5892.0	5.223	16.0
5908.0	5.222	16.0
5924.0	5.224	16.0
5940.0	5.23	16.0
5956.0	5.239	16.0
5972.0	5.242000000000001	16.0
5988.0	5.245	16.0
6004.0	5.247000000000001	16.0
6020.0	5.252999999999999	16.0
6036.0	5.26	16.0
6052.0	5.26	16.0
6068.0	5.257999999999999	16.0
6084.0	5.265	16.0
6100.0	5.265	16.0
6116.0	5.265	16.0
6132.0	5.268	16.0
6148.0	5.279	16.0
6164.0	5.2829999999999995	16.0
6180.0	5.278	16.0
6196.0	5.285	16.0
6212.0	5.29	16.0
6228.0	5.295	16.0
6244.0	5.296	16.0
6260.0	5.2989999999999995	16.0
6276.0	5.318	16.0
6292.0	5.324	16.0
6308.0	5.317	16.0
6324.0	5.313	16.0
6340.0	5.316	16.0
6356.0	5.318	16.0
6372.0	5.3229999999999995	16.0
6388.0	5.32	16.0
6404.0	5.321000000000001	16.0
6420.0	5.325	16.0
6436.0	5.327999999999999	16.0
6452.0	5.332999999999999	16.0
6468.0	5.337000000000001	16.0
6484.0	5.343999999999999	16.0
6500.0	5.347	16.0
6516.0	5.354	16.0
6532.0	5.367999999999999	16.0
6548.0	5.45	16.0
6564.0	5.596	16.0
6580.0	5.436	16.0
6596.0	5.375	16.0
6612.0	5.367999999999999	16.0
6628.0	5.3660000000000005	16.0
6644.0	5.369	16.0
6660.0	5.372000000000001	16.0
6676.0	5.376	16.0
6692.0	5.374	16.0
6708.0	5.376	16.0
6724.0	5.38	16.0
6740.0	5.382999999999999	16.0
6756.0	5.391	16.0
6772.0	5.394	16.0
6788.0	5.398	16.0
6804.0	5.402	16.0
6820.0	5.407	16.0
6836.0	5.41	16.0
6852.0	5.4270000000000005	16.0
6868.0	5.566	16.0
6884.0	5.5729999999999995	16.0
6900.0	5.535	16.0
6916.0	5.485	16.0
6932.0	5.461	16.0
6948.0	5.454	16.0
6964.0	5.4479999999999995	16.0
6980.0	5.4479999999999995	16.0
6996.0	5.456	16.0
7012.0	5.459	16.0
7028.0	5.462999999999999	16.0
7044.0	5.462999999999999	16.0
7060.0	5.468	16.0
7076.0	5.468999999999999	16.0
7092.0	5.47	16.0
7108.0	5.475	16.0
7124.0	5.478	16.0
7140.0	5.483	16.0
7156.0	5.495	16.0
7172.0	5.53	16.0
7188.0	5.565	16.0
7204.0	5.5520000000000005	16.0
7220.0	5.522	16.0
7236.0	5.5520000000000005	16.0
7252.0	5.553999999999999	16.0
7268.0	5.5520000000000005	16.0
7284.0	5.551	16.0
7300.0	5.547999999999999	16.0
7316.0	5.542000000000001	16.0
7332.0	5.532	16.0
7348.0	5.5329999999999995	16.0
7364.0	5.5329999999999995	16.0
7380.0	5.5360000000000005	16.0
7396.0	5.535	16.0
7412.0	5.539	16.0
7428.0	5.542000000000001	16.0
7444.0	5.544	16.0
7460.0	5.546	16.0
7476.0	5.5520000000000005	16.0
7492.0	5.553	16.0
7508.0	5.555	16.0
7524.0	5.559	16.0
7540.0	5.563	16.0
7556.0	5.565	16.0
7572.0	5.571000000000001	16.0
7588.0	5.736000000000001	16.0
7604.0	6.492999999999999	16.0
7620.0	6.2139999999999995	16.0
7636.0	6.172999999999999	16.0
7652.0	5.91	16.0
7668.0	5.712000000000001	16.0
7684.0	5.63	16.0
7700.0	5.603	16.0
7716.0	5.595	16.0
7732.0	5.597	16.0
7748.0	5.599	16.0
7764.0	5.61	16.0
7780.0	5.621	16.0
7796.0	5.608	16.0
7812.0	5.61	16.0
7828.0	5.614	16.0
7844.0	5.617999999999999	16.0
7860.0	5.619	16.0
7876.0	5.626	16.0
7892.0	5.632999999999999	16.0
7908.0	5.6339999999999995	16.0
7924.0	5.6339999999999995	16.0
7940.0	5.6370000000000005	16.0
7956.0	5.642	16.0
7972.0	5.642	16.0
7988.0	5.644	16.0
8004.0	5.65	16.0
8020.0	5.652	16.0
8036.0	5.656000000000001	16.0
8052.0	5.656000000000001	16.0
8068.0	5.6579999999999995	16.0
8084.0	5.662999999999999	16.0
8100.0	5.667000000000001	16.0
8116.0	5.675	16.0
8132.0	5.699	16.0
8148.0	5.726	16.0
8164.0	5.752000000000001	16.0
8180.0	5.747000000000001	16.0
8196.0	5.733	16.0
8212.0	5.7170000000000005	16.0
8228.0	5.77	16.0
8244.0	5.733	16.0
8260.0	5.722	16.0
8276.0	5.74	16.0
8292.0	5.745	16.0
8308.0	5.736000000000001	16.0
8324.0	5.736000000000001	16.0
8340.0	5.73	16.0
8356.0	5.727	16.0
8372.0	5.726	16.0
8388.0	5.728	16.0
8404.0	5.732	16.0
8420.0	5.73	16.0
8436.0	5.742999999999999	16.0
8452.0	5.745	16.0
8468.0	5.744	16.0
8484.0	5.735	16.0
8500.0	5.757999999999999	16.0
8516.0	5.739	16.0
8532.0	5.747000000000001	16.0
8548.0	5.7860000000000005	16.0
8564.0	5.733	16.0
8580.0	5.734	16.0
8596.0	5.808	16.0
8612.0	5.765	16.0
8628.0	5.71	16.0
8644.0	5.732	16.0
8660.0	5.832999999999999	16.0
8676.0	5.813	16.0
8692.0	5.718	16.0
8708.0	5.695	16.0
8724.0	5.722	16.0
8740.0	5.8229999999999995	16.0
8756.0	5.885	16.0
8772.0	5.763999999999999	16.0
8788.0	5.71	16.0
8804.0	5.704	16.0
8820.0	5.709	16.0
8836.0	5.7410000000000005	16.0
8852.0	5.859	16.0
8868.0	5.934	16.0
8884.0	5.795	16.0
8900.0	5.737	16.0
8916.0	5.73	16.0
8932.0	5.737	16.0
8948.0	5.755	16.0
8964.0	5.794	16.0
8980.0	5.836	16.0
8996.0	5.928	16.0
9012.0	6.069	16.0
9028.0	5.968999999999999	16.0
9044.0	5.818	16.0
9060.0	5.807	16.0
9076.0	5.835	16.0
9092.0	5.832000000000001	16.0
9108.0	5.827000000000001	16.0
9124.0	5.834	16.0
9140.0	5.848	16.0
9156.0	5.856	16.0
9172.0	5.85	16.0
9188.0	5.848	16.0
9204.0	5.8629999999999995	16.0
9220.0	6.007000000000001	16.0
9236.0	6.064	16.0
9252.0	5.912999999999999	16.0
9268.0	5.871	16.0
9284.0	5.902	16.0
9300.0	5.968	16.0
9316.0	6.107	16.0
9332.0	6.212999999999999	16.0
9348.0	6.261	16.0
9364.0	6.2139999999999995	16.0
9380.0	6.162000000000001	16.0
9396.0	5.997999999999999	16.0
9412.0	6.024	16.0
9428.0	6.12	16.0
9444.0	6.148	16.0
9460.0	6.12	16.0
9476.0	6.097	16.0
9492.0	6.115	16.0
9508.0	6.096	16.0
9524.0	6.167000000000001	16.0
9540.0	6.276	16.0
9556.0	6.285	16.0
9572.0	6.106	16.0
9588.0	6.086	16.0
9604.0	6.034	16.0
9620.0	6.023	16.0
9636.0	6.007999999999999	16.0
9652.0	5.992000000000001	16.0
9668.0	5.965	16.0
9684.0	5.926	16.0
9700.0	5.916	16.0
9716.0	5.931	16.0
9732.0	5.954	16.0
9748.0	5.971	16.0
9764.0	5.9639999999999995	16.0
9780.0	5.941	16.0
9796.0	5.952000000000001	16.0
9812.0	5.932	16.0
9828.0	5.917999999999999	16.0
9844.0	5.916	16.0
9860.0	5.902	16.0
9876.0	5.915	16.0
9892.0	5.909	16.0
9908.0	5.909	16.0
9924.0	5.902	16.0
9940.0	5.912999999999999	16.0
9956.0	5.926	16.0
9972.0	5.912999999999999	16.0
9988.0	5.934	16.0
10004.0	5.943	16.0
10020.0	5.959	16.0
10036.0	6.051	16.0
10052.0	6.167000000000001	16.0
10068.0	6.039	16.0
10084.0	5.946000000000001	16.0
10100.0	5.931	16.0
10116.0	5.935	16.0
10132.0	5.932	16.0
10148.0	5.9110000000000005	16.0
10164.0	5.926	16.0
10180.0	5.921	16.0
10196.0	5.944	16.0
10212.0	5.894	16.0
10228.0	5.896	16.0
10244.0	5.922000000000001	16.0
10260.0	5.928	16.0
10276.0	5.928999999999999	16.0
10292.0	5.932	16.0
10308.0	6.021	16.0
10324.0	5.896	16.0
10340.0	6.1160000000000005	16.0
10356.0	6.013	16.0
10372.0	6.025	16.0
10388.0	5.976	16.0
10404.0	6.018	16.0
