3300.0	14.097000000000001	50.0
3350.0	14.059000000000001	50.0
3400.0	14.054	50.0
3450.0	14.075999999999999	50.0
3500.0	14.059000000000001	50.0
3550.0	14.047	50.0
3600.0	14.033	50.0
3650.0	14.019	50.0
3700.0	14.019	50.0
3750.0	14.017000000000001	50.0
3800.0	14.015	50.0
3850.0	14.005999999999998	50.0
3900.0	14.019	50.0
3950.0	14.011	50.0
4000.0	14.015	50.0
4050.0	13.993	50.0
4100.0	13.998	50.0
4150.0	14.005	50.0
4200.0	14.005	50.0
4250.0	14.009	50.0
4300.0	14.013	50.0
4350.0	14.025	50.0
4400.0	14.03	50.0
4450.0	14.049000000000001	50.0
4500.0	14.039000000000001	50.0
4550.0	14.034	50.0
4600.0	14.038	50.0
4650.0	14.048	50.0
4700.0	14.05	50.0
4750.0	14.058	50.0
4800.0	14.061	50.0
4850.0	14.064	50.0
4900.0	14.062999999999999	50.0
4950.0	14.061	50.0
5000.0	14.064	50.0
5050.0	14.067	50.0
5100.0	14.069	50.0
5150.0	14.068	50.0
5200.0	14.073	50.0
5250.0	14.08	50.0
5300.0	14.091	50.0
5350.0	14.09	50.0
5400.0	14.095	50.0
5450.0	14.104000000000001	50.0
5500.0	14.109000000000002	50.0
5550.0	14.116	50.0
5600.0	14.118	50.0
5650.0	14.134	50.0
5700.0	14.147	50.0
5750.0	14.155	50.0
5800.0	14.16	50.0
5850.0	14.190999999999999	50.0
5900.0	14.197000000000001	50.0
5950.0	14.174000000000001	50.0
6000.0	14.175999999999998	50.0
6050.0	14.182	50.0
6100.0	14.184000000000001	50.0
6150.0	14.192	50.0
6200.0	14.198	50.0
6250.0	14.205	50.0
6300.0	14.222999999999999	50.0
6350.0	14.207	50.0
6400.0	14.22	50.0
6450.0	14.22	50.0
6500.0	14.225	50.0
6550.0	14.258	50.0
6600.0	14.242	50.0
6650.0	14.249	50.0
6700.0	14.257	50.0
6750.0	14.25	50.0
6800.0	14.265999999999998	50.0
6850.0	14.317	50.0
6900.0	14.377	50.0
6950.0	14.305	50.0
7000.0	14.305	50.0
7050.0	14.312999999999999	50.0
7100.0	14.315999999999999	50.0
7150.0	14.328	50.0
7200.0	14.39	50.0
7250.0	14.395999999999999	50.0
7300.0	14.384	50.0
7350.0	14.365	50.0
7400.0	14.364	50.0
7450.0	14.366	50.0
7500.0	14.375	50.0
7550.0	14.39	50.0
7600.0	14.847000000000001	50.0
7650.0	14.747	50.0
7700.0	14.423	50.0
7750.0	14.399000000000001	50.0
7800.0	14.414000000000001	50.0
7850.0	14.424000000000001	50.0
7900.0	14.434000000000001	50.0
7950.0	14.431	50.0
8000.0	14.440999999999999	50.0
8050.0	14.452	50.0
8100.0	14.459000000000001	50.0
8150.0	14.52	50.0
8200.0	14.517000000000001	50.0
8250.0	14.524000000000001	50.0
8300.0	14.535	50.0
8350.0	14.519	50.0
8400.0	14.517999999999999	50.0
8450.0	14.511	50.0
8500.0	14.529000000000002	50.0
8550.0	14.530999999999999	50.0
8600.0	14.56	50.0
8650.0	14.554	50.0
8700.0	14.555	50.0
8750.0	14.585	50.0
8800.0	14.609000000000002	50.0
8850.0	14.64	50.0
8900.0	14.64	50.0
8950.0	14.681	50.0
9000.0	14.73	50.0
9050.0	14.687000000000001	50.0
9100.0	14.739	50.0
9150.0	14.752	50.0
9200.0	14.741	50.0
9250.0	14.74	50.0
9300.0	14.9	50.0
9350.0	15.165999999999999	50.0
9400.0	14.96	50.0
9450.0	15.033	50.0
9500.0	14.98	50.0
9550.0	14.949000000000002	50.0
9600.0	14.878	50.0
9650.0	14.81	50.0
9700.0	14.76	50.0
9750.0	14.888	50.0
9800.0	14.857999999999999	50.0
9850.0	14.823	50.0
9900.0	14.737	50.0
9950.0	14.876	50.0
