3300.0	11.929	50.0
3350.0	11.88	50.0
3400.0	11.870999999999999	50.0
3450.0	11.857000000000001	50.0
3500.0	11.84	50.0
3550.0	11.808	50.0
3600.0	11.769	50.0
3650.0	11.743	50.0
3700.0	11.716	50.0
3750.0	11.699000000000002	50.0
3800.0	11.675999999999998	50.0
3850.0	11.655999999999999	50.0
3900.0	11.645	50.0
3950.0	11.635	50.0
4000.0	11.626	50.0
4050.0	11.617	50.0
4100.0	11.609000000000002	50.0
4150.0	11.605	50.0
4200.0	11.595999999999998	50.0
4250.0	11.589	50.0
4300.0	11.585999999999999	50.0
4350.0	11.587	50.0
4400.0	11.574000000000002	50.0
4450.0	11.565	50.0
4500.0	11.565999999999999	50.0
4550.0	11.564	50.0
4600.0	11.568	50.0
4650.0	11.59	50.0
4700.0	11.605	50.0
4750.0	11.56	50.0
4800.0	11.537	50.0
4850.0	11.527999999999999	50.0
4900.0	11.522	50.0
4950.0	11.519	50.0
5000.0	11.527999999999999	50.0
5050.0	11.552	50.0
5100.0	11.581	50.0
5150.0	11.585	50.0
5200.0	11.505	50.0
5250.0	11.501	50.0
5300.0	11.501	50.0
5350.0	11.499	50.0
5400.0	11.5	50.0
5450.0	11.505999999999998	50.0
5500.0	11.509	50.0
5550.0	11.512	50.0
5600.0	11.507	50.0
5650.0	11.501	50.0
5700.0	11.501	50.0
5750.0	11.507	50.0
5800.0	11.5	50.0
5850.0	11.495999999999999	50.0
5900.0	11.505999999999998	50.0
5950.0	11.504000000000001	50.0
6000.0	11.505	50.0
6050.0	11.505999999999998	50.0
6100.0	11.508	50.0
6150.0	11.509	50.0
6200.0	11.508	50.0
6250.0	11.515	50.0
6300.0	11.527999999999999	50.0
6350.0	11.514000000000001	50.0
6400.0	11.512	50.0
6450.0	11.51	50.0
6500.0	11.513	50.0
6550.0	11.515999999999998	50.0
6600.0	11.513	50.0
6650.0	11.512	50.0
6700.0	11.511	50.0
6750.0	11.514000000000001	50.0
6800.0	11.519	50.0
6850.0	11.572000000000001	50.0
6900.0	11.630999999999998	50.0
6950.0	11.554	50.0
7000.0	11.549000000000001	50.0
7050.0	11.548	50.0
7100.0	11.547	50.0
7150.0	11.569	50.0
7200.0	11.63	50.0
7250.0	11.625	50.0
7300.0	11.613	50.0
7350.0	11.582	50.0
7400.0	11.577	50.0
7450.0	11.577	50.0
7500.0	11.58	50.0
7550.0	11.583	50.0
7600.0	12.058	50.0
7650.0	11.933	50.0
7700.0	11.607000000000001	50.0
7750.0	11.591	50.0
7800.0	11.593	50.0
7850.0	11.597000000000001	50.0
7900.0	11.605	50.0
7950.0	11.609000000000002	50.0
8000.0	11.613	50.0
8050.0	11.614	50.0
8100.0	11.627	50.0
8150.0	11.7	50.0
8200.0	11.69	50.0
8250.0	11.689	50.0
8300.0	11.684000000000001	50.0
8350.0	11.658	50.0
8400.0	11.651	50.0
8450.0	11.652999999999999	50.0
8500.0	11.655	50.0
8550.0	11.663	50.0
8600.0	11.663	50.0
8650.0	11.674000000000001	50.0
8700.0	11.681	50.0
8750.0	11.687000000000001	50.0
8800.0	11.694	50.0
8850.0	11.708	50.0
8900.0	11.710999999999999	50.0
8950.0	11.773	50.0
9000.0	11.850999999999999	50.0
9050.0	11.799000000000001	50.0
9100.0	11.842	50.0
9150.0	11.859000000000002	50.0
9200.0	11.823	50.0
9250.0	11.814	50.0
9300.0	12.040999999999999	50.0
9350.0	12.35	50.0
9400.0	12.093	50.0
9450.0	12.185	50.0
9500.0	12.142999999999999	50.0
9550.0	12.113	50.0
9600.0	12.057	50.0
9650.0	11.979000000000001	50.0
9700.0	11.894	50.0
9750.0	11.915	50.0
9800.0	11.895	50.0
9850.0	11.857000000000001	50.0
9900.0	11.825	50.0
9950.0	11.835999999999999	50.0
10000.0	11.837	50.0
10050.0	11.787	50.0
10100.0	11.85	50.0
10150.0	11.843	50.0
10200.0	11.869000000000002	50.0
