3300.0	14.083	50.0
3350.0	14.054	50.0
3400.0	14.057	50.0
3450.0	14.073	50.0
3500.0	14.07	50.0
3550.0	14.055	50.0
3600.0	14.039000000000001	50.0
3650.0	14.024000000000001	50.0
3700.0	14.026	50.0
3750.0	14.015	50.0
3800.0	14.012	50.0
3850.0	14.001	50.0
3900.0	13.995	50.0
3950.0	14.026	50.0
4000.0	13.929	50.0
4050.0	13.85	50.0
4100.0	14.164000000000001	50.0
4150.0	13.83	50.0
4200.0	13.695	50.0
4250.0	13.718	50.0
4300.0	13.922	50.0
4350.0	14.228	50.0
4400.0	13.819	50.0
4450.0	13.703	50.0
4500.0	13.674000000000001	50.0
4550.0	13.658	50.0
4600.0	13.665999999999999	50.0
4650.0	13.68	50.0
4700.0	13.702	50.0
4750.0	13.753	50.0
4800.0	13.874	50.0
4850.0	14.251	50.0
4900.0	14.01	50.0
4950.0	13.805	50.0
5000.0	13.745999999999999	50.0
5050.0	13.727	50.0
5100.0	13.722999999999999	50.0
5150.0	13.724	50.0
5200.0	13.720999999999998	50.0
5250.0	13.729000000000001	50.0
5300.0	13.735999999999999	50.0
5350.0	13.74	50.0
5400.0	13.755999999999998	50.0
5450.0	13.755	50.0
5500.0	13.758	50.0
5550.0	13.78	50.0
5600.0	13.782	50.0
5650.0	13.79	50.0
5700.0	13.808	50.0
5750.0	13.827	50.0
5800.0	13.825	50.0
5850.0	13.823	50.0
5900.0	13.837	50.0
5950.0	13.844000000000001	50.0
6000.0	13.853	50.0
6050.0	13.864	50.0
6100.0	13.876	50.0
6150.0	13.88	50.0
6200.0	13.892000000000001	50.0
6250.0	13.904000000000002	50.0
6300.0	13.927	50.0
6350.0	13.931	50.0
6400.0	13.956	50.0
6450.0	13.992	50.0
6500.0	14.100999999999999	50.0
6550.0	14.394	50.0
6600.0	14.231	50.0
6650.0	14.059000000000001	50.0
6700.0	14.008	50.0
6750.0	13.995	50.0
6800.0	13.994000000000002	50.0
6850.0	14.038	50.0
6900.0	14.099	50.0
6950.0	14.022	50.0
7000.0	14.022	50.0
7050.0	14.023	50.0
7100.0	14.03	50.0
7150.0	14.057	50.0
7200.0	14.120999999999999	50.0
7250.0	14.12	50.0
7300.0	14.118	50.0
7350.0	14.091	50.0
7400.0	14.081	50.0
7450.0	14.089	50.0
7500.0	14.1	50.0
7550.0	14.100999999999999	50.0
7600.0	14.575	50.0
7650.0	14.450999999999999	50.0
7700.0	14.136	50.0
7750.0	14.130999999999998	50.0
7800.0	14.13	50.0
7850.0	14.142000000000001	50.0
7900.0	14.147	50.0
7950.0	14.155999999999999	50.0
8000.0	14.162	50.0
8050.0	14.172	50.0
8100.0	14.184000000000001	50.0
8150.0	14.262	50.0
8200.0	14.252	50.0
8250.0	14.253	50.0
8300.0	14.244000000000002	50.0
8350.0	14.228	50.0
8400.0	14.229000000000001	50.0
8450.0	14.229000000000001	50.0
8500.0	14.235999999999999	50.0
8550.0	14.259	50.0
8600.0	14.267000000000001	50.0
8650.0	14.276	50.0
8700.0	14.283	50.0
8750.0	14.290999999999999	50.0
8800.0	14.298	50.0
8850.0	14.317	50.0
8900.0	14.339	50.0
8950.0	14.385	50.0
9000.0	14.472000000000001	50.0
9050.0	14.42	50.0
9100.0	14.481	50.0
9150.0	14.489	50.0
9200.0	14.467	50.0
9250.0	14.466	50.0
9300.0	14.697000000000001	50.0
9350.0	15.017999999999999	50.0
9400.0	14.731	50.0
9450.0	14.783	50.0
9500.0	14.829	50.0
9550.0	14.747	50.0
9600.0	14.684000000000001	50.0
9650.0	14.572000000000001	50.0
9700.0	14.517000000000001	50.0
9750.0	14.507	50.0
9800.0	14.5	50.0
9850.0	14.487	50.0
9900.0	14.431	50.0
9950.0	14.527000000000001	50.0
