#wave	flux
1150.0	0.0
1155.0	0.010112000000000001
1160.0	0.035476
1165.0	0.0
1170.0	0.0
1175.0	0.0
1180.0	0.0
1185.0	0.0
1190.0	0.0
1195.0	0.0
1200.0	0.0
1205.0	0.0017670000000000001
1210.0	0.029337000000000002
1215.0	0.044392
1220.0	0.019819
1225.0	0.0077599999999999995
1230.0	0.005219
1235.0	0.00487
1240.0	0.0046
1245.0	0.000782
1250.0	0.006129
1255.0	0.00615
1260.0	0.004974
1265.0	0.004305
1270.0	0.005035
1275.0	0.004842
1280.0	0.006096
1285.0	0.004384000000000001
1290.0	0.004738
1295.0	0.00144
1300.0	0.0039829999999999996
1305.0	0.003084
1310.0	0.002804
1315.0	0.0036810000000000002
1320.0	0.001503
1325.0	0.001259
1330.0	0.002836
1335.0	0.002611
1340.0	0.004889
1345.0	0.005078
1350.0	0.004925
1355.0	0.008154999999999999
1360.0	0.006243
1365.0	0.001535
1370.0	0.0018620000000000002
1375.0	0.00703
1380.0	0.008657999999999999
1385.0	0.004118999999999999
1390.0	0.003104
1395.0	0.0041719999999999995
1400.0	0.004213000000000001
1405.0	0.0055509999999999995
1410.0	0.000185
1415.0	0.001284
1420.0	0.00592
1425.0	0.007148000000000001
1430.0	0.006368
1435.0	0.007133
1440.0	0.0072299999999999994
1445.0	0.009398
1450.0	0.011723
1455.0	0.010506
1460.0	0.008776
1465.0	0.009922
1470.0	0.009787
1475.0	0.009197
1480.0	0.007739
1485.0	0.012502
1490.0	0.01196
1495.0	0.014853
1500.0	0.014663999999999998
1505.0	0.013581000000000001
1510.0	0.012138
1515.0	0.014113999999999998
1520.0	0.017457
1525.0	0.018865
1530.0	0.021896000000000002
1535.0	0.029057999999999997
1540.0	0.037799
1545.0	0.048530000000000004
1550.0	0.052848
1555.0	0.055661
1560.0	0.070154
1565.0	0.084374
1570.0	0.077362
1575.0	0.101298
1580.0	0.129886
1585.0	0.130405
1590.0	0.11889200000000001
1595.0	0.113174
1600.0	0.12753699999999998
1605.0	0.134704
1610.0	0.14527400000000001
1615.0	0.156276
1620.0	0.15446400000000002
1625.0	0.163653
1630.0	0.15963
1635.0	0.181385
1640.0	0.211569
1645.0	0.22965700000000003
1650.0	0.207432
1655.0	0.17019
1660.0	0.214272
1665.0	0.256604
1670.0	0.201546
1675.0	0.224185
1680.0	0.26405500000000004
1685.0	0.272627
1690.0	0.274305
1695.0	0.271454
1700.0	0.300772
1705.0	0.34697100000000003
1710.0	0.386861
1715.0	0.41525100000000004
1720.0	0.414083
1725.0	0.422559
1730.0	0.466747
1735.0	0.46792100000000003
1740.0	0.46320500000000003
1745.0	0.484484
1750.0	0.538499
1755.0	0.5757359999999999
1760.0	0.526849
1765.0	0.491737
1770.0	0.535064
1775.0	0.599999
1780.0	0.626271
1785.0	0.5737949999999999
1790.0	0.575837
1795.0	0.680539
1800.0	0.715476
1805.0	0.66915
1810.0	0.6532439999999999
1815.0	0.674579
1820.0	0.68893
1825.0	0.690887
1830.0	0.671984
1835.0	0.624731
1840.0	0.53214
1845.0	0.504905
1850.0	0.509707
1855.0	0.533169
1860.0	0.566599
1865.0	0.594493
1870.0	0.633111
1875.0	0.642245
1880.0	0.676764
1885.0	0.689008
1890.0	0.663292
1895.0	0.617595
1900.0	0.57515
1905.0	0.607594
1910.0	0.627012
1915.0	0.67135
1920.0	0.681233
1925.0	0.601963
1930.0	0.53384
1935.0	0.566485
1940.0	0.6705409999999999
1945.0	0.7073689999999999
1950.0	0.708627
1955.0	0.692887
1960.0	0.667588
1965.0	0.667686
1970.0	0.651047
1975.0	0.682029
1980.0	0.679248
1985.0	0.686897
1990.0	0.659822
1995.0	0.619402
2000.0	0.623085
2005.0	0.6443949999999999
2010.0	0.6103350000000001
2015.0	0.608527
2020.0	0.607278
2025.0	0.614305
2030.0	0.617175
2035.0	0.626261
2040.0	0.63994
2045.0	0.64185
2050.0	0.696646
2055.0	0.715428
2060.0	0.650878
2065.0	0.647524
2070.0	0.668823
2075.0	0.681769
2080.0	0.716492
2085.0	0.7419520000000001
2090.0	0.7499779999999999
2095.0	0.730749
2100.0	0.710472
2105.0	0.692581
2110.0	0.671304
2115.0	0.659397
2120.0	0.6425350000000001
2125.0	0.686194
2130.0	0.690718
2135.0	0.5851
2140.0	0.514737
2145.0	0.540255
2150.0	0.6129479999999999
2155.0	0.620163
2160.0	0.629078
2165.0	0.604543
2170.0	0.567451
2175.0	0.53679
2180.0	0.535045
2185.0	0.580701
2190.0	0.615626
2195.0	0.630337
2200.0	0.655744
2205.0	0.65893
2210.0	0.620033
2215.0	0.553369
2220.0	0.525046
2225.0	0.522951
2230.0	0.5430510000000001
2235.0	0.5469149999999999
2240.0	0.5987020000000001
2245.0	0.585284
2250.0	0.52313
2255.0	0.502785
2260.0	0.508325
2265.0	0.496007
2270.0	0.50561
2275.0	0.5106649999999999
2280.0	0.550551
2285.0	0.555443
2290.0	0.585447
2295.0	0.5871649999999999
2300.0	0.550786
2305.0	0.495129
2310.0	0.49272200000000005
2315.0	0.520173
2320.0	0.504818
2325.0	0.499338
2330.0	0.491241
2335.0	0.468923
2340.0	0.44709399999999994
2345.0	0.41426499999999994
2350.0	0.39515500000000003
2355.0	0.42340900000000004
2360.0	0.47513500000000003
2365.0	0.42919700000000005
2370.0	0.41590600000000005
2375.0	0.45586000000000004
2380.0	0.45300200000000007
2385.0	0.414516
2390.0	0.364036
2395.0	0.388762
2400.0	0.404585
2405.0	0.39781500000000003
2410.0	0.368462
2415.0	0.35123000000000004
2420.0	0.400677
2425.0	0.469792
2430.0	0.49845100000000003
2435.0	0.48658999999999997
2440.0	0.470138
2445.0	0.485282
2450.0	0.508675
2455.0	0.488443
2460.0	0.492037
2465.0	0.504223
2470.0	0.457793
2475.0	0.43918599999999997
2480.0	0.44835600000000003
2485.0	0.452255
2490.0	0.46474399999999993
2495.0	0.44147600000000004
2500.0	0.494864
2505.0	0.553231
2510.0	0.533038
2515.0	0.500283
2520.0	0.46176300000000003
2525.0	0.416692
2530.0	0.394034
2535.0	0.396057
2540.0	0.39936
2545.0	0.396874
2550.0	0.39953299999999997
2555.0	0.418809
2560.0	0.46638
2565.0	0.472084
2570.0	0.49857299999999993
2575.0	0.553502
2580.0	0.49172899999999997
2585.0	0.47891999999999996
2590.0	0.513981
2595.0	0.534507
2600.0	0.5273100000000001
2605.0	0.48480500000000004
2610.0	0.46216499999999994
2615.0	0.43850100000000003
2620.0	0.485421
2625.0	0.5321199999999999
2630.0	0.5138550000000001
2635.0	0.494526
2640.0	0.593381
2645.0	0.6682020000000001
2650.0	0.709052
2655.0	0.700396
2660.0	0.68992
2665.0	0.633534
2670.0	0.585806
2675.0	0.598197
2680.0	0.63115
2685.0	0.628831
2690.0	0.61688
2695.0	0.5824060000000001
2700.0	0.590581
2705.0	0.6085699999999999
2710.0	0.599201
2715.0	0.55771
2720.0	0.5520609999999999
2725.0	0.5564859999999999
2730.0	0.597036
2735.0	0.639139
2740.0	0.61302
2745.0	0.536343
2750.0	0.48818100000000003
2755.0	0.480162
2760.0	0.495104
2765.0	0.536825
2770.0	0.5505770000000001
2775.0	0.5547340000000001
2780.0	0.579966
2785.0	0.5461699999999999
2790.0	0.5511560000000001
2795.0	0.481573
2800.0	0.32865900000000003
2805.0	0.304693
2810.0	0.413016
2815.0	0.568873
2820.0	0.6651520000000001
2825.0	0.703872
2830.0	0.678579
2835.0	0.6728770000000001
2840.0	0.649048
2845.0	0.6045510000000001
2850.0	0.601413
2855.0	0.592134
2860.0	0.588374
2865.0	0.6354529999999999
2870.0	0.628134
2875.0	0.630405
2880.0	0.639483
2885.0	0.646964
2890.0	0.640215
2895.0	0.6272979999999999
2900.0	0.629729
2905.0	0.654855
2910.0	0.70648
2915.0	0.7246520000000001
2920.0	0.732838
2925.0	0.6934670000000001
2930.0	0.664171
2935.0	0.670408
2940.0	0.676403
2945.0	0.704504
2950.0	0.69317
2955.0	0.683085
2960.0	0.726553
2965.0	0.752268
2970.0	0.733245
2975.0	0.715152
2980.0	0.733119
2985.0	0.727787
2990.0	0.728056
2995.0	0.770202
3000.0	0.759999
3005.0	0.715679
3010.0	0.742422
3015.0	0.757393
3020.0	0.733284
3025.0	0.702522
3030.0	0.705597
3035.0	0.713627
3040.0	0.7280260000000001
3045.0	0.7352569999999999
3050.0	0.7279439999999999
3055.0	0.7281350000000001
3060.0	0.716145
3065.0	0.697032
3070.0	0.705283
3075.0	0.7243029999999999
3080.0	0.7411810000000001
3085.0	0.7543
3090.0	0.760239
3095.0	0.755319
3100.0	0.7145640000000001
3105.0	0.712989
3110.0	0.713815
3115.0	0.737271
3120.0	0.731722
3125.0	0.728676
3130.0	0.734064
3135.0	0.740147
3140.0	0.761946
3145.0	0.797493
3150.0	0.7966770000000001
3155.0	0.781423
3160.0	0.7765770000000001
3165.0	0.795525
3170.0	0.809603
3175.0	0.802516
3180.0	0.7555109999999999
3185.0	0.7456229999999999
3190.0	0.792941
3195.0	0.786098
3200.0	0.775437
3205.0	0.7790229999999999
3210.0	0.783532
3215.0	0.768305
3220.0	0.7460140000000001
3225.0	0.733132
3230.0	0.72802
3235.0	0.7261380000000001
3240.0	0.729441
3245.0	0.74006
3250.0	0.754306
3255.0	0.76672
3260.0	0.7705770000000001
3265.0	0.759649
3270.0	0.730962
3275.0	0.689513
3280.0	0.668929
3285.0	0.695304
3290.0	0.735969
3295.0	0.7537590000000001
3300.0	0.752261
3305.0	0.743913
3310.0	0.735793
3315.0	0.73201
3320.0	0.730141
3325.0	0.7272029999999999
3330.0	0.724503
3335.0	0.723318
3340.0	0.72051
3345.0	0.714589
3350.0	0.715061
3355.0	0.7280260000000001
3360.0	0.7349680000000001
3365.0	0.719713
3370.0	0.700087
3375.0	0.6962010000000001
3380.0	0.703332
3385.0	0.711779
3390.0	0.7167939999999999
3395.0	0.7167439999999999
3400.0	0.717533
3405.0	0.724404
3410.0	0.732433
3415.0	0.735359
3420.0	0.731749
3425.0	0.722378
3430.0	0.71203
3435.0	0.705838
3440.0	0.706335
3445.0	0.713601
3450.0	0.720508
3455.0	0.720588
3460.0	0.7172310000000001
3465.0	0.7151569999999999
3470.0	0.714581
3475.0	0.714245
3480.0	0.711535
3485.0	0.705034
3490.0	0.699488
3495.0	0.699515
3500.0	0.70306
3505.0	0.707091
3510.0	0.71134
3515.0	0.715774
3520.0	0.718536
3525.0	0.7186899999999999
3530.0	0.7208220000000001
3535.0	0.728834
3540.0	0.738383
3545.0	0.743958
3550.0	0.743614
3555.0	0.748155
3560.0	0.7327170000000001
3565.0	0.715044
3570.0	0.706238
3575.0	0.720341
3580.0	0.7118680000000001
3585.0	0.7028989999999999
3590.0	0.714773
3595.0	0.740366
3600.0	0.736644
3605.0	0.719487
3610.0	0.734367
3615.0	0.722845
3620.0	0.727543
3625.0	0.7602140000000001
3630.0	0.766988
3635.0	0.7732760000000001
3640.0	0.766523
3645.0	0.752414
3650.0	0.752659
3655.0	0.777257
3660.0	0.7870159999999999
3665.0	0.791661
3670.0	0.795639
3675.0	0.790046
3680.0	0.781406
3685.0	0.779312
3690.0	0.786697
3695.0	0.7745310000000001
3700.0	0.788026
3705.0	0.770443
3710.0	0.791413
3715.0	0.837548
3720.0	0.829501
3725.0	0.868275
3730.0	0.886229
3735.0	0.821742
3740.0	0.943994
3745.0	0.932475
3750.0	0.859075
3755.0	1.0307620000000002
3760.0	1.124718
3765.0	1.0500909999999999
3770.0	0.915674
3775.0	1.086725
3780.0	1.343383
3785.0	1.383307
3790.0	1.235686
3795.0	0.9894540000000001
3800.0	0.9922280000000001
3805.0	1.2593020000000001
3810.0	1.44917
3815.0	1.5048489999999999
3820.0	1.497401
3825.0	1.3519860000000001
3830.0	1.098432
3835.0	0.924558
3840.0	1.1607049999999999
3845.0	1.473378
3850.0	1.648823
3855.0	1.7459900000000002
3860.0	1.824813
3865.0	1.882723
3870.0	1.81591
3875.0	1.641375
3880.0	1.4236719999999998
3885.0	1.113214
3890.0	0.994775
3895.0	1.2470299999999999
3900.0	1.493909
3905.0	1.681947
3910.0	1.851618
3915.0	1.89815
3920.0	1.8952
3925.0	1.821252
3930.0	1.449227
3935.0	1.399514
3940.0	1.764507
3945.0	1.836023
3950.0	1.7704529999999998
3955.0	1.609942
3960.0	1.362005
3965.0	0.975463
3970.0	0.8544870000000001
3975.0	1.173087
3980.0	1.4600229999999998
3985.0	1.6380190000000001
3990.0	1.7870810000000001
3995.0	1.879975
4000.0	1.923907
4005.0	1.934612
4010.0	1.972015
4015.0	2.010712
4020.0	2.034989
4025.0	2.009475
4030.0	1.989225
4035.0	2.002901
4040.0	2.0220119999999997
4045.0	1.990518
4050.0	2.011727
4055.0	1.985016
4060.0	1.927083
4065.0	1.8795959999999998
4070.0	1.834253
4075.0	1.763525
4080.0	1.7087869999999998
4085.0	1.620472
4090.0	1.457553
4095.0	1.187034
4100.0	0.942102
4105.0	1.0673709999999998
4110.0	1.336968
4115.0	1.5204600000000001
4120.0	1.64809
4125.0	1.7136939999999998
4130.0	1.763511
4135.0	1.8279509999999999
4140.0	1.8673369999999998
4145.0	1.874365
4150.0	1.882913
4155.0	1.8467349999999998
4160.0	1.868352
4165.0	1.896084
4170.0	1.865373
4175.0	1.8263880000000001
4180.0	1.832668
4185.0	1.8539419999999998
4190.0	1.8743319999999999
4195.0	1.852948
4200.0	1.8185240000000003
4205.0	1.8500400000000001
4210.0	1.855378
4215.0	1.8375689999999998
4220.0	1.821018
4225.0	1.770562
4230.0	1.78103
4235.0	1.78836
4240.0	1.798473
4245.0	1.770734
4250.0	1.7494330000000002
4255.0	1.772878
4260.0	1.788941
4265.0	1.805159
4270.0	1.760168
4275.0	1.750431
4280.0	1.791339
4285.0	1.758116
4290.0	1.7179939999999998
4295.0	1.6867029999999998
4300.0	1.627077
4305.0	1.6076540000000001
4310.0	1.5854979999999999
4315.0	1.5535860000000001
4320.0	1.5147709999999999
4325.0	1.424621
4330.0	1.288781
4335.0	1.061049
4340.0	0.8604350000000001
4345.0	0.989333
4350.0	1.188723
4355.0	1.340277
4360.0	1.477284
4365.0	1.54922
4370.0	1.57426
4375.0	1.610295
4380.0	1.627641
4385.0	1.606036
4390.0	1.645384
4395.0	1.646491
4400.0	1.634255
4405.0	1.635607
4410.0	1.649515
4415.0	1.620619
4420.0	1.630793
4425.0	1.639211
4430.0	1.637794
4435.0	1.6470200000000002
4440.0	1.647714
4445.0	1.625704
4450.0	1.635208
4455.0	1.621848
4460.0	1.632115
4465.0	1.617414
4470.0	1.610367
4475.0	1.608955
4480.0	1.548678
4485.0	1.5572700000000002
4490.0	1.574079
4495.0	1.597045
4500.0	1.5911819999999999
4505.0	1.607551
4510.0	1.620242
4515.0	1.601874
4520.0	1.568501
4525.0	1.556972
4530.0	1.54051
4535.0	1.56182
4540.0	1.575664
4545.0	1.5646579999999999
4550.0	1.5165879999999998
4555.0	1.521982
4560.0	1.535717
4565.0	1.538776
4570.0	1.5421
4575.0	1.537739
4580.0	1.5150709999999998
4585.0	1.508062
4590.0	1.524309
4595.0	1.52698
4600.0	1.533995
4605.0	1.5359770000000001
4610.0	1.532485
4615.0	1.515598
4620.0	1.509622
4625.0	1.511925
4630.0	1.4889629999999998
4635.0	1.491107
4640.0	1.511149
4645.0	1.498264
4650.0	1.48663
4655.0	1.491126
4660.0	1.490156
4665.0	1.468532
4670.0	1.470935
4675.0	1.484875
4680.0	1.481776
4685.0	1.4954049999999999
4690.0	1.475877
4695.0	1.471663
4700.0	1.4431829999999999
4705.0	1.434273
4710.0	1.4463629999999998
4715.0	1.434207
4720.0	1.432466
4725.0	1.435223
4730.0	1.417707
4735.0	1.402517
4740.0	1.399155
4745.0	1.4130260000000001
4750.0	1.416623
4755.0	1.405581
4760.0	1.39104
4765.0	1.378525
4770.0	1.3791010000000001
4775.0	1.384816
4780.0	1.37714
4785.0	1.363034
4790.0	1.356831
4795.0	1.358875
4800.0	1.335389
4805.0	1.355364
4810.0	1.339227
4815.0	1.3184790000000002
4820.0	1.307
4825.0	1.282208
4830.0	1.273696
4835.0	1.2579069999999999
4840.0	1.210374
4845.0	1.122519
4850.0	0.9982840000000001
4855.0	0.8565459999999999
4860.0	0.730202
4865.0	0.757289
4870.0	0.868901
4875.0	0.9845950000000001
4880.0	1.090714
4885.0	1.167063
4890.0	1.208373
4895.0	1.241638
4900.0	1.280858
4905.0	1.311447
4910.0	1.306141
4915.0	1.294255
4920.0	1.267041
4925.0	1.277287
4930.0	1.306125
4935.0	1.299915
4940.0	1.3151709999999999
4945.0	1.333473
4950.0	1.328196
4955.0	1.299736
4960.0	1.279901
4965.0	1.298314
4970.0	1.303382
4975.0	1.308027
4980.0	1.295714
4985.0	1.289662
4990.0	1.293547
4995.0	1.278683
5000.0	1.279056
5005.0	1.267196
5010.0	1.2576889999999998
5015.0	1.24783
5020.0	1.229221
5025.0	1.2453239999999999
5030.0	1.248976
5035.0	1.254581
5040.0	1.244249
5045.0	1.237003
5050.0	1.23499
5055.0	1.2346629999999998
5060.0	1.2554450000000001
5065.0	1.260818
5070.0	1.260425
5075.0	1.2550620000000001
5080.0	1.2503959999999998
5085.0	1.244905
5090.0	1.235537
5095.0	1.229834
5100.0	1.228711
5105.0	1.227339
5110.0	1.225474
5115.0	1.226436
5120.0	1.229517
5125.0	1.224301
5130.0	1.214718
5135.0	1.2151319999999999
5140.0	1.20585
5145.0	1.210114
5150.0	1.2128370000000002
5155.0	1.209088
5160.0	1.192156
5165.0	1.159366
5170.0	1.131923
5175.0	1.144526
5180.0	1.145599
5185.0	1.137533
5190.0	1.14582
5195.0	1.144893
5200.0	1.151613
5205.0	1.1438059999999999
5210.0	1.14963
5215.0	1.158361
5220.0	1.156814
5225.0	1.140306
5230.0	1.1195110000000001
5235.0	1.12532
5240.0	1.136631
5245.0	1.1492850000000001
5250.0	1.1460569999999999
5255.0	1.134036
5260.0	1.118339
5265.0	1.087572
5270.0	1.0733030000000001
5275.0	1.081827
5280.0	1.099681
5285.0	1.1163459999999998
5290.0	1.125022
5295.0	1.125745
5300.0	1.1124180000000001
5305.0	1.100752
5310.0	1.093653
5315.0	1.085186
5320.0	1.090034
5325.0	1.0907280000000001
5330.0	1.088114
5335.0	1.086746
5340.0	1.080667
5345.0	1.091059
5350.0	1.0858709999999998
5355.0	1.085141
5360.0	1.075588
5365.0	1.060699
5370.0	1.060756
5375.0	1.070215
5380.0	1.076001
5385.0	1.0726040000000001
5390.0	1.071891
5395.0	1.072043
5400.0	1.065391
5405.0	1.059464
5410.0	1.064296
5415.0	1.0726639999999998
5420.0	1.070007
5425.0	1.064134
5430.0	1.061049
5435.0	1.061281
5440.0	1.054807
5445.0	1.040793
5450.0	1.048118
5455.0	1.04776
5460.0	1.050138
5465.0	1.0379
5470.0	1.02673
5475.0	1.027466
5480.0	1.029181
5485.0	1.038109
5490.0	1.03985
5495.0	1.035936
5500.0	1.0299040000000002
5505.0	1.01537
5510.0	1.0125870000000001
5515.0	1.0181879999999999
5520.0	1.0246790000000001
5525.0	1.018276
5530.0	1.013942
5535.0	1.000005
5540.0	0.992994
5545.0	1.002182
5550.0	1.020404
5555.0	1.016685
5560.0	1.008189
5565.0	1.006593
5570.0	1.004292
5575.0	0.99902
5580.0	0.9913420000000001
5585.0	0.980822
5590.0	0.972951
5595.0	0.971359
5600.0	0.9702219999999999
5605.0	0.9652639999999999
5610.0	0.9634729999999999
5615.0	0.959335
5620.0	0.9498840000000001
5625.0	0.9554379999999999
5630.0	0.9593360000000001
5635.0	0.9633510000000001
5640.0	0.9672930000000001
5645.0	0.962111
5650.0	0.957967
5655.0	0.947348
5660.0	0.9405319999999999
5665.0	0.9409
5670.0	0.94724
5675.0	0.9542700000000001
5680.0	0.946739
5685.0	0.9414790000000001
5690.0	0.9377340000000001
5695.0	0.933955
5700.0	0.9259
5705.0	0.921537
5710.0	0.920176
5715.0	0.9204479999999999
5720.0	0.9202049999999999
5725.0	0.9267200000000001
5730.0	0.924601
5735.0	0.9200020000000001
5740.0	0.916826
5745.0	0.9117930000000001
5750.0	0.918184
5755.0	0.9111670000000001
5760.0	0.905681
5765.0	0.9015110000000001
5770.0	0.893374
5775.0	0.886966
5780.0	0.892515
5785.0	0.8962040000000001
5790.0	0.894192
5795.0	0.8841610000000001
5800.0	0.8881030000000001
5805.0	0.893782
5810.0	0.890725
5815.0	0.890323
5820.0	0.896207
5825.0	0.9027799999999999
5830.0	0.897926
5835.0	0.894476
5840.0	0.887762
5845.0	0.879555
5850.0	0.882336
5855.0	0.882397
5860.0	0.882653
5865.0	0.8744959999999999
5870.0	0.875283
5875.0	0.8596860000000001
5880.0	0.846118
5885.0	0.834226
5890.0	0.8200270000000001
5895.0	0.8235
5900.0	0.8369270000000001
5905.0	0.836302
5910.0	0.8367610000000001
5915.0	0.8327690000000001
5920.0	0.8311559999999999
5925.0	0.8313510000000001
5930.0	0.834779
5935.0	0.839275
5940.0	0.8301270000000001
5945.0	0.8211729999999999
5950.0	0.8177220000000001
5955.0	0.81939
5960.0	0.821378
5965.0	0.823308
5970.0	0.816948
5975.0	0.8180029999999999
5980.0	0.819242
5985.0	0.809964
5990.0	0.80904
5995.0	0.8097989999999999
6000.0	0.8071659999999999
6005.0	0.79962
6010.0	0.794678
6015.0	0.78976
6020.0	0.790704
6025.0	0.7984979999999999
6030.0	0.79371
6035.0	0.790628
6040.0	0.793198
6045.0	0.789809
6050.0	0.789083
6055.0	0.788334
6060.0	0.791044
6065.0	0.787863
6070.0	0.7858390000000001
6075.0	0.778388
6080.0	0.774638
6085.0	0.774054
6090.0	0.770385
6095.0	0.769875
6100.0	0.765296
6105.0	0.7642869999999999
6110.0	0.770513
6115.0	0.769573
6120.0	0.760601
6125.0	0.753087
6130.0	0.7508130000000001
6135.0	0.7461979999999999
6140.0	0.740207
6145.0	0.7409180000000001
6150.0	0.7455
6155.0	0.744052
6160.0	0.740654
6165.0	0.743308
6170.0	0.737733
6175.0	0.741267
6180.0	0.747425
6185.0	0.74222
6190.0	0.740215
6195.0	0.740021
6200.0	0.742071
6205.0	0.741384
6210.0	0.740159
6215.0	0.736055
6220.0	0.735019
6225.0	0.733322
6230.0	0.724046
6235.0	0.7202729999999999
6240.0	0.7183689999999999
6245.0	0.7177720000000001
6250.0	0.7197680000000001
6255.0	0.725595
6260.0	0.7227640000000001
6265.0	0.714641
6270.0	0.71438
6275.0	0.7056979999999999
6280.0	0.693184
6285.0	0.700322
6290.0	0.703703
6295.0	0.705912
6300.0	0.703097
6305.0	0.702661
6310.0	0.704309
6315.0	0.699221
6320.0	0.700137
6325.0	0.701407
6330.0	0.700079
6335.0	0.6990930000000001
6340.0	0.696667
6345.0	0.6926680000000001
6350.0	0.692974
6355.0	0.699511
6360.0	0.697571
6365.0	0.691511
6370.0	0.68413
6375.0	0.6831510000000001
6380.0	0.681042
6385.0	0.682199
6390.0	0.6839729999999999
6395.0	0.6870310000000001
6400.0	0.6866
6405.0	0.685154
6410.0	0.679095
6415.0	0.6703859999999999
6420.0	0.666859
6425.0	0.6687390000000001
6430.0	0.667041
6435.0	0.667499
6440.0	0.668261
6445.0	0.670465
6450.0	0.664738
6455.0	0.654357
6460.0	0.653673
6465.0	0.653233
6470.0	0.655199
6475.0	0.654367
6480.0	0.653806
6485.0	0.649737
6490.0	0.642649
6495.0	0.630319
6500.0	0.63731
6505.0	0.642806
6510.0	0.639231
6515.0	0.630404
6520.0	0.6295430000000001
6525.0	0.628834
6530.0	0.619271
6535.0	0.608376
6540.0	0.596827
6545.0	0.573092
6550.0	0.537783
6555.0	0.48840100000000003
6560.0	0.422566
6565.0	0.419721
6570.0	0.48045600000000005
6575.0	0.525287
6580.0	0.558373
6585.0	0.5794779999999999
6590.0	0.593256
6595.0	0.604904
6600.0	0.613373
6605.0	0.616067
6610.0	0.6174890000000001
6615.0	0.619764
6620.0	0.6236
6625.0	0.622566
6630.0	0.622501
6635.0	0.620274
6640.0	0.618704
6645.0	0.618827
6650.0	0.6183390000000001
6655.0	0.6154350000000001
6660.0	0.614241
6665.0	0.612826
6670.0	0.611105
6675.0	0.608152
6680.0	0.607157
6685.0	0.6096189999999999
6690.0	0.6110479999999999
6695.0	0.61037
6700.0	0.610322
6705.0	0.61015
6710.0	0.610758
6715.0	0.6059439999999999
6720.0	0.603146
6725.0	0.6001569999999999
6730.0	0.5978
6735.0	0.600734
6740.0	0.6024510000000001
6745.0	0.600725
6750.0	0.598445
6755.0	0.594431
6760.0	0.593684
6765.0	0.594086
6770.0	0.591749
6775.0	0.5937560000000001
6780.0	0.595114
6785.0	0.591586
6790.0	0.5919220000000001
6795.0	0.592987
6800.0	0.594583
6805.0	0.5954020000000001
6810.0	0.595391
6815.0	0.595446
6820.0	0.591389
6825.0	0.58678
6830.0	0.581491
6835.0	0.579413
6840.0	0.586007
6845.0	0.587767
6850.0	0.587971
6855.0	0.584908
6860.0	0.57932
6865.0	0.5739989999999999
6870.0	0.571738
6875.0	0.573184
6880.0	0.576449
6885.0	0.5784
6890.0	0.576706
6895.0	0.5713010000000001
6900.0	0.5642149999999999
6905.0	0.558172
6910.0	0.555111
6915.0	0.555465
6920.0	0.558307
6925.0	0.562087
6930.0	0.5654060000000001
6935.0	0.567551
6940.0	0.568567
6945.0	0.568825
6950.0	0.568465
6955.0	0.567156
6960.0	0.564449
6965.0	0.560715
6970.0	0.557251
6975.0	0.55311
6980.0	0.551037
6985.0	0.551092
6990.0	0.549373
6995.0	0.5471739999999999
7000.0	0.541044
7005.0	0.5344399999999999
7010.0	0.53497
7015.0	0.535926
7020.0	0.538435
7025.0	0.537899
7030.0	0.536644
7035.0	0.535311
7040.0	0.534821
7045.0	0.536892
7050.0	0.53995
7055.0	0.539744
7060.0	0.537524
7065.0	0.533812
7070.0	0.5355800000000001
7075.0	0.535538
7080.0	0.532335
7085.0	0.532358
7090.0	0.526514
7095.0	0.523234
7100.0	0.5209739999999999
7105.0	0.521009
7110.0	0.520238
7115.0	0.523149
7120.0	0.523258
7125.0	0.52164
7130.0	0.521528
7135.0	0.521185
7140.0	0.524169
7145.0	0.5263800000000001
7150.0	0.529612
7155.0	0.5326029999999999
7160.0	0.5291140000000001
7165.0	0.520269
7170.0	0.512847
7175.0	0.503903
7180.0	0.49702399999999997
7185.0	0.485342
7190.0	0.48371099999999995
7195.0	0.48506000000000005
7200.0	0.481241
7205.0	0.482918
7210.0	0.49486800000000003
7215.0	0.503274
7220.0	0.505275
7225.0	0.503613
7230.0	0.502572
7235.0	0.49255600000000005
7240.0	0.488113
7245.0	0.486
7250.0	0.48404899999999995
7255.0	0.48323599999999994
7260.0	0.48708
7265.0	0.48666000000000004
7270.0	0.486695
7275.0	0.480004
7280.0	0.48418999999999995
7285.0	0.48772600000000005
7290.0	0.48386899999999994
7295.0	0.48757399999999995
7300.0	0.48905299999999996
7305.0	0.48312
7310.0	0.478479
7315.0	0.480865
7320.0	0.481206
7325.0	0.486612
7330.0	0.48565200000000003
7335.0	0.48394
7340.0	0.482854
7345.0	0.477867
7350.0	0.476947
7355.0	0.47969799999999996
7360.0	0.480487
7365.0	0.478655
7370.0	0.47721800000000003
7375.0	0.474505
7380.0	0.473858
7385.0	0.470224
7390.0	0.46814799999999995
7395.0	0.46518100000000007
7400.0	0.46389600000000003
7405.0	0.459813
7410.0	0.45481099999999997
7415.0	0.45801800000000004
7420.0	0.462659
7425.0	0.47751499999999997
7430.0	0.480175
7435.0	0.478142
7440.0	0.471134
7445.0	0.46408699999999997
7450.0	0.46313999999999994
7455.0	0.46590600000000004
7460.0	0.46679
7465.0	0.468826
7470.0	0.472409
7475.0	0.472608
7480.0	0.472736
7485.0	0.47051099999999996
7490.0	0.46613000000000004
7495.0	0.460951
7500.0	0.458579
7505.0	0.45793599999999995
7510.0	0.454567
7515.0	0.45376400000000006
7520.0	0.453074
7525.0	0.450661
7530.0	0.44668599999999997
7535.0	0.442589
7540.0	0.442171
7545.0	0.44379399999999997
7550.0	0.449063
7555.0	0.44839799999999996
7560.0	0.44773199999999996
7565.0	0.447067
7570.0	0.44640100000000005
7575.0	0.44573599999999997
7580.0	0.44506999999999997
7585.0	0.444405
7590.0	0.44373900000000005
7595.0	0.44307399999999997
7600.0	0.442409
7605.0	0.44174300000000005
7610.0	0.44107799999999997
7615.0	0.44041199999999997
7620.0	0.439746
7625.0	0.43908100000000005
7630.0	0.43841499999999994
7635.0	0.43775
7640.0	0.43708400000000003
7645.0	0.43641899999999995
7650.0	0.435754
7655.0	0.43508800000000003
7660.0	0.43442299999999995
7665.0	0.43375699999999995
7670.0	0.43309200000000003
7675.0	0.43242600000000003
7680.0	0.43176099999999995
7685.0	0.431095
7690.0	0.43043000000000003
7695.0	0.42976400000000003
7700.0	0.42909899999999995
7705.0	0.428433
7710.0	0.42776800000000004
7715.0	0.42710200000000004
7720.0	0.426437
7725.0	0.425771
7730.0	0.42510600000000004
7735.0	0.42414300000000005
7740.0	0.426595
7745.0	0.429951
7750.0	0.43266499999999997
7755.0	0.432438
7760.0	0.424903
7765.0	0.41438
7770.0	0.398708
7775.0	0.389423
7780.0	0.398075
7785.0	0.40516399999999997
7790.0	0.413296
7795.0	0.41830500000000004
7800.0	0.41946700000000003
7805.0	0.41470500000000005
7810.0	0.40969399999999995
7815.0	0.405821
7820.0	0.405271
7825.0	0.406328
7830.0	0.404572
7835.0	0.403196
7840.0	0.402479
7845.0	0.402988
7850.0	0.406423
7855.0	0.410627
7860.0	0.413871
7865.0	0.411832
7870.0	0.406298
7875.0	0.400542
7880.0	0.398149
7885.0	0.400331
7890.0	0.399704
7895.0	0.396336
7900.0	0.391398
7905.0	0.387894
7910.0	0.38494
7915.0	0.384226
7920.0	0.388726
7925.0	0.394165
7930.0	0.396043
7935.0	0.396798
7940.0	0.397301
7945.0	0.393925
7950.0	0.392737
7955.0	0.390204
7960.0	0.386292
7965.0	0.38750300000000004
7970.0	0.389226
7975.0	0.391901
7980.0	0.392467
7985.0	0.390567
7990.0	0.387253
7995.0	0.382176
8000.0	0.37908600000000003
8005.0	0.379708
8010.0	0.383871
8015.0	0.384216
8020.0	0.38319000000000003
8025.0	0.38219699999999995
8030.0	0.38111799999999996
8035.0	0.38060700000000003
8040.0	0.380272
8045.0	0.378203
8050.0	0.378155
8055.0	0.378407
8060.0	0.377186
8065.0	0.37717
8070.0	0.374676
8075.0	0.37288699999999997
8080.0	0.37159200000000003
8085.0	0.370225
8090.0	0.369734
8095.0	0.37017100000000003
8100.0	0.3693
8105.0	0.369297
8110.0	0.368413
8115.0	0.368206
8120.0	0.367725
8125.0	0.36895100000000003
8130.0	0.36938000000000004
8135.0	0.36778099999999997
8140.0	0.367186
8145.0	0.364172
8150.0	0.362099
8155.0	0.357799
8160.0	0.35424
8165.0	0.35046900000000003
8170.0	0.351481
8175.0	0.350591
8180.0	0.34626399999999996
8185.0	0.348204
8190.0	0.347708
8195.0	0.346398
8200.0	0.34821799999999997
8205.0	0.351211
8210.0	0.352505
8215.0	0.349487
8220.0	0.348096
8225.0	0.342935
8230.0	0.33665300000000004
8235.0	0.342294
8240.0	0.347018
8245.0	0.34661
8250.0	0.346629
8255.0	0.345569
8260.0	0.3452
8265.0	0.345378
8270.0	0.34479499999999996
8275.0	0.340846
8280.0	0.340411
8285.0	0.33984899999999996
8290.0	0.338866
8295.0	0.338935
8300.0	0.33865500000000004
8305.0	0.339125
8310.0	0.33923400000000004
8315.0	0.337835
8320.0	0.33631700000000003
8325.0	0.335642
8330.0	0.333831
8335.0	0.331392
8340.0	0.332956
8345.0	0.33361799999999997
8350.0	0.334456
8355.0	0.334545
8360.0	0.333838
8365.0	0.333536
8370.0	0.333783
8375.0	0.333484
8380.0	0.33371
8385.0	0.333971
8390.0	0.33565100000000003
8395.0	0.338652
8400.0	0.338887
8405.0	0.337436
8410.0	0.33479000000000003
8415.0	0.33255
8420.0	0.33014
8425.0	0.329665
8430.0	0.32829400000000003
8435.0	0.326334
8440.0	0.324807
8445.0	0.322241
8450.0	0.321299
8455.0	0.322937
8460.0	0.32118800000000003
8465.0	0.320243
8470.0	0.32001999999999997
8475.0	0.324615
8480.0	0.327651
8485.0	0.328454
8490.0	0.327604
8495.0	0.319775
8500.0	0.313657
8505.0	0.31699499999999997
8510.0	0.319943
8515.0	0.32093499999999997
8520.0	0.322646
8525.0	0.321892
8530.0	0.320441
8535.0	0.31742800000000004
8540.0	0.306195
8545.0	0.304226
8550.0	0.315436
8555.0	0.319959
8560.0	0.323783
8565.0	0.326131
8570.0	0.326355
8575.0	0.328135
8580.0	0.32651199999999997
8585.0	0.32095500000000005
8590.0	0.315646
8595.0	0.3079
8600.0	0.305332
8605.0	0.310556
8610.0	0.315265
8615.0	0.32018800000000003
8620.0	0.324225
8625.0	0.328378
8630.0	0.33056199999999997
8635.0	0.332462
8640.0	0.329779
8645.0	0.324443
8650.0	0.31648000000000004
8655.0	0.305437
8660.0	0.29139899999999996
8665.0	0.283911
8670.0	0.29358
8675.0	0.304142
8680.0	0.311222
8685.0	0.317531
8690.0	0.32309699999999997
8695.0	0.328534
8700.0	0.33255100000000004
8705.0	0.33598
8710.0	0.335449
8715.0	0.334382
8720.0	0.331834
8725.0	0.32659
8730.0	0.319705
8735.0	0.313121
8740.0	0.302697
8745.0	0.291637
8750.0	0.283051
8755.0	0.28684
8760.0	0.295058
8765.0	0.30539099999999997
8770.0	0.313399
8775.0	0.320819
8780.0	0.325067
8785.0	0.325633
8790.0	0.323245
8795.0	0.320849
8800.0	0.32045500000000005
8805.0	0.318317
8810.0	0.317303
8815.0	0.319069
8820.0	0.317798
8825.0	0.313394
8830.0	0.30883499999999997
8835.0	0.30383499999999997
8840.0	0.298556
8845.0	0.292351
8850.0	0.286528
8855.0	0.27875500000000003
8860.0	0.268425
8865.0	0.26538
8870.0	0.27202800000000005
8875.0	0.278528
8880.0	0.28389699999999995
8885.0	0.290511
8890.0	0.298506
8895.0	0.30456300000000003
8900.0	0.308343
8905.0	0.311706
8910.0	0.311123
8915.0	0.31117
8920.0	0.31198899999999996
8925.0	0.312087
8930.0	0.31295500000000004
8935.0	0.31467
8940.0	0.31693899999999997
8945.0	0.31612399999999996
8950.0	0.312396
8955.0	0.31209499999999996
8960.0	0.31404099999999996
8965.0	0.310166
8970.0	0.307923
8975.0	0.306201
8980.0	0.301796
8985.0	0.294858
8990.0	0.283413
8995.0	0.279769
9000.0	0.272034
9005.0	0.26209699999999997
9010.0	0.253052
9015.0	0.24510900000000002
9020.0	0.251688
9025.0	0.264379
9030.0	0.277909
9035.0	0.290012
9040.0	0.29604
9045.0	0.300412
9050.0	0.301417
9055.0	0.300214
9060.0	0.296211
9065.0	0.293551
9070.0	0.29273000000000005
9075.0	0.292184
9080.0	0.291097
9085.0	0.294634
9090.0	0.29068099999999997
9095.0	0.294194
9100.0	0.296584
9105.0	0.29851700000000003
9110.0	0.298207
9115.0	0.300018
9120.0	0.299387
9125.0	0.302521
9130.0	0.299699
9135.0	0.29677800000000004
9140.0	0.29843800000000004
9145.0	0.299888
9150.0	0.295779
9155.0	0.290096
9160.0	0.289554
9165.0	0.292087
9170.0	0.291583
9175.0	0.28681100000000004
9180.0	0.289649
9185.0	0.289378
9190.0	0.287826
9195.0	0.284289
9200.0	0.280778
9205.0	0.273752
9210.0	0.265499
9215.0	0.255296
9220.0	0.246236
9225.0	0.23548899999999998
9230.0	0.22927899999999998
9235.0	0.23531999999999997
9240.0	0.24511799999999997
9245.0	0.251948
9250.0	0.260276
9255.0	0.26714099999999996
9260.0	0.27260500000000004
9265.0	0.280979
9270.0	0.286956
9275.0	0.292401
9280.0	0.293032
9285.0	0.29764
9290.0	0.29780100000000004
9295.0	0.296919
9300.0	0.292532
9305.0	0.290596
9310.0	0.289699
9315.0	0.282196
9320.0	0.278936
9325.0	0.280285
9330.0	0.285596
9335.0	0.284301
9340.0	0.278302
9345.0	0.270476
9350.0	0.281542
9355.0	0.272408
9360.0	0.27008499999999996
9365.0	0.279778
9370.0	0.271598
9375.0	0.278672
9380.0	0.279856
9385.0	0.28719
9390.0	0.29439499999999996
9395.0	0.305062
9400.0	0.297983
9405.0	0.289533
9410.0	0.279442
9415.0	0.277979
9420.0	0.271946
9425.0	0.267637
9430.0	0.259778
9435.0	0.270679
9440.0	0.261669
9445.0	0.263312
9450.0	0.272717
9455.0	0.26879000000000003
9460.0	0.262298
9465.0	0.271476
9470.0	0.277584
9475.0	0.27450399999999997
9480.0	0.269961
9485.0	0.269949
9490.0	0.27468899999999996
9495.0	0.259049
9500.0	0.250714
9505.0	0.258511
9510.0	0.267753
9515.0	0.257643
9520.0	0.246429
9525.0	0.24220300000000003
9530.0	0.23649499999999998
9535.0	0.233434
9540.0	0.22106399999999998
9545.0	0.207011
9550.0	0.215606
9555.0	0.22571999999999998
9560.0	0.233028
9565.0	0.234706
9570.0	0.24255500000000002
9575.0	0.252101
9580.0	0.24809299999999998
9585.0	0.250039
9590.0	0.247455
9595.0	0.247837
9600.0	0.250688
9605.0	0.251352
9610.0	0.251316
9615.0	0.25235599999999997
9620.0	0.247792
9625.0	0.252458
9630.0	0.248502
9635.0	0.248502
9640.0	0.24749699999999997
9645.0	0.247825
9650.0	0.25008600000000003
9655.0	0.251085
9660.0	0.249923
9665.0	0.24831799999999998
9670.0	0.252952
9675.0	0.257855
9680.0	0.25521
9685.0	0.255347
9690.0	0.253284
9695.0	0.25217399999999995
9700.0	0.248048
9705.0	0.245471
9710.0	0.252127
9715.0	0.24813000000000002
9720.0	0.24721700000000002
9725.0	0.24777800000000003
9730.0	0.248389
9735.0	0.248271
9740.0	0.24545300000000003
9745.0	0.245583
9750.0	0.24320300000000003
9755.0	0.24156999999999998
9760.0	0.242247
9765.0	0.2407
9770.0	0.244308
9775.0	0.243205
9780.0	0.24466
9785.0	0.242116
9790.0	0.237136
9795.0	0.238421
9800.0	0.23978200000000002
9805.0	0.237656
9810.0	0.237891
9815.0	0.24205300000000002
9820.0	0.240844
9825.0	0.241173
9830.0	0.2429
9835.0	0.241058
9840.0	0.24407800000000002
9845.0	0.24405900000000003
9850.0	0.24299899999999997
9855.0	0.24104499999999998
9860.0	0.240889
9865.0	0.24134499999999998
9870.0	0.23686500000000002
9875.0	0.229282
9880.0	0.229584
9885.0	0.22832
9890.0	0.2319
9895.0	0.23019
9900.0	0.23009200000000002
9905.0	0.232907
9910.0	0.23526799999999998
9915.0	0.23744899999999997
9920.0	0.23131999999999997
9925.0	0.233118
9930.0	0.230235
9935.0	0.22969499999999998
9940.0	0.231557
9945.0	0.228452
9950.0	0.22712800000000002
9955.0	0.238562
9960.0	0.228081
9965.0	0.230461
9970.0	0.22463200000000003
9975.0	0.22410300000000002
9980.0	0.222667
9985.0	0.223377
9990.0	0.22670500000000002
9995.0	0.22420700000000002
10000.0	0.222318
10005.0	0.218718
10010.0	0.21595300000000003
10015.0	0.212679
10020.0	0.212695
10025.0	0.20627800000000002
10030.0	0.201122
10035.0	0.194981
10040.0	0.18929200000000002
10045.0	0.184911
10050.0	0.18253699999999998
10055.0	0.18291300000000002
10060.0	0.189945
10065.0	0.194673
10070.0	0.195237
10075.0	0.203349
10080.0	0.209619
10085.0	0.21467399999999998
10090.0	0.214752
10095.0	0.216117
10100.0	0.22292399999999998
10105.0	0.221644
10110.0	0.21957100000000002
10115.0	0.217371
10120.0	0.21570599999999998
10125.0	0.21509099999999998
10130.0	0.215441
10135.0	0.21651900000000002
10140.0	0.21808899999999998
10145.0	0.219865
10150.0	0.22135700000000003
10155.0	0.222023
10160.0	0.22132399999999997
10165.0	0.21900300000000003
10170.0	0.21594499999999997
10175.0	0.21331999999999998
10180.0	0.212296
10185.0	0.213623
10190.0	0.216365
10195.0	0.219164
10200.0	0.220664
10205.0	0.219869
10210.0	0.217225
10215.0	0.21354099999999998
10220.0	0.20962199999999998
10225.0	0.206204
10230.0	0.20373
10235.0	0.202571
10240.0	0.203098
10245.0	0.20541500000000001
10250.0	0.20855900000000002
10255.0	0.21130100000000002
10260.0	0.212414
10265.0	0.21108600000000002
10270.0	0.20818699999999998
10275.0	0.20500500000000002
10280.0	0.202828
10285.0	0.202586
10290.0	0.20377699999999999
10295.0	0.20554
10300.0	0.207015
10305.0	0.207531
10310.0	0.20736
10315.0	0.207107
10320.0	0.20701599999999998
10325.0	0.20726
10330.0	0.20772100000000002
10335.0	0.208207
10340.0	0.20852600000000002
10345.0	0.208529
10350.0	0.208248
10355.0	0.20775700000000002
10360.0	0.207129
10365.0	0.20644099999999999
10370.0	0.20576799999999998
10375.0	0.20519099999999998
10380.0	0.204788
10385.0	0.2046
10390.0	0.20452599999999999
10395.0	0.204424
10400.0	0.204157
10405.0	0.203622
10410.0	0.202872
10415.0	0.201996
10420.0	0.201086
10425.0	0.200228
10430.0	0.199495
10435.0	0.198959
10440.0	0.19869
10445.0	0.19872599999999999
10450.0	0.198973
10455.0	0.19930599999999998
10460.0	0.199598
10465.0	0.199734
10470.0	0.199638
10475.0	0.199245
10480.0	0.198491
10485.0	0.19736800000000002
10490.0	0.196099
10495.0	0.194962
10500.0	0.194236
10505.0	0.194114
10510.0	0.194439
10515.0	0.194968
10520.0	0.195455
10525.0	0.195721
10530.0	0.19583699999999998
10535.0	0.195937
10540.0	0.196152
10545.0	0.196553
10550.0	0.196947
10555.0	0.197079
10560.0	0.196691
10565.0	0.195652
10570.0	0.19433
10575.0	0.193217
10580.0	0.192805
10585.0	0.193411
10590.0	0.194652
10595.0	0.195968
10600.0	0.196801
10605.0	0.19672699999999999
10610.0	0.195872
10615.0	0.194494
10620.0	0.192856
10625.0	0.19221300000000002
10630.0	0.191972
10635.0	0.19172999999999998
10640.0	0.19148800000000002
10645.0	0.191246
10650.0	0.191004
10655.0	0.190762
10660.0	0.19052
10665.0	0.190278
10670.0	0.19003499999999998
10675.0	0.18979300000000002
10680.0	0.189551
10685.0	0.189308
10690.0	0.189066
10695.0	0.188823
10700.0	0.188581
10705.0	0.188338
10710.0	0.188096
10715.0	0.187853
10720.0	0.18761
10725.0	0.187367
10730.0	0.187125
10735.0	0.186882
10740.0	0.186639
10745.0	0.186396
10750.0	0.18615299999999999
10755.0	0.18591
10760.0	0.185667
10765.0	0.185424
10770.0	0.18518099999999998
10775.0	0.18493800000000002
10780.0	0.184695
10785.0	0.184452
10790.0	0.18420899999999998
10795.0	0.18396600000000002
10800.0	0.183722
10805.0	0.183479
10810.0	0.18323599999999998
10815.0	0.18299300000000002
10820.0	0.182749
10825.0	0.182506
10830.0	0.182263
10835.0	0.18202000000000002
10840.0	0.181776
10845.0	0.181533
10850.0	0.18129
10855.0	0.181047
10860.0	0.180803
10865.0	0.18056
10870.0	0.180317
10875.0	0.180073
10880.0	0.17983
10885.0	0.179587
10890.0	0.179343
10895.0	0.1791
10900.0	0.178857
10905.0	0.17861400000000002
10910.0	0.17837
10915.0	0.178127
10920.0	0.177884
10925.0	0.17764100000000002
10930.0	0.177397
10935.0	0.177154
10940.0	0.17691099999999998
10945.0	0.17666800000000002
10950.0	0.176425
10955.0	0.176182
10960.0	0.175939
10965.0	0.175696
10970.0	0.175453
10975.0	0.17521
10980.0	0.174967
10985.0	0.174724
10990.0	0.174481
10995.0	0.174238
11000.0	0.173995
11005.0	0.173752
11010.0	0.17351
11015.0	0.173267
11020.0	0.173024
11025.0	0.172782
11030.0	0.172539
11035.0	0.172296
11040.0	0.17205399999999998
11045.0	0.171811
11050.0	0.171569
11055.0	0.171327
11060.0	0.17108399999999999
11065.0	0.170842
11070.0	0.1706
11075.0	0.17035799999999998
11080.0	0.17011600000000002
11085.0	0.169874
11090.0	0.169632
11095.0	0.16939
11100.0	0.169148
11105.0	0.168906
11110.0	0.168665
11115.0	0.168423
11120.0	0.168182
11125.0	0.16794
11130.0	0.16769900000000001
11135.0	0.167457
11140.0	0.167216
11145.0	0.166975
11150.0	0.166734
11155.0	0.166493
11160.0	0.166252
11165.0	0.166011
11170.0	0.16577
11175.0	0.165529
11180.0	0.16528900000000002
11185.0	0.165048
11190.0	0.16480799999999998
11195.0	0.16456700000000002
11200.0	0.164327
11205.0	0.16408699999999998
11210.0	0.163847
11215.0	0.163607
11220.0	0.163367
11225.0	0.163127
11230.0	0.16288699999999998
11235.0	0.16264800000000001
11240.0	0.162408
11245.0	0.162169
11250.0	0.16193
11255.0	0.16169
11260.0	0.161451
11265.0	0.161212
11270.0	0.160974
11275.0	0.160735
11280.0	0.160496
11285.0	0.16025799999999998
11290.0	0.160019
11295.0	0.159781
11300.0	0.15954300000000002
11305.0	0.159305
11310.0	0.15906700000000001
11315.0	0.158829
11320.0	0.158591
11325.0	0.158354
11330.0	0.158116
11335.0	0.157879
11340.0	0.157642
11345.0	0.157405
11350.0	0.157168
11355.0	0.156931
11360.0	0.156694
11365.0	0.15645799999999999
11370.0	0.156222
11375.0	0.15598499999999998
11380.0	0.155749
11385.0	0.155513
11390.0	0.155277
11395.0	0.155042
11400.0	0.154806
11405.0	0.15457100000000001
11410.0	0.154336
11415.0	0.154101
11420.0	0.153866
11425.0	0.153631
11430.0	0.153396
11435.0	0.153162
11440.0	0.152928
11445.0	0.152693
11450.0	0.15245899999999998
11455.0	0.152226
11460.0	0.15199200000000002
11465.0	0.151758
11470.0	0.151525
11475.0	0.151292
11480.0	0.151059
11485.0	0.150826
11490.0	0.150593
11495.0	0.150361
11500.0	0.15012899999999998
11505.0	0.149896
11510.0	0.14966400000000002
11515.0	0.14943299999999998
11520.0	0.149201
11525.0	0.14897
11530.0	0.148738
11535.0	0.148507
11540.0	0.148276
11545.0	0.148046
11550.0	0.147815
11555.0	0.147585
11560.0	0.14735499999999999
11565.0	0.147125
11570.0	0.146895
11575.0	0.14666500000000002
11580.0	0.14643599999999998
11585.0	0.146207
11590.0	0.145978
11595.0	0.145749
11600.0	0.145521
11605.0	0.145292
11610.0	0.145064
11615.0	0.144836
11620.0	0.144608
11625.0	0.14438099999999998
11630.0	0.144153
11635.0	0.143926
11640.0	0.143699
11645.0	0.143473
11650.0	0.143246
11655.0	0.14302
11660.0	0.142794
11665.0	0.142568
11670.0	0.142342
11675.0	0.14211700000000002
11680.0	0.14189200000000002
11685.0	0.14166700000000002
11690.0	0.141442
11695.0	0.141218
11700.0	0.140993
11705.0	0.140769
11710.0	0.140545
11715.0	0.140322
11720.0	0.140098
11725.0	0.139875
11730.0	0.139652
11735.0	0.13943
11740.0	0.139207
11745.0	0.138985
11750.0	0.138763
11755.0	0.138542
11760.0	0.13832
11765.0	0.138099
11770.0	0.137878
11775.0	0.137657
11780.0	0.13743699999999998
11785.0	0.137217
11790.0	0.136997
11795.0	0.136777
11800.0	0.13655799999999998
11805.0	0.13633800000000001
11810.0	0.13612
11815.0	0.135901
11820.0	0.135683
11825.0	0.135464
11830.0	0.135247
11835.0	0.135029
11840.0	0.134812
11845.0	0.134595
11850.0	0.134378
11855.0	0.134161
11860.0	0.133945
11865.0	0.133729
11870.0	0.13351300000000002
11875.0	0.133298
11880.0	0.13308299999999998
11885.0	0.132868
11890.0	0.132653
11895.0	0.132439
11900.0	0.132225
11905.0	0.132011
11910.0	0.131798
11915.0	0.13158399999999998
11920.0	0.13137100000000002
11925.0	0.131159
11930.0	0.130947
11935.0	0.130735
11940.0	0.130523
11945.0	0.13031099999999998
11950.0	0.1301
11955.0	0.129889
11960.0	0.129679
11965.0	0.129469
11970.0	0.12925899999999999
11975.0	0.129049
11980.0	0.12884
11985.0	0.128631
11990.0	0.128422
11995.0	0.12821400000000002
12000.0	0.12800599999999998
12005.0	0.127798
12010.0	0.12759
12015.0	0.127383
12020.0	0.127176
12025.0	0.12697
12030.0	0.12676400000000002
12035.0	0.126558
12040.0	0.126352
12045.0	0.126147
12050.0	0.125942
12055.0	0.125737
12060.0	0.125533
12065.0	0.125329
12070.0	0.125126
12075.0	0.124922
12080.0	0.12471900000000001
12085.0	0.124517
12090.0	0.12431400000000001
12095.0	0.12411300000000001
12100.0	0.123911
12105.0	0.12370999999999999
12110.0	0.123509
12115.0	0.12330799999999999
12120.0	0.123108
12125.0	0.12290799999999999
12130.0	0.122709
12135.0	0.12250899999999999
12140.0	0.12230999999999999
12145.0	0.12211199999999998
12150.0	0.12191400000000001
12155.0	0.121716
12160.0	0.121519
12165.0	0.121322
12170.0	0.121125
12175.0	0.120928
12180.0	0.12073199999999999
12185.0	0.12053699999999999
12190.0	0.120341
12195.0	0.120147
12200.0	0.119952
12205.0	0.11975799999999999
12210.0	0.119564
12215.0	0.119371
12220.0	0.11917699999999999
12225.0	0.118985
12230.0	0.11879200000000001
12235.0	0.1186
12240.0	0.11840899999999999
12245.0	0.118218
12250.0	0.11802699999999999
12255.0	0.117836
12260.0	0.117646
12265.0	0.11745599999999999
12270.0	0.11726700000000001
12275.0	0.117078
12280.0	0.116889
12285.0	0.116701
12290.0	0.116513
12295.0	0.116325
12300.0	0.116138
12305.0	0.115951
12310.0	0.115765
12315.0	0.115578
12320.0	0.11539300000000001
12325.0	0.11520699999999999
12330.0	0.115022
12335.0	0.114837
12340.0	0.11465299999999999
12345.0	0.114469
12350.0	0.114285
12355.0	0.114102
12360.0	0.113919
12365.0	0.11373699999999999
12370.0	0.113554
12375.0	0.113372
12380.0	0.11319100000000001
12385.0	0.11300999999999999
12390.0	0.112829
12395.0	0.112649
12400.0	0.11246800000000001
12405.0	0.11228900000000001
12410.0	0.11210899999999999
12415.0	0.11193
12420.0	0.111752
12425.0	0.111573
12430.0	0.11139500000000001
12435.0	0.11121800000000001
12440.0	0.11104000000000001
12445.0	0.11086300000000002
12450.0	0.110687
12455.0	0.11051099999999998
12460.0	0.11033499999999999
12465.0	0.11015899999999999
12470.0	0.109984
12475.0	0.10980899999999999
12480.0	0.109635
12485.0	0.10946099999999999
12490.0	0.109287
12495.0	0.10911300000000002
12500.0	0.10894000000000001
12505.0	0.108767
12510.0	0.10859500000000001
12515.0	0.108423
12520.0	0.108251
12525.0	0.10808
12530.0	0.10790899999999999
12535.0	0.10773800000000001
12540.0	0.10756800000000001
12545.0	0.10739800000000001
12550.0	0.107228
12555.0	0.10705899999999999
12560.0	0.10689000000000001
12565.0	0.10672100000000001
12570.0	0.106553
12575.0	0.106385
12580.0	0.106217
12585.0	0.10605
12590.0	0.10588299999999999
12595.0	0.105716
12600.0	0.10555
12605.0	0.10538399999999999
12610.0	0.105218
12615.0	0.105053
12620.0	0.10488800000000001
12625.0	0.104723
12630.0	0.10455899999999999
12635.0	0.104395
12640.0	0.10423099999999999
12645.0	0.10406800000000001
12650.0	0.103905
12655.0	0.103742
12660.0	0.10357999999999999
12665.0	0.10341800000000001
12670.0	0.103256
12675.0	0.103095
12680.0	0.102934
12685.0	0.102773
12690.0	0.10261300000000001
12695.0	0.102453
12700.0	0.102293
12705.0	0.102134
12710.0	0.101975
12715.0	0.101816
12720.0	0.101658
12725.0	0.1015
12730.0	0.101342
12735.0	0.101185
12740.0	0.10102799999999999
12745.0	0.100871
12750.0	0.100715
12755.0	0.10055800000000001
12760.0	0.10040299999999999
12765.0	0.100247
12770.0	0.100092
12775.0	0.099937
12780.0	0.09978300000000001
12785.0	0.099629
12790.0	0.099475
12795.0	0.099321
12800.0	0.09916799999999999
12805.0	0.09901499999999999
12810.0	0.098863
12815.0	0.09871
12820.0	0.098558
12825.0	0.09840700000000001
12830.0	0.098255
12835.0	0.098104
12840.0	0.097954
12845.0	0.097803
12850.0	0.097653
12855.0	0.097504
12860.0	0.097354
12865.0	0.097205
12870.0	0.09705599999999999
12875.0	0.09690800000000001
12880.0	0.09676
12885.0	0.096612
12890.0	0.096464
12895.0	0.096317
12900.0	0.09617
12905.0	0.096024
12910.0	0.095877
12915.0	0.095731
12920.0	0.095586
12925.0	0.09544
12930.0	0.095295
12935.0	0.09515
12940.0	0.095006
12945.0	0.094862
12950.0	0.094718
12955.0	0.094574
12960.0	0.094431
12965.0	0.094288
12970.0	0.09414600000000001
12975.0	0.094003
12980.0	0.093861
12985.0	0.09372
12990.0	0.093578
12995.0	0.093437
13000.0	0.093296
13005.0	0.09315599999999999
13010.0	0.093016
13015.0	0.092876
13020.0	0.092736
13025.0	0.092597
13030.0	0.092458
13035.0	0.09231900000000001
13040.0	0.092181
13045.0	0.092043
13050.0	0.091905
13055.0	0.091767
13060.0	0.09162999999999999
13065.0	0.09149299999999999
13070.0	0.09135700000000001
13075.0	0.09122000000000001
13080.0	0.091084
13085.0	0.090948
13090.0	0.090813
13095.0	0.090678
13100.0	0.090543
13105.0	0.090408
13110.0	0.09027400000000001
13115.0	0.09014
13120.0	0.09000599999999999
13125.0	0.08987300000000001
13130.0	0.08974
13135.0	0.089607
13140.0	0.089475
13145.0	0.08934199999999999
13150.0	0.08921
13155.0	0.08907899999999999
13160.0	0.088947
13165.0	0.08881599999999999
13170.0	0.088686
13175.0	0.088555
13180.0	0.088425
13185.0	0.088295
13190.0	0.088165
13195.0	0.088036
13200.0	0.087907
13205.0	0.087778
13210.0	0.08765
13215.0	0.087521
13220.0	0.087393
13225.0	0.087266
13230.0	0.087138
13235.0	0.087011
13240.0	0.086884
13245.0	0.086758
13250.0	0.086632
13255.0	0.086506
13260.0	0.08638
13265.0	0.086255
13270.0	0.086129
13275.0	0.086005
13280.0	0.08588
13285.0	0.085756
13290.0	0.085632
13295.0	0.085508
13300.0	0.085384
13305.0	0.085261
13310.0	0.085138
13315.0	0.085016
13320.0	0.084893
13325.0	0.084771
13330.0	0.084649
13335.0	0.08452799999999999
13340.0	0.084406
13345.0	0.084285
13350.0	0.084165
13355.0	0.08404400000000001
13360.0	0.083924
13365.0	0.08380399999999999
13370.0	0.083685
13375.0	0.083565
13380.0	0.083446
13385.0	0.083327
13390.0	0.083209
13395.0	0.08309
13400.0	0.082972
13405.0	0.082854
13410.0	0.082737
13415.0	0.08262
13420.0	0.08250299999999999
13425.0	0.082386
13430.0	0.08227000000000001
13435.0	0.082153
13440.0	0.082037
13445.0	0.08192200000000001
13450.0	0.08180599999999999
13455.0	0.081691
13460.0	0.081576
13465.0	0.081462
13470.0	0.081347
13475.0	0.081233
13480.0	0.08112
13485.0	0.081006
13490.0	0.08089299999999999
13495.0	0.08077999999999999
13500.0	0.080667
13505.0	0.080554
13510.0	0.080442
13515.0	0.08033
13520.0	0.080218
13525.0	0.08010700000000001
13530.0	0.079996
13535.0	0.079885
13540.0	0.079774
13545.0	0.079663
13550.0	0.079553
13555.0	0.079443
13560.0	0.079334
13565.0	0.079224
13570.0	0.07911499999999999
13575.0	0.07900599999999999
13580.0	0.07889700000000001
13585.0	0.078789
13590.0	0.078681
13595.0	0.078573
13600.0	0.078465
13605.0	0.07835800000000001
13610.0	0.07825
13615.0	0.07814299999999999
13620.0	0.078037
13625.0	0.07793
13630.0	0.077824
13635.0	0.077718
13640.0	0.077612
13645.0	0.077507
13650.0	0.077402
13655.0	0.077297
13660.0	0.077192
13665.0	0.077088
13670.0	0.07698300000000001
13675.0	0.076879
13680.0	0.076776
13685.0	0.076672
13690.0	0.07656900000000001
13695.0	0.07646599999999999
13700.0	0.076363
13705.0	0.076261
13710.0	0.076158
13715.0	0.076056
13720.0	0.075954
13725.0	0.075853
13730.0	0.075751
13735.0	0.07565
13740.0	0.07555
13745.0	0.075449
13750.0	0.075349
13755.0	0.075248
13760.0	0.07514900000000001
13765.0	0.075049
13770.0	0.074949
13775.0	0.07485
13780.0	0.074751
13785.0	0.074652
13790.0	0.074554
13795.0	0.074456
13800.0	0.07435800000000001
13805.0	0.07426
13810.0	0.074162
13815.0	0.07406499999999999
13820.0	0.07396799999999999
13825.0	0.073871
13830.0	0.073774
13835.0	0.073678
13840.0	0.07358200000000001
13845.0	0.073486
13850.0	0.07339
13855.0	0.073295
13860.0	0.073199
13865.0	0.073104
13870.0	0.07301
13875.0	0.072915
13880.0	0.072821
13885.0	0.072726
13890.0	0.072633
13895.0	0.07253899999999999
13900.0	0.07244500000000001
13905.0	0.072352
13910.0	0.072259
13915.0	0.072166
13920.0	0.072074
13925.0	0.07198099999999999
13930.0	0.071889
13935.0	0.071797
13940.0	0.07170599999999999
13945.0	0.071614
13950.0	0.071523
13955.0	0.07143200000000001
13960.0	0.071341
13965.0	0.071251
13970.0	0.07116
13975.0	0.07107000000000001
13980.0	0.07098
13985.0	0.070891
13990.0	0.070801
13995.0	0.070712
14000.0	0.070623
14005.0	0.070534
14010.0	0.07044500000000001
14015.0	0.070357
14020.0	0.07026900000000001
14025.0	0.070181
14030.0	0.07009299999999999
14035.0	0.070005
14040.0	0.069918
14045.0	0.06983099999999999
14050.0	0.069744
14055.0	0.06965700000000001
14060.0	0.06957100000000001
14065.0	0.069485
14070.0	0.069399
14075.0	0.069313
14080.0	0.069227
14085.0	0.069142
14090.0	0.06905599999999999
14095.0	0.068971
14100.0	0.068886
14105.0	0.068802
14110.0	0.068717
14115.0	0.068633
14120.0	0.068549
14125.0	0.068465
14130.0	0.068382
14135.0	0.068298
14140.0	0.068215
14145.0	0.068132
14150.0	0.06805
14155.0	0.067967
14160.0	0.067885
14165.0	0.067802
14170.0	0.06772
14175.0	0.067639
14180.0	0.067557
14185.0	0.067476
14190.0	0.06739500000000001
14195.0	0.067314
14200.0	0.067233
14205.0	0.067152
14210.0	0.067072
14215.0	0.066992
14220.0	0.066912
14225.0	0.066832
14230.0	0.06675199999999999
14235.0	0.066673
14240.0	0.066594
14245.0	0.06651499999999999
14250.0	0.066436
14255.0	0.066358
14260.0	0.06627899999999999
14265.0	0.066201
14270.0	0.066123
14275.0	0.066045
14280.0	0.065967
14285.0	0.06589
14290.0	0.065813
14295.0	0.065736
14300.0	0.06565900000000001
14305.0	0.065582
14310.0	0.065506
14315.0	0.065429
14320.0	0.065353
14325.0	0.065277
14330.0	0.065201
14335.0	0.065126
14340.0	0.065051
14345.0	0.064975
14350.0	0.0649
14355.0	0.064826
14360.0	0.064751
14365.0	0.064676
14370.0	0.06460199999999999
14375.0	0.064528
14380.0	0.064454
14385.0	0.064381
14390.0	0.064307
14395.0	0.064234
14400.0	0.06416000000000001
14405.0	0.064088
14410.0	0.064015
14415.0	0.063942
14420.0	0.06387000000000001
14425.0	0.063797
14430.0	0.063725
14435.0	0.063653
14440.0	0.063582
14445.0	0.06351
14450.0	0.063439
14455.0	0.063368
14460.0	0.063297
14465.0	0.063226
14470.0	0.06315499999999999
14475.0	0.063085
14480.0	0.063014
14485.0	0.062944
14490.0	0.062874
14495.0	0.062804
14500.0	0.062735
14505.0	0.062665
14510.0	0.062596
14515.0	0.062527
14520.0	0.06245800000000001
14525.0	0.062389
14530.0	0.062321
14535.0	0.062251999999999995
14540.0	0.062184
14545.0	0.062116
14550.0	0.062048
14555.0	0.06197999999999999
14560.0	0.061913
14565.0	0.061845000000000004
14570.0	0.061778
14575.0	0.061711
14580.0	0.061644000000000004
14585.0	0.061577
14590.0	0.061511
14595.0	0.061444000000000006
14600.0	0.061377999999999995
14605.0	0.061312
14610.0	0.061246
14615.0	0.06118
14620.0	0.061114999999999996
14625.0	0.061049
14630.0	0.060984000000000003
14635.0	0.06091900000000001
14640.0	0.060854
14645.0	0.060788999999999996
14650.0	0.060725
14655.0	0.060660000000000006
14660.0	0.060596000000000004
14665.0	0.060532
14670.0	0.060467999999999994
14675.0	0.060404
14680.0	0.06034
14685.0	0.060277
14690.0	0.060213
14695.0	0.06015
14700.0	0.060087
14705.0	0.060024
14710.0	0.059961
14715.0	0.059899
14720.0	0.059836
14725.0	0.059774
14730.0	0.059712
14735.0	0.05965
14740.0	0.059588
14745.0	0.059527
14750.0	0.059465
14755.0	0.059404
14760.0	0.059342
14765.0	0.05928099999999999
14770.0	0.059221
14775.0	0.059160000000000004
14780.0	0.059099
14785.0	0.059039
14790.0	0.058977999999999996
14795.0	0.058918
14800.0	0.05885800000000001
14805.0	0.058798
14810.0	0.058739
14815.0	0.058678999999999995
14820.0	0.058620000000000005
14825.0	0.05856
14830.0	0.058501
14835.0	0.058441999999999994
14840.0	0.058383000000000004
14845.0	0.058325
14850.0	0.058266
14855.0	0.058208
14860.0	0.058149
14865.0	0.058091
14870.0	0.058033
14875.0	0.057975
14880.0	0.057918
14885.0	0.05786
14890.0	0.057803
14895.0	0.057745000000000005
14900.0	0.057687999999999996
14905.0	0.057630999999999995
14910.0	0.057574
14915.0	0.057517
14920.0	0.057461
14925.0	0.057404
14930.0	0.057348
14935.0	0.057291999999999996
14940.0	0.057236
14945.0	0.057179999999999995
14950.0	0.057124
14955.0	0.057067999999999994
14960.0	0.057013
14965.0	0.05695700000000001
14970.0	0.056902
14975.0	0.056847
14980.0	0.056791999999999995
14985.0	0.056737
14990.0	0.056682
14995.0	0.056628
15000.0	0.056573000000000005
15005.0	0.05651900000000001
15010.0	0.056464999999999994
15015.0	0.056411
15020.0	0.056357000000000004
15025.0	0.056303
15030.0	0.056249
15035.0	0.056196
15040.0	0.056142
15045.0	0.056089
15050.0	0.056036
15055.0	0.055983000000000005
15060.0	0.055929999999999994
15065.0	0.055876999999999996
15070.0	0.055824
15075.0	0.055772
15080.0	0.055719000000000005
15085.0	0.055666999999999994
15090.0	0.055615
15095.0	0.055563
15100.0	0.055511000000000005
15105.0	0.055459
15110.0	0.055407000000000005
15115.0	0.055354999999999994
15120.0	0.055304
15125.0	0.055253
15130.0	0.055201
15135.0	0.05515
15140.0	0.055099
15145.0	0.055048
15150.0	0.054998000000000005
15155.0	0.054947
15160.0	0.054896
15165.0	0.054846000000000006
15170.0	0.054796000000000004
15175.0	0.054745
15180.0	0.05469500000000001
15185.0	0.054645000000000006
15190.0	0.054596000000000006
15195.0	0.054546000000000004
15200.0	0.054496
15205.0	0.054447
15210.0	0.054397
15215.0	0.054348
15220.0	0.054299
15225.0	0.05425
15230.0	0.054201
15235.0	0.054152
15240.0	0.054103
15245.0	0.054055
15250.0	0.05400599999999999
15255.0	0.053958000000000006
15260.0	0.053909000000000006
15265.0	0.053861
15270.0	0.053813
15275.0	0.053765
15280.0	0.053716999999999994
15285.0	0.05367
15290.0	0.053622
15295.0	0.053574000000000004
15300.0	0.053527
15305.0	0.05347999999999999
15310.0	0.05343200000000001
15315.0	0.053385
15320.0	0.053337999999999997
15325.0	0.053291
15330.0	0.05324400000000001
15335.0	0.053198
15340.0	0.053151
15345.0	0.053104
15350.0	0.053058
15355.0	0.053012000000000004
15360.0	0.052965
15365.0	0.05291900000000001
15370.0	0.052873
15375.0	0.052827
15380.0	0.052782
15385.0	0.052736
15390.0	0.05269
15395.0	0.052645000000000004
15400.0	0.052599
15405.0	0.052554
15410.0	0.052509
15415.0	0.052463
15420.0	0.05241799999999999
15425.0	0.052373
15430.0	0.052328
15435.0	0.052284000000000004
15440.0	0.052239
15445.0	0.052194000000000004
15450.0	0.05215
15455.0	0.052105
15460.0	0.052061
15465.0	0.052016999999999994
15470.0	0.051973
15475.0	0.051928999999999996
15480.0	0.051885
15485.0	0.051841
15490.0	0.051797
15495.0	0.051753
15500.0	0.05171
15505.0	0.051666
15510.0	0.051623
15515.0	0.05157899999999999
15520.0	0.051536
15525.0	0.051493
15530.0	0.05145
15535.0	0.05140700000000001
15540.0	0.051364
15545.0	0.051321000000000006
15550.0	0.051278
15555.0	0.051235
15560.0	0.051193
15565.0	0.05115
15570.0	0.051108
15575.0	0.051065
15580.0	0.051023
15585.0	0.050981
15590.0	0.050939
15595.0	0.050897000000000005
15600.0	0.050855000000000004
15605.0	0.050813
15610.0	0.050771
15615.0	0.050729
15620.0	0.050688
15625.0	0.050646
15630.0	0.050605000000000004
15635.0	0.050563
15640.0	0.050522000000000004
15645.0	0.050480000000000004
15650.0	0.050439
15655.0	0.050398
15660.0	0.050357
15665.0	0.050316
15670.0	0.050275
15675.0	0.050234
15680.0	0.050194
15685.0	0.050152999999999996
15690.0	0.050112000000000004
15695.0	0.050072000000000005
15700.0	0.050031
15705.0	0.049991
15710.0	0.04995
15715.0	0.04991
15720.0	0.04987
15725.0	0.04983
15730.0	0.04979
15735.0	0.04975
15740.0	0.049710000000000004
15745.0	0.04967
15750.0	0.04963
15755.0	0.049589999999999995
15760.0	0.049551
15765.0	0.049511
15770.0	0.049471
15775.0	0.049432
15780.0	0.049393
15785.0	0.049352999999999994
15790.0	0.049314
15795.0	0.049275
15800.0	0.049235
15805.0	0.049196
15810.0	0.049157
15815.0	0.049118
15820.0	0.049079000000000005
15825.0	0.049041
15830.0	0.049002
15835.0	0.048963
15840.0	0.048924
15845.0	0.048886
15850.0	0.048847
15855.0	0.048808
15860.0	0.04877
15865.0	0.048732
15870.0	0.048693
15875.0	0.048655000000000004
15880.0	0.048617
15885.0	0.048577999999999996
15890.0	0.04854
15895.0	0.048501999999999997
15900.0	0.048464
15905.0	0.048426
15910.0	0.048388
15915.0	0.04835
15920.0	0.048313
15925.0	0.048275
15930.0	0.048237
15935.0	0.048199
15940.0	0.048162
15945.0	0.048124
15950.0	0.048087
15955.0	0.048049
15960.0	0.048012
15965.0	0.047974
15970.0	0.047937
15975.0	0.0479
15980.0	0.047862
15985.0	0.047825
15990.0	0.047788
15995.0	0.047751
16000.0	0.047714
16005.0	0.047677
16010.0	0.047639999999999995
16015.0	0.047603
16020.0	0.047566000000000004
16025.0	0.047529
16030.0	0.047492
16035.0	0.047456
16040.0	0.047419
16045.0	0.047382
16050.0	0.047346
16055.0	0.047309
16060.0	0.047272
16065.0	0.047236
16070.0	0.047199
16075.0	0.047163
16080.0	0.047126999999999995
16085.0	0.04709
16090.0	0.047054
16095.0	0.047018
16100.0	0.046981
16105.0	0.046945
16110.0	0.046909
16115.0	0.046873000000000005
16120.0	0.046837000000000004
16125.0	0.0468
16130.0	0.046764
16135.0	0.046728
16140.0	0.046692000000000004
16145.0	0.046656
16150.0	0.04662
16155.0	0.046585
16160.0	0.046549
16165.0	0.046513
16170.0	0.046477
16175.0	0.046441
16180.0	0.046405
16185.0	0.04637
16190.0	0.046334
16195.0	0.046298
16200.0	0.046263
16205.0	0.046227
16210.0	0.046191
16215.0	0.046156
16220.0	0.04612
16225.0	0.046085
16230.0	0.046049
16235.0	0.046014
16240.0	0.045978
16245.0	0.045943
16250.0	0.045908
16255.0	0.045872
16260.0	0.045837
16265.0	0.045801999999999995
16270.0	0.045766
16275.0	0.045731
16280.0	0.045696
16285.0	0.04566
16290.0	0.045625
16295.0	0.04559
16300.0	0.045555
16305.0	0.04552
16310.0	0.045484
16315.0	0.045449
16320.0	0.045413999999999996
16325.0	0.045379
16330.0	0.045344
16335.0	0.045308999999999995
16340.0	0.045274
16345.0	0.045239
16350.0	0.045204
16355.0	0.045169
16360.0	0.045134
16365.0	0.045099
16370.0	0.045064
16375.0	0.045029
16380.0	0.044994
16385.0	0.044959
16390.0	0.044924
16395.0	0.044889
16400.0	0.044854000000000005
16405.0	0.04482
16410.0	0.044785000000000005
16415.0	0.04475
16420.0	0.044715
16425.0	0.044680000000000004
16430.0	0.044646
16435.0	0.044611000000000005
16440.0	0.044576
16445.0	0.044541000000000004
16450.0	0.044507
16455.0	0.044472000000000005
16460.0	0.044437
16465.0	0.044403
16470.0	0.044368
16475.0	0.044333
16480.0	0.044299
16485.0	0.044264
16490.0	0.04423
16495.0	0.044195
16500.0	0.044161
16505.0	0.044126
16510.0	0.044092
16515.0	0.044057
16520.0	0.044023
16525.0	0.043988
16530.0	0.043954
16535.0	0.043919
16540.0	0.043885
16545.0	0.043851
16550.0	0.043816
16555.0	0.043782
16560.0	0.043748
16565.0	0.043713
16570.0	0.043679
16575.0	0.043644999999999996
16580.0	0.04361
16585.0	0.043576
16590.0	0.043542000000000004
16595.0	0.043508
16600.0	0.043473000000000005
16605.0	0.043439
16610.0	0.043405
16615.0	0.043371
16620.0	0.043337
16625.0	0.043302999999999994
16630.0	0.043269
16635.0	0.043233999999999995
16640.0	0.0432
16645.0	0.043166
16650.0	0.043132
16655.0	0.043098000000000004
16660.0	0.043064
16665.0	0.04303
16670.0	0.042996
16675.0	0.042962
16680.0	0.042927999999999994
16685.0	0.042894
16690.0	0.042861
16695.0	0.042827
16700.0	0.042793
16705.0	0.042759
16710.0	0.042725
16715.0	0.042691
16720.0	0.042657
16725.0	0.042624
16730.0	0.042589999999999996
16735.0	0.042556000000000004
16740.0	0.042522000000000004
16745.0	0.042489
16750.0	0.042455
16755.0	0.042421
16760.0	0.042387
16765.0	0.042354
16770.0	0.042319999999999997
16775.0	0.042287
16780.0	0.042253
16785.0	0.042219
16790.0	0.042186
16795.0	0.042151999999999995
16800.0	0.042119
16805.0	0.042085000000000004
16810.0	0.042052
16815.0	0.042018
16820.0	0.041985
16825.0	0.041951
16830.0	0.041918000000000004
16835.0	0.041884
16840.0	0.041851
16845.0	0.041817
16850.0	0.041783999999999995
16855.0	0.041750999999999996
16860.0	0.041717000000000004
16865.0	0.041684
16870.0	0.041651
16875.0	0.041617
16880.0	0.041583999999999996
16885.0	0.041551
16890.0	0.041517
16895.0	0.041484
16900.0	0.041451
16905.0	0.041418
16910.0	0.041385000000000005
16915.0	0.041351
16920.0	0.041318
16925.0	0.041285
16930.0	0.041252
16935.0	0.041219
16940.0	0.041186
16945.0	0.041152999999999995
16950.0	0.04112
16955.0	0.041087
16960.0	0.041053
16965.0	0.04102
16970.0	0.040987
16975.0	0.040954000000000004
16980.0	0.040922
16985.0	0.040889
16990.0	0.040856
16995.0	0.040823000000000005
17000.0	0.04079
17005.0	0.040757
17010.0	0.040724
17015.0	0.040691000000000005
17020.0	0.040658
17025.0	0.040626
17030.0	0.040593000000000004
17035.0	0.04056
17040.0	0.040527
17045.0	0.040494
17050.0	0.040462
17055.0	0.040429
17060.0	0.040396
17065.0	0.040364
17070.0	0.040331
17075.0	0.040298
17080.0	0.040266
17085.0	0.040233
17090.0	0.0402
17095.0	0.040168
17100.0	0.040135000000000004
17105.0	0.040103
17110.0	0.04007
17115.0	0.040038
17120.0	0.040005
17125.0	0.039973
17130.0	0.039939999999999996
17135.0	0.039908
17140.0	0.039875
17145.0	0.039843
17150.0	0.039810000000000005
17155.0	0.039777999999999994
17160.0	0.039744999999999996
17165.0	0.039713
17170.0	0.039681
17175.0	0.039648
17180.0	0.039616000000000005
17185.0	0.039583999999999994
17190.0	0.039552
17195.0	0.039519
17200.0	0.039487
17205.0	0.039455000000000004
17210.0	0.039423
17215.0	0.039389999999999994
17220.0	0.039358
17225.0	0.039326
17230.0	0.039294
17235.0	0.039262
17240.0	0.03923
17245.0	0.039197
17250.0	0.039165
17255.0	0.039133
17260.0	0.039101
17265.0	0.039069
17270.0	0.039037
17275.0	0.039005
17280.0	0.038973
17285.0	0.038941
17290.0	0.038909
17295.0	0.038876999999999995
17300.0	0.038845
17305.0	0.038813
17310.0	0.038781
17315.0	0.03875
17320.0	0.038718
17325.0	0.038686
17330.0	0.038654
17335.0	0.038622000000000004
17340.0	0.03859
17345.0	0.038558999999999996
17350.0	0.038527
17355.0	0.038495
17360.0	0.038463
17365.0	0.038432
17370.0	0.0384
17375.0	0.038368
17380.0	0.038337
17385.0	0.038305
17390.0	0.038273
17395.0	0.038242
17400.0	0.03821
17405.0	0.038178
17410.0	0.038147
17415.0	0.038114999999999996
17420.0	0.038084
17425.0	0.038051999999999996
17430.0	0.038021
17435.0	0.037989
17440.0	0.037958
17445.0	0.037926
17450.0	0.037895
17455.0	0.037863
17460.0	0.037832
17465.0	0.037801
17470.0	0.037769
17475.0	0.037738
17480.0	0.037707
17485.0	0.037675
17490.0	0.037644
17495.0	0.037613
17500.0	0.037581
17505.0	0.03755
17510.0	0.037519
17515.0	0.037487
17520.0	0.037456
17525.0	0.037425
17530.0	0.037394
17535.0	0.037363
17540.0	0.037332
17545.0	0.0373
17550.0	0.037269
17555.0	0.037238
17560.0	0.037207
17565.0	0.037176
17570.0	0.037145
17575.0	0.037114
17580.0	0.037083
17585.0	0.037052
17590.0	0.037021
17595.0	0.036989999999999995
17600.0	0.036959
17605.0	0.036927999999999996
17610.0	0.036897000000000006
17615.0	0.036866
17620.0	0.036835
17625.0	0.036804
17630.0	0.036773
17635.0	0.036743
17640.0	0.036712
17645.0	0.036681
17650.0	0.03665
17655.0	0.036619
17660.0	0.036588999999999997
17665.0	0.036558
17670.0	0.036527
17675.0	0.036496
17680.0	0.036466000000000005
17685.0	0.036435
17690.0	0.036404
17695.0	0.036374000000000004
17700.0	0.036343
17705.0	0.036312
17710.0	0.036282
17715.0	0.036251
17720.0	0.036220999999999996
17725.0	0.03619
17730.0	0.036159
17735.0	0.036129
17740.0	0.036098000000000005
17745.0	0.036068
17750.0	0.036037
17755.0	0.036007
17760.0	0.035976
17765.0	0.035946
17770.0	0.035916000000000003
17775.0	0.035885
17780.0	0.035855
17785.0	0.035824
17790.0	0.035794
17795.0	0.035764
17800.0	0.035733
17805.0	0.035703
17810.0	0.035673
17815.0	0.035643
17820.0	0.035612
17825.0	0.035582
17830.0	0.035552
17835.0	0.035522000000000005
17840.0	0.035491
17845.0	0.035461
17850.0	0.035431
17855.0	0.035401
17860.0	0.035371
17865.0	0.035341000000000004
17870.0	0.035311
17875.0	0.03528
17880.0	0.03525
17885.0	0.03522
17890.0	0.03519
17895.0	0.035160000000000004
17900.0	0.03513
17905.0	0.0351
17910.0	0.03507
17915.0	0.035039999999999995
17920.0	0.03501
17925.0	0.034981
17930.0	0.034950999999999996
17935.0	0.034921
17940.0	0.034891000000000005
17945.0	0.034861
17950.0	0.034831
17955.0	0.034801
17960.0	0.034772000000000004
17965.0	0.034742
17970.0	0.034712
17975.0	0.034682
17980.0	0.034651999999999995
17985.0	0.034623
17990.0	0.034593
17995.0	0.034562999999999997
18000.0	0.034533999999999995
18005.0	0.034504
18010.0	0.034474
18015.0	0.034444999999999996
18020.0	0.034415
18025.0	0.034385
18030.0	0.034356
18035.0	0.034326
18040.0	0.034297
18045.0	0.034267
18050.0	0.034238
18055.0	0.034207999999999995
18060.0	0.034179
18065.0	0.034149
18070.0	0.03412
18075.0	0.034089999999999995
18080.0	0.034061
18085.0	0.034031
18090.0	0.034002
18095.0	0.033973
18100.0	0.033943
18105.0	0.033914
18110.0	0.033885000000000005
18115.0	0.033855
18120.0	0.033826
18125.0	0.033797
18130.0	0.033767
18135.0	0.033738
18140.0	0.033708999999999996
18145.0	0.03368
18150.0	0.03365
18155.0	0.033621
18160.0	0.033592000000000004
18165.0	0.033563
18170.0	0.033533999999999994
18175.0	0.033505
18180.0	0.033476
18185.0	0.033446
18190.0	0.033417
18195.0	0.033388
18200.0	0.033359
18205.0	0.03333
18210.0	0.033301
18215.0	0.033272
18220.0	0.033243
18225.0	0.033214
18230.0	0.033185
18235.0	0.033156
18240.0	0.033127
18245.0	0.033099
18250.0	0.03307
18255.0	0.033041
18260.0	0.033012
18265.0	0.032983
18270.0	0.032954000000000004
18275.0	0.032925
18280.0	0.032897
18285.0	0.032868
18290.0	0.032839
18295.0	0.03281
18300.0	0.032782
18305.0	0.032753
18310.0	0.032724
18315.0	0.032695999999999996
18320.0	0.032667
18325.0	0.032638
18330.0	0.03261
18335.0	0.032581
18340.0	0.032552
18345.0	0.032524000000000004
18350.0	0.032494999999999996
18355.0	0.032467
18360.0	0.032438
18365.0	0.03241
18370.0	0.032381
18375.0	0.032353
18380.0	0.032324
18385.0	0.032296
18390.0	0.032267000000000004
18395.0	0.032239
18400.0	0.03221
18405.0	0.032182
18410.0	0.032154
18415.0	0.032125
18420.0	0.032097
18425.0	0.032068
18430.0	0.03204
18435.0	0.032012
18440.0	0.031984
18445.0	0.031955000000000004
18450.0	0.031927
18455.0	0.031899000000000004
18460.0	0.031871
18465.0	0.031842
18470.0	0.031814
18475.0	0.031786
18480.0	0.031758
18485.0	0.03173
18490.0	0.031702
18495.0	0.031673
18500.0	0.031645
18505.0	0.031617
18510.0	0.031589
18515.0	0.031561
18520.0	0.031533
18525.0	0.031505
18530.0	0.031477
18535.0	0.031449
18540.0	0.031421
18545.0	0.031393
18550.0	0.031365
18555.0	0.031337000000000004
18560.0	0.031309
18565.0	0.031282
18570.0	0.031254000000000004
18575.0	0.031226
18580.0	0.031198000000000004
18585.0	0.03117
18590.0	0.031142000000000003
18595.0	0.031114999999999997
18600.0	0.031087
18605.0	0.031058999999999996
18610.0	0.031031
18615.0	0.031002999999999996
18620.0	0.030976
18625.0	0.030948000000000003
18630.0	0.03092
18635.0	0.030893
18640.0	0.030864999999999997
18645.0	0.030837
18650.0	0.03081
18655.0	0.030782
18660.0	0.030755
18665.0	0.030726999999999997
18670.0	0.030699
18675.0	0.030672
18680.0	0.030644
18685.0	0.030617000000000002
18690.0	0.030588999999999998
18695.0	0.030562
18700.0	0.030534
18705.0	0.030507
18710.0	0.03048
18715.0	0.030452
18720.0	0.030425
18725.0	0.030397000000000004
18730.0	0.030369999999999998
18735.0	0.030343000000000002
18740.0	0.030314999999999998
18745.0	0.030288
18750.0	0.030261
18755.0	0.030233
18760.0	0.030206
18765.0	0.030179
18770.0	0.030151999999999998
18775.0	0.030124
18780.0	0.030097000000000002
18785.0	0.03007
18790.0	0.030043
18795.0	0.030016
18800.0	0.029988
18805.0	0.029961
18810.0	0.029934
18815.0	0.029907
18820.0	0.02988
18825.0	0.029852999999999998
18830.0	0.029826
18835.0	0.029799000000000003
18840.0	0.029772000000000003
18845.0	0.029744999999999997
18850.0	0.029718
18855.0	0.029691000000000002
18860.0	0.029664
18865.0	0.029637
18870.0	0.02961
18875.0	0.029582999999999998
18880.0	0.029556
18885.0	0.029529000000000003
18890.0	0.029501999999999997
18895.0	0.029475
18900.0	0.029449
18905.0	0.029422000000000004
18910.0	0.029394999999999998
18915.0	0.029368000000000002
18920.0	0.029341000000000002
18925.0	0.029314999999999997
18930.0	0.029287999999999998
18935.0	0.029261000000000002
18940.0	0.029233999999999996
18945.0	0.029207999999999998
18950.0	0.029181
18955.0	0.029154000000000003
18960.0	0.029127999999999998
18965.0	0.029101
18970.0	0.029075
18975.0	0.029048
18980.0	0.029020999999999998
18985.0	0.028995
18990.0	0.028968
18995.0	0.028942000000000002
19000.0	0.028914999999999996
19005.0	0.028888999999999998
19010.0	0.028862
19015.0	0.028836
19020.0	0.028808999999999998
19025.0	0.028783
19030.0	0.028756
19035.0	0.028730000000000002
19040.0	0.028704
19045.0	0.028676999999999998
19050.0	0.028651
19055.0	0.028624
19060.0	0.028598000000000002
19065.0	0.028572000000000004
19070.0	0.028544999999999997
19075.0	0.028519
19080.0	0.028493
19085.0	0.028467000000000003
19090.0	0.028439999999999997
19095.0	0.028414
19100.0	0.028388
19105.0	0.028362000000000002
19110.0	0.028336
19115.0	0.028308999999999997
19120.0	0.028283
19125.0	0.028257
19130.0	0.028231
19135.0	0.028205
19140.0	0.028179000000000003
19145.0	0.028152999999999997
19150.0	0.028127
19155.0	0.028100999999999998
19160.0	0.028075
19165.0	0.028049
19170.0	0.028023000000000003
19175.0	0.027997
19180.0	0.027971
19185.0	0.027944999999999998
19190.0	0.027919
19195.0	0.027893
19200.0	0.027867000000000003
19205.0	0.027841
19210.0	0.027815
19215.0	0.027788999999999998
19220.0	0.027763999999999997
19225.0	0.027738
19230.0	0.027712
19235.0	0.027686000000000002
19240.0	0.02766
19245.0	0.027635000000000003
19250.0	0.027608999999999998
19255.0	0.027583
19260.0	0.027556999999999998
19265.0	0.027532
19270.0	0.027506
19275.0	0.02748
19280.0	0.027455
19285.0	0.027429000000000002
19290.0	0.027402999999999997
19295.0	0.027377999999999996
19300.0	0.027351999999999998
19305.0	0.027326999999999997
19310.0	0.027301
19315.0	0.027275999999999998
19320.0	0.02725
19325.0	0.027225
19330.0	0.027199
19335.0	0.027174
19340.0	0.027148000000000002
19345.0	0.027123
19350.0	0.027097000000000003
19355.0	0.027072000000000002
19360.0	0.027045999999999997
19365.0	0.027020999999999996
19370.0	0.026996
19375.0	0.026969999999999997
19380.0	0.026945
19385.0	0.02692
19390.0	0.026894
19395.0	0.026869
19400.0	0.026844
19405.0	0.026819
19410.0	0.026793
19415.0	0.026768
19420.0	0.026743
19425.0	0.026718000000000002
19430.0	0.026692
19435.0	0.026667000000000003
19440.0	0.026642000000000002
19445.0	0.026617000000000002
19450.0	0.026592
19455.0	0.026567
19460.0	0.026542000000000003
19465.0	0.026517000000000002
19470.0	0.026492
19475.0	0.026467
19480.0	0.026441000000000003
19485.0	0.026416000000000002
19490.0	0.026391
19495.0	0.026366000000000004
19500.0	0.026342
19505.0	0.026317
19510.0	0.026292000000000003
19515.0	0.026267000000000002
19520.0	0.026242
19525.0	0.026217
19530.0	0.026192
19535.0	0.026167000000000003
19540.0	0.026142000000000002
19545.0	0.026118000000000002
19550.0	0.026093
19555.0	0.026068
19560.0	0.026043
19565.0	0.026018
19570.0	0.025994
19575.0	0.025969
19580.0	0.025944
19585.0	0.025919
19590.0	0.025894999999999998
19595.0	0.025869999999999997
19600.0	0.025845
19605.0	0.025820999999999997
19610.0	0.025796
19615.0	0.025772000000000003
19620.0	0.025747000000000003
19625.0	0.025722000000000002
19630.0	0.025698000000000002
19635.0	0.025673
19640.0	0.025649
19645.0	0.025624
19650.0	0.0256
19655.0	0.025575
19660.0	0.025551
19665.0	0.025526
19670.0	0.025502
19675.0	0.025477
19680.0	0.025453
19685.0	0.025429
19690.0	0.025404
19695.0	0.02538
19700.0	0.025356
19705.0	0.025331
19710.0	0.025307
19715.0	0.025283
19720.0	0.025258000000000003
19725.0	0.025234
19730.0	0.02521
19735.0	0.025186
19740.0	0.025161000000000003
19745.0	0.025137
19750.0	0.025113
19755.0	0.025089
19760.0	0.025065
19765.0	0.02504
19770.0	0.025016
19775.0	0.024992
19780.0	0.024968
19785.0	0.024944
19790.0	0.024919999999999998
19795.0	0.024896
19800.0	0.024872
19805.0	0.024848
19810.0	0.024824000000000002
19815.0	0.0248
19820.0	0.024776
19825.0	0.024752
19830.0	0.024728
19835.0	0.024704
19840.0	0.02468
19845.0	0.024656
19850.0	0.024631999999999998
19855.0	0.024609
19860.0	0.024585
19865.0	0.024561000000000003
19870.0	0.024537
19875.0	0.024513
19880.0	0.024489
19885.0	0.024465999999999998
19890.0	0.024442
19895.0	0.024418000000000002
19900.0	0.024394
19905.0	0.024371
19910.0	0.024347
19915.0	0.024322999999999997
19920.0	0.0243
19925.0	0.024276
19930.0	0.024252000000000003
19935.0	0.024229
19940.0	0.024205
19945.0	0.024182
19950.0	0.024158000000000002
19955.0	0.024134
19960.0	0.024111
19965.0	0.024087
19970.0	0.024064
19975.0	0.02404
19980.0	0.024017
19985.0	0.023993
19990.0	0.023969999999999998
19995.0	0.023946000000000002
20000.0	0.023923
20005.0	0.0239
20010.0	0.023875999999999998
20015.0	0.023853
20020.0	0.02383
20025.0	0.023806
20030.0	0.023783000000000002
20035.0	0.02376
20040.0	0.023736
20045.0	0.023712999999999998
20050.0	0.02369
20055.0	0.023666
20060.0	0.023643
20065.0	0.02362
20070.0	0.023597
20075.0	0.023574
20080.0	0.02355
20085.0	0.023527
20090.0	0.023504
20095.0	0.023481000000000002
20100.0	0.023458
20105.0	0.023435
20110.0	0.023412
20115.0	0.023389
20120.0	0.023366
20125.0	0.023343
20130.0	0.023319
20135.0	0.023296
20140.0	0.023273
20145.0	0.023250999999999997
20150.0	0.023228
20155.0	0.023205
20160.0	0.023181999999999998
20165.0	0.023159
20170.0	0.023136
20175.0	0.023112999999999998
20180.0	0.02309
20185.0	0.023066999999999997
20190.0	0.023044
20195.0	0.023022
20200.0	0.022999000000000002
20205.0	0.022976
20210.0	0.022953
20215.0	0.022930000000000002
20220.0	0.022908
20225.0	0.022885
20230.0	0.022862
20235.0	0.02284
20240.0	0.022817
20245.0	0.022794
20250.0	0.022772
20255.0	0.022749000000000002
20260.0	0.022726
20265.0	0.022704
20270.0	0.022681
20275.0	0.022658
20280.0	0.022636
20285.0	0.022613
20290.0	0.022591
20295.0	0.022568
20300.0	0.022546
20305.0	0.022522999999999998
20310.0	0.022501
20315.0	0.022478
20320.0	0.022456
20325.0	0.022434
20330.0	0.022411
20335.0	0.022389
20340.0	0.022366
20345.0	0.022344
20350.0	0.022322
20355.0	0.022299
20360.0	0.022277
20365.0	0.022255
20370.0	0.022232
20375.0	0.02221
20380.0	0.022188
20385.0	0.022165999999999998
20390.0	0.022143
20395.0	0.022121000000000002
20400.0	0.022099
20405.0	0.022077
20410.0	0.022055
20415.0	0.022033
20420.0	0.02201
20425.0	0.021988
20430.0	0.021966
20435.0	0.021943999999999998
20440.0	0.021922
20445.0	0.0219
20450.0	0.021878
20455.0	0.021856
20460.0	0.021834
20465.0	0.021812
20470.0	0.02179
20475.0	0.021768
20480.0	0.021746
20485.0	0.021724
20490.0	0.021702000000000003
20495.0	0.02168
20500.0	0.021658
20505.0	0.021636000000000002
20510.0	0.021615000000000002
20515.0	0.021593
20520.0	0.021571
20525.0	0.021549000000000002
20530.0	0.021527
20535.0	0.021505
20540.0	0.021484
20545.0	0.021462000000000002
20550.0	0.02144
20555.0	0.021418
20560.0	0.021397
20565.0	0.021375
20570.0	0.021353
20575.0	0.021332
20580.0	0.02131
20585.0	0.021287999999999998
20590.0	0.021266999999999998
20595.0	0.021245
20600.0	0.021224
20605.0	0.021202000000000002
20610.0	0.021181000000000002
20615.0	0.021159
20620.0	0.021137
20625.0	0.021116
20630.0	0.021093999999999998
20635.0	0.021072999999999998
20640.0	0.021052
20645.0	0.02103
20650.0	0.021009
20655.0	0.020987000000000002
20660.0	0.020966
20665.0	0.020944
20670.0	0.020923
20675.0	0.020902
20680.0	0.020880000000000003
20685.0	0.020859
20690.0	0.020838
20695.0	0.020816
20700.0	0.020794999999999998
20705.0	0.020774
20710.0	0.020753
20715.0	0.020731
20720.0	0.02071
20725.0	0.020689
20730.0	0.020668000000000002
20735.0	0.020647
20740.0	0.020625
20745.0	0.020604
20750.0	0.020583
20755.0	0.020562
20760.0	0.020541
20765.0	0.02052
20770.0	0.020499
20775.0	0.020478
20780.0	0.020457
20785.0	0.020436000000000003
20790.0	0.020415
20795.0	0.020394
20800.0	0.020373
20805.0	0.020352000000000002
20810.0	0.020331000000000002
20815.0	0.020309999999999998
20820.0	0.020288999999999998
20825.0	0.020268
20830.0	0.020247
20835.0	0.020225999999999997
20840.0	0.020205
20845.0	0.020184
20850.0	0.020163999999999998
20855.0	0.020143
20860.0	0.020122
20865.0	0.020101
20870.0	0.02008
20875.0	0.020059999999999998
20880.0	0.020038999999999998
20885.0	0.020018
20890.0	0.019998
20895.0	0.019977
20900.0	0.019956
20905.0	0.019936000000000002
20910.0	0.019915000000000002
20915.0	0.019894
20920.0	0.019874
20925.0	0.019853
20930.0	0.019832
20935.0	0.019812
20940.0	0.019791
20945.0	0.019771
20950.0	0.01975
20955.0	0.01973
20960.0	0.019709
20965.0	0.019688999999999998
20970.0	0.019668
20975.0	0.019648
20980.0	0.019627000000000002
20985.0	0.019607
20990.0	0.019587
20995.0	0.019566
21000.0	0.019546
21005.0	0.019525
21010.0	0.019505
21015.0	0.019485
21020.0	0.019464
21025.0	0.019444
21030.0	0.019424
21035.0	0.019403999999999998
21040.0	0.019383
21045.0	0.019363
21050.0	0.019343
21055.0	0.019323
21060.0	0.019302
21065.0	0.019282
21070.0	0.019262
21075.0	0.019242
21080.0	0.019222
21085.0	0.019202
21090.0	0.019181999999999998
21095.0	0.019162000000000002
21100.0	0.019141
21105.0	0.019121
21110.0	0.019101
21115.0	0.019081
21120.0	0.019061
21125.0	0.019041
21130.0	0.019021
21135.0	0.019001
21140.0	0.018981
21145.0	0.018961000000000002
21150.0	0.018941999999999997
21155.0	0.018922
21160.0	0.018902000000000002
21165.0	0.018882
21170.0	0.018862
21175.0	0.018841999999999998
21180.0	0.018822
21185.0	0.018803
21190.0	0.018783
21195.0	0.018763
21200.0	0.018743
21205.0	0.018723
21210.0	0.018704
21215.0	0.018684
21220.0	0.018664
21225.0	0.018645
21230.0	0.018625
21235.0	0.018605
21240.0	0.018585
21245.0	0.018566
21250.0	0.018546
21255.0	0.018527000000000002
21260.0	0.018507
21265.0	0.018487
21270.0	0.018468000000000002
21275.0	0.018448
21280.0	0.018429
21285.0	0.018409000000000002
21290.0	0.01839
21295.0	0.018369999999999997
21300.0	0.018351
21305.0	0.018331
21310.0	0.018312000000000002
21315.0	0.018292
21320.0	0.018272999999999998
21325.0	0.018254
21330.0	0.018234
21335.0	0.018215000000000002
21340.0	0.018196
21345.0	0.018175999999999998
21350.0	0.018157
21355.0	0.018137999999999998
21360.0	0.018118000000000002
21365.0	0.018099
21370.0	0.018080000000000002
21375.0	0.018061
21380.0	0.018040999999999998
21385.0	0.018022
21390.0	0.018003
21395.0	0.017984
21400.0	0.017965000000000002
21405.0	0.017945
21410.0	0.017925999999999997
21415.0	0.017907
21420.0	0.017888
21425.0	0.017869
21430.0	0.01785
21435.0	0.017831
21440.0	0.017812
21445.0	0.017793
21450.0	0.017774
21455.0	0.017755
21460.0	0.017736000000000002
21465.0	0.017717
21470.0	0.017698
21475.0	0.017679
21480.0	0.01766
21485.0	0.017641
21490.0	0.017622
21495.0	0.017603
21500.0	0.017584
21505.0	0.017565
21510.0	0.017546
21515.0	0.017528
21520.0	0.017509
21525.0	0.017490000000000002
21530.0	0.017471
21535.0	0.017452000000000002
21540.0	0.017434
21545.0	0.017415
21550.0	0.017396000000000002
21555.0	0.017378
21560.0	0.017359
21565.0	0.01734
21570.0	0.017322
21575.0	0.017303
21580.0	0.017284
21585.0	0.017266
21590.0	0.017247
21595.0	0.017228
21600.0	0.01721
21605.0	0.017190999999999998
21610.0	0.017172999999999997
21615.0	0.017154
21620.0	0.017136000000000002
21625.0	0.017117
21630.0	0.017099
21635.0	0.01708
21640.0	0.017062
21645.0	0.017043
21650.0	0.017025
21655.0	0.017006
21660.0	0.016988
21665.0	0.01697
21670.0	0.016951
21675.0	0.016933
21680.0	0.016915
21685.0	0.016896
21690.0	0.016878
21695.0	0.01686
21700.0	0.016841
21705.0	0.016822999999999998
21710.0	0.016805
21715.0	0.016787
21720.0	0.016768
21725.0	0.01675
21730.0	0.016732
21735.0	0.016714
21740.0	0.016696000000000003
21745.0	0.016678
21750.0	0.016659999999999998
21755.0	0.016641
21760.0	0.016623
21765.0	0.016605
21770.0	0.016587
21775.0	0.016569
21780.0	0.016551
21785.0	0.016533000000000003
21790.0	0.016515000000000002
21795.0	0.016497
21800.0	0.016479
21805.0	0.016461
21810.0	0.016443
21815.0	0.016425
21820.0	0.016406999999999998
21825.0	0.016388999999999997
21830.0	0.016371
21835.0	0.016354
21840.0	0.016336
21845.0	0.016318
21850.0	0.0163
21855.0	0.016281999999999998
21860.0	0.016263999999999997
21865.0	0.016247
21870.0	0.016229
21875.0	0.016211
21880.0	0.016193
21885.0	0.016176
21890.0	0.016158000000000002
21895.0	0.01614
21900.0	0.016123
21905.0	0.016105
21910.0	0.016087
21915.0	0.016069999999999997
21920.0	0.016052
21925.0	0.016034
21930.0	0.016017
21935.0	0.015999
21940.0	0.015982
21945.0	0.015964
21950.0	0.015947
21955.0	0.015929
21960.0	0.015911
21965.0	0.015894
21970.0	0.015877000000000002
21975.0	0.015859
21980.0	0.015842
21985.0	0.015824
21990.0	0.015806999999999998
21995.0	0.015788999999999997
22000.0	0.015772
22005.0	0.015755
22010.0	0.015737
22015.0	0.015719999999999998
22020.0	0.015703
22025.0	0.015685
22030.0	0.015668
22035.0	0.015650999999999998
22040.0	0.015633
22045.0	0.015616
22050.0	0.015599000000000002
22055.0	0.015581999999999999
22060.0	0.015563999999999998
22065.0	0.015547
22070.0	0.01553
22075.0	0.015512999999999999
22080.0	0.015496000000000001
22085.0	0.015479
22090.0	0.015461
22095.0	0.015444
22100.0	0.015427000000000001
22105.0	0.01541
22110.0	0.015393
22115.0	0.015375999999999999
22120.0	0.015359000000000001
22125.0	0.015341999999999998
22130.0	0.015325
22135.0	0.015308
22140.0	0.015290999999999999
22145.0	0.015274000000000001
22150.0	0.015257
22155.0	0.01524
22160.0	0.015222999999999999
22165.0	0.015206
22170.0	0.015189
22175.0	0.015172999999999999
22180.0	0.015156000000000001
22185.0	0.015138999999999998
22190.0	0.015122
22195.0	0.015105
22200.0	0.015087999999999999
22205.0	0.015072
22210.0	0.015055
22215.0	0.015038
22220.0	0.015021000000000001
22225.0	0.015005000000000001
22230.0	0.014988
22235.0	0.014971
22240.0	0.014955000000000001
22245.0	0.014938
22250.0	0.014921
22255.0	0.014905000000000002
22260.0	0.014888
22265.0	0.014871
22270.0	0.014855000000000002
22275.0	0.014837999999999999
22280.0	0.014822
22285.0	0.014805
22290.0	0.014787999999999999
22295.0	0.014772
22300.0	0.014755
22305.0	0.014738999999999999
22310.0	0.014722
22315.0	0.014706
22320.0	0.014688999999999999
22325.0	0.014672999999999999
22330.0	0.014657
22335.0	0.01464
22340.0	0.014624000000000002
22345.0	0.014606999999999998
22350.0	0.014591
22355.0	0.014575
22360.0	0.014558000000000001
22365.0	0.014542
22370.0	0.014525999999999999
22375.0	0.014509000000000001
22380.0	0.014493
22385.0	0.014477
22390.0	0.014459999999999999
22395.0	0.014444
22400.0	0.014428
22405.0	0.014412000000000001
22410.0	0.014396
22415.0	0.014379
22420.0	0.014362999999999999
22425.0	0.014347
22430.0	0.014331
22435.0	0.014315000000000001
22440.0	0.014299000000000001
22445.0	0.014283
22450.0	0.014266
22455.0	0.01425
22460.0	0.014234
22465.0	0.014218000000000001
22470.0	0.014202000000000001
22475.0	0.014186
22480.0	0.014169999999999999
22485.0	0.014154
22490.0	0.014138
22495.0	0.014122
22500.0	0.014106
22505.0	0.01409
22510.0	0.014075
22515.0	0.014059
22520.0	0.014043
22525.0	0.014027000000000001
22530.0	0.014011000000000001
22535.0	0.013994999999999999
22540.0	0.013978999999999998
22545.0	0.013963
22550.0	0.013947999999999999
22555.0	0.013932
22560.0	0.013916
22565.0	0.0139
22570.0	0.013885
22575.0	0.013869
22580.0	0.013853
22585.0	0.013837
22590.0	0.013822
22595.0	0.013806
22600.0	0.01379
22605.0	0.013775
22610.0	0.013759
22615.0	0.013743
22620.0	0.013728
22625.0	0.013712
22630.0	0.013696999999999999
22635.0	0.013681
22640.0	0.013666
22645.0	0.01365
22650.0	0.013634
22655.0	0.013619
22660.0	0.013603
22665.0	0.013588
22670.0	0.013572
22675.0	0.013557
22680.0	0.013541999999999998
22685.0	0.013526
22690.0	0.013511000000000002
22695.0	0.013494999999999998
22700.0	0.01348
22705.0	0.013465000000000001
22710.0	0.013449000000000001
22715.0	0.013434
22720.0	0.013419
22725.0	0.013403
22730.0	0.013387999999999999
22735.0	0.013373
22740.0	0.013356999999999999
22745.0	0.013341999999999998
22750.0	0.013327
22755.0	0.013312000000000001
22760.0	0.013296
22765.0	0.013281
22770.0	0.013266
22775.0	0.013250999999999999
22780.0	0.013236000000000001
22785.0	0.013219999999999999
22790.0	0.013205000000000001
22795.0	0.01319
22800.0	0.013175
22805.0	0.01316
22810.0	0.013144999999999999
22815.0	0.013130000000000001
22820.0	0.013115
22825.0	0.0131
22830.0	0.013085
22835.0	0.013069999999999998
22840.0	0.013055
22845.0	0.013040000000000001
22850.0	0.013025
22855.0	0.013009999999999999
22860.0	0.012995
22865.0	0.012980000000000002
22870.0	0.012965
22875.0	0.01295
22880.0	0.012934999999999999
22885.0	0.01292
22890.0	0.012905000000000002
22895.0	0.012891
22900.0	0.012875999999999999
22905.0	0.012861000000000001
22910.0	0.012846000000000002
22915.0	0.012831
22920.0	0.012816999999999999
22925.0	0.012802000000000001
22930.0	0.012787
22935.0	0.012772
22940.0	0.012758
22945.0	0.012743
22950.0	0.012728
22955.0	0.012713
22960.0	0.012699
22965.0	0.012684
22970.0	0.012669
22975.0	0.012655
22980.0	0.01264
22985.0	0.012626
22990.0	0.012611
22995.0	0.012596
23000.0	0.012582
23005.0	0.012567
23010.0	0.012553
23015.0	0.012537999999999999
23020.0	0.012523999999999999
23025.0	0.012509000000000001
23030.0	0.012495000000000001
23035.0	0.01248
23040.0	0.012466
23045.0	0.012451
23050.0	0.012437
23055.0	0.012422
23060.0	0.012408
23065.0	0.012394
23070.0	0.012379000000000001
23075.0	0.012365000000000001
23080.0	0.012351
23085.0	0.012336
23090.0	0.012322
23095.0	0.012308
23100.0	0.012293
23105.0	0.012279
23110.0	0.012265
23115.0	0.012251
23120.0	0.012236
23125.0	0.012222
23130.0	0.012208
23135.0	0.012194
23140.0	0.012179
23145.0	0.012165
23150.0	0.012151
23155.0	0.012137
23160.0	0.012123
23165.0	0.012109
23170.0	0.012095
23175.0	0.01208
23180.0	0.012066
23185.0	0.012052
23190.0	0.012038
23195.0	0.012024
23200.0	0.01201
23205.0	0.011996
23210.0	0.011982
23215.0	0.011968000000000001
23220.0	0.011954000000000001
23225.0	0.011940000000000001
23230.0	0.011926
23235.0	0.011912
23240.0	0.011898
23245.0	0.011884
23250.0	0.011871
23255.0	0.011857
23260.0	0.011843000000000001
23265.0	0.011829000000000001
23270.0	0.011815
23275.0	0.011801
23280.0	0.011787
23285.0	0.011774
23290.0	0.01176
23295.0	0.011746
23300.0	0.011732
23305.0	0.011719
23310.0	0.011705
23315.0	0.011691
23320.0	0.011677
23325.0	0.011664
23330.0	0.01165
23335.0	0.011636
23340.0	0.011623
23345.0	0.011609
23350.0	0.011595000000000001
23355.0	0.011581999999999999
23360.0	0.011568
23365.0	0.011555
23370.0	0.011541
23375.0	0.011526999999999999
23380.0	0.011514
23385.0	0.0115
23390.0	0.011487
23395.0	0.011473
23400.0	0.01146
23405.0	0.011446
23410.0	0.011433
23415.0	0.011419
23420.0	0.011406
23425.0	0.011392
23430.0	0.011379
23435.0	0.011366
23440.0	0.011352
23445.0	0.011339
23450.0	0.011325
23455.0	0.011312000000000001
23460.0	0.011299
23465.0	0.011285
23470.0	0.011271999999999999
23475.0	0.011259
23480.0	0.011245
23485.0	0.011231999999999999
23490.0	0.011219
23495.0	0.011206
23500.0	0.011192
23505.0	0.011179000000000001
23510.0	0.011165999999999999
23515.0	0.011153
23520.0	0.01114
23525.0	0.011126
23530.0	0.011113
23535.0	0.0111
23540.0	0.011087
23545.0	0.011073999999999999
23550.0	0.011061
23555.0	0.011048
23560.0	0.011035
23565.0	0.011021
23570.0	0.011008
23575.0	0.010995
23580.0	0.010981999999999999
23585.0	0.010969
23590.0	0.010956
23595.0	0.010943000000000001
23600.0	0.01093
23605.0	0.010917
23610.0	0.010904
23615.0	0.010891
23620.0	0.010878
23625.0	0.010865999999999999
23630.0	0.010853
23635.0	0.01084
23640.0	0.010827
23645.0	0.010814
23650.0	0.010801
23655.0	0.010787999999999999
23660.0	0.010775
23665.0	0.010763
23670.0	0.01075
23675.0	0.010737
23680.0	0.010724
23685.0	0.010711
23690.0	0.010699
23695.0	0.010686
23700.0	0.010673
23705.0	0.010661
23710.0	0.010648000000000001
23715.0	0.010634999999999999
23720.0	0.010622
23725.0	0.01061
23730.0	0.010597
23735.0	0.010584
23740.0	0.010572
23745.0	0.010559
23750.0	0.010546999999999999
23755.0	0.010534
23760.0	0.010520999999999999
23765.0	0.010509000000000001
23770.0	0.010496
23775.0	0.010484
23780.0	0.010471
23785.0	0.010459
23790.0	0.010445999999999999
23795.0	0.010434
23800.0	0.010421
23805.0	0.010409
23810.0	0.010395999999999999
23815.0	0.010384000000000001
23820.0	0.010371
23825.0	0.010359
23830.0	0.010347
23835.0	0.010334000000000001
23840.0	0.010322
23845.0	0.01031
23850.0	0.010297
23855.0	0.010284999999999999
23860.0	0.010273000000000001
23865.0	0.01026
23870.0	0.010248
23875.0	0.010236
23880.0	0.010223000000000001
23885.0	0.010211
23890.0	0.010199
23895.0	0.010187
23900.0	0.010173999999999999
23905.0	0.010162000000000001
23910.0	0.01015
23915.0	0.010138
23920.0	0.010126000000000001
23925.0	0.010112999999999999
23930.0	0.010101
23935.0	0.010089
23940.0	0.010077
23945.0	0.010065000000000001
23950.0	0.010053
23955.0	0.010041
23960.0	0.010029000000000001
23965.0	0.010017
23970.0	0.010004
23975.0	0.009992000000000001
23980.0	0.00998
23985.0	0.009968000000000001
23990.0	0.009956
23995.0	0.009944
24000.0	0.009932
24005.0	0.00992
24010.0	0.009908
24015.0	0.009897
24020.0	0.009885
24025.0	0.009873
24030.0	0.009861
24035.0	0.009849
24040.0	0.009837
24045.0	0.009825
24050.0	0.009812999999999999
24055.0	0.009801
24060.0	0.00979
24065.0	0.009778
24070.0	0.009766
24075.0	0.009754
24080.0	0.009742
24085.0	0.009731
24090.0	0.009719
24095.0	0.009706999999999999
24100.0	0.009695
24105.0	0.009684
24110.0	0.009672
24115.0	0.00966
24120.0	0.009649
24125.0	0.009637
24130.0	0.009625
24135.0	0.009614
24140.0	0.009602
24145.0	0.009590000000000001
24150.0	0.009579
24155.0	0.009567
24160.0	0.009556
24165.0	0.009544
24170.0	0.009531999999999999
24175.0	0.009521
24180.0	0.009509
24185.0	0.009498000000000001
24190.0	0.009486
24195.0	0.009475
24200.0	0.009463
24205.0	0.009452
24210.0	0.00944
24215.0	0.009429
24220.0	0.009417
24225.0	0.009406
24230.0	0.009395
24235.0	0.009382999999999999
24240.0	0.009372
24245.0	0.00936
24250.0	0.009349
24255.0	0.009337999999999999
24260.0	0.009326000000000001
24265.0	0.009315
24270.0	0.009304
24275.0	0.009292
24280.0	0.009281000000000001
24285.0	0.00927
24290.0	0.009259
24295.0	0.009247
24300.0	0.009236
24305.0	0.009225
24310.0	0.009214
24315.0	0.009202
24320.0	0.009191
24325.0	0.009179999999999999
24330.0	0.009169
24335.0	0.009158
24340.0	0.009146
24345.0	0.009134999999999999
24350.0	0.009124
24355.0	0.009113
24360.0	0.009101999999999999
24365.0	0.009091
24370.0	0.00908
24375.0	0.009068999999999999
24380.0	0.009058
24385.0	0.009047
24390.0	0.009036
24395.0	0.009025
24400.0	0.009014
24405.0	0.009003
24410.0	0.008992
24415.0	0.008981
24420.0	0.00897
24425.0	0.008959
24430.0	0.008948000000000001
24435.0	0.008937
24440.0	0.008926
24445.0	0.008915000000000001
24450.0	0.008904
24455.0	0.008893
24460.0	0.008882
24465.0	0.008870999999999999
24470.0	0.008860999999999999
24475.0	0.00885
24480.0	0.008839
24485.0	0.008828
24490.0	0.008817
24495.0	0.008806999999999999
24500.0	0.008796
24505.0	0.008785
24510.0	0.008773999999999999
24515.0	0.008764
24520.0	0.008753
24525.0	0.008742
24530.0	0.008731000000000001
24535.0	0.008721
24540.0	0.008709999999999999
24545.0	0.008699
24550.0	0.008689
24555.0	0.008678
24560.0	0.008667
24565.0	0.008657
24570.0	0.008646
24575.0	0.008636
24580.0	0.008625
24585.0	0.008614
24590.0	0.008604
24595.0	0.008593
24600.0	0.008583
24605.0	0.008572
24610.0	0.008562
24615.0	0.008551000000000001
24620.0	0.008541
24625.0	0.00853
24630.0	0.00852
24635.0	0.008509000000000001
24640.0	0.008499
24645.0	0.008487999999999999
24650.0	0.008478
24655.0	0.008468
24660.0	0.008457
24665.0	0.008447
24670.0	0.008436
24675.0	0.008426000000000001
24680.0	0.008416
24685.0	0.008405
24690.0	0.008395
24695.0	0.008385
24700.0	0.008374
24705.0	0.008364
24710.0	0.008354
24715.0	0.008343999999999999
24720.0	0.008333
24725.0	0.008323
24730.0	0.008313
24735.0	0.008303
24740.0	0.008292
24745.0	0.008282
24750.0	0.008272
24755.0	0.008262
24760.0	0.008251999999999999
24765.0	0.008241
24770.0	0.008231
24775.0	0.008221
24780.0	0.008211
24785.0	0.008201
24790.0	0.008191
24795.0	0.008181
24800.0	0.008171
24805.0	0.008161
24810.0	0.008151
24815.0	0.008140999999999999
24820.0	0.00813
24825.0	0.00812
24830.0	0.00811
24835.0	0.0081
24840.0	0.00809
24845.0	0.00808
24850.0	0.008071
24855.0	0.008061
24860.0	0.008051
24865.0	0.008041
24870.0	0.008031
24875.0	0.008020999999999999
24880.0	0.008011
24885.0	0.008001000000000001
24890.0	0.007991
24895.0	0.007981
24900.0	0.007970999999999999
24905.0	0.007962
24910.0	0.007951999999999999
24915.0	0.007942
24920.0	0.007932
24925.0	0.007922
24930.0	0.007913
24935.0	0.007903
24940.0	0.007893
24945.0	0.007883
24950.0	0.007873999999999999
24955.0	0.007864
24960.0	0.007854
24965.0	0.007844
24970.0	0.007835
24975.0	0.007825
24980.0	0.007815
24985.0	0.0078060000000000004
24990.0	0.007795999999999999
24995.0	0.0077859999999999995
25000.0	0.0
