#wave	flux
1150.0	8.812428
1155.0	6.167391
1160.0	4.715561
1165.0	4.557346
1170.0	4.027705999999999
1175.0	3.7102510000000004
1180.0	3.672979
1185.0	2.774594
1190.0	1.55901
1195.0	1.061725
1200.0	0.86301
1205.0	0.44576000000000005
1210.0	0.229535
1215.0	0.216155
1220.0	0.25401
1225.0	0.483809
1230.0	1.192081
1235.0	2.093713
1240.0	2.976419
1245.0	3.537647
1250.0	3.779929
1255.0	3.7143800000000002
1260.0	3.179753
1265.0	3.4245360000000002
1270.0	4.316565
1275.0	4.567637
1280.0	4.852519999999999
1285.0	5.028935
1290.0	4.810798
1295.0	4.422797
1300.0	3.7737760000000002
1305.0	3.294207
1310.0	3.917732
1315.0	5.151247
1320.0	5.5183230000000005
1325.0	5.263555
1330.0	4.81567
1335.0	4.562165
1340.0	5.236618
1345.0	5.553298000000001
1350.0	5.308022
1355.0	5.268887
1360.0	5.096358
1365.0	4.8285279999999995
1370.0	4.806312999999999
1375.0	4.927198000000001
1380.0	4.988112999999999
1385.0	4.967805
1390.0	4.988962
1395.0	4.855275
1400.0	4.925387000000001
1405.0	4.798651
1410.0	4.667179
1415.0	4.744822
1420.0	4.7979519999999996
1425.0	4.924076
1430.0	4.850498
1435.0	4.759201999999999
1440.0	4.947818
1445.0	5.139431
1450.0	5.3243540000000005
1455.0	5.405449
1460.0	5.330183
1465.0	5.153117
1470.0	5.0529910000000005
1475.0	5.008876
1480.0	4.945396
1485.0	4.923493
1490.0	5.089139
1495.0	5.2885290000000005
1500.0	5.3690169999999995
1505.0	5.041369
1510.0	4.821732
1515.0	4.88488
1520.0	4.9421029999999995
1525.0	4.7255769999999995
1530.0	4.495641
1535.0	4.543299
1540.0	4.901769
1545.0	4.945507
1550.0	4.7573739999999995
1555.0	4.634947
1560.0	4.439932
1565.0	4.400276
1570.0	4.442527
1575.0	4.435236
1580.0	4.481184
1585.0	4.488576999999999
1590.0	4.47284
1595.0	4.444927
1600.0	4.299519999999999
1605.0	4.127983
1610.0	4.142284
1615.0	4.171114
1620.0	4.136080000000001
1625.0	4.096307
1630.0	4.09736
1635.0	4.058544
1640.0	3.958416
1645.0	3.942535
1650.0	3.896525
1655.0	3.732743
1660.0	3.7512019999999997
1665.0	3.8523099999999997
1670.0	3.747429
1675.0	3.739964
1680.0	3.851405
1685.0	3.870361
1690.0	3.887115
1695.0	3.935157
1700.0	3.9123160000000006
1705.0	3.79179
1710.0	3.738036
1715.0	3.622535
1720.0	3.539893
1725.0	3.4945019999999998
1730.0	3.539825
1735.0	3.623379
1740.0	3.7048
1745.0	3.73098
1750.0	3.750655
1755.0	3.7880559999999996
1760.0	3.63997
1765.0	3.55539
1770.0	3.590723
1775.0	3.612492
1780.0	3.573114
1785.0	3.265473
1790.0	3.141264
1795.0	3.577003
1800.0	3.7247790000000003
1805.0	3.713564
1810.0	3.70895
1815.0	3.7083440000000003
1820.0	3.6789370000000003
1825.0	3.600761
1830.0	3.534653
1835.0	3.501604
1840.0	3.453778
1845.0	3.3918839999999997
1850.0	3.3112510000000004
1855.0	3.2218299999999997
1860.0	3.214105
1865.0	3.296146
1870.0	3.395254
1875.0	3.427744
1880.0	3.372869
1885.0	3.28661
1890.0	3.230502
1895.0	3.2290200000000002
1900.0	3.246016
1905.0	3.20628
1910.0	3.156994
1915.0	3.123067
1920.0	3.1328810000000002
1925.0	3.140084
1930.0	3.156425
1935.0	3.2110369999999997
1940.0	3.2202
1945.0	3.234959
1950.0	3.195815
1955.0	3.080716
1960.0	3.023171
1965.0	3.041502
1970.0	3.00506
1975.0	3.0685689999999997
1980.0	3.1059189999999997
1985.0	3.0846259999999996
1990.0	3.052121
1995.0	2.935009
2000.0	2.895565
2005.0	2.94407
2010.0	2.9100509999999997
2015.0	2.901417
2020.0	2.925854
2025.0	2.904773
2030.0	2.869478
2035.0	2.828075
2040.0	2.834707
2045.0	2.85113
2050.0	2.928317
2055.0	2.892254
2060.0	2.734667
2065.0	2.743331
2070.0	2.730439
2075.0	2.807245
2080.0	2.857886
2085.0	2.803126
2090.0	2.824564
2095.0	2.792799
2100.0	2.694023
2105.0	2.631043
2110.0	2.6650650000000002
2115.0	2.705478
2120.0	2.66512
2125.0	2.671198
2130.0	2.716375
2135.0	2.578115
2140.0	2.489666
2145.0	2.505989
2150.0	2.531514
2155.0	2.625737
2160.0	2.565375
2165.0	2.446628
2170.0	2.372672
2175.0	2.3646529999999997
2180.0	2.370203
2185.0	2.4232970000000003
2190.0	2.477057
2195.0	2.4884150000000003
2200.0	2.4542740000000003
2205.0	2.376944
2210.0	2.309668
2215.0	2.258557
2220.0	2.258657
2225.0	2.258162
2230.0	2.143321
2235.0	2.249133
2240.0	2.306924
2245.0	2.214968
2250.0	2.171792
2255.0	2.216042
2260.0	2.211225
2265.0	2.190758
2270.0	2.195214
2275.0	2.3171049999999997
2280.0	2.398705
2285.0	2.276968
2290.0	2.270036
2295.0	2.289646
2300.0	2.2563419999999996
2305.0	2.255525
2310.0	2.1658020000000002
2315.0	2.175349
2320.0	2.1735849999999997
2325.0	2.159663
2330.0	2.083771
2335.0	2.061994
2340.0	2.02367
2345.0	1.971175
2350.0	2.001558
2355.0	2.017327
2360.0	2.079232
2365.0	2.033424
2370.0	2.0470610000000002
2375.0	2.045647
2380.0	1.9475060000000002
2385.0	1.8546150000000001
2390.0	1.846601
2395.0	1.879629
2400.0	1.899134
2405.0	1.922323
2410.0	1.857445
2415.0	1.9072369999999998
2420.0	1.9801630000000001
2425.0	1.953243
2430.0	1.991122
2435.0	1.9501400000000002
2440.0	1.9346139999999998
2445.0	1.9822099999999998
2450.0	1.998564
2455.0	2.046088
2460.0	2.069074
2465.0	2.054247
2470.0	1.9821830000000003
2475.0	1.923599
2480.0	1.940809
2485.0	1.997477
2490.0	1.9620349999999998
2495.0	1.96043
2500.0	2.0584279999999997
2505.0	2.096335
2510.0	2.004116
2515.0	1.9930459999999999
2520.0	1.9616650000000002
2525.0	1.8888459999999998
2530.0	1.927157
2535.0	1.9573939999999999
2540.0	1.9005900000000002
2545.0	1.889159
2550.0	1.902898
2555.0	1.9343540000000001
2560.0	1.935545
2565.0	1.9523529999999998
2570.0	2.020809
2575.0	2.026719
2580.0	1.7979669999999999
2585.0	1.720912
2590.0	1.889328
2595.0	2.006838
2600.0	1.9976880000000001
2605.0	1.9298990000000003
2610.0	1.898495
2615.0	1.9187470000000002
2620.0	1.9694
2625.0	1.965911
2630.0	1.9055830000000002
2635.0	1.9228869999999998
2640.0	1.9599810000000002
2645.0	1.982432
2650.0	2.032844
2655.0	2.0240240000000003
2660.0	1.986029
2665.0	1.934622
2670.0	1.877588
2675.0	1.911473
2680.0	1.970839
2685.0	2.0055419999999997
2690.0	1.9858349999999998
2695.0	1.9058259999999998
2700.0	1.8287
2705.0	1.833359
2710.0	1.8378720000000002
2715.0	1.83506
2720.0	1.8468689999999999
2725.0	1.831535
2730.0	1.828527
2735.0	1.8451369999999998
2740.0	1.831841
2745.0	1.777123
2750.0	1.76973
2755.0	1.763854
2760.0	1.766931
2765.0	1.792847
2770.0	1.7602400000000002
2775.0	1.757679
2780.0	1.798761
2785.0	1.7690720000000002
2790.0	1.7731970000000001
2795.0	1.7745990000000003
2800.0	1.6722099999999998
2805.0	1.658659
2810.0	1.7574560000000001
2815.0	1.843436
2820.0	1.881906
2825.0	1.8361419999999997
2830.0	1.745348
2835.0	1.7173459999999998
2840.0	1.7679799999999999
2845.0	1.77223
2850.0	1.787416
2855.0	1.785121
2860.0	1.8002349999999998
2865.0	1.776666
2870.0	1.7329849999999998
2875.0	1.7823509999999998
2880.0	1.757716
2885.0	1.750935
2890.0	1.757325
2895.0	1.776239
2900.0	1.781335
2905.0	1.808654
2910.0	1.8154580000000002
2915.0	1.834475
2920.0	1.811264
2925.0	1.745312
2930.0	1.7403279999999999
2935.0	1.7383099999999998
2940.0	1.691872
2945.0	1.7373009999999998
2950.0	1.760576
2955.0	1.802014
2960.0	1.786848
2965.0	1.744155
2970.0	1.724534
2975.0	1.7438740000000001
2980.0	1.753065
2985.0	1.741237
2990.0	1.716378
2995.0	1.695544
3000.0	1.702721
3005.0	1.7059669999999998
3010.0	1.7176509999999998
3015.0	1.6960169999999999
3020.0	1.6489630000000002
3025.0	1.624167
3030.0	1.625637
3035.0	1.6466180000000001
3040.0	1.622803
3045.0	1.635337
3050.0	1.625199
3055.0	1.602376
3060.0	1.603132
3065.0	1.576176
3070.0	1.58093
3075.0	1.5921239999999999
3080.0	1.615679
3085.0	1.608113
3090.0	1.620855
3095.0	1.638066
3100.0	1.650147
3105.0	1.601055
3110.0	1.58249
3115.0	1.610951
3120.0	1.629673
3125.0	1.6605509999999999
3130.0	1.6483240000000001
3135.0	1.6388220000000002
3140.0	1.606976
3145.0	1.600142
3150.0	1.6388150000000001
3155.0	1.646586
3160.0	1.595652
3165.0	1.5987790000000002
3170.0	1.623397
3175.0	1.6297549999999998
3180.0	1.590309
3185.0	1.582792
3190.0	1.601071
3195.0	1.620802
3200.0	1.629497
3205.0	1.624157
3210.0	1.608754
3215.0	1.5982370000000001
3220.0	1.584623
3225.0	1.560263
3230.0	1.541772
3235.0	1.543933
3240.0	1.549947
3245.0	1.542632
3250.0	1.534852
3255.0	1.5405739999999999
3260.0	1.548138
3265.0	1.544964
3270.0	1.5404360000000001
3275.0	1.542916
3280.0	1.534716
3285.0	1.503249
3290.0	1.4823600000000001
3295.0	1.501045
3300.0	1.5224600000000001
3305.0	1.509895
3310.0	1.4930219999999998
3315.0	1.504757
3320.0	1.524617
3325.0	1.526658
3330.0	1.516492
3335.0	1.504873
3340.0	1.491587
3345.0	1.476882
3350.0	1.473854
3355.0	1.490702
3360.0	1.503187
3365.0	1.48965
3370.0	1.471191
3375.0	1.4705139999999999
3380.0	1.473985
3385.0	1.465341
3390.0	1.454146
3395.0	1.45157
3400.0	1.449403
3405.0	1.4391610000000001
3410.0	1.4306530000000002
3415.0	1.433529
3420.0	1.438497
3425.0	1.4345379999999999
3430.0	1.422671
3435.0	1.408153
3440.0	1.401149
3445.0	1.4082370000000002
3450.0	1.4167379999999998
3455.0	1.413538
3460.0	1.4030479999999999
3465.0	1.393075
3470.0	1.387489
3475.0	1.386871
3480.0	1.382592
3485.0	1.368466
3490.0	1.357291
3495.0	1.3612879999999998
3500.0	1.3713790000000001
3505.0	1.37596
3510.0	1.374627
3515.0	1.37042
3520.0	1.368953
3525.0	1.372894
3530.0	1.370536
3535.0	1.3532389999999999
3540.0	1.338989
3545.0	1.343323
3550.0	1.34534
3555.0	1.325431
3560.0	1.30559
3565.0	1.308798
3570.0	1.3203639999999999
3575.0	1.322251
3580.0	1.320694
3585.0	1.324997
3590.0	1.3324340000000001
3595.0	1.3369229999999999
3600.0	1.3309600000000001
3605.0	1.310897
3610.0	1.289916
3615.0	1.281261
3620.0	1.281585
3625.0	1.283679
3630.0	1.281487
3635.0	1.27217
3640.0	1.264617
3645.0	1.2660360000000002
3650.0	1.2651940000000002
3655.0	1.2513889999999999
3660.0	1.234478
3665.0	1.2264700000000002
3670.0	1.2274180000000001
3675.0	1.233317
3680.0	1.235882
3685.0	1.22987
3690.0	1.22646
3695.0	1.237108
3700.0	1.257948
3705.0	1.283008
3710.0	1.3132110000000001
3715.0	1.348071
3720.0	1.374559
3725.0	1.38763
3730.0	1.426708
3735.0	1.521896
3740.0	1.621557
3745.0	1.6753930000000001
3750.0	1.720219
3755.0	1.7910099999999998
3760.0	1.828286
3765.0	1.7838619999999998
3770.0	1.7491900000000002
3775.0	1.8179919999999998
3780.0	1.9534200000000002
3785.0	2.079698
3790.0	2.095914
3795.0	1.955097
3800.0	1.851188
3805.0	1.969094
3810.0	2.216685
3815.0	2.436583
3820.0	2.487459
3825.0	2.292719
3830.0	2.018673
3835.0	1.862809
3840.0	1.9044299999999998
3845.0	2.14958
3850.0	2.429438
3855.0	2.5803279999999997
3860.0	2.633997
3865.0	2.653657
3870.0	2.6329279999999997
3875.0	2.546368
3880.0	2.361863
3885.0	2.086754
3890.0	1.892842
3895.0	1.937802
3900.0	2.158329
3905.0	2.435451
3910.0	2.6485090000000002
3915.0	2.7152540000000003
3920.0	2.708762
3925.0	2.717061
3930.0	2.732672
3935.0	2.734255
3940.0	2.740522
3945.0	2.7639709999999997
3950.0	2.752183
3955.0	2.646441
3960.0	2.427752
3965.0	2.1245580000000004
3970.0	1.915328
3975.0	1.9600259999999998
3980.0	2.194589
3985.0	2.4955830000000003
3990.0	2.726136
3995.0	2.788952
4000.0	2.758465
4005.0	2.728539
4010.0	2.699011
4015.0	2.6546
4020.0	2.613579
4025.0	2.595463
4030.0	2.591195
4035.0	2.588356
4040.0	2.589643
4045.0	2.598329
4050.0	2.604879
4055.0	2.6000229999999998
4060.0	2.588347
4065.0	2.576381
4070.0	2.564549
4075.0	2.54973
4080.0	2.520715
4085.0	2.456066
4090.0	2.3015060000000003
4095.0	2.0379869999999998
4100.0	1.820209
4105.0	1.8024650000000002
4110.0	1.9636689999999999
4115.0	2.223433
4120.0	2.4395279999999997
4125.0	2.499374
4130.0	2.4708240000000004
4135.0	2.445579
4140.0	2.43031
4145.0	2.413895
4150.0	2.39905
4155.0	2.389659
4160.0	2.38045
4165.0	2.366469
4170.0	2.353194
4175.0	2.346098
4180.0	2.3401959999999997
4185.0	2.330448
4190.0	2.32206
4195.0	2.31999
4200.0	2.317961
4205.0	2.310333
4210.0	2.305234
4215.0	2.309562
4220.0	2.311521
4225.0	2.299986
4230.0	2.285199
4235.0	2.2789479999999998
4240.0	2.2778400000000003
4245.0	2.275502
4250.0	2.268829
4255.0	2.256528
4260.0	2.2413119999999997
4265.0	2.2261040000000003
4270.0	2.210668
4275.0	2.194639
4280.0	2.180286
4285.0	2.170141
4290.0	2.165141
4295.0	2.16424
4300.0	2.160052
4305.0	2.148294
4310.0	2.1434450000000003
4315.0	2.152266
4320.0	2.1318919999999997
4325.0	2.037847
4330.0	1.8688470000000001
4335.0	1.656654
4340.0	1.522018
4345.0	1.566848
4350.0	1.7286860000000002
4355.0	1.910914
4360.0	2.044618
4365.0	2.086817
4370.0	2.070555
4375.0	2.040479
4380.0	2.011619
4385.0	1.9904240000000002
4390.0	1.9786259999999998
4395.0	1.9754
4400.0	1.974389
4405.0	1.969634
4410.0	1.9622950000000001
4415.0	1.9545569999999999
4420.0	1.945587
4425.0	1.934639
4430.0	1.9243279999999998
4435.0	1.9172509999999998
4440.0	1.9125619999999999
4445.0	1.9091939999999998
4450.0	1.908616
4455.0	1.9104889999999999
4460.0	1.904686
4465.0	1.883014
4470.0	1.854786
4475.0	1.832468
4480.0	1.8236240000000001
4485.0	1.831177
4490.0	1.8443759999999998
4495.0	1.851589
4500.0	1.8513130000000002
4505.0	1.844788
4510.0	1.8340779999999999
4515.0	1.822428
4520.0	1.816976
4525.0	1.82224
4530.0	1.828366
4535.0	1.8248419999999999
4540.0	1.812891
4545.0	1.7973400000000002
4550.0	1.785698
4555.0	1.783624
4560.0	1.7867119999999999
4565.0	1.7885490000000002
4570.0	1.7847680000000001
4575.0	1.773512
4580.0	1.760921
4585.0	1.7533880000000002
4590.0	1.7503490000000002
4595.0	1.7494990000000001
4600.0	1.748536
4605.0	1.7458259999999999
4610.0	1.7424
4615.0	1.739114
4620.0	1.7334310000000002
4625.0	1.7237939999999998
4630.0	1.7159490000000002
4635.0	1.714761
4640.0	1.714252
4645.0	1.708145
4650.0	1.699804
4655.0	1.69395
4660.0	1.6911060000000002
4665.0	1.6902110000000001
4670.0	1.688084
4675.0	1.6826150000000002
4680.0	1.6780810000000002
4685.0	1.6780080000000002
4690.0	1.6765029999999999
4695.0	1.668078
4700.0	1.658284
4705.0	1.653357
4710.0	1.65125
4715.0	1.6486720000000001
4720.0	1.645635
4725.0	1.642795
4730.0	1.640053
4735.0	1.637052
4740.0	1.633141
4745.0	1.627737
4750.0	1.6208420000000001
4755.0	1.612776
4760.0	1.604576
4765.0	1.597942
4770.0	1.596509
4775.0	1.6017540000000001
4780.0	1.604582
4785.0	1.596986
4790.0	1.585875
4795.0	1.5795059999999999
4800.0	1.5766149999999999
4805.0	1.573649
4810.0	1.5674190000000001
4815.0	1.556367
4820.0	1.545102
4825.0	1.538139
4830.0	1.533459
4835.0	1.5254889999999999
4840.0	1.500979
4845.0	1.4459959999999998
4850.0	1.351566
4855.0	1.225919
4860.0	1.141126
4865.0	1.162283
4870.0	1.262745
4875.0	1.390385
4880.0	1.482904
4885.0	1.497003
4890.0	1.475565
4895.0	1.469057
4900.0	1.472099
4905.0	1.468659
4910.0	1.455945
4915.0	1.436341
4920.0	1.419666
4925.0	1.414268
4930.0	1.415173
4935.0	1.415549
4940.0	1.414469
4945.0	1.411999
4950.0	1.40626
4955.0	1.396623
4960.0	1.38939
4965.0	1.389874
4970.0	1.392485
4975.0	1.390764
4980.0	1.3856629999999999
4985.0	1.3796629999999999
4990.0	1.3739649999999999
4995.0	1.368867
5000.0	1.362349
5005.0	1.35276
5010.0	1.342273
5015.0	1.333524
5020.0	1.327207
5025.0	1.323284
5030.0	1.320724
5035.0	1.31731
5040.0	1.307048
5045.0	1.286756
5050.0	1.268249
5055.0	1.262791
5060.0	1.264438
5065.0	1.265262
5070.0	1.266604
5075.0	1.270772
5080.0	1.274678
5085.0	1.274302
5090.0	1.267309
5095.0	1.253995
5100.0	1.2435040000000002
5105.0	1.243496
5110.0	1.246852
5115.0	1.245454
5120.0	1.241986
5125.0	1.2404700000000002
5130.0	1.239477
5135.0	1.237059
5140.0	1.234658
5145.0	1.233557
5150.0	1.231023
5155.0	1.224901
5160.0	1.219354
5165.0	1.218123
5170.0	1.216934
5175.0	1.211203
5180.0	1.203108
5185.0	1.1963469999999998
5190.0	1.193928
5195.0	1.196805
5200.0	1.198402
5205.0	1.192865
5210.0	1.184779
5215.0	1.179447
5220.0	1.174624
5225.0	1.167437
5230.0	1.160058
5235.0	1.155148
5240.0	1.152288
5245.0	1.150283
5250.0	1.1479030000000001
5255.0	1.144442
5260.0	1.1413280000000001
5265.0	1.13965
5270.0	1.137001
5275.0	1.131546
5280.0	1.127205
5285.0	1.127207
5290.0	1.126231
5295.0	1.119404
5300.0	1.112172
5305.0	1.109848
5310.0	1.106901
5315.0	1.097901
5320.0	1.088675
5325.0	1.0855569999999999
5330.0	1.085672
5335.0	1.084949
5340.0	1.083757
5345.0	1.082803
5350.0	1.07971
5355.0	1.073444
5360.0	1.071421
5365.0	1.079342
5370.0	1.0876139999999999
5375.0	1.086427
5380.0	1.0804
5385.0	1.0762040000000002
5390.0	1.074287
5395.0	1.0729600000000001
5400.0	1.068211
5405.0	1.058801
5410.0	1.05694
5415.0	1.0716
5420.0	1.085364
5425.0	1.081453
5430.0	1.072021
5435.0	1.0710899999999999
5440.0	1.071189
5445.0	1.06345
5450.0	1.0548870000000001
5455.0	1.0530899999999999
5460.0	1.052054
5465.0	1.045166
5470.0	1.036951
5475.0	1.032888
5480.0	1.0311299999999999
5485.0	1.028818
5490.0	1.026361
5495.0	1.0247030000000001
5500.0	1.0236450000000001
5505.0	1.022521
5510.0	1.019933
5515.0	1.01532
5520.0	1.0122200000000001
5525.0	1.013413
5530.0	1.014572
5535.0	1.011409
5540.0	1.00692
5545.0	1.0045549999999999
5550.0	1.002301
5555.0	0.997919
5560.0	0.9937450000000001
5565.0	0.992282
5570.0	0.9921540000000001
5575.0	0.991398
5580.0	0.989585
5585.0	0.986978
5590.0	0.985067
5595.0	0.984773
5600.0	0.983506
5605.0	0.9787889999999999
5610.0	0.9721200000000001
5615.0	0.9658629999999999
5620.0	0.961875
5625.0	0.960777
5630.0	0.958751
5635.0	0.9525600000000001
5640.0	0.9457260000000001
5645.0	0.9423379999999999
5650.0	0.941997
5655.0	0.9429350000000001
5660.0	0.9424
5665.0	0.938678
5670.0	0.9351729999999999
5675.0	0.935205
5680.0	0.93663
5685.0	0.9364950000000001
5690.0	0.934097
5695.0	0.9295180000000001
5700.0	0.923752
5705.0	0.917882
5710.0	0.912441
5715.0	0.9079229999999999
5720.0	0.905228
5725.0	0.9047440000000001
5730.0	0.9044030000000001
5735.0	0.902224
5740.0	0.8990239999999999
5745.0	0.8960379999999999
5750.0	0.893379
5755.0	0.890876
5760.0	0.88836
5765.0	0.885698
5770.0	0.882909
5775.0	0.880051
5780.0	0.87718
5785.0	0.874345
5790.0	0.871547
5795.0	0.8687819999999999
5800.0	0.866043
5805.0	0.8633219999999999
5810.0	0.860615
5815.0	0.857916
5820.0	0.855218
5825.0	0.852517
5830.0	0.849817
5835.0	0.8471200000000001
5840.0	0.8444309999999999
5845.0	0.8417530000000001
5850.0	0.8390850000000001
5855.0	0.836425
5860.0	0.8337709999999999
5865.0	0.8311219999999999
5870.0	0.8284799999999999
5875.0	0.825851
5880.0	0.8232370000000001
5885.0	0.820641
5890.0	0.81806
5895.0	0.8154859999999999
5900.0	0.812914
5905.0	0.810339
5910.0	0.807763
5915.0	0.80519
5920.0	0.802624
5925.0	0.800068
5930.0	0.7975300000000001
5935.0	0.795018
5940.0	0.7925399999999999
5945.0	0.790094
5950.0	0.787637
5955.0	0.785119
5960.0	0.782488
5965.0	0.779732
5970.0	0.7770020000000001
5975.0	0.7744880000000001
5980.0	0.7723810000000001
5985.0	0.770786
5990.0	0.7694770000000001
5995.0	0.7681439999999999
6000.0	0.766474
6005.0	0.778568
6010.0	0.774104
6015.0	0.771141
6020.0	0.7693760000000001
6025.0	0.766061
6030.0	0.762649
6035.0	0.757264
6040.0	0.7545649999999999
6045.0	0.751376
6050.0	0.75103
6055.0	0.752605
6060.0	0.750256
6065.0	0.750088
6070.0	0.750538
6075.0	0.747829
6080.0	0.7455189999999999
6085.0	0.747635
6090.0	0.7466079999999999
6095.0	0.747256
6100.0	0.747606
6105.0	0.74568
6110.0	0.743634
6115.0	0.7393689999999999
6120.0	0.739344
6125.0	0.737441
6130.0	0.732278
6135.0	0.7297020000000001
6140.0	0.727161
6145.0	0.721957
6150.0	0.717567
6155.0	0.716711
6160.0	0.714986
6165.0	0.714364
6170.0	0.7135130000000001
6175.0	0.710431
6180.0	0.711055
6185.0	0.709903
6190.0	0.708044
6195.0	0.70411
6200.0	0.705017
6205.0	0.70136
6210.0	0.6995640000000001
6215.0	0.697562
6220.0	0.6960529999999999
6225.0	0.69771
6230.0	0.691809
6235.0	0.690333
6240.0	0.691693
6245.0	0.6854359999999999
6250.0	0.682547
6255.0	0.680267
6260.0	0.675488
6265.0	0.676413
6270.0	0.674294
6275.0	0.6602399999999999
6280.0	0.660185
6285.0	0.668602
6290.0	0.663419
6295.0	0.660327
6300.0	0.6605260000000001
6305.0	0.659996
6310.0	0.661028
6315.0	0.661257
6320.0	0.659825
6325.0	0.6598069999999999
6330.0	0.657198
6335.0	0.6530279999999999
6340.0	0.650047
6345.0	0.646864
6350.0	0.6473140000000001
6355.0	0.646197
6360.0	0.646207
6365.0	0.6429199999999999
6370.0	0.640162
6375.0	0.638766
6380.0	0.64064
6385.0	0.640925
6390.0	0.637459
6395.0	0.636196
6400.0	0.635378
6405.0	0.6329600000000001
6410.0	0.631173
6415.0	0.627668
6420.0	0.6246510000000001
6425.0	0.624015
6430.0	0.626117
6435.0	0.624448
6440.0	0.623308
6445.0	0.62165
6450.0	0.617784
6455.0	0.614359
6460.0	0.6141260000000001
6465.0	0.613075
6470.0	0.612306
6475.0	0.6100220000000001
6480.0	0.60801
6485.0	0.607063
6490.0	0.6047130000000001
6495.0	0.601997
6500.0	0.59835
6505.0	0.598254
6510.0	0.59432
6515.0	0.591635
6520.0	0.5894189999999999
6525.0	0.588011
6530.0	0.583453
6535.0	0.578659
6540.0	0.567807
6545.0	0.556529
6550.0	0.535488
6555.0	0.505742
6560.0	0.471296
6565.0	0.47427600000000003
6570.0	0.507729
6575.0	0.532673
6580.0	0.546866
6585.0	0.5562159999999999
6590.0	0.562462
6595.0	0.567032
6600.0	0.569182
6605.0	0.568771
6610.0	0.568177
6615.0	0.567442
6620.0	0.567156
6625.0	0.564967
6630.0	0.565967
6635.0	0.564631
6640.0	0.563566
6645.0	0.560096
6650.0	0.5578
6655.0	0.558567
6660.0	0.556801
6665.0	0.5554640000000001
6670.0	0.553574
6675.0	0.552685
6680.0	0.551236
6685.0	0.551144
6690.0	0.549983
6695.0	0.547434
6700.0	0.548293
6705.0	0.547216
6710.0	0.5471090000000001
6715.0	0.547214
6720.0	0.5443359999999999
6725.0	0.548342
6730.0	0.543554
6735.0	0.5411779999999999
6740.0	0.539452
6745.0	0.53776
6750.0	0.535471
6755.0	0.534804
6760.0	0.5349109999999999
6765.0	0.532898
6770.0	0.531449
6775.0	0.53225
6780.0	0.52958
6785.0	0.5290020000000001
6790.0	0.5307470000000001
6795.0	0.529067
6800.0	0.5284770000000001
6805.0	0.529047
6810.0	0.5264850000000001
6815.0	0.522841
6820.0	0.52172
6825.0	0.5249659999999999
6830.0	0.525918
6835.0	0.525058
6840.0	0.525293
6845.0	0.52285
6850.0	0.518537
6855.0	0.5133340000000001
6860.0	0.508174
6865.0	0.503848
6870.0	0.500506
6875.0	0.498137
6880.0	0.49673100000000003
6885.0	0.496229
6890.0	0.49636899999999995
6895.0	0.49683999999999995
6900.0	0.497332
6905.0	0.497596
6910.0	0.49763500000000005
6915.0	0.49751300000000004
6920.0	0.49729700000000004
6925.0	0.49701899999999993
6930.0	0.496597
6935.0	0.495914
6940.0	0.49485500000000004
6945.0	0.493367
6950.0	0.491642
6955.0	0.489935
6960.0	0.48849899999999996
6965.0	0.48749799999999993
6970.0	0.486936
6975.0	0.485546
6980.0	0.48503900000000005
6985.0	0.482213
6990.0	0.480051
6995.0	0.479784
7000.0	0.47841000000000006
7005.0	0.47751499999999997
7010.0	0.47894
7015.0	0.47843800000000003
7020.0	0.476789
7025.0	0.475054
7030.0	0.475943
7035.0	0.47519700000000004
7040.0	0.473012
7045.0	0.47331000000000006
7050.0	0.472617
7055.0	0.47172
7060.0	0.47048199999999996
7065.0	0.470404
7070.0	0.469761
7075.0	0.46893500000000005
7080.0	0.46858500000000003
7085.0	0.467174
7090.0	0.465747
7095.0	0.466462
7100.0	0.464267
7105.0	0.463711
7110.0	0.46280600000000005
7115.0	0.46168400000000004
7120.0	0.45984899999999995
7125.0	0.45715500000000003
7130.0	0.457212
7135.0	0.455588
7140.0	0.45457
7145.0	0.45475
7150.0	0.454705
7155.0	0.45361899999999994
7160.0	0.454272
7165.0	0.45333
7170.0	0.44860200000000006
7175.0	0.44469
7180.0	0.44316400000000006
7185.0	0.43566000000000005
7190.0	0.433069
7195.0	0.432467
7200.0	0.428853
7205.0	0.428779
7210.0	0.432962
7215.0	0.434576
7220.0	0.434345
7225.0	0.43230100000000005
7230.0	0.429299
7235.0	0.42366800000000004
7240.0	0.42349
7245.0	0.42273599999999995
7250.0	0.42359399999999997
7255.0	0.421804
7260.0	0.42127700000000007
7265.0	0.419975
7270.0	0.421455
7275.0	0.41871800000000003
7280.0	0.41981
7285.0	0.42201099999999997
7290.0	0.41709300000000005
7295.0	0.41814700000000005
7300.0	0.41772700000000007
7305.0	0.414875
7310.0	0.415685
7315.0	0.41628100000000007
7320.0	0.416674
7325.0	0.416749
7330.0	0.41403199999999996
7335.0	0.414459
7340.0	0.4136
7345.0	0.41298
7350.0	0.412491
7355.0	0.413249
7360.0	0.411944
7365.0	0.41120100000000004
7370.0	0.4107
7375.0	0.410429
7380.0	0.409168
7385.0	0.409171
7390.0	0.408727
7395.0	0.408096
7400.0	0.40844
7405.0	0.40794899999999995
7410.0	0.405589
7415.0	0.404355
7420.0	0.404513
7425.0	0.400991
7430.0	0.400965
7435.0	0.40154
7440.0	0.40073000000000003
7445.0	0.39936900000000003
7450.0	0.398221
7455.0	0.398411
7460.0	0.39623
7465.0	0.39349
7470.0	0.391949
7475.0	0.390381
7480.0	0.388556
7485.0	0.387654
7490.0	0.387094
7495.0	0.385315
7500.0	0.38395300000000004
7505.0	0.384075
7510.0	0.38361999999999996
7515.0	0.382331
7520.0	0.38156999999999996
7525.0	0.380496
7530.0	0.379735
7535.0	0.378285
7540.0	0.37700100000000003
7545.0	0.374763
7550.0	0.3724
7555.0	0.37096999999999997
7560.0	0.370784
7565.0	0.372166
7570.0	0.37404499999999996
7575.0	0.375015
7580.0	0.37366900000000003
7585.0	0.369088
7590.0	0.362298
7595.0	0.35480900000000004
7600.0	0.34813299999999997
7605.0	0.343486
7610.0	0.340908
7615.0	0.340143
7620.0	0.340937
7625.0	0.343006
7630.0	0.345941
7635.0	0.34930500000000003
7640.0	0.352661
7645.0	0.355589
7650.0	0.357741
7655.0	0.35878699999999997
7660.0	0.358396
7665.0	0.356452
7670.0	0.35370100000000004
7675.0	0.351102
7680.0	0.349615
7685.0	0.349906
7690.0	0.35146900000000003
7695.0	0.353505
7700.0	0.355214
7705.0	0.35597
7710.0	0.355836
7715.0	0.355052
7720.0	0.35384899999999997
7725.0	0.352396
7730.0	0.351369
7735.0	0.349962
7740.0	0.34828400000000004
7745.0	0.34771199999999997
7750.0	0.346916
7755.0	0.344656
7760.0	0.343571
7765.0	0.342758
7770.0	0.33749
7775.0	0.334516
7780.0	0.338717
7785.0	0.342378
7790.0	0.342409
7795.0	0.343502
7800.0	0.342539
7805.0	0.342359
7810.0	0.341058
7815.0	0.339983
7820.0	0.338949
7825.0	0.337017
7830.0	0.336483
7835.0	0.33550599999999997
7840.0	0.334793
7845.0	0.334226
7850.0	0.332915
7855.0	0.331866
7860.0	0.330683
7865.0	0.331741
7870.0	0.331419
7875.0	0.32879400000000003
7880.0	0.326666
7885.0	0.32763400000000004
7890.0	0.32760700000000004
7895.0	0.3239
7900.0	0.32292600000000005
7905.0	0.323745
7910.0	0.323547
7915.0	0.322554
7920.0	0.321213
7925.0	0.320817
7930.0	0.320399
7935.0	0.320338
7940.0	0.319898
7945.0	0.31945100000000004
7950.0	0.319662
7955.0	0.321474
7960.0	0.320814
7965.0	0.319215
7970.0	0.31764899999999996
7975.0	0.315525
7980.0	0.314269
7985.0	0.31245700000000004
7990.0	0.313021
7995.0	0.313215
8000.0	0.312369
8005.0	0.310934
8010.0	0.310709
8015.0	0.309526
8020.0	0.308421
8025.0	0.308205
8030.0	0.30779
8035.0	0.307229
8040.0	0.30796100000000004
8045.0	0.306944
8050.0	0.307595
8055.0	0.30691199999999996
8060.0	0.306817
8065.0	0.30640700000000004
8070.0	0.304341
8075.0	0.303815
8080.0	0.303325
8085.0	0.30230999999999997
8090.0	0.303272
8095.0	0.304338
8100.0	0.302844
8105.0	0.302521
8110.0	0.303604
8115.0	0.301838
8120.0	0.301575
8125.0	0.301682
8130.0	0.300229
8135.0	0.298281
8140.0	0.297829
8145.0	0.296249
8150.0	0.29425100000000004
8155.0	0.292989
8160.0	0.289896
8165.0	0.286875
8170.0	0.290033
8175.0	0.292093
8180.0	0.288281
8185.0	0.29136300000000004
8190.0	0.29036
8195.0	0.291116
8200.0	0.292367
8205.0	0.295725
8210.0	0.29630700000000004
8215.0	0.294425
8220.0	0.291571
8225.0	0.28479
8230.0	0.276642
8235.0	0.28179899999999997
8240.0	0.285539
8245.0	0.286956
8250.0	0.288813
8255.0	0.28938200000000003
8260.0	0.289075
8265.0	0.28985500000000003
8270.0	0.288193
8275.0	0.284551
8280.0	0.282323
8285.0	0.282426
8290.0	0.28283
8295.0	0.284081
8300.0	0.28421199999999996
8305.0	0.28370100000000004
8310.0	0.281179
8315.0	0.278555
8320.0	0.274855
8325.0	0.274629
8330.0	0.275217
8335.0	0.275609
8340.0	0.274567
8345.0	0.275778
8350.0	0.276098
8355.0	0.277041
8360.0	0.276423
8365.0	0.27564099999999997
8370.0	0.276071
8375.0	0.27507600000000004
8380.0	0.274067
8385.0	0.273485
8390.0	0.274437
8395.0	0.27405100000000004
8400.0	0.274511
8405.0	0.275343
8410.0	0.27414
8415.0	0.27420700000000003
8420.0	0.27526300000000004
8425.0	0.274776
8430.0	0.273523
8435.0	0.271428
8440.0	0.269341
8445.0	0.266797
8450.0	0.264364
8455.0	0.265206
8460.0	0.263355
8465.0	0.260833
8470.0	0.262792
8475.0	0.266255
8480.0	0.27118400000000004
8485.0	0.273043
8490.0	0.270111
8495.0	0.26501199999999997
8500.0	0.259255
8505.0	0.257558
8510.0	0.260307
8515.0	0.262886
8520.0	0.26497
8525.0	0.265957
8530.0	0.264837
8535.0	0.262615
8540.0	0.257423
8545.0	0.252228
8550.0	0.25219899999999995
8555.0	0.255857
8560.0	0.259884
8565.0	0.264088
8570.0	0.266127
8575.0	0.266513
8580.0	0.265314
8585.0	0.259664
8590.0	0.250185
8595.0	0.24284099999999997
8600.0	0.240668
8605.0	0.246461
8610.0	0.256021
8615.0	0.267318
8620.0	0.273569
8625.0	0.277072
8630.0	0.277704
8635.0	0.27765500000000004
8640.0	0.27276100000000003
8645.0	0.267013
8650.0	0.260021
8655.0	0.247008
8660.0	0.23747100000000002
8665.0	0.228983
8670.0	0.23267600000000002
8675.0	0.240745
8680.0	0.247221
8685.0	0.25759099999999996
8690.0	0.264806
8695.0	0.270135
8700.0	0.276074
8705.0	0.279674
8710.0	0.28184699999999996
8715.0	0.281089
8720.0	0.278331
8725.0	0.269904
8730.0	0.25943499999999997
8735.0	0.24861
8740.0	0.235395
8745.0	0.22511199999999998
8750.0	0.21475300000000003
8755.0	0.21718099999999999
8760.0	0.228358
8765.0	0.239601
8770.0	0.249858
8775.0	0.257306
8780.0	0.26245
8785.0	0.262257
8790.0	0.265477
8795.0	0.262319
8800.0	0.262889
8805.0	0.259838
8810.0	0.26327
8815.0	0.263756
8820.0	0.259927
8825.0	0.257571
8830.0	0.253773
8835.0	0.24915500000000002
8840.0	0.241238
8845.0	0.234646
8850.0	0.22544899999999998
8855.0	0.215982
8860.0	0.206434
8865.0	0.204087
8870.0	0.21129299999999998
8875.0	0.220577
8880.0	0.22968899999999998
8885.0	0.239004
8890.0	0.241696
8895.0	0.248736
8900.0	0.250519
8905.0	0.253738
8910.0	0.254118
8915.0	0.25429
8920.0	0.253992
8925.0	0.253917
8930.0	0.250893
8935.0	0.25192600000000004
8940.0	0.252675
8945.0	0.252575
8950.0	0.252364
8955.0	0.251069
8960.0	0.25013
8965.0	0.246962
8970.0	0.244144
8975.0	0.23982699999999998
8980.0	0.237614
8985.0	0.23080100000000003
8990.0	0.220719
8995.0	0.218937
9000.0	0.211769
9005.0	0.202216
9010.0	0.195773
9015.0	0.188804
9020.0	0.194048
9025.0	0.20500900000000002
9030.0	0.217148
9035.0	0.22946599999999998
9040.0	0.238017
9045.0	0.24016500000000002
9050.0	0.24484299999999998
9055.0	0.246454
9060.0	0.244263
9065.0	0.24157800000000001
9070.0	0.2366
9075.0	0.23435300000000003
9080.0	0.231
9085.0	0.230594
9090.0	0.23201999999999998
9095.0	0.23289
9100.0	0.236035
9105.0	0.23523000000000002
9110.0	0.23638299999999998
9115.0	0.236965
9120.0	0.23357399999999998
9125.0	0.233721
9130.0	0.22755300000000003
9135.0	0.22719099999999998
9140.0	0.231254
9145.0	0.23149899999999998
9150.0	0.22651100000000002
9155.0	0.224818
9160.0	0.22778099999999998
9165.0	0.229687
9170.0	0.22626100000000002
9175.0	0.226023
9180.0	0.22744099999999998
9185.0	0.228175
9190.0	0.22699299999999997
9195.0	0.2231
9200.0	0.222086
9205.0	0.22001199999999999
9210.0	0.20955500000000002
9215.0	0.20072
9220.0	0.191484
9225.0	0.183776
9230.0	0.178569
9235.0	0.182428
9240.0	0.187933
9245.0	0.197106
9250.0	0.20385999999999999
9255.0	0.20816700000000002
9260.0	0.213417
9265.0	0.216986
9270.0	0.220784
9275.0	0.223583
9280.0	0.222156
9285.0	0.226779
9290.0	0.22027600000000003
9295.0	0.219381
9300.0	0.21496500000000002
9305.0	0.21187399999999998
9310.0	0.20566900000000002
9315.0	0.199424
9320.0	0.201521
9325.0	0.200827
9330.0	0.20702600000000002
9335.0	0.202849
9340.0	0.19934200000000002
9345.0	0.189952
9350.0	0.20469
9355.0	0.193226
9360.0	0.19328599999999999
9365.0	0.199224
9370.0	0.200595
9375.0	0.203953
9380.0	0.19855799999999998
9385.0	0.219245
9390.0	0.227994
9395.0	0.232656
9400.0	0.233771
9405.0	0.23103600000000002
9410.0	0.23058800000000002
9415.0	0.223887
9420.0	0.216862
9425.0	0.21006100000000003
9430.0	0.192249
9435.0	0.203628
9440.0	0.188132
9445.0	0.191472
9450.0	0.20014400000000002
9455.0	0.197524
9460.0	0.202072
9465.0	0.200732
9470.0	0.209563
9475.0	0.209873
9480.0	0.19311
9485.0	0.197657
9490.0	0.207031
9495.0	0.196021
9500.0	0.188177
9505.0	0.19909000000000002
9510.0	0.210637
9515.0	0.196688
9520.0	0.182136
9525.0	0.18144200000000002
9530.0	0.17936300000000002
9535.0	0.174413
9540.0	0.15696300000000002
9545.0	0.155818
9550.0	0.153176
9555.0	0.159065
9560.0	0.16934000000000002
9565.0	0.176625
9570.0	0.179535
9575.0	0.196102
9580.0	0.192776
9585.0	0.19129000000000002
9590.0	0.181364
9595.0	0.18252100000000002
9600.0	0.190005
9605.0	0.19075999999999999
9610.0	0.19177
9615.0	0.19075699999999998
9620.0	0.188448
9625.0	0.186303
9630.0	0.193751
9635.0	0.183629
9640.0	0.18238800000000002
9645.0	0.186763
9650.0	0.192518
9655.0	0.18997
9660.0	0.191413
9665.0	0.190103
9670.0	0.198482
9675.0	0.194626
9680.0	0.191024
9685.0	0.19255799999999998
9690.0	0.19279100000000002
9695.0	0.195752
9700.0	0.19137
9705.0	0.18798299999999998
9710.0	0.18751199999999998
9715.0	0.184167
9720.0	0.195114
9725.0	0.179366
9730.0	0.18754300000000002
9735.0	0.18965
9740.0	0.19337000000000001
9745.0	0.185867
9750.0	0.181402
9755.0	0.179895
9760.0	0.179259
9765.0	0.180519
9770.0	0.180773
9775.0	0.184035
9780.0	0.184124
9785.0	0.18892
9790.0	0.180431
9795.0	0.177257
9800.0	0.182226
9805.0	0.184015
9810.0	0.18712
9815.0	0.189944
9820.0	0.190886
9825.0	0.188866
9830.0	0.184869
9835.0	0.180397
9840.0	0.176952
9845.0	0.17566700000000002
9850.0	0.17619300000000002
9855.0	0.177809
9860.0	0.179795
9865.0	0.181553
9870.0	0.18296600000000002
9875.0	0.18404
9880.0	0.184778
9885.0	0.185185
9890.0	0.185256
9895.0	0.184988
9900.0	0.184376
9905.0	0.183442
9910.0	0.182316
9915.0	0.18115599999999998
9920.0	0.180117
9925.0	0.179319
9930.0	0.178734
9935.0	0.178295
9940.0	0.17793499999999998
9945.0	0.177599
9950.0	0.17727
9955.0	0.17694000000000001
9960.0	0.17660399999999998
9965.0	0.176275
9970.0	0.176044
9975.0	0.176025
9980.0	0.17632799999999998
9985.0	0.176994
9990.0	0.177778
9995.0	0.178366
10000.0	0.17844100000000002
10005.0	0.177704
10010.0	0.175926
10015.0	0.172894
10020.0	0.16839400000000002
10025.0	0.162444
10030.0	0.155975
10035.0	0.150147
10040.0	0.14612
10045.0	0.144757
10050.0	0.145716
10055.0	0.148359
10060.0	0.15204700000000002
10065.0	0.156186
10070.0	0.160376
10075.0	0.164259
10080.0	0.167481
10085.0	0.169759
10090.0	0.171106
10095.0	0.17160899999999998
10100.0	0.171352
10105.0	0.170435
10110.0	0.16901300000000002
10115.0	0.16725299999999999
10120.0	0.165322
10125.0	0.16342
10130.0	0.161869
10135.0	0.161026
10140.0	0.161245
10145.0	0.162669
10150.0	0.164597
10155.0	0.166114
10160.0	0.16630699999999998
10165.0	0.164576
10170.0	0.16156800000000002
10175.0	0.158248
10180.0	0.155576
10185.0	0.154293
10190.0	0.154246
10195.0	0.155057
10200.0	0.156351
10205.0	0.157749
10210.0	0.158869
10215.0	0.159324
10220.0	0.15872999999999998
10225.0	0.156932
10230.0	0.1547
10235.0	0.15303599999999998
10240.0	0.15294100000000002
10245.0	0.15501700000000002
10250.0	0.158269
10255.0	0.161306
10260.0	0.162732
10265.0	0.161583
10270.0	0.158603
10275.0	0.15496400000000002
10280.0	0.15184
10285.0	0.15012999999999999
10290.0	0.149647
10295.0	0.14993299999999998
10300.0	0.150529
10305.0	0.15232
10310.0	0.15243800000000002
10315.0	0.152514
10320.0	0.152563
10325.0	0.152601
10330.0	0.15263
10335.0	0.15265399999999998
10340.0	0.152674
10345.0	0.152693
10350.0	0.15271600000000002
10355.0	0.152747
10360.0	0.152792
10365.0	0.152849
10370.0	0.152895
10375.0	0.1529
10380.0	0.152831
10385.0	0.152656
10390.0	0.15232300000000001
10395.0	0.151778
10400.0	0.15096600000000002
10405.0	0.14988800000000002
10410.0	0.148763
10415.0	0.147866
10420.0	0.147473
10425.0	0.147752
10430.0	0.148453
10435.0	0.14921800000000002
10440.0	0.14969000000000002
10445.0	0.149611
10450.0	0.149121
10455.0	0.14845999999999998
10460.0	0.147866
10465.0	0.147515
10470.0	0.147323
10475.0	0.147144
10480.0	0.14683
10485.0	0.146281
10490.0	0.145587
10495.0	0.14488399999999999
10500.0	0.14431
10505.0	0.14395
10510.0	0.143689
10515.0	0.143361
10520.0	0.142798
10525.0	0.14191700000000002
10530.0	0.14096199999999998
10535.0	0.140259
10540.0	0.14013299999999998
10545.0	0.140781
10550.0	0.141872
10555.0	0.142949
10560.0	0.143553
10565.0	0.14335599999999998
10570.0	0.142559
10575.0	0.141494
10580.0	0.140496
10585.0	0.139825
10590.0	0.139468
10595.0	0.13933800000000002
10600.0	0.13935
10605.0	0.139432
10610.0	0.139557
10615.0	0.13971
10620.0	0.139878
10625.0	0.141546
10630.0	0.141346
10635.0	0.141145
10640.0	0.140944
10645.0	0.140743
10650.0	0.140542
10655.0	0.14034000000000002
10660.0	0.140138
10665.0	0.13993599999999998
10670.0	0.139733
10675.0	0.13953
10680.0	0.139327
10685.0	0.139123
10690.0	0.13891900000000001
10695.0	0.138715
10700.0	0.138511
10705.0	0.13830599999999998
10710.0	0.138101
10715.0	0.137896
10720.0	0.13769
10725.0	0.137484
10730.0	0.137278
10735.0	0.137072
10740.0	0.13686500000000001
10745.0	0.136658
10750.0	0.136451
10755.0	0.136243
10760.0	0.136036
10765.0	0.135828
10770.0	0.13561900000000002
10775.0	0.135411
10780.0	0.135202
10785.0	0.134993
10790.0	0.134784
10795.0	0.134574
10800.0	0.134365
10805.0	0.134155
10810.0	0.133945
10815.0	0.133734
10820.0	0.133523
10825.0	0.13331300000000001
10830.0	0.133101
10835.0	0.13289
10840.0	0.132678
10845.0	0.132467
10850.0	0.13225499999999998
10855.0	0.13204200000000002
10860.0	0.13183
10865.0	0.131617
10870.0	0.131404
10875.0	0.131191
10880.0	0.130978
10885.0	0.13076500000000002
10890.0	0.130551
10895.0	0.13033699999999998
10900.0	0.130123
10905.0	0.129909
10910.0	0.129694
10915.0	0.12947999999999998
10920.0	0.12926500000000002
10925.0	0.12905
10930.0	0.12883499999999998
10935.0	0.12862
10940.0	0.128404
10945.0	0.12818800000000002
10950.0	0.127973
10955.0	0.12775699999999998
10960.0	0.12754000000000001
10965.0	0.127324
10970.0	0.127108
10975.0	0.126891
10980.0	0.126674
10985.0	0.12645699999999999
10990.0	0.12624000000000002
10995.0	0.126023
11000.0	0.125806
11005.0	0.125588
11010.0	0.12537
11015.0	0.125153
11020.0	0.12493499999999999
11025.0	0.12471700000000001
11030.0	0.124498
11035.0	0.12428
11040.0	0.12406199999999999
11045.0	0.12384300000000001
11050.0	0.123625
11055.0	0.12340599999999999
11060.0	0.12318699999999999
11065.0	0.12296800000000001
11070.0	0.122749
11075.0	0.122529
11080.0	0.12230999999999999
11085.0	0.122091
11090.0	0.12187100000000001
11095.0	0.121652
11100.0	0.121432
11105.0	0.12121199999999999
11110.0	0.120992
11115.0	0.120772
11120.0	0.12055199999999999
11125.0	0.120332
11130.0	0.12011199999999998
11135.0	0.11989100000000001
11140.0	0.119671
11145.0	0.119451
11150.0	0.11922999999999999
11155.0	0.11900899999999999
11160.0	0.118789
11165.0	0.118568
11170.0	0.11834700000000001
11175.0	0.118126
11180.0	0.117906
11185.0	0.11768499999999998
11190.0	0.11746400000000001
11195.0	0.117243
11200.0	0.117022
11205.0	0.1168
11210.0	0.116579
11215.0	0.11635799999999999
11220.0	0.11613699999999999
11225.0	0.115916
11230.0	0.115694
11235.0	0.115473
11240.0	0.115252
11245.0	0.11503
11250.0	0.114809
11255.0	0.114587
11260.0	0.11436600000000001
11265.0	0.11414500000000001
11270.0	0.113923
11275.0	0.113702
11280.0	0.11348
11285.0	0.113259
11290.0	0.11303699999999998
11295.0	0.11281600000000001
11300.0	0.112594
11305.0	0.112373
11310.0	0.112151
11315.0	0.11193
11320.0	0.11170899999999999
11325.0	0.11148699999999999
11330.0	0.111266
11335.0	0.111045
11340.0	0.110823
11345.0	0.11060199999999999
11350.0	0.11038099999999999
11355.0	0.11015899999999999
11360.0	0.10993800000000001
11365.0	0.10971700000000001
11370.0	0.10949600000000001
11375.0	0.109275
11380.0	0.109054
11385.0	0.108833
11390.0	0.10861199999999999
11395.0	0.10839100000000002
11400.0	0.10817
11405.0	0.107949
11410.0	0.10772899999999999
11415.0	0.10750799999999999
11420.0	0.107287
11425.0	0.10706700000000001
11430.0	0.10684600000000001
11435.0	0.106626
11440.0	0.106406
11445.0	0.10618499999999999
11450.0	0.105965
11455.0	0.105745
11460.0	0.105525
11465.0	0.105305
11470.0	0.10508499999999998
11475.0	0.10486600000000001
11480.0	0.104646
11485.0	0.104426
11490.0	0.104207
11495.0	0.10398800000000001
11500.0	0.10376800000000001
11505.0	0.103549
11510.0	0.10332999999999999
11515.0	0.103111
11520.0	0.10289200000000001
11525.0	0.102674
11530.0	0.10245499999999999
11535.0	0.102237
11540.0	0.102018
11545.0	0.1018
11550.0	0.101582
11555.0	0.101364
11560.0	0.101146
11565.0	0.10092899999999999
11570.0	0.100711
11575.0	0.100494
11580.0	0.100276
11585.0	0.10005900000000001
11590.0	0.099842
11595.0	0.099625
11600.0	0.099409
11605.0	0.099192
11610.0	0.098976
11615.0	0.09876
11620.0	0.098544
11625.0	0.098328
11630.0	0.098112
11635.0	0.097896
11640.0	0.09768099999999999
11645.0	0.097466
11650.0	0.097251
11655.0	0.097036
11660.0	0.096821
11665.0	0.096607
11670.0	0.09639299999999999
11675.0	0.096179
11680.0	0.095965
11685.0	0.095751
11690.0	0.095537
11695.0	0.095324
11700.0	0.095111
11705.0	0.094898
11710.0	0.094685
11715.0	0.094473
11720.0	0.094261
11725.0	0.09404900000000001
11730.0	0.093837
11735.0	0.093625
11740.0	0.093414
11745.0	0.093202
11750.0	0.09299199999999999
11755.0	0.09278099999999999
11760.0	0.09257
11765.0	0.09236
11770.0	0.09215
11775.0	0.09194
11780.0	0.091731
11785.0	0.091521
11790.0	0.091312
11795.0	0.091103
11800.0	0.090895
11805.0	0.090687
11810.0	0.09047899999999999
11815.0	0.090271
11820.0	0.090063
11825.0	0.08985599999999999
11830.0	0.089649
11835.0	0.089442
11840.0	0.089236
11845.0	0.08903
11850.0	0.088824
11855.0	0.08861799999999999
11860.0	0.088413
11865.0	0.08820700000000001
11870.0	0.088003
11875.0	0.087798
11880.0	0.087594
11885.0	0.08739
11890.0	0.087186
11895.0	0.086983
11900.0	0.08678
11905.0	0.086577
11910.0	0.086375
11915.0	0.086173
11920.0	0.085971
11925.0	0.08576900000000001
11930.0	0.08556799999999999
11935.0	0.085367
11940.0	0.08516699999999999
11945.0	0.084967
11950.0	0.084767
11955.0	0.08456699999999999
11960.0	0.084368
11965.0	0.08416900000000001
11970.0	0.08397
11975.0	0.083772
11980.0	0.083574
11985.0	0.08337699999999999
11990.0	0.08317999999999999
11995.0	0.082983
12000.0	0.082786
12005.0	0.08259
12010.0	0.08239400000000001
12015.0	0.082199
12020.0	0.082004
12025.0	0.081809
12030.0	0.081615
12035.0	0.08142100000000001
12040.0	0.081227
12045.0	0.08103400000000001
12050.0	0.080841
12055.0	0.080648
12060.0	0.080456
12065.0	0.080264
12070.0	0.080073
12075.0	0.07988200000000001
12080.0	0.079691
12085.0	0.079501
12090.0	0.079311
12095.0	0.079122
12100.0	0.078933
12105.0	0.07874400000000001
12110.0	0.078556
12115.0	0.078368
12120.0	0.078181
12125.0	0.07799400000000001
12130.0	0.077807
12135.0	0.07762100000000001
12140.0	0.077435
12145.0	0.07725
12150.0	0.077065
12155.0	0.07688099999999999
12160.0	0.076697
12165.0	0.076513
12170.0	0.07633
12175.0	0.076147
12180.0	0.07596499999999999
12185.0	0.075783
12190.0	0.075602
12195.0	0.075421
12200.0	0.07524
12205.0	0.07506
12210.0	0.07488
12215.0	0.074701
12220.0	0.074522
12225.0	0.07434400000000001
12230.0	0.074166
12235.0	0.073989
12240.0	0.073812
12245.0	0.07363600000000001
12250.0	0.07346
12255.0	0.073284
12260.0	0.07310900000000001
12265.0	0.072934
12270.0	0.07276
12275.0	0.072586
12280.0	0.072413
12285.0	0.07224
12290.0	0.072068
12295.0	0.071896
12300.0	0.071724
12305.0	0.07155299999999999
12310.0	0.071382
12315.0	0.071212
12320.0	0.071042
12325.0	0.070873
12330.0	0.070704
12335.0	0.070536
12340.0	0.070368
12345.0	0.0702
12350.0	0.070033
12355.0	0.069866
12360.0	0.0697
12365.0	0.069534
12370.0	0.069369
12375.0	0.069204
12380.0	0.06904
12385.0	0.06887599999999999
12390.0	0.068712
12395.0	0.068549
12400.0	0.068386
12405.0	0.068224
12410.0	0.068062
12415.0	0.0679
12420.0	0.067739
12425.0	0.067579
12430.0	0.067419
12435.0	0.067259
12440.0	0.067099
12445.0	0.066941
12450.0	0.06678200000000001
12455.0	0.066624
12460.0	0.066466
12465.0	0.066309
12470.0	0.066153
12475.0	0.065996
12480.0	0.06584
12485.0	0.06568500000000001
12490.0	0.06552999999999999
12495.0	0.065375
12500.0	0.065221
12505.0	0.065067
12510.0	0.064914
12515.0	0.064761
12520.0	0.064608
12525.0	0.064456
12530.0	0.064304
12535.0	0.064153
12540.0	0.064002
12545.0	0.06385199999999999
12550.0	0.063702
12555.0	0.063552
12560.0	0.063403
12565.0	0.06325399999999999
12570.0	0.063106
12575.0	0.062958
12580.0	0.06281
12585.0	0.062663
12590.0	0.062516
12595.0	0.06237
12600.0	0.062224
12605.0	0.062077999999999994
12610.0	0.061933
12615.0	0.061789
12620.0	0.061644000000000004
12625.0	0.0615
12630.0	0.061357
12635.0	0.061214
12640.0	0.061071
12645.0	0.060929
12650.0	0.060787
12655.0	0.060646000000000005
12660.0	0.060503999999999995
12665.0	0.060364
12670.0	0.060224
12675.0	0.060084000000000005
12680.0	0.059944000000000004
12685.0	0.059805
12690.0	0.059666
12695.0	0.059528
12700.0	0.05939
12705.0	0.059253
12710.0	0.059115999999999995
12715.0	0.058979
12720.0	0.05884299999999999
12725.0	0.058707
12730.0	0.058571000000000005
12735.0	0.058436
12740.0	0.058302
12745.0	0.058166999999999996
12750.0	0.058033
12755.0	0.0579
12760.0	0.057767
12765.0	0.057634000000000005
12770.0	0.057502
12775.0	0.057370000000000004
12780.0	0.057238
12785.0	0.057107000000000005
12790.0	0.056976
12795.0	0.056846
12800.0	0.056715999999999996
12805.0	0.056586000000000004
12810.0	0.05645700000000001
12815.0	0.056327999999999996
12820.0	0.056199
12825.0	0.056071
12830.0	0.05594299999999999
12835.0	0.055816
12840.0	0.055688999999999995
12845.0	0.055562
12850.0	0.055436
12855.0	0.055310000000000005
12860.0	0.055185000000000005
12865.0	0.055060000000000005
12870.0	0.054935000000000005
12875.0	0.054811
12880.0	0.054687
12885.0	0.054563
12890.0	0.054439999999999995
12895.0	0.054317
12900.0	0.05419500000000001
12905.0	0.054073
12910.0	0.053951
12915.0	0.053829999999999996
12920.0	0.053709
12925.0	0.053588
12930.0	0.053467999999999995
12935.0	0.053348
12940.0	0.053229
12945.0	0.053109
12950.0	0.052990999999999996
12955.0	0.052872
12960.0	0.052753999999999995
12965.0	0.052637
12970.0	0.052519
12975.0	0.052402
12980.0	0.052286
12985.0	0.05217
12990.0	0.052053999999999996
12995.0	0.051938
13000.0	0.051823
13005.0	0.051708000000000004
13010.0	0.05159400000000001
13015.0	0.05148
13020.0	0.051365999999999995
13025.0	0.051253
13030.0	0.05114
13035.0	0.051028
13040.0	0.050914999999999995
13045.0	0.050802999999999994
13050.0	0.050692
13055.0	0.050581
13060.0	0.05047
13065.0	0.050358999999999994
13070.0	0.050249
13075.0	0.05014
13080.0	0.05003
13085.0	0.049921
13090.0	0.049812
13095.0	0.049704000000000005
13100.0	0.049596
13105.0	0.049489
13110.0	0.049381
13115.0	0.049274
13120.0	0.049168
13125.0	0.049061
13130.0	0.048955
13135.0	0.04885
13140.0	0.048745
13145.0	0.048639999999999996
13150.0	0.048535
13155.0	0.048431
13160.0	0.048326999999999995
13165.0	0.048224
13170.0	0.048121
13175.0	0.048018
13180.0	0.047915
13185.0	0.047813
13190.0	0.047711
13195.0	0.04761
13200.0	0.047508999999999996
13205.0	0.047408
13210.0	0.047307999999999996
13215.0	0.047207
13220.0	0.047108
13225.0	0.047008
13230.0	0.046909
13235.0	0.046810000000000004
13240.0	0.046712000000000004
13245.0	0.046613999999999996
13250.0	0.046516
13255.0	0.046419
13260.0	0.046321
13265.0	0.046225
13270.0	0.046127999999999995
13275.0	0.046032
13280.0	0.045936000000000005
13285.0	0.045841
13290.0	0.045745999999999995
13295.0	0.045651
13300.0	0.045556
13305.0	0.045462
13310.0	0.045368
13315.0	0.045275
13320.0	0.045182
13325.0	0.045089
13330.0	0.044996
13335.0	0.044904
13340.0	0.044812
13345.0	0.044721
13350.0	0.044629
13355.0	0.044538
13360.0	0.044448
13365.0	0.044358
13370.0	0.044268
13375.0	0.044177999999999995
13380.0	0.044088999999999996
13385.0	0.043999
13390.0	0.043911
13395.0	0.043822
13400.0	0.043733999999999995
13405.0	0.043647000000000005
13410.0	0.043559
13415.0	0.043472000000000004
13420.0	0.043385
13425.0	0.043299000000000004
13430.0	0.043212
13435.0	0.043126
13440.0	0.043041
13445.0	0.042956
13450.0	0.042871
13455.0	0.042786000000000005
13460.0	0.042702
13465.0	0.042617
13470.0	0.042533999999999995
13475.0	0.04245
13480.0	0.042367
13485.0	0.042283999999999995
13490.0	0.042201999999999996
13495.0	0.04212
13500.0	0.042038
13505.0	0.041956
13510.0	0.041875
13515.0	0.041794
13520.0	0.041713
13525.0	0.041632999999999996
13530.0	0.041552
13535.0	0.041473
13540.0	0.041393
13545.0	0.041314
13550.0	0.041235
13555.0	0.041156
13560.0	0.041077999999999996
13565.0	0.041
13570.0	0.040922
13575.0	0.040845
13580.0	0.040767000000000005
13585.0	0.040691000000000005
13590.0	0.040614
13595.0	0.040538
13600.0	0.040462
13605.0	0.040386
13610.0	0.040311
13615.0	0.040235
13620.0	0.040161
13625.0	0.040086000000000004
13630.0	0.040012
13635.0	0.039938
13640.0	0.039864
13645.0	0.039791
13650.0	0.039718
13655.0	0.039645
13660.0	0.039572
13665.0	0.0395
13670.0	0.039428
13675.0	0.039356
13680.0	0.039285
13685.0	0.039214
13690.0	0.039143
13695.0	0.039072
13700.0	0.039001999999999995
13705.0	0.038932
13710.0	0.038862
13715.0	0.038793
13720.0	0.038723
13725.0	0.038654
13730.0	0.038586
13735.0	0.038517
13740.0	0.038449000000000004
13745.0	0.038381
13750.0	0.038314
13755.0	0.038247
13760.0	0.03818
13765.0	0.038113
13770.0	0.038045999999999996
13775.0	0.03798
13780.0	0.037913999999999996
13785.0	0.037849
13790.0	0.037783
13795.0	0.037718
13800.0	0.037653
13805.0	0.037589
13810.0	0.037524
13815.0	0.03746
13820.0	0.037396
13825.0	0.037333
13830.0	0.037269
13835.0	0.037206
13840.0	0.037143999999999996
13845.0	0.037081
13850.0	0.037018999999999996
13855.0	0.036957
13860.0	0.036895
13865.0	0.036834
13870.0	0.036773
13875.0	0.036712
13880.0	0.036650999999999996
13885.0	0.036591000000000005
13890.0	0.03653
13895.0	0.036470999999999996
13900.0	0.036411
13905.0	0.036351999999999995
13910.0	0.036292000000000005
13915.0	0.036233
13920.0	0.036175
13925.0	0.036116
13930.0	0.036058
13935.0	0.036
13940.0	0.035943
13945.0	0.035885
13950.0	0.035828
13955.0	0.035771
13960.0	0.035715
13965.0	0.035657999999999995
13970.0	0.035601999999999995
13975.0	0.035546
13980.0	0.035491
13985.0	0.035435
13990.0	0.03538
13995.0	0.035325
14000.0	0.035269999999999996
14005.0	0.035216000000000004
14010.0	0.035162
14015.0	0.035108
14020.0	0.035054
14025.0	0.035001
14030.0	0.034947000000000006
14035.0	0.034894
14040.0	0.034842000000000005
14045.0	0.034789
14050.0	0.034737
14055.0	0.034685
14060.0	0.034633
14065.0	0.034582
14070.0	0.03453
14075.0	0.034479
14080.0	0.034428
14085.0	0.034378
14090.0	0.034326999999999996
14095.0	0.034276999999999995
14100.0	0.034227
14105.0	0.034177
14110.0	0.034128
14115.0	0.034079000000000005
14120.0	0.03403
14125.0	0.033981
14130.0	0.033932
14135.0	0.033884
14140.0	0.033836
14145.0	0.033788
14150.0	0.03374
14155.0	0.033693
14160.0	0.033645999999999995
14165.0	0.033599000000000004
14170.0	0.033552
14175.0	0.033505
14180.0	0.033458999999999996
14185.0	0.033413
14190.0	0.033367
14195.0	0.033320999999999996
14200.0	0.033276
14205.0	0.033231000000000004
14210.0	0.033186
14215.0	0.033141000000000004
14220.0	0.033096
14225.0	0.033052
14230.0	0.033007999999999996
14235.0	0.032964
14240.0	0.03292
14245.0	0.032876999999999997
14250.0	0.032833
14255.0	0.03279
14260.0	0.032747000000000005
14265.0	0.032705
14270.0	0.032662000000000004
14275.0	0.032619999999999996
14280.0	0.032577999999999996
14285.0	0.032536
14290.0	0.032494999999999996
14295.0	0.032452999999999996
14300.0	0.032412
14305.0	0.032371
14310.0	0.032330000000000005
14315.0	0.03229
14320.0	0.03225
14325.0	0.032208999999999995
14330.0	0.032169
14335.0	0.03213
14340.0	0.03209
14345.0	0.032050999999999996
14350.0	0.032012
14355.0	0.031973
14360.0	0.031934
14365.0	0.031895
14370.0	0.031856999999999996
14375.0	0.031819
14380.0	0.031781000000000004
14385.0	0.031743
14390.0	0.031706
14395.0	0.031668
14400.0	0.031631
14405.0	0.031594
14410.0	0.031557999999999996
14415.0	0.031521
14420.0	0.031485
14425.0	0.031448000000000004
14430.0	0.031412
14435.0	0.031376999999999995
14440.0	0.031341
14445.0	0.031306
14450.0	0.03127
14455.0	0.031235000000000002
14460.0	0.0312
14465.0	0.031166000000000003
14470.0	0.031131
14475.0	0.031097000000000003
14480.0	0.031063
14485.0	0.031029
14490.0	0.030994999999999998
14495.0	0.030962
14500.0	0.030927999999999997
14505.0	0.030895
14510.0	0.030862
14515.0	0.030829000000000002
14520.0	0.030797
14525.0	0.030764
14530.0	0.030732
14535.0	0.0307
14540.0	0.030668
14545.0	0.030636
14550.0	0.030605
14555.0	0.030573000000000003
14560.0	0.030542000000000003
14565.0	0.030511
14570.0	0.03048
14575.0	0.03045
14580.0	0.030418999999999998
14585.0	0.030389
14590.0	0.030358999999999997
14595.0	0.030329000000000002
14600.0	0.030299
14605.0	0.030269
14610.0	0.030239999999999996
14615.0	0.03021
14620.0	0.030181
14625.0	0.030151999999999998
14630.0	0.030123
14635.0	0.030095
14640.0	0.030066000000000002
14645.0	0.030038
14650.0	0.030010000000000002
14655.0	0.029981999999999998
14660.0	0.029954
14665.0	0.029925999999999998
14670.0	0.029899000000000002
14675.0	0.029872000000000003
14680.0	0.029845
14685.0	0.029818
14690.0	0.029791
14695.0	0.029764
14700.0	0.029738
14705.0	0.029711
14710.0	0.029685000000000003
14715.0	0.029658999999999998
14720.0	0.029633
14725.0	0.029606999999999998
14730.0	0.029582
14735.0	0.029556
14740.0	0.029531
14745.0	0.029506
14750.0	0.029481
14755.0	0.029456
14760.0	0.029432
14765.0	0.029407
14770.0	0.029383
14775.0	0.029358999999999996
14780.0	0.029335000000000003
14785.0	0.029311
14790.0	0.029287
14795.0	0.029264
14800.0	0.02924
14805.0	0.029217
14810.0	0.029194
14815.0	0.029171
14820.0	0.029148
14825.0	0.029125
14830.0	0.029102999999999997
14835.0	0.02908
14840.0	0.029057999999999997
14845.0	0.029036000000000003
14850.0	0.029013999999999998
14855.0	0.028992
14860.0	0.02897
14865.0	0.028949000000000003
14870.0	0.028926999999999998
14875.0	0.028906
14880.0	0.028885
14885.0	0.028863999999999997
14890.0	0.028843
14895.0	0.028822000000000004
14900.0	0.028801999999999998
14905.0	0.028781
14910.0	0.028761000000000002
14915.0	0.028741000000000003
14920.0	0.028720999999999997
14925.0	0.028701
14930.0	0.028681
14935.0	0.028661000000000002
14940.0	0.028642
14945.0	0.028623000000000003
14950.0	0.028602999999999996
14955.0	0.028584
14960.0	0.028564999999999997
14965.0	0.028546
14970.0	0.028527999999999998
14975.0	0.028508999999999996
14980.0	0.028489999999999998
14985.0	0.028472000000000004
14990.0	0.028454000000000004
14995.0	0.028436000000000003
15000.0	0.028418000000000002
15005.0	0.0284
15010.0	0.028382
15015.0	0.028364999999999998
15020.0	0.028347000000000004
15025.0	0.02833
15030.0	0.028312
15035.0	0.028294999999999997
15040.0	0.028277999999999998
15045.0	0.028261
15050.0	0.028245
15055.0	0.028227999999999996
15060.0	0.028211
15065.0	0.028194999999999998
15070.0	0.028179000000000003
15075.0	0.028162
15080.0	0.028145999999999997
15085.0	0.028130000000000002
15090.0	0.028114999999999998
15095.0	0.028099000000000002
15100.0	0.028082999999999997
15105.0	0.028068
15110.0	0.028051999999999997
15115.0	0.028037
15120.0	0.028022000000000002
15125.0	0.028007
15130.0	0.027992000000000003
15135.0	0.027977
15140.0	0.027962
15145.0	0.027948
15150.0	0.027933
15155.0	0.027919
15160.0	0.027904
15165.0	0.027889999999999998
15170.0	0.027875999999999998
15175.0	0.027862
15180.0	0.027848
15185.0	0.027833999999999998
15190.0	0.027819999999999998
15195.0	0.027807
15200.0	0.027793
15205.0	0.027780000000000003
15210.0	0.027767
15215.0	0.027752999999999996
15220.0	0.027739999999999997
15225.0	0.027726999999999998
15230.0	0.027714
15235.0	0.027701999999999997
15240.0	0.027689
15245.0	0.027676
15250.0	0.027663999999999998
15255.0	0.027651
15260.0	0.027638999999999997
15265.0	0.027627
15270.0	0.027614999999999997
15275.0	0.027602999999999996
15280.0	0.027591
15285.0	0.027579000000000003
15290.0	0.027567
15295.0	0.027555
15300.0	0.027544
15305.0	0.027532
15310.0	0.027520999999999997
15315.0	0.027509
15320.0	0.027498
15325.0	0.027487
15330.0	0.027476
15335.0	0.027464999999999996
15340.0	0.027454000000000003
15345.0	0.027443000000000002
15350.0	0.027431999999999998
15355.0	0.027422000000000002
15360.0	0.027411
15365.0	0.0274
15370.0	0.027389999999999998
15375.0	0.02738
15380.0	0.027369
15385.0	0.027358999999999998
15390.0	0.027349000000000002
15395.0	0.027339
15400.0	0.027329000000000003
15405.0	0.027319
15410.0	0.027308999999999996
15415.0	0.0273
15420.0	0.02729
15425.0	0.027280000000000002
15430.0	0.027270999999999997
15435.0	0.027262
15440.0	0.027252
15445.0	0.027243
15450.0	0.027233999999999998
15455.0	0.027224
15460.0	0.027214999999999996
15465.0	0.027206
15470.0	0.027197000000000002
15475.0	0.027188999999999998
15480.0	0.027180000000000003
15485.0	0.027170999999999997
15490.0	0.027162000000000002
15495.0	0.027154
15500.0	0.027145
15505.0	0.027137
15510.0	0.027127999999999996
15515.0	0.02712
15520.0	0.027112
15525.0	0.027103
15530.0	0.027094999999999998
15535.0	0.027087
15540.0	0.027079000000000002
15545.0	0.027070999999999998
15550.0	0.027063
15555.0	0.027055000000000003
15560.0	0.027047
15565.0	0.027039999999999998
15570.0	0.027032
15575.0	0.027024
15580.0	0.027017000000000003
15585.0	0.027009
15590.0	0.027001999999999998
15595.0	0.026994
15600.0	0.026987
15605.0	0.02698
15610.0	0.026972000000000003
15615.0	0.026965
15620.0	0.026958
15625.0	0.026951
15630.0	0.026944
15635.0	0.026937
15640.0	0.026930000000000003
15645.0	0.026923000000000002
15650.0	0.026916000000000002
15655.0	0.026909
15660.0	0.026902
15665.0	0.026895999999999996
15670.0	0.026889
15675.0	0.026882
15680.0	0.026876
15685.0	0.026869
15690.0	0.026862999999999998
15695.0	0.026856
15700.0	0.02685
15705.0	0.026843000000000002
15710.0	0.026837
15715.0	0.026831
15720.0	0.026825
15725.0	0.026818
15730.0	0.026812
15735.0	0.026806
15740.0	0.0268
15745.0	0.026794
15750.0	0.026788
15755.0	0.026782
15760.0	0.026775999999999998
15765.0	0.02677
15770.0	0.026764
15775.0	0.026757999999999997
15780.0	0.026751999999999998
15785.0	0.026746
15790.0	0.026739999999999996
15795.0	0.026735000000000002
15800.0	0.026729000000000003
15805.0	0.026723
15810.0	0.026718000000000002
15815.0	0.026712
15820.0	0.026706
15825.0	0.026701
15830.0	0.026695
15835.0	0.02669
15840.0	0.026683999999999996
15845.0	0.026679
15850.0	0.026673000000000002
15855.0	0.026668
15860.0	0.026662
15865.0	0.026657
15870.0	0.026652
15875.0	0.026646
15880.0	0.026641
15885.0	0.026635000000000002
15890.0	0.02663
15895.0	0.026625
15900.0	0.026619999999999998
15905.0	0.026614
15910.0	0.026608999999999997
15915.0	0.026604000000000003
15920.0	0.026599
15925.0	0.026594
15930.0	0.026588
15935.0	0.026583
15940.0	0.026577999999999997
15945.0	0.026573000000000003
15950.0	0.026568
15955.0	0.026563
15960.0	0.026558
15965.0	0.026552999999999997
15970.0	0.026547
15975.0	0.026542000000000003
15980.0	0.026537
15985.0	0.026532
15990.0	0.026527
15995.0	0.026522000000000004
16000.0	0.026517000000000002
16005.0	0.026512
16010.0	0.026507
16015.0	0.026501999999999998
16020.0	0.026497000000000003
16025.0	0.026492
16030.0	0.026487
16035.0	0.026482
16040.0	0.026476999999999997
16045.0	0.026472000000000002
16050.0	0.026467
16055.0	0.026462
16060.0	0.026456999999999998
16065.0	0.026452
16070.0	0.026447000000000002
16075.0	0.026442
16080.0	0.026437000000000002
16085.0	0.026432
16090.0	0.026427
16095.0	0.026422
16100.0	0.026417000000000003
16105.0	0.026412
16110.0	0.026407
16115.0	0.026400999999999997
16120.0	0.026396
16125.0	0.026391
16130.0	0.026386
16135.0	0.026381
16140.0	0.026376
16145.0	0.026371
16150.0	0.026366000000000004
16155.0	0.026361000000000002
16160.0	0.026355
16165.0	0.02635
16170.0	0.026345
16175.0	0.02634
16180.0	0.026335
16185.0	0.026329
16190.0	0.026324
16195.0	0.026319
16200.0	0.026313
16205.0	0.026307999999999998
16210.0	0.026302999999999997
16215.0	0.026297000000000004
16220.0	0.026292000000000003
16225.0	0.026287
16230.0	0.026281
16235.0	0.026276
16240.0	0.026269999999999998
16245.0	0.026264999999999997
16250.0	0.026258999999999998
16255.0	0.026254000000000003
16260.0	0.026248
16265.0	0.026243
16270.0	0.026237
16275.0	0.026231
16280.0	0.026226
16285.0	0.02622
16290.0	0.026213999999999998
16295.0	0.026208999999999996
16300.0	0.026202999999999997
16305.0	0.026197
16310.0	0.026191000000000002
16315.0	0.026185000000000003
16320.0	0.026179
16325.0	0.026173000000000002
16330.0	0.026167000000000003
16335.0	0.026161
16340.0	0.026155
16345.0	0.026149000000000002
16350.0	0.026143
16355.0	0.026137
16360.0	0.026131
16365.0	0.026125
16370.0	0.026118000000000002
16375.0	0.026112
16380.0	0.026106
16385.0	0.0261
16390.0	0.026093
16395.0	0.026087
16400.0	0.026080000000000002
16405.0	0.026074
16410.0	0.026067
16415.0	0.026061
16420.0	0.026054
16425.0	0.026048
16430.0	0.026041
16435.0	0.026033999999999998
16440.0	0.026027999999999996
16445.0	0.026021
16450.0	0.026014
16455.0	0.026008
16460.0	0.026001
16465.0	0.025994
16470.0	0.025987
16475.0	0.02598
16480.0	0.025973000000000003
16485.0	0.025966000000000003
16490.0	0.025958999999999996
16495.0	0.025952
16500.0	0.025945
16505.0	0.025938
16510.0	0.025931
16515.0	0.025924000000000003
16520.0	0.025917000000000003
16525.0	0.025908999999999998
16530.0	0.025901999999999998
16535.0	0.025894999999999998
16540.0	0.025887
16545.0	0.02588
16550.0	0.025873
16555.0	0.025865
16560.0	0.025858
16565.0	0.02585
16570.0	0.025843
16575.0	0.025835000000000004
16580.0	0.025827999999999997
16585.0	0.02582
16590.0	0.025813
16595.0	0.025805
16600.0	0.025797000000000004
16605.0	0.025789999999999997
16610.0	0.025782
16615.0	0.025774000000000002
16620.0	0.025766000000000004
16625.0	0.025758
16630.0	0.025751
16635.0	0.025743000000000002
16640.0	0.025735
16645.0	0.025727
16650.0	0.025719
16655.0	0.025711
16660.0	0.025702999999999997
16665.0	0.025695
16670.0	0.025687
16675.0	0.025677999999999996
16680.0	0.02567
16685.0	0.025662
16690.0	0.025654000000000003
16695.0	0.025646
16700.0	0.025637
16705.0	0.025629000000000002
16710.0	0.025620999999999998
16715.0	0.025612
16720.0	0.025604000000000002
16725.0	0.025595
16730.0	0.025587000000000002
16735.0	0.025578
16740.0	0.02557
16745.0	0.025561
16750.0	0.025553
16755.0	0.025544
16760.0	0.025536
16765.0	0.025527
16770.0	0.025518
16775.0	0.025509
16780.0	0.025501
16785.0	0.025491999999999997
16790.0	0.025483000000000002
16795.0	0.025474
16800.0	0.025465
16805.0	0.025457
16810.0	0.025448
16815.0	0.025439
16820.0	0.02543
16825.0	0.025421
16830.0	0.025412
16835.0	0.025403
16840.0	0.025393000000000002
16845.0	0.025384
16850.0	0.025375
16855.0	0.025366
16860.0	0.025356999999999998
16865.0	0.025348
16870.0	0.025338
16875.0	0.025329
16880.0	0.02532
16885.0	0.02531
16890.0	0.025301
16895.0	0.025292
16900.0	0.025282
16905.0	0.025273
16910.0	0.025263
16915.0	0.025254
16920.0	0.025244
16925.0	0.025235
16930.0	0.025225
16935.0	0.025215
16940.0	0.025206
16945.0	0.025196
16950.0	0.025186
16955.0	0.025177
16960.0	0.025167
16965.0	0.025157
16970.0	0.025147
16975.0	0.025137
16980.0	0.025127
16985.0	0.025118
16990.0	0.025108000000000002
16995.0	0.025098
17000.0	0.025088
17005.0	0.025078
17010.0	0.025068
17015.0	0.025058
17020.0	0.025047
17025.0	0.025037
17030.0	0.025027
17035.0	0.025016999999999998
17040.0	0.025006999999999998
17045.0	0.024997
17050.0	0.024986
17055.0	0.024975999999999998
17060.0	0.024966
17065.0	0.024955
17070.0	0.024945
17075.0	0.024935
17080.0	0.024924
17085.0	0.024914
17090.0	0.024903
17095.0	0.024893000000000002
17100.0	0.024881999999999998
17105.0	0.024872
17110.0	0.024861
17115.0	0.024850999999999998
17120.0	0.02484
17125.0	0.024829
17130.0	0.024819
17135.0	0.024808
17140.0	0.024797
17145.0	0.024787
17150.0	0.024776
17155.0	0.024765000000000002
17160.0	0.024753999999999998
17165.0	0.024743
17170.0	0.024732
17175.0	0.024722
17180.0	0.024711
17185.0	0.0247
17190.0	0.024689
17195.0	0.024678
17200.0	0.024666999999999998
17205.0	0.024656
17210.0	0.024645
17215.0	0.024633000000000002
17220.0	0.024622
17225.0	0.024611
17230.0	0.0246
17235.0	0.024589
17240.0	0.024578
17245.0	0.024566
17250.0	0.024555
17255.0	0.024544
17260.0	0.024531999999999998
17265.0	0.024521
17270.0	0.02451
17275.0	0.024498
17280.0	0.024487000000000002
17285.0	0.024475
17290.0	0.024464
17295.0	0.024452
17300.0	0.024441
17305.0	0.024429
17310.0	0.024418000000000002
17315.0	0.024406
17320.0	0.024394
17325.0	0.024383000000000002
17330.0	0.024371
17335.0	0.024359
17340.0	0.024347999999999998
17345.0	0.024336
17350.0	0.024324000000000002
17355.0	0.024312
17360.0	0.024301
17365.0	0.024288999999999998
17370.0	0.024277
17375.0	0.024265000000000002
17380.0	0.024253
17385.0	0.024241
17390.0	0.024229
17395.0	0.024217
17400.0	0.024205
17405.0	0.024193
17410.0	0.024181
17415.0	0.024169
17420.0	0.024156999999999998
17425.0	0.024145
17430.0	0.024133
17435.0	0.024121
17440.0	0.024108
17445.0	0.024096
17450.0	0.024084
17455.0	0.024072
17460.0	0.024059
17465.0	0.024047
17470.0	0.024035
17475.0	0.024021999999999998
17480.0	0.02401
17485.0	0.023998
17490.0	0.023985
17495.0	0.023972999999999998
17500.0	0.02396
17505.0	0.023948
17510.0	0.023934999999999998
17515.0	0.023923
17520.0	0.02391
17525.0	0.023898
17530.0	0.023885
17535.0	0.023872
17540.0	0.02386
17545.0	0.023847
17550.0	0.023834
17555.0	0.023822
17560.0	0.023809
17565.0	0.023796
17570.0	0.023783000000000002
17575.0	0.02377
17580.0	0.023758
17585.0	0.023745
17590.0	0.023732
17595.0	0.023719
17600.0	0.023706
17605.0	0.023693000000000002
17610.0	0.02368
17615.0	0.023666999999999997
17620.0	0.023653999999999998
17625.0	0.023641
17630.0	0.023628
17635.0	0.023615
17640.0	0.023602
17645.0	0.023589
17650.0	0.023576
17655.0	0.023563
17660.0	0.023549
17665.0	0.023536
17670.0	0.023523
17675.0	0.02351
17680.0	0.023497
17685.0	0.023483
17690.0	0.023469999999999998
17695.0	0.023457
17700.0	0.023443000000000002
17705.0	0.02343
17710.0	0.023417
17715.0	0.023403
17720.0	0.02339
17725.0	0.023375999999999997
17730.0	0.023363
17735.0	0.023349
17740.0	0.023336000000000003
17745.0	0.023322
17750.0	0.023309
17755.0	0.023295
17760.0	0.023282
17765.0	0.023268
17770.0	0.023254
17775.0	0.023241
17780.0	0.023227
17785.0	0.023213
17790.0	0.0232
17795.0	0.023186000000000002
17800.0	0.023171999999999998
17805.0	0.023158
17810.0	0.023145
17815.0	0.023131
17820.0	0.023117
17825.0	0.023103
17830.0	0.023089
17835.0	0.023075
17840.0	0.023061
17845.0	0.023047
17850.0	0.023033
17855.0	0.023019
17860.0	0.023005
17865.0	0.022991
17870.0	0.022977
17875.0	0.022963
17880.0	0.022949
17885.0	0.022935
17890.0	0.022921
17895.0	0.022907
17900.0	0.022893
17905.0	0.022879
17910.0	0.022865
17915.0	0.02285
17920.0	0.022836000000000002
17925.0	0.022822
17930.0	0.022808000000000002
17935.0	0.022793
17940.0	0.022779
17945.0	0.022765
17950.0	0.02275
17955.0	0.022736000000000003
17960.0	0.022722
17965.0	0.022706999999999998
17970.0	0.022693
17975.0	0.022678
17980.0	0.022664
17985.0	0.022649000000000002
17990.0	0.022635
17995.0	0.022619999999999998
18000.0	0.022606
18005.0	0.022591
18010.0	0.022577
18015.0	0.022562
18020.0	0.022548
18025.0	0.022533
18030.0	0.022518
18035.0	0.022504
18040.0	0.022489
18045.0	0.022474
18050.0	0.02246
18055.0	0.022445
18060.0	0.022430000000000002
18065.0	0.022415
18070.0	0.022401
18075.0	0.022386
18080.0	0.022371000000000002
18085.0	0.022356
18090.0	0.022341
18095.0	0.022327
18100.0	0.022312000000000002
18105.0	0.022297
18110.0	0.022282
18115.0	0.022267
18120.0	0.022252
18125.0	0.022237
18130.0	0.022222
18135.0	0.022207
18140.0	0.022192
18145.0	0.022177000000000002
18150.0	0.022162
18155.0	0.022147
18160.0	0.022132
18165.0	0.022116999999999998
18170.0	0.022101
18175.0	0.022086
18180.0	0.022071
18185.0	0.022056
18190.0	0.022040999999999998
18195.0	0.022026
18200.0	0.02201
18205.0	0.021994999999999997
18210.0	0.02198
18215.0	0.021965000000000002
18220.0	0.021949
18225.0	0.021934
18230.0	0.021919
18235.0	0.021903
18240.0	0.021888
18245.0	0.021873
18250.0	0.021856999999999998
18255.0	0.021842
18260.0	0.021825999999999998
18265.0	0.021811
18270.0	0.021796
18275.0	0.02178
18280.0	0.021765
18285.0	0.021749
18290.0	0.021734
18295.0	0.021718
18300.0	0.021702000000000003
18305.0	0.021687
18310.0	0.021671
18315.0	0.021656
18320.0	0.02164
18325.0	0.021624
18330.0	0.021609
18335.0	0.021593
18340.0	0.021578
18345.0	0.021562
18350.0	0.021546
18355.0	0.02153
18360.0	0.021515
18365.0	0.021499
18370.0	0.021483000000000002
18375.0	0.021467
18380.0	0.021452000000000002
18385.0	0.021436
18390.0	0.021419999999999998
18395.0	0.021404
18400.0	0.021388
18405.0	0.021372
18410.0	0.021356
18415.0	0.021341
18420.0	0.021325
18425.0	0.021309
18430.0	0.021293
18435.0	0.021277
18440.0	0.021261000000000002
18445.0	0.021245
18450.0	0.021228999999999998
18455.0	0.021213
18460.0	0.021197
18465.0	0.021181000000000002
18470.0	0.021165
18475.0	0.021149
18480.0	0.021133000000000002
18485.0	0.021116
18490.0	0.0211
18495.0	0.021084000000000002
18500.0	0.021068
18505.0	0.021052
18510.0	0.021036000000000003
18515.0	0.02102
18520.0	0.021003
18525.0	0.020987000000000002
18530.0	0.020971
18535.0	0.020955
18540.0	0.020938
18545.0	0.020922
18550.0	0.020906
18555.0	0.02089
18560.0	0.020873
18565.0	0.020857
18570.0	0.020841
18575.0	0.020824000000000002
18580.0	0.020808
18585.0	0.020791
18590.0	0.020775
18595.0	0.020759
18600.0	0.020742
18605.0	0.020725999999999998
18610.0	0.020709
18615.0	0.020693
18620.0	0.020676
18625.0	0.020659999999999998
18630.0	0.020643
18635.0	0.020627
18640.0	0.02061
18645.0	0.020594
18650.0	0.020577
18655.0	0.020561000000000003
18660.0	0.020544
18665.0	0.020528
18670.0	0.020511
18675.0	0.020494
18680.0	0.020478
18685.0	0.020461
18690.0	0.020444
18695.0	0.020428
18700.0	0.020411000000000002
18705.0	0.020394
18710.0	0.020378
18715.0	0.020361
18720.0	0.020344
18725.0	0.020328
18730.0	0.020311000000000003
18735.0	0.020294
18740.0	0.020277
18745.0	0.020261
18750.0	0.020243999999999998
18755.0	0.020227000000000002
18760.0	0.02021
18765.0	0.020193
18770.0	0.020176
18775.0	0.02016
18780.0	0.020143
18785.0	0.020125999999999998
18790.0	0.020109000000000002
18795.0	0.020092
18800.0	0.020075
18805.0	0.020058000000000003
18810.0	0.020041
18815.0	0.020024
18820.0	0.020007
18825.0	0.01999
18830.0	0.019972999999999998
18835.0	0.019956
18840.0	0.019939
18845.0	0.019922
18850.0	0.019905000000000003
18855.0	0.019888
18860.0	0.019871
18865.0	0.019854
18870.0	0.019837
18875.0	0.019819999999999997
18880.0	0.019803
18885.0	0.019786
18890.0	0.019769
18895.0	0.019752000000000002
18900.0	0.019735
18905.0	0.019717
18910.0	0.0197
18915.0	0.019683000000000003
18920.0	0.019666
18925.0	0.019649
18930.0	0.019632
18935.0	0.019614
18940.0	0.019597
18945.0	0.01958
18950.0	0.019563
18955.0	0.019545
18960.0	0.019528
18965.0	0.019511
18970.0	0.019494
18975.0	0.019476
18980.0	0.019459
18985.0	0.019441999999999997
18990.0	0.019424
18995.0	0.019407
19000.0	0.01939
19005.0	0.019372
19010.0	0.019355
19015.0	0.019338
19020.0	0.01932
19025.0	0.019303
19030.0	0.019286
19035.0	0.019268
19040.0	0.019251
19045.0	0.019233
19050.0	0.019216
19055.0	0.019198
19060.0	0.019181
19065.0	0.019163
19070.0	0.019146
19075.0	0.019129
19080.0	0.019111000000000003
19085.0	0.019094
19090.0	0.019076
19095.0	0.019059
19100.0	0.019041
19105.0	0.019022999999999998
19110.0	0.019006
19115.0	0.018987999999999998
19120.0	0.018971000000000002
19125.0	0.018953
19130.0	0.018936
19135.0	0.018918
19140.0	0.018900999999999998
19145.0	0.018883
19150.0	0.018865
19155.0	0.018848
19160.0	0.01883
19165.0	0.018812
19170.0	0.018795
19175.0	0.018777000000000002
19180.0	0.018759
19185.0	0.018741999999999998
19190.0	0.018724
19195.0	0.018706
19200.0	0.018688999999999997
19205.0	0.018671
19210.0	0.018653
19215.0	0.018636
19220.0	0.018618
19225.0	0.0186
19230.0	0.018581999999999998
19235.0	0.018565
19240.0	0.018547
19245.0	0.018529
19250.0	0.018511
19255.0	0.018494
19260.0	0.018476
19265.0	0.018458000000000002
19270.0	0.01844
19275.0	0.018422
19280.0	0.018405
19285.0	0.018387
19290.0	0.018369
19295.0	0.018351
19300.0	0.018333000000000002
19305.0	0.018315
19310.0	0.018298
19315.0	0.01828
19320.0	0.018262
19325.0	0.018244
19330.0	0.018226
19335.0	0.018208000000000002
19340.0	0.01819
19345.0	0.018172
19350.0	0.018155
19355.0	0.018137
19360.0	0.018119
19365.0	0.018101
19370.0	0.018083000000000002
19375.0	0.018065
19380.0	0.018047
19385.0	0.018029
19390.0	0.018011000000000003
19395.0	0.017993000000000002
19400.0	0.017975
19405.0	0.017957
19410.0	0.017939
19415.0	0.017921
19420.0	0.017903
19425.0	0.017884999999999998
19430.0	0.017866999999999997
19435.0	0.017849
19440.0	0.017831
19445.0	0.017813
19450.0	0.017795
19455.0	0.017777
19460.0	0.017759
19465.0	0.017741
19470.0	0.017723
19475.0	0.017705000000000002
19480.0	0.017687
19485.0	0.017668
19490.0	0.01765
19495.0	0.017632
19500.0	0.017613999999999998
19505.0	0.017596
19510.0	0.017578
19515.0	0.01756
19520.0	0.017542
19525.0	0.017524
19530.0	0.017506
19535.0	0.017487
19540.0	0.017469
19545.0	0.017450999999999998
19550.0	0.017433
19555.0	0.017415
19560.0	0.017397
19565.0	0.017378
19570.0	0.01736
19575.0	0.017342
19580.0	0.017324000000000003
19585.0	0.017306000000000002
19590.0	0.017287999999999998
19595.0	0.017269
19600.0	0.017251
19605.0	0.017233000000000002
19610.0	0.017215
19615.0	0.017197
19620.0	0.017178
19625.0	0.017159999999999998
19630.0	0.017141999999999998
19635.0	0.017124
19640.0	0.017106
19645.0	0.017087
19650.0	0.017069
19655.0	0.017051
19660.0	0.017033
19665.0	0.017013999999999998
19670.0	0.016996
19675.0	0.016978
19680.0	0.01696
19685.0	0.016941
19690.0	0.016923
19695.0	0.016905
19700.0	0.016886
19705.0	0.016868
19710.0	0.01685
19715.0	0.016832
19720.0	0.016812999999999998
19725.0	0.016794999999999997
19730.0	0.016777
19735.0	0.016758000000000002
19740.0	0.01674
19745.0	0.016722
19750.0	0.016703
19755.0	0.016685
19760.0	0.016666999999999998
19765.0	0.016649
19770.0	0.016630000000000002
19775.0	0.016612000000000002
19780.0	0.016594
19785.0	0.016575
19790.0	0.016557
19795.0	0.016538999999999998
19800.0	0.01652
19805.0	0.016502
19810.0	0.016484
19815.0	0.016465
19820.0	0.016447
19825.0	0.016428
19830.0	0.01641
19835.0	0.016392
19840.0	0.016373
19845.0	0.016355
19850.0	0.016337
19855.0	0.016318
19860.0	0.0163
19865.0	0.016281999999999998
19870.0	0.016263
19875.0	0.016245
19880.0	0.016225999999999997
19885.0	0.016208
19890.0	0.01619
19895.0	0.016171
19900.0	0.016153
19905.0	0.016134
19910.0	0.016116
19915.0	0.016097999999999998
19920.0	0.016079
19925.0	0.016061000000000002
19930.0	0.016041999999999997
19935.0	0.016024
19940.0	0.016006
19945.0	0.015987
19950.0	0.015969
19955.0	0.01595
19960.0	0.015931999999999998
19965.0	0.015913999999999998
19970.0	0.015895
19975.0	0.015877000000000002
19980.0	0.015858
19985.0	0.01584
19990.0	0.015821
19995.0	0.015803
20000.0	0.015785
20005.0	0.015766
20010.0	0.015747999999999998
20015.0	0.015729
20020.0	0.015711000000000003
20025.0	0.015693000000000002
20030.0	0.015674
20035.0	0.015656
20040.0	0.015637
20045.0	0.015619
20050.0	0.0156
20055.0	0.015581999999999999
20060.0	0.015563999999999998
20065.0	0.015544999999999998
20070.0	0.015527000000000001
20075.0	0.015508000000000001
20080.0	0.01549
20085.0	0.015471
20090.0	0.015453
20095.0	0.015434999999999999
20100.0	0.015416
20105.0	0.015397999999999998
20110.0	0.015378999999999999
20115.0	0.015361000000000001
20120.0	0.015341999999999998
20125.0	0.015324
20130.0	0.015305000000000001
20135.0	0.015287
20140.0	0.015269
20145.0	0.01525
20150.0	0.015231999999999999
20155.0	0.015212999999999999
20160.0	0.015194999999999998
20165.0	0.015175999999999999
20170.0	0.015158000000000001
20175.0	0.01514
20180.0	0.015121
20185.0	0.015103
20190.0	0.015084
20195.0	0.015066
20200.0	0.015047
20205.0	0.015028999999999999
20210.0	0.015011000000000002
20215.0	0.014991999999999998
20220.0	0.014974000000000001
20225.0	0.014955000000000001
20230.0	0.014937
20235.0	0.014918
20240.0	0.0149
20245.0	0.014882
20250.0	0.014863
20255.0	0.014844999999999999
20260.0	0.014825999999999999
20265.0	0.014808000000000002
20270.0	0.014788999999999998
20275.0	0.014771000000000001
20280.0	0.014753
20285.0	0.014734
20290.0	0.014716
20295.0	0.014697
20300.0	0.014679
20305.0	0.014661000000000002
20310.0	0.014641999999999999
20315.0	0.014624000000000002
20320.0	0.014605000000000002
20325.0	0.014587000000000001
20330.0	0.014569
20335.0	0.01455
20340.0	0.014532
20345.0	0.014513
20350.0	0.014495
20355.0	0.014477
20360.0	0.014458000000000002
20365.0	0.01444
20370.0	0.014421000000000002
20375.0	0.014403000000000001
20380.0	0.014385
20385.0	0.014366
20390.0	0.014348
20395.0	0.01433
20400.0	0.014311
20405.0	0.014293
20410.0	0.014274
20415.0	0.014256
20420.0	0.014237999999999999
20425.0	0.014218999999999999
20430.0	0.014200999999999998
20435.0	0.014183000000000001
20440.0	0.014163999999999998
20445.0	0.014146
20450.0	0.014128
20455.0	0.014109
20460.0	0.014091
20465.0	0.014072999999999999
20470.0	0.014053999999999999
20475.0	0.014036000000000002
20480.0	0.014018000000000001
20485.0	0.013999000000000001
20490.0	0.013981
20495.0	0.013963
20500.0	0.013944
20505.0	0.013926
20510.0	0.013908000000000002
20515.0	0.013888999999999999
20520.0	0.013871000000000001
20525.0	0.013853
20530.0	0.013834
20535.0	0.013816
20540.0	0.013798
20545.0	0.01378
20550.0	0.013761
20555.0	0.013743
20560.0	0.013725
20565.0	0.013706999999999999
20570.0	0.013687999999999999
20575.0	0.013669999999999998
20580.0	0.013652000000000001
20585.0	0.013633000000000001
20590.0	0.013615
20595.0	0.013597
20600.0	0.013578999999999999
20605.0	0.01356
20610.0	0.013541999999999998
20615.0	0.013524000000000001
20620.0	0.013506
20625.0	0.013488
20630.0	0.013469
20635.0	0.013451
20640.0	0.013433
20645.0	0.013415
20650.0	0.013397
20655.0	0.013378
20660.0	0.013359999999999999
20665.0	0.013341999999999998
20670.0	0.013324
20675.0	0.013306
20680.0	0.013287
20685.0	0.013269
20690.0	0.013250999999999999
20695.0	0.013233000000000002
20700.0	0.013215000000000001
20705.0	0.013197
20710.0	0.013179
20715.0	0.01316
20720.0	0.013142
20725.0	0.013124
20730.0	0.013106
20735.0	0.013087999999999999
20740.0	0.013069999999999998
20745.0	0.013052000000000001
20750.0	0.013034
20755.0	0.013015
20760.0	0.012997
20765.0	0.012979
20770.0	0.012961000000000002
20775.0	0.012943000000000001
20780.0	0.012925
20785.0	0.012907
20790.0	0.012889
20795.0	0.012871
20800.0	0.012853
20805.0	0.012835
20810.0	0.012816999999999999
20815.0	0.012799
20820.0	0.012781
20825.0	0.012763
20830.0	0.012745000000000001
20835.0	0.012727
20840.0	0.012709
20845.0	0.012691
20850.0	0.012673
20855.0	0.012655
20860.0	0.012637
20865.0	0.012619
20870.0	0.012601000000000001
20875.0	0.012583
20880.0	0.012565
20885.0	0.012546999999999999
20890.0	0.012529
20895.0	0.012511
20900.0	0.012493
20905.0	0.012475
20910.0	0.012457
20915.0	0.012440000000000001
20920.0	0.012422
20925.0	0.012404
20930.0	0.012386
20935.0	0.012368
20940.0	0.01235
20945.0	0.012332
20950.0	0.012314
20955.0	0.012297
20960.0	0.012279
20965.0	0.012261
20970.0	0.012243
20975.0	0.012225
20980.0	0.012206999999999999
20985.0	0.012190000000000001
20990.0	0.012172
20995.0	0.012154
21000.0	0.012136
21005.0	0.012119
21010.0	0.012101
21015.0	0.012083
21020.0	0.012065000000000001
21025.0	0.012048
21030.0	0.012029999999999999
21035.0	0.012012
21040.0	0.011994
21045.0	0.011977
21050.0	0.011959000000000001
21055.0	0.011941
21060.0	0.011923999999999999
21065.0	0.011906
21070.0	0.011888
21075.0	0.011871
21080.0	0.011853
21085.0	0.011835
21090.0	0.011818
21095.0	0.0118
21100.0	0.011781999999999999
21105.0	0.011765000000000001
21110.0	0.011747
21115.0	0.011729999999999999
21120.0	0.011712
21125.0	0.011694
21130.0	0.011677
21135.0	0.011659000000000001
21140.0	0.011642
21145.0	0.011623999999999999
21150.0	0.011607
21155.0	0.011589
21160.0	0.011572
21165.0	0.011554
21170.0	0.011537
21175.0	0.011519
21180.0	0.011502
21185.0	0.011484000000000001
21190.0	0.011467
21195.0	0.011448999999999999
21200.0	0.011432
21205.0	0.011414
21210.0	0.011397
21215.0	0.01138
21220.0	0.011362
21225.0	0.011345000000000001
21230.0	0.011327
21235.0	0.011309999999999999
21240.0	0.011293000000000001
21245.0	0.011275
21250.0	0.011258
21255.0	0.011241
21260.0	0.011223
21265.0	0.011206
21270.0	0.011189
21275.0	0.011170999999999999
21280.0	0.011154
21285.0	0.011137000000000001
21290.0	0.01112
21295.0	0.011101999999999999
21300.0	0.011085
21305.0	0.011068000000000001
21310.0	0.011051
21315.0	0.011033
21320.0	0.011016
21325.0	0.010999
21330.0	0.010981999999999999
21335.0	0.010965
21340.0	0.010947
21345.0	0.01093
21350.0	0.010912999999999999
21355.0	0.010896
21360.0	0.010879
21365.0	0.010862
21370.0	0.010845
21375.0	0.010828
21380.0	0.01081
21385.0	0.010793
21390.0	0.010776
21395.0	0.010759000000000001
21400.0	0.010742
21405.0	0.010725
21410.0	0.010708
21415.0	0.010690999999999999
21420.0	0.010674
21425.0	0.010657
21430.0	0.01064
21435.0	0.010623
21440.0	0.010606
21445.0	0.010589
21450.0	0.010573
21455.0	0.010556
21460.0	0.010539
21465.0	0.010522
21470.0	0.010505
21475.0	0.010487999999999999
21480.0	0.010471
21485.0	0.010454000000000001
21490.0	0.010438
21495.0	0.010421
21500.0	0.010404
21505.0	0.010387
21510.0	0.01037
21515.0	0.010354
21520.0	0.010337
21525.0	0.010320000000000001
21530.0	0.010303
21535.0	0.010287000000000001
21540.0	0.01027
21545.0	0.010253
21550.0	0.010236
21555.0	0.01022
21560.0	0.010203
21565.0	0.010186
21570.0	0.01017
21575.0	0.010153
21580.0	0.010137
21585.0	0.01012
21590.0	0.010103000000000001
21595.0	0.010087
21600.0	0.01007
21605.0	0.010054
21610.0	0.010037
21615.0	0.010020999999999999
21620.0	0.010004
21625.0	0.009988
21630.0	0.009970999999999999
21635.0	0.009955
21640.0	0.009937999999999999
21645.0	0.009922
21650.0	0.009904999999999999
21655.0	0.009889
21660.0	0.009873
21665.0	0.009856
21670.0	0.00984
21675.0	0.009823
21680.0	0.009807
21685.0	0.009791
21690.0	0.009774
21695.0	0.009758
21700.0	0.009742
21705.0	0.009725
21710.0	0.009709
21715.0	0.009693
21720.0	0.009677
21725.0	0.00966
21730.0	0.009644
21735.0	0.009628
21740.0	0.009612
21745.0	0.009595999999999999
21750.0	0.00958
21755.0	0.009563
21760.0	0.009547
21765.0	0.009531
21770.0	0.009515000000000001
21775.0	0.009498999999999999
21780.0	0.009483
21785.0	0.009467
21790.0	0.009451000000000001
21795.0	0.009434999999999999
21800.0	0.009419
21805.0	0.009403
21810.0	0.009387000000000001
21815.0	0.009370999999999999
21820.0	0.009355
21825.0	0.009339
21830.0	0.009323
21835.0	0.009307
21840.0	0.009290999999999999
21845.0	0.009275
21850.0	0.009259
21855.0	0.009243000000000001
21860.0	0.009228
21865.0	0.009212
21870.0	0.009196
21875.0	0.009179999999999999
21880.0	0.009164
21885.0	0.009149
21890.0	0.009133
21895.0	0.009117
21900.0	0.009101
21905.0	0.009086
21910.0	0.00907
21915.0	0.009054000000000001
21920.0	0.009039
21925.0	0.009023
21930.0	0.009007
21935.0	0.008992
21940.0	0.008976000000000001
21945.0	0.008961
21950.0	0.008945
21955.0	0.008929000000000001
21960.0	0.008914
21965.0	0.008898
21970.0	0.008883
21975.0	0.008867
21980.0	0.008851999999999999
21985.0	0.008836
21990.0	0.008820999999999999
21995.0	0.008806
22000.0	0.008790000000000001
22005.0	0.008775
22010.0	0.008759000000000001
22015.0	0.008744
22020.0	0.008729
22025.0	0.008713
22030.0	0.008698000000000001
22035.0	0.008683
22040.0	0.008667
22045.0	0.008652
22050.0	0.008637
22055.0	0.008622
22060.0	0.008606
22065.0	0.008591
22070.0	0.008576
22075.0	0.008561
22080.0	0.008545
22085.0	0.00853
22090.0	0.008515
22095.0	0.0085
22100.0	0.008485
22105.0	0.00847
22110.0	0.008454999999999999
22115.0	0.008440000000000001
22120.0	0.008425
22125.0	0.008409999999999999
22130.0	0.008395
22135.0	0.008379000000000001
22140.0	0.008364
22145.0	0.008348999999999999
22150.0	0.008334999999999999
22155.0	0.008320000000000001
22160.0	0.008305
22165.0	0.00829
22170.0	0.008275
22175.0	0.00826
22180.0	0.008245
22185.0	0.00823
22190.0	0.008215
22195.0	0.0082
22200.0	0.008186
22205.0	0.008171
22210.0	0.008156
22215.0	0.008140999999999999
22220.0	0.008126000000000001
22225.0	0.008112000000000001
22230.0	0.008097
22235.0	0.008081999999999999
22240.0	0.008068
22245.0	0.008053
22250.0	0.008038
22255.0	0.008024
22260.0	0.008009
22265.0	0.007994
22270.0	0.00798
22275.0	0.007965
22280.0	0.00795
22285.0	0.007936
22290.0	0.007921
22295.0	0.007906999999999999
22300.0	0.007892
22305.0	0.007878
22310.0	0.007863
22315.0	0.007849
22320.0	0.007834
22325.0	0.00782
22330.0	0.0078049999999999994
22335.0	0.007790999999999999
22340.0	0.007776999999999999
22345.0	0.007762000000000001
22350.0	0.0077480000000000005
22355.0	0.007732999999999999
22360.0	0.007719
22365.0	0.007705
22370.0	0.007690000000000001
22375.0	0.0076760000000000005
22380.0	0.007662
22385.0	0.007647
22390.0	0.007633
22395.0	0.007619
22400.0	0.007605
22405.0	0.00759
22410.0	0.007576
22415.0	0.007562
22420.0	0.007548
22425.0	0.007534000000000001
22430.0	0.007520000000000001
22435.0	0.0075049999999999995
22440.0	0.007490999999999999
22445.0	0.007476999999999999
22450.0	0.007462999999999999
22455.0	0.007449
22460.0	0.007435
22465.0	0.007421
22470.0	0.0074069999999999995
22475.0	0.007393
22480.0	0.007379000000000001
22485.0	0.007365000000000001
22490.0	0.007351000000000001
22495.0	0.007337000000000001
22500.0	0.0073230000000000005
22505.0	0.007309
22510.0	0.007295
22515.0	0.007281
22520.0	0.007267
22525.0	0.007253
22530.0	0.007240000000000001
22535.0	0.007226000000000001
22540.0	0.0072120000000000005
22545.0	0.007198
22550.0	0.007184
22555.0	0.007170999999999999
22560.0	0.007156999999999999
22565.0	0.007143000000000001
22570.0	0.007129000000000001
22575.0	0.007116
22580.0	0.007102
22585.0	0.007088
22590.0	0.0070739999999999996
22595.0	0.007061
22600.0	0.007047
22605.0	0.007033
22610.0	0.00702
22615.0	0.007006
22620.0	0.006993000000000001
22625.0	0.006979000000000001
22630.0	0.006965000000000001
22635.0	0.006952
22640.0	0.006938
22645.0	0.006925
22650.0	0.006911
22655.0	0.0068980000000000005
22660.0	0.006884
22665.0	0.0068709999999999995
22670.0	0.006856999999999999
22675.0	0.006843999999999999
22680.0	0.00683
22685.0	0.006817
22690.0	0.006804000000000001
22695.0	0.006790000000000001
22700.0	0.006776999999999999
22705.0	0.006763
22710.0	0.00675
22715.0	0.006737000000000001
22720.0	0.006723000000000001
22725.0	0.00671
22730.0	0.006697
22735.0	0.006684000000000001
22740.0	0.006670000000000001
22745.0	0.006657
22750.0	0.006644
22755.0	0.006631000000000001
22760.0	0.0066170000000000005
22765.0	0.0066040000000000005
22770.0	0.006591
22775.0	0.0065780000000000005
22780.0	0.0065650000000000005
22785.0	0.006552
22790.0	0.0065379999999999995
22795.0	0.006525
22800.0	0.006512
22805.0	0.006499
22810.0	0.006486
22815.0	0.0064730000000000005
22820.0	0.00646
22825.0	0.006447
22830.0	0.0064340000000000005
22835.0	0.006421
22840.0	0.006408
22845.0	0.0063950000000000005
22850.0	0.006382
22855.0	0.006369
22860.0	0.0063560000000000005
22865.0	0.006343
22870.0	0.00633
22875.0	0.006318
22880.0	0.006305
22885.0	0.006292
22890.0	0.006279
22895.0	0.006266
22900.0	0.006253
22905.0	0.006241
22910.0	0.006228
22915.0	0.006215
22920.0	0.006202
22925.0	0.00619
22930.0	0.006177
22935.0	0.006164
22940.0	0.006151
22945.0	0.006139
22950.0	0.0061259999999999995
22955.0	0.006113
22960.0	0.006101
22965.0	0.0060880000000000005
22970.0	0.006075
22975.0	0.006063000000000001
22980.0	0.00605
22985.0	0.006038
22990.0	0.006025
22995.0	0.006013
23000.0	0.006
23005.0	0.005987
23010.0	0.005975
23015.0	0.005961999999999999
23020.0	0.00595
23025.0	0.005938000000000001
23030.0	0.005925
23035.0	0.005913
23040.0	0.0059
23045.0	0.005888
23050.0	0.005875
23055.0	0.005863
23060.0	0.005850999999999999
23065.0	0.005838
23070.0	0.005826
23075.0	0.005814
23080.0	0.005801
23085.0	0.005789
23090.0	0.005777
23095.0	0.005764
23100.0	0.005752
23105.0	0.0057399999999999994
23110.0	0.0057280000000000005
23115.0	0.005715
23120.0	0.005703
23125.0	0.005691
23130.0	0.005679
23135.0	0.005667
23140.0	0.0056549999999999994
23145.0	0.005642
23150.0	0.00563
23155.0	0.005618
23160.0	0.005606
23165.0	0.005594
23170.0	0.005582
23175.0	0.00557
23180.0	0.005558
23185.0	0.005546
23190.0	0.005534000000000001
23195.0	0.005522
23200.0	0.00551
23205.0	0.005497999999999999
23210.0	0.0054859999999999996
23215.0	0.005474000000000001
23220.0	0.005462
23225.0	0.00545
23230.0	0.005438
23235.0	0.005425999999999999
23240.0	0.005414
23245.0	0.005403
23250.0	0.005391
23255.0	0.005379
23260.0	0.005367
23265.0	0.0053549999999999995
23270.0	0.005343
23275.0	0.005332
23280.0	0.00532
23285.0	0.005308
23290.0	0.005296
23295.0	0.005285
23300.0	0.005273
23305.0	0.005261
23310.0	0.00525
23315.0	0.0052380000000000005
23320.0	0.005226
23325.0	0.005215
23330.0	0.005203
23335.0	0.0051909999999999994
23340.0	0.00518
23345.0	0.005168
23350.0	0.005157
23355.0	0.005145
23360.0	0.0051329999999999995
23365.0	0.005122
23370.0	0.00511
23375.0	0.005099
23380.0	0.0050869999999999995
23385.0	0.005076
23390.0	0.005064
23395.0	0.005053
23400.0	0.0050409999999999995
23405.0	0.00503
23410.0	0.005019
23415.0	0.005007
23420.0	0.0049960000000000004
23425.0	0.004984000000000001
23430.0	0.004973
23435.0	0.004961999999999999
23440.0	0.00495
23445.0	0.004939
23450.0	0.004928
23455.0	0.004915999999999999
23460.0	0.004905
23465.0	0.004894
23470.0	0.004883
23475.0	0.004871
23480.0	0.00486
23485.0	0.004849
23490.0	0.004838
23495.0	0.0048259999999999996
23500.0	0.004815
23505.0	0.004804
23510.0	0.004793
23515.0	0.004782
23520.0	0.004771
23525.0	0.004759
23530.0	0.004748
23535.0	0.004737
23540.0	0.004726
23545.0	0.004715
23550.0	0.004704
23555.0	0.004693
23560.0	0.004682
23565.0	0.004671
23570.0	0.00466
23575.0	0.004649
23580.0	0.004638000000000001
23585.0	0.004627
23590.0	0.0046159999999999994
23595.0	0.004605
23600.0	0.004594
23605.0	0.004582999999999999
23610.0	0.004573
23615.0	0.004562
23620.0	0.0045509999999999995
23625.0	0.00454
23630.0	0.004529
23635.0	0.004518
23640.0	0.004507
23645.0	0.004497
23650.0	0.0044859999999999995
23655.0	0.004475
23660.0	0.004464
23665.0	0.004454
23670.0	0.004443
23675.0	0.004432
23680.0	0.0044210000000000005
23685.0	0.004411
23690.0	0.0044
23695.0	0.004389
23700.0	0.004379
23705.0	0.004368
23710.0	0.004357
23715.0	0.004347
23720.0	0.004336
23725.0	0.004326
23730.0	0.004315
23735.0	0.004304
23740.0	0.004294
23745.0	0.0042829999999999995
23750.0	0.004273
23755.0	0.004262
23760.0	0.004252000000000001
23765.0	0.004241
23770.0	0.004231
23775.0	0.004220000000000001
23780.0	0.00421
23785.0	0.0041990000000000005
23790.0	0.004189
23795.0	0.0041789999999999996
23800.0	0.004168
23805.0	0.004158
23810.0	0.004147
23815.0	0.004137
23820.0	0.0041270000000000005
23825.0	0.004116
23830.0	0.004106
23835.0	0.004096
23840.0	0.004085
23845.0	0.004075
23850.0	0.004065
23855.0	0.004055
23860.0	0.004044
23865.0	0.004034
23870.0	0.004024
23875.0	0.004014
23880.0	0.0040030000000000005
23885.0	0.003993
23890.0	0.0039829999999999996
23895.0	0.003973
23900.0	0.003963
23905.0	0.003953
23910.0	0.003943
23915.0	0.003932
23920.0	0.003922
23925.0	0.003912
23930.0	0.0039020000000000005
23935.0	0.003892
23940.0	0.003882
23945.0	0.003872
23950.0	0.0038619999999999995
23955.0	0.0038520000000000004
23960.0	0.0038420000000000004
23965.0	0.003832
23970.0	0.003822
23975.0	0.003812
23980.0	0.0038020000000000003
23985.0	0.0037920000000000002
23990.0	0.003782
23995.0	0.0037719999999999997
24000.0	0.0037630000000000003
24005.0	0.0037530000000000003
24010.0	0.003743
24015.0	0.0037329999999999998
24020.0	0.0037229999999999997
24025.0	0.003713
24030.0	0.003704
24035.0	0.003694
24040.0	0.003684
24045.0	0.003674
24050.0	0.003664
24055.0	0.003655
24060.0	0.0036450000000000002
24065.0	0.003635
24070.0	0.003625
24075.0	0.003616
24080.0	0.0036060000000000003
24085.0	0.0035960000000000002
24090.0	0.003587
24095.0	0.0035770000000000003
24100.0	0.0035670000000000003
24105.0	0.003558
24110.0	0.0035479999999999995
24115.0	0.003539
24120.0	0.003529
24125.0	0.0035189999999999996
24130.0	0.00351
24135.0	0.0035
24140.0	0.0034909999999999997
24145.0	0.003481
24150.0	0.003472
24155.0	0.003462
24160.0	0.003453
24165.0	0.003443
24170.0	0.0034340000000000004
24175.0	0.0034240000000000004
24180.0	0.003415
24185.0	0.0034049999999999996
24190.0	0.003396
24195.0	0.003387
24200.0	0.0033770000000000002
24205.0	0.003368
24210.0	0.003358
24215.0	0.0033490000000000004
24220.0	0.0033399999999999997
24225.0	0.0033299999999999996
24230.0	0.003321
24235.0	0.003312
24240.0	0.003303
24245.0	0.003293
24250.0	0.0032840000000000005
24255.0	0.003275
24260.0	0.0032649999999999997
24265.0	0.003256
24270.0	0.003247
24275.0	0.0032380000000000004
24280.0	0.003229
24285.0	0.0032189999999999996
24290.0	0.00321
24295.0	0.003201
24300.0	0.003192
24305.0	0.0031829999999999996
24310.0	0.0031739999999999997
24315.0	0.003165
24320.0	0.003156
24325.0	0.003146
24330.0	0.003137
24335.0	0.003128
24340.0	0.0031190000000000002
24345.0	0.0031100000000000004
24350.0	0.003101
24355.0	0.003092
24360.0	0.003083
24365.0	0.003074
24370.0	0.003065
24375.0	0.0030559999999999997
24380.0	0.003047
24385.0	0.003038
24390.0	0.003029
24395.0	0.0030210000000000002
24400.0	0.003012
24405.0	0.003003
24410.0	0.002994
24415.0	0.0029850000000000002
24420.0	0.0029760000000000003
24425.0	0.002967
24430.0	0.0029579999999999997
24435.0	0.00295
24440.0	0.002941
24445.0	0.002932
24450.0	0.0029230000000000003
24455.0	0.002915
24460.0	0.0029059999999999997
24465.0	0.002897
24470.0	0.002888
24475.0	0.00288
24480.0	0.0028710000000000003
24485.0	0.002862
24490.0	0.002853
24495.0	0.002845
24500.0	0.002836
24505.0	0.002827
24510.0	0.0028190000000000003
24515.0	0.00281
24520.0	0.002802
24525.0	0.002793
24530.0	0.002784
24535.0	0.0027760000000000003
24540.0	0.0027670000000000004
24545.0	0.002759
24550.0	0.00275
24555.0	0.002742
24560.0	0.0027329999999999998
24565.0	0.002725
24570.0	0.002716
24575.0	0.002708
24580.0	0.002699
24585.0	0.002691
24590.0	0.002682
24595.0	0.0026739999999999997
24600.0	0.002665
24605.0	0.002657
24610.0	0.002649
24615.0	0.00264
24620.0	0.0026320000000000002
24625.0	0.002624
24630.0	0.0026149999999999997
24635.0	0.002607
24640.0	0.0025989999999999997
24645.0	0.00259
24650.0	0.002582
24655.0	0.002574
24660.0	0.002565
24665.0	0.0025570000000000002
24670.0	0.002549
24675.0	0.002541
24680.0	0.002532
24685.0	0.0025239999999999998
24690.0	0.002516
24695.0	0.002508
24700.0	0.0025
24705.0	0.002491
24710.0	0.002483
24715.0	0.002475
24720.0	0.002467
24725.0	0.002459
24730.0	0.002451
24735.0	0.002443
24740.0	0.002435
24745.0	0.002426
24750.0	0.002418
24755.0	0.0024100000000000002
24760.0	0.002402
24765.0	0.0023940000000000003
24770.0	0.002386
24775.0	0.002378
24780.0	0.00237
24785.0	0.002362
24790.0	0.0023539999999999998
24795.0	0.002346
24800.0	0.002338
24805.0	0.00233
24810.0	0.002322
24815.0	0.002315
24820.0	0.002307
24825.0	0.002299
24830.0	0.002291
24835.0	0.002283
24840.0	0.002275
24845.0	0.0022670000000000004
24850.0	0.0022600000000000003
24855.0	0.002252
24860.0	0.0022440000000000003
24865.0	0.002236
24870.0	0.002228
24875.0	0.002221
24880.0	0.0022129999999999997
24885.0	0.002205
24890.0	0.0021969999999999997
24895.0	0.0021899999999999997
24900.0	0.002182
24905.0	0.0021739999999999997
24910.0	0.002166
24915.0	0.002159
24920.0	0.002151
24925.0	0.002143
24930.0	0.002136
24935.0	0.002128
24940.0	0.00212
24945.0	0.002113
24950.0	0.002105
24955.0	0.002098
24960.0	0.00209
24965.0	0.0020829999999999998
24970.0	0.002075
24975.0	0.0020670000000000003
24980.0	0.00206
24985.0	0.002052
24990.0	0.002045
24995.0	0.002037
25000.0	0.0
