#wave	flux
1150.0	0.003094
1155.0	0.010211
1160.0	0.009670999999999999
1165.0	0.0
1170.0	0.0
1175.0	0.0
1180.0	0.0
1185.0	0.0
1190.0	0.0
1195.0	0.0
1200.0	0.0
1205.0	0.002475
1210.0	0.017038
1215.0	0.026298000000000002
1220.0	0.015394999999999999
1225.0	0.003658
1230.0	0.000492
1235.0	0.001082
1240.0	0.002116
1245.0	0.0026320000000000002
1250.0	0.001551
1255.0	0.002105
1260.0	0.002449
1265.0	0.000586
1270.0	0.001623
1275.0	0.001149
1280.0	0.002167
1285.0	0.003181
1290.0	0.0009369999999999999
1295.0	0.0
1300.0	0.0007059999999999999
1305.0	0.00266
1310.0	0.002727
1315.0	0.001336
1320.0	5e-05
1325.0	0.0011769999999999999
1330.0	0.00165
1335.0	0.002258
1340.0	0.002588
1345.0	0.001218
1350.0	0.0008230000000000001
1355.0	0.00213
1360.0	0.001934
1365.0	0.000459
1370.0	0.0
1375.0	0.000463
1380.0	0.000927
1385.0	0.0
1390.0	0.0
1395.0	0.0
1400.0	0.0012380000000000002
1405.0	0.002569
1410.0	5.6999999999999996e-05
1415.0	0.0
1420.0	0.000429
1425.0	0.001141
1430.0	0.0011480000000000001
1435.0	0.000343
1440.0	0.000546
1445.0	0.001474
1450.0	0.0010689999999999999
1455.0	0.0011710000000000002
1460.0	0.001766
1465.0	0.001335
1470.0	0.0030039999999999997
1475.0	0.0022789999999999998
1480.0	0.0007509999999999999
1485.0	0.0
1490.0	0.0
1495.0	0.001564
1500.0	0.000701
1505.0	0.0009539999999999999
1510.0	0.002042
1515.0	0.001519
1520.0	0.0008320000000000001
1525.0	0.0
1530.0	0.000263
1535.0	0.004233
1540.0	0.004982
1545.0	0.003672
1550.0	0.0028940000000000003
1555.0	0.0037920000000000002
1560.0	0.003635
1565.0	0.0037530000000000003
1570.0	0.001384
1575.0	0.002013
1580.0	0.004182
1585.0	0.0036299999999999995
1590.0	0.001032
1595.0	0.004096
1600.0	0.004591
1605.0	0.001599
1610.0	0.0022949999999999997
1615.0	0.003077
1620.0	0.004266
1625.0	0.0031550000000000003
1630.0	0.002029
1635.0	0.003046
1640.0	0.0027670000000000004
1645.0	0.0025510000000000003
1650.0	0.002274
1655.0	0.003229
1660.0	0.004288
1665.0	0.005494
1670.0	0.00532
1675.0	0.005339
1680.0	0.005474000000000001
1685.0	0.005682
1690.0	0.007519
1695.0	0.007629
1700.0	0.011904999999999999
1705.0	0.015778
1710.0	0.020275
1715.0	0.023828
1720.0	0.023967
1725.0	0.026314999999999998
1730.0	0.029814999999999998
1735.0	0.029073
1740.0	0.032036
1745.0	0.038006
1750.0	0.045994
1755.0	0.053484000000000004
1760.0	0.052274
1765.0	0.051414999999999995
1770.0	0.062778
1775.0	0.080727
1780.0	0.08752
1785.0	0.07666
1790.0	0.07473400000000001
1795.0	0.087311
1800.0	0.097255
1805.0	0.084137
1810.0	0.089269
1815.0	0.09768500000000001
1820.0	0.09942100000000001
1825.0	0.105752
1830.0	0.10549800000000001
1835.0	0.097035
1840.0	0.08204199999999999
1845.0	0.065165
1850.0	0.063328
1855.0	0.080081
1860.0	0.091555
1865.0	0.10159
1870.0	0.11158199999999999
1875.0	0.114337
1880.0	0.12163
1885.0	0.12355899999999999
1890.0	0.116093
1895.0	0.11149500000000001
1900.0	0.10601400000000001
1905.0	0.11068900000000001
1910.0	0.118046
1915.0	0.128333
1920.0	0.13241
1925.0	0.11780999999999998
1930.0	0.084719
1935.0	0.085354
1940.0	0.127519
1945.0	0.154941
1950.0	0.155118
1955.0	0.145595
1960.0	0.155159
1965.0	0.13258
1970.0	0.140495
1975.0	0.176797
1980.0	0.160941
1985.0	0.15186
1990.0	0.11453499999999998
1995.0	0.090254
2000.0	0.11036300000000002
2005.0	0.131991
2010.0	0.12468299999999999
2015.0	0.12996
2020.0	0.129935
2025.0	0.128968
2030.0	0.14818499999999998
2035.0	0.150818
2040.0	0.14907
2045.0	0.186257
2050.0	0.189074
2055.0	0.193449
2060.0	0.18187
2065.0	0.187709
2070.0	0.18245
2075.0	0.19853099999999999
2080.0	0.24381799999999998
2085.0	0.247653
2090.0	0.245254
2095.0	0.213783
2100.0	0.195122
2105.0	0.213943
2110.0	0.23638800000000001
2115.0	0.220252
2120.0	0.222452
2125.0	0.244858
2130.0	0.233093
2135.0	0.215542
2140.0	0.213273
2145.0	0.22076300000000001
2150.0	0.230488
2155.0	0.23561999999999997
2160.0	0.22647399999999998
2165.0	0.17999300000000001
2170.0	0.178264
2175.0	0.18093
2180.0	0.18400999999999998
2185.0	0.216821
2190.0	0.23582399999999998
2195.0	0.23651599999999998
2200.0	0.23756599999999997
2205.0	0.253101
2210.0	0.260129
2215.0	0.203319
2220.0	0.18032
2225.0	0.181305
2230.0	0.21401799999999999
2235.0	0.24108600000000002
2240.0	0.257941
2245.0	0.22016
2250.0	0.22671999999999998
2255.0	0.245024
2260.0	0.234339
2265.0	0.206896
2270.0	0.198378
2275.0	0.207244
2280.0	0.21819499999999997
2285.0	0.22326300000000002
2290.0	0.23689899999999997
2295.0	0.247306
2300.0	0.233258
2305.0	0.22008000000000003
2310.0	0.231775
2315.0	0.24070300000000003
2320.0	0.22556199999999998
2325.0	0.20562199999999997
2330.0	0.217322
2335.0	0.19605899999999998
2340.0	0.176994
2345.0	0.161464
2350.0	0.158867
2355.0	0.164996
2360.0	0.178952
2365.0	0.177232
2370.0	0.173264
2375.0	0.19905699999999998
2380.0	0.189952
2385.0	0.143324
2390.0	0.13148900000000002
2395.0	0.145359
2400.0	0.151649
2405.0	0.131233
2410.0	0.11508199999999999
2415.0	0.11455699999999999
2420.0	0.160432
2425.0	0.22077199999999997
2430.0	0.237177
2435.0	0.237285
2440.0	0.238119
2445.0	0.241775
2450.0	0.233927
2455.0	0.216777
2460.0	0.210531
2465.0	0.21038800000000002
2470.0	0.203724
2475.0	0.20911
2480.0	0.20061500000000002
2485.0	0.185373
2490.0	0.168638
2495.0	0.172855
2500.0	0.223582
2505.0	0.22766599999999998
2510.0	0.19586199999999998
2515.0	0.18346099999999999
2520.0	0.154727
2525.0	0.135008
2530.0	0.15357300000000002
2535.0	0.163839
2540.0	0.167547
2545.0	0.163373
2550.0	0.175732
2555.0	0.202638
2560.0	0.216477
2565.0	0.23460599999999998
2570.0	0.268192
2575.0	0.270687
2580.0	0.225623
2585.0	0.236979
2590.0	0.252238
2595.0	0.263675
2600.0	0.23374099999999998
2605.0	0.21376199999999998
2610.0	0.213483
2615.0	0.203673
2620.0	0.216838
2625.0	0.239619
2630.0	0.23245300000000002
2635.0	0.28128200000000003
2640.0	0.360067
2645.0	0.429187
2650.0	0.43986099999999995
2655.0	0.434254
2660.0	0.43441
2665.0	0.407157
2670.0	0.38695100000000004
2675.0	0.390167
2680.0	0.419595
2685.0	0.422624
2690.0	0.406993
2695.0	0.37599299999999997
2700.0	0.38404299999999997
2705.0	0.403756
2710.0	0.374446
2715.0	0.346697
2720.0	0.35480900000000004
2725.0	0.356758
2730.0	0.37877
2735.0	0.384793
2740.0	0.331237
2745.0	0.267337
2750.0	0.234244
2755.0	0.264907
2760.0	0.29372600000000004
2765.0	0.350135
2770.0	0.364589
2775.0	0.372531
2780.0	0.36641399999999996
2785.0	0.34213499999999997
2790.0	0.298629
2795.0	0.20874299999999998
2800.0	0.141461
2805.0	0.136344
2810.0	0.20765300000000003
2815.0	0.329397
2820.0	0.413547
2825.0	0.46400699999999995
2830.0	0.48084
2835.0	0.47290699999999997
2840.0	0.45417399999999997
2845.0	0.42290900000000003
2850.0	0.394839
2855.0	0.363904
2860.0	0.398623
2865.0	0.447486
2870.0	0.464013
2875.0	0.46540200000000004
2880.0	0.483459
2885.0	0.497946
2890.0	0.470566
2895.0	0.506142
2900.0	0.546871
2905.0	0.5563140000000001
2910.0	0.567183
2915.0	0.5796560000000001
2920.0	0.588109
2925.0	0.525562
2930.0	0.528825
2935.0	0.5540649999999999
2940.0	0.5506270000000001
2945.0	0.5600729999999999
2950.0	0.562113
2955.0	0.5800420000000001
2960.0	0.614433
2965.0	0.595007
2970.0	0.5883010000000001
2975.0	0.625153
2980.0	0.5899770000000001
2985.0	0.557427
2990.0	0.588819
2995.0	0.617521
3000.0	0.56868
3005.0	0.545241
3010.0	0.5812149999999999
3015.0	0.579379
3020.0	0.558951
3025.0	0.556285
3030.0	0.578468
3035.0	0.566954
3040.0	0.546543
3045.0	0.558891
3050.0	0.583687
3055.0	0.5820609999999999
3060.0	0.573557
3065.0	0.553613
3070.0	0.562566
3075.0	0.5830350000000001
3080.0	0.616909
3085.0	0.629935
3090.0	0.599152
3095.0	0.56445
3100.0	0.559546
3105.0	0.565276
3110.0	0.595341
3115.0	0.600672
3120.0	0.5933229999999999
3125.0	0.614319
3130.0	0.634404
3135.0	0.6256689999999999
3140.0	0.662253
3145.0	0.650251
3150.0	0.640794
3155.0	0.623835
3160.0	0.61137
3165.0	0.6232840000000001
3170.0	0.656463
3175.0	0.660666
3180.0	0.633265
3185.0	0.615996
3190.0	0.6182850000000001
3195.0	0.607683
3200.0	0.678078
3205.0	0.704074
3210.0	0.6932119999999999
3215.0	0.653502
3220.0	0.613135
3225.0	0.5985779999999999
3230.0	0.609219
3235.0	0.635274
3240.0	0.657363
3245.0	0.660171
3250.0	0.654245
3255.0	0.655976
3260.0	0.679254
3265.0	0.723622
3270.0	0.7337239999999999
3275.0	0.671186
3280.0	0.620475
3285.0	0.660451
3290.0	0.724731
3295.0	0.7356600000000001
3300.0	0.715741
3305.0	0.7037180000000001
3310.0	0.70313
3315.0	0.708761
3320.0	0.7155819999999999
3325.0	0.71813
3330.0	0.7090489999999999
3335.0	0.687149
3340.0	0.677814
3345.0	0.7013149999999999
3350.0	0.73088
3355.0	0.736053
3360.0	0.718677
3365.0	0.690878
3370.0	0.673602
3375.0	0.6817989999999999
3380.0	0.697627
3385.0	0.7018800000000001
3390.0	0.702696
3395.0	0.710835
3400.0	0.720195
3405.0	0.7229369999999999
3410.0	0.721152
3415.0	0.719446
3420.0	0.722593
3425.0	0.73225
3430.0	0.737467
3435.0	0.7275020000000001
3440.0	0.705048
3445.0	0.6790039999999999
3450.0	0.669639
3455.0	0.6896909999999999
3460.0	0.710387
3465.0	0.704867
3470.0	0.695427
3475.0	0.705196
3480.0	0.7114739999999999
3485.0	0.691919
3490.0	0.671454
3495.0	0.676758
3500.0	0.694272
3505.0	0.70419
3510.0	0.711838
3515.0	0.722887
3520.0	0.7176279999999999
3525.0	0.713658
3530.0	0.73448
3535.0	0.765058
3540.0	0.785804
3545.0	0.804323
3550.0	0.792068
3555.0	0.769401
3560.0	0.7544069999999999
3565.0	0.719547
3570.0	0.683087
3575.0	0.678335
3580.0	0.667291
3585.0	0.660146
3590.0	0.689767
3595.0	0.742341
3600.0	0.756306
3605.0	0.726581
3610.0	0.713688
3615.0	0.695537
3620.0	0.702829
3625.0	0.737284
3630.0	0.7379640000000001
3635.0	0.7016600000000001
3640.0	0.747273
3645.0	0.742767
3650.0	0.755306
3655.0	0.8093319999999999
3660.0	0.8418559999999999
3665.0	0.841158
3670.0	0.829348
3675.0	0.809459
3680.0	0.7751859999999999
3685.0	0.7886310000000001
3690.0	0.816876
3695.0	0.8452379999999999
3700.0	0.839938
3705.0	0.791572
3710.0	0.801447
3715.0	0.8610469999999999
3720.0	0.8303889999999999
3725.0	0.8178850000000001
3730.0	0.825903
3735.0	0.756847
3740.0	0.8343860000000001
3745.0	0.8258129999999999
3750.0	0.752689
3755.0	0.8868290000000001
3760.0	0.8918940000000001
3765.0	0.8870469999999999
3770.0	0.8307030000000001
3775.0	0.933852
3780.0	1.088366
3785.0	1.086645
3790.0	0.978492
3795.0	0.8349530000000001
3800.0	0.890307
3805.0	1.0758020000000001
3810.0	1.16834
3815.0	1.1287399999999999
3820.0	1.102675
3825.0	1.001261
3830.0	0.853239
3835.0	0.738586
3840.0	0.8972129999999999
3845.0	1.115799
3850.0	1.224161
3855.0	1.23161
3860.0	1.227574
3865.0	1.26987
3870.0	1.209802
3875.0	1.138675
3880.0	1.0714219999999999
3885.0	0.879083
3890.0	0.8293
3895.0	1.007895
3900.0	1.114846
3905.0	1.0999809999999999
3910.0	1.203904
3915.0	1.245496
3920.0	1.216264
3925.0	1.0774059999999999
3930.0	0.8312870000000001
3935.0	0.7458560000000001
3940.0	0.895192
3945.0	1.019858
3950.0	1.103314
3955.0	1.117577
3960.0	1.034948
3965.0	0.828343
3970.0	0.728746
3975.0	0.8524889999999999
3980.0	0.994158
3985.0	1.109747
3990.0	1.2388860000000002
3995.0	1.31026
4000.0	1.333269
4005.0	1.334271
4010.0	1.346754
4015.0	1.353157
4020.0	1.348814
4025.0	1.3559290000000002
4030.0	1.341446
4035.0	1.349854
4040.0	1.3571879999999998
4045.0	1.334691
4050.0	1.340332
4055.0	1.3220610000000002
4060.0	1.306691
4065.0	1.299536
4070.0	1.290317
4075.0	1.273396
4080.0	1.269368
4085.0	1.265254
4090.0	1.226815
4095.0	1.110798
4100.0	0.9578030000000001
4105.0	0.9540209999999999
4110.0	1.05256
4115.0	1.146328
4120.0	1.2106430000000001
4125.0	1.264941
4130.0	1.294298
4135.0	1.318541
4140.0	1.328247
4145.0	1.3121049999999999
4150.0	1.305081
4155.0	1.291595
4160.0	1.3026
4165.0	1.3122040000000001
4170.0	1.289951
4175.0	1.268456
4180.0	1.288493
4185.0	1.302117
4190.0	1.3236780000000001
4195.0	1.320206
4200.0	1.294451
4205.0	1.309348
4210.0	1.328184
4215.0	1.329831
4220.0	1.317288
4225.0	1.286586
4230.0	1.299237
4235.0	1.28805
4240.0	1.271069
4245.0	1.270389
4250.0	1.273676
4255.0	1.2943799999999999
4260.0	1.295339
4265.0	1.314218
4270.0	1.297126
4275.0	1.293991
4280.0	1.305614
4285.0	1.286716
4290.0	1.2601
4295.0	1.240823
4300.0	1.189349
4305.0	1.1720389999999998
4310.0	1.183484
4315.0	1.213722
4320.0	1.227485
4325.0	1.190397
4330.0	1.148458
4335.0	1.0384440000000001
4340.0	0.922853
4345.0	0.9673280000000001
4350.0	1.061384
4355.0	1.157616
4360.0	1.237909
4365.0	1.284549
4370.0	1.294446
4375.0	1.2966950000000002
4380.0	1.295051
4385.0	1.274205
4390.0	1.281766
4395.0	1.271835
4400.0	1.25912
4405.0	1.251388
4410.0	1.262786
4415.0	1.2735299999999998
4420.0	1.299964
4425.0	1.3143639999999999
4430.0	1.3073540000000001
4435.0	1.300089
4440.0	1.306128
4445.0	1.303676
4450.0	1.3083930000000001
4455.0	1.2920909999999999
4460.0	1.275941
4465.0	1.271996
4470.0	1.290291
4475.0	1.313492
4480.0	1.301397
4485.0	1.298914
4490.0	1.290059
4495.0	1.29634
4500.0	1.3194569999999999
4505.0	1.343621
4510.0	1.353991
4515.0	1.339744
4520.0	1.320439
4525.0	1.2861209999999998
4530.0	1.24441
4535.0	1.246294
4540.0	1.275151
4545.0	1.278629
4550.0	1.272845
4555.0	1.279967
4560.0	1.293575
4565.0	1.295175
4570.0	1.298767
4575.0	1.30021
4580.0	1.2812290000000002
4585.0	1.2662129999999998
4590.0	1.268797
4595.0	1.269111
4600.0	1.26556
4605.0	1.271803
4610.0	1.293453
4615.0	1.3109819999999999
4620.0	1.315774
4625.0	1.306366
4630.0	1.292453
4635.0	1.2874510000000001
4640.0	1.2987520000000001
4645.0	1.298559
4650.0	1.3024120000000001
4655.0	1.314921
4660.0	1.311499
4665.0	1.283172
4670.0	1.272641
4675.0	1.2894139999999998
4680.0	1.3036969999999999
4685.0	1.322066
4690.0	1.30995
4695.0	1.2905149999999999
4700.0	1.2572889999999999
4705.0	1.244567
4710.0	1.253139
4715.0	1.261582
4720.0	1.273361
4725.0	1.263105
4730.0	1.2446270000000001
4735.0	1.2376559999999999
4740.0	1.2425469999999998
4745.0	1.253064
4750.0	1.25631
4755.0	1.251555
4760.0	1.244657
4765.0	1.230141
4770.0	1.234668
4775.0	1.243801
4780.0	1.234151
4785.0	1.2359129999999998
4790.0	1.246557
4795.0	1.2552709999999998
4800.0	1.2417989999999999
4805.0	1.234656
4810.0	1.241235
4815.0	1.247711
4820.0	1.225902
4825.0	1.2096850000000001
4830.0	1.204496
4835.0	1.201814
4840.0	1.202461
4845.0	1.1853069999999999
4850.0	1.12185
4855.0	1.002016
4860.0	0.8738870000000001
4865.0	0.8687889999999999
4870.0	0.9459120000000001
4875.0	1.014843
4880.0	1.079783
4885.0	1.124448
4890.0	1.139029
4895.0	1.160959
4900.0	1.1490040000000001
4905.0	1.145176
4910.0	1.154994
4915.0	1.1596030000000002
4920.0	1.150323
4925.0	1.149182
4930.0	1.1530690000000001
4935.0	1.1422379999999999
4940.0	1.148212
4945.0	1.170001
4950.0	1.1782059999999999
4955.0	1.161151
4960.0	1.161861
4965.0	1.169974
4970.0	1.1648459999999998
4975.0	1.16544
4980.0	1.149157
4985.0	1.136844
4990.0	1.1441729999999999
4995.0	1.148832
5000.0	1.132606
5005.0	1.122283
5010.0	1.1167850000000001
5015.0	1.104287
5020.0	1.114047
5025.0	1.125191
5030.0	1.1320940000000002
5035.0	1.131916
5040.0	1.124335
5045.0	1.140809
5050.0	1.137591
5055.0	1.134593
5060.0	1.146321
5065.0	1.145086
5070.0	1.140392
5075.0	1.143033
5080.0	1.131383
5085.0	1.134578
5090.0	1.1428719999999999
5095.0	1.144333
5100.0	1.126555
5105.0	1.1294799999999998
5110.0	1.138391
5115.0	1.155405
5120.0	1.14906
5125.0	1.133029
5130.0	1.1329360000000002
5135.0	1.12553
5140.0	1.116128
5145.0	1.1143129999999999
5150.0	1.1181370000000002
5155.0	1.115068
5160.0	1.1076350000000001
5165.0	1.063512
5170.0	1.039366
5175.0	1.068646
5180.0	1.081804
5185.0	1.062194
5190.0	1.06782
5195.0	1.070826
5200.0	1.083931
5205.0	1.084465
5210.0	1.092106
5215.0	1.101314
5220.0	1.112534
5225.0	1.093281
5230.0	1.080458
5235.0	1.0819889999999999
5240.0	1.077648
5245.0	1.082506
5250.0	1.08673
5255.0	1.089459
5260.0	1.080625
5265.0	1.047982
5270.0	1.0417610000000002
5275.0	1.052042
5280.0	1.066878
5285.0	1.078223
5290.0	1.10076
5295.0	1.097597
5300.0	1.0789229999999999
5305.0	1.072263
5310.0	1.075401
5315.0	1.073705
5320.0	1.0640399999999999
5325.0	1.0494
5330.0	1.043839
5335.0	1.052293
5340.0	1.045349
5345.0	1.042324
5350.0	1.057557
5355.0	1.080151
5360.0	1.074109
5365.0	1.057835
5370.0	1.050391
5375.0	1.047676
5380.0	1.042047
5385.0	1.048745
5390.0	1.057116
5395.0	1.048202
5400.0	1.036022
5405.0	1.023094
5410.0	1.024489
5415.0	1.034441
5420.0	1.038697
5425.0	1.0342850000000001
5430.0	1.029463
5435.0	1.023112
5440.0	1.030807
5445.0	1.026154
5450.0	1.035775
5455.0	1.046365
5460.0	1.0501459999999998
5465.0	1.047116
5470.0	1.03811
5475.0	1.021043
5480.0	1.009485
5485.0	1.013841
5490.0	1.021131
5495.0	1.0274889999999999
5500.0	1.02375
5505.0	1.020753
5510.0	1.020723
5515.0	1.0298120000000002
5520.0	1.027335
5525.0	1.011023
5530.0	1.000302
5535.0	0.998863
5540.0	1.006162
5545.0	1.018329
5550.0	1.028414
5555.0	1.023142
5560.0	1.0157049999999999
5565.0	0.997719
5570.0	0.979202
5575.0	0.980951
5580.0	0.98477
5585.0	0.9791639999999999
5590.0	0.971901
5595.0	0.966776
5600.0	0.9715030000000001
5605.0	0.9871059999999999
5610.0	0.999663
5615.0	0.990542
5620.0	0.987869
5625.0	0.9846879999999999
5630.0	0.982352
5635.0	0.983951
5640.0	0.978582
5645.0	0.9775360000000001
5650.0	0.9700610000000001
5655.0	0.96429
5660.0	0.96706
5665.0	0.978
5670.0	0.989419
5675.0	0.9915809999999999
5680.0	0.974193
5685.0	0.9486559999999999
5690.0	0.9452959999999999
5695.0	0.95091
5700.0	0.953412
5705.0	0.941998
5710.0	0.9338139999999999
5715.0	0.941406
5720.0	0.9493360000000001
5725.0	0.95376
5730.0	0.9561370000000001
5735.0	0.966656
5740.0	0.964694
5745.0	0.96039
5750.0	0.945767
5755.0	0.9356030000000001
5760.0	0.938845
5765.0	0.9384879999999999
5770.0	0.9366559999999999
5775.0	0.9344950000000001
5780.0	0.9306209999999999
5785.0	0.934694
5790.0	0.9363520000000001
5795.0	0.9396959999999999
5800.0	0.941627
5805.0	0.938326
5810.0	0.937745
5815.0	0.9416959999999999
5820.0	0.945469
5825.0	0.950099
5830.0	0.952925
5835.0	0.953909
5840.0	0.9475520000000001
5845.0	0.94355
5850.0	0.93076
5855.0	0.915444
5860.0	0.917429
5865.0	0.937182
5870.0	0.9391860000000001
5875.0	0.9215559999999999
5880.0	0.9047209999999999
5885.0	0.8751969999999999
5890.0	0.842087
5895.0	0.8343780000000001
5900.0	0.8663120000000001
5905.0	0.89649
5910.0	0.904608
5915.0	0.900151
5920.0	0.8924979999999999
5925.0	0.884677
5930.0	0.8735780000000001
5935.0	0.875367
5940.0	0.8703299999999999
5945.0	0.863186
5950.0	0.858099
5955.0	0.858039
5960.0	0.863758
5965.0	0.8717860000000001
5970.0	0.8764770000000001
5975.0	0.874432
5980.0	0.867201
5985.0	0.8601129999999999
5990.0	0.858296
5995.0	0.8613149999999999
6000.0	0.8622
6005.0	0.869883
6010.0	0.8711139999999999
6015.0	0.863016
6020.0	0.856993
6025.0	0.8554950000000001
6030.0	0.8670559999999999
6035.0	0.8767469999999999
6040.0	0.8675229999999999
6045.0	0.868598
6050.0	0.869497
6055.0	0.8635
6060.0	0.859777
6065.0	0.862763
6070.0	0.86879
6075.0	0.8626
6080.0	0.86459
6085.0	0.860542
6090.0	0.86362
6095.0	0.8600709999999999
6100.0	0.85777
6105.0	0.853874
6110.0	0.855669
6115.0	0.852826
6120.0	0.8497629999999999
6125.0	0.846109
6130.0	0.846893
6135.0	0.839305
6140.0	0.831442
6145.0	0.832025
6150.0	0.8362870000000001
6155.0	0.834851
6160.0	0.828772
6165.0	0.824377
6170.0	0.8261879999999999
6175.0	0.8302510000000001
6180.0	0.836851
6185.0	0.837622
6190.0	0.834989
6195.0	0.8358899999999999
6200.0	0.832599
6205.0	0.8399629999999999
6210.0	0.830151
6215.0	0.826034
6220.0	0.8297379999999999
6225.0	0.8315309999999999
6230.0	0.821837
6235.0	0.813341
6240.0	0.81388
6245.0	0.804816
6250.0	0.8077810000000001
6255.0	0.810329
6260.0	0.818377
6265.0	0.8222950000000001
6270.0	0.81594
6275.0	0.804471
6280.0	0.788105
6285.0	0.802986
6290.0	0.803153
6295.0	0.800114
6300.0	0.796413
6305.0	0.802825
6310.0	0.801742
6315.0	0.79485
6320.0	0.793775
6325.0	0.800078
6330.0	0.799563
6335.0	0.7939470000000001
6340.0	0.7926449999999999
6345.0	0.785049
6350.0	0.7939890000000001
6355.0	0.799327
6360.0	0.793017
6365.0	0.79377
6370.0	0.794129
6375.0	0.801633
6380.0	0.796058
6385.0	0.7939689999999999
6390.0	0.790693
6395.0	0.7866529999999999
6400.0	0.784281
6405.0	0.778906
6410.0	0.772036
6415.0	0.770822
6420.0	0.777749
6425.0	0.7865340000000001
6430.0	0.779974
6435.0	0.780271
6440.0	0.779565
6445.0	0.776259
6450.0	0.765865
6455.0	0.759401
6460.0	0.757524
6465.0	0.765554
6470.0	0.764476
6475.0	0.763911
6480.0	0.759977
6485.0	0.753567
6490.0	0.740858
6495.0	0.733556
6500.0	0.7581899999999999
6505.0	0.7659819999999999
6510.0	0.7656649999999999
6515.0	0.756466
6520.0	0.7578739999999999
6525.0	0.7534270000000001
6530.0	0.7469520000000001
6535.0	0.747456
6540.0	0.743027
6545.0	0.7291300000000001
6550.0	0.698098
6555.0	0.642746
6560.0	0.552381
6565.0	0.551421
6570.0	0.634983
6575.0	0.676419
6580.0	0.709255
6585.0	0.724511
6590.0	0.7290399999999999
6595.0	0.731025
6600.0	0.736911
6605.0	0.740451
6610.0	0.74293
6615.0	0.7499359999999999
6620.0	0.749758
6625.0	0.74319
6630.0	0.734542
6635.0	0.731875
6640.0	0.734586
6645.0	0.736759
6650.0	0.739001
6655.0	0.73666
6660.0	0.732017
6665.0	0.727
6670.0	0.72539
6675.0	0.720568
6680.0	0.719862
6685.0	0.7255729999999999
6690.0	0.72746
6695.0	0.728852
6700.0	0.726956
6705.0	0.7227359999999999
6710.0	0.718687
6715.0	0.71068
6720.0	0.7074060000000001
6725.0	0.708309
6730.0	0.712212
6735.0	0.7112390000000001
6740.0	0.710439
6745.0	0.709754
6750.0	0.7064060000000001
6755.0	0.7018949999999999
6760.0	0.701477
6765.0	0.701526
6770.0	0.70536
6775.0	0.7079979999999999
6780.0	0.7062069999999999
6785.0	0.7058979999999999
6790.0	0.70777
6795.0	0.707034
6800.0	0.700347
6805.0	0.695976
6810.0	0.697944
6815.0	0.6968850000000001
6820.0	0.693643
6825.0	0.692933
6830.0	0.69452
6835.0	0.693923
6840.0	0.69023
6845.0	0.689605
6850.0	0.689257
6855.0	0.689595
6860.0	0.6894779999999999
6865.0	0.686487
6870.0	0.679655
6875.0	0.670784
6880.0	0.663721
6885.0	0.661927
6890.0	0.6657890000000001
6895.0	0.6721779999999999
6900.0	0.676249
6905.0	0.675293
6910.0	0.670484
6915.0	0.665582
6920.0	0.663518
6925.0	0.6642939999999999
6930.0	0.665441
6935.0	0.664365
6940.0	0.661063
6945.0	0.657856
6950.0	0.657253
6955.0	0.660453
6960.0	0.665309
6965.0	0.668326
6970.0	0.66775
6975.0	0.671768
6980.0	0.6665800000000001
6985.0	0.665656
6990.0	0.660342
6995.0	0.663274
7000.0	0.660085
7005.0	0.653389
7010.0	0.655957
7015.0	0.653516
7020.0	0.648122
7025.0	0.648421
7030.0	0.654337
7035.0	0.655137
7040.0	0.659569
7045.0	0.66028
7050.0	0.657335
7055.0	0.65756
7060.0	0.657408
7065.0	0.6492859999999999
7070.0	0.646103
7075.0	0.651493
7080.0	0.650508
7085.0	0.649409
7090.0	0.6476970000000001
7095.0	0.647688
7100.0	0.6489590000000001
7105.0	0.6463270000000001
7110.0	0.640727
7115.0	0.639837
7120.0	0.642418
7125.0	0.643925
7130.0	0.646837
7135.0	0.649103
7140.0	0.645216
7145.0	0.6416
7150.0	0.640904
7155.0	0.647065
7160.0	0.644523
7165.0	0.6364390000000001
7170.0	0.632947
7175.0	0.626024
7180.0	0.6183310000000001
7185.0	0.6026859999999999
7190.0	0.609308
7195.0	0.612795
7200.0	0.608113
7205.0	0.609342
7210.0	0.624524
7215.0	0.633777
7220.0	0.632901
7225.0	0.629977
7230.0	0.620501
7235.0	0.616294
7240.0	0.616829
7245.0	0.61885
7250.0	0.613445
7255.0	0.6116229999999999
7260.0	0.612995
7265.0	0.610883
7270.0	0.614692
7275.0	0.608429
7280.0	0.607138
7285.0	0.6070979999999999
7290.0	0.600949
7295.0	0.611112
7300.0	0.612629
7305.0	0.603853
7310.0	0.6005510000000001
7315.0	0.603937
7320.0	0.60687
7325.0	0.605482
7330.0	0.602596
7335.0	0.606638
7340.0	0.612412
7345.0	0.608683
7350.0	0.6019479999999999
7355.0	0.598232
7360.0	0.592906
7365.0	0.5919439999999999
7370.0	0.5920890000000001
7375.0	0.597765
7380.0	0.5987020000000001
7385.0	0.5877220000000001
7390.0	0.5881569999999999
7395.0	0.593234
7400.0	0.596179
7405.0	0.595545
7410.0	0.586975
7415.0	0.586731
7420.0	0.590007
7425.0	0.581549
7430.0	0.586309
7435.0	0.5861109999999999
7440.0	0.5849810000000001
7445.0	0.582762
7450.0	0.582855
7455.0	0.584064
7460.0	0.5799340000000001
7465.0	0.5810649999999999
7470.0	0.5823010000000001
7475.0	0.580997
7480.0	0.580712
7485.0	0.5797479999999999
7490.0	0.57781
7495.0	0.574241
7500.0	0.5798449999999999
7505.0	0.576447
7510.0	0.5709770000000001
7515.0	0.574625
7520.0	0.575347
7525.0	0.573702
7530.0	0.572231
7535.0	0.574308
7540.0	0.577021
7545.0	0.574679
7550.0	0.572643
7555.0	0.571883
7560.0	0.5708409999999999
7565.0	0.569962
7570.0	0.568958
7575.0	0.567803
7580.0	0.5668340000000001
7585.0	0.5658979999999999
7590.0	0.564937
7595.0	0.563951
7600.0	0.563099
7605.0	0.5623670000000001
7610.0	0.561571
7615.0	0.56074
7620.0	0.5599149999999999
7625.0	0.559092
7630.0	0.5582699999999999
7635.0	0.55745
7640.0	0.556628
7645.0	0.555805
7650.0	0.554977
7655.0	0.554145
7660.0	0.5533060000000001
7665.0	0.552463
7670.0	0.551601
7675.0	0.550588
7680.0	0.5497890000000001
7685.0	0.549182
7690.0	0.548508
7695.0	0.547536
7700.0	0.54651
7705.0	0.545589
7710.0	0.5453279999999999
7715.0	0.5453899999999999
7720.0	0.544938
7725.0	0.544025
7730.0	0.543474
7735.0	0.5465869999999999
7740.0	0.5389609999999999
7745.0	0.534021
7750.0	0.535346
7755.0	0.541767
7760.0	0.5410189999999999
7765.0	0.5369229999999999
7770.0	0.518496
7775.0	0.512552
7780.0	0.524935
7785.0	0.533784
7790.0	0.534299
7795.0	0.52978
7800.0	0.526906
7805.0	0.533539
7810.0	0.528963
7815.0	0.5313180000000001
7820.0	0.532529
7825.0	0.5303869999999999
7830.0	0.524616
7835.0	0.520456
7840.0	0.524069
7845.0	0.521029
7850.0	0.519841
7855.0	0.5204989999999999
7860.0	0.523016
7865.0	0.521392
7870.0	0.521953
7875.0	0.517238
7880.0	0.517025
7885.0	0.521141
7890.0	0.519988
7895.0	0.513644
7900.0	0.515215
7905.0	0.516897
7910.0	0.518741
7915.0	0.5135930000000001
7920.0	0.5090399999999999
7925.0	0.512299
7930.0	0.5058189999999999
7935.0	0.504742
7940.0	0.504804
7945.0	0.5025430000000001
7950.0	0.507102
7955.0	0.514558
7960.0	0.511354
7965.0	0.508705
7970.0	0.5092840000000001
7975.0	0.5107689999999999
7980.0	0.5100359999999999
7985.0	0.507994
7990.0	0.5052220000000001
7995.0	0.5031770000000001
8000.0	0.5010220000000001
8005.0	0.503937
8010.0	0.501314
8015.0	0.500694
8020.0	0.49954499999999996
8025.0	0.498324
8030.0	0.500088
8035.0	0.502836
8040.0	0.499032
8045.0	0.494141
8050.0	0.495321
8055.0	0.496424
8060.0	0.497928
8065.0	0.494065
8070.0	0.496676
8075.0	0.495046
8080.0	0.492845
8085.0	0.490784
8090.0	0.49154899999999996
8095.0	0.49081
8100.0	0.492554
8105.0	0.49540200000000006
8110.0	0.493396
8115.0	0.49113100000000004
8120.0	0.494246
8125.0	0.49433
8130.0	0.491536
8135.0	0.488237
8140.0	0.487767
8145.0	0.483863
8150.0	0.481274
8155.0	0.47811800000000004
8160.0	0.471929
8165.0	0.469699
8170.0	0.47634499999999996
8175.0	0.475621
8180.0	0.47006800000000004
8185.0	0.472793
8190.0	0.471948
8195.0	0.46526000000000006
8200.0	0.473361
8205.0	0.48791599999999996
8210.0	0.483174
8215.0	0.47840600000000005
8220.0	0.47337399999999996
8225.0	0.45965900000000004
8230.0	0.44996800000000003
8235.0	0.46907600000000005
8240.0	0.478232
8245.0	0.47761899999999996
8250.0	0.48065399999999997
8255.0	0.47305600000000003
8260.0	0.47611499999999995
8265.0	0.478307
8270.0	0.478971
8275.0	0.469821
8280.0	0.469404
8285.0	0.467139
8290.0	0.4677
8295.0	0.46591800000000005
8300.0	0.467235
8305.0	0.46448100000000003
8310.0	0.46849799999999997
8315.0	0.465675
8320.0	0.462455
8325.0	0.46149799999999996
8330.0	0.45689399999999997
8335.0	0.45393500000000003
8340.0	0.458167
8345.0	0.46273100000000006
8350.0	0.464796
8355.0	0.466606
8360.0	0.46358299999999997
8365.0	0.46327700000000005
8370.0	0.46394799999999997
8375.0	0.463876
8380.0	0.46313999999999994
8385.0	0.45931099999999997
8390.0	0.457391
8395.0	0.46043
8400.0	0.460937
8405.0	0.458636
8410.0	0.45749399999999996
8415.0	0.456189
8420.0	0.458917
8425.0	0.459237
8430.0	0.454593
8435.0	0.451658
8440.0	0.44894300000000004
8445.0	0.446036
8450.0	0.45029399999999997
8455.0	0.4556
8460.0	0.45619
8465.0	0.447229
8470.0	0.444219
8475.0	0.450445
8480.0	0.45264799999999994
8485.0	0.45420200000000005
8490.0	0.448891
8495.0	0.424734
8500.0	0.41729700000000003
8505.0	0.433605
8510.0	0.443971
8515.0	0.44049799999999995
8520.0	0.44343699999999997
8525.0	0.44015200000000004
8530.0	0.434389
8535.0	0.41333500000000006
8540.0	0.368698
8545.0	0.378948
8550.0	0.42099
8555.0	0.431159
8560.0	0.438575
8565.0	0.44117
8570.0	0.439904
8575.0	0.438371
8580.0	0.43549099999999996
8585.0	0.43352700000000005
8590.0	0.426334
8595.0	0.42093100000000006
8600.0	0.42022200000000004
8605.0	0.425784
8610.0	0.42861400000000005
8615.0	0.433395
8620.0	0.43484399999999995
8625.0	0.439474
8630.0	0.437234
8635.0	0.43669399999999997
8640.0	0.435255
8645.0	0.431055
8650.0	0.421854
8655.0	0.404819
8660.0	0.368057
8665.0	0.370098
8670.0	0.40077199999999996
8675.0	0.41298199999999996
8680.0	0.422863
8685.0	0.42626000000000003
8690.0	0.430073
8695.0	0.43528999999999995
8700.0	0.438425
8705.0	0.43833599999999995
8710.0	0.440363
8715.0	0.43961000000000006
8720.0	0.44038
8725.0	0.43226099999999995
8730.0	0.428338
8735.0	0.423083
8740.0	0.41249300000000005
8745.0	0.406937
8750.0	0.39848
8755.0	0.405625
8760.0	0.415883
8765.0	0.422526
8770.0	0.42488000000000004
8775.0	0.42910200000000004
8780.0	0.43311400000000005
8785.0	0.431359
8790.0	0.42820699999999995
8795.0	0.427058
8800.0	0.431584
8805.0	0.423809
8810.0	0.42355299999999996
8815.0	0.421386
8820.0	0.42096300000000003
8825.0	0.42189899999999997
8830.0	0.422885
8835.0	0.417271
8840.0	0.41350600000000004
8845.0	0.41522200000000004
8850.0	0.405361
8855.0	0.391876
8860.0	0.37804299999999996
8865.0	0.376281
8870.0	0.38911999999999997
8875.0	0.40185
8880.0	0.404588
8885.0	0.40981899999999993
8890.0	0.412434
8895.0	0.419162
8900.0	0.418108
8905.0	0.418245
8910.0	0.41293199999999997
8915.0	0.416005
8920.0	0.41416400000000003
8925.0	0.405989
8930.0	0.408473
8935.0	0.41618599999999994
8940.0	0.41601800000000005
8945.0	0.415412
8950.0	0.414757
8955.0	0.417934
8960.0	0.41482399999999997
8965.0	0.410412
8970.0	0.407018
8975.0	0.409277
8980.0	0.404235
8985.0	0.391316
8990.0	0.38006599999999996
8995.0	0.389253
9000.0	0.379227
9005.0	0.372037
9010.0	0.358315
9015.0	0.34773200000000004
9020.0	0.36454200000000003
9025.0	0.38451
9030.0	0.403064
9035.0	0.412191
9040.0	0.41892399999999996
9045.0	0.417937
9050.0	0.41933000000000004
9055.0	0.41205699999999995
9060.0	0.400337
9065.0	0.397005
9070.0	0.394728
9075.0	0.391741
9080.0	0.386409
9085.0	0.383957
9090.0	0.376106
9095.0	0.381321
9100.0	0.38787
9105.0	0.39026700000000003
9110.0	0.392757
9115.0	0.394992
9120.0	0.396766
9125.0	0.40009
9130.0	0.391978
9135.0	0.384519
9140.0	0.396323
9145.0	0.398202
9150.0	0.386865
9155.0	0.379083
9160.0	0.387948
9165.0	0.392268
9170.0	0.390961
9175.0	0.382479
9180.0	0.39129400000000003
9185.0	0.395338
9190.0	0.393967
9195.0	0.392908
9200.0	0.396451
9205.0	0.389255
9210.0	0.375294
9215.0	0.36472899999999997
9220.0	0.361871
9225.0	0.34268200000000004
9230.0	0.334892
9235.0	0.350603
9240.0	0.36839
9245.0	0.374755
9250.0	0.38563600000000003
9255.0	0.383601
9260.0	0.386712
9265.0	0.39497899999999997
9270.0	0.40518699999999996
9275.0	0.398246
9280.0	0.389316
9285.0	0.407056
9290.0	0.401661
9295.0	0.39195399999999997
9300.0	0.384038
9305.0	0.380871
9310.0	0.372183
9315.0	0.34929299999999996
9320.0	0.347448
9325.0	0.33760300000000004
9330.0	0.345991
9335.0	0.33116
9340.0	0.31454899999999997
9345.0	0.319349
9350.0	0.34835900000000003
9355.0	0.33255300000000004
9360.0	0.349481
9365.0	0.348918
9370.0	0.341617
9375.0	0.352403
9380.0	0.355927
9385.0	0.374733
9390.0	0.404154
9395.0	0.41608199999999995
9400.0	0.40247
9405.0	0.388779
9410.0	0.38293499999999997
9415.0	0.377662
9420.0	0.372489
9425.0	0.356209
9430.0	0.359063
9435.0	0.35865199999999997
9440.0	0.308398
9445.0	0.346446
9450.0	0.363007
9455.0	0.348017
9460.0	0.329027
9465.0	0.355387
9470.0	0.37501799999999996
9475.0	0.37254
9480.0	0.339133
9485.0	0.37438699999999997
9490.0	0.369528
9495.0	0.34699800000000003
9500.0	0.338555
9505.0	0.364249
9510.0	0.37256100000000003
9515.0	0.361162
9520.0	0.351015
9525.0	0.338144
9530.0	0.353743
9535.0	0.345737
9540.0	0.32315
9545.0	0.298725
9550.0	0.308796
9555.0	0.29594299999999996
9560.0	0.34093
9565.0	0.334913
9570.0	0.346654
9575.0	0.361327
9580.0	0.35385900000000003
9585.0	0.34334499999999996
9590.0	0.34044800000000003
9595.0	0.350869
9600.0	0.363476
9605.0	0.347352
9610.0	0.348994
9615.0	0.35042399999999996
9620.0	0.331108
9625.0	0.334119
9630.0	0.33755799999999997
9635.0	0.339532
9640.0	0.337568
9645.0	0.340642
9650.0	0.343832
9655.0	0.336812
9660.0	0.32929899999999995
9665.0	0.338525
9670.0	0.34501
9675.0	0.328257
9680.0	0.329152
9685.0	0.33543
9690.0	0.33968000000000004
9695.0	0.33866799999999997
9700.0	0.333941
9705.0	0.344814
9710.0	0.346006
9715.0	0.336064
9720.0	0.336941
9725.0	0.33225
9730.0	0.329719
9735.0	0.331656
9740.0	0.31763
9745.0	0.319889
9750.0	0.31737
9755.0	0.32726900000000003
9760.0	0.324545
9765.0	0.324518
9770.0	0.332811
9775.0	0.34491700000000003
9780.0	0.33766
9785.0	0.325833
9790.0	0.329728
9795.0	0.330017
9800.0	0.332721
9805.0	0.333857
9810.0	0.33613699999999996
9815.0	0.337855
9820.0	0.337307
9825.0	0.333384
9830.0	0.327374
9835.0	0.321162
9840.0	0.316634
9845.0	0.315173
9850.0	0.316154
9855.0	0.31845
9860.0	0.320932
9865.0	0.322694
9870.0	0.323708
9875.0	0.324167
9880.0	0.324266
9885.0	0.32415700000000003
9890.0	0.323832
9895.0	0.323243
9900.0	0.322342
9905.0	0.32113800000000003
9910.0	0.319865
9915.0	0.318817
9920.0	0.318287
9925.0	0.318446
9930.0	0.318981
9935.0	0.31945999999999997
9940.0	0.319448
9945.0	0.318687
9950.0	0.31761100000000003
9955.0	0.31683
9960.0	0.31695100000000004
9965.0	0.318353
9970.0	0.32049
9975.0	0.32258200000000004
9980.0	0.323854
9985.0	0.323793
9990.0	0.32295799999999997
9995.0	0.322171
10000.0	0.322258
10005.0	0.32361799999999996
10010.0	0.324955
10015.0	0.324547
10020.0	0.320673
10025.0	0.312347
10030.0	0.301518
10035.0	0.29087199999999996
10040.0	0.283091
10045.0	0.280167
10050.0	0.28132199999999996
10055.0	0.285083
10060.0	0.289979
10065.0	0.294754
10070.0	0.29901500000000003
10075.0	0.302588
10080.0	0.305296
10085.0	0.30703
10090.0	0.30794699999999997
10095.0	0.308271
10100.0	0.308225
10105.0	0.30798200000000003
10110.0	0.30750900000000003
10115.0	0.306722
10120.0	0.30553600000000003
10125.0	0.303976
10130.0	0.302492
10135.0	0.301642
10140.0	0.301987
10145.0	0.30380999999999997
10150.0	0.306304
10155.0	0.308386
10160.0	0.30897600000000003
10165.0	0.30744299999999997
10170.0	0.304965
10175.0	0.303171
10180.0	0.303691
10185.0	0.307485
10190.0	0.312842
10195.0	0.31738299999999997
10200.0	0.318727
10205.0	0.315274
10210.0	0.30853800000000003
10215.0	0.300813
10220.0	0.29439099999999996
10225.0	0.291002
10230.0	0.29012
10235.0	0.290655
10240.0	0.291517
10245.0	0.291821
10250.0	0.29149899999999995
10255.0	0.290687
10260.0	0.289523
10265.0	0.288174
10270.0	0.286937
10275.0	0.286142
10280.0	0.286115
10285.0	0.28706
10290.0	0.288665
10295.0	0.29049400000000003
10300.0	0.292109
10305.0	0.291587
10310.0	0.291628
10315.0	0.2914
10320.0	0.290932
10325.0	0.290281
10330.0	0.289618
10335.0	0.289144
10340.0	0.289062
10345.0	0.289492
10350.0	0.290236
10355.0	0.291015
10360.0	0.291552
10365.0	0.291603
10370.0	0.291069
10375.0	0.289889
10380.0	0.288
10385.0	0.285443
10390.0	0.282675
10395.0	0.28025900000000004
10400.0	0.278754
10405.0	0.278539
10410.0	0.27926100000000004
10415.0	0.280384
10420.0	0.281371
10425.0	0.28176999999999996
10430.0	0.28146
10435.0	0.280405
10440.0	0.278568
10445.0	0.276033
10450.0	0.27337
10455.0	0.271268
10460.0	0.27042
10465.0	0.27126
10470.0	0.27321100000000004
10475.0	0.275442
10480.0	0.27712
10485.0	0.277634
10490.0	0.27724699999999997
10495.0	0.276444
10500.0	0.27571
10505.0	0.275395
10510.0	0.27531300000000003
10515.0	0.275147
10520.0	0.27457600000000004
10525.0	0.273391
10530.0	0.271811
10535.0	0.27016399999999996
10540.0	0.268777
10545.0	0.267928
10550.0	0.26769899999999996
10555.0	0.268123
10560.0	0.269231
10565.0	0.270939
10570.0	0.272688
10575.0	0.273803
10580.0	0.273607
10585.0	0.2717
10590.0	0.26876700000000003
10595.0	0.26577
10600.0	0.263671
10605.0	0.263193
10610.0	0.264108
10615.0	0.265953
10620.0	0.268262
10625.0	0.266191
10630.0	0.265817
10635.0	0.265443
10640.0	0.26507
10645.0	0.264696
10650.0	0.264322
10655.0	0.263948
10660.0	0.263574
10665.0	0.2632
10670.0	0.262827
10675.0	0.26245300000000005
10680.0	0.262079
10685.0	0.261705
10690.0	0.261331
10695.0	0.26095799999999997
10700.0	0.26058400000000004
10705.0	0.26021
10710.0	0.259836
10715.0	0.259463
10720.0	0.259089
10725.0	0.25871500000000003
10730.0	0.258342
10735.0	0.257968
10740.0	0.25759499999999996
10745.0	0.257221
10750.0	0.256848
10755.0	0.256474
10760.0	0.256101
10765.0	0.255728
10770.0	0.25535399999999997
10775.0	0.254981
10780.0	0.254608
10785.0	0.254235
10790.0	0.253862
10795.0	0.25348899999999996
10800.0	0.253116
10805.0	0.252743
10810.0	0.25237
10815.0	0.25199699999999997
10820.0	0.251625
10825.0	0.251252
10830.0	0.250879
10835.0	0.25050700000000004
10840.0	0.250135
10845.0	0.24976199999999998
10850.0	0.24939
10855.0	0.249018
10860.0	0.248646
10865.0	0.24827399999999997
10870.0	0.247902
10875.0	0.24753000000000003
10880.0	0.247158
10885.0	0.246786
10890.0	0.24641500000000002
10895.0	0.24604299999999998
10900.0	0.24567199999999997
10905.0	0.24530100000000002
10910.0	0.24493
10915.0	0.244558
10920.0	0.244187
10925.0	0.243817
10930.0	0.243446
10935.0	0.243075
10940.0	0.24270500000000003
10945.0	0.24233400000000002
10950.0	0.24196399999999998
10955.0	0.241594
10960.0	0.24122399999999997
10965.0	0.24085399999999998
10970.0	0.240484
10975.0	0.240114
10980.0	0.23974499999999999
10985.0	0.239375
10990.0	0.239006
10995.0	0.238637
11000.0	0.23826799999999998
11005.0	0.23789899999999997
11010.0	0.237531
11015.0	0.23716199999999998
11020.0	0.23679299999999998
11025.0	0.236425
11030.0	0.23605700000000002
11035.0	0.23568899999999998
11040.0	0.235321
11045.0	0.234954
11050.0	0.23458600000000002
11055.0	0.234219
11060.0	0.233852
11065.0	0.23348400000000002
11070.0	0.233118
11075.0	0.232751
11080.0	0.232384
11085.0	0.23201799999999997
11090.0	0.231652
11095.0	0.23128600000000002
11100.0	0.23092
11105.0	0.230554
11110.0	0.23018899999999998
11115.0	0.22982399999999997
11120.0	0.229458
11125.0	0.229094
11130.0	0.228729
11135.0	0.22836399999999998
11140.0	0.228
11145.0	0.227636
11150.0	0.22727199999999997
11155.0	0.226908
11160.0	0.226544
11165.0	0.226181
11170.0	0.225818
11175.0	0.22545500000000002
11180.0	0.22509200000000001
11185.0	0.22473
11190.0	0.224367
11195.0	0.224005
11200.0	0.223644
11205.0	0.223282
11210.0	0.22291999999999998
11215.0	0.222559
11220.0	0.222198
11225.0	0.22183699999999998
11230.0	0.221477
11235.0	0.221117
11240.0	0.220757
11245.0	0.22039699999999998
11250.0	0.22003699999999998
11255.0	0.219678
11260.0	0.21931900000000001
11265.0	0.21896
11270.0	0.21860100000000002
11275.0	0.218243
11280.0	0.217885
11285.0	0.217527
11290.0	0.217169
11295.0	0.21681199999999998
11300.0	0.216455
11305.0	0.216098
11310.0	0.215741
11315.0	0.215385
11320.0	0.215029
11325.0	0.214673
11330.0	0.214317
11335.0	0.21396199999999999
11340.0	0.21360700000000002
11345.0	0.213252
11350.0	0.212898
11355.0	0.212544
11360.0	0.21219000000000002
11365.0	0.21183600000000002
11370.0	0.211483
11375.0	0.21113
11380.0	0.210777
11385.0	0.21042399999999997
11390.0	0.21007199999999998
11395.0	0.20972
11400.0	0.209369
11405.0	0.20901799999999998
11410.0	0.20866700000000002
11415.0	0.20831599999999997
11420.0	0.207965
11425.0	0.20761500000000002
11430.0	0.20726599999999998
11435.0	0.206916
11440.0	0.206567
11445.0	0.20621799999999998
11450.0	0.20586999999999997
11455.0	0.205521
11460.0	0.20517399999999997
11465.0	0.204826
11470.0	0.204479
11475.0	0.20413199999999998
11480.0	0.203785
11485.0	0.203439
11490.0	0.203093
11495.0	0.202748
11500.0	0.202402
11505.0	0.202057
11510.0	0.201713
11515.0	0.201369
11520.0	0.201025
11525.0	0.200681
11530.0	0.20033800000000002
11535.0	0.199995
11540.0	0.199653
11545.0	0.19931
11550.0	0.198969
11555.0	0.198627
11560.0	0.198286
11565.0	0.197946
11570.0	0.197605
11575.0	0.197265
11580.0	0.196926
11585.0	0.19658599999999998
11590.0	0.196247
11595.0	0.195909
11600.0	0.195571
11605.0	0.195233
11610.0	0.194896
11615.0	0.19455899999999998
11620.0	0.194222
11625.0	0.193886
11630.0	0.19355
11635.0	0.193215
11640.0	0.19288
11645.0	0.192545
11650.0	0.192211
11655.0	0.191877
11660.0	0.19154300000000002
11665.0	0.19121
11670.0	0.190878
11675.0	0.190545
11680.0	0.19021300000000002
11685.0	0.189882
11690.0	0.189551
11695.0	0.18922
11700.0	0.18889
11705.0	0.18855999999999998
11710.0	0.18823099999999998
11715.0	0.18790199999999999
11720.0	0.187574
11725.0	0.187245
11730.0	0.186918
11735.0	0.18659
11740.0	0.186264
11745.0	0.185937
11750.0	0.185611
11755.0	0.18528599999999998
11760.0	0.184961
11765.0	0.184636
11770.0	0.18431199999999998
11775.0	0.183988
11780.0	0.18366500000000002
11785.0	0.183342
11790.0	0.18302000000000002
11795.0	0.182698
11800.0	0.182376
11805.0	0.182055
11810.0	0.18173499999999998
11815.0	0.18141400000000002
11820.0	0.181095
11825.0	0.180776
11830.0	0.180457
11835.0	0.18013900000000002
11840.0	0.179821
11845.0	0.179504
11850.0	0.17918699999999999
11855.0	0.17887
11860.0	0.178554
11865.0	0.178239
11870.0	0.177924
11875.0	0.17761
11880.0	0.177296
11885.0	0.176982
11890.0	0.176669
11895.0	0.17635699999999999
11900.0	0.176045
11905.0	0.175733
11910.0	0.175422
11915.0	0.175112
11920.0	0.17480199999999999
11925.0	0.174492
11930.0	0.174183
11935.0	0.173875
11940.0	0.173567
11945.0	0.173259
11950.0	0.172952
11955.0	0.172646
11960.0	0.17234000000000002
11965.0	0.172035
11970.0	0.17173
11975.0	0.171425
11980.0	0.171122
11985.0	0.170818
11990.0	0.170516
11995.0	0.170213
12000.0	0.16991199999999998
12005.0	0.16961099999999998
12010.0	0.16931
12015.0	0.16901
12020.0	0.16871
12025.0	0.16841099999999998
12030.0	0.168113
12035.0	0.16781500000000002
12040.0	0.167518
12045.0	0.167221
12050.0	0.166924
12055.0	0.166629
12060.0	0.16633399999999998
12065.0	0.16603900000000002
12070.0	0.165745
12075.0	0.165452
12080.0	0.165159
12085.0	0.164866
12090.0	0.164575
12095.0	0.16428299999999998
12100.0	0.163993
12105.0	0.163703
12110.0	0.163413
12115.0	0.163124
12120.0	0.16283599999999998
12125.0	0.162548
12130.0	0.162261
12135.0	0.161975
12140.0	0.161689
12145.0	0.161403
12150.0	0.161119
12155.0	0.16083499999999998
12160.0	0.160551
12165.0	0.160268
12170.0	0.159986
12175.0	0.15970399999999998
12180.0	0.159423
12185.0	0.159142
12190.0	0.15886199999999998
12195.0	0.158583
12200.0	0.158304
12205.0	0.158026
12210.0	0.157748
12215.0	0.157472
12220.0	0.157195
12225.0	0.15692
12230.0	0.156645
12235.0	0.15637
12240.0	0.156096
12245.0	0.155823
12250.0	0.155551
12255.0	0.155279
12260.0	0.155007
12265.0	0.15473699999999999
12270.0	0.15446600000000002
12275.0	0.154197
12280.0	0.153928
12285.0	0.15366
12290.0	0.153392
12295.0	0.153125
12300.0	0.152858
12305.0	0.152593
12310.0	0.152327
12315.0	0.152063
12320.0	0.151799
12325.0	0.151535
12330.0	0.151272
12335.0	0.15100999999999998
12340.0	0.150748
12345.0	0.15048699999999998
12350.0	0.150227
12355.0	0.14996700000000002
12360.0	0.14970799999999998
12365.0	0.149449
12370.0	0.14919100000000002
12375.0	0.14893299999999998
12380.0	0.148676
12385.0	0.14842
12390.0	0.14816400000000002
12395.0	0.14790899999999998
12400.0	0.147655
12405.0	0.147401
12410.0	0.147147
12415.0	0.146895
12420.0	0.146642
12425.0	0.14639100000000002
12430.0	0.14614000000000002
12435.0	0.14588900000000002
12440.0	0.14564000000000002
12445.0	0.14539000000000002
12450.0	0.14514200000000002
12455.0	0.144893
12460.0	0.144646
12465.0	0.144399
12470.0	0.144153
12475.0	0.143907
12480.0	0.14366199999999998
12485.0	0.14341700000000002
12490.0	0.143173
12495.0	0.142929
12500.0	0.14268699999999998
12505.0	0.14244400000000002
12510.0	0.142202
12515.0	0.141961
12520.0	0.141721
12525.0	0.141481
12530.0	0.141241
12535.0	0.141002
12540.0	0.140764
12545.0	0.140526
12550.0	0.140289
12555.0	0.140052
12560.0	0.139816
12565.0	0.13958099999999998
12570.0	0.139346
12575.0	0.13911099999999998
12580.0	0.138877
12585.0	0.13864400000000002
12590.0	0.13841099999999998
12595.0	0.138179
12600.0	0.13794800000000002
12605.0	0.137717
12610.0	0.137486
12615.0	0.137256
12620.0	0.137027
12625.0	0.136798
12630.0	0.13657
12635.0	0.13634200000000002
12640.0	0.136115
12645.0	0.135888
12650.0	0.13566199999999998
12655.0	0.135437
12660.0	0.135212
12665.0	0.134987
12670.0	0.13476300000000002
12675.0	0.13454000000000002
12680.0	0.13431700000000002
12685.0	0.134095
12690.0	0.133873
12695.0	0.133652
12700.0	0.133432
12705.0	0.133212
12710.0	0.132992
12715.0	0.132773
12720.0	0.132555
12725.0	0.13233699999999998
12730.0	0.13212000000000002
12735.0	0.131903
12740.0	0.131686
12745.0	0.131471
12750.0	0.13125499999999998
12755.0	0.13104100000000002
12760.0	0.130827
12765.0	0.130613
12770.0	0.1304
12775.0	0.130187
12780.0	0.129975
12785.0	0.12976400000000002
12790.0	0.129553
12795.0	0.129342
12800.0	0.129133
12805.0	0.128923
12810.0	0.12871400000000002
12815.0	0.12850599999999998
12820.0	0.128298
12825.0	0.128091
12830.0	0.127884
12835.0	0.12767799999999999
12840.0	0.127472
12845.0	0.12726700000000002
12850.0	0.12706199999999998
12855.0	0.126858
12860.0	0.126654
12865.0	0.126451
12870.0	0.126249
12875.0	0.126047
12880.0	0.125845
12885.0	0.125644
12890.0	0.125443
12895.0	0.125243
12900.0	0.12504400000000002
12905.0	0.124845
12910.0	0.124646
12915.0	0.124448
12920.0	0.124251
12925.0	0.124054
12930.0	0.123857
12935.0	0.123661
12940.0	0.123466
12945.0	0.123271
12950.0	0.123076
12955.0	0.12288299999999999
12960.0	0.122689
12965.0	0.12249600000000001
12970.0	0.122304
12975.0	0.12211199999999998
12980.0	0.12192
12985.0	0.12172899999999999
12990.0	0.12153900000000001
12995.0	0.121349
13000.0	0.12115899999999999
13005.0	0.12097000000000001
13010.0	0.120782
13015.0	0.120594
13020.0	0.120406
13025.0	0.120219
13030.0	0.12003299999999999
13035.0	0.11984700000000001
13040.0	0.11966099999999999
13045.0	0.119476
13050.0	0.11929200000000001
13055.0	0.11910799999999999
13060.0	0.118924
13065.0	0.11874100000000001
13070.0	0.118558
13075.0	0.118376
13080.0	0.11819500000000001
13085.0	0.118013
13090.0	0.117833
13095.0	0.11765199999999999
13100.0	0.11747300000000001
13105.0	0.11729300000000001
13110.0	0.11711500000000001
13115.0	0.11693599999999998
13120.0	0.11675899999999999
13125.0	0.11658099999999999
13130.0	0.116404
13135.0	0.116228
13140.0	0.116052
13145.0	0.115877
13150.0	0.115702
13155.0	0.115527
13160.0	0.115353
13165.0	0.11517999999999999
13170.0	0.115006
13175.0	0.11483399999999999
13180.0	0.11466199999999999
13185.0	0.11449000000000001
13190.0	0.114319
13195.0	0.114148
13200.0	0.113978
13205.0	0.11380799999999999
13210.0	0.113639
13215.0	0.11347
13220.0	0.113301
13225.0	0.113133
13230.0	0.11296600000000001
13235.0	0.112799
13240.0	0.112632
13245.0	0.11246600000000001
13250.0	0.1123
13255.0	0.11213499999999998
13260.0	0.11197
13265.0	0.11180599999999999
13270.0	0.111642
13275.0	0.111478
13280.0	0.11131600000000001
13285.0	0.111153
13290.0	0.110991
13295.0	0.110829
13300.0	0.110668
13305.0	0.110507
13310.0	0.110347
13315.0	0.110187
13320.0	0.110028
13325.0	0.10986900000000001
13330.0	0.10970999999999999
13335.0	0.109552
13340.0	0.109395
13345.0	0.10923800000000002
13350.0	0.109081
13355.0	0.108925
13360.0	0.108769
13365.0	0.10861300000000002
13370.0	0.108458
13375.0	0.108304
13380.0	0.10815
13385.0	0.10799600000000001
13390.0	0.10784300000000001
13395.0	0.10769000000000001
13400.0	0.10753800000000001
13405.0	0.107386
13410.0	0.107234
13415.0	0.107083
13420.0	0.106932
13425.0	0.10678199999999999
13430.0	0.10663199999999999
13435.0	0.106483
13440.0	0.106334
13445.0	0.10618599999999999
13450.0	0.10603699999999999
13455.0	0.10589000000000001
13460.0	0.105743
13465.0	0.10559600000000001
13470.0	0.105449
13475.0	0.105303
13480.0	0.10515799999999999
13485.0	0.10501300000000001
13490.0	0.104868
13495.0	0.104724
13500.0	0.10457999999999999
13505.0	0.10443599999999999
13510.0	0.10429300000000001
13515.0	0.104151
13520.0	0.10400799999999999
13525.0	0.103867
13530.0	0.103725
13535.0	0.103584
13540.0	0.10344400000000001
13545.0	0.10330399999999999
13550.0	0.103164
13555.0	0.103024
13560.0	0.10288499999999999
13565.0	0.102747
13570.0	0.10260899999999999
13575.0	0.102471
13580.0	0.10233400000000001
13585.0	0.102197
13590.0	0.10206
13595.0	0.101924
13600.0	0.101789
13605.0	0.101653
13610.0	0.101518
13615.0	0.101384
13620.0	0.10125
13625.0	0.101116
13630.0	0.100983
13635.0	0.10085
13640.0	0.100717
13645.0	0.10058500000000001
13650.0	0.100453
13655.0	0.10032200000000001
13660.0	0.100191
13665.0	0.100061
13670.0	0.09992999999999999
13675.0	0.099801
13680.0	0.09967100000000001
13685.0	0.09954199999999999
13690.0	0.099414
13695.0	0.099285
13700.0	0.09915800000000001
13705.0	0.09902999999999999
13710.0	0.09890299999999999
13715.0	0.098776
13720.0	0.09865
13725.0	0.098524
13730.0	0.098399
13735.0	0.098273
13740.0	0.098149
13745.0	0.098024
13750.0	0.0979
13755.0	0.097777
13760.0	0.097653
13765.0	0.09752999999999999
13770.0	0.09740800000000001
13775.0	0.097286
13780.0	0.097164
13785.0	0.09704299999999999
13790.0	0.09692200000000001
13795.0	0.096801
13800.0	0.09668099999999999
13805.0	0.09656100000000001
13810.0	0.096441
13815.0	0.096322
13820.0	0.096203
13825.0	0.096085
13830.0	0.095967
13835.0	0.095849
13840.0	0.09573200000000001
13845.0	0.09561499999999999
13850.0	0.095498
13855.0	0.09538200000000001
13860.0	0.095266
13865.0	0.09515
13870.0	0.09503500000000001
13875.0	0.09492
13880.0	0.094806
13885.0	0.094692
13890.0	0.094578
13895.0	0.09446399999999999
13900.0	0.094351
13905.0	0.094239
13910.0	0.094126
13915.0	0.094014
13920.0	0.093903
13925.0	0.093791
13930.0	0.09368
13935.0	0.09357
13940.0	0.09346
13945.0	0.09335
13950.0	0.09324
13955.0	0.09313099999999999
13960.0	0.09302200000000001
13965.0	0.092914
13970.0	0.092805
13975.0	0.092698
13980.0	0.09258999999999999
13985.0	0.09248300000000001
13990.0	0.092376
13995.0	0.09227
14000.0	0.092163
14005.0	0.092058
14010.0	0.09195199999999999
14015.0	0.091847
14020.0	0.09174199999999999
14025.0	0.091638
14030.0	0.091534
14035.0	0.09143
14040.0	0.091326
14045.0	0.091223
14050.0	0.09112100000000001
14055.0	0.091018
14060.0	0.090916
14065.0	0.09081399999999999
14070.0	0.090713
14075.0	0.090612
14080.0	0.09051100000000001
14085.0	0.09041
14090.0	0.09031
14095.0	0.09021
14100.0	0.090111
14105.0	0.090012
14110.0	0.08991299999999999
14115.0	0.089814
14120.0	0.08971599999999999
14125.0	0.08961799999999999
14130.0	0.08952
14135.0	0.089423
14140.0	0.089326
14145.0	0.089229
14150.0	0.089133
14155.0	0.089037
14160.0	0.08894099999999999
14165.0	0.08884600000000001
14170.0	0.088751
14175.0	0.088656
14180.0	0.088562
14185.0	0.08846699999999999
14190.0	0.088374
14195.0	0.08828
14200.0	0.088187
14205.0	0.088094
14210.0	0.088001
14215.0	0.087909
14220.0	0.08781699999999999
14225.0	0.087725
14230.0	0.087634
14235.0	0.087543
14240.0	0.087452
14245.0	0.087362
14250.0	0.087271
14255.0	0.087181
14260.0	0.087092
14265.0	0.087003
14270.0	0.086913
14275.0	0.086825
14280.0	0.08673600000000001
14285.0	0.086648
14290.0	0.08656
14295.0	0.08647300000000001
14300.0	0.086386
14305.0	0.086801
14310.0	0.086631
14315.0	0.086409
14320.0	0.086249
14325.0	0.086345
14330.0	0.086619
14335.0	0.08683099999999999
14340.0	0.086841
14345.0	0.08662
14350.0	0.086159
14355.0	0.085477
14360.0	0.084698
14365.0	0.08412
14370.0	0.08405800000000001
14375.0	0.084487
14380.0	0.08504500000000001
14385.0	0.08540199999999999
14390.0	0.08542999999999999
14395.0	0.08515199999999999
14400.0	0.084694
14405.0	0.084284
14410.0	0.08416799999999999
14415.0	0.08440800000000001
14420.0	0.08480900000000001
14425.0	0.08507999999999999
14430.0	0.08507100000000001
14435.0	0.084603
14440.0	0.083819
14445.0	0.08286900000000001
14450.0	0.082194
14455.0	0.08227999999999999
14460.0	0.083162
14465.0	0.084323
14470.0	0.085248
14475.0	0.085749
14480.0	0.085842
14485.0	0.085582
14490.0	0.084991
14495.0	0.084102
14500.0	0.083063
14505.0	0.081719
14510.0	0.08136499999999999
14515.0	0.081562
14520.0	0.081703
14525.0	0.08155599999999999
14530.0	0.081198
14535.0	0.0808
14540.0	0.080558
14545.0	0.080671
14550.0	0.081287
14555.0	0.082129
14560.0	0.082835
14565.0	0.083077
14570.0	0.082813
14575.0	0.082205
14580.0	0.081498
14585.0	0.08089299999999999
14590.0	0.080512
14595.0	0.080419
14600.0	0.080523
14605.0	0.080636
14610.0	0.080581
14615.0	0.08030599999999999
14620.0	0.07989600000000001
14625.0	0.07950800000000001
14630.0	0.079292
14635.0	0.079362
14640.0	0.07977200000000001
14645.0	0.080468
14650.0	0.08128200000000001
14655.0	0.081978
14660.0	0.082357
14665.0	0.082285
14670.0	0.081919
14675.0	0.081342
14680.0	0.080669
14685.0	0.08001
14690.0	0.079435
14695.0	0.07898200000000001
14700.0	0.078694
14705.0	0.07861900000000001
14710.0	0.078773
14715.0	0.079086
14720.0	0.079402
14725.0	0.079596
14730.0	0.07965499999999999
14735.0	0.079638
14740.0	0.07961900000000001
14745.0	0.079675
14750.0	0.079833
14755.0	0.08004700000000001
14760.0	0.080207
14765.0	0.080179
14770.0	0.079884
14775.0	0.07938400000000001
14780.0	0.078821
14785.0	0.078368
14790.0	0.07815
14795.0	0.078236
14800.0	0.07860700000000001
14805.0	0.079105
14810.0	0.079462
14815.0	0.07931
14820.0	0.078606
14825.0	0.077686
14830.0	0.076545
14835.0	0.075475
14840.0	0.074711
14845.0	0.074425
14850.0	0.074749
14855.0	0.075643
14860.0	0.076771
14865.0	0.07775399999999999
14870.0	0.078206
14875.0	0.078013
14880.0	0.077314
14885.0	0.076434
14890.0	0.075799
14895.0	0.07604
14900.0	0.075876
14905.0	0.076309
14910.0	0.077075
14915.0	0.077915
14920.0	0.07851799999999999
14925.0	0.07867
14930.0	0.078322
14935.0	0.077624
14940.0	0.07687000000000001
14945.0	0.07637200000000001
14950.0	0.076321
14955.0	0.07673200000000001
14960.0	0.077414
14965.0	0.078083
14970.0	0.078432
14975.0	0.078202
14980.0	0.077395
14985.0	0.076285
14990.0	0.075185
14995.0	0.075031
15000.0	0.075781
15005.0	0.076206
15010.0	0.075901
15015.0	0.074838
15020.0	0.073008
15025.0	0.071039
15030.0	0.069381
15035.0	0.068494
15040.0	0.06858600000000001
15045.0	0.06955800000000001
15050.0	0.071099
15055.0	0.072413
15060.0	0.072798
15065.0	0.073224
15070.0	0.073504
15075.0	0.073555
15080.0	0.073388
15085.0	0.073115
15090.0	0.072876
15095.0	0.072752
15100.0	0.072681
15105.0	0.072703
15110.0	0.07286000000000001
15115.0	0.073036
15120.0	0.073168
15125.0	0.07324299999999999
15130.0	0.073251
15135.0	0.073239
15140.0	0.073306
15145.0	0.073416
15150.0	0.073516
15155.0	0.073542
15160.0	0.073436
15165.0	0.07318200000000001
15170.0	0.072808
15175.0	0.072368
15180.0	0.071935
15185.0	0.07159
15190.0	0.071389
15195.0	0.071349
15200.0	0.071452
15205.0	0.071619
15210.0	0.071811
15215.0	0.071991
15220.0	0.072128
15225.0	0.07220900000000001
15230.0	0.072219
15235.0	0.072111
15240.0	0.07184299999999999
15245.0	0.071408
15250.0	0.070855
15255.0	0.070289
15260.0	0.069813
15265.0	0.069578
15270.0	0.069647
15275.0	0.069978
15280.0	0.070521
15285.0	0.071161
15290.0	0.071744
15295.0	0.072101
15300.0	0.07212
15305.0	0.071793
15310.0	0.071216
15315.0	0.070542
15320.0	0.069922
15325.0	0.069471
15330.0	0.069249
15335.0	0.069252
15340.0	0.06943200000000001
15345.0	0.06972
15350.0	0.07004400000000001
15355.0	0.070346
15360.0	0.070586
15365.0	0.070743
15370.0	0.070806
15375.0	0.070754
15380.0	0.07056
15385.0	0.070233
15390.0	0.069811
15395.0	0.069351
15400.0	0.068962
15405.0	0.068718
15410.0	0.06865
15415.0	0.068736
15420.0	0.068902
15425.0	0.06904600000000001
15430.0	0.069062
15435.0	0.068872
15440.0	0.068467
15445.0	0.067942
15450.0	0.06742000000000001
15455.0	0.067052
15460.0	0.06695599999999999
15465.0	0.067115
15470.0	0.06745599999999999
15475.0	0.06785
15480.0	0.068151
15485.0	0.068247
15490.0	0.068097
15495.0	0.067753
15500.0	0.067352
15505.0	0.06706000000000001
15510.0	0.067012
15515.0	0.067243
15520.0	0.067707
15525.0	0.06826900000000001
15530.0	0.068712
15535.0	0.068893
15540.0	0.06867999999999999
15545.0	0.06809
15550.0	0.067277
15555.0	0.066473
15560.0	0.065924
15565.0	0.06579600000000001
15570.0	0.066109
15575.0	0.066794
15580.0	0.067675
15585.0	0.06852000000000001
15590.0	0.069114
15595.0	0.069315
15600.0	0.069093
15605.0	0.068537
15610.0	0.06781799999999999
15615.0	0.067131
15620.0	0.066633
15625.0	0.066398
15630.0	0.06641799999999999
15635.0	0.066605
15640.0	0.066855
15645.0	0.067069
15650.0	0.06718400000000001
15655.0	0.067122
15660.0	0.066868
15665.0	0.066413
15670.0	0.066068
15675.0	0.065856
15680.0	0.065732
15685.0	0.06557
15690.0	0.065174
15695.0	0.06448999999999999
15700.0	0.063693
15705.0	0.062933
15710.0	0.062395000000000006
15715.0	0.062266999999999996
15720.0	0.06265
15725.0	0.06349400000000001
15730.0	0.06460700000000001
15735.0	0.065752
15740.0	0.066651
15745.0	0.067136
15750.0	0.067183
15755.0	0.06679700000000001
15760.0	0.066093
15765.0	0.065256
15770.0	0.064467
15775.0	0.063881
15780.0	0.063546
15785.0	0.06352000000000001
15790.0	0.063302
15795.0	0.062983
15800.0	0.06319
15805.0	0.063577
15810.0	0.06409400000000001
15815.0	0.064606
15820.0	0.064976
15825.0	0.065081
15830.0	0.06486
15835.0	0.06434
15840.0	0.06363400000000001
15845.0	0.06291000000000001
15850.0	0.062344000000000004
15855.0	0.062079999999999996
15860.0	0.062193
15865.0	0.062571
15870.0	0.062722
15875.0	0.062314
15880.0	0.061559
15885.0	0.060632000000000005
15890.0	0.059681
15895.0	0.058929999999999996
15900.0	0.058615
15905.0	0.058846
15910.0	0.05966900000000001
15915.0	0.06066900000000001
15920.0	0.061327
15925.0	0.06201
15930.0	0.06271
15935.0	0.063426
15940.0	0.063922
15945.0	0.06407
15950.0	0.063862
15955.0	0.063398
15960.0	0.062873
15965.0	0.062479
15970.0	0.062313
15975.0	0.062402
15980.0	0.062671
15985.0	0.062968
15990.0	0.06314
15995.0	0.063075
16000.0	0.062731
16005.0	0.06216
16010.0	0.061502
16015.0	0.060940999999999995
16020.0	0.060639
16025.0	0.060666
16030.0	0.060965
16035.0	0.061385
16040.0	0.061746
16045.0	0.061903999999999994
16050.0	0.061784000000000006
16055.0	0.061422000000000004
16060.0	0.060935
16065.0	0.060361
16070.0	0.059584000000000005
16075.0	0.05859299999999999
16080.0	0.057674
16085.0	0.057003
16090.0	0.05653300000000001
16095.0	0.056188999999999996
16100.0	0.055902
16105.0	0.055648
16110.0	0.055465
16115.0	0.055428
16120.0	0.05561900000000001
16125.0	0.056103
16130.0	0.056914
16135.0	0.057946000000000004
16140.0	0.059202
16145.0	0.061051999999999995
16150.0	0.062016999999999996
16155.0	0.061924
16160.0	0.06131
16165.0	0.060373
16170.0	0.059379999999999995
16175.0	0.058603999999999996
16180.0	0.058245000000000005
16185.0	0.058397000000000004
16190.0	0.059026999999999996
16195.0	0.059987
16200.0	0.061016999999999995
16205.0	0.061839
16210.0	0.062233000000000004
16215.0	0.062105999999999995
16220.0	0.061523
16225.0	0.060663999999999996
16230.0	0.059754999999999996
16235.0	0.059007000000000004
16240.0	0.058539999999999995
16245.0	0.058374
16250.0	0.05848300000000001
16255.0	0.058743
16260.0	0.059003
16265.0	0.059137999999999996
16270.0	0.059087
16275.0	0.05887100000000001
16280.0	0.058567999999999995
16285.0	0.058275
16290.0	0.058080999999999994
16295.0	0.058037
16300.0	0.058149
16305.0	0.058372
16310.0	0.058615999999999994
16315.0	0.058778
16320.0	0.058783
16325.0	0.058614
16330.0	0.058324
16335.0	0.057999
16340.0	0.057721
16345.0	0.0576
16350.0	0.057608000000000006
16355.0	0.05774
16360.0	0.057913
16365.0	0.057885
16370.0	0.057623
16375.0	0.05728300000000001
16380.0	0.056872000000000006
16385.0	0.05633200000000001
16390.0	0.055728999999999994
16395.0	0.055062
16400.0	0.054321
16405.0	0.053686000000000005
16410.0	0.053252999999999995
16415.0	0.053127
16420.0	0.053377999999999995
16425.0	0.053823
16430.0	0.05454
16435.0	0.055553
16440.0	0.05655399999999999
16445.0	0.057276
16450.0	0.057777999999999996
16455.0	0.058176
16460.0	0.058450999999999996
16465.0	0.058563
16470.0	0.058488
16475.0	0.058227
16480.0	0.057814
16485.0	0.057315
16490.0	0.05681699999999999
16495.0	0.056402999999999995
16500.0	0.056126
16505.0	0.055998
16510.0	0.05599
16515.0	0.056048
16520.0	0.056098
16525.0	0.056073000000000005
16530.0	0.055924
16535.0	0.055640999999999996
16540.0	0.055260000000000004
16545.0	0.05485399999999999
16550.0	0.054515999999999995
16555.0	0.054328999999999995
16560.0	0.054348
16565.0	0.054587000000000004
16570.0	0.05500700000000001
16575.0	0.055532000000000005
16580.0	0.056052
16585.0	0.056454
16590.0	0.056669000000000004
16595.0	0.056679999999999994
16600.0	0.056497000000000006
16605.0	0.056165
16610.0	0.055759
16615.0	0.055387
16620.0	0.055144000000000006
16625.0	0.055094000000000004
16630.0	0.055238
16635.0	0.05555499999999999
16640.0	0.05599199999999999
16645.0	0.056407000000000006
16650.0	0.056718
16655.0	0.056834
16660.0	0.0567
16665.0	0.056307
16670.0	0.055695
16675.0	0.05494400000000001
16680.0	0.054154999999999995
16685.0	0.053426999999999995
16690.0	0.052832000000000004
16695.0	0.052407
16700.0	0.052160000000000005
16705.0	0.052073
16710.0	0.052118
16715.0	0.052262
16720.0	0.052473
16725.0	0.052725
16730.0	0.053001
16735.0	0.053288999999999996
16740.0	0.053579999999999996
16745.0	0.053859000000000004
16750.0	0.054092999999999995
16755.0	0.054235000000000005
16760.0	0.054238999999999996
16765.0	0.054074000000000004
16770.0	0.053725
16775.0	0.053176
16780.0	0.052443
16785.0	0.051528
16790.0	0.050413
16795.0	0.049239
16800.0	0.048077999999999996
16805.0	0.047077
16810.0	0.046392
16815.0	0.046129
16820.0	0.046335
16825.0	0.046985
16830.0	0.047979
16835.0	0.049157
16840.0	0.050354
16845.0	0.051378
16850.0	0.052052999999999995
16855.0	0.052376
16860.0	0.052440999999999995
16865.0	0.052333000000000005
16870.0	0.052115999999999996
16875.0	0.051862
16880.0	0.051630999999999996
16885.0	0.051463
16890.0	0.051365999999999995
16895.0	0.051325
16900.0	0.051302999999999994
16905.0	0.051262
16910.0	0.051176
16915.0	0.051039
16920.0	0.050868000000000003
16925.0	0.050704
16930.0	0.050573
16935.0	0.050559
16940.0	0.050695
16945.0	0.050977
16950.0	0.051365
16955.0	0.051753999999999994
16960.0	0.052088999999999996
16965.0	0.05230800000000001
16970.0	0.052359
16975.0	0.05222
16980.0	0.051907
16985.0	0.051471
16990.0	0.050987
16995.0	0.050545
17000.0	0.050224
17005.0	0.050086
17010.0	0.050151
17015.0	0.050395999999999996
17020.0	0.050753
17025.0	0.051125
17030.0	0.051415999999999996
17035.0	0.05155
17040.0	0.051490999999999995
17045.0	0.051247
17050.0	0.050863
17055.0	0.050407
17060.0	0.04995
17065.0	0.049558
17070.0	0.049282
17075.0	0.049145
17080.0	0.049139999999999996
17085.0	0.049227
17090.0	0.049352999999999994
17095.0	0.049460000000000004
17100.0	0.049506
17105.0	0.04947
17110.0	0.049363
17115.0	0.049214
17120.0	0.049069999999999996
17125.0	0.048975
17130.0	0.048962
17135.0	0.049041
17140.0	0.049193
17145.0	0.049377
17150.0	0.049536000000000004
17155.0	0.049615
17160.0	0.049583999999999996
17165.0	0.049439
17170.0	0.0492
17175.0	0.048908
17180.0	0.048623
17185.0	0.048402999999999995
17190.0	0.048294
17195.0	0.048318
17200.0	0.048475
17205.0	0.048748
17210.0	0.049083999999999996
17215.0	0.049368
17220.0	0.049529000000000004
17225.0	0.049546
17230.0	0.049408
17235.0	0.049132999999999996
17240.0	0.048770999999999995
17245.0	0.048371
17250.0	0.04802
17255.0	0.047771
17260.0	0.047639
17265.0	0.047646
17270.0	0.047771
17275.0	0.047974
17280.0	0.048201999999999995
17285.0	0.048402
17290.0	0.048523000000000004
17295.0	0.048534
17300.0	0.048418
17305.0	0.04818
17310.0	0.047831
17315.0	0.047343
17320.0	0.046689
17325.0	0.045923
17330.0	0.045160000000000006
17335.0	0.044433999999999994
17340.0	0.043764
17345.0	0.043188
17350.0	0.042753
17355.0	0.042476
17360.0	0.042355000000000004
17365.0	0.042366
17370.0	0.042497
17375.0	0.042739
17380.0	0.043077
17385.0	0.043492
17390.0	0.043970999999999996
17395.0	0.044492000000000004
17400.0	0.044994
17405.0	0.045408
17410.0	0.045702
17415.0	0.045889
17420.0	0.045985000000000005
17425.0	0.045989
17430.0	0.045922000000000004
17435.0	0.045816
17440.0	0.045701
17445.0	0.045593
17450.0	0.0455
17455.0	0.045468
17460.0	0.045489999999999996
17465.0	0.045523
17470.0	0.045555
17475.0	0.045564
17480.0	0.045538
17485.0	0.045473
17490.0	0.045373000000000004
17495.0	0.045248000000000003
17500.0	0.045108999999999996
17505.0	0.044971
17510.0	0.044847000000000005
17515.0	0.044746
17520.0	0.044676
17525.0	0.044643
17530.0	0.044646
17535.0	0.044676
17540.0	0.044724
17545.0	0.044786
17550.0	0.044860000000000004
17555.0	0.044947
17560.0	0.045048000000000005
17565.0	0.045161
17570.0	0.04528
17575.0	0.045395
17580.0	0.045489
17585.0	0.045556
17590.0	0.045589
17595.0	0.045579
17600.0	0.045519
17605.0	0.045411
17610.0	0.045263
17615.0	0.045091
17620.0	0.044913999999999996
17625.0	0.044752999999999994
17630.0	0.044621
17635.0	0.044525
17640.0	0.044458
17645.0	0.044398
17650.0	0.044321
17655.0	0.044211
17660.0	0.044052999999999995
17665.0	0.043838999999999996
17670.0	0.043581
17675.0	0.043301
17680.0	0.043031
17685.0	0.042806
17690.0	0.042656
17695.0	0.042605000000000004
17700.0	0.042663
17705.0	0.042824
17710.0	0.04307
17715.0	0.043371
17720.0	0.043689
17725.0	0.043983
17730.0	0.044217
17735.0	0.044364999999999995
17740.0	0.044431
17745.0	0.044407
17750.0	0.044311
17755.0	0.044199
17760.0	0.044095
17765.0	0.04402
17770.0	0.043985
17775.0	0.043981
17780.0	0.043986000000000004
17785.0	0.043968
17790.0	0.043896
17795.0	0.043746
17800.0	0.043512
17805.0	0.043202
17810.0	0.042841000000000004
17815.0	0.042466000000000004
17820.0	0.042119
17825.0	0.041842000000000004
17830.0	0.04167
17835.0	0.041622
17840.0	0.041701
17845.0	0.041881
17850.0	0.042115
17855.0	0.042345999999999995
17860.0	0.042505
17865.0	0.042559
17870.0	0.04251
17875.0	0.042369
17880.0	0.042162
17885.0	0.041931
17890.0	0.04172
17895.0	0.041569999999999996
17900.0	0.041512
17905.0	0.041565
17910.0	0.041724000000000004
17915.0	0.041962
17920.0	0.042233
17925.0	0.042459
17930.0	0.04256
17935.0	0.042481
17940.0	0.042212
17945.0	0.041795
17950.0	0.041301
17955.0	0.040808
17960.0	0.040386
17965.0	0.040087
17970.0	0.039938
17975.0	0.039981
17980.0	0.040197000000000004
17985.0	0.040638
17990.0	0.041446
17995.0	0.041415
18000.0	0.040933
18005.0	0.041003
18010.0	0.040938
18015.0	0.040788
18020.0	0.040637
18025.0	0.040487999999999996
18030.0	0.040382
18035.0	0.040337
18040.0	0.040359
18045.0	0.040441000000000005
18050.0	0.040566000000000005
18055.0	0.040711000000000004
18060.0	0.040846
18065.0	0.040943
18070.0	0.040979
18075.0	0.040945
18080.0	0.040853
18085.0	0.040724
18090.0	0.040596
18095.0	0.040514999999999995
18100.0	0.040497000000000005
18105.0	0.040556
18110.0	0.040693
18115.0	0.040889
18120.0	0.041102
18125.0	0.041274
18130.0	0.041331
18135.0	0.041211000000000005
18140.0	0.040884
18145.0	0.040375
18150.0	0.039751
18155.0	0.039093
18160.0	0.038471
18165.0	0.037926999999999995
18170.0	0.037478
18175.0	0.037121
18180.0	0.036851
18185.0	0.036659
18190.0	0.036556
18195.0	0.036574
18200.0	0.036769
18205.0	0.037186000000000004
18210.0	0.037787
18215.0	0.038441
18220.0	0.038976
18225.0	0.039298
18230.0	0.039418
18235.0	0.039406000000000004
18240.0	0.039331
18245.0	0.039241000000000005
18250.0	0.039158
18255.0	0.039081
18260.0	0.038995
18265.0	0.038888
18270.0	0.038687
18275.0	0.038337
18280.0	0.037876
18285.0	0.037349
18290.0	0.036860000000000004
18295.0	0.036511
18300.0	0.036335
18305.0	0.036299
18310.0	0.036343
18315.0	0.036417000000000005
18320.0	0.036491
18325.0	0.036548000000000004
18330.0	0.036575
18335.0	0.036562
18340.0	0.036499000000000004
18345.0	0.036385
18350.0	0.036222000000000004
18355.0	0.036023
18360.0	0.035823
18365.0	0.035658999999999996
18370.0	0.035544
18375.0	0.035461
18380.0	0.035369
18385.0	0.035223000000000004
18390.0	0.035006
18395.0	0.034761
18400.0	0.034616
18405.0	0.034711
18410.0	0.035075999999999996
18415.0	0.035588
18420.0	0.036055000000000004
18425.0	0.036374000000000004
18430.0	0.036538
18435.0	0.036597000000000005
18440.0	0.036604000000000005
18445.0	0.036593
18450.0	0.03659
18455.0	0.036612
18460.0	0.036642
18465.0	0.036647000000000006
18470.0	0.036579
18475.0	0.036386
18480.0	0.036122
18485.0	0.036025
18490.0	0.036341000000000005
18495.0	0.036932
18500.0	0.03744
18505.0	0.037633
18510.0	0.037561000000000004
18515.0	0.037360000000000004
18520.0	0.037125
18525.0	0.036898
18530.0	0.036689
18535.0	0.036491
18540.0	0.036293
18545.0	0.036086
18550.0	0.035864
18555.0	0.035664
18560.0	0.035556
18565.0	0.0356
18570.0	0.035754
18575.0	0.035925
18580.0	0.036035000000000005
18585.0	0.036056
18590.0	0.035995
18595.0	0.035877
18600.0	0.035731
18605.0	0.03559
18610.0	0.035493000000000004
18615.0	0.035477
18620.0	0.035566
18625.0	0.035738
18630.0	0.035954
18635.0	0.036157999999999996
18640.0	0.036287
18645.0	0.03635
18650.0	0.036369
18655.0	0.036349
18660.0	0.036318
18665.0	0.03621
18670.0	0.036051
18675.0	0.035905
18680.0	0.034416
18685.0	0.032458
18690.0	0.032468000000000004
18695.0	0.032728
18700.0	0.03269
18705.0	0.032757
18710.0	0.032818
18715.0	0.032865
18720.0	0.03292
18725.0	0.032973
18730.0	0.033026
18735.0	0.033079000000000004
18740.0	0.033132
18745.0	0.033186
18750.0	0.033238
18755.0	0.033292
18760.0	0.033345
18765.0	0.033394
18770.0	0.033455
18775.0	0.033512
18780.0	0.033498
18785.0	0.033755
18790.0	0.03422
18795.0	0.034344
18800.0	0.034326
18805.0	0.034308
18810.0	0.034258
18815.0	0.034177
18820.0	0.034061
18825.0	0.033901
18830.0	0.03369
18835.0	0.033477999999999994
18840.0	0.033338
18845.0	0.033326
18850.0	0.033415
18855.0	0.033537
18860.0	0.033627
18865.0	0.033669
18870.0	0.033677
18875.0	0.033668000000000003
18880.0	0.033657
18885.0	0.033647
18890.0	0.033627
18895.0	0.033573
18900.0	0.03345
18905.0	0.033237
18910.0	0.032968
18915.0	0.032754000000000005
18920.0	0.032701
18925.0	0.032826999999999995
18930.0	0.033036
18935.0	0.033214999999999995
18940.0	0.033316000000000005
18945.0	0.033352
18950.0	0.03336
18955.0	0.033364
18960.0	0.033377
18965.0	0.0334
18970.0	0.033423
18975.0	0.033426
18980.0	0.033381
18985.0	0.033264999999999996
18990.0	0.033097
18995.0	0.032937
19000.0	0.032876
19005.0	0.032927
19010.0	0.03304
19015.0	0.033142000000000005
19020.0	0.033155000000000004
19025.0	0.033041
19030.0	0.032833999999999995
19035.0	0.032514
19040.0	0.032050999999999996
19045.0	0.03145
19050.0	0.030797
19055.0	0.030264999999999997
19060.0	0.030057
19065.0	0.030231
19070.0	0.030680000000000002
19075.0	0.031206
19080.0	0.031668
19085.0	0.032014
19090.0	0.032256
19095.0	0.032424
19100.0	0.03254
19105.0	0.032615
19110.0	0.032635000000000004
19115.0	0.032562
19120.0	0.032327999999999996
19125.0	0.031873
19130.0	0.031271
19135.0	0.030746
19140.0	0.030593000000000002
19145.0	0.030892000000000003
19150.0	0.031487
19155.0	0.032093
19160.0	0.032570999999999996
19165.0	0.032908
19170.0	0.033161
19175.0	0.033373
19180.0	0.033569
19185.0	0.033763
19190.0	0.033951
19195.0	0.034111
19200.0	0.034201
19205.0	0.034168000000000004
19210.0	0.033991
19215.0	0.033679
19220.0	0.03327
19225.0	0.032864
19230.0	0.032542
19235.0	0.032311
19240.0	0.032159
19245.0	0.032072
19250.0	0.032027999999999994
19255.0	0.032007
19260.0	0.032001
19265.0	0.032012
19270.0	0.032025
19275.0	0.032017000000000004
19280.0	0.031963
19285.0	0.031851
19290.0	0.031694
19295.0	0.031519
19300.0	0.031365
19305.0	0.031258999999999995
19310.0	0.031207
19315.0	0.031197000000000003
19320.0	0.031214999999999996
19325.0	0.031249000000000002
19330.0	0.031293
19335.0	0.031343
19340.0	0.031399
19345.0	0.031457
19350.0	0.031516
19355.0	0.031572
19360.0	0.031620999999999996
19365.0	0.031662
19370.0	0.031694
19375.0	0.031716
19380.0	0.031728
19385.0	0.031731999999999996
19390.0	0.031723
19395.0	0.031698000000000004
19400.0	0.031651
19405.0	0.031574
19410.0	0.031466
19415.0	0.031327
19420.0	0.031139999999999998
19425.0	0.030907
19430.0	0.03065
19435.0	0.030378
19440.0	0.030104000000000002
19445.0	0.029849
19450.0	0.029636000000000003
19455.0	0.029483999999999996
19460.0	0.029408
19465.0	0.029412
19470.0	0.029491000000000003
19475.0	0.029632
19480.0	0.029819
19485.0	0.030021
19490.0	0.030205000000000003
19495.0	0.030413
19500.0	0.03055
19505.0	0.030447000000000002
19510.0	0.030944
19515.0	0.032081
19520.0	0.032256
19525.0	0.031876
19530.0	0.03175
19535.0	0.031667
19540.0	0.031589
19545.0	0.031576
19550.0	0.0316
19555.0	0.031623000000000005
19560.0	0.031613999999999996
19565.0	0.031539
19570.0	0.031389
19575.0	0.03117
19580.0	0.030902999999999996
19585.0	0.030608
19590.0	0.030306
19595.0	0.029997000000000003
19600.0	0.029745999999999998
19605.0	0.029638
19610.0	0.029570999999999997
19615.0	0.02949
19620.0	0.02945
19625.0	0.029450999999999998
19630.0	0.029485
19635.0	0.029568
19640.0	0.029699
19645.0	0.029866000000000004
19650.0	0.030045999999999996
19655.0	0.030213999999999998
19660.0	0.03035
19665.0	0.030445999999999997
19670.0	0.030501999999999998
19675.0	0.030518
19680.0	0.030501
19685.0	0.030456999999999998
19690.0	0.030394
19695.0	0.030313
19700.0	0.030217
19705.0	0.030108
19710.0	0.029989
19715.0	0.029868000000000002
19720.0	0.029754000000000003
19725.0	0.029657
19730.0	0.029586
19735.0	0.029544
19740.0	0.029529000000000003
19745.0	0.029539
19750.0	0.029567000000000003
19755.0	0.029606
19760.0	0.029649000000000002
19765.0	0.029689
19770.0	0.029718
19775.0	0.029727999999999997
19780.0	0.029710000000000004
19785.0	0.029657999999999997
19790.0	0.029568999999999998
19795.0	0.029447000000000004
19800.0	0.029299000000000002
19805.0	0.029141000000000004
19810.0	0.028988999999999997
19815.0	0.028857999999999998
19820.0	0.02876
19825.0	0.028698
19830.0	0.028669999999999998
19835.0	0.028682999999999997
19840.0	0.028738
19845.0	0.028814
19850.0	0.028901999999999997
19855.0	0.028998000000000003
19860.0	0.029089999999999998
19865.0	0.029164999999999996
19870.0	0.029213999999999997
19875.0	0.029231
19880.0	0.029213
19885.0	0.029162999999999998
19890.0	0.029089
19895.0	0.029001
19900.0	0.028911000000000003
19905.0	0.028827
19910.0	0.028756999999999998
19915.0	0.028705
19920.0	0.028673
19925.0	0.028661000000000002
19930.0	0.028666000000000004
19935.0	0.028682999999999997
19940.0	0.028705
19945.0	0.028723000000000002
19950.0	0.028727
19955.0	0.028707999999999997
19960.0	0.02866
19965.0	0.028574000000000002
19970.0	0.028446
19975.0	0.028277999999999998
19980.0	0.028071
19985.0	0.027826999999999998
19990.0	0.027563999999999998
19995.0	0.027348
20000.0	0.027137
20005.0	0.026963
20010.0	0.027445999999999998
20015.0	0.028356
20020.0	0.028383999999999996
20025.0	0.027828
20030.0	0.027404
20035.0	0.027039999999999998
20040.0	0.026726999999999997
20045.0	0.026579000000000002
20050.0	0.026650999999999998
20055.0	0.026929
20060.0	0.027308
20065.0	0.027498
20070.0	0.027331
20075.0	0.027143
20080.0	0.027082
20085.0	0.02707
20090.0	0.027070999999999998
20095.0	0.027074
20100.0	0.02708
20105.0	0.027096
20110.0	0.027139999999999997
20115.0	0.027226
20120.0	0.027364
20125.0	0.02755
20130.0	0.027761
20135.0	0.027968
20140.0	0.028138999999999997
20145.0	0.028254
20150.0	0.028307
20155.0	0.028312999999999998
20160.0	0.02829
20165.0	0.028251
20170.0	0.028204000000000003
20175.0	0.028151
20180.0	0.028089
20185.0	0.028012000000000002
20190.0	0.027913999999999998
20195.0	0.02779
20200.0	0.027641000000000002
20205.0	0.027471
20210.0	0.027288999999999997
20215.0	0.027107999999999997
20220.0	0.026945
20225.0	0.026812
20230.0	0.026720999999999998
20235.0	0.026675
20240.0	0.026677
20245.0	0.026722000000000003
20250.0	0.026804
20255.0	0.026913
20260.0	0.027039999999999998
20265.0	0.027174
20270.0	0.0273
20275.0	0.027407
20280.0	0.027489
20285.0	0.027536
20290.0	0.027541000000000003
20295.0	0.0275
20300.0	0.027415
20305.0	0.027292
20310.0	0.027138
20315.0	0.026968000000000002
20320.0	0.026799
20325.0	0.026646
20330.0	0.026525999999999997
20335.0	0.026439999999999998
20340.0	0.026389999999999997
20345.0	0.026382
20350.0	0.026418
20355.0	0.026489999999999996
20360.0	0.026585
20365.0	0.026691000000000003
20370.0	0.026793
20375.0	0.026882
20380.0	0.026945999999999998
20385.0	0.026981
20390.0	0.026982
20395.0	0.026948000000000003
20400.0	0.026881
20405.0	0.026784
20410.0	0.026664
20415.0	0.026527999999999996
20420.0	0.026385000000000002
20425.0	0.026244999999999997
20430.0	0.026118000000000002
20435.0	0.026014
20440.0	0.025939999999999998
20445.0	0.025897000000000003
20450.0	0.025886000000000003
20455.0	0.025903
20460.0	0.025943
20465.0	0.026
20470.0	0.026069
20475.0	0.026135000000000002
20480.0	0.026185000000000003
20485.0	0.026236000000000002
20490.0	0.026302999999999997
20495.0	0.026368
20500.0	0.026427999999999997
20505.0	0.026485
20510.0	0.026535000000000003
20515.0	0.02657
20520.0	0.026585
20525.0	0.026569
20530.0	0.026519
20535.0	0.026431
20540.0	0.026311
20545.0	0.026167000000000003
20550.0	0.026012999999999998
20555.0	0.025862
20560.0	0.025724
20565.0	0.025608999999999996
20570.0	0.025519
20575.0	0.025457
20580.0	0.025419
20585.0	0.025405
20590.0	0.02541
20595.0	0.025433
20600.0	0.02547
20605.0	0.025518
20610.0	0.025573
20615.0	0.02563
20620.0	0.025684
20625.0	0.025727
20630.0	0.025751999999999997
20635.0	0.025751999999999997
20640.0	0.025722000000000002
20645.0	0.025662
20650.0	0.025573
20655.0	0.025463
20660.0	0.02534
20665.0	0.025213
20670.0	0.025093999999999998
20675.0	0.024988
20680.0	0.024903
20685.0	0.02484
20690.0	0.0248
20695.0	0.02478
20700.0	0.024778
20705.0	0.024787
20710.0	0.024803
20715.0	0.024822999999999998
20720.0	0.024843
20725.0	0.024857
20730.0	0.024865
20735.0	0.024868
20740.0	0.024865
20745.0	0.024856
20750.0	0.024845
20755.0	0.024832
20760.0	0.02482
20765.0	0.02481
20770.0	0.024804
20775.0	0.024799
20780.0	0.024791999999999998
20785.0	0.024781
20790.0	0.024768000000000002
20795.0	0.024759
20800.0	0.024748
20805.0	0.024728999999999998
20810.0	0.024704
20815.0	0.024669
20820.0	0.024615
20825.0	0.024541
20830.0	0.024451
20835.0	0.024363
20840.0	0.024286000000000002
20845.0	0.024215
20850.0	0.024151
20855.0	0.024096
20860.0	0.024048
20865.0	0.024008
20870.0	0.023972999999999998
20875.0	0.023943
20880.0	0.023916
20885.0	0.023892
20890.0	0.02387
20895.0	0.02385
20900.0	0.023834
20905.0	0.023823
20910.0	0.023818000000000002
20915.0	0.023822
20920.0	0.023837
20925.0	0.023863
20930.0	0.023902
20935.0	0.023954
20940.0	0.024017
20945.0	0.024088
20950.0	0.024165
20955.0	0.024241
20960.0	0.024305
20965.0	0.024354
20970.0	0.024384
20975.0	0.024390000000000002
20980.0	0.02437
20985.0	0.024326
20990.0	0.024261
20995.0	0.024179
21000.0	0.024087
21005.0	0.023992
21010.0	0.023899
21015.0	0.023814
21020.0	0.023740999999999998
21025.0	0.023681999999999998
21030.0	0.023639
21035.0	0.023611
21040.0	0.023594999999999998
21045.0	0.023587
21050.0	0.02358
21055.0	0.023575
21060.0	0.023566999999999998
21065.0	0.02355
21070.0	0.023517
21075.0	0.023463
21080.0	0.023395
21085.0	0.023325
21090.0	0.023257
21095.0	0.023198
21100.0	0.023155000000000002
21105.0	0.023134000000000002
21110.0	0.02314
21115.0	0.023171999999999998
21120.0	0.023231
21125.0	0.023312
21130.0	0.023408
21135.0	0.023511
21140.0	0.023611
21145.0	0.023696000000000002
21150.0	0.023756
21155.0	0.023781
21160.0	0.023762000000000002
21165.0	0.023697
21170.0	0.023584
21175.0	0.023431
21180.0	0.023247
21185.0	0.023043
21190.0	0.022829
21195.0	0.022622999999999997
21200.0	0.022446
21205.0	0.022303
21210.0	0.022192
21215.0	0.022122
21220.0	0.022093
21225.0	0.022103
21230.0	0.022144
21235.0	0.022211
21240.0	0.022295
21245.0	0.022386
21250.0	0.022476
21255.0	0.022558
21260.0	0.022628
21265.0	0.022680000000000002
21270.0	0.022716
21275.0	0.022738
21280.0	0.022751
21285.0	0.022761
21290.0	0.022775
21295.0	0.022799
21300.0	0.022837
21305.0	0.022892
21310.0	0.022963
21315.0	0.023046
21320.0	0.023135
21325.0	0.023221000000000002
21330.0	0.023295
21335.0	0.023344
21340.0	0.023359
21345.0	0.023331
21350.0	0.023253
21355.0	0.023126
21360.0	0.022953
21365.0	0.022742
21370.0	0.022508
21375.0	0.022265
21380.0	0.022028
21385.0	0.021814
21390.0	0.021634999999999998
21395.0	0.0215
21400.0	0.021416
21405.0	0.021387
21410.0	0.021412999999999998
21415.0	0.021490000000000002
21420.0	0.021613
21425.0	0.021774
21430.0	0.021962
21435.0	0.022168
21440.0	0.022376
21445.0	0.022565
21450.0	0.022725
21455.0	0.022847
21460.0	0.022918
21465.0	0.022930000000000002
21470.0	0.022893
21475.0	0.022818
21480.0	0.022709
21485.0	0.022573
21490.0	0.022424
21495.0	0.022271
21500.0	0.022126
21505.0	0.021994999999999997
21510.0	0.021884
21515.0	0.021795
21520.0	0.021728
21525.0	0.021681
21530.0	0.021653
21535.0	0.02164
21540.0	0.021637
21545.0	0.02164
21550.0	0.021644
21555.0	0.021643
21560.0	0.021633000000000003
21565.0	0.021611000000000002
21570.0	0.021573
21575.0	0.021518000000000002
21580.0	0.021442
21585.0	0.02134
21590.0	0.021207
21595.0	0.021041999999999998
21600.0	0.020847
21605.0	0.020624
21610.0	0.020381
21615.0	0.020116
21620.0	0.019819999999999997
21625.0	0.019505
21630.0	0.019195
21635.0	0.018911
21640.0	0.018668999999999998
21645.0	0.018482
21650.0	0.018358000000000003
21655.0	0.018302000000000002
21660.0	0.018317
21665.0	0.0184
21670.0	0.018547
21675.0	0.018747
21680.0	0.018989
21685.0	0.019259000000000002
21690.0	0.019541
21695.0	0.019818000000000002
21700.0	0.020078
21705.0	0.020312
21710.0	0.020511
21715.0	0.020674
21720.0	0.020825
21725.0	0.020983
21730.0	0.021109
21735.0	0.021162
21740.0	0.021168
21745.0	0.021154
21750.0	0.021121
21755.0	0.021072
21760.0	0.02102
21765.0	0.020972
21770.0	0.020934
21775.0	0.020906
21780.0	0.02089
21785.0	0.020885
21790.0	0.020887
21795.0	0.020896
21800.0	0.020908000000000003
21805.0	0.020921000000000002
21810.0	0.020931
21815.0	0.020936
21820.0	0.020933
21825.0	0.020923
21830.0	0.020905
21835.0	0.020880000000000003
21840.0	0.020849
21845.0	0.020814
21850.0	0.020778
21855.0	0.020742
21860.0	0.02071
21865.0	0.020683
21870.0	0.020661000000000002
21875.0	0.020644
21880.0	0.020633000000000002
21885.0	0.020625
21890.0	0.020619
21895.0	0.020612000000000002
21900.0	0.020603
21905.0	0.020589
21910.0	0.020569999999999998
21915.0	0.020544999999999997
21920.0	0.020515000000000002
21925.0	0.020482
21930.0	0.020447999999999997
21935.0	0.020416
21940.0	0.020384
21945.0	0.020352000000000002
21950.0	0.020332
21955.0	0.020326
21960.0	0.020307
21965.0	0.020263999999999997
21970.0	0.020214
21975.0	0.02017
21980.0	0.020127000000000003
21985.0	0.020084
21990.0	0.020038999999999998
21995.0	0.01999
22000.0	0.019936000000000002
22005.0	0.019877000000000002
22010.0	0.019815
22015.0	0.019752000000000002
22020.0	0.019693000000000002
22025.0	0.019637
22030.0	0.01958
22035.0	0.019527000000000003
22040.0	0.019489
22045.0	0.019471000000000002
22050.0	0.019476
22055.0	0.019503
22060.0	0.019552
22065.0	0.019621
22070.0	0.019703000000000002
22075.0	0.019794
22080.0	0.019886
22085.0	0.019972999999999998
22090.0	0.020048
22095.0	0.020102000000000002
22100.0	0.020127000000000003
22105.0	0.02012
22110.0	0.020083
22115.0	0.02002
22120.0	0.019936000000000002
22125.0	0.019833
22130.0	0.019716
22135.0	0.019591
22140.0	0.019464
22145.0	0.019344
22150.0	0.019236000000000003
22155.0	0.019147
22160.0	0.019082
22165.0	0.019045
22170.0	0.019037000000000002
22175.0	0.019057
22180.0	0.019102
22185.0	0.019166
22190.0	0.019246
22195.0	0.019334999999999998
22200.0	0.019425
22205.0	0.019505
22210.0	0.019569
22215.0	0.019615
22220.0	0.019641
22225.0	0.019642
22230.0	0.019619
22235.0	0.019574
22240.0	0.01951
22245.0	0.019434
22250.0	0.01935
22255.0	0.019266
22260.0	0.019188999999999998
22265.0	0.019122999999999998
22270.0	0.019074
22275.0	0.019047
22280.0	0.019042
22285.0	0.019061
22290.0	0.019101
22295.0	0.01916
22300.0	0.019233
22305.0	0.019316
22310.0	0.019400999999999998
22315.0	0.019484
22320.0	0.019558000000000002
22325.0	0.019618
22330.0	0.019662
22335.0	0.019687
22340.0	0.019691
22345.0	0.019677
22350.0	0.019645
22355.0	0.019597999999999997
22360.0	0.019540000000000002
22365.0	0.019475
22370.0	0.019407
22375.0	0.019339
22380.0	0.019274
22385.0	0.019216
22390.0	0.019165
22395.0	0.019122
22400.0	0.019088
22405.0	0.019062
22410.0	0.019042
22415.0	0.019028
22420.0	0.019015
22425.0	0.019004
22430.0	0.018991
22435.0	0.018976
22440.0	0.018956999999999998
22445.0	0.018933000000000002
22450.0	0.018904
22455.0	0.018869999999999998
22460.0	0.018831999999999998
22465.0	0.018791
22470.0	0.018747
22475.0	0.018703
22480.0	0.018659000000000002
22485.0	0.018618
22490.0	0.018579
22495.0	0.018545
22500.0	0.018515
22505.0	0.018491
22510.0	0.018472
22515.0	0.018459
22520.0	0.018451
22525.0	0.018447
22530.0	0.018447
22535.0	0.01845
22540.0	0.018455000000000003
22545.0	0.01846
22550.0	0.018465000000000002
22555.0	0.018469
22560.0	0.018471
22565.0	0.01847
22570.0	0.018463999999999998
22575.0	0.018453999999999998
22580.0	0.018437000000000002
22585.0	0.018415
22590.0	0.018387
22595.0	0.018353
22600.0	0.018313999999999997
22605.0	0.018271000000000003
22610.0	0.018223
22615.0	0.018175
22620.0	0.018126
22625.0	0.018078999999999998
22630.0	0.018037
22635.0	0.018001
22640.0	0.017973
22645.0	0.017953999999999998
22650.0	0.017943999999999998
22655.0	0.017945
22660.0	0.017955000000000002
22665.0	0.017972
22670.0	0.017996
22675.0	0.018024000000000002
22680.0	0.018053
22685.0	0.018081
22690.0	0.018105
22695.0	0.018123
22700.0	0.018132
22705.0	0.018132
22710.0	0.018122
22715.0	0.018103
22720.0	0.018075
22725.0	0.018042
22730.0	0.018008
22735.0	0.017975
22740.0	0.017943999999999998
22745.0	0.017922
22750.0	0.017915
22755.0	0.017927000000000002
22760.0	0.017955000000000002
22765.0	0.017997
22770.0	0.018054
22775.0	0.018125
22780.0	0.018206
22785.0	0.018292
22790.0	0.018377
22795.0	0.018455000000000003
22800.0	0.018519
22805.0	0.018563
22810.0	0.018580000000000003
22815.0	0.018565
22820.0	0.018517
22825.0	0.018433
22830.0	0.018318
22835.0	0.018175999999999998
22840.0	0.018015
22845.0	0.017844
22850.0	0.017671
22855.0	0.017506999999999998
22860.0	0.017358000000000002
22865.0	0.017231
22870.0	0.017131
22875.0	0.017062
22880.0	0.017026
22885.0	0.017025
22890.0	0.017057
22895.0	0.017119
22900.0	0.017209000000000002
22905.0	0.017322
22910.0	0.017449
22915.0	0.017584
22920.0	0.017715
22925.0	0.017833
22930.0	0.017927000000000002
22935.0	0.017988
22940.0	0.018008
22945.0	0.017986000000000002
22950.0	0.017921
22955.0	0.017819
22960.0	0.017687
22965.0	0.017535
22970.0	0.017377
22975.0	0.017221
22980.0	0.017079
22985.0	0.016958
22990.0	0.016863999999999997
22995.0	0.016802
23000.0	0.016772
23005.0	0.016776
23010.0	0.01681
23015.0	0.016873
23020.0	0.016958
23025.0	0.01706
23030.0	0.017169999999999998
23035.0	0.017278
23040.0	0.017375
23045.0	0.017453
23050.0	0.017505
23055.0	0.017526
23060.0	0.017513
23065.0	0.017469
23070.0	0.017397
23075.0	0.017303
23080.0	0.017195
23085.0	0.017081
23090.0	0.016969
23095.0	0.016865
23100.0	0.016777
23105.0	0.016708
23110.0	0.016662
23115.0	0.016641
23120.0	0.016646
23125.0	0.016677
23130.0	0.016731
23135.0	0.016806
23140.0	0.016898
23145.0	0.017001
23150.0	0.017109
23155.0	0.017214
23160.0	0.017308
23165.0	0.017383000000000003
23170.0	0.017431
23175.0	0.01745
23180.0	0.017436
23185.0	0.017388
23190.0	0.017312
23195.0	0.01721
23200.0	0.017091
23205.0	0.016961
23210.0	0.016829
23215.0	0.016702
23220.0	0.016585
23225.0	0.016483
23230.0	0.0164
23235.0	0.016338
23240.0	0.016296
23245.0	0.016274
23250.0	0.01627
23255.0	0.016281
23260.0	0.016303
23265.0	0.016332
23270.0	0.016363
23275.0	0.016393
23280.0	0.016418000000000002
23285.0	0.016436000000000003
23290.0	0.016444999999999998
23295.0	0.016444999999999998
23300.0	0.016436000000000003
23305.0	0.01642
23310.0	0.016398
23315.0	0.016373
23320.0	0.016349000000000002
23325.0	0.016327
23330.0	0.016312
23335.0	0.016302
23340.0	0.016299
23345.0	0.016304
23350.0	0.016316999999999998
23355.0	0.016337
23360.0	0.016365
23365.0	0.016396
23370.0	0.016429
23375.0	0.016458
23380.0	0.016481
23385.0	0.016495
23390.0	0.016496
23395.0	0.016485
23400.0	0.01646
23405.0	0.016424
23410.0	0.016377000000000003
23415.0	0.016324
23420.0	0.016267
23425.0	0.016212
23430.0	0.01616
23435.0	0.016118
23440.0	0.016086000000000003
23445.0	0.016068
23450.0	0.016064
23455.0	0.016076
23460.0	0.016101
23465.0	0.016138999999999997
23470.0	0.016189
23475.0	0.016247
23480.0	0.016311000000000003
23485.0	0.016375
23490.0	0.016434
23495.0	0.016484
23500.0	0.01652
23505.0	0.016538
23510.0	0.016535
23515.0	0.01651
23520.0	0.016463
23525.0	0.016397
23530.0	0.016313
23535.0	0.016217
23540.0	0.016114
23545.0	0.016008
23550.0	0.015905000000000002
23555.0	0.015809
23560.0	0.015724000000000002
23565.0	0.015650999999999998
23570.0	0.015593000000000001
23575.0	0.015549
23580.0	0.015519999999999999
23585.0	0.015505000000000001
23590.0	0.015502000000000002
23595.0	0.015509
23600.0	0.015522999999999999
23605.0	0.015541999999999999
23610.0	0.015562999999999999
23615.0	0.015584
23620.0	0.015602000000000001
23625.0	0.015614
23630.0	0.015623
23635.0	0.015627000000000002
23640.0	0.015628
23645.0	0.015625
23650.0	0.015619999999999998
23655.0	0.015616999999999999
23660.0	0.015618
23665.0	0.015625
23670.0	0.015641
23675.0	0.015668
23680.0	0.015705
23685.0	0.015754
23690.0	0.015813999999999998
23695.0	0.015881
23700.0	0.015954
23705.0	0.016027
23710.0	0.016094
23715.0	0.016148
23720.0	0.016184999999999998
23725.0	0.016198
23730.0	0.016184
23735.0	0.016143
23740.0	0.016075
23745.0	0.015983
23750.0	0.015871
23755.0	0.015744
23760.0	0.015607
23765.0	0.015465999999999999
23770.0	0.015325
23775.0	0.01519
23780.0	0.015066
23785.0	0.014955000000000001
23790.0	0.014862
23795.0	0.014788999999999998
23800.0	0.014737
23805.0	0.014709
23810.0	0.014705000000000001
23815.0	0.014725
23820.0	0.014768
23825.0	0.014832
23830.0	0.014913999999999998
23835.0	0.015009999999999999
23840.0	0.015113
23845.0	0.015218
23850.0	0.015319999999999999
23855.0	0.01541
23860.0	0.015484
23865.0	0.015537
23870.0	0.015566
23875.0	0.015569999999999999
23880.0	0.01555
23885.0	0.01551
23890.0	0.015451
23895.0	0.015378999999999999
23900.0	0.015297999999999999
23905.0	0.015212999999999999
23910.0	0.015127000000000002
23915.0	0.015040999999999999
23920.0	0.014961000000000002
23925.0	0.014893
23930.0	0.014838999999999998
23935.0	0.014797
23940.0	0.014765
23945.0	0.014745
23950.0	0.014735
23955.0	0.014738
23960.0	0.01475
23965.0	0.014769999999999998
23970.0	0.014796
23975.0	0.014825999999999999
23980.0	0.014856
23985.0	0.014884
23990.0	0.014908000000000001
23995.0	0.014928
24000.0	0.014941
24005.0	0.014948
24010.0	0.014949
24015.0	0.014943000000000001
24020.0	0.014931
24025.0	0.014915000000000001
24030.0	0.014894999999999999
24035.0	0.014872
24040.0	0.014846999999999999
24045.0	0.014819
24050.0	0.014791
24055.0	0.014761000000000002
24060.0	0.014730000000000002
24065.0	0.014699
24070.0	0.014666
24075.0	0.014634000000000001
24080.0	0.014602
24085.0	0.014571
24090.0	0.014542
24095.0	0.014515
24100.0	0.014490000000000001
24105.0	0.014468
24110.0	0.01445
24115.0	0.014437
24120.0	0.014428999999999999
24125.0	0.014428
24130.0	0.014435
24135.0	0.01445
24140.0	0.014473
24145.0	0.014506
24150.0	0.014547999999999998
24155.0	0.014599
24160.0	0.014655000000000001
24165.0	0.014715
24170.0	0.014774
24175.0	0.014830000000000001
24180.0	0.014875999999999999
24185.0	0.014909
24190.0	0.014924000000000002
24195.0	0.014919
24200.0	0.014891999999999999
24205.0	0.014844999999999999
24210.0	0.014778999999999999
24215.0	0.014700999999999999
24220.0	0.014613
24225.0	0.014521000000000001
24230.0	0.014428
24235.0	0.014341
24240.0	0.014266999999999998
24245.0	0.014207
24250.0	0.014159999999999999
24255.0	0.014122999999999998
24260.0	0.014100999999999999
24265.0	0.014093000000000001
24270.0	0.0141
24275.0	0.014119
24280.0	0.014149
24285.0	0.014187
24290.0	0.014233
24295.0	0.014281
24300.0	0.01433
24305.0	0.014376
24310.0	0.014412999999999999
24315.0	0.014438
24320.0	0.014447
24325.0	0.014437
24330.0	0.014405000000000001
24335.0	0.014351
24340.0	0.014277000000000001
24345.0	0.014188
24350.0	0.014086000000000001
24355.0	0.013980000000000001
24360.0	0.013875
24365.0	0.013777000000000001
24370.0	0.013691
24375.0	0.013621000000000001
24380.0	0.013569999999999999
24385.0	0.013537
24390.0	0.013522
24395.0	0.013525
24400.0	0.013544
24405.0	0.013575
24410.0	0.013618
24415.0	0.013666999999999999
24420.0	0.013722
24425.0	0.013778
24430.0	0.013831999999999999
24435.0	0.013881000000000001
24440.0	0.013921000000000001
24445.0	0.013949000000000001
24450.0	0.01396
24455.0	0.013952
24460.0	0.013924
24465.0	0.013872999999999998
24470.0	0.013803
24475.0	0.013715
24480.0	0.013616
24485.0	0.013511000000000002
24490.0	0.013406999999999999
24495.0	0.013312000000000001
24500.0	0.013234000000000001
24505.0	0.013177000000000001
24510.0	0.013144999999999999
24515.0	0.013141
24520.0	0.013163999999999999
24525.0	0.013212
24530.0	0.013281999999999999
24535.0	0.013368000000000001
24540.0	0.013465999999999999
24545.0	0.013572
24550.0	0.013682
24555.0	0.013788
24560.0	0.013881000000000001
24565.0	0.013956999999999999
24570.0	0.014013999999999999
24575.0	0.014053
24580.0	0.01407
24585.0	0.014062999999999999
24590.0	0.014031
24595.0	0.013977000000000002
24600.0	0.013903
24605.0	0.013815000000000001
24610.0	0.013715
24615.0	0.013609
24620.0	0.013503
24625.0	0.013403
24630.0	0.013313
24635.0	0.013237
24640.0	0.01318
24645.0	0.013144
24650.0	0.013130000000000001
24655.0	0.013138999999999998
24660.0	0.013169
24665.0	0.013219999999999999
24670.0	0.013288
24675.0	0.013369999999999998
24680.0	0.01346
24685.0	0.013553
24690.0	0.013644
24695.0	0.013725
24700.0	0.013791999999999999
24705.0	0.01384
24710.0	0.013865
24715.0	0.013865
24720.0	0.01384
24725.0	0.013791999999999999
24730.0	0.013722
24735.0	0.013636
24740.0	0.013538
24745.0	0.013434999999999999
24750.0	0.013332
24755.0	0.013234000000000001
24760.0	0.013146000000000001
24765.0	0.013069999999999998
24770.0	0.013012000000000001
24775.0	0.012971000000000002
24780.0	0.01295
24785.0	0.012947
24790.0	0.012962999999999999
24795.0	0.012995
24800.0	0.013040000000000001
24805.0	0.013094
24810.0	0.013155000000000002
24815.0	0.013218
24820.0	0.013278
24825.0	0.013331
24830.0	0.013372
24835.0	0.013399000000000001
24840.0	0.013406999999999999
24845.0	0.013394999999999999
24850.0	0.013363
24855.0	0.013309
24860.0	0.013236000000000001
24865.0	0.013149000000000001
24870.0	0.013049000000000002
24875.0	0.01294
24880.0	0.012827000000000002
24885.0	0.012719
24890.0	0.012625
24895.0	0.012551
24900.0	0.012498
24905.0	0.012463
24910.0	0.01245
24915.0	0.012459
24920.0	0.012492
24925.0	0.012542
24930.0	0.012606000000000001
24935.0	0.012681999999999999
24940.0	0.012768999999999999
24945.0	0.012859
24950.0	0.012933000000000002
24955.0	0.012981
24960.0	0.013046
24965.0	0.013179
24970.0	0.0133
24975.0	0.013199
24980.0	0.012692
24985.0	0.011738
24990.0	0.0
24995.0	0.0
25000.0	0.0
