#wave	flux
1150.0	0.006516
1155.0	0.018401
1160.0	0.015602000000000001
1165.0	0.0
1170.0	0.0
1175.0	0.0
1180.0	0.0
1185.0	0.0
1190.0	0.0
1195.0	0.0
1200.0	0.0
1205.0	0.000336
1210.0	0.01618
1215.0	0.020992
1220.0	0.013106
1225.0	0.004364
1230.0	0.00038700000000000003
1235.0	0.00082
1240.0	0.0024519999999999998
1245.0	0.004063000000000001
1250.0	0.00232
1255.0	0.0035619999999999996
1260.0	0.00399
1265.0	0.000336
1270.0	0.002562
1275.0	0.002182
1280.0	0.004004
1285.0	0.004936
1290.0	0.001029
1295.0	0.0
1300.0	0.000781
1305.0	0.003788
1310.0	0.004194
1315.0	0.002025
1320.0	0.0
1325.0	0.0019030000000000002
1330.0	0.001492
1335.0	0.0012230000000000001
1340.0	0.00312
1345.0	0.0016719999999999999
1350.0	0.000585
1355.0	0.002153
1360.0	0.002374
1365.0	0.000724
1370.0	0.0
1375.0	0.001066
1380.0	0.000383
1385.0	0.0
1390.0	0.0
1395.0	0.0
1400.0	0.0018
1405.0	0.004077
1410.0	0.0
1415.0	0.0
1420.0	0.00022999999999999998
1425.0	0.001268
1430.0	0.0014529999999999999
1435.0	0.0
1440.0	0.000123
1445.0	0.0021739999999999997
1450.0	0.001482
1455.0	0.0014199999999999998
1460.0	0.0026079999999999996
1465.0	0.001518
1470.0	0.004072
1475.0	0.0029809999999999997
1480.0	0.0
1485.0	0.0
1490.0	0.0
1495.0	0.001286
1500.0	0.0
1505.0	0.000231
1510.0	0.002091
1515.0	0.001498
1520.0	0.0
1525.0	0.0
1530.0	0.0
1535.0	0.0051979999999999995
1540.0	0.006111
1545.0	0.003826
1550.0	0.001275
1555.0	0.004071
1560.0	0.003948
1565.0	0.004145
1570.0	0.000134
1575.0	0.00037999999999999997
1580.0	0.0040939999999999995
1585.0	0.002963
1590.0	0.0
1595.0	0.00412
1600.0	0.004887
1605.0	0.0
1610.0	0.000346
1615.0	0.001533
1620.0	0.00399
1625.0	0.0021850000000000003
1630.0	0.000202
1635.0	0.002062
1640.0	0.001308
1645.0	0.000721
1650.0	0.000129
1655.0	0.00165
1660.0	0.0033049999999999998
1665.0	0.005093
1670.0	0.004683
1675.0	0.004413
1680.0	0.003959000000000001
1685.0	0.003988
1690.0	0.007293000000000001
1695.0	0.006833
1700.0	0.013472999999999999
1705.0	0.020165
1710.0	0.026598
1715.0	0.031218
1720.0	0.030793
1725.0	0.035054
1730.0	0.03916
1735.0	0.037813
1740.0	0.043114
1745.0	0.052198
1750.0	0.063501
1755.0	0.073784
1760.0	0.070752
1765.0	0.069438
1770.0	0.08427
1775.0	0.10452
1780.0	0.10969000000000001
1785.0	0.10553299999999999
1790.0	0.10891500000000001
1795.0	0.10707
1800.0	0.115619
1805.0	0.102064
1810.0	0.10467699999999999
1815.0	0.116443
1820.0	0.11757999999999999
1825.0	0.12551400000000001
1830.0	0.128547
1835.0	0.12013
1840.0	0.099231
1845.0	0.081585
1850.0	0.079463
1855.0	0.09764
1860.0	0.109949
1865.0	0.119585
1870.0	0.13328800000000002
1875.0	0.13367
1880.0	0.144082
1885.0	0.147677
1890.0	0.139935
1895.0	0.13369
1900.0	0.12798900000000002
1905.0	0.133968
1910.0	0.142612
1915.0	0.15435
1920.0	0.155658
1925.0	0.138397
1930.0	0.100566
1935.0	0.096943
1940.0	0.148169
1945.0	0.18521300000000002
1950.0	0.183559
1955.0	0.159956
1960.0	0.167002
1965.0	0.173065
1970.0	0.17288199999999998
1975.0	0.19074100000000002
1980.0	0.166393
1985.0	0.15838
1990.0	0.145467
1995.0	0.125976
2000.0	0.121498
2005.0	0.158699
2010.0	0.155724
2015.0	0.16179300000000002
2020.0	0.165154
2025.0	0.169128
2030.0	0.17388199999999998
2035.0	0.172225
2040.0	0.183948
2045.0	0.19572699999999998
2050.0	0.22011
2055.0	0.222203
2060.0	0.20596
2065.0	0.21184899999999998
2070.0	0.197372
2075.0	0.210773
2080.0	0.245565
2085.0	0.273278
2090.0	0.25960900000000003
2095.0	0.22561599999999998
2100.0	0.217125
2105.0	0.229304
2110.0	0.22730300000000003
2115.0	0.22582600000000003
2120.0	0.241999
2125.0	0.255474
2130.0	0.26167399999999996
2135.0	0.23061700000000002
2140.0	0.226352
2145.0	0.248335
2150.0	0.246989
2155.0	0.252625
2160.0	0.269217
2165.0	0.23285799999999998
2170.0	0.20003800000000002
2175.0	0.21161300000000002
2180.0	0.20731100000000002
2185.0	0.229359
2190.0	0.258531
2195.0	0.26264099999999996
2200.0	0.264112
2205.0	0.267018
2210.0	0.267822
2215.0	0.229503
2220.0	0.228892
2225.0	0.212049
2230.0	0.225332
2235.0	0.24900500000000003
2240.0	0.29347199999999996
2245.0	0.277648
2250.0	0.241421
2255.0	0.246126
2260.0	0.248381
2265.0	0.22807800000000003
2270.0	0.216883
2275.0	0.22023099999999998
2280.0	0.220131
2285.0	0.217178
2290.0	0.240128
2295.0	0.247741
2300.0	0.249121
2305.0	0.213004
2310.0	0.21961999999999998
2315.0	0.242211
2320.0	0.24139000000000002
2325.0	0.22317399999999998
2330.0	0.226018
2335.0	0.214319
2340.0	0.207227
2345.0	0.177476
2350.0	0.153699
2355.0	0.16206199999999998
2360.0	0.196049
2365.0	0.211723
2370.0	0.186104
2375.0	0.204096
2380.0	0.201997
2385.0	0.16389
2390.0	0.14608800000000002
2395.0	0.166222
2400.0	0.165175
2405.0	0.147066
2410.0	0.13901
2415.0	0.122271
2420.0	0.159909
2425.0	0.220658
2430.0	0.24932100000000001
2435.0	0.249031
2440.0	0.242686
2445.0	0.24919899999999998
2450.0	0.253475
2455.0	0.224227
2460.0	0.21145300000000003
2465.0	0.237325
2470.0	0.229275
2475.0	0.214304
2480.0	0.210716
2485.0	0.22258499999999998
2490.0	0.208135
2495.0	0.189588
2500.0	0.21322600000000003
2505.0	0.241907
2510.0	0.217977
2515.0	0.208921
2520.0	0.18437699999999999
2525.0	0.156371
2530.0	0.166571
2535.0	0.16509200000000002
2540.0	0.176618
2545.0	0.185265
2550.0	0.179832
2555.0	0.203152
2560.0	0.222137
2565.0	0.23199099999999998
2570.0	0.261677
2575.0	0.289213
2580.0	0.283062
2585.0	0.274223
2590.0	0.270498
2595.0	0.28949899999999995
2600.0	0.257424
2605.0	0.219532
2610.0	0.22236399999999998
2615.0	0.210825
2620.0	0.23606300000000002
2625.0	0.273106
2630.0	0.25669699999999995
2635.0	0.259844
2640.0	0.341871
2645.0	0.41052
2650.0	0.435537
2655.0	0.441651
2660.0	0.44726800000000005
2665.0	0.42734799999999995
2670.0	0.40399
2675.0	0.390473
2680.0	0.43488999999999994
2685.0	0.448929
2690.0	0.440903
2695.0	0.397875
2700.0	0.387452
2705.0	0.397458
2710.0	0.404061
2715.0	0.376313
2720.0	0.377295
2725.0	0.365082
2730.0	0.393303
2735.0	0.42068900000000004
2740.0	0.375888
2745.0	0.293731
2750.0	0.262085
2755.0	0.280875
2760.0	0.282987
2765.0	0.327029
2770.0	0.346511
2775.0	0.36694899999999997
2780.0	0.37874800000000003
2785.0	0.356053
2790.0	0.331771
2795.0	0.23925300000000002
2800.0	0.130613
2805.0	0.103486
2810.0	0.167497
2815.0	0.292417
2820.0	0.406158
2825.0	0.481317
2830.0	0.47662299999999996
2835.0	0.464466
2840.0	0.455417
2845.0	0.44177799999999995
2850.0	0.42682200000000003
2855.0	0.382612
2860.0	0.396329
2865.0	0.45176499999999997
2870.0	0.46647
2875.0	0.45075600000000005
2880.0	0.482865
2885.0	0.47327299999999994
2890.0	0.44865
2895.0	0.482308
2900.0	0.487353
2905.0	0.480962
2910.0	0.523744
2915.0	0.529762
2920.0	0.5398069999999999
2925.0	0.5046189999999999
2930.0	0.481749
2935.0	0.5066229999999999
2940.0	0.490546
2945.0	0.529389
2950.0	0.541192
2955.0	0.508656
2960.0	0.5454979999999999
2965.0	0.580471
2970.0	0.5592600000000001
2975.0	0.5691609999999999
2980.0	0.553521
2985.0	0.541834
2990.0	0.53708
2995.0	0.5688979999999999
3000.0	0.570764
3005.0	0.518654
3010.0	0.55307
3015.0	0.558363
3020.0	0.5367109999999999
3025.0	0.5133770000000001
3030.0	0.543219
3035.0	0.545255
3040.0	0.526695
3045.0	0.5181560000000001
3050.0	0.5327930000000001
3055.0	0.54973
3060.0	0.560882
3065.0	0.5366529999999999
3070.0	0.543488
3075.0	0.535516
3080.0	0.56165
3085.0	0.596122
3090.0	0.581026
3095.0	0.5290060000000001
3100.0	0.5027659999999999
3105.0	0.50775
3110.0	0.558864
3115.0	0.5810609999999999
3120.0	0.561329
3125.0	0.557401
3130.0	0.5561
3135.0	0.56566
3140.0	0.598073
3145.0	0.590608
3150.0	0.561044
3155.0	0.5671069999999999
3160.0	0.593092
3165.0	0.599733
3170.0	0.6006779999999999
3175.0	0.603763
3180.0	0.582952
3185.0	0.572806
3190.0	0.594757
3195.0	0.594491
3200.0	0.662738
3205.0	0.655942
3210.0	0.637716
3215.0	0.6128
3220.0	0.592222
3225.0	0.585486
3230.0	0.589707
3235.0	0.60048
3240.0	0.619693
3245.0	0.648386
3250.0	0.677899
3255.0	0.698141
3260.0	0.703015
3265.0	0.691986
3270.0	0.682778
3275.0	0.6920149999999999
3280.0	0.71365
3285.0	0.736649
3290.0	0.7527010000000001
3295.0	0.756392
3300.0	0.751167
3305.0	0.742268
3310.0	0.733259
3315.0	0.726471
3320.0	0.720979
3325.0	0.715855
3330.0	0.7134189999999999
3335.0	0.715745
3340.0	0.7206819999999999
3345.0	0.724808
3350.0	0.7238479999999999
3355.0	0.7153109999999999
3360.0	0.7047100000000001
3365.0	0.6989
3370.0	0.702114
3375.0	0.715493
3380.0	0.730429
3385.0	0.7378439999999999
3390.0	0.736537
3395.0	0.728426
3400.0	0.72005
3405.0	0.717467
3410.0	0.720206
3415.0	0.725479
3420.0	0.727763
3425.0	0.722385
3430.0	0.7108140000000001
3435.0	0.697231
3440.0	0.690512
3445.0	0.697242
3450.0	0.710136
3455.0	0.719738
3460.0	0.721776
3465.0	0.714986
3470.0	0.704954
3475.0	0.698083
3480.0	0.697204
3485.0	0.703735
3490.0	0.717033
3495.0	0.73448
3500.0	0.7476119999999999
3505.0	0.748997
3510.0	0.781551
3515.0	0.771053
3520.0	0.7668689999999999
3525.0	0.7705380000000001
3530.0	0.788552
3535.0	0.812351
3540.0	0.825816
3545.0	0.8422790000000001
3550.0	0.8359190000000001
3555.0	0.815267
3560.0	0.797229
3565.0	0.764033
3570.0	0.7416689999999999
3575.0	0.7489979999999999
3580.0	0.741392
3585.0	0.74493
3590.0	0.788188
3595.0	0.822183
3600.0	0.81085
3605.0	0.785994
3610.0	0.801662
3615.0	0.800946
3620.0	0.818149
3625.0	0.841253
3630.0	0.8342200000000001
3635.0	0.842363
3640.0	0.8449030000000001
3645.0	0.843046
3650.0	0.8742200000000001
3655.0	0.9076120000000001
3660.0	0.917853
3665.0	0.914509
3670.0	0.898458
3675.0	0.885157
3680.0	0.8724799999999999
3685.0	0.881965
3690.0	0.911643
3695.0	0.9138719999999999
3700.0	0.8907879999999999
3705.0	0.8680770000000001
3710.0	0.88565
3715.0	0.9153690000000001
3720.0	0.896309
3725.0	0.899085
3730.0	0.877468
3735.0	0.844542
3740.0	0.879813
3745.0	0.8601639999999999
3750.0	0.8518319999999999
3755.0	0.9216030000000001
3760.0	0.9653370000000001
3765.0	0.934377
3770.0	0.911748
3775.0	0.998549
3780.0	1.096184
3785.0	1.087206
3790.0	1.01032
3795.0	0.9322790000000001
3800.0	0.9541860000000001
3805.0	1.060609
3810.0	1.101424
3815.0	1.073042
3820.0	1.0315239999999999
3825.0	0.947459
3830.0	0.826176
3835.0	0.774626
3840.0	0.905265
3845.0	1.072122
3850.0	1.1439489999999999
3855.0	1.146134
3860.0	1.1496600000000001
3865.0	1.174512
3870.0	1.148046
3875.0	1.105018
3880.0	1.028873
3885.0	0.922567
3890.0	0.898149
3895.0	0.986612
3900.0	1.06051
3905.0	1.0974540000000002
3910.0	1.1322219999999998
3915.0	1.125091
3920.0	1.0619049999999999
3925.0	0.8994110000000001
3930.0	0.676372
3935.0	0.656489
3940.0	0.8844290000000001
3945.0	1.051995
3950.0	1.1050440000000001
3955.0	1.083402
3960.0	0.932167
3965.0	0.7167939999999999
3970.0	0.693389
3975.0	0.9131799999999999
3980.0	1.0884209999999999
3985.0	1.165662
3990.0	1.210503
3995.0	1.221789
4000.0	1.222847
4005.0	1.2337559999999999
4010.0	1.250756
4015.0	1.258182
4020.0	1.262285
4025.0	1.254386
4030.0	1.240675
4035.0	1.2486
4040.0	1.246353
4045.0	1.246697
4050.0	1.245063
4055.0	1.240156
4060.0	1.2240360000000001
4065.0	1.214796
4070.0	1.211516
4075.0	1.1995360000000002
4080.0	1.207811
4085.0	1.211388
4090.0	1.179034
4095.0	1.075648
4100.0	0.979289
4105.0	1.029331
4110.0	1.151216
4115.0	1.212575
4120.0	1.234277
4125.0	1.234559
4130.0	1.238057
4135.0	1.253611
4140.0	1.258441
4145.0	1.254184
4150.0	1.251455
4155.0	1.2471860000000001
4160.0	1.2511379999999999
4165.0	1.25686
4170.0	1.226277
4175.0	1.217329
4180.0	1.221324
4185.0	1.224509
4190.0	1.237287
4195.0	1.233743
4200.0	1.2179790000000001
4205.0	1.231652
4210.0	1.245508
4215.0	1.2292969999999999
4220.0	1.206232
4225.0	1.194724
4230.0	1.1929040000000002
4235.0	1.216656
4240.0	1.221653
4245.0	1.212281
4250.0	1.206666
4255.0	1.213644
4260.0	1.2202549999999999
4265.0	1.215032
4270.0	1.195181
4275.0	1.186401
4280.0	1.195024
4285.0	1.1724860000000001
4290.0	1.145685
4295.0	1.110629
4300.0	1.064775
4305.0	1.044936
4310.0	1.075779
4315.0	1.142028
4320.0	1.166696
4325.0	1.1627319999999999
4330.0	1.135666
4335.0	1.034437
4340.0	0.9618450000000001
4345.0	1.024139
4350.0	1.119146
4355.0	1.179733
4360.0	1.2211020000000001
4365.0	1.2342739999999999
4370.0	1.223457
4375.0	1.2094040000000001
4380.0	1.196224
4385.0	1.186339
4390.0	1.206012
4395.0	1.215114
4400.0	1.207435
4405.0	1.209433
4410.0	1.224159
4415.0	1.22838
4420.0	1.2369350000000001
4425.0	1.244551
4430.0	1.236478
4435.0	1.237539
4440.0	1.23455
4445.0	1.225516
4450.0	1.210517
4455.0	1.204961
4460.0	1.208812
4465.0	1.216314
4470.0	1.219359
4475.0	1.231652
4480.0	1.226423
4485.0	1.222713
4490.0	1.227824
4495.0	1.234687
4500.0	1.246378
4505.0	1.254057
4510.0	1.2467219999999999
4515.0	1.239954
4520.0	1.22858
4525.0	1.215997
4530.0	1.1959870000000001
4535.0	1.200472
4540.0	1.214136
4545.0	1.208826
4550.0	1.200574
4555.0	1.2132209999999999
4560.0	1.230181
4565.0	1.219731
4570.0	1.212283
4575.0	1.213471
4580.0	1.2066709999999998
4585.0	1.2059229999999999
4590.0	1.2108860000000001
4595.0	1.2034559999999999
4600.0	1.20694
4605.0	1.2034479999999999
4610.0	1.195555
4615.0	1.192439
4620.0	1.212346
4625.0	1.204912
4630.0	1.200389
4635.0	1.2027889999999999
4640.0	1.2057799999999999
4645.0	1.199367
4650.0	1.1922620000000002
4655.0	1.192025
4660.0	1.1963270000000001
4665.0	1.203311
4670.0	1.197811
4675.0	1.190436
4680.0	1.204014
4685.0	1.2066649999999999
4690.0	1.205264
4695.0	1.199786
4700.0	1.184507
4705.0	1.181019
4710.0	1.1737229999999998
4715.0	1.165334
4720.0	1.15855
4725.0	1.176456
4730.0	1.181136
4735.0	1.17255
4740.0	1.166102
4745.0	1.17024
4750.0	1.17533
4755.0	1.1696520000000001
4760.0	1.162288
4765.0	1.158253
4770.0	1.162064
4775.0	1.1634309999999999
4780.0	1.177068
4785.0	1.1755790000000002
4790.0	1.177357
4795.0	1.171108
4800.0	1.165223
4805.0	1.164131
4810.0	1.158984
4815.0	1.161068
4820.0	1.166964
4825.0	1.166173
4830.0	1.165733
4835.0	1.160213
4840.0	1.1494520000000001
4845.0	1.138366
4850.0	1.106827
4855.0	1.036297
4860.0	0.989131
4865.0	0.971669
4870.0	1.0006329999999999
4875.0	1.037901
4880.0	1.092518
4885.0	1.1096219999999999
4890.0	1.12885
4895.0	1.147553
4900.0	1.1493010000000001
4905.0	1.148148
4910.0	1.140868
4915.0	1.134142
4920.0	1.1354520000000001
4925.0	1.1344319999999999
4930.0	1.129702
4935.0	1.134773
4940.0	1.148462
4945.0	1.144072
4950.0	1.1442620000000001
4955.0	1.147785
4960.0	1.136528
4965.0	1.138681
4970.0	1.142963
4975.0	1.1407690000000001
4980.0	1.132734
4985.0	1.128004
4990.0	1.126941
4995.0	1.123984
5000.0	1.126325
5005.0	1.114175
5010.0	1.108269
5015.0	1.1025
5020.0	1.1068149999999999
5025.0	1.111376
5030.0	1.1175190000000002
5035.0	1.1185610000000001
5040.0	1.112951
5045.0	1.103561
5050.0	1.107644
5055.0	1.110033
5060.0	1.116363
5065.0	1.122257
5070.0	1.117168
5075.0	1.108665
5080.0	1.0996489999999999
5085.0	1.10184
5090.0	1.109587
5095.0	1.110649
5100.0	1.1153540000000002
5105.0	1.110296
5110.0	1.11152
5115.0	1.110587
5120.0	1.100402
5125.0	1.0998569999999999
5130.0	1.090515
5135.0	1.082017
5140.0	1.0791469999999999
5145.0	1.07786
5150.0	1.0793979999999999
5155.0	1.076578
5160.0	1.072271
5165.0	1.0512629999999998
5170.0	1.027678
5175.0	1.020493
5180.0	1.017652
5185.0	1.0242040000000001
5190.0	1.0295239999999999
5195.0	1.0377969999999999
5200.0	1.046107
5205.0	1.0504930000000001
5210.0	1.0540479999999999
5215.0	1.056886
5220.0	1.060901
5225.0	1.056237
5230.0	1.049094
5235.0	1.054759
5240.0	1.066501
5245.0	1.0719319999999999
5250.0	1.069418
5255.0	1.061582
5260.0	1.0479450000000001
5265.0	1.02502
5270.0	1.008532
5275.0	1.0199719999999999
5280.0	1.0383229999999999
5285.0	1.049625
5290.0	1.054233
5295.0	1.06082
5300.0	1.066447
5305.0	1.0590680000000001
5310.0	1.05513
5315.0	1.052933
5320.0	1.043548
5325.0	1.036932
5330.0	1.032986
5335.0	1.038378
5340.0	1.04485
5345.0	1.04293
5350.0	1.043607
5355.0	1.049568
5360.0	1.049121
5365.0	1.0400209999999999
5370.0	1.030933
5375.0	1.031593
5380.0	1.03966
5385.0	1.035615
5390.0	1.0347540000000002
5395.0	1.032392
5400.0	1.023724
5405.0	1.018053
5410.0	1.017263
5415.0	1.025125
5420.0	1.027432
5425.0	1.0263010000000001
5430.0	1.024426
5435.0	1.022545
5440.0	1.0236120000000002
5445.0	1.0188270000000001
5450.0	1.008621
5455.0	1.0101229999999999
5460.0	1.015551
5465.0	1.018515
5470.0	1.0098770000000001
5475.0	1.011483
5480.0	1.011416
5485.0	1.016473
5490.0	1.016839
5495.0	1.0137399999999999
5500.0	1.016124
5505.0	1.013159
5510.0	1.0086549999999999
5515.0	1.009517
5520.0	1.008315
5525.0	1.006991
5530.0	1.002815
5535.0	1.0051430000000001
5540.0	1.01006
5545.0	1.015608
5550.0	1.017231
5555.0	1.008532
5560.0	1.005334
5565.0	1.001808
5570.0	0.9939540000000001
5575.0	0.995426
5580.0	0.9999180000000001
5585.0	0.983748
5590.0	0.977675
5595.0	0.977474
5600.0	0.9804360000000001
5605.0	0.9895709999999999
5610.0	0.995699
5615.0	0.9830129999999999
5620.0	0.9800989999999999
5625.0	0.987762
5630.0	0.9873770000000001
5635.0	0.992051
5640.0	0.990732
5645.0	0.991942
5650.0	0.989633
5655.0	0.978714
5660.0	0.972309
5665.0	0.971686
5670.0	0.977714
5675.0	0.981377
5680.0	0.9738049999999999
5685.0	0.9642040000000001
5690.0	0.9670120000000001
5695.0	0.9735520000000001
5700.0	0.9721559999999999
5705.0	0.9653709999999999
5710.0	0.9608399999999999
5715.0	0.964327
5720.0	0.9628909999999999
5725.0	0.965958
5730.0	0.966902
5735.0	0.966828
5740.0	0.9640350000000001
5745.0	0.958161
5750.0	0.957865
5755.0	0.956624
5760.0	0.9538459999999999
5765.0	0.9558690000000001
5770.0	0.95986
5775.0	0.962765
5780.0	0.956699
5785.0	0.9491879999999999
5790.0	0.951825
5795.0	0.950017
5800.0	0.9502290000000001
5805.0	0.9529209999999999
5810.0	0.951369
5815.0	0.94952
5820.0	0.9524959999999999
5825.0	0.955634
5830.0	0.9568260000000001
5835.0	0.956045
5840.0	0.953615
5845.0	0.948235
5850.0	0.940944
5855.0	0.932009
5860.0	0.937783
5865.0	0.9487190000000001
5870.0	0.9463950000000001
5875.0	0.940383
5880.0	0.922026
5885.0	0.89489
5890.0	0.8820129999999999
5895.0	0.8966940000000001
5900.0	0.918845
5905.0	0.927642
5910.0	0.9235909999999999
5915.0	0.9199510000000001
5920.0	0.9164530000000001
5925.0	0.9164209999999999
5930.0	0.9177719999999999
5935.0	0.9213879999999999
5940.0	0.908251
5945.0	0.900869
5950.0	0.9027430000000001
5955.0	0.9112319999999999
5960.0	0.9189959999999999
5965.0	0.914393
5970.0	0.909856
5975.0	0.905637
5980.0	0.908493
5985.0	0.9031319999999999
5990.0	0.9082889999999999
5995.0	0.913106
6000.0	0.909748
6005.0	0.903849
6010.0	0.900552
6015.0	0.896912
6020.0	0.8935850000000001
6025.0	0.8915860000000001
6030.0	0.8895540000000001
6035.0	0.8935780000000001
6040.0	0.895623
6045.0	0.89931
6050.0	0.8947280000000001
6055.0	0.894784
6060.0	0.8907959999999999
6065.0	0.8881889999999999
6070.0	0.88689
6075.0	0.876034
6080.0	0.87492
6085.0	0.8808459999999999
6090.0	0.879173
6095.0	0.8749450000000001
6100.0	0.873343
6105.0	0.876218
6110.0	0.8740549999999999
6115.0	0.8682059999999999
6120.0	0.867301
6125.0	0.8640950000000001
6130.0	0.856508
6135.0	0.847866
6140.0	0.8584930000000001
6145.0	0.859574
6150.0	0.86655
6155.0	0.8593299999999999
6160.0	0.856008
6165.0	0.8486819999999999
6170.0	0.849835
6175.0	0.86235
6180.0	0.8641719999999999
6185.0	0.8533879999999999
6190.0	0.856066
6195.0	0.8630909999999999
6200.0	0.863432
6205.0	0.8646379999999999
6210.0	0.860025
6215.0	0.851949
6220.0	0.8442959999999999
6225.0	0.841899
6230.0	0.844092
6235.0	0.845425
6240.0	0.84606
6245.0	0.8450469999999999
6250.0	0.837657
6255.0	0.8401430000000001
6260.0	0.8338040000000001
6265.0	0.8299200000000001
6270.0	0.820282
6275.0	0.815653
6280.0	0.807537
6285.0	0.816917
6290.0	0.830037
6295.0	0.8262379999999999
6300.0	0.8281209999999999
6305.0	0.8251290000000001
6310.0	0.825658
6315.0	0.8192159999999999
6320.0	0.821866
6325.0	0.8296389999999999
6330.0	0.820709
6335.0	0.8202389999999999
6340.0	0.823091
6345.0	0.820915
6350.0	0.817295
6355.0	0.814281
6360.0	0.815732
6365.0	0.816513
6370.0	0.8195610000000001
6375.0	0.815746
6380.0	0.807117
6385.0	0.807407
6390.0	0.804192
6395.0	0.801036
6400.0	0.804517
6405.0	0.805095
6410.0	0.8089310000000001
6415.0	0.803481
6420.0	0.803092
6425.0	0.8025329999999999
6430.0	0.804639
6435.0	0.800975
6440.0	0.800549
6445.0	0.795551
6450.0	0.79081
6455.0	0.787478
6460.0	0.7787470000000001
6465.0	0.7794409999999999
6470.0	0.785637
6475.0	0.7810739999999999
6480.0	0.781351
6485.0	0.771868
6490.0	0.768986
6495.0	0.773409
6500.0	0.776051
6505.0	0.774216
6510.0	0.776143
6515.0	0.775608
6520.0	0.770825
6525.0	0.7659239999999999
6530.0	0.757245
6535.0	0.7456699999999999
6540.0	0.7336590000000001
6545.0	0.707375
6550.0	0.6694140000000001
6555.0	0.633942
6560.0	0.652101
6565.0	0.6742520000000001
6570.0	0.711097
6575.0	0.741874
6580.0	0.751939
6585.0	0.754771
6590.0	0.75146
6595.0	0.7530100000000001
6600.0	0.75837
6605.0	0.760171
6610.0	0.762456
6615.0	0.760988
6620.0	0.7564890000000001
6625.0	0.760035
6630.0	0.758541
6635.0	0.7561140000000001
6640.0	0.752707
6645.0	0.751939
6650.0	0.752898
6655.0	0.7508050000000001
6660.0	0.744034
6665.0	0.7503890000000001
6670.0	0.751879
6675.0	0.749034
6680.0	0.750269
6685.0	0.752475
6690.0	0.75112
6695.0	0.743391
6700.0	0.740959
6705.0	0.741888
6710.0	0.735934
6715.0	0.736005
6720.0	0.736222
6725.0	0.735913
6730.0	0.728959
6735.0	0.7323149999999999
6740.0	0.731399
6745.0	0.731263
6750.0	0.73141
6755.0	0.732059
6760.0	0.7283609999999999
6765.0	0.722785
6770.0	0.718785
6775.0	0.725751
6780.0	0.7276630000000001
6785.0	0.722475
6790.0	0.725964
6795.0	0.727723
6800.0	0.725596
6805.0	0.7272810000000001
6810.0	0.730692
6815.0	0.728147
6820.0	0.7252
6825.0	0.72933
6830.0	0.727718
6835.0	0.727164
6840.0	0.7261380000000001
6845.0	0.725111
6850.0	0.7240850000000001
6855.0	0.723058
6860.0	0.722032
6865.0	0.721005
6870.0	0.719979
6875.0	0.718952
6880.0	0.7179260000000001
6885.0	0.7169
6890.0	0.715873
6895.0	0.714847
6900.0	0.71382
6905.0	0.7127939999999999
6910.0	0.711767
6915.0	0.710741
6920.0	0.7097140000000001
6925.0	0.708688
6930.0	0.707661
6935.0	0.706635
6940.0	0.705608
6945.0	0.7045819999999999
6950.0	0.703555
6955.0	0.702529
6960.0	0.701503
6965.0	0.700476
6970.0	0.69945
6975.0	0.6984229999999999
6980.0	0.6893520000000001
6985.0	0.687578
6990.0	0.685859
6995.0	0.690926
7000.0	0.686979
7005.0	0.6808109999999999
7010.0	0.680204
7015.0	0.6806909999999999
7020.0	0.675403
7025.0	0.670792
7030.0	0.675067
7035.0	0.676856
7040.0	0.675904
7045.0	0.67919
7050.0	0.679804
7055.0	0.6741590000000001
7060.0	0.669452
7065.0	0.667058
7070.0	0.672168
7075.0	0.678652
7080.0	0.675925
7085.0	0.670724
7090.0	0.6725260000000001
7095.0	0.674239
7100.0	0.670499
7105.0	0.675135
7110.0	0.674643
7115.0	0.674157
7120.0	0.6733859999999999
7125.0	0.6729310000000001
7130.0	0.673131
7135.0	0.67035
7140.0	0.670759
7145.0	0.6678109999999999
7150.0	0.664365
7155.0	0.663439
7160.0	0.6643439999999999
7165.0	0.660972
7170.0	0.6442100000000001
7175.0	0.639151
7180.0	0.6355770000000001
7185.0	0.628178
7190.0	0.634832
7195.0	0.63569
7200.0	0.630209
7205.0	0.633441
7210.0	0.656774
7215.0	0.66714
7220.0	0.6679579999999999
7225.0	0.6601779999999999
7230.0	0.652838
7235.0	0.638137
7240.0	0.641022
7245.0	0.64347
7250.0	0.6389729999999999
7255.0	0.633777
7260.0	0.639439
7265.0	0.6366470000000001
7270.0	0.634421
7275.0	0.6275649999999999
7280.0	0.6316649999999999
7285.0	0.636975
7290.0	0.624699
7295.0	0.628957
7300.0	0.6249600000000001
7305.0	0.616954
7310.0	0.625219
7315.0	0.622509
7320.0	0.624074
7325.0	0.6343770000000001
7330.0	0.63381
7335.0	0.627102
7340.0	0.627491
7345.0	0.631825
7350.0	0.636336
7355.0	0.637632
7360.0	0.627426
7365.0	0.620893
7370.0	0.6183960000000001
7375.0	0.619429
7380.0	0.611913
7385.0	0.6057600000000001
7390.0	0.601431
7395.0	0.602834
7400.0	0.609842
7405.0	0.610989
7410.0	0.611676
7415.0	0.60305
7420.0	0.604725
7425.0	0.608014
7430.0	0.6120270000000001
7435.0	0.612997
7440.0	0.610308
7445.0	0.607276
7450.0	0.607082
7455.0	0.608548
7460.0	0.607854
7465.0	0.6059680000000001
7470.0	0.605083
7475.0	0.604939
7480.0	0.604016
7485.0	0.603576
7490.0	0.599843
7495.0	0.596528
7500.0	0.59611
7505.0	0.596488
7510.0	0.592953
7515.0	0.592449
7520.0	0.594118
7525.0	0.5926939999999999
7530.0	0.590783
7535.0	0.592167
7540.0	0.592643
7545.0	0.592308
7550.0	0.589742
7555.0	0.589005
7560.0	0.588268
7565.0	0.5875319999999999
7570.0	0.586795
7575.0	0.586058
7580.0	0.585322
7585.0	0.584585
7590.0	0.5838479999999999
7595.0	0.583112
7600.0	0.582375
7605.0	0.581638
7610.0	0.580901
7615.0	0.5801649999999999
7620.0	0.5794279999999999
7625.0	0.578691
7630.0	0.577955
7635.0	0.577218
7640.0	0.576481
7645.0	0.5757439999999999
7650.0	0.575008
7655.0	0.574271
7660.0	0.573534
7665.0	0.5727979999999999
7670.0	0.5720609999999999
7675.0	0.5713239999999999
7680.0	0.570588
7685.0	0.569851
7690.0	0.569114
7695.0	0.568377
7700.0	0.567641
7705.0	0.566904
7710.0	0.566167
7715.0	0.565431
7720.0	0.5646939999999999
7725.0	0.5639569999999999
7730.0	0.563221
7735.0	0.563325
7740.0	0.561752
7745.0	0.5581
7750.0	0.557599
7755.0	0.558613
7760.0	0.56052
7765.0	0.5591109999999999
7770.0	0.55342
7775.0	0.546239
7780.0	0.549197
7785.0	0.553901
7790.0	0.5546
7795.0	0.554545
7800.0	0.5521010000000001
7805.0	0.552879
7810.0	0.553021
7815.0	0.5532130000000001
7820.0	0.554601
7825.0	0.552763
7830.0	0.5490149999999999
7835.0	0.547502
7840.0	0.548706
7845.0	0.550189
7850.0	0.54986
7855.0	0.547509
7860.0	0.548238
7865.0	0.547711
7870.0	0.54633
7875.0	0.545451
7880.0	0.5433359999999999
7885.0	0.542929
7890.0	0.5405479999999999
7895.0	0.5381560000000001
7900.0	0.537741
7905.0	0.5393789999999999
7910.0	0.539068
7915.0	0.536704
7920.0	0.5354949999999999
7925.0	0.535165
7930.0	0.531857
7935.0	0.5320060000000001
7940.0	0.532327
7945.0	0.531137
7950.0	0.533821
7955.0	0.534941
7960.0	0.531737
7965.0	0.529316
7970.0	0.532071
7975.0	0.532391
7980.0	0.5333600000000001
7985.0	0.532834
7990.0	0.530055
7995.0	0.527904
8000.0	0.523771
8005.0	0.5237970000000001
8010.0	0.5237
8015.0	0.523593
8020.0	0.5244260000000001
8025.0	0.52125
8030.0	0.5202439999999999
8035.0	0.521536
8040.0	0.520768
8045.0	0.517881
8050.0	0.5186609999999999
8055.0	0.522573
8060.0	0.522753
8065.0	0.5221600000000001
8070.0	0.521487
8075.0	0.52025
8080.0	0.519105
8085.0	0.516317
8090.0	0.5149130000000001
8095.0	0.513043
8100.0	0.5124449999999999
8105.0	0.511847
8110.0	0.511249
8115.0	0.51065
8120.0	0.5100520000000001
8125.0	0.509454
8130.0	0.5088560000000001
8135.0	0.508258
8140.0	0.507659
8145.0	0.507061
8150.0	0.506463
8155.0	0.505865
8160.0	0.505267
8165.0	0.504668
8170.0	0.50407
8175.0	0.503472
8180.0	0.5028739999999999
8185.0	0.5022760000000001
8190.0	0.501677
8195.0	0.5010789999999999
8200.0	0.5004810000000001
8205.0	0.49988299999999997
8210.0	0.49928500000000003
8215.0	0.49868599999999996
8220.0	0.49808800000000003
8225.0	0.49749
8230.0	0.496892
8235.0	0.49629399999999996
8240.0	0.495695
8245.0	0.495097
8250.0	0.49449899999999997
8255.0	0.49390100000000003
8260.0	0.493303
8265.0	0.492704
8270.0	0.49210600000000004
8275.0	0.491508
8280.0	0.49091
8285.0	0.49031199999999997
8290.0	0.489713
8295.0	0.48911499999999997
8300.0	0.48851700000000003
8305.0	0.48791899999999994
8310.0	0.487321
8315.0	0.48672200000000004
8320.0	0.486124
8325.0	0.485526
8330.0	0.48492799999999997
8335.0	0.48433000000000004
8340.0	0.483732
8345.0	0.483133
8350.0	0.48253500000000005
8355.0	0.481937
8360.0	0.481339
8365.0	0.480741
8370.0	0.480142
8375.0	0.47954399999999997
8380.0	0.478946
8385.0	0.47834799999999994
8390.0	0.47775
8395.0	0.47715100000000005
8400.0	0.47655299999999995
8405.0	0.475955
8410.0	0.47687700000000005
8415.0	0.47743
8420.0	0.475546
8425.0	0.476825
8430.0	0.475379
8435.0	0.473121
8440.0	0.468193
8445.0	0.46752200000000005
8450.0	0.468012
8455.0	0.471239
8460.0	0.470088
8465.0	0.46670200000000006
8470.0	0.466829
8475.0	0.468276
8480.0	0.46632700000000005
8485.0	0.46728400000000003
8490.0	0.462021
8495.0	0.444089
8500.0	0.43216899999999997
8505.0	0.44746400000000003
8510.0	0.45772399999999996
8515.0	0.45518800000000004
8520.0	0.456959
8525.0	0.45862200000000003
8530.0	0.45435200000000003
8535.0	0.43640500000000004
8540.0	0.39715
8545.0	0.391097
8550.0	0.42937200000000003
8555.0	0.44906999999999997
8560.0	0.450413
8565.0	0.45313400000000004
8570.0	0.452143
8575.0	0.45104099999999997
8580.0	0.448751
8585.0	0.449024
8590.0	0.447667
8595.0	0.446542
8600.0	0.445076
8605.0	0.446952
8610.0	0.44787200000000005
8615.0	0.448456
8620.0	0.44930200000000003
8625.0	0.44805
8630.0	0.446161
8635.0	0.44752200000000003
8640.0	0.447482
8645.0	0.444312
8650.0	0.43955
8655.0	0.42886899999999994
8660.0	0.39866999999999997
8665.0	0.388574
8670.0	0.42181
8675.0	0.436963
8680.0	0.44046899999999994
8685.0	0.439767
8690.0	0.43848100000000007
8695.0	0.44053000000000003
8700.0	0.442611
8705.0	0.443833
8710.0	0.44037200000000004
8715.0	0.44134700000000004
8720.0	0.441018
8725.0	0.442076
8730.0	0.44142299999999995
8735.0	0.43782200000000004
8740.0	0.434659
8745.0	0.43060699999999996
8750.0	0.42538400000000004
8755.0	0.428508
8760.0	0.43289399999999995
8765.0	0.435537
8770.0	0.436855
8775.0	0.43603400000000003
8780.0	0.43689399999999995
8785.0	0.43769300000000005
8790.0	0.43492600000000003
8795.0	0.434291
8800.0	0.433424
8805.0	0.42586499999999994
8810.0	0.426216
8815.0	0.432771
8820.0	0.433546
8825.0	0.430925
8830.0	0.43120299999999995
8835.0	0.43113100000000004
8840.0	0.429828
8845.0	0.428806
8850.0	0.425571
8855.0	0.421653
8860.0	0.41507299999999997
8865.0	0.411525
8870.0	0.419419
8875.0	0.425476
8880.0	0.427559
8885.0	0.42971800000000004
8890.0	0.43167700000000003
8895.0	0.430383
8900.0	0.431116
8905.0	0.428753
8910.0	0.427263
8915.0	0.42568999999999996
8920.0	0.42502799999999996
8925.0	0.41855200000000004
8930.0	0.412423
8935.0	0.407445
8940.0	0.401917
8945.0	0.395957
8950.0	0.38968200000000003
8955.0	0.383208
8960.0	0.376654
8965.0	0.370164
8970.0	0.36399499999999996
8975.0	0.358433
8980.0	0.353763
8985.0	0.350323
8990.0	0.34867
8995.0	0.34941
9000.0	0.353152
9005.0	0.360188
9010.0	0.369543
9015.0	0.379924
9020.0	0.39004
9025.0	0.398712
9030.0	0.40520500000000004
9035.0	0.408901
9040.0	0.40917800000000004
9045.0	0.40577399999999997
9050.0	0.399859
9055.0	0.392959
9060.0	0.386604
9065.0	0.382038
9070.0	0.37937600000000005
9075.0	0.378452
9080.0	0.379098
9085.0	0.381035
9090.0	0.38353200000000004
9095.0	0.385743
9100.0	0.386825
9105.0	0.386178
9110.0	0.384183
9115.0	0.381467
9120.0	0.378657
9125.0	0.376308
9130.0	0.374695
9135.0	0.37402199999999997
9140.0	0.374496
9145.0	0.376216
9150.0	0.378872
9155.0	0.38205100000000003
9160.0	0.385338
9165.0	0.388384
9170.0	0.39109299999999997
9175.0	0.393433
9180.0	0.395373
9185.0	0.396861
9190.0	0.39776300000000003
9195.0	0.397924
9200.0	0.39719
9205.0	0.395525
9210.0	0.393371
9215.0	0.391289
9220.0	0.389839
9225.0	0.389493
9230.0	0.390365
9235.0	0.392479
9240.0	0.39586
9245.0	0.400339
9250.0	0.404977
9255.0	0.40864
9260.0	0.41019700000000003
9265.0	0.40872600000000003
9270.0	0.404148
9275.0	0.396597
9280.0	0.386203
9285.0	0.373254
9290.0	0.358643
9295.0	0.343418
9300.0	0.32862600000000003
9305.0	0.315223
9310.0	0.303793
9315.0	0.29483000000000004
9320.0	0.28882399999999997
9325.0	0.286167
9330.0	0.28683400000000003
9335.0	0.290698
9340.0	0.297635
9345.0	0.307411
9350.0	0.319377
9355.0	0.332777
9360.0	0.346856
9365.0	0.36078699999999997
9370.0	0.373454
9375.0	0.383671
9380.0	0.390251
9385.0	0.392254
9390.0	0.389736
9395.0	0.382998
9400.0	0.372344
9405.0	0.35843
9410.0	0.343331
9415.0	0.32947600000000005
9420.0	0.319296
9425.0	0.314573
9430.0	0.31451599999999996
9435.0	0.317685
9440.0	0.32264299999999996
9445.0	0.328148
9450.0	0.333751
9455.0	0.3392
9460.0	0.34424099999999996
9465.0	0.348656
9470.0	0.35236100000000004
9475.0	0.35530300000000004
9480.0	0.357433
9485.0	0.35870599999999997
9490.0	0.359107
9495.0	0.358626
9500.0	0.35725500000000004
9505.0	0.355103
9510.0	0.35274099999999997
9515.0	0.35085900000000003
9520.0	0.350146
9525.0	0.351073
9530.0	0.353244
9535.0	0.35604600000000003
9540.0	0.358867
9545.0	0.361148
9550.0	0.362554
9555.0	0.36280500000000004
9560.0	0.361621
9565.0	0.35885500000000004
9570.0	0.354891
9575.0	0.350249
9580.0	0.345448
9585.0	0.340947
9590.0	0.336981
9595.0	0.333725
9600.0	0.331353
9605.0	0.329945
9610.0	0.329192
9615.0	0.328691
9620.0	0.32803699999999997
9625.0	0.327011
9630.0	0.326133
9635.0	0.32610900000000004
9640.0	0.32764299999999996
9645.0	0.33122199999999996
9650.0	0.336447
9655.0	0.3427
9660.0	0.34936500000000004
9665.0	0.35583200000000004
9670.0	0.361528
9675.0	0.36588899999999996
9680.0	0.36835100000000004
9685.0	0.368548
9690.0	0.36689299999999997
9695.0	0.363998
9700.0	0.360476
9705.0	0.35684899999999997
9710.0	0.353283
9715.0	0.34985700000000003
9720.0	0.346648
9725.0	0.34371599999999997
9730.0	0.34105
9735.0	0.338621
9740.0	0.336398
9745.0	0.33435
9750.0	0.332426
9755.0	0.330574
9760.0	0.328741
9765.0	0.326888
9770.0	0.325034
9775.0	0.32321300000000003
9780.0	0.321457
9785.0	0.319825
9790.0	0.318473
9795.0	0.31758600000000003
9800.0	0.317343
9805.0	0.317863
9810.0	0.318997
9815.0	0.32053200000000004
9820.0	0.322255
9825.0	0.323959
9830.0	0.32545799999999997
9835.0	0.326573
9840.0	0.327125
9845.0	0.32698
9850.0	0.32618600000000003
9855.0	0.324838
9860.0	0.32303000000000004
9865.0	0.320856
9870.0	0.318416
9875.0	0.315812
9880.0	0.313144
9885.0	0.310568
9890.0	0.308452
9895.0	0.307223
9900.0	0.307303
9905.0	0.30894499999999997
9910.0	0.311716
9915.0	0.31501
9920.0	0.318222
9925.0	0.320843
9930.0	0.322739
9935.0	0.323873
9940.0	0.324208
9945.0	0.32376900000000003
9950.0	0.322829
9955.0	0.321726
9960.0	0.320797
9965.0	0.320284
9970.0	0.32005300000000003
9975.0	0.319872
9980.0	0.319513
9985.0	0.318772
9990.0	0.317558
9995.0	0.315806
10000.0	0.31345
10005.0	0.31051100000000004
10010.0	0.307343
10015.0	0.304383
10020.0	0.302072
10025.0	0.300757
10030.0	0.30043000000000003
10035.0	0.30099499999999996
10040.0	0.30235300000000004
10045.0	0.30433499999999997
10050.0	0.30648000000000003
10055.0	0.308256
10060.0	0.309131
10065.0	0.308746
10070.0	0.307436
10075.0	0.305711
10080.0	0.304079
10085.0	0.302946
10090.0	0.302299
10095.0	0.302021
10100.0	0.301996
10105.0	0.302124
10110.0	0.302369
10115.0	0.302714
10120.0	0.30314
10125.0	0.303624
10130.0	0.304111
10135.0	0.30454200000000003
10140.0	0.30485500000000004
10145.0	0.30500700000000003
10150.0	0.305023
10155.0	0.30494499999999997
10160.0	0.304815
10165.0	0.304698
10170.0	0.304765
10175.0	0.305206
10180.0	0.306215
10185.0	0.307832
10190.0	0.30947399999999997
10195.0	0.31040999999999996
10200.0	0.30990300000000004
10205.0	0.307481
10210.0	0.30372
10215.0	0.299453
10220.0	0.29551900000000003
10225.0	0.292645
10230.0	0.29112899999999997
10235.0	0.291164
10240.0	0.292939
10245.0	0.296444
10250.0	0.300854
10255.0	0.305141
10260.0	0.308278
10265.0	0.309452
10270.0	0.308712
10275.0	0.306324
10280.0	0.302551
10285.0	0.297759
10290.0	0.292711
10295.0	0.288273
10300.0	0.285308
10305.0	0.28815799999999997
10310.0	0.28831999999999997
10315.0	0.288891
10320.0	0.28949
10325.0	0.289804
10330.0	0.28979499999999997
10335.0	0.289493
10340.0	0.288927
10345.0	0.288141
10350.0	0.28724099999999997
10355.0	0.28634699999999996
10360.0	0.28557899999999997
10365.0	0.285036
10370.0	0.28472600000000003
10375.0	0.284636
10380.0	0.284752
10385.0	0.285066
10390.0	0.285594
10395.0	0.28635900000000003
10400.0	0.28738400000000003
10405.0	0.28862899999999997
10410.0	0.28980500000000003
10415.0	0.29056
10420.0	0.290544
10425.0	0.289522
10430.0	0.287731
10435.0	0.285522
10440.0	0.283249
10445.0	0.281227
10450.0	0.27960999999999997
10455.0	0.278514
10460.0	0.278057
10465.0	0.278285
10470.0	0.278971
10475.0	0.279817
10480.0	0.280526
10485.0	0.28086500000000003
10490.0	0.280855
10495.0	0.28058099999999997
10500.0	0.280125
10505.0	0.279561
10510.0	0.278914
10515.0	0.278198
10520.0	0.277426
10525.0	0.276607
10530.0	0.27572199999999997
10535.0	0.274751
10540.0	0.273669
10545.0	0.272487
10550.0	0.271341
10555.0	0.270399
10560.0	0.269829
10565.0	0.269737
10570.0	0.26997899999999997
10575.0	0.270348
10580.0	0.270638
10585.0	0.270696
10590.0	0.27058000000000004
10595.0	0.2704
10600.0	0.27026700000000003
10605.0	0.270268
10610.0	0.270387
10615.0	0.270586
10620.0	0.27082399999999995
10625.0	0.27002800000000005
10630.0	0.26969899999999997
10635.0	0.26937
10640.0	0.269042
10645.0	0.268714
10650.0	0.268386
10655.0	0.268059
10660.0	0.267732
10665.0	0.267406
10670.0	0.267079
10675.0	0.266754
10680.0	0.266428
10685.0	0.26610300000000003
10690.0	0.265779
10695.0	0.265455
10700.0	0.265131
10705.0	0.264808
10710.0	0.264484
10715.0	0.264162
10720.0	0.26384
10725.0	0.263518
10730.0	0.263196
10735.0	0.262875
10740.0	0.262554
10745.0	0.262234
10750.0	0.261914
10755.0	0.261594
10760.0	0.261275
10765.0	0.260956
10770.0	0.26063800000000004
10775.0	0.26032
10780.0	0.260002
10785.0	0.259685
10790.0	0.259368
10795.0	0.25905100000000003
10800.0	0.258735
10805.0	0.258419
10810.0	0.258104
10815.0	0.257789
10820.0	0.257474
10825.0	0.25716
10830.0	0.256846
10835.0	0.25653200000000004
10840.0	0.25621900000000003
10845.0	0.25590599999999997
10850.0	0.255594
10855.0	0.255282
10860.0	0.25497
10865.0	0.254659
10870.0	0.254348
10875.0	0.254037
10880.0	0.253727
10885.0	0.253418
10890.0	0.253108
10895.0	0.252799
10900.0	0.25249
10905.0	0.252182
10910.0	0.251874
10915.0	0.251567
10920.0	0.251259
10925.0	0.25095300000000004
10930.0	0.250646
10935.0	0.25034
10940.0	0.25003400000000003
10945.0	0.249729
10950.0	0.24942399999999998
10955.0	0.24911999999999998
10960.0	0.248815
10965.0	0.24851199999999998
10970.0	0.24820799999999998
10975.0	0.24790500000000001
10980.0	0.247602
10985.0	0.2473
10990.0	0.246998
10995.0	0.24669699999999997
11000.0	0.24639499999999998
11005.0	0.246094
11010.0	0.245794
11015.0	0.24549400000000002
11020.0	0.245194
11025.0	0.24489499999999997
11030.0	0.244596
11035.0	0.244297
11040.0	0.24399899999999997
11045.0	0.24370100000000003
11050.0	0.243403
11055.0	0.243106
11060.0	0.24280900000000002
11065.0	0.242513
11070.0	0.24221700000000002
11075.0	0.241921
11080.0	0.24162600000000004
11085.0	0.241331
11090.0	0.241036
11095.0	0.240742
11100.0	0.240448
11105.0	0.240154
11110.0	0.23986100000000002
11115.0	0.23956799999999998
11120.0	0.23927600000000002
11125.0	0.238984
11130.0	0.23869200000000002
11135.0	0.23840100000000003
11140.0	0.23811
11145.0	0.237819
11150.0	0.237529
11155.0	0.23723899999999998
11160.0	0.23695
11165.0	0.236661
11170.0	0.23637199999999997
11175.0	0.236083
11180.0	0.23579499999999998
11185.0	0.235508
11190.0	0.23521999999999998
11195.0	0.234933
11200.0	0.23464699999999997
11205.0	0.23435999999999998
11210.0	0.234075
11215.0	0.233789
11220.0	0.233504
11225.0	0.233219
11230.0	0.232935
11235.0	0.23265100000000002
11240.0	0.23236700000000002
11245.0	0.23208299999999998
11250.0	0.2318
11255.0	0.23151799999999997
11260.0	0.231235
11265.0	0.230954
11270.0	0.230672
11275.0	0.23039099999999998
11280.0	0.23010999999999998
11285.0	0.229829
11290.0	0.22954899999999998
11295.0	0.229269
11300.0	0.22899
11305.0	0.22871100000000003
11310.0	0.22843200000000002
11315.0	0.228154
11320.0	0.22787600000000002
11325.0	0.227598
11330.0	0.227321
11335.0	0.227044
11340.0	0.226767
11345.0	0.226491
11350.0	0.226215
11355.0	0.22594
11360.0	0.22566399999999998
11365.0	0.22539
11370.0	0.225115
11375.0	0.22484099999999999
11380.0	0.22456700000000002
11385.0	0.224294
11390.0	0.224021
11395.0	0.223748
11400.0	0.223476
11405.0	0.22320399999999999
11410.0	0.22293200000000002
11415.0	0.22266100000000003
11420.0	0.22239
11425.0	0.222119
11430.0	0.221849
11435.0	0.221579
11440.0	0.22130999999999998
11445.0	0.221041
11450.0	0.22077199999999997
11455.0	0.22050300000000003
11460.0	0.220235
11465.0	0.219968
11470.0	0.2197
11475.0	0.219433
11480.0	0.21916599999999997
11485.0	0.2189
11490.0	0.21863400000000002
11495.0	0.21836799999999998
11500.0	0.21810300000000002
11505.0	0.217838
11510.0	0.217573
11515.0	0.217309
11520.0	0.217045
11525.0	0.216781
11530.0	0.216518
11535.0	0.21625500000000003
11540.0	0.215993
11545.0	0.215731
11550.0	0.215469
11555.0	0.215207
11560.0	0.214946
11565.0	0.214685
11570.0	0.214425
11575.0	0.21416500000000002
11580.0	0.213905
11585.0	0.21364499999999997
11590.0	0.21338600000000002
11595.0	0.213128
11600.0	0.212869
11605.0	0.21261100000000002
11610.0	0.21235300000000001
11615.0	0.212096
11620.0	0.211839
11625.0	0.21158200000000002
11630.0	0.211326
11635.0	0.21106999999999998
11640.0	0.21081399999999997
11645.0	0.21055900000000002
11650.0	0.210304
11655.0	0.21005
11660.0	0.20979499999999998
11665.0	0.20954099999999998
11670.0	0.209288
11675.0	0.20903400000000003
11680.0	0.20878200000000002
11685.0	0.208529
11690.0	0.208277
11695.0	0.208025
11700.0	0.207773
11705.0	0.20752199999999998
11710.0	0.207271
11715.0	0.207021
11720.0	0.20676999999999998
11725.0	0.206521
11730.0	0.206271
11735.0	0.20602199999999998
11740.0	0.205773
11745.0	0.205525
11750.0	0.20527600000000001
11755.0	0.205029
11760.0	0.204781
11765.0	0.204534
11770.0	0.204287
11775.0	0.204041
11780.0	0.203794
11785.0	0.203549
11790.0	0.20330299999999998
11795.0	0.203058
11800.0	0.20281300000000002
11805.0	0.202569
11810.0	0.202325
11815.0	0.20208099999999998
11820.0	0.201837
11825.0	0.201594
11830.0	0.201351
11835.0	0.20110899999999998
11840.0	0.20086700000000002
11845.0	0.200625
11850.0	0.20038399999999998
11855.0	0.20014300000000002
11860.0	0.199902
11865.0	0.19966099999999998
11870.0	0.19942100000000001
11875.0	0.199181
11880.0	0.198942
11885.0	0.198703
11890.0	0.198464
11895.0	0.19822599999999999
11900.0	0.197987
11905.0	0.19775
11910.0	0.197512
11915.0	0.197275
11920.0	0.19703800000000002
11925.0	0.196802
11930.0	0.19656600000000002
11935.0	0.19633
11940.0	0.19609400000000002
11945.0	0.195859
11950.0	0.195624
11955.0	0.19539
11960.0	0.195156
11965.0	0.194922
11970.0	0.194688
11975.0	0.194455
11980.0	0.194222
11985.0	0.19399
11990.0	0.19375799999999999
11995.0	0.193526
12000.0	0.193294
12005.0	0.193063
12010.0	0.192832
12015.0	0.192602
12020.0	0.19237100000000001
12025.0	0.192142
12030.0	0.191912
12035.0	0.191683
12040.0	0.19145399999999999
12045.0	0.191225
12050.0	0.190997
12055.0	0.190769
12060.0	0.19054100000000002
12065.0	0.190314
12070.0	0.19008699999999998
12075.0	0.18986
12080.0	0.189634
12085.0	0.189408
12090.0	0.189182
12095.0	0.18895699999999999
12100.0	0.18873199999999998
12105.0	0.18850699999999998
12110.0	0.188283
12115.0	0.188059
12120.0	0.187835
12125.0	0.187612
12130.0	0.187389
12135.0	0.187166
12140.0	0.186943
12145.0	0.186721
12150.0	0.186499
12155.0	0.186278
12160.0	0.186057
12165.0	0.185836
12170.0	0.185615
12175.0	0.185395
12180.0	0.185175
12185.0	0.18495599999999998
12190.0	0.18473599999999998
12195.0	0.18451800000000002
12200.0	0.184299
12205.0	0.184081
12210.0	0.183863
12215.0	0.183645
12220.0	0.183428
12225.0	0.18321099999999998
12230.0	0.18299400000000002
12235.0	0.182778
12240.0	0.182561
12245.0	0.182346
12250.0	0.18213
12255.0	0.18191500000000002
12260.0	0.1817
12265.0	0.18148599999999998
12270.0	0.18127200000000002
12275.0	0.181058
12280.0	0.180844
12285.0	0.18063099999999999
12290.0	0.180418
12295.0	0.180205
12300.0	0.17999300000000001
12305.0	0.179781
12310.0	0.17957
12315.0	0.179358
12320.0	0.179147
12325.0	0.17893599999999998
12330.0	0.178726
12335.0	0.178516
12340.0	0.178306
12345.0	0.178097
12350.0	0.177887
12355.0	0.177678
12360.0	0.17747000000000002
12365.0	0.177262
12370.0	0.177054
12375.0	0.176846
12380.0	0.17663900000000002
12385.0	0.176432
12390.0	0.176225
12395.0	0.176019
12400.0	0.175812
12405.0	0.17560699999999999
12410.0	0.175401
12415.0	0.175196
12420.0	0.174991
12425.0	0.174786
12430.0	0.174582
12435.0	0.174378
12440.0	0.174174
12445.0	0.17397100000000001
12450.0	0.173768
12455.0	0.173565
12460.0	0.17336300000000002
12465.0	0.17316099999999998
12470.0	0.172959
12475.0	0.172757
12480.0	0.172556
12485.0	0.172355
12490.0	0.172154
12495.0	0.171954
12500.0	0.171754
12505.0	0.17155399999999998
12510.0	0.171355
12515.0	0.171156
12520.0	0.170957
12525.0	0.170758
12530.0	0.17056
12535.0	0.17036199999999999
12540.0	0.170164
12545.0	0.169967
12550.0	0.16977
12555.0	0.169573
12560.0	0.169376
12565.0	0.16918
12570.0	0.168984
12575.0	0.16878900000000002
12580.0	0.168593
12585.0	0.168398
12590.0	0.168204
12595.0	0.168009
12600.0	0.16781500000000002
12605.0	0.167621
12610.0	0.167428
12615.0	0.167234
12620.0	0.167041
12625.0	0.166849
12630.0	0.166656
12635.0	0.166464
12640.0	0.166272
12645.0	0.166081
12650.0	0.16589
12655.0	0.165699
12660.0	0.165508
12665.0	0.165318
12670.0	0.165128
12675.0	0.164938
12680.0	0.164748
12685.0	0.16455899999999998
12690.0	0.16437000000000002
12695.0	0.164182
12700.0	0.163993
12705.0	0.163805
12710.0	0.163617
12715.0	0.16343
12720.0	0.163243
12725.0	0.163056
12730.0	0.162869
12735.0	0.162683
12740.0	0.162497
12745.0	0.16231099999999998
12750.0	0.162125
12755.0	0.16194
12760.0	0.16175499999999998
12765.0	0.16157
12770.0	0.161386
12775.0	0.161202
12780.0	0.161018
12785.0	0.16083499999999998
12790.0	0.160651
12795.0	0.160468
12800.0	0.16028599999999998
12805.0	0.160103
12810.0	0.159921
12815.0	0.15973900000000002
12820.0	0.159558
12825.0	0.159376
12830.0	0.159195
12835.0	0.15901500000000002
12840.0	0.158834
12845.0	0.158654
12850.0	0.158474
12855.0	0.15829400000000002
12860.0	0.158115
12865.0	0.157936
12870.0	0.15775699999999998
12875.0	0.157578
12880.0	0.1574
12885.0	0.157222
12890.0	0.15704400000000002
12895.0	0.156867
12900.0	0.15669
12905.0	0.156513
12910.0	0.156336
12915.0	0.15616
12920.0	0.15598399999999998
12925.0	0.155808
12930.0	0.155632
12935.0	0.15545699999999998
12940.0	0.155282
12945.0	0.155107
12950.0	0.154933
12955.0	0.15475899999999998
12960.0	0.154585
12965.0	0.154411
12970.0	0.15423800000000001
12975.0	0.154065
12980.0	0.153892
12985.0	0.153719
12990.0	0.153547
12995.0	0.153375
13000.0	0.153203
13005.0	0.153031
13010.0	0.15286
13015.0	0.15268900000000002
13020.0	0.15251900000000002
13025.0	0.152348
13030.0	0.152178
13035.0	0.152008
13040.0	0.151838
13045.0	0.151669
13050.0	0.1515
13055.0	0.151331
13060.0	0.151162
13065.0	0.15099400000000002
13070.0	0.150826
13075.0	0.150658
13080.0	0.15049
13085.0	0.150323
13090.0	0.15015599999999998
13095.0	0.149989
13100.0	0.149823
13105.0	0.14965599999999998
13110.0	0.14949
13115.0	0.149325
13120.0	0.14915899999999999
13125.0	0.14899400000000002
13130.0	0.148829
13135.0	0.14866400000000002
13140.0	0.1485
13145.0	0.148335
13150.0	0.148171
13155.0	0.148008
13160.0	0.147844
13165.0	0.147681
13170.0	0.147518
13175.0	0.14735499999999999
13180.0	0.14719300000000002
13185.0	0.147031
13190.0	0.146869
13195.0	0.146707
13200.0	0.146546
13205.0	0.146385
13210.0	0.146224
13215.0	0.146063
13220.0	0.145903
13225.0	0.145743
13230.0	0.145583
13235.0	0.145423
13240.0	0.145264
13245.0	0.14510399999999998
13250.0	0.144946
13255.0	0.144787
13260.0	0.144629
13265.0	0.14447000000000002
13270.0	0.144312
13275.0	0.144155
13280.0	0.143997
13285.0	0.14384
13290.0	0.143683
13295.0	0.143527
13300.0	0.14337
13305.0	0.143214
13310.0	0.143058
13315.0	0.142902
13320.0	0.142747
13325.0	0.142592
13330.0	0.14243699999999998
13335.0	0.142282
13340.0	0.142128
13345.0	0.141973
13350.0	0.141819
13355.0	0.14166600000000001
13360.0	0.141512
13365.0	0.14135899999999998
13370.0	0.141206
13375.0	0.14105299999999998
13380.0	0.140901
13385.0	0.140748
13390.0	0.140596
13395.0	0.14044500000000001
13400.0	0.140293
13405.0	0.14014200000000002
13410.0	0.139991
13415.0	0.13984000000000002
13420.0	0.139689
13425.0	0.139539
13430.0	0.139389
13435.0	0.139239
13440.0	0.13908900000000002
13445.0	0.13894
13450.0	0.13879
13455.0	0.13864200000000002
13460.0	0.138493
13465.0	0.138344
13470.0	0.138196
13475.0	0.138048
13480.0	0.1379
13485.0	0.137753
13490.0	0.137605
13495.0	0.137458
13500.0	0.137312
13505.0	0.137165
13510.0	0.137019
13515.0	0.136872
13520.0	0.136727
13525.0	0.136581
13530.0	0.136435
13535.0	0.13629000000000002
13540.0	0.13614500000000002
13545.0	0.136
13550.0	0.135856
13555.0	0.135712
13560.0	0.135568
13565.0	0.135424
13570.0	0.13527999999999998
13575.0	0.13513699999999998
13580.0	0.134994
13585.0	0.134851
13590.0	0.134708
13595.0	0.13456500000000002
13600.0	0.13442300000000001
13605.0	0.13428099999999998
13610.0	0.134139
13615.0	0.133998
13620.0	0.133857
13625.0	0.133715
13630.0	0.133575
13635.0	0.133434
13640.0	0.133293
13645.0	0.133153
13650.0	0.13301300000000002
13655.0	0.132873
13660.0	0.132734
13665.0	0.13259500000000002
13670.0	0.132455
13675.0	0.13231700000000002
13680.0	0.132178
13685.0	0.13203900000000002
13690.0	0.131901
13695.0	0.13176300000000002
13700.0	0.131625
13705.0	0.13148800000000002
13710.0	0.13135
13715.0	0.13121300000000002
13720.0	0.131076
13725.0	0.13094
13730.0	0.130803
13735.0	0.130667
13740.0	0.130531
13745.0	0.130395
13750.0	0.13026
13755.0	0.130124
13760.0	0.12998900000000002
13765.0	0.129854
13770.0	0.129719
13775.0	0.12958499999999998
13780.0	0.12945
13785.0	0.12931600000000001
13790.0	0.129182
13795.0	0.129049
13800.0	0.128915
13805.0	0.12878199999999998
13810.0	0.128649
13815.0	0.12851600000000002
13820.0	0.128384
13825.0	0.128251
13830.0	0.128119
13835.0	0.127987
13840.0	0.127855
13845.0	0.127724
13850.0	0.127592
13855.0	0.127461
13860.0	0.12733
13865.0	0.1272
13870.0	0.12706900000000002
13875.0	0.126939
13880.0	0.126809
13885.0	0.12667899999999999
13890.0	0.126549
13895.0	0.12642
13900.0	0.12629
13905.0	0.126161
13910.0	0.126033
13915.0	0.125904
13920.0	0.125775
13925.0	0.125647
13930.0	0.125519
13935.0	0.125391
13940.0	0.12526400000000001
13945.0	0.125136
13950.0	0.12500899999999998
13955.0	0.12488199999999999
13960.0	0.12475499999999999
13965.0	0.12462899999999999
13970.0	0.124502
13975.0	0.124376
13980.0	0.12425
13985.0	0.124124
13990.0	0.123999
13995.0	0.123873
14000.0	0.123748
14005.0	0.123623
14010.0	0.123498
14015.0	0.123374
14020.0	0.123249
14025.0	0.123125
14030.0	0.123001
14035.0	0.122877
14040.0	0.122754
14045.0	0.12262999999999999
14050.0	0.12250699999999999
14055.0	0.12238399999999999
14060.0	0.122261
14065.0	0.12213900000000001
14070.0	0.12201600000000001
14075.0	0.121894
14080.0	0.121772
14085.0	0.12165
14090.0	0.121528
14095.0	0.12140699999999999
14100.0	0.12128599999999999
14105.0	0.12116500000000001
14110.0	0.121044
14115.0	0.120923
14120.0	0.12080199999999999
14125.0	0.120682
14130.0	0.12056199999999999
14135.0	0.12044200000000001
14140.0	0.120322
14145.0	0.12020299999999999
14150.0	0.120083
14155.0	0.11996400000000002
14160.0	0.11984500000000001
14165.0	0.119727
14170.0	0.11960799999999999
14175.0	0.11949000000000001
14180.0	0.119371
14185.0	0.119253
14190.0	0.11913499999999999
14195.0	0.11901800000000001
14200.0	0.1189
14205.0	0.11878299999999999
14210.0	0.11866600000000001
14215.0	0.118549
14220.0	0.118432
14225.0	0.118316
14230.0	0.118199
14235.0	0.118083
14240.0	0.117967
14245.0	0.117851
14250.0	0.117736
14255.0	0.11762
14260.0	0.117505
14265.0	0.11739000000000001
14270.0	0.117275
14275.0	0.11715999999999999
14280.0	0.117046
14285.0	0.116932
14290.0	0.116817
14295.0	0.116703
14300.0	0.11659000000000001
14305.0	0.116476
14310.0	0.116362
14315.0	0.116249
14320.0	0.11613599999999999
14325.0	0.116023
14330.0	0.11590999999999999
14335.0	0.115798
14340.0	0.11568599999999998
14345.0	0.115573
14350.0	0.115461
14355.0	0.11534900000000001
14360.0	0.11523800000000001
14365.0	0.11512599999999999
14370.0	0.115015
14375.0	0.11490399999999999
14380.0	0.114793
14385.0	0.11468199999999999
14390.0	0.114571
14395.0	0.114461
14400.0	0.114351
14405.0	0.11424100000000001
14410.0	0.114131
14415.0	0.114021
14420.0	0.11391099999999998
14425.0	0.113802
14430.0	0.113693
14435.0	0.11358399999999999
14440.0	0.113475
14445.0	0.11336600000000001
14450.0	0.113257
14455.0	0.113149
14460.0	0.113041
14465.0	0.11293299999999999
14470.0	0.112825
14475.0	0.11271700000000001
14480.0	0.11260999999999999
14485.0	0.112502
14490.0	0.11239500000000001
14495.0	0.11228800000000001
14500.0	0.11218099999999999
14505.0	0.11207400000000001
14510.0	0.11196800000000001
14515.0	0.11186099999999999
14520.0	0.111755
14525.0	0.111649
14530.0	0.111543
14535.0	0.11143800000000001
14540.0	0.111332
14545.0	0.11122699999999999
14550.0	0.111121
14555.0	0.111016
14560.0	0.110911
14565.0	0.11080699999999999
14570.0	0.110702
14575.0	0.110598
14580.0	0.11049400000000001
14585.0	0.11038900000000001
14590.0	0.110285
14595.0	0.11018199999999999
14600.0	0.110078
14605.0	0.109975
14610.0	0.10987100000000001
14615.0	0.109768
14620.0	0.10966500000000001
14625.0	0.10956199999999999
14630.0	0.10945999999999999
14635.0	0.109357
14640.0	0.10925499999999999
14645.0	0.109153
14650.0	0.109051
14655.0	0.108949
14660.0	0.108847
14665.0	0.10874600000000001
14670.0	0.108644
14675.0	0.108543
14680.0	0.10844200000000001
14685.0	0.108341
14690.0	0.10824
14695.0	0.10814000000000001
14700.0	0.10803900000000001
14705.0	0.10793900000000001
14710.0	0.107839
14715.0	0.10773900000000002
14720.0	0.10763900000000001
14725.0	0.10753900000000001
14730.0	0.107439
14735.0	0.10734
14740.0	0.107241
14745.0	0.107142
14750.0	0.10704300000000001
14755.0	0.10694400000000001
14760.0	0.10684500000000001
14765.0	0.10674700000000001
14770.0	0.106648
14775.0	0.10655
14780.0	0.106452
14785.0	0.10635399999999999
14790.0	0.10625599999999999
14795.0	0.10615899999999999
14800.0	0.10606099999999999
14805.0	0.10596400000000002
14810.0	0.105867
14815.0	0.10577
14820.0	0.105673
14825.0	0.105576
14830.0	0.10547999999999999
14835.0	0.10538299999999999
14840.0	0.10528699999999999
14845.0	0.105191
14850.0	0.10509500000000001
14855.0	0.104999
14860.0	0.104903
14865.0	0.104807
14870.0	0.10471199999999999
14875.0	0.104617
14880.0	0.104521
14885.0	0.104426
14890.0	0.104332
14895.0	0.10423699999999998
14900.0	0.10414200000000001
14905.0	0.104048
14910.0	0.103953
14915.0	0.10385899999999999
14920.0	0.10376500000000001
14925.0	0.103671
14930.0	0.103578
14935.0	0.10348399999999999
14940.0	0.10339000000000001
14945.0	0.103297
14950.0	0.10320399999999999
14955.0	0.103111
14960.0	0.10301800000000001
14965.0	0.102925
14970.0	0.10283199999999999
14975.0	0.10274000000000001
14980.0	0.102647
14985.0	0.102555
14990.0	0.10246300000000001
14995.0	0.102371
15000.0	0.102279
15005.0	0.102187
15010.0	0.102096
15015.0	0.102004
15020.0	0.101913
15025.0	0.101822
15030.0	0.10173099999999999
15035.0	0.10164
15040.0	0.101549
15045.0	0.101458
15050.0	0.101368
15055.0	0.10127699999999999
15060.0	0.101187
15065.0	0.101097
15070.0	0.101007
15075.0	0.10091699999999999
15080.0	0.100827
15085.0	0.10073700000000001
15090.0	0.100648
15095.0	0.10055900000000001
15100.0	0.100469
15105.0	0.10038
15110.0	0.10029099999999999
15115.0	0.100202
15120.0	0.100114
15125.0	0.100025
15130.0	0.099936
15135.0	0.099848
15140.0	0.09976
15145.0	0.099672
15150.0	0.099584
15155.0	0.099496
15160.0	0.09940800000000001
15165.0	0.09932
15170.0	0.099233
15175.0	0.09914500000000001
15180.0	0.09905800000000001
15185.0	0.098971
15190.0	0.098884
15195.0	0.098797
15200.0	0.09871
15205.0	0.098624
15210.0	0.098537
15215.0	0.098451
15220.0	0.098364
15225.0	0.09827799999999999
15230.0	0.098192
15235.0	0.098106
15240.0	0.09802000000000001
15245.0	0.09793400000000001
15250.0	0.097849
15255.0	0.097763
15260.0	0.097678
15265.0	0.097593
15270.0	0.097508
15275.0	0.097423
15280.0	0.097338
15285.0	0.09725299999999999
15290.0	0.09716799999999999
15295.0	0.097084
15300.0	0.096999
15305.0	0.096915
15310.0	0.096831
15315.0	0.096746
15320.0	0.096662
15325.0	0.096579
15330.0	0.09649500000000001
15335.0	0.096411
15340.0	0.096328
15345.0	0.09624400000000001
15350.0	0.096161
15355.0	0.096078
15360.0	0.09599400000000001
15365.0	0.095911
15370.0	0.095829
15375.0	0.095746
15380.0	0.095663
15385.0	0.095581
15390.0	0.095498
15395.0	0.095416
15400.0	0.095333
15405.0	0.095251
15410.0	0.095169
15415.0	0.095087
15420.0	0.095006
15425.0	0.094924
15430.0	0.094842
15435.0	0.094761
15440.0	0.094679
15445.0	0.094598
15450.0	0.09451699999999999
15455.0	0.094436
15460.0	0.094355
15465.0	0.094274
15470.0	0.094193
15475.0	0.094112
15480.0	0.094032
15485.0	0.09395099999999999
15490.0	0.09387100000000001
15495.0	0.093791
15500.0	0.093711
15505.0	0.09362999999999999
15510.0	0.093551
15515.0	0.093471
15520.0	0.093391
15525.0	0.093311
15530.0	0.09323200000000001
15535.0	0.093152
15540.0	0.093073
15545.0	0.09299299999999999
15550.0	0.092914
15555.0	0.092835
15560.0	0.09275599999999999
15565.0	0.092677
15570.0	0.092598
15575.0	0.09252
15580.0	0.092441
15585.0	0.092363
15590.0	0.092284
15595.0	0.092206
15600.0	0.092128
15605.0	0.09205
15610.0	0.091972
15615.0	0.091894
15620.0	0.091816
15625.0	0.091738
15630.0	0.09166
15635.0	0.091583
15640.0	0.09150499999999999
15645.0	0.091428
15650.0	0.09135
15655.0	0.091273
15660.0	0.091196
15665.0	0.091119
15670.0	0.091042
15675.0	0.090965
15680.0	0.090888
15685.0	0.090812
15690.0	0.090735
15695.0	0.090659
15700.0	0.09058200000000001
15705.0	0.09050599999999999
15710.0	0.09043
15715.0	0.09035399999999999
15720.0	0.090277
15725.0	0.090201
15730.0	0.090126
15735.0	0.09005
15740.0	0.089974
15745.0	0.089898
15750.0	0.089823
15755.0	0.08974700000000001
15760.0	0.089672
15765.0	0.089597
15770.0	0.089521
15775.0	0.089446
15780.0	0.089371
15785.0	0.089296
15790.0	0.08922100000000001
15795.0	0.089146
15800.0	0.089072
15805.0	0.088997
15810.0	0.088922
15815.0	0.088848
15820.0	0.088773
15825.0	0.088699
15830.0	0.088625
15835.0	0.088551
15840.0	0.088476
15845.0	0.088402
15850.0	0.088328
15855.0	0.088255
15860.0	0.088181
15865.0	0.088107
15870.0	0.088033
15875.0	0.08796
15880.0	0.087886
15885.0	0.087813
15890.0	0.08774
15895.0	0.087666
15900.0	0.08759299999999999
15905.0	0.08752
15910.0	0.087447
15915.0	0.08737400000000001
15920.0	0.087301
15925.0	0.087228
15930.0	0.087155
15935.0	0.08708300000000001
15940.0	0.08701
15945.0	0.086937
15950.0	0.086865
15955.0	0.086793
15960.0	0.08672
15965.0	0.086648
15970.0	0.086576
15975.0	0.086504
15980.0	0.08643200000000001
15985.0	0.08636
15990.0	0.086288
15995.0	0.086216
16000.0	0.08614400000000001
16005.0	0.08607200000000001
16010.0	0.086001
16015.0	0.08592899999999999
16020.0	0.085857
16025.0	0.085786
16030.0	0.085715
16035.0	0.085643
16040.0	0.08557200000000001
16045.0	0.085501
16050.0	0.08542999999999999
16055.0	0.085359
16060.0	0.085288
16065.0	0.085217
16070.0	0.085146
16075.0	0.085075
16080.0	0.085004
16085.0	0.08493300000000001
16090.0	0.084863
16095.0	0.08479199999999999
16100.0	0.084722
16105.0	0.084651
16110.0	0.08458099999999999
16115.0	0.084511
16120.0	0.08444
16125.0	0.08437
16130.0	0.0843
16135.0	0.08423
16140.0	0.08416
16145.0	0.08409
16150.0	0.08402000000000001
16155.0	0.08395
16160.0	0.08388
16165.0	0.08381
16170.0	0.083741
16175.0	0.08367100000000001
16180.0	0.083601
16185.0	0.08353200000000001
16190.0	0.083462
16195.0	0.083393
16200.0	0.083324
16205.0	0.083254
16210.0	0.08318500000000001
16215.0	0.083116
16220.0	0.083047
16225.0	0.082978
16230.0	0.082909
16235.0	0.08284
16240.0	0.082771
16245.0	0.082702
16250.0	0.082633
16255.0	0.082564
16260.0	0.082495
16265.0	0.082427
16270.0	0.082358
16275.0	0.082289
16280.0	0.082221
16285.0	0.082152
16290.0	0.082084
16295.0	0.082015
16300.0	0.081947
16305.0	0.081879
16310.0	0.081811
16315.0	0.081742
16320.0	0.081674
16325.0	0.081606
16330.0	0.081538
16335.0	0.08147
16340.0	0.081402
16345.0	0.081334
16350.0	0.08126599999999999
16355.0	0.081198
16360.0	0.08113
16365.0	0.081063
16370.0	0.08099500000000001
16375.0	0.080927
16380.0	0.08086
16385.0	0.080792
16390.0	0.080725
16395.0	0.080657
16400.0	0.08059
16405.0	0.080522
16410.0	0.080455
16415.0	0.080388
16420.0	0.08032
16425.0	0.08025299999999999
16430.0	0.08018600000000001
16435.0	0.08011900000000001
16440.0	0.080052
16445.0	0.079985
16450.0	0.07991799999999999
16455.0	0.079851
16460.0	0.07978400000000001
16465.0	0.079717
16470.0	0.07965
16475.0	0.079583
16480.0	0.07951699999999999
16485.0	0.07945
16490.0	0.07938300000000001
16495.0	0.079317
16500.0	0.07925
16505.0	0.079184
16510.0	0.07911699999999999
16515.0	0.079051
16520.0	0.078985
16525.0	0.07891799999999999
16530.0	0.07885199999999999
16535.0	0.078786
16540.0	0.07872
16545.0	0.078654
16550.0	0.078588
16555.0	0.07852100000000001
16560.0	0.078455
16565.0	0.07839
16570.0	0.078324
16575.0	0.07825800000000001
16580.0	0.078192
16585.0	0.078126
16590.0	0.07806
16595.0	0.07799500000000001
16600.0	0.077929
16605.0	0.077864
16610.0	0.077798
16615.0	0.07773200000000001
16620.0	0.077667
16625.0	0.077602
16630.0	0.07753600000000001
16635.0	0.077471
16640.0	0.07740599999999999
16645.0	0.07733999999999999
16650.0	0.077275
16655.0	0.07721
16660.0	0.077145
16665.0	0.07708
16670.0	0.077015
16675.0	0.07695
16680.0	0.07688500000000001
16685.0	0.07682
16690.0	0.07675499999999999
16695.0	0.076691
16700.0	0.076626
16705.0	0.076561
16710.0	0.07649600000000001
16715.0	0.076432
16720.0	0.07636699999999999
16725.0	0.076303
16730.0	0.076238
16735.0	0.076174
16740.0	0.07610900000000001
16745.0	0.076045
16750.0	0.07598099999999999
16755.0	0.075917
16760.0	0.075852
16765.0	0.075788
16770.0	0.075724
16775.0	0.07566
16780.0	0.07559600000000001
16785.0	0.075532
16790.0	0.075468
16795.0	0.075404
16800.0	0.07534
16805.0	0.075276
16810.0	0.075213
16815.0	0.07514900000000001
16820.0	0.075085
16825.0	0.075022
16830.0	0.07495800000000001
16835.0	0.074894
16840.0	0.074831
16845.0	0.074767
16850.0	0.07470399999999999
16855.0	0.074641
16860.0	0.074577
16865.0	0.074514
16870.0	0.074451
16875.0	0.074387
16880.0	0.074324
16885.0	0.07426100000000001
16890.0	0.074198
16895.0	0.074135
16900.0	0.074072
16905.0	0.074009
16910.0	0.073946
16915.0	0.073883
16920.0	0.073821
16925.0	0.073758
16930.0	0.07369500000000001
16935.0	0.073632
16940.0	0.07357000000000001
16945.0	0.073507
16950.0	0.07344500000000001
16955.0	0.073382
16960.0	0.07332000000000001
16965.0	0.073257
16970.0	0.07319500000000001
16975.0	0.073133
16980.0	0.07307000000000001
16985.0	0.073008
16990.0	0.072946
16995.0	0.072884
17000.0	0.072821
17005.0	0.072759
17010.0	0.072697
17015.0	0.072635
17020.0	0.072573
17025.0	0.07251200000000001
17030.0	0.07245
17035.0	0.072388
17040.0	0.072326
17045.0	0.072264
17050.0	0.072203
17055.0	0.072141
17060.0	0.07207899999999999
17065.0	0.072018
17070.0	0.07195599999999999
17075.0	0.071895
17080.0	0.07183300000000001
17085.0	0.071772
17090.0	0.071711
17095.0	0.071649
17100.0	0.071588
17105.0	0.071527
17110.0	0.071466
17115.0	0.071405
17120.0	0.07134299999999999
17125.0	0.071282
17130.0	0.071221
17135.0	0.07116
17140.0	0.0711
17145.0	0.071039
17150.0	0.070978
17155.0	0.070917
17160.0	0.07085599999999999
17165.0	0.070796
17170.0	0.070735
17175.0	0.070674
17180.0	0.070614
17185.0	0.07055299999999999
17190.0	0.070493
17195.0	0.07043200000000001
17200.0	0.070372
17205.0	0.070311
17210.0	0.070251
17215.0	0.070191
17220.0	0.070131
17225.0	0.07007000000000001
17230.0	0.07001
17235.0	0.06995
17240.0	0.06989
17245.0	0.06982999999999999
17250.0	0.06977
17255.0	0.06971000000000001
17260.0	0.06965
17265.0	0.06959
17270.0	0.06953
17275.0	0.069471
17280.0	0.069411
17285.0	0.069351
17290.0	0.06929199999999999
17295.0	0.069232
17300.0	0.069172
17305.0	0.069113
17310.0	0.069053
17315.0	0.068994
17320.0	0.068935
17325.0	0.068875
17330.0	0.068816
17335.0	0.068757
17340.0	0.06869700000000001
17345.0	0.068638
17350.0	0.068579
17355.0	0.06852000000000001
17360.0	0.06846100000000001
17365.0	0.068402
17370.0	0.068343
17375.0	0.068284
17380.0	0.068225
17385.0	0.06816599999999999
17390.0	0.068107
17395.0	0.068049
17400.0	0.06799
17405.0	0.06793099999999999
17410.0	0.067873
17415.0	0.067814
17420.0	0.067755
17425.0	0.06769700000000001
17430.0	0.067638
17435.0	0.06758
17440.0	0.067521
17445.0	0.067463
17450.0	0.06740499999999999
17455.0	0.067347
17460.0	0.067288
17465.0	0.06723
17470.0	0.06717200000000001
17475.0	0.067114
17480.0	0.06705599999999999
17485.0	0.066998
17490.0	0.06694
17495.0	0.06688200000000001
17500.0	0.066824
17505.0	0.06676599999999999
17510.0	0.066708
17515.0	0.06665
17520.0	0.066593
17525.0	0.066535
17530.0	0.066477
17535.0	0.06642
17540.0	0.066362
17545.0	0.06630499999999999
17550.0	0.066247
17555.0	0.06619
17560.0	0.06613200000000001
17565.0	0.066075
17570.0	0.06601699999999999
17575.0	0.06596
17580.0	0.065903
17585.0	0.065846
17590.0	0.065789
17595.0	0.065731
17600.0	0.065674
17605.0	0.065617
17610.0	0.06556000000000001
17615.0	0.06550299999999999
17620.0	0.065446
17625.0	0.065389
17630.0	0.065333
17635.0	0.065276
17640.0	0.065219
17645.0	0.065162
17650.0	0.065106
17655.0	0.065049
17660.0	0.064992
17665.0	0.06493600000000001
17670.0	0.06487899999999999
17675.0	0.064823
17680.0	0.06476599999999999
17685.0	0.06471
17690.0	0.064654
17695.0	0.064597
17700.0	0.064541
17705.0	0.064485
17710.0	0.064429
17715.0	0.064373
17720.0	0.064316
17725.0	0.06426
17730.0	0.064204
17735.0	0.064148
17740.0	0.064092
17745.0	0.064036
17750.0	0.063981
17755.0	0.063925
17760.0	0.06386900000000001
17765.0	0.063813
17770.0	0.06375700000000001
17775.0	0.063702
17780.0	0.06364600000000001
17785.0	0.063591
17790.0	0.06353500000000001
17795.0	0.063479
17800.0	0.063424
17805.0	0.06336900000000001
17810.0	0.063313
17815.0	0.06325800000000001
17820.0	0.063202
17825.0	0.06314700000000001
17830.0	0.063092
17835.0	0.063037
17840.0	0.06298200000000001
17845.0	0.062927
17850.0	0.06287100000000001
17855.0	0.062816
17860.0	0.062761
17865.0	0.062706
17870.0	0.062652
17875.0	0.062597
17880.0	0.062542
17885.0	0.062487
17890.0	0.06243200000000001
17895.0	0.062377999999999996
17900.0	0.062323
17905.0	0.062268
17910.0	0.062214
17915.0	0.062159000000000006
17920.0	0.062104999999999994
17925.0	0.06205
17930.0	0.061996
17935.0	0.061940999999999996
17940.0	0.061887
17945.0	0.061833000000000006
17950.0	0.061778
17955.0	0.061724
17960.0	0.06167
17965.0	0.061616
17970.0	0.061561000000000005
17975.0	0.061507000000000006
17980.0	0.061453
17985.0	0.061399
17990.0	0.061345000000000004
17995.0	0.061291
18000.0	0.061238
18005.0	0.061184
18010.0	0.06113
18015.0	0.061076
18020.0	0.061022
18025.0	0.060969
18030.0	0.060915
18035.0	0.060861
18040.0	0.060808
18045.0	0.060753999999999996
18050.0	0.060701
18055.0	0.060647
18060.0	0.060594
18065.0	0.06054
18070.0	0.060487
18075.0	0.060434
18080.0	0.060381
18085.0	0.060327
18090.0	0.060274
18095.0	0.060221000000000004
18100.0	0.06016799999999999
18105.0	0.060114999999999995
18110.0	0.060062
18115.0	0.060009
18120.0	0.059955999999999995
18125.0	0.059903
18130.0	0.05985
18135.0	0.059797
18140.0	0.059744000000000005
18145.0	0.059691999999999995
18150.0	0.059639
18155.0	0.059586
18160.0	0.059534000000000004
18165.0	0.05948099999999999
18170.0	0.059427999999999995
18175.0	0.059376
18180.0	0.059323
18185.0	0.059271000000000004
18190.0	0.05921799999999999
18195.0	0.059165999999999996
18200.0	0.059114
18205.0	0.059061
18210.0	0.059009000000000006
18215.0	0.058957
18220.0	0.05890499999999999
18225.0	0.058852999999999996
18230.0	0.0588
18235.0	0.058748
18240.0	0.058696000000000005
18245.0	0.05864400000000001
18250.0	0.058592
18255.0	0.058539999999999995
18260.0	0.058489
18265.0	0.058437
18270.0	0.058385
18275.0	0.058333
18280.0	0.05828099999999999
18285.0	0.05823
18290.0	0.058178
18295.0	0.058126
18300.0	0.058075
18305.0	0.058023000000000005
18310.0	0.057972
18315.0	0.057920000000000006
18320.0	0.057869000000000004
18325.0	0.057817999999999994
18330.0	0.057766
18335.0	0.057714999999999995
18340.0	0.057664
18345.0	0.057612000000000003
18350.0	0.057561
18355.0	0.057510000000000006
18360.0	0.057459
18365.0	0.057408
18370.0	0.057357000000000005
18375.0	0.057305999999999996
18380.0	0.05725499999999999
18385.0	0.057204
18390.0	0.057152999999999995
18395.0	0.057102
18400.0	0.057051
18405.0	0.057
18410.0	0.05695
18415.0	0.056899
18420.0	0.056848
18425.0	0.056798
18430.0	0.056747000000000006
18435.0	0.056697000000000004
18440.0	0.056646
18445.0	0.056595000000000006
18450.0	0.056545000000000005
18455.0	0.056495000000000004
18460.0	0.05644400000000001
18465.0	0.05639400000000001
18470.0	0.056344000000000005
18475.0	0.056292999999999996
18480.0	0.056242999999999994
18485.0	0.05619299999999999
18490.0	0.056143
18495.0	0.056093
18500.0	0.056042999999999996
18505.0	0.055992999999999994
18510.0	0.05594299999999999
18515.0	0.055893
18520.0	0.055843
18525.0	0.055792999999999995
18530.0	0.055742999999999994
18535.0	0.05569299999999999
18540.0	0.055643
18545.0	0.055594000000000005
18550.0	0.055544
18555.0	0.05549400000000001
18560.0	0.055445
18565.0	0.05539500000000001
18570.0	0.055345000000000005
18575.0	0.055296000000000005
18580.0	0.055246
18585.0	0.055197
18590.0	0.055148
18595.0	0.055098
18600.0	0.055049
18605.0	0.055
18610.0	0.05495
18615.0	0.054901
18620.0	0.054852
18625.0	0.054803
18630.0	0.054754
18635.0	0.054703999999999996
18640.0	0.054654999999999995
18645.0	0.054605999999999995
18650.0	0.05455700000000001
18655.0	0.054509
18660.0	0.05446
18665.0	0.054411
18670.0	0.054362
18675.0	0.054313
18680.0	0.054264
18685.0	0.05421599999999999
18690.0	0.05416699999999999
18695.0	0.05411799999999999
18700.0	0.05407000000000001
18705.0	0.054021000000000007
18710.0	0.053973
18715.0	0.053924
18720.0	0.053876
18725.0	0.053827
18730.0	0.053778999999999993
18735.0	0.05372999999999999
18740.0	0.05368200000000001
18745.0	0.053634
18750.0	0.053586
18755.0	0.053537
18760.0	0.053489
18765.0	0.053440999999999995
18770.0	0.053392999999999996
18775.0	0.053345000000000004
18780.0	0.053297000000000004
18785.0	0.053249
18790.0	0.053201
18795.0	0.053153
18800.0	0.05310499999999999
18805.0	0.05305700000000001
18810.0	0.05301
18815.0	0.052962
18820.0	0.052913999999999996
18825.0	0.052865999999999996
18830.0	0.052819000000000005
18835.0	0.052771000000000005
18840.0	0.052723
18845.0	0.052676
18850.0	0.052627999999999994
18855.0	0.052580999999999996
18860.0	0.052533
18865.0	0.052486
18870.0	0.052439
18875.0	0.052391
18880.0	0.05234400000000001
18885.0	0.052297
18890.0	0.052249000000000004
18895.0	0.052202
18900.0	0.05215499999999999
18905.0	0.052108
18910.0	0.052061
18915.0	0.052014
18920.0	0.051967
18925.0	0.05192000000000001
18930.0	0.051873
18935.0	0.051826
18940.0	0.051779
18945.0	0.05173200000000001
18950.0	0.051685
18955.0	0.051639
18960.0	0.051592
18965.0	0.05154500000000001
18970.0	0.051498
18975.0	0.051452
18980.0	0.05140499999999999
18985.0	0.051359
18990.0	0.051312
18995.0	0.051266
19000.0	0.05121900000000001
19005.0	0.051173
19010.0	0.051126
19015.0	0.05108
19020.0	0.051033999999999996
19025.0	0.050987
19030.0	0.050941
19035.0	0.050894999999999996
19040.0	0.050849
19045.0	0.050802999999999994
19050.0	0.050756
19055.0	0.050710000000000005
19060.0	0.050664
19065.0	0.050618
19070.0	0.050572000000000006
19075.0	0.050526
19080.0	0.050480000000000004
19085.0	0.050435
19090.0	0.050388999999999996
19095.0	0.050343
19100.0	0.050297
19105.0	0.050251
19110.0	0.050206
19115.0	0.05016
19120.0	0.050115
19125.0	0.050069
19130.0	0.050023000000000005
19135.0	0.049977999999999995
19140.0	0.049932
19145.0	0.049887
19150.0	0.049841
19155.0	0.049796
19160.0	0.049751
19165.0	0.049705
19170.0	0.04966
19175.0	0.049615
19180.0	0.049569999999999996
19185.0	0.049525
19190.0	0.049479
19195.0	0.049434
19200.0	0.049388999999999995
19205.0	0.049344
19210.0	0.049299
19215.0	0.049254
19220.0	0.049208999999999996
19225.0	0.049164
19230.0	0.04912
19235.0	0.049075
19240.0	0.049030000000000004
19245.0	0.048985
19250.0	0.04894
19255.0	0.048895999999999995
19260.0	0.048851
19265.0	0.048806
19270.0	0.048762
19275.0	0.048717
19280.0	0.048673
19285.0	0.048628
19290.0	0.048583999999999995
19295.0	0.048539
19300.0	0.048494999999999996
19305.0	0.048451
19310.0	0.048406
19315.0	0.048362
19320.0	0.048318
19325.0	0.048274
19330.0	0.048229
19335.0	0.048185000000000006
19340.0	0.048141
19345.0	0.048097
19350.0	0.048053
19355.0	0.048008999999999996
19360.0	0.047965
19365.0	0.047921
19370.0	0.047876999999999996
19375.0	0.047833
19380.0	0.047789
19385.0	0.047746
19390.0	0.047702
19395.0	0.047658
19400.0	0.047614
19405.0	0.047570999999999995
19410.0	0.047527
19415.0	0.047483
19420.0	0.047439999999999996
19425.0	0.047396
19430.0	0.047353
19435.0	0.047309
19440.0	0.047266
19445.0	0.047222
19450.0	0.047179
19455.0	0.047136000000000004
19460.0	0.047092
19465.0	0.047049
19470.0	0.047006
19475.0	0.046963
19480.0	0.046919999999999996
19485.0	0.046876
19490.0	0.046833
19495.0	0.04679
19500.0	0.046747000000000004
19505.0	0.046704
19510.0	0.046661
19515.0	0.046618
19520.0	0.046575
19525.0	0.046532
19530.0	0.04649
19535.0	0.046447
19540.0	0.046404
19545.0	0.046361
19550.0	0.046318
19555.0	0.046276
19560.0	0.046232999999999996
19565.0	0.046191
19570.0	0.046148
19575.0	0.046105
19580.0	0.046063
19585.0	0.04602
19590.0	0.045978
19595.0	0.045936000000000005
19600.0	0.045893
19605.0	0.045850999999999996
19610.0	0.045808
19615.0	0.045766
19620.0	0.045724
19625.0	0.045682
19630.0	0.04564
19635.0	0.045597000000000006
19640.0	0.045555
19645.0	0.045513
19650.0	0.045471
19655.0	0.045429000000000004
19660.0	0.045387000000000004
19665.0	0.045344999999999996
19670.0	0.045302999999999996
19675.0	0.045261
19680.0	0.045219
19685.0	0.045177999999999996
19690.0	0.045136
19695.0	0.045094
19700.0	0.045051999999999995
19705.0	0.045011
19710.0	0.044969
19715.0	0.044926999999999995
19720.0	0.044886
19725.0	0.044844
19730.0	0.044802999999999996
19735.0	0.044761
19740.0	0.044719999999999996
19745.0	0.044677999999999995
19750.0	0.044637
19755.0	0.044594999999999996
19760.0	0.044554
19765.0	0.044513
19770.0	0.044471
19775.0	0.044430000000000004
19780.0	0.044389
19785.0	0.044348
19790.0	0.044307
19795.0	0.044265
19800.0	0.044224
19805.0	0.044183
19810.0	0.044142
19815.0	0.044101
19820.0	0.04406
19825.0	0.044019
19830.0	0.043979000000000004
19835.0	0.043938
19840.0	0.043897000000000005
19845.0	0.043856
19850.0	0.043815
19855.0	0.043774
19860.0	0.043733999999999995
19865.0	0.043693
19870.0	0.043651999999999996
19875.0	0.043612
19880.0	0.043571
19885.0	0.043531
19890.0	0.04349
19895.0	0.04345
19900.0	0.043408999999999996
19905.0	0.043369
19910.0	0.043328
19915.0	0.043288
19920.0	0.043248
19925.0	0.043207
19930.0	0.043167000000000004
19935.0	0.043127
19940.0	0.043087
19945.0	0.043047
19950.0	0.043006
19955.0	0.042966000000000004
19960.0	0.042926
19965.0	0.042886
19970.0	0.042845999999999995
19975.0	0.042806
19980.0	0.042766000000000005
19985.0	0.042726
19990.0	0.042686
19995.0	0.042647000000000004
20000.0	0.042607
20005.0	0.042567
20010.0	0.042526999999999995
20015.0	0.042487
20020.0	0.042448
20025.0	0.042408
20030.0	0.042368
20035.0	0.042329000000000006
20040.0	0.042289
20045.0	0.04225
20050.0	0.042210000000000004
20055.0	0.042171
20060.0	0.042131
20065.0	0.042092000000000004
20070.0	0.042052
20075.0	0.042013
20080.0	0.041974000000000004
20085.0	0.041934
20090.0	0.041895
20095.0	0.041856
20100.0	0.041817
20105.0	0.041777999999999996
20110.0	0.041738
20115.0	0.041699
20120.0	0.04166
20125.0	0.041621
20130.0	0.041582
20135.0	0.041543000000000004
20140.0	0.041504
20145.0	0.041464999999999995
20150.0	0.041426
20155.0	0.041387
20160.0	0.041349000000000004
20165.0	0.04131
20170.0	0.041270999999999995
20175.0	0.041232
20180.0	0.041194
20185.0	0.041155000000000004
20190.0	0.041116
20195.0	0.041077999999999996
20200.0	0.041039
20205.0	0.041
20210.0	0.040962
20215.0	0.040923
20220.0	0.040885000000000005
20225.0	0.040846
20230.0	0.040808
20235.0	0.04077
20240.0	0.040731
20245.0	0.040693
20250.0	0.040655000000000004
20255.0	0.040616
20260.0	0.040577999999999996
20265.0	0.04054
20270.0	0.040501999999999996
20275.0	0.040464
20280.0	0.040426
20285.0	0.040387
20290.0	0.040349
20295.0	0.040311
20300.0	0.040273
20305.0	0.040235
20310.0	0.040198000000000005
20315.0	0.04016
20320.0	0.040122000000000005
20325.0	0.040083999999999995
20330.0	0.040046
20335.0	0.040007999999999995
20340.0	0.039971
20345.0	0.039932999999999996
20350.0	0.039895
20355.0	0.039857
20360.0	0.03982
20365.0	0.039782
20370.0	0.039744999999999996
20375.0	0.039707
20380.0	0.03967
20385.0	0.039632
20390.0	0.039595
20395.0	0.039557
20400.0	0.03952
20405.0	0.039481999999999996
20410.0	0.039445
20415.0	0.039408
20420.0	0.039370999999999996
20425.0	0.039333
20430.0	0.039296
20435.0	0.039258999999999995
20440.0	0.039222
20445.0	0.039185000000000005
20450.0	0.039147
20455.0	0.03911
20460.0	0.039073000000000004
20465.0	0.039036
20470.0	0.038999
20475.0	0.038962000000000004
20480.0	0.038925
20485.0	0.038889
20490.0	0.038852
20495.0	0.038814999999999995
20500.0	0.038778
20505.0	0.038741000000000005
20510.0	0.038705
20515.0	0.038668
20520.0	0.038631
20525.0	0.038593999999999996
20530.0	0.038557999999999995
20535.0	0.038521
20540.0	0.038485000000000005
20545.0	0.038448
20550.0	0.038412
20555.0	0.038375
20560.0	0.038339
20565.0	0.038301999999999996
20570.0	0.038266
20575.0	0.038229
20580.0	0.038193
20585.0	0.038156999999999996
20590.0	0.03812
20595.0	0.038084
20600.0	0.038048
20605.0	0.038012
20610.0	0.037975999999999996
20615.0	0.037939
20620.0	0.037903
20625.0	0.037867000000000005
20630.0	0.037831000000000004
20635.0	0.037795
20640.0	0.037759
20645.0	0.037723
20650.0	0.037687
20655.0	0.037651
20660.0	0.037614999999999996
20665.0	0.03758
20670.0	0.037544
20675.0	0.037508
20680.0	0.037472000000000005
20685.0	0.037436000000000004
20690.0	0.037401
20695.0	0.037364999999999995
20700.0	0.037329
20705.0	0.037294
20710.0	0.037258
20715.0	0.037223
20720.0	0.037187
20725.0	0.037152
20730.0	0.037116
20735.0	0.037081
20740.0	0.037045
20745.0	0.03701
20750.0	0.036974
20755.0	0.036939
20760.0	0.036904
20765.0	0.036868
20770.0	0.036833
20775.0	0.036798000000000004
20780.0	0.036763
20785.0	0.036728
20790.0	0.036692
20795.0	0.036657
20800.0	0.036622
20805.0	0.036587
20810.0	0.036552
20815.0	0.036517
20820.0	0.036482
20825.0	0.036447
20830.0	0.036412
20835.0	0.036377
20840.0	0.036342
20845.0	0.036308
20850.0	0.036273
20855.0	0.036238
20860.0	0.036203
20865.0	0.036168
20870.0	0.036134
20875.0	0.036099
20880.0	0.036064
20885.0	0.03603
20890.0	0.035995
20895.0	0.035961
20900.0	0.035926
20905.0	0.035892
20910.0	0.035857
20915.0	0.035823
20920.0	0.035788
20925.0	0.035754
20930.0	0.035719
20935.0	0.035685
20940.0	0.035651
20945.0	0.035617
20950.0	0.035582
20955.0	0.035548
20960.0	0.035514
20965.0	0.035480000000000005
20970.0	0.035445
20975.0	0.035411
20980.0	0.035377
20985.0	0.035343
20990.0	0.035309
20995.0	0.035275
21000.0	0.035241
21005.0	0.035207
21010.0	0.035173
21015.0	0.035139
21020.0	0.035105000000000004
21025.0	0.035072000000000006
21030.0	0.035038
21035.0	0.035004
21040.0	0.03497
21045.0	0.034936
21050.0	0.034902999999999997
21055.0	0.034869
21060.0	0.034835000000000005
21065.0	0.034802
21070.0	0.034768
21075.0	0.034735
21080.0	0.034700999999999996
21085.0	0.034667
21090.0	0.034634
21095.0	0.0346
21100.0	0.034567
21105.0	0.034533999999999995
21110.0	0.0345
21115.0	0.034467000000000005
21120.0	0.034433
21125.0	0.0344
21130.0	0.034367
21135.0	0.034333999999999996
21140.0	0.0343
21145.0	0.034267
21150.0	0.034234
21155.0	0.034201
21160.0	0.034168000000000004
21165.0	0.034135000000000006
21170.0	0.034101
21175.0	0.034068
21180.0	0.034035
21185.0	0.034002
21190.0	0.033969
21195.0	0.033936
21200.0	0.033904000000000004
21205.0	0.033871
21210.0	0.033838
21215.0	0.033805
21220.0	0.033772
21225.0	0.033739
21230.0	0.033707
21235.0	0.033674
21240.0	0.033641000000000004
21245.0	0.033608
21250.0	0.033576
21255.0	0.033543
21260.0	0.033511
21265.0	0.033477999999999994
21270.0	0.033444999999999996
21275.0	0.033413
21280.0	0.03338
21285.0	0.033348
21290.0	0.033316000000000005
21295.0	0.033283
21300.0	0.033250999999999996
21305.0	0.033218
21310.0	0.033186
21315.0	0.033154
21320.0	0.033121
21325.0	0.033089
21330.0	0.033056999999999996
21335.0	0.033025
21340.0	0.032992
21345.0	0.03296
21350.0	0.032928
21355.0	0.032895999999999995
21360.0	0.032864
21365.0	0.032832
21370.0	0.0328
21375.0	0.032768
21380.0	0.032736
21385.0	0.032704000000000004
21390.0	0.032672
21395.0	0.032639999999999995
21400.0	0.032608
21405.0	0.032576
21410.0	0.032545
21415.0	0.032513
21420.0	0.032481
21425.0	0.032449
21430.0	0.032417
21435.0	0.032386
21440.0	0.032354
21445.0	0.032322000000000004
21450.0	0.032291
21455.0	0.032258999999999996
21460.0	0.032228
21465.0	0.032195999999999995
21470.0	0.032165
21475.0	0.032133
21480.0	0.032102
21485.0	0.03207
21490.0	0.032039
21495.0	0.032007
21500.0	0.031976
21505.0	0.031945
21510.0	0.031913
21515.0	0.031882
21520.0	0.031851
21525.0	0.03182
21530.0	0.031788
21535.0	0.031757
21540.0	0.031726
21545.0	0.031695
21550.0	0.031664
21555.0	0.031633
21560.0	0.031602
21565.0	0.03157
21570.0	0.031539
21575.0	0.031508
21580.0	0.031477
21585.0	0.031447
21590.0	0.031416
21595.0	0.031385
21600.0	0.031354
21605.0	0.031323000000000004
21610.0	0.031292
21615.0	0.031261000000000004
21620.0	0.031231000000000002
21625.0	0.0312
21630.0	0.031169
21635.0	0.031138
21640.0	0.031107999999999997
21645.0	0.031076999999999997
21650.0	0.031045999999999997
21655.0	0.031016000000000002
21660.0	0.030985000000000002
21665.0	0.030955
21670.0	0.030924
21675.0	0.030894
21680.0	0.030862999999999998
21685.0	0.030833
21690.0	0.030802
21695.0	0.030772000000000004
21700.0	0.030742000000000002
21705.0	0.030711000000000002
21710.0	0.030681
21715.0	0.030650999999999998
21720.0	0.030619999999999998
21725.0	0.03059
21730.0	0.030560000000000004
21735.0	0.03053
21740.0	0.030499000000000002
21745.0	0.030469
21750.0	0.030438999999999997
21755.0	0.030409
21760.0	0.030379000000000003
21765.0	0.030349
21770.0	0.030319
21775.0	0.030289
21780.0	0.030258999999999998
21785.0	0.030229000000000002
21790.0	0.030199
21795.0	0.030169
21800.0	0.030139
21805.0	0.030108999999999997
21810.0	0.030079
21815.0	0.03005
21820.0	0.030019999999999998
21825.0	0.02999
21830.0	0.029960000000000004
21835.0	0.029931
21840.0	0.029901
21845.0	0.029870999999999998
21850.0	0.029841000000000003
21855.0	0.029812
21860.0	0.029782
21865.0	0.029752999999999998
21870.0	0.029723000000000003
21875.0	0.029693999999999998
21880.0	0.029664
21885.0	0.029635
21890.0	0.029605000000000003
21895.0	0.029575999999999998
21900.0	0.029546
21905.0	0.029517
21910.0	0.029487
21915.0	0.029457999999999998
21920.0	0.029429000000000004
21925.0	0.029399
21930.0	0.02937
21935.0	0.029341000000000002
21940.0	0.029312
21945.0	0.029283
21950.0	0.029252999999999998
21955.0	0.029224
21960.0	0.029195
21965.0	0.029166
21970.0	0.029137
21975.0	0.029108
21980.0	0.029079
21985.0	0.02905
21990.0	0.029020999999999998
21995.0	0.028992
22000.0	0.028963
22005.0	0.028933999999999998
22010.0	0.028905
22015.0	0.028876
22020.0	0.028847
22025.0	0.028818
22030.0	0.028789999999999996
22035.0	0.028761000000000002
22040.0	0.028732
22045.0	0.028702999999999996
22050.0	0.028675
22055.0	0.028645999999999998
22060.0	0.028617
22065.0	0.028589
22070.0	0.028560000000000002
22075.0	0.028531
22080.0	0.028502999999999997
22085.0	0.028474
22090.0	0.028446
22095.0	0.028417
22100.0	0.028388999999999998
22105.0	0.028360000000000003
22110.0	0.028332
22115.0	0.028303
22120.0	0.028275
22125.0	0.028247
22130.0	0.028218
22135.0	0.028189999999999996
22140.0	0.028162
22145.0	0.028133
22150.0	0.028105
22155.0	0.028076999999999998
22160.0	0.028049
22165.0	0.028020999999999997
22170.0	0.027992000000000003
22175.0	0.027964
22180.0	0.027936000000000002
22185.0	0.027908
22190.0	0.027880000000000002
22195.0	0.027852
22200.0	0.027824
22205.0	0.027795999999999998
22210.0	0.027768
22215.0	0.027739999999999997
22220.0	0.027712
22225.0	0.027683999999999997
22230.0	0.027656
22235.0	0.027629
22240.0	0.027601
22245.0	0.027573
22250.0	0.027545
22255.0	0.027517000000000003
22260.0	0.027489999999999997
22265.0	0.027462
22270.0	0.027433999999999997
22275.0	0.027407
22280.0	0.027379
22285.0	0.027351
22290.0	0.027324
22295.0	0.027295999999999997
22300.0	0.027268
22305.0	0.027241
22310.0	0.027213
22315.0	0.027186000000000002
22320.0	0.027157999999999998
22325.0	0.027131
22330.0	0.027104000000000003
22335.0	0.027076
22340.0	0.027049
22345.0	0.027022000000000004
22350.0	0.026994
22355.0	0.026967
22360.0	0.02694
22365.0	0.026912000000000002
22370.0	0.026885000000000003
22375.0	0.026858
22380.0	0.026831
22385.0	0.026804
22390.0	0.026775999999999998
22395.0	0.026749000000000002
22400.0	0.026722000000000003
22405.0	0.026695
22410.0	0.026668
22415.0	0.026641
22420.0	0.026614
22425.0	0.026587
22430.0	0.026560000000000004
22435.0	0.026532999999999998
22440.0	0.026506000000000002
22445.0	0.026479000000000003
22450.0	0.026452
22455.0	0.026425999999999998
22460.0	0.026399000000000002
22465.0	0.026372000000000003
22470.0	0.026345
22475.0	0.026318
22480.0	0.026292000000000003
22485.0	0.026264999999999997
22490.0	0.026238
22495.0	0.026212
22500.0	0.026185000000000003
22505.0	0.026157999999999997
22510.0	0.026132
22515.0	0.026105
22520.0	0.026077999999999997
22525.0	0.026052
22530.0	0.026025
22535.0	0.025999
22540.0	0.025972000000000002
22545.0	0.025945999999999997
22550.0	0.02592
22555.0	0.025893
22560.0	0.025867
22565.0	0.02584
22570.0	0.025814
22575.0	0.025788
22580.0	0.025762
22585.0	0.025735
22590.0	0.025709
22595.0	0.025682999999999997
22600.0	0.025657
22605.0	0.02563
22610.0	0.025604000000000002
22615.0	0.025578
22620.0	0.025552000000000002
22625.0	0.025526
22630.0	0.0255
22635.0	0.025474
22640.0	0.025448
22645.0	0.025422
22650.0	0.025396000000000002
22655.0	0.02537
22660.0	0.025344
22665.0	0.025318
22670.0	0.025292
22675.0	0.025266
22680.0	0.025240000000000002
22685.0	0.025215
22690.0	0.025189
22695.0	0.025162999999999998
22700.0	0.025137
22705.0	0.025112
22710.0	0.025086
22715.0	0.02506
22720.0	0.025034
22725.0	0.025009
22730.0	0.024983
22735.0	0.024958
22740.0	0.024932
22745.0	0.024906
22750.0	0.024881
22755.0	0.024855000000000002
22760.0	0.02483
22765.0	0.024804
22770.0	0.024779
22775.0	0.024753999999999998
22780.0	0.024728
22785.0	0.024703
22790.0	0.024677
22795.0	0.024652
22800.0	0.024627
22805.0	0.024600999999999998
22810.0	0.024576
22815.0	0.024551
22820.0	0.024526
22825.0	0.024501
22830.0	0.024475
22835.0	0.02445
22840.0	0.024425
22845.0	0.0244
22850.0	0.024375
22855.0	0.02435
22860.0	0.024325
22865.0	0.0243
22870.0	0.024275
22875.0	0.02425
22880.0	0.024225
22885.0	0.0242
22890.0	0.024175
22895.0	0.02415
22900.0	0.024125
22905.0	0.0241
22910.0	0.024075
22915.0	0.024051
22920.0	0.024026
22925.0	0.024000999999999998
22930.0	0.023976
22935.0	0.023952
22940.0	0.023927
22945.0	0.023902
22950.0	0.023877000000000002
22955.0	0.023853
22960.0	0.023828
22965.0	0.023804
22970.0	0.023778999999999998
22975.0	0.023755000000000002
22980.0	0.02373
22985.0	0.023705
22990.0	0.023681
22995.0	0.023657
23000.0	0.023632
23005.0	0.023608
23010.0	0.023583
23015.0	0.023559
23020.0	0.023535
23025.0	0.02351
23030.0	0.023486
23035.0	0.023462
23040.0	0.023437
23045.0	0.023413
23050.0	0.023389
23055.0	0.023365
23060.0	0.02334
23065.0	0.023316
23070.0	0.023292
23075.0	0.023268
23080.0	0.023244
23085.0	0.023219999999999998
23090.0	0.023196
23095.0	0.023171999999999998
23100.0	0.023148
23105.0	0.023124000000000002
23110.0	0.0231
23115.0	0.023076
23120.0	0.023052
23125.0	0.023028
23130.0	0.023004
23135.0	0.02298
23140.0	0.022956
23145.0	0.022933000000000002
23150.0	0.022909
23155.0	0.022885
23160.0	0.022861000000000003
23165.0	0.022837
23170.0	0.022813999999999997
23175.0	0.02279
23180.0	0.022765999999999998
23185.0	0.022743
23190.0	0.022719
23195.0	0.022695
23200.0	0.022672
23205.0	0.022647999999999998
23210.0	0.022625
23215.0	0.022601
23220.0	0.022578
23225.0	0.022553999999999998
23230.0	0.022531
23235.0	0.022507
23240.0	0.022484
23245.0	0.022461000000000002
23250.0	0.022437000000000002
23255.0	0.022414
23260.0	0.02239
23265.0	0.022366999999999998
23270.0	0.022344
23275.0	0.022321
23280.0	0.022297
23285.0	0.022274000000000002
23290.0	0.022251
23295.0	0.022228
23300.0	0.022205000000000003
23305.0	0.022181
23310.0	0.022158
23315.0	0.022135
23320.0	0.022112
23325.0	0.022088999999999998
23330.0	0.022066
23335.0	0.022043
23340.0	0.022019999999999998
23345.0	0.021997
23350.0	0.021974
23355.0	0.021951
23360.0	0.021928
23365.0	0.021905
23370.0	0.021882
23375.0	0.02186
23380.0	0.021837
23385.0	0.021814
23390.0	0.021791
23395.0	0.021768
23400.0	0.021746
23405.0	0.021723
23410.0	0.0217
23415.0	0.021678
23420.0	0.021655
23425.0	0.021632
23430.0	0.02161
23435.0	0.021587000000000002
23440.0	0.021564
23445.0	0.021542
23450.0	0.021519
23455.0	0.021497
23460.0	0.021474
23465.0	0.021452000000000002
23470.0	0.021429
23475.0	0.021407
23480.0	0.021384999999999998
23485.0	0.021362
23490.0	0.02134
23495.0	0.021317
23500.0	0.021294999999999998
23505.0	0.021273
23510.0	0.02125
23515.0	0.021228
23520.0	0.021206
23525.0	0.021184
23530.0	0.021162
23535.0	0.021138999999999998
23540.0	0.021117
23545.0	0.021095
23550.0	0.021072999999999998
23555.0	0.021051
23560.0	0.021029
23565.0	0.021006999999999998
23570.0	0.020985
23575.0	0.020963
23580.0	0.020941
23585.0	0.020919
23590.0	0.020897
23595.0	0.020875
23600.0	0.020853
23605.0	0.020831
23610.0	0.020809
23615.0	0.020787
23620.0	0.020765000000000002
23625.0	0.020743
23630.0	0.020722
23635.0	0.0207
23640.0	0.020678
23645.0	0.020656
23650.0	0.020635
23655.0	0.020613
23660.0	0.020590999999999998
23665.0	0.020569999999999998
23670.0	0.020548
23675.0	0.020526
23680.0	0.020505000000000002
23685.0	0.020483
23690.0	0.020462
23695.0	0.02044
23700.0	0.020419
23705.0	0.020397
23710.0	0.020376
23715.0	0.020354
23720.0	0.020333
23725.0	0.020311000000000003
23730.0	0.02029
23735.0	0.020269
23740.0	0.020247
23745.0	0.020225999999999997
23750.0	0.020205
23755.0	0.020183
23760.0	0.020162
23765.0	0.020141
23770.0	0.02012
23775.0	0.020097999999999998
23780.0	0.020077
23785.0	0.020056
23790.0	0.020035
23795.0	0.020013999999999997
23800.0	0.019993
23805.0	0.019971
23810.0	0.01995
23815.0	0.019929
23820.0	0.019908000000000002
23825.0	0.019887000000000002
23830.0	0.019865999999999998
23835.0	0.019844999999999998
23840.0	0.019824
23845.0	0.019803
23850.0	0.019783000000000002
23855.0	0.019762000000000002
23860.0	0.019740999999999998
23865.0	0.019719999999999998
23870.0	0.019699
23875.0	0.019678
23880.0	0.019657
23885.0	0.019637
23890.0	0.019615999999999998
23895.0	0.019594999999999998
23900.0	0.019575
23905.0	0.019554
23910.0	0.019533000000000002
23915.0	0.019513
23920.0	0.019492
23925.0	0.019471000000000002
23930.0	0.019451
23935.0	0.019430000000000003
23940.0	0.01941
23945.0	0.019389
23950.0	0.019369
23955.0	0.019348
23960.0	0.019328
23965.0	0.019306999999999998
23970.0	0.019287000000000002
23975.0	0.019266
23980.0	0.019246
23985.0	0.019225
23990.0	0.019205
23995.0	0.019185
24000.0	0.019163999999999997
24005.0	0.019144
24010.0	0.019124000000000002
24015.0	0.019104
24020.0	0.019083000000000003
24025.0	0.019063
24030.0	0.019043
24035.0	0.019022999999999998
24040.0	0.019003
24045.0	0.018983
24050.0	0.018962
24055.0	0.018941999999999997
24060.0	0.018922
24065.0	0.018902000000000002
24070.0	0.018882
24075.0	0.018862
24080.0	0.018841999999999998
24085.0	0.018822
24090.0	0.018802000000000003
24095.0	0.018782
24100.0	0.018762
24105.0	0.018741999999999998
24110.0	0.018722
24115.0	0.018703
24120.0	0.018683
24125.0	0.018663
24130.0	0.018643
24135.0	0.018623
24140.0	0.018604
24145.0	0.018584
24150.0	0.018563999999999997
24155.0	0.018544
24160.0	0.018525
24165.0	0.018505
24170.0	0.018484999999999998
24175.0	0.018466
24180.0	0.018446
24185.0	0.018427000000000002
24190.0	0.018407
24195.0	0.018387
24200.0	0.018368000000000002
24205.0	0.018348
24210.0	0.018328999999999998
24215.0	0.018309
24220.0	0.01829
24225.0	0.018271000000000003
24230.0	0.018251
24235.0	0.018231999999999998
24240.0	0.018212
24245.0	0.018193
24250.0	0.018174
24255.0	0.018154
24260.0	0.018135
24265.0	0.018116
24270.0	0.018096
24275.0	0.018077
24280.0	0.018058
24285.0	0.018039
24290.0	0.018019999999999998
24295.0	0.018
24300.0	0.017981
24305.0	0.017962
24310.0	0.017943
24315.0	0.017924000000000002
24320.0	0.017905
24325.0	0.017886000000000003
24330.0	0.017866999999999997
24335.0	0.017848
24340.0	0.017828999999999998
24345.0	0.01781
24350.0	0.017791
24355.0	0.017772
24360.0	0.017753
24365.0	0.017734
24370.0	0.017715
24375.0	0.017696
24380.0	0.017677000000000002
24385.0	0.017659
24390.0	0.01764
24395.0	0.017621
24400.0	0.017602
24405.0	0.017584
24410.0	0.017565
24415.0	0.017546
24420.0	0.017527
24425.0	0.017509
24430.0	0.017490000000000002
24435.0	0.017471
24440.0	0.017453
24445.0	0.017434
24450.0	0.017416
24455.0	0.017397
24460.0	0.017379
24465.0	0.01736
24470.0	0.017342
24475.0	0.017322999999999998
24480.0	0.017305
24485.0	0.017286000000000003
24490.0	0.017268000000000002
24495.0	0.017249
24500.0	0.017231
24505.0	0.017213
24510.0	0.017194
24515.0	0.017176
24520.0	0.017158
24525.0	0.017138999999999998
24530.0	0.017121
24535.0	0.017103
24540.0	0.017084000000000002
24545.0	0.017066
24550.0	0.017048
24555.0	0.01703
24560.0	0.017012
24565.0	0.016994
24570.0	0.016975
24575.0	0.016957
24580.0	0.016939
24585.0	0.016921000000000002
24590.0	0.016903
24595.0	0.016885
24600.0	0.016867
24605.0	0.016849
24610.0	0.016831
24615.0	0.016812999999999998
24620.0	0.016794999999999997
24625.0	0.016777
24630.0	0.016759
24635.0	0.016741
24640.0	0.016724
24645.0	0.016706
24650.0	0.016687999999999998
24655.0	0.016669999999999997
24660.0	0.016652
24665.0	0.016634
24670.0	0.016617
24675.0	0.016599000000000003
24680.0	0.016581
24685.0	0.016564
24690.0	0.016546
24695.0	0.016528
24700.0	0.016511
24705.0	0.016493
24710.0	0.016475
24715.0	0.016458
24720.0	0.01644
24725.0	0.016423
24730.0	0.016405
24735.0	0.016388
24740.0	0.01637
24745.0	0.016353
24750.0	0.016335
24755.0	0.016318
24760.0	0.0163
24765.0	0.016283000000000002
24770.0	0.016265
24775.0	0.016248
24780.0	0.016231
24785.0	0.016212999999999998
24790.0	0.016196000000000002
24795.0	0.016179
24800.0	0.016161000000000002
24805.0	0.016144
24810.0	0.016127000000000002
24815.0	0.01611
24820.0	0.016092
24825.0	0.016075
24830.0	0.016058000000000003
24835.0	0.016041
24840.0	0.016024
24845.0	0.016007
24850.0	0.01599
24855.0	0.015972999999999998
24860.0	0.015955
24865.0	0.015938
24870.0	0.015921
24875.0	0.015903999999999998
24880.0	0.015887000000000002
24885.0	0.01587
24890.0	0.015853
24895.0	0.015837
24900.0	0.015819999999999997
24905.0	0.015803
24910.0	0.015786
24915.0	0.015769
24920.0	0.015752000000000002
24925.0	0.015735
24930.0	0.015718
24935.0	0.015702
24940.0	0.015685
24945.0	0.015668
24950.0	0.015650999999999998
24955.0	0.015635
24960.0	0.015618
24965.0	0.015600999999999999
24970.0	0.015585
24975.0	0.015568
24980.0	0.015550999999999999
24985.0	0.015535
24990.0	0.015518
24995.0	0.015502000000000002
25000.0	0.0
