#wave	flux
1150.0	0.017546
1155.0	0.005564
1160.0	0.0
1165.0	0.0009939999999999999
1170.0	0.0
1175.0	0.0
1180.0	0.0
1185.0	0.0
1190.0	0.0
1195.0	0.0
1200.0	0.000878
1205.0	0.004509
1210.0	0.0065060000000000005
1215.0	0.003204
1220.0	0.00042199999999999996
1225.0	0.0004969999999999999
1230.0	0.001112
1235.0	0.001392
1240.0	0.001193
1245.0	0.000482
1250.0	0.000915
1255.0	0.000192
1260.0	0.001303
1265.0	0.0008810000000000001
1270.0	0.000592
1275.0	0.0006129999999999999
1280.0	0.000576
1285.0	0.000131
1290.0	0.0
1295.0	0.000101
1300.0	0.000401
1305.0	0.000602
1310.0	0.000392
1315.0	0.00032
1320.0	0.000653
1325.0	0.00027
1330.0	0.000528
1335.0	0.000481
1340.0	0.00044
1345.0	0.000394
1350.0	0.000697
1355.0	0.0007059999999999999
1360.0	0.000466
1365.0	0.0
1370.0	0.001468
1375.0	0.001413
1380.0	0.000286
1385.0	2.9999999999999997e-05
1390.0	0.000217
1395.0	9.6e-05
1400.0	0.000213
1405.0	5.6000000000000006e-05
1410.0	9.8e-05
1415.0	0.0006490000000000001
1420.0	0.00018600000000000002
1425.0	0.000343
1430.0	0.000824
1435.0	0.000674
1440.0	0.000377
1445.0	0.001225
1450.0	0.000916
1455.0	0.000259
1460.0	4.1e-05
1465.0	0.00034700000000000003
1470.0	0.000212
1475.0	0.000656
1480.0	0.000463
1485.0	0.000713
1490.0	0.001426
1495.0	0.000965
1500.0	0.0007650000000000001
1505.0	0.00091
1510.0	0.000867
1515.0	0.00021899999999999998
1520.0	0.000321
1525.0	0.0006230000000000001
1530.0	0.0019199999999999998
1535.0	0.0019850000000000002
1540.0	0.0014869999999999998
1545.0	0.000377
1550.0	0.000642
1555.0	0.0014320000000000001
1560.0	0.0019030000000000002
1565.0	0.0012699999999999999
1570.0	0.000615
1575.0	0.001334
1580.0	0.001517
1585.0	0.00053
1590.0	0.001302
1595.0	0.001224
1600.0	0.000799
1605.0	0.000796
1610.0	0.001449
1615.0	0.0008900000000000001
1620.0	0.000484
1625.0	0.000296
1630.0	0.000798
1635.0	0.00041799999999999997
1640.0	0.000146
1645.0	0.000343
1650.0	0.000837
1655.0	0.001267
1660.0	0.001598
1665.0	0.0014470000000000002
1670.0	0.001374
1675.0	0.0016120000000000002
1680.0	0.001632
1685.0	0.0012619999999999999
1690.0	0.001423
1695.0	0.002721
1700.0	0.002761
1705.0	0.0027429999999999998
1710.0	0.003368
1715.0	0.0035259999999999996
1720.0	0.003594
1725.0	0.005142
1730.0	0.004837
1735.0	0.005351
1740.0	0.0074
1745.0	0.008485
1750.0	0.010095
1755.0	0.011038
1760.0	0.010634000000000001
1765.0	0.013006
1770.0	0.016978999999999998
1775.0	0.019219
1780.0	0.01859
1785.0	0.016280000000000003
1790.0	0.017129
1795.0	0.019971
1800.0	0.020069
1805.0	0.018621000000000002
1810.0	0.020321000000000002
1815.0	0.022662
1820.0	0.026802
1825.0	0.02688
1830.0	0.026306
1835.0	0.022861000000000003
1840.0	0.01735
1845.0	0.014787999999999999
1850.0	0.019671
1855.0	0.023957
1860.0	0.029222
1865.0	0.035601
1870.0	0.034946
1875.0	0.035211
1880.0	0.040818
1885.0	0.039595
1890.0	0.037159
1895.0	0.03524
1900.0	0.039456
1905.0	0.045114999999999995
1910.0	0.048699
1915.0	0.050869
1920.0	0.046493
1925.0	0.033016000000000004
1930.0	0.025368
1935.0	0.040101
1940.0	0.059234
1945.0	0.063703
1950.0	0.06046
1955.0	0.049781
1960.0	0.052884
1965.0	0.044626
1970.0	0.051557000000000006
1975.0	0.071674
1980.0	0.050589999999999996
1985.0	0.067312
1990.0	0.058253
1995.0	0.027687
2000.0	0.058115999999999994
2005.0	0.074874
2010.0	0.050076999999999997
2015.0	0.07079099999999999
2020.0	0.074678
2025.0	0.06430599999999999
2030.0	0.056813
2035.0	0.07954299999999999
2040.0	0.099492
2045.0	0.082069
2050.0	0.090124
2055.0	0.11452999999999999
2060.0	0.100037
2065.0	0.07005
2070.0	0.104749
2075.0	0.127149
2080.0	0.144673
2085.0	0.142973
2090.0	0.130649
2095.0	0.114647
2100.0	0.134888
2105.0	0.155203
2110.0	0.15292
2115.0	0.15876800000000002
2120.0	0.144002
2125.0	0.154746
2130.0	0.157025
2135.0	0.14290799999999998
2140.0	0.136168
2145.0	0.153729
2150.0	0.15146400000000002
2155.0	0.15044000000000002
2160.0	0.15267999999999998
2165.0	0.13683599999999999
2170.0	0.14239200000000002
2175.0	0.117248
2180.0	0.125147
2185.0	0.15193199999999998
2190.0	0.173514
2195.0	0.190825
2200.0	0.203158
2205.0	0.19451500000000002
2210.0	0.15743900000000002
2215.0	0.133622
2220.0	0.127724
2225.0	0.14268
2230.0	0.15138800000000002
2235.0	0.160352
2240.0	0.171191
2245.0	0.161133
2250.0	0.169596
2255.0	0.17711400000000002
2260.0	0.16381400000000002
2265.0	0.146233
2270.0	0.134217
2275.0	0.120173
2280.0	0.126585
2285.0	0.14233900000000002
2290.0	0.165885
2295.0	0.16383399999999998
2300.0	0.156591
2305.0	0.146202
2310.0	0.15462
2315.0	0.14926199999999998
2320.0	0.14199900000000001
2325.0	0.137093
2330.0	0.12678
2335.0	0.12623800000000002
2340.0	0.099713
2345.0	0.1069
2350.0	0.09866799999999999
2355.0	0.12133599999999999
2360.0	0.140692
2365.0	0.0987
2370.0	0.11252100000000001
2375.0	0.14016199999999998
2380.0	0.136678
2385.0	0.089793
2390.0	0.08764
2395.0	0.103327
2400.0	0.095712
2405.0	0.087335
2410.0	0.07239
2415.0	0.080136
2420.0	0.11253699999999998
2425.0	0.15679500000000002
2430.0	0.179345
2435.0	0.167856
2440.0	0.145196
2445.0	0.163471
2450.0	0.151344
2455.0	0.130922
2460.0	0.144433
2465.0	0.150353
2470.0	0.15204
2475.0	0.150604
2480.0	0.152006
2485.0	0.127663
2490.0	0.10873599999999999
2495.0	0.109876
2500.0	0.16397
2505.0	0.16146300000000002
2510.0	0.130814
2515.0	0.120778
2520.0	0.091237
2525.0	0.07958
2530.0	0.094871
2535.0	0.102724
2540.0	0.11373699999999999
2545.0	0.119227
2550.0	0.115717
2555.0	0.135916
2560.0	0.15655
2565.0	0.175156
2570.0	0.203306
2575.0	0.218433
2580.0	0.196499
2585.0	0.184753
2590.0	0.191858
2595.0	0.205614
2600.0	0.16880599999999998
2605.0	0.156887
2610.0	0.156353
2615.0	0.144206
2620.0	0.17698699999999998
2625.0	0.198121
2630.0	0.172326
2635.0	0.219925
2640.0	0.393978
2645.0	0.46303199999999994
2650.0	0.403352
2655.0	0.378008
2660.0	0.441586
2665.0	0.374231
2670.0	0.328639
2675.0	0.354147
2680.0	0.356668
2685.0	0.361764
2690.0	0.35332600000000003
2695.0	0.34981100000000004
2700.0	0.417405
2705.0	0.415538
2710.0	0.338723
2715.0	0.323216
2720.0	0.349916
2725.0	0.353704
2730.0	0.43960699999999997
2735.0	0.378865
2740.0	0.261228
2745.0	0.19217599999999999
2750.0	0.197574
2755.0	0.23835599999999998
2760.0	0.232212
2765.0	0.27915100000000004
2770.0	0.303197
2775.0	0.335158
2780.0	0.306244
2785.0	0.228404
2790.0	0.179767
2795.0	0.109607
2800.0	0.072523
2805.0	0.0759
2810.0	0.13815999999999998
2815.0	0.273095
2820.0	0.44776800000000005
2825.0	0.476492
2830.0	0.484283
2835.0	0.488469
2840.0	0.389736
2845.0	0.38268800000000003
2850.0	0.34863
2855.0	0.229016
2860.0	0.321538
2865.0	0.37482
2870.0	0.384273
2875.0	0.430608
2880.0	0.403478
2885.0	0.37658600000000003
2890.0	0.402989
2895.0	0.39955
2900.0	0.39148299999999997
2905.0	0.412998
2910.0	0.46875100000000003
2915.0	0.526463
2920.0	0.48084399999999994
2925.0	0.432539
2930.0	0.42532700000000007
2935.0	0.45121400000000006
2940.0	0.44817799999999997
2945.0	0.45520200000000005
2950.0	0.459992
2955.0	0.46492100000000003
2960.0	0.499471
2965.0	0.5046
2970.0	0.512582
2975.0	0.472862
2980.0	0.48492700000000005
2985.0	0.502343
2990.0	0.516893
2995.0	0.520202
3000.0	0.47781899999999994
3005.0	0.460421
3010.0	0.477126
3015.0	0.4708
3020.0	0.469919
3025.0	0.54275
3030.0	0.594194
3035.0	0.5821029999999999
3040.0	0.629134
3045.0	0.556008
3050.0	0.524996
3055.0	0.558715
3060.0	0.49900900000000004
3065.0	0.456959
3070.0	0.49541899999999994
3075.0	0.503158
3080.0	0.522123
3085.0	0.49340500000000004
3090.0	0.478625
3095.0	0.424166
3100.0	0.402291
3105.0	0.45161599999999996
3110.0	0.525622
3115.0	0.5455439999999999
3120.0	0.47632299999999994
3125.0	0.46402299999999996
3130.0	0.49370600000000003
3135.0	0.517833
3140.0	0.522211
3145.0	0.5060319999999999
3150.0	0.526924
3155.0	0.5080180000000001
3160.0	0.50132
3165.0	0.503695
3170.0	0.527415
3175.0	0.536243
3180.0	0.52955
3185.0	0.534899
3190.0	0.54735
3195.0	0.559022
3200.0	0.581864
3205.0	0.592839
3210.0	0.59483
3215.0	0.577209
3220.0	0.555513
3225.0	0.547084
3230.0	0.550346
3235.0	0.560109
3240.0	0.575669
3245.0	0.5964649999999999
3250.0	0.61802
3255.0	0.635211
3260.0	0.644253
3265.0	0.643163
3270.0	0.6358229999999999
3275.0	0.628778
3280.0	0.633336
3285.0	0.655388
3290.0	0.6744020000000001
3295.0	0.6709430000000001
3300.0	0.656395
3305.0	0.6463899999999999
3310.0	0.6427510000000001
3315.0	0.643145
3320.0	0.642437
3325.0	0.636918
3330.0	0.6313979999999999
3335.0	0.630726
3340.0	0.6313949999999999
3345.0	0.629123
3350.0	0.624869
3355.0	0.620757
3360.0	0.618318
3365.0	0.6186590000000001
3370.0	0.6217689999999999
3375.0	0.627891
3380.0	0.639402
3385.0	0.65655
3390.0	0.668944
3395.0	0.667554
3400.0	0.659433
3405.0	0.654029
3410.0	0.6542640000000001
3415.0	0.659633
3420.0	0.66242
3425.0	0.655756
3430.0	0.643353
3435.0	0.6317520000000001
3440.0	0.6282
3445.0	0.636987
3450.0	0.649877
3455.0	0.657497
3460.0	0.658461
3465.0	0.6542140000000001
3470.0	0.64953
3475.0	0.648309
3480.0	0.6476310000000001
3485.0	0.645059
3490.0	0.646908
3495.0	0.657975
3500.0	0.668235
3505.0	0.6674939999999999
3510.0	0.657154
3515.0	0.662628
3520.0	0.648958
3525.0	0.647457
3530.0	0.674729
3535.0	0.701328
3540.0	0.712507
3545.0	0.7154119999999999
3550.0	0.7067180000000001
3555.0	0.684754
3560.0	0.666578
3565.0	0.627903
3570.0	0.615112
3575.0	0.625315
3580.0	0.612332
3585.0	0.605004
3590.0	0.649755
3595.0	0.68276
3600.0	0.675986
3605.0	0.6482939999999999
3610.0	0.634107
3615.0	0.6406729999999999
3620.0	0.654816
3625.0	0.699973
3630.0	0.674826
3635.0	0.670492
3640.0	0.696933
3645.0	0.674696
3650.0	0.681912
3655.0	0.723831
3660.0	0.755456
3665.0	0.741799
3670.0	0.73523
3675.0	0.7290800000000001
3680.0	0.7059340000000001
3685.0	0.7099409999999999
3690.0	0.738533
3695.0	0.76166
3700.0	0.764783
3705.0	0.723616
3710.0	0.744907
3715.0	0.784061
3720.0	0.735217
3725.0	0.7401
3730.0	0.728101
3735.0	0.6777850000000001
3740.0	0.7313649999999999
3745.0	0.705184
3750.0	0.699447
3755.0	0.794429
3760.0	0.792166
3765.0	0.775987
3770.0	0.769249
3775.0	0.849116
3780.0	0.922484
3785.0	0.9121469999999999
3790.0	0.8300709999999999
3795.0	0.752418
3800.0	0.7827069999999999
3805.0	0.889083
3810.0	0.932997
3815.0	0.894415
3820.0	0.846802
3825.0	0.767141
3830.0	0.672511
3835.0	0.621487
3840.0	0.713738
3845.0	0.856994
3850.0	0.9209229999999999
3855.0	0.9220430000000001
3860.0	0.9198059999999999
3865.0	0.9508110000000001
3870.0	0.919853
3875.0	0.880024
3880.0	0.8251069999999999
3885.0	0.73537
3890.0	0.7218100000000001
3895.0	0.8241639999999999
3900.0	0.8819100000000001
3905.0	0.879928
3910.0	0.90823
3915.0	0.907956
3920.0	0.8608030000000001
3925.0	0.749364
3930.0	0.579468
3935.0	0.544553
3940.0	0.677512
3945.0	0.789724
3950.0	0.847835
3955.0	0.845909
3960.0	0.758848
3965.0	0.603141
3970.0	0.5699270000000001
3975.0	0.72219
3980.0	0.870179
3985.0	0.954189
3990.0	1.0054299999999998
3995.0	1.0243870000000002
4000.0	1.035331
4005.0	1.040246
4010.0	1.061669
4015.0	1.086109
4020.0	1.10816
4025.0	1.118475
4030.0	1.100152
4035.0	1.09818
4040.0	1.096819
4045.0	1.076418
4050.0	1.088596
4055.0	1.0756629999999998
4060.0	1.05567
4065.0	1.0411290000000002
4070.0	1.039462
4075.0	1.037406
4080.0	1.053639
4085.0	1.075246
4090.0	1.062176
4095.0	0.984902
4100.0	0.8949799999999999
4105.0	0.924948
4110.0	1.00821
4115.0	1.0593700000000001
4120.0	1.081892
4125.0	1.098362
4130.0	1.095124
4135.0	1.099191
4140.0	1.1027930000000001
4145.0	1.094187
4150.0	1.096743
4155.0	1.0990959999999999
4160.0	1.122796
4165.0	1.129975
4170.0	1.095121
4175.0	1.074103
4180.0	1.0831
4185.0	1.0849309999999999
4190.0	1.091676
4195.0	1.083649
4200.0	1.073173
4205.0	1.089459
4210.0	1.106687
4215.0	1.107701
4220.0	1.098766
4225.0	1.061256
4230.0	1.074697
4235.0	1.0784639999999999
4240.0	1.08453
4245.0	1.0842530000000001
4250.0	1.08266
4255.0	1.090116
4260.0	1.082882
4265.0	1.087083
4270.0	1.064932
4275.0	1.068594
4280.0	1.081316
4285.0	1.058659
4290.0	1.027576
4295.0	0.9953700000000001
4300.0	0.9417639999999999
4305.0	0.9229430000000001
4310.0	0.9463020000000001
4315.0	1.017387
4320.0	1.051299
4325.0	1.032402
4330.0	1.025102
4335.0	0.963565
4340.0	0.889755
4345.0	0.9473530000000001
4350.0	1.016818
4355.0	1.06731
4360.0	1.110858
4365.0	1.1315680000000001
4370.0	1.119734
4375.0	1.107608
4380.0	1.087821
4385.0	1.066207
4390.0	1.085445
4395.0	1.101573
4400.0	1.107157
4405.0	1.109326
4410.0	1.129053
4415.0	1.139182
4420.0	1.1480569999999999
4425.0	1.149975
4430.0	1.147808
4435.0	1.1431930000000001
4440.0	1.1474030000000002
4445.0	1.142599
4450.0	1.136191
4455.0	1.115054
4460.0	1.116967
4465.0	1.1386049999999999
4470.0	1.163248
4475.0	1.182002
4480.0	1.166181
4485.0	1.171534
4490.0	1.172666
4495.0	1.1902540000000001
4500.0	1.216795
4505.0	1.237755
4510.0	1.234551
4515.0	1.208209
4520.0	1.175057
4525.0	1.144755
4530.0	1.132607
4535.0	1.158102
4540.0	1.185344
4545.0	1.175633
4550.0	1.152457
4555.0	1.159883
4560.0	1.1759700000000002
4565.0	1.17668
4570.0	1.18985
4575.0	1.193876
4580.0	1.1790399999999999
4585.0	1.1784459999999999
4590.0	1.183793
4595.0	1.1854959999999999
4600.0	1.180284
4605.0	1.1854069999999999
4610.0	1.184558
4615.0	1.176768
4620.0	1.1835870000000002
4625.0	1.1896129999999998
4630.0	1.181147
4635.0	1.174749
4640.0	1.1685459999999999
4645.0	1.164165
4650.0	1.165697
4655.0	1.1738030000000002
4660.0	1.182516
4665.0	1.161413
4670.0	1.158
4675.0	1.168165
4680.0	1.174533
4685.0	1.186579
4690.0	1.191569
4695.0	1.1890610000000001
4700.0	1.165225
4705.0	1.1534870000000002
4710.0	1.154479
4715.0	1.163772
4720.0	1.173094
4725.0	1.1724649999999999
4730.0	1.1663569999999999
4735.0	1.170101
4740.0	1.1833280000000002
4745.0	1.19086
4750.0	1.179076
4755.0	1.1614209999999998
4760.0	1.158929
4765.0	1.1536790000000001
4770.0	1.1632959999999999
4775.0	1.174966
4780.0	1.172799
4785.0	1.156692
4790.0	1.1554010000000001
4795.0	1.160461
4800.0	1.1537959999999998
4805.0	1.1541299999999999
4810.0	1.164795
4815.0	1.166605
4820.0	1.15634
4825.0	1.148424
4830.0	1.141679
4835.0	1.141489
4840.0	1.134888
4845.0	1.118132
4850.0	1.098608
4855.0	1.0537729999999998
4860.0	0.9876590000000001
4865.0	0.951117
4870.0	0.967907
4875.0	1.029109
4880.0	1.0632190000000001
4885.0	1.094503
4890.0	1.110393
4895.0	1.109833
4900.0	1.1200450000000002
4905.0	1.132897
4910.0	1.129142
4915.0	1.12534
4920.0	1.119168
4925.0	1.11971
4930.0	1.121181
4935.0	1.140703
4940.0	1.132585
4945.0	1.124693
4950.0	1.1290360000000002
4955.0	1.126276
4960.0	1.120851
4965.0	1.114863
4970.0	1.128765
4975.0	1.12719
4980.0	1.1128149999999999
4985.0	1.1052799999999998
4990.0	1.087533
4995.0	1.0893950000000001
5000.0	1.096077
5005.0	1.081919
5010.0	1.070603
5015.0	1.056872
5020.0	1.055611
5025.0	1.052614
5030.0	1.069072
5035.0	1.077697
5040.0	1.083731
5045.0	1.07699
5050.0	1.073934
5055.0	1.088845
5060.0	1.09174
5065.0	1.103723
5070.0	1.101869
5075.0	1.0831899999999999
5080.0	1.0751819999999999
5085.0	1.0648950000000001
5090.0	1.063868
5095.0	1.077854
5100.0	1.086616
5105.0	1.075133
5110.0	1.074686
5115.0	1.076503
5120.0	1.077106
5125.0	1.074969
5130.0	1.063132
5135.0	1.046719
5140.0	1.044607
5145.0	1.0403879999999999
5150.0	1.036392
5155.0	1.035036
5160.0	1.0345739999999999
5165.0	1.026326
5170.0	1.004218
5175.0	0.9804219999999999
5180.0	0.985568
5185.0	1.004428
5190.0	0.994647
5195.0	1.007888
5200.0	1.0176020000000001
5205.0	1.022232
5210.0	1.030953
5215.0	1.028823
5220.0	1.03928
5225.0	1.035302
5230.0	1.02398
5235.0	1.012678
5240.0	1.017914
5245.0	1.032533
5250.0	1.045916
5255.0	1.047223
5260.0	1.0458120000000002
5265.0	1.027418
5270.0	0.995049
5275.0	0.9839370000000001
5280.0	0.998293
5285.0	1.017742
5290.0	1.0299909999999999
5295.0	1.042661
5300.0	1.047998
5305.0	1.036338
5310.0	1.039672
5315.0	1.047252
5320.0	1.038462
5325.0	1.024397
5330.0	1.003305
5335.0	0.9933649999999999
5340.0	1.0067709999999999
5345.0	1.015868
5350.0	1.0241209999999998
5355.0	1.029418
5360.0	1.034248
5365.0	1.036931
5370.0	1.0256809999999998
5375.0	1.0171709999999998
5380.0	1.022093
5385.0	1.023518
5390.0	1.016014
5395.0	1.013263
5400.0	1.010364
5405.0	1.007603
5410.0	1.0039790000000002
5415.0	1.0001
5420.0	1.001322
5425.0	1.005723
5430.0	1.005743
5435.0	1.004017
5440.0	1.009945
5445.0	1.020996
5450.0	1.020334
5455.0	1.0137770000000002
5460.0	1.020131
5465.0	1.015314
5470.0	1.005825
5475.0	1.00935
5480.0	1.0052860000000001
5485.0	0.9973719999999999
5490.0	1.0044030000000002
5495.0	1.005013
5500.0	1.005456
5505.0	1.010982
5510.0	1.006606
5515.0	1.003575
5520.0	1.008289
5525.0	1.0114379999999998
5530.0	1.013636
5535.0	1.0075040000000002
5540.0	1.011799
5545.0	1.013303
5550.0	1.007699
5555.0	1.001824
5560.0	1.0045600000000001
5565.0	1.002409
5570.0	0.999128
5575.0	0.992876
5580.0	0.9882340000000001
5585.0	0.988243
5590.0	0.9883790000000001
5595.0	0.974749
5600.0	0.968973
5605.0	0.97295
5610.0	0.974092
5615.0	0.981671
5620.0	0.984049
5625.0	0.9748399999999999
5630.0	0.9796520000000001
5635.0	0.9886520000000001
5640.0	0.9856860000000001
5645.0	0.9737180000000001
5650.0	0.9671870000000001
5655.0	0.9627629999999999
5660.0	0.9539860000000001
5665.0	0.9495950000000001
5670.0	0.957824
5675.0	0.9755950000000001
5680.0	0.987042
5685.0	0.98545
5690.0	0.9707319999999999
5695.0	0.954433
5700.0	0.9520629999999999
5705.0	0.956859
5710.0	0.9560690000000001
5715.0	0.951117
5720.0	0.9508270000000001
5725.0	0.9577610000000001
5730.0	0.955953
5735.0	0.951903
5740.0	0.948098
5745.0	0.956024
5750.0	0.965017
5755.0	0.9674280000000001
5760.0	0.962332
5765.0	0.951375
5770.0	0.945298
5775.0	0.9473459999999999
5780.0	0.946275
5785.0	0.945275
5790.0	0.938442
5795.0	0.935414
5800.0	0.943614
5805.0	0.946177
5810.0	0.9430559999999999
5815.0	0.944333
5820.0	0.94194
5825.0	0.9348639999999999
5830.0	0.938163
5835.0	0.9453219999999999
5840.0	0.9512290000000001
5845.0	0.950731
5850.0	0.947896
5855.0	0.9465399999999999
5860.0	0.9401430000000001
5865.0	0.935998
5870.0	0.943535
5875.0	0.946117
5880.0	0.9413940000000001
5885.0	0.931566
5890.0	0.913538
5895.0	0.895073
5900.0	0.8930239999999999
5905.0	0.90989
5910.0	0.9212600000000001
5915.0	0.923034
5920.0	0.922657
5925.0	0.922002
5930.0	0.919257
5935.0	0.9187700000000001
5940.0	0.914698
5945.0	0.9118850000000001
5950.0	0.9106780000000001
5955.0	0.9131790000000001
5960.0	0.913392
5965.0	0.9191370000000001
5970.0	0.921298
5975.0	0.9119510000000001
5980.0	0.898534
5985.0	0.8934489999999999
5990.0	0.896202
5995.0	0.900861
6000.0	0.906349
6005.0	0.9006139999999999
6010.0	0.892093
6015.0	0.8971469999999999
6020.0	0.8967700000000001
6025.0	0.8904639999999999
6030.0	0.8881209999999999
6035.0	0.892747
6040.0	0.89764
6045.0	0.9045610000000001
6050.0	0.904364
6055.0	0.8972469999999999
6060.0	0.8902709999999999
6065.0	0.8801260000000001
6070.0	0.8802120000000001
6075.0	0.878801
6080.0	0.8792610000000001
6085.0	0.8850520000000001
6090.0	0.882776
6095.0	0.878259
6100.0	0.866236
6105.0	0.8665649999999999
6110.0	0.8750680000000001
6115.0	0.875567
6120.0	0.87325
6125.0	0.874318
6130.0	0.871292
6135.0	0.858988
6140.0	0.853806
6145.0	0.86115
6150.0	0.864117
6155.0	0.858326
6160.0	0.8477120000000001
6165.0	0.841326
6170.0	0.8412
6175.0	0.8491540000000001
6180.0	0.8569610000000001
6185.0	0.8618540000000001
6190.0	0.8609829999999999
6195.0	0.864243
6200.0	0.866014
6205.0	0.8657100000000001
6210.0	0.8615780000000001
6215.0	0.852843
6220.0	0.853045
6225.0	0.8563299999999999
6230.0	0.850504
6235.0	0.848877
6240.0	0.850375
6245.0	0.845721
6250.0	0.8435360000000001
6255.0	0.837377
6260.0	0.8374780000000001
6265.0	0.8398129999999999
6270.0	0.845464
6275.0	0.837291
6280.0	0.828307
6285.0	0.838942
6290.0	0.8396389999999999
6295.0	0.8365090000000001
6300.0	0.833098
6305.0	0.835385
6310.0	0.834297
6315.0	0.830118
6320.0	0.830701
6325.0	0.8382950000000001
6330.0	0.8420610000000001
6335.0	0.8373389999999999
6340.0	0.8356389999999999
6345.0	0.835908
6350.0	0.8376399999999999
6355.0	0.838025
6360.0	0.837068
6365.0	0.8363729999999999
6370.0	0.834174
6375.0	0.8366549999999999
6380.0	0.8341629999999999
6385.0	0.833988
6390.0	0.8298549999999999
6395.0	0.825643
6400.0	0.822968
6405.0	0.8225950000000001
6410.0	0.819401
6415.0	0.8179029999999999
6420.0	0.817948
6425.0	0.820125
6430.0	0.817419
6435.0	0.816995
6440.0	0.812701
6445.0	0.811178
6450.0	0.809182
6455.0	0.808342
6460.0	0.807345
6465.0	0.808041
6470.0	0.812134
6475.0	0.813006
6480.0	0.8093319999999999
6485.0	0.807724
6490.0	0.798182
6495.0	0.789506
6500.0	0.798175
6505.0	0.808048
6510.0	0.810643
6515.0	0.804794
6520.0	0.807717
6525.0	0.8077439999999999
6530.0	0.807286
6535.0	0.8065829999999999
6540.0	0.800182
6545.0	0.78284
6550.0	0.761007
6555.0	0.722521
6560.0	0.651786
6565.0	0.664225
6570.0	0.729492
6575.0	0.774094
6580.0	0.790374
6585.0	0.792878
6590.0	0.788413
6595.0	0.786954
6600.0	0.793461
6605.0	0.795852
6610.0	0.80032
6615.0	0.802728
6620.0	0.799741
6625.0	0.7943180000000001
6630.0	0.786974
6635.0	0.786239
6640.0	0.787912
6645.0	0.788546
6650.0	0.790852
6655.0	0.785706
6660.0	0.774467
6665.0	0.772418
6670.0	0.774522
6675.0	0.7740279999999999
6680.0	0.778846
6685.0	0.7845449999999999
6690.0	0.785101
6695.0	0.7807649999999999
6700.0	0.778537
6705.0	0.7747350000000001
6710.0	0.770594
6715.0	0.765444
6720.0	0.762502
6725.0	0.7642439999999999
6730.0	0.7670319999999999
6735.0	0.7681899999999999
6740.0	0.7662760000000001
6745.0	0.764563
6750.0	0.76077
6755.0	0.762339
6760.0	0.7636350000000001
6765.0	0.763824
6770.0	0.762828
6775.0	0.7615649999999999
6780.0	0.758376
6785.0	0.755682
6790.0	0.757216
6795.0	0.757045
6800.0	0.763308
6805.0	0.766088
6810.0	0.768827
6815.0	0.76763
6820.0	0.766426
6825.0	0.7640779999999999
6830.0	0.760684
6835.0	0.758191
6840.0	0.754346
6845.0	0.756722
6850.0	0.758257
6855.0	0.756494
6860.0	0.751722
6865.0	0.747024
6870.0	0.745606
6875.0	0.74769
6880.0	0.750164
6885.0	0.7492949999999999
6890.0	0.743999
6895.0	0.737015
6900.0	0.732722
6905.0	0.733246
6910.0	0.736793
6915.0	0.739368
6920.0	0.738129
6925.0	0.733759
6930.0	0.729826
6935.0	0.72954
6940.0	0.733163
6945.0	0.738023
6950.0	0.740742
6955.0	0.739857
6960.0	0.73674
6965.0	0.734122
6970.0	0.733711
6975.0	0.728309
6980.0	0.7268
6985.0	0.726112
6990.0	0.72185
6995.0	0.719701
7000.0	0.71642
7005.0	0.71132
7010.0	0.718804
7015.0	0.7199439999999999
7020.0	0.722212
7025.0	0.7201529999999999
7030.0	0.7172270000000001
7035.0	0.7113149999999999
7040.0	0.707249
7045.0	0.70623
7050.0	0.702494
7055.0	0.700335
7060.0	0.704299
7065.0	0.70417
7070.0	0.703605
7075.0	0.702659
7080.0	0.701851
7085.0	0.703966
7090.0	0.708734
7095.0	0.714069
7100.0	0.714783
7105.0	0.7117100000000001
7110.0	0.70286
7115.0	0.6990270000000001
7120.0	0.69794
7125.0	0.700561
7130.0	0.703725
7135.0	0.705725
7140.0	0.702059
7145.0	0.693983
7150.0	0.692004
7155.0	0.693522
7160.0	0.6905979999999999
7165.0	0.6866899999999999
7170.0	0.686476
7175.0	0.6854100000000001
7180.0	0.6812779999999999
7185.0	0.672021
7190.0	0.669381
7195.0	0.672892
7200.0	0.674361
7205.0	0.682796
7210.0	0.697671
7215.0	0.704333
7220.0	0.702296
7225.0	0.698387
7230.0	0.687597
7235.0	0.676258
7240.0	0.672461
7245.0	0.675668
7250.0	0.677162
7255.0	0.680908
7260.0	0.681689
7265.0	0.676676
7270.0	0.6748609999999999
7275.0	0.6696880000000001
7280.0	0.676154
7285.0	0.677616
7290.0	0.667738
7295.0	0.6699470000000001
7300.0	0.668702
7305.0	0.6634
7310.0	0.663046
7315.0	0.667604
7320.0	0.671229
7325.0	0.6725800000000001
7330.0	0.668743
7335.0	0.66961
7340.0	0.6715979999999999
7345.0	0.672571
7350.0	0.674361
7355.0	0.671143
7360.0	0.6682859999999999
7365.0	0.663881
7370.0	0.657846
7375.0	0.657209
7380.0	0.6593600000000001
7385.0	0.654672
7390.0	0.651334
7395.0	0.651536
7400.0	0.646568
7405.0	0.643254
7410.0	0.639792
7415.0	0.639785
7420.0	0.64182
7425.0	0.654908
7430.0	0.6547569999999999
7435.0	0.653068
7440.0	0.651755
7445.0	0.651115
7450.0	0.652054
7455.0	0.652939
7460.0	0.652328
7465.0	0.650345
7470.0	0.64964
7475.0	0.650385
7480.0	0.652608
7485.0	0.653874
7490.0	0.650447
7495.0	0.645297
7500.0	0.639628
7505.0	0.636844
7510.0	0.636077
7515.0	0.638355
7520.0	0.638895
7525.0	0.634754
7530.0	0.628626
7535.0	0.626957
7540.0	0.6290560000000001
7545.0	0.634402
7550.0	0.641829
7555.0	0.6452979999999999
7560.0	0.643546
7565.0	0.6379560000000001
7570.0	0.63203
7575.0	0.629093
7580.0	0.630328
7585.0	0.634199
7590.0	0.637636
7595.0	0.6381939999999999
7600.0	0.635602
7605.0	0.631845
7610.0	0.629781
7615.0	0.6310819999999999
7620.0	0.634931
7625.0	0.638732
7630.0	0.640124
7635.0	0.638652
7640.0	0.635803
7645.0	0.633414
7650.0	0.631853
7655.0	0.6297659999999999
7660.0	0.625844
7665.0	0.620496
7670.0	0.615903
7675.0	0.614243
7680.0	0.615378
7685.0	0.6165729999999999
7690.0	0.614899
7695.0	0.609969
7700.0	0.6046819999999999
7705.0	0.603193
7710.0	0.6074
7715.0	0.615065
7720.0	0.621429
7725.0	0.622471
7730.0	0.617359
7735.0	0.6087239999999999
7740.0	0.599066
7745.0	0.595771
7750.0	0.587483
7755.0	0.585861
7760.0	0.58808
7765.0	0.593214
7770.0	0.5973970000000001
7775.0	0.601464
7780.0	0.601631
7785.0	0.599115
7790.0	0.5952529999999999
7795.0	0.5935189999999999
7800.0	0.59643
7805.0	0.602014
7810.0	0.6068399999999999
7815.0	0.605284
7820.0	0.598917
7825.0	0.5913010000000001
7830.0	0.5850569999999999
7835.0	0.583033
7840.0	0.583788
7845.0	0.58575
7850.0	0.586669
7855.0	0.585313
7860.0	0.586113
7865.0	0.585866
7870.0	0.5843149999999999
7875.0	0.58241
7880.0	0.582068
7885.0	0.57913
7890.0	0.578652
7895.0	0.576128
7900.0	0.575497
7905.0	0.5730390000000001
7910.0	0.5699649999999999
7915.0	0.565263
7920.0	0.5638489999999999
7925.0	0.565132
7930.0	0.567756
7935.0	0.56997
7940.0	0.571962
7945.0	0.57093
7950.0	0.569758
7955.0	0.5679649999999999
7960.0	0.568354
7965.0	0.5705640000000001
7970.0	0.5707439999999999
7975.0	0.570587
7980.0	0.566449
7985.0	0.5614439999999999
7990.0	0.55521
7995.0	0.550508
8000.0	0.549024
8005.0	0.552028
8010.0	0.553524
8015.0	0.5542819999999999
8020.0	0.554052
8025.0	0.552562
8030.0	0.552602
8035.0	0.553413
8040.0	0.555719
8045.0	0.557549
8050.0	0.550628
8055.0	0.552391
8060.0	0.550165
8065.0	0.548377
8070.0	0.548963
8075.0	0.5493279999999999
8080.0	0.545901
8085.0	0.5457890000000001
8090.0	0.545209
8095.0	0.544683
8100.0	0.543975
8105.0	0.543267
8110.0	0.542559
8115.0	0.541851
8120.0	0.541143
8125.0	0.540435
8130.0	0.539728
8135.0	0.5390199999999999
8140.0	0.538312
8145.0	0.537604
8150.0	0.536896
8155.0	0.536188
8160.0	0.5354800000000001
8165.0	0.534772
8170.0	0.534064
8175.0	0.533356
8180.0	0.532648
8185.0	0.53194
8190.0	0.5312319999999999
8195.0	0.530524
8200.0	0.529816
8205.0	0.529108
8210.0	0.5284
8215.0	0.527692
8220.0	0.526984
8225.0	0.5262760000000001
8230.0	0.525568
8235.0	0.52486
8240.0	0.5241520000000001
8245.0	0.5234439999999999
8250.0	0.522736
8255.0	0.522029
8260.0	0.521321
8265.0	0.520613
8270.0	0.5199050000000001
8275.0	0.519197
8280.0	0.518489
8285.0	0.517781
8290.0	0.517073
8295.0	0.516365
8300.0	0.5156569999999999
8305.0	0.514949
8310.0	0.514241
8315.0	0.513533
8320.0	0.512825
8325.0	0.512117
8330.0	0.511409
8335.0	0.5107010000000001
8340.0	0.509993
8345.0	0.509285
8350.0	0.5085770000000001
8355.0	0.507869
8360.0	0.507161
8365.0	0.506454
8370.0	0.505746
8375.0	0.505038
8380.0	0.5043300000000001
8385.0	0.503622
8390.0	0.5029140000000001
8395.0	0.502206
8400.0	0.501498
8405.0	0.50079
8410.0	0.505038
8415.0	0.503495
8420.0	0.503989
8425.0	0.505141
8430.0	0.5036970000000001
8435.0	0.498151
8440.0	0.49908900000000006
8445.0	0.497709
8450.0	0.49836499999999995
8455.0	0.49666400000000005
8460.0	0.499921
8465.0	0.49461099999999997
8470.0	0.491505
8475.0	0.49306300000000003
8480.0	0.49440600000000007
8485.0	0.493817
8490.0	0.489043
8495.0	0.474842
8500.0	0.465471
8505.0	0.47634499999999996
8510.0	0.48389399999999994
8515.0	0.481037
8520.0	0.485868
8525.0	0.482605
8530.0	0.484879
8535.0	0.469683
8540.0	0.438575
8545.0	0.426727
8550.0	0.45923
8555.0	0.473793
8560.0	0.47651800000000005
8565.0	0.477187
8570.0	0.476365
8575.0	0.476409
8580.0	0.474034
8585.0	0.472866
8590.0	0.47208900000000004
8595.0	0.470263
8600.0	0.46967
8605.0	0.468736
8610.0	0.472926
8615.0	0.472921
8620.0	0.474925
8625.0	0.47349600000000003
8630.0	0.471243
8635.0	0.46793900000000005
8640.0	0.471178
8645.0	0.46939
8650.0	0.46664700000000003
8655.0	0.461584
8660.0	0.437547
8665.0	0.425044
8670.0	0.45009899999999997
8675.0	0.462442
8680.0	0.467462
8685.0	0.465645
8690.0	0.465604
8695.0	0.466585
8700.0	0.46836300000000003
8705.0	0.467552
8710.0	0.46766499999999994
8715.0	0.468449
8720.0	0.467913
8725.0	0.466811
8730.0	0.46643
8735.0	0.46422700000000006
8740.0	0.463163
8745.0	0.458952
8750.0	0.45594300000000004
8755.0	0.45632799999999996
8760.0	0.462667
8765.0	0.46132700000000004
8770.0	0.46360500000000004
8775.0	0.459264
8780.0	0.459462
8785.0	0.459113
8790.0	0.45963100000000007
8795.0	0.45841899999999997
8800.0	0.45661599999999997
8805.0	0.452417
8810.0	0.45148999999999995
8815.0	0.455487
8820.0	0.45972700000000005
8825.0	0.45861999999999997
8830.0	0.453784
8835.0	0.451901
8840.0	0.450299
8845.0	0.45300799999999997
8850.0	0.44926099999999997
8855.0	0.445853
8860.0	0.44342200000000004
8865.0	0.44012700000000005
8870.0	0.44559
8875.0	0.44859399999999994
8880.0	0.456527
8885.0	0.456254
8890.0	0.450247
8895.0	0.452359
8900.0	0.455222
8905.0	0.45218
8910.0	0.451499
8915.0	0.45376000000000005
8920.0	0.44946400000000003
8925.0	0.44158800000000004
8930.0	0.44128100000000003
8935.0	0.437633
8940.0	0.434464
8945.0	0.432121
8950.0	0.43049799999999994
8955.0	0.42937299999999995
8960.0	0.428525
8965.0	0.427742
8970.0	0.42684399999999995
8975.0	0.425659
8980.0	0.42401700000000003
8985.0	0.421917
8990.0	0.420045
8995.0	0.419256
9000.0	0.420408
9005.0	0.42404899999999995
9010.0	0.42950200000000005
9015.0	0.43578
9020.0	0.4419
9025.0	0.446971
9030.0	0.450491
9035.0	0.45205200000000006
9040.0	0.451247
9045.0	0.447905
9050.0	0.44279799999999997
9055.0	0.436932
9060.0	0.43131499999999995
9065.0	0.426806
9070.0	0.42367299999999997
9075.0	0.422033
9080.0	0.42200699999999997
9085.0	0.42353999999999997
9090.0	0.425887
9095.0	0.428129
9100.0	0.429349
9105.0	0.42885100000000004
9110.0	0.42682700000000007
9115.0	0.423695
9120.0	0.419871
9125.0	0.415778
9130.0	0.41187299999999993
9135.0	0.40862
9140.0	0.406484
9145.0	0.40578400000000003
9150.0	0.40627199999999997
9155.0	0.40755399999999997
9160.0	0.409236
9165.0	0.41098900000000005
9170.0	0.412736
9175.0	0.414466
9180.0	0.416166
9185.0	0.41784099999999996
9190.0	0.41957
9195.0	0.42144799999999993
9200.0	0.42357100000000003
9205.0	0.425965
9210.0	0.42836599999999997
9215.0	0.430443
9220.0	0.431861
9225.0	0.432371
9230.0	0.43205600000000005
9235.0	0.431083
9240.0	0.42962
9245.0	0.427867
9250.0	0.426167
9255.0	0.42489499999999997
9260.0	0.42442799999999997
9265.0	0.42487600000000003
9270.0	0.42528699999999997
9275.0	0.424441
9280.0	0.42112200000000005
9285.0	0.41446700000000003
9290.0	0.405049
9295.0	0.39379400000000003
9300.0	0.381632
9305.0	0.36956100000000003
9310.0	0.358862
9315.0	0.35088400000000003
9320.0	0.346978
9325.0	0.348003
9330.0	0.35284699999999997
9335.0	0.359906
9340.0	0.367577
9345.0	0.37461700000000003
9350.0	0.381222
9355.0	0.38795100000000005
9360.0	0.395362
9365.0	0.40379499999999996
9370.0	0.41272700000000007
9375.0	0.42141300000000004
9380.0	0.42911400000000005
9385.0	0.43506300000000003
9390.0	0.438406
9395.0	0.43826499999999996
9400.0	0.433762
9405.0	0.42456800000000006
9410.0	0.412549
9415.0	0.40012
9420.0	0.38969699999999996
9425.0	0.383144
9430.0	0.380126
9435.0	0.379756
9440.0	0.38114699999999996
9445.0	0.383449
9450.0	0.38595
9455.0	0.38797600000000004
9460.0	0.38885
9465.0	0.388126
9470.0	0.386262
9475.0	0.383945
9480.0	0.381863
9485.0	0.380542
9490.0	0.379867
9495.0	0.379564
9500.0	0.379358
9505.0	0.37905500000000003
9510.0	0.378786
9515.0	0.378764
9520.0	0.379201
9525.0	0.380216
9530.0	0.381548
9535.0	0.382841
9540.0	0.383741
9545.0	0.38398899999999997
9550.0	0.383712
9555.0	0.383133
9560.0	0.382477
9565.0	0.381874
9570.0	0.38108600000000004
9575.0	0.379783
9580.0	0.377635
9585.0	0.37449299999999996
9590.0	0.370937
9595.0	0.36773
9600.0	0.365633
9605.0	0.365138
9610.0	0.365655
9615.0	0.366322
9620.0	0.36628
9625.0	0.365007
9630.0	0.363352
9635.0	0.362502
9640.0	0.363646
9645.0	0.367528
9650.0	0.373118
9655.0	0.378945
9660.0	0.38353400000000004
9665.0	0.385784
9670.0	0.386069
9675.0	0.38513600000000003
9680.0	0.383731
9685.0	0.38243
9690.0	0.381131
9695.0	0.379565
9700.0	0.37746
9705.0	0.374684
9710.0	0.371657
9715.0	0.368937
9720.0	0.367083
9725.0	0.366464
9730.0	0.366699
9735.0	0.367219
9740.0	0.36745500000000003
9745.0	0.366983
9750.0	0.365967
9755.0	0.364717
9760.0	0.363544
9765.0	0.362675
9770.0	0.362004
9775.0	0.36134099999999997
9780.0	0.360498
9785.0	0.35935500000000004
9790.0	0.35807
9795.0	0.35686799999999996
9800.0	0.355976
9805.0	0.355565
9810.0	0.355591
9815.0	0.355952
9820.0	0.356549
9825.0	0.357258
9830.0	0.35786799999999996
9835.0	0.358144
9840.0	0.357852
9845.0	0.356869
9850.0	0.35551900000000003
9855.0	0.35423899999999997
9860.0	0.353463
9865.0	0.353486
9870.0	0.354027
9875.0	0.354664
9880.0	0.354975
9885.0	0.354632
9890.0	0.353695
9895.0	0.35231599999999996
9900.0	0.35065
9905.0	0.34886500000000004
9910.0	0.34718899999999997
9915.0	0.34586300000000003
9920.0	0.345129
9925.0	0.345138
9930.0	0.345672
9935.0	0.34642399999999995
9940.0	0.347085
9945.0	0.347406
9950.0	0.347373
9955.0	0.347029
9960.0	0.346418
9965.0	0.345595
9970.0	0.34465100000000004
9975.0	0.343688
9980.0	0.34280700000000003
9985.0	0.342106
9990.0	0.341656
9995.0	0.341524
10000.0	0.341778
10005.0	0.34239899999999995
10010.0	0.343031
10015.0	0.34323400000000004
10020.0	0.342566
10025.0	0.34076
10030.0	0.338237
10035.0	0.335592
10040.0	0.333418
10045.0	0.332181
10050.0	0.33182399999999995
10055.0	0.33215900000000004
10060.0	0.332999
10065.0	0.334138
10070.0	0.33529200000000003
10075.0	0.336154
10080.0	0.336421
10085.0	0.335881
10090.0	0.334701
10095.0	0.33314
10100.0	0.331458
10105.0	0.329894
10110.0	0.328599
10115.0	0.327701
10120.0	0.327332
10125.0	0.32756599999999997
10130.0	0.328254
10135.0	0.329194
10140.0	0.330183
10145.0	0.33103699999999997
10150.0	0.33163899999999996
10155.0	0.331891
10160.0	0.331696
10165.0	0.33098099999999997
10170.0	0.32978
10175.0	0.32815300000000003
10180.0	0.326162
10185.0	0.323932
10190.0	0.321853
10195.0	0.320383
10200.0	0.31997800000000004
10205.0	0.320892
10210.0	0.32258000000000003
10215.0	0.324291
10220.0	0.325279
10225.0	0.325011
10230.0	0.323819
10235.0	0.32225
10240.0	0.320853
10245.0	0.32006
10250.0	0.319835
10255.0	0.320029
10260.0	0.32049099999999997
10265.0	0.32105900000000004
10270.0	0.321522
10275.0	0.321658
10280.0	0.321245
10285.0	0.32017399999999996
10290.0	0.318784
10295.0	0.31752800000000003
10300.0	0.316861
10305.0	0.31662199999999996
10310.0	0.316792
10315.0	0.316944
10320.0	0.316808
10325.0	0.316198
10330.0	0.31526
10335.0	0.314222
10340.0	0.313313
10345.0	0.312698
10350.0	0.312284
10355.0	0.311918
10360.0	0.31144299999999997
10365.0	0.310772
10370.0	0.310078
10375.0	0.309605
10380.0	0.309593
10385.0	0.31017
10390.0	0.31099099999999996
10395.0	0.311602
10400.0	0.311544
10405.0	0.310526
10410.0	0.30893200000000004
10415.0	0.30730999999999997
10420.0	0.306212
10425.0	0.306016
10430.0	0.30641799999999997
10435.0	0.306944
10440.0	0.30712
10445.0	0.306613
10450.0	0.30565
10455.0	0.30459899999999995
10460.0	0.303829
10465.0	0.303598
10470.0	0.303725
10475.0	0.303919
10480.0	0.30389099999999997
10485.0	0.30345300000000003
10490.0	0.302824
10495.0	0.302327
10500.0	0.302286
10505.0	0.30291
10510.0	0.30396100000000004
10515.0	0.30509000000000003
10520.0	0.30594699999999997
10525.0	0.306257
10530.0	0.306042
10535.0	0.305399
10540.0	0.304425
10545.0	0.303221
10550.0	0.301902
10555.0	0.300588
10560.0	0.29939899999999997
10565.0	0.298421
10570.0	0.29761
10575.0	0.296888
10580.0	0.29617899999999997
10585.0	0.29543200000000003
10590.0	0.294707
10595.0	0.294093
10600.0	0.293675
10605.0	0.29351700000000003
10610.0	0.293572
10615.0	0.293769
10620.0	0.294038
10625.0	0.293941
10630.0	0.293615
10635.0	0.29329
10640.0	0.29296500000000003
10645.0	0.292641
10650.0	0.292317
10655.0	0.29199400000000003
10660.0	0.291672
10665.0	0.29135
10670.0	0.291029
10675.0	0.29070799999999997
10680.0	0.29038800000000003
10685.0	0.290069
10690.0	0.28975
10695.0	0.289432
10700.0	0.289114
10705.0	0.28879699999999997
10710.0	0.288481
10715.0	0.288166
10720.0	0.28785
10725.0	0.287536
10730.0	0.287222
10735.0	0.286909
10740.0	0.286596
10745.0	0.28628400000000004
10750.0	0.285972
10755.0	0.28566199999999997
10760.0	0.285351
10765.0	0.285041
10770.0	0.28473200000000004
10775.0	0.28442399999999995
10780.0	0.284116
10785.0	0.283808
10790.0	0.283502
10795.0	0.283195
10800.0	0.28289000000000003
10805.0	0.282585
10810.0	0.28228000000000003
10815.0	0.281976
10820.0	0.281673
10825.0	0.28137
10830.0	0.281068
10835.0	0.28076599999999996
10840.0	0.280465
10845.0	0.280165
10850.0	0.27986500000000003
10855.0	0.279565
10860.0	0.279267
10865.0	0.278968
10870.0	0.278671
10875.0	0.27837399999999995
10880.0	0.278077
10885.0	0.277781
10890.0	0.277485
10895.0	0.27719099999999997
10900.0	0.27689600000000003
10905.0	0.276602
10910.0	0.276309
10915.0	0.276016
10920.0	0.27572399999999997
10925.0	0.275433
10930.0	0.27514099999999997
10935.0	0.274851
10940.0	0.274561
10945.0	0.274271
10950.0	0.273983
10955.0	0.273694
10960.0	0.273406
10965.0	0.273119
10970.0	0.272832
10975.0	0.272546
10980.0	0.27226
10985.0	0.271975
10990.0	0.27169
10995.0	0.271406
11000.0	0.271123
11005.0	0.270839
11010.0	0.270557
11015.0	0.270275
11020.0	0.269993
11025.0	0.269712
11030.0	0.269432
11035.0	0.269152
11040.0	0.268872
11045.0	0.26859299999999997
11050.0	0.268315
11055.0	0.26803699999999997
11060.0	0.267759
11065.0	0.267482
11070.0	0.267206
11075.0	0.26693
11080.0	0.26665500000000003
11085.0	0.26638
11090.0	0.26610500000000004
11095.0	0.265831
11100.0	0.265558
11105.0	0.265285
11110.0	0.26501199999999997
11115.0	0.26474000000000003
11120.0	0.264469
11125.0	0.264198
11130.0	0.263927
11135.0	0.26365700000000003
11140.0	0.263388
11145.0	0.263119
11150.0	0.26285
11155.0	0.26258200000000004
11160.0	0.262314
11165.0	0.262047
11170.0	0.26178
11175.0	0.26151399999999997
11180.0	0.26124899999999995
11185.0	0.26098299999999997
11190.0	0.260719
11195.0	0.260454
11200.0	0.26019000000000003
11205.0	0.259927
11210.0	0.259664
11215.0	0.259402
11220.0	0.25914
11225.0	0.258878
11230.0	0.258617
11235.0	0.258356
11240.0	0.258096
11245.0	0.257837
11250.0	0.257577
11255.0	0.257318
11260.0	0.25706
11265.0	0.256802
11270.0	0.25654499999999997
11275.0	0.256288
11280.0	0.256031
11285.0	0.255775
11290.0	0.255519
11295.0	0.255264
11300.0	0.25500900000000004
11305.0	0.254755
11310.0	0.25450100000000003
11315.0	0.25424800000000003
11320.0	0.25399499999999997
11325.0	0.253742
11330.0	0.25349
11335.0	0.253238
11340.0	0.25298699999999996
11345.0	0.252736
11350.0	0.252485
11355.0	0.252235
11360.0	0.251986
11365.0	0.251736
11370.0	0.251488
11375.0	0.251239
11380.0	0.25099099999999996
11385.0	0.250744
11390.0	0.25049699999999997
11395.0	0.25025
11400.0	0.250004
11405.0	0.24975799999999998
11410.0	0.24951199999999998
11415.0	0.24926700000000002
11420.0	0.249023
11425.0	0.24877800000000003
11430.0	0.248534
11435.0	0.24829099999999998
11440.0	0.248048
11445.0	0.24780500000000003
11450.0	0.247563
11455.0	0.247321
11460.0	0.24708000000000002
11465.0	0.24683899999999998
11470.0	0.246598
11475.0	0.246358
11480.0	0.24611799999999998
11485.0	0.245878
11490.0	0.245639
11495.0	0.2454
11500.0	0.245162
11505.0	0.24492399999999998
11510.0	0.24468600000000001
11515.0	0.24444899999999997
11520.0	0.24421199999999998
11525.0	0.24397600000000003
11530.0	0.24374
11535.0	0.243504
11540.0	0.243269
11545.0	0.24303400000000003
11550.0	0.242799
11555.0	0.242565
11560.0	0.242331
11565.0	0.24209699999999998
11570.0	0.241864
11575.0	0.241632
11580.0	0.24139899999999997
11585.0	0.24116700000000002
11590.0	0.24093499999999998
11595.0	0.240704
11600.0	0.240473
11605.0	0.240242
11610.0	0.24001199999999998
11615.0	0.23978200000000002
11620.0	0.23955300000000002
11625.0	0.239323
11630.0	0.239094
11635.0	0.238866
11640.0	0.23863800000000002
11645.0	0.23840999999999998
11650.0	0.238182
11655.0	0.23795500000000003
11660.0	0.23772800000000002
11665.0	0.237502
11670.0	0.23727600000000001
11675.0	0.23705
11680.0	0.23682399999999998
11685.0	0.23659899999999998
11690.0	0.23637399999999997
11695.0	0.23615
11700.0	0.23592600000000002
11705.0	0.235702
11710.0	0.23547800000000002
11715.0	0.23525500000000002
11720.0	0.23503200000000002
11725.0	0.23481
11730.0	0.234587
11735.0	0.234366
11740.0	0.23414400000000002
11745.0	0.233923
11750.0	0.233702
11755.0	0.233481
11760.0	0.23326100000000002
11765.0	0.233041
11770.0	0.232821
11775.0	0.23260100000000003
11780.0	0.232382
11785.0	0.232163
11790.0	0.23194499999999998
11795.0	0.231727
11800.0	0.23150900000000002
11805.0	0.231291
11810.0	0.23107399999999997
11815.0	0.230857
11820.0	0.23064
11825.0	0.230424
11830.0	0.230208
11835.0	0.229992
11840.0	0.229776
11845.0	0.22956100000000002
11850.0	0.229346
11855.0	0.229131
11860.0	0.228917
11865.0	0.22870300000000002
11870.0	0.228489
11875.0	0.228275
11880.0	0.228062
11885.0	0.22784899999999997
11890.0	0.227636
11895.0	0.22742300000000001
11900.0	0.22721100000000002
11905.0	0.22699899999999998
11910.0	0.22678800000000002
11915.0	0.22657600000000003
11920.0	0.226365
11925.0	0.226154
11930.0	0.22594299999999998
11935.0	0.225733
11940.0	0.225523
11945.0	0.225313
11950.0	0.225104
11955.0	0.224894
11960.0	0.224685
11965.0	0.224476
11970.0	0.224268
11975.0	0.22405999999999998
11980.0	0.22385100000000002
11985.0	0.223644
11990.0	0.22343600000000002
11995.0	0.22322899999999998
12000.0	0.22302199999999997
12005.0	0.222815
12010.0	0.222608
12015.0	0.222402
12020.0	0.222196
12025.0	0.22199000000000002
12030.0	0.221784
12035.0	0.221579
12040.0	0.221374
12045.0	0.221169
12050.0	0.220964
12055.0	0.220759
12060.0	0.22055500000000003
12065.0	0.22035100000000002
12070.0	0.22014699999999998
12075.0	0.219944
12080.0	0.21974000000000002
12085.0	0.21953699999999998
12090.0	0.219334
12095.0	0.219131
12100.0	0.21892899999999998
12105.0	0.218727
12110.0	0.218525
12115.0	0.218323
12120.0	0.218121
12125.0	0.21791999999999997
12130.0	0.217718
12135.0	0.21751700000000002
12140.0	0.217317
12145.0	0.21711599999999998
12150.0	0.216915
12155.0	0.21671500000000002
12160.0	0.216515
12165.0	0.216315
12170.0	0.21611599999999997
12175.0	0.215916
12180.0	0.21571700000000002
12185.0	0.215518
12190.0	0.215319
12195.0	0.21511999999999998
12200.0	0.21492199999999997
12205.0	0.21472399999999997
12210.0	0.21452600000000002
12215.0	0.21432800000000002
12220.0	0.21413000000000001
12225.0	0.213932
12230.0	0.21373499999999998
12235.0	0.213538
12240.0	0.21334099999999998
12245.0	0.213144
12250.0	0.21294699999999997
12255.0	0.21275100000000002
12260.0	0.212554
12265.0	0.212358
12270.0	0.212162
12275.0	0.21196700000000002
12280.0	0.21177100000000001
12285.0	0.21157600000000001
12290.0	0.21138099999999999
12295.0	0.211186
12300.0	0.21099099999999998
12305.0	0.210796
12310.0	0.210602
12315.0	0.210407
12320.0	0.210213
12325.0	0.210019
12330.0	0.209826
12335.0	0.209632
12340.0	0.209439
12345.0	0.209245
12350.0	0.209052
12355.0	0.20886
12360.0	0.20866700000000002
12365.0	0.20847399999999996
12370.0	0.20828200000000002
12375.0	0.20809
12380.0	0.207898
12385.0	0.207706
12390.0	0.207515
12395.0	0.207323
12400.0	0.207132
12405.0	0.20694099999999999
12410.0	0.20675
12415.0	0.20655900000000002
12420.0	0.206369
12425.0	0.20617800000000003
12430.0	0.205988
12435.0	0.205798
12440.0	0.20560799999999999
12445.0	0.20541900000000002
12450.0	0.205229
12455.0	0.20504
12460.0	0.20485100000000003
12465.0	0.20466199999999998
12470.0	0.204473
12475.0	0.204285
12480.0	0.204096
12485.0	0.203908
12490.0	0.20372
12495.0	0.203532
12500.0	0.203345
12505.0	0.203157
12510.0	0.20297
12515.0	0.202782
12520.0	0.202596
12525.0	0.202409
12530.0	0.202222
12535.0	0.202036
12540.0	0.201849
12545.0	0.201663
12550.0	0.201477
12555.0	0.201292
12560.0	0.201106
12565.0	0.20092000000000002
12570.0	0.200735
12575.0	0.20055
12580.0	0.20036500000000002
12585.0	0.200181
12590.0	0.199996
12595.0	0.199812
12600.0	0.199627
12605.0	0.199443
12610.0	0.19926
12615.0	0.199076
12620.0	0.198892
12625.0	0.198709
12630.0	0.198526
12635.0	0.19834300000000002
12640.0	0.19816
12645.0	0.197977
12650.0	0.197795
12655.0	0.197613
12660.0	0.197431
12665.0	0.197249
12670.0	0.19706700000000002
12675.0	0.196885
12680.0	0.196704
12685.0	0.196523
12690.0	0.19634100000000002
12695.0	0.19616
12700.0	0.19598
12705.0	0.195799
12710.0	0.19561900000000002
12715.0	0.195438
12720.0	0.195258
12725.0	0.195078
12730.0	0.194899
12735.0	0.194719
12740.0	0.19454000000000002
12745.0	0.19436099999999998
12750.0	0.194182
12755.0	0.194003
12760.0	0.193824
12765.0	0.193645
12770.0	0.193467
12775.0	0.19328900000000002
12780.0	0.19311099999999998
12785.0	0.192933
12790.0	0.19275499999999998
12795.0	0.192578
12800.0	0.1924
12805.0	0.192223
12810.0	0.192046
12815.0	0.191869
12820.0	0.191692
12825.0	0.19151600000000002
12830.0	0.19134
12835.0	0.191163
12840.0	0.190987
12845.0	0.19081099999999998
12850.0	0.190636
12855.0	0.19046
12860.0	0.19028499999999998
12865.0	0.19011
12870.0	0.189935
12875.0	0.18975999999999998
12880.0	0.189585
12885.0	0.189411
12890.0	0.189236
12895.0	0.18906199999999998
12900.0	0.188888
12905.0	0.18871400000000002
12910.0	0.18854
12915.0	0.188367
12920.0	0.188194
12925.0	0.18802
12930.0	0.18784700000000001
12935.0	0.187674
12940.0	0.187502
12945.0	0.187329
12950.0	0.187157
12955.0	0.18698499999999998
12960.0	0.18681199999999998
12965.0	0.186641
12970.0	0.186469
12975.0	0.186297
12980.0	0.18612599999999999
12985.0	0.185955
12990.0	0.185784
12995.0	0.185613
13000.0	0.185442
13005.0	0.185271
13010.0	0.185101
13015.0	0.18493099999999998
13020.0	0.18476099999999998
13025.0	0.184591
13030.0	0.184421
13035.0	0.184251
13040.0	0.184082
13045.0	0.183912
13050.0	0.18374300000000002
13055.0	0.183574
13060.0	0.18340599999999999
13065.0	0.18323699999999998
13070.0	0.183068
13075.0	0.1829
13080.0	0.182732
13085.0	0.182564
13090.0	0.182396
13095.0	0.182228
13100.0	0.182061
13105.0	0.181894
13110.0	0.181726
13115.0	0.181559
13120.0	0.181392
13125.0	0.181226
13130.0	0.181059
13135.0	0.180893
13140.0	0.180727
13145.0	0.18056
13150.0	0.180395
13155.0	0.180229
13160.0	0.180063
13165.0	0.179898
13170.0	0.179732
13175.0	0.179567
13180.0	0.179402
13185.0	0.179238
13190.0	0.179073
13195.0	0.17890799999999998
13200.0	0.17874400000000001
13205.0	0.17858
13210.0	0.17841600000000002
13215.0	0.178252
13220.0	0.17808800000000002
13225.0	0.177925
13230.0	0.177761
13235.0	0.177598
13240.0	0.17743499999999998
13245.0	0.177272
13250.0	0.177109
13255.0	0.176947
13260.0	0.176784
13265.0	0.176622
13270.0	0.17645999999999998
13275.0	0.176298
13280.0	0.176136
13285.0	0.175974
13290.0	0.175813
13295.0	0.175651
13300.0	0.17549
13305.0	0.17532899999999998
13310.0	0.17516800000000002
13315.0	0.175008
13320.0	0.174847
13325.0	0.17468599999999998
13330.0	0.174526
13335.0	0.17436600000000002
13340.0	0.174206
13345.0	0.174046
13350.0	0.17388699999999999
13355.0	0.173727
13360.0	0.173568
13365.0	0.17340899999999998
13370.0	0.17325
13375.0	0.173091
13380.0	0.172932
13385.0	0.172773
13390.0	0.17261500000000002
13395.0	0.172457
13400.0	0.172298
13405.0	0.17214000000000002
13410.0	0.171983
13415.0	0.171825
13420.0	0.17166700000000001
13425.0	0.17151
13430.0	0.171353
13435.0	0.17119600000000001
13440.0	0.171039
13445.0	0.170882
13450.0	0.170725
13455.0	0.170569
13460.0	0.170413
13465.0	0.170256
13470.0	0.1701
13475.0	0.169945
13480.0	0.16978900000000002
13485.0	0.169633
13490.0	0.169478
13495.0	0.169323
13500.0	0.169168
13505.0	0.16901300000000002
13510.0	0.16885799999999998
13515.0	0.168703
13520.0	0.168549
13525.0	0.16839400000000002
13530.0	0.16824
13535.0	0.16808599999999999
13540.0	0.167932
13545.0	0.167778
13550.0	0.167625
13555.0	0.167471
13560.0	0.167318
13565.0	0.167165
13570.0	0.167012
13575.0	0.16685899999999998
13580.0	0.166706
13585.0	0.166553
13590.0	0.166401
13595.0	0.166249
13600.0	0.166097
13605.0	0.165945
13610.0	0.165793
13615.0	0.165641
13620.0	0.165489
13625.0	0.165338
13630.0	0.165187
13635.0	0.165036
13640.0	0.164885
13645.0	0.164734
13650.0	0.16458299999999998
13655.0	0.164433
13660.0	0.16428199999999998
13665.0	0.164132
13670.0	0.163982
13675.0	0.163832
13680.0	0.163682
13685.0	0.16353299999999998
13690.0	0.163383
13695.0	0.163234
13700.0	0.16308399999999998
13705.0	0.162935
13710.0	0.162786
13715.0	0.162638
13720.0	0.16248900000000002
13725.0	0.162341
13730.0	0.162192
13735.0	0.162044
13740.0	0.161896
13745.0	0.161748
13750.0	0.1616
13755.0	0.16145299999999999
13760.0	0.161305
13765.0	0.161158
13770.0	0.16101
13775.0	0.160863
13780.0	0.160716
13785.0	0.16057000000000002
13790.0	0.160423
13795.0	0.160277
13800.0	0.16013
13805.0	0.159984
13810.0	0.159838
13815.0	0.159692
13820.0	0.159546
13825.0	0.159401
13830.0	0.159255
13835.0	0.15911
13840.0	0.15896400000000002
13845.0	0.15881900000000002
13850.0	0.158674
13855.0	0.15853
13860.0	0.158385
13865.0	0.15824000000000002
13870.0	0.15809600000000001
13875.0	0.157952
13880.0	0.157808
13885.0	0.157664
13890.0	0.15752
13895.0	0.157376
13900.0	0.15723299999999998
13905.0	0.157089
13910.0	0.156946
13915.0	0.156803
13920.0	0.15666
13925.0	0.15651700000000002
13930.0	0.156374
13935.0	0.15623199999999998
13940.0	0.156089
13945.0	0.155947
13950.0	0.155805
13955.0	0.15566300000000002
13960.0	0.155521
13965.0	0.155379
13970.0	0.15523800000000001
13975.0	0.155096
13980.0	0.15495499999999998
13985.0	0.154814
13990.0	0.154673
13995.0	0.154532
14000.0	0.154391
14005.0	0.15425
14010.0	0.15411
14015.0	0.153969
14020.0	0.153829
14025.0	0.15368900000000002
14030.0	0.153549
14035.0	0.153409
14040.0	0.15326900000000002
14045.0	0.15313
14050.0	0.15299100000000002
14055.0	0.152851
14060.0	0.152712
14065.0	0.15257300000000001
14070.0	0.152434
14075.0	0.152295
14080.0	0.152157
14085.0	0.15201800000000001
14090.0	0.15188
14095.0	0.15174200000000002
14100.0	0.151604
14105.0	0.15146600000000002
14110.0	0.151328
14115.0	0.15119000000000002
14120.0	0.151053
14125.0	0.15091500000000002
14130.0	0.150778
14135.0	0.150641
14140.0	0.150504
14145.0	0.150367
14150.0	0.15023
14155.0	0.150094
14160.0	0.149957
14165.0	0.149821
14170.0	0.14968499999999998
14175.0	0.149549
14180.0	0.14941300000000002
14185.0	0.149277
14190.0	0.149141
14195.0	0.149006
14200.0	0.14887
14205.0	0.14873499999999998
14210.0	0.1486
14215.0	0.148465
14220.0	0.14833
14225.0	0.148195
14230.0	0.148061
14235.0	0.147926
14240.0	0.147792
14245.0	0.14765699999999998
14250.0	0.14752300000000002
14255.0	0.14738900000000002
14260.0	0.147255
14265.0	0.147122
14270.0	0.146988
14275.0	0.14685499999999999
14280.0	0.146721
14285.0	0.14658800000000002
14290.0	0.146455
14295.0	0.146322
14300.0	0.146189
14305.0	0.146057
14310.0	0.145924
14315.0	0.145792
14320.0	0.14565899999999998
14325.0	0.145527
14330.0	0.145395
14335.0	0.145263
14340.0	0.14513199999999998
14345.0	0.145
14350.0	0.144868
14355.0	0.14473699999999998
14360.0	0.14460599999999998
14365.0	0.144475
14370.0	0.144344
14375.0	0.144213
14380.0	0.144082
14385.0	0.143951
14390.0	0.143821
14395.0	0.14369
14400.0	0.14356
14405.0	0.14343
14410.0	0.1433
14415.0	0.14317
14420.0	0.14304
14425.0	0.14291099999999998
14430.0	0.142781
14435.0	0.142652
14440.0	0.142523
14445.0	0.14239300000000002
14450.0	0.142264
14455.0	0.14213599999999998
14460.0	0.142007
14465.0	0.141878
14470.0	0.14175
14475.0	0.141621
14480.0	0.141493
14485.0	0.14136500000000002
14490.0	0.141237
14495.0	0.14110899999999998
14500.0	0.140981
14505.0	0.140854
14510.0	0.140726
14515.0	0.140599
14520.0	0.140471
14525.0	0.140344
14530.0	0.140217
14535.0	0.14009000000000002
14540.0	0.139964
14545.0	0.139837
14550.0	0.13971
14555.0	0.13958399999999999
14560.0	0.139458
14565.0	0.13933199999999998
14570.0	0.139206
14575.0	0.13908
14580.0	0.138954
14585.0	0.138828
14590.0	0.138703
14595.0	0.138577
14600.0	0.138452
14605.0	0.138327
14610.0	0.138202
14615.0	0.138077
14620.0	0.137952
14625.0	0.137827
14630.0	0.137703
14635.0	0.137578
14640.0	0.137454
14645.0	0.137329
14650.0	0.137205
14655.0	0.137081
14660.0	0.136958
14665.0	0.13683399999999998
14670.0	0.13671
14675.0	0.136587
14680.0	0.136463
14685.0	0.13634000000000002
14690.0	0.136217
14695.0	0.136094
14700.0	0.135971
14705.0	0.135848
14710.0	0.135725
14715.0	0.135603
14720.0	0.13548
14725.0	0.135358
14730.0	0.135236
14735.0	0.135114
14740.0	0.134992
14745.0	0.13487000000000002
14750.0	0.134748
14755.0	0.134627
14760.0	0.13450499999999999
14765.0	0.134384
14770.0	0.134262
14775.0	0.134141
14780.0	0.13402
14785.0	0.133899
14790.0	0.133779
14795.0	0.133658
14800.0	0.133537
14805.0	0.133417
14810.0	0.133297
14815.0	0.133176
14820.0	0.133056
14825.0	0.132936
14830.0	0.13281600000000002
14835.0	0.132697
14840.0	0.132577
14845.0	0.132457
14850.0	0.132338
14855.0	0.132219
14860.0	0.132099
14865.0	0.13198
14870.0	0.13186099999999998
14875.0	0.131743
14880.0	0.131624
14885.0	0.13150499999999998
14890.0	0.13138699999999998
14895.0	0.131268
14900.0	0.13115
14905.0	0.13103199999999998
14910.0	0.130914
14915.0	0.130796
14920.0	0.130678
14925.0	0.13055999999999998
14930.0	0.130443
14935.0	0.130325
14940.0	0.130208
14945.0	0.130091
14950.0	0.129973
14955.0	0.129856
14960.0	0.12973900000000002
14965.0	0.129623
14970.0	0.12950599999999998
14975.0	0.129389
14980.0	0.129273
14985.0	0.129157
14990.0	0.12904000000000002
14995.0	0.128924
15000.0	0.128808
15005.0	0.128692
15010.0	0.128576
15015.0	0.128461
15020.0	0.12834500000000001
15025.0	0.128229
15030.0	0.128114
15035.0	0.127999
15040.0	0.127884
15045.0	0.127769
15050.0	0.127654
15055.0	0.127539
15060.0	0.127424
15065.0	0.12730999999999998
15070.0	0.127195
15075.0	0.127081
15080.0	0.126966
15085.0	0.126852
15090.0	0.12673800000000002
15095.0	0.12662400000000001
15100.0	0.12650999999999998
15105.0	0.126397
15110.0	0.126283
15115.0	0.126169
15120.0	0.126056
15125.0	0.125943
15130.0	0.125829
15135.0	0.125716
15140.0	0.125603
15145.0	0.12549000000000002
15150.0	0.125378
15155.0	0.12526500000000002
15160.0	0.12515199999999999
15165.0	0.12504
15170.0	0.124928
15175.0	0.12481500000000001
15180.0	0.124703
15185.0	0.12459100000000001
15190.0	0.12447899999999999
15195.0	0.124367
15200.0	0.12425599999999999
15205.0	0.124144
15210.0	0.12403299999999999
15215.0	0.123921
15220.0	0.12380999999999999
15225.0	0.123699
15230.0	0.12358800000000002
15235.0	0.123477
15240.0	0.123366
15245.0	0.12325499999999999
15250.0	0.123144
15255.0	0.12303399999999999
15260.0	0.122923
15265.0	0.122813
15270.0	0.12270299999999999
15275.0	0.12259300000000001
15280.0	0.122482
15285.0	0.122373
15290.0	0.12226300000000001
15295.0	0.122153
15300.0	0.12204300000000001
15305.0	0.12193399999999999
15310.0	0.121824
15315.0	0.121715
15320.0	0.12160599999999999
15325.0	0.12149700000000001
15330.0	0.12138800000000001
15335.0	0.121279
15340.0	0.12117
15345.0	0.12106099999999999
15350.0	0.12095299999999999
15355.0	0.12084400000000001
15360.0	0.120736
15365.0	0.120627
15370.0	0.120519
15375.0	0.12041099999999999
15380.0	0.120303
15385.0	0.12019500000000001
15390.0	0.12008699999999999
15395.0	0.11997999999999999
15400.0	0.119872
15405.0	0.11976400000000001
15410.0	0.119657
15415.0	0.11955
15420.0	0.11944300000000001
15425.0	0.119335
15430.0	0.119228
15435.0	0.119122
15440.0	0.11901500000000001
15445.0	0.11890799999999999
15450.0	0.118801
15455.0	0.11869500000000001
15460.0	0.11858900000000001
15465.0	0.11848199999999999
15470.0	0.118376
15475.0	0.11827
15480.0	0.118164
15485.0	0.118058
15490.0	0.117952
15495.0	0.117846
15500.0	0.11774100000000001
15505.0	0.11763499999999999
15510.0	0.11753
15515.0	0.117424
15520.0	0.117319
15525.0	0.11721400000000001
15530.0	0.11710899999999999
15535.0	0.117004
15540.0	0.116899
15545.0	0.11679400000000001
15550.0	0.11669000000000002
15555.0	0.116585
15560.0	0.116481
15565.0	0.116376
15570.0	0.116272
15575.0	0.11616800000000001
15580.0	0.11606400000000001
15585.0	0.11596
15590.0	0.115856
15595.0	0.115752
15600.0	0.115648
15605.0	0.11554500000000001
15610.0	0.115441
15615.0	0.11533800000000001
15620.0	0.11523499999999999
15625.0	0.115131
15630.0	0.11502799999999999
15635.0	0.114925
15640.0	0.11482200000000001
15645.0	0.114719
15650.0	0.11461700000000001
15655.0	0.114514
15660.0	0.11441099999999998
15665.0	0.114309
15670.0	0.11420699999999999
15675.0	0.114104
15680.0	0.11400199999999999
15685.0	0.1139
15690.0	0.113798
15695.0	0.113696
15700.0	0.113594
15705.0	0.11349200000000001
15710.0	0.113391
15715.0	0.11328900000000001
15720.0	0.11318800000000001
15725.0	0.11308599999999999
15730.0	0.11298499999999999
15735.0	0.112884
15740.0	0.112783
15745.0	0.11268199999999999
15750.0	0.112581
15755.0	0.11248
15760.0	0.11237899999999999
15765.0	0.11227899999999999
15770.0	0.112178
15775.0	0.112078
15780.0	0.111977
15785.0	0.111877
15790.0	0.111777
15795.0	0.111677
15800.0	0.111577
15805.0	0.11147699999999999
15810.0	0.111377
15815.0	0.111277
15820.0	0.111178
15825.0	0.111078
15830.0	0.110979
15835.0	0.11087899999999999
15840.0	0.11077999999999999
15845.0	0.11068099999999999
15850.0	0.110582
15855.0	0.110483
15860.0	0.110384
15865.0	0.110285
15870.0	0.11018599999999999
15875.0	0.11008699999999999
15880.0	0.109989
15885.0	0.10989000000000002
15890.0	0.109792
15895.0	0.109694
15900.0	0.109595
15905.0	0.109497
15910.0	0.109399
15915.0	0.109301
15920.0	0.109203
15925.0	0.109105
15930.0	0.109008
15935.0	0.10890999999999999
15940.0	0.10881300000000001
15945.0	0.108715
15950.0	0.108618
15955.0	0.10852
15960.0	0.108423
15965.0	0.108326
15970.0	0.10822899999999999
15975.0	0.10813199999999999
15980.0	0.10803499999999999
15985.0	0.10793900000000001
15990.0	0.10784200000000001
15995.0	0.10774500000000001
16000.0	0.107649
16005.0	0.107552
16010.0	0.107456
16015.0	0.10736
16020.0	0.10726300000000001
16025.0	0.10716700000000001
16030.0	0.107071
16035.0	0.106975
16040.0	0.10687999999999999
16045.0	0.10678399999999999
16050.0	0.106688
16055.0	0.106592
16060.0	0.10649700000000001
16065.0	0.106402
16070.0	0.106306
16075.0	0.10621099999999999
16080.0	0.106116
16085.0	0.106021
16090.0	0.10592599999999999
16095.0	0.105831
16100.0	0.105736
16105.0	0.10564100000000001
16110.0	0.105546
16115.0	0.105452
16120.0	0.10535699999999999
16125.0	0.10526300000000001
16130.0	0.10516800000000001
16135.0	0.105074
16140.0	0.10497999999999999
16145.0	0.104886
16150.0	0.10479200000000001
16155.0	0.104698
16160.0	0.104604
16165.0	0.10450999999999999
16170.0	0.10441600000000001
16175.0	0.104323
16180.0	0.104229
16185.0	0.10413599999999999
16190.0	0.10404200000000001
16195.0	0.103949
16200.0	0.10385599999999999
16205.0	0.10376300000000001
16210.0	0.10366900000000001
16215.0	0.103576
16220.0	0.10348299999999999
16225.0	0.10339100000000001
16230.0	0.103298
16235.0	0.10320499999999999
16240.0	0.10311300000000001
16245.0	0.10302
16250.0	0.10292799999999999
16255.0	0.102835
16260.0	0.102743
16265.0	0.10265099999999999
16270.0	0.102559
16275.0	0.102466
16280.0	0.102374
16285.0	0.102283
16290.0	0.10219099999999999
16295.0	0.102099
16300.0	0.102007
16305.0	0.10191599999999999
16310.0	0.101824
16315.0	0.101733
16320.0	0.101641
16325.0	0.10155
16330.0	0.10145900000000001
16335.0	0.101368
16340.0	0.10127699999999999
16345.0	0.101186
16350.0	0.101095
16355.0	0.101004
16360.0	0.100913
16365.0	0.10082200000000001
16370.0	0.100732
16375.0	0.100641
16380.0	0.100551
16385.0	0.10046000000000001
16390.0	0.10037
16395.0	0.10028
16400.0	0.10019
16405.0	0.10009900000000001
16410.0	0.100009
16415.0	0.09991900000000001
16420.0	0.09983
16425.0	0.09974
16430.0	0.09965
16435.0	0.09956
16440.0	0.099471
16445.0	0.099381
16450.0	0.09929199999999999
16455.0	0.099203
16460.0	0.09911299999999999
16465.0	0.099024
16470.0	0.09893500000000001
16475.0	0.098846
16480.0	0.09875700000000001
16485.0	0.09866799999999999
16490.0	0.098579
16495.0	0.098491
16500.0	0.098402
16505.0	0.098313
16510.0	0.098225
16515.0	0.098136
16520.0	0.098048
16525.0	0.09796
16530.0	0.097872
16535.0	0.09778300000000001
16540.0	0.097695
16545.0	0.097607
16550.0	0.09751900000000001
16555.0	0.097432
16560.0	0.097344
16565.0	0.097256
16570.0	0.09716799999999999
16575.0	0.097081
16580.0	0.096993
16585.0	0.09690599999999999
16590.0	0.096819
16595.0	0.096731
16600.0	0.09664400000000001
16605.0	0.096557
16610.0	0.09647
16615.0	0.09638300000000001
16620.0	0.096296
16625.0	0.096209
16630.0	0.096123
16635.0	0.096036
16640.0	0.095949
16645.0	0.095863
16650.0	0.095776
16655.0	0.09569
16660.0	0.095604
16665.0	0.09551699999999999
16670.0	0.09543099999999999
16675.0	0.095345
16680.0	0.095259
16685.0	0.09517300000000001
16690.0	0.095087
16695.0	0.095002
16700.0	0.094916
16705.0	0.09483
16710.0	0.09474500000000001
16715.0	0.09465900000000001
16720.0	0.094574
16725.0	0.094488
16730.0	0.094403
16735.0	0.094318
16740.0	0.094233
16745.0	0.094148
16750.0	0.094063
16755.0	0.09397799999999999
16760.0	0.09389299999999999
16765.0	0.093808
16770.0	0.093723
16775.0	0.093639
16780.0	0.093554
16785.0	0.09347000000000001
16790.0	0.093385
16795.0	0.093301
16800.0	0.093217
16805.0	0.093132
16810.0	0.093048
16815.0	0.092964
16820.0	0.09287999999999999
16825.0	0.092796
16830.0	0.092713
16835.0	0.092629
16840.0	0.092545
16845.0	0.092461
16850.0	0.092378
16855.0	0.092294
16860.0	0.092211
16865.0	0.092128
16870.0	0.092044
16875.0	0.091961
16880.0	0.091878
16885.0	0.091795
16890.0	0.091712
16895.0	0.091629
16900.0	0.091546
16905.0	0.091463
16910.0	0.09138099999999999
16915.0	0.091298
16920.0	0.091215
16925.0	0.091133
16930.0	0.09105099999999999
16935.0	0.090968
16940.0	0.090886
16945.0	0.090804
16950.0	0.090722
16955.0	0.09064
16960.0	0.090558
16965.0	0.090476
16970.0	0.090394
16975.0	0.090312
16980.0	0.09022999999999999
16985.0	0.090149
16990.0	0.090067
16995.0	0.089985
17000.0	0.089904
17005.0	0.089823
17010.0	0.089741
17015.0	0.08966
17020.0	0.08957899999999999
17025.0	0.08949800000000001
17030.0	0.089417
17035.0	0.089336
17040.0	0.089255
17045.0	0.089174
17050.0	0.089094
17055.0	0.089013
17060.0	0.08893200000000001
17065.0	0.088852
17070.0	0.088771
17075.0	0.08869099999999999
17080.0	0.088611
17085.0	0.08853
17090.0	0.08845
17095.0	0.08837
17100.0	0.08829
17105.0	0.08821
17110.0	0.08813
17115.0	0.08805
17120.0	0.08797
17125.0	0.087891
17130.0	0.087811
17135.0	0.087732
17140.0	0.087652
17145.0	0.087573
17150.0	0.087493
17155.0	0.08741399999999999
17160.0	0.087335
17165.0	0.087256
17170.0	0.087177
17175.0	0.08709800000000001
17180.0	0.087019
17185.0	0.08694
17190.0	0.08686100000000001
17195.0	0.08678200000000001
17200.0	0.086704
17205.0	0.086625
17210.0	0.086546
17215.0	0.08646799999999999
17220.0	0.08639
17225.0	0.086311
17230.0	0.086233
17235.0	0.086155
17240.0	0.086077
17245.0	0.085999
17250.0	0.085921
17255.0	0.08584299999999999
17260.0	0.085765
17265.0	0.085687
17270.0	0.085609
17275.0	0.08553200000000001
17280.0	0.085454
17285.0	0.085377
17290.0	0.085299
17295.0	0.085222
17300.0	0.08514400000000001
17305.0	0.08506699999999999
17310.0	0.08499
17315.0	0.084913
17320.0	0.084836
17325.0	0.084759
17330.0	0.08468200000000001
17335.0	0.084605
17340.0	0.08452799999999999
17345.0	0.084452
17350.0	0.084375
17355.0	0.084298
17360.0	0.084222
17365.0	0.08414500000000001
17370.0	0.084069
17375.0	0.083993
17380.0	0.08391699999999999
17385.0	0.08384
17390.0	0.083764
17395.0	0.083688
17400.0	0.083612
17405.0	0.083536
17410.0	0.08346
17415.0	0.083385
17420.0	0.08330900000000001
17425.0	0.083233
17430.0	0.08315800000000001
17435.0	0.083082
17440.0	0.08300700000000001
17445.0	0.08293099999999999
17450.0	0.082856
17455.0	0.082781
17460.0	0.08270599999999999
17465.0	0.082631
17470.0	0.08255599999999999
17475.0	0.082481
17480.0	0.082406
17485.0	0.082331
17490.0	0.082256
17495.0	0.08218099999999999
17500.0	0.082107
17505.0	0.08203200000000001
17510.0	0.081958
17515.0	0.081883
17520.0	0.081809
17525.0	0.081734
17530.0	0.08166
17535.0	0.081586
17540.0	0.081512
17545.0	0.081438
17550.0	0.08136399999999999
17555.0	0.08129
17560.0	0.081216
17565.0	0.08114199999999999
17570.0	0.081068
17575.0	0.08099500000000001
17580.0	0.080921
17585.0	0.080848
17590.0	0.080774
17595.0	0.080701
17600.0	0.080627
17605.0	0.080554
17610.0	0.080481
17615.0	0.08040800000000001
17620.0	0.080335
17625.0	0.080262
17630.0	0.080189
17635.0	0.08011599999999999
17640.0	0.08004299999999999
17645.0	0.07997
17650.0	0.079897
17655.0	0.079825
17660.0	0.079752
17665.0	0.07968
17670.0	0.07960700000000001
17675.0	0.07953500000000001
17680.0	0.079462
17685.0	0.07939
17690.0	0.079318
17695.0	0.079246
17700.0	0.079174
17705.0	0.07910199999999999
17710.0	0.07902999999999999
17715.0	0.078958
17720.0	0.078886
17725.0	0.078814
17730.0	0.078743
17735.0	0.078671
17740.0	0.0786
17745.0	0.078528
17750.0	0.078457
17755.0	0.078385
17760.0	0.078314
17765.0	0.078243
17770.0	0.078172
17775.0	0.0781
17780.0	0.078029
17785.0	0.077958
17790.0	0.077888
17795.0	0.077817
17800.0	0.07774600000000001
17805.0	0.077675
17810.0	0.07760399999999999
17815.0	0.077534
17820.0	0.077463
17825.0	0.07739299999999999
17830.0	0.077322
17835.0	0.077252
17840.0	0.077182
17845.0	0.077112
17850.0	0.077041
17855.0	0.076971
17860.0	0.076901
17865.0	0.076831
17870.0	0.076761
17875.0	0.076691
17880.0	0.07662200000000001
17885.0	0.076552
17890.0	0.07648200000000001
17895.0	0.076413
17900.0	0.076343
17905.0	0.076274
17910.0	0.076204
17915.0	0.07613500000000001
17920.0	0.076066
17925.0	0.07599600000000001
17930.0	0.075927
17935.0	0.07585800000000001
17940.0	0.075789
17945.0	0.07572000000000001
17950.0	0.075651
17955.0	0.07558200000000001
17960.0	0.075513
17965.0	0.075445
17970.0	0.075376
17975.0	0.075307
17980.0	0.075239
17985.0	0.07517
17990.0	0.075102
17995.0	0.075033
18000.0	0.074965
18005.0	0.074897
18010.0	0.07482899999999999
18015.0	0.07476100000000001
18020.0	0.074693
18025.0	0.074624
18030.0	0.074557
18035.0	0.074489
18040.0	0.074421
18045.0	0.074353
18050.0	0.074285
18055.0	0.07421799999999999
18060.0	0.07415
18065.0	0.07408300000000001
18070.0	0.074015
18075.0	0.073948
18080.0	0.07388
18085.0	0.073813
18090.0	0.073746
18095.0	0.073679
18100.0	0.073612
18105.0	0.073545
18110.0	0.073478
18115.0	0.073411
18120.0	0.073344
18125.0	0.073277
18130.0	0.07321
18135.0	0.073144
18140.0	0.073077
18145.0	0.07301
18150.0	0.07294400000000001
18155.0	0.072878
18160.0	0.072811
18165.0	0.072745
18170.0	0.072679
18175.0	0.072612
18180.0	0.072546
18185.0	0.07247999999999999
18190.0	0.07241399999999999
18195.0	0.072348
18200.0	0.072282
18205.0	0.072216
18210.0	0.07215099999999999
18215.0	0.072085
18220.0	0.072019
18225.0	0.07195399999999999
18230.0	0.071888
18235.0	0.071823
18240.0	0.071757
18245.0	0.07169199999999999
18250.0	0.071626
18255.0	0.071561
18260.0	0.071496
18265.0	0.071431
18270.0	0.071366
18275.0	0.071301
18280.0	0.07123600000000001
18285.0	0.071171
18290.0	0.07110599999999999
18295.0	0.07104099999999999
18300.0	0.070977
18305.0	0.070912
18310.0	0.07084700000000001
18315.0	0.070783
18320.0	0.07071799999999999
18325.0	0.070654
18330.0	0.070589
18335.0	0.070525
18340.0	0.070461
18345.0	0.070397
18350.0	0.070333
18355.0	0.070268
18360.0	0.070204
18365.0	0.07014
18370.0	0.070077
18375.0	0.070013
18380.0	0.069949
18385.0	0.069885
18390.0	0.06982100000000001
18395.0	0.069758
18400.0	0.069694
18405.0	0.069631
18410.0	0.06956699999999999
18415.0	0.069504
18420.0	0.069441
18425.0	0.069377
18430.0	0.069314
18435.0	0.069251
18440.0	0.069188
18445.0	0.069125
18450.0	0.069062
18455.0	0.068999
18460.0	0.068936
18465.0	0.068873
18470.0	0.06881
18475.0	0.068748
18480.0	0.068685
18485.0	0.068622
18490.0	0.06856
18495.0	0.068497
18500.0	0.068435
18505.0	0.068373
18510.0	0.06831
18515.0	0.068248
18520.0	0.068186
18525.0	0.068124
18530.0	0.068062
18535.0	0.068
18540.0	0.067938
18545.0	0.067876
18550.0	0.067814
18555.0	0.06775199999999999
18560.0	0.06769
18565.0	0.067629
18570.0	0.067567
18575.0	0.067506
18580.0	0.067444
18585.0	0.067383
18590.0	0.067321
18595.0	0.06726
18600.0	0.06719800000000001
18605.0	0.067137
18610.0	0.067076
18615.0	0.06701499999999999
18620.0	0.066954
18625.0	0.066893
18630.0	0.066832
18635.0	0.066771
18640.0	0.06671
18645.0	0.066649
18650.0	0.066589
18655.0	0.066528
18660.0	0.066467
18665.0	0.06640700000000001
18670.0	0.066346
18675.0	0.066286
18680.0	0.066225
18685.0	0.066165
18690.0	0.066105
18695.0	0.066044
18700.0	0.065984
18705.0	0.065924
18710.0	0.06586399999999999
18715.0	0.065804
18720.0	0.06574400000000001
18725.0	0.065684
18730.0	0.065624
18735.0	0.065564
18740.0	0.065505
18745.0	0.065445
18750.0	0.065385
18755.0	0.065326
18760.0	0.06526599999999999
18765.0	0.065207
18770.0	0.065147
18775.0	0.065088
18780.0	0.06502899999999999
18785.0	0.064969
18790.0	0.06491
18795.0	0.064851
18800.0	0.064792
18805.0	0.064733
18810.0	0.064674
18815.0	0.06461499999999999
18820.0	0.06455599999999999
18825.0	0.064497
18830.0	0.064438
18835.0	0.06437999999999999
18840.0	0.064321
18845.0	0.064262
18850.0	0.064204
18855.0	0.06414500000000001
18860.0	0.064087
18865.0	0.064029
18870.0	0.06397
18875.0	0.063912
18880.0	0.063854
18885.0	0.063795
18890.0	0.063737
18895.0	0.063679
18900.0	0.063621
18905.0	0.063563
18910.0	0.06350499999999999
18915.0	0.063448
18920.0	0.06339
18925.0	0.063332
18930.0	0.063274
18935.0	0.063217
18940.0	0.063159
18945.0	0.063101
18950.0	0.063044
18955.0	0.062986
18960.0	0.062929
18965.0	0.062872
18970.0	0.062814
18975.0	0.06275700000000001
18980.0	0.0627
18985.0	0.06264299999999999
18990.0	0.062586
18995.0	0.062529
19000.0	0.062472
19005.0	0.062415
19010.0	0.062358000000000004
19015.0	0.062301
19020.0	0.06224400000000001
19025.0	0.062188
19030.0	0.06213099999999999
19035.0	0.062074000000000004
19040.0	0.062018
19045.0	0.061961
19050.0	0.061904999999999995
19055.0	0.061849
19060.0	0.06179199999999999
19065.0	0.061736
19070.0	0.06168
19075.0	0.061623000000000004
19080.0	0.061567
19085.0	0.061511
19090.0	0.061454999999999996
19095.0	0.061399
19100.0	0.061342999999999995
19105.0	0.061287
19110.0	0.061232
19115.0	0.061176
19120.0	0.06112000000000001
19125.0	0.061064
19130.0	0.061009
19135.0	0.060953
19140.0	0.060898
19145.0	0.06084199999999999
19150.0	0.060787
19155.0	0.06073099999999999
19160.0	0.060676
19165.0	0.060621
19170.0	0.060565999999999995
19175.0	0.06051
19180.0	0.060454999999999995
19185.0	0.0604
19190.0	0.060345
19195.0	0.060289999999999996
19200.0	0.060235000000000004
19205.0	0.06018
19210.0	0.060126
19215.0	0.060071000000000006
19220.0	0.060016
19225.0	0.059961
19230.0	0.059907
19235.0	0.059851999999999995
19240.0	0.059798000000000004
19245.0	0.059743
19250.0	0.059689
19255.0	0.059634000000000006
19260.0	0.059579999999999994
19265.0	0.059526
19270.0	0.059472000000000004
19275.0	0.05941799999999999
19280.0	0.059363
19285.0	0.059309
19290.0	0.059254999999999995
19295.0	0.059201
19300.0	0.059147000000000005
19305.0	0.05909400000000001
19310.0	0.059039999999999995
19315.0	0.058986000000000004
19320.0	0.058932000000000005
19325.0	0.058878999999999994
19330.0	0.058825
19335.0	0.058771000000000004
19340.0	0.05871799999999999
19345.0	0.058664
19350.0	0.058611
19355.0	0.058558000000000006
19360.0	0.058503999999999994
19365.0	0.058450999999999996
19370.0	0.058398
19375.0	0.05834500000000001
19380.0	0.058290999999999996
19385.0	0.058238
19390.0	0.058185
19395.0	0.058132
19400.0	0.058079
19405.0	0.058026999999999995
19410.0	0.057974
19415.0	0.057921
19420.0	0.057867999999999996
19425.0	0.057815
19430.0	0.057763
19435.0	0.057710000000000004
19440.0	0.057658
19445.0	0.057604999999999996
19450.0	0.057553
19455.0	0.0575
19460.0	0.057448
19465.0	0.057396
19470.0	0.057343
19475.0	0.057290999999999995
19480.0	0.057239
19485.0	0.057187
19490.0	0.057135000000000005
19495.0	0.057083
19500.0	0.05703099999999999
19505.0	0.056978999999999995
19510.0	0.056927
19515.0	0.056875
19520.0	0.056823
19525.0	0.056772
19530.0	0.056720000000000007
19535.0	0.056667999999999996
19540.0	0.056616999999999994
19545.0	0.056565
19550.0	0.056514
19555.0	0.056462
19560.0	0.056411
19565.0	0.05636
19570.0	0.056308000000000004
19575.0	0.05625700000000001
19580.0	0.05620599999999999
19585.0	0.056155
19590.0	0.056103999999999994
19595.0	0.056052
19600.0	0.056001
19605.0	0.05595
19610.0	0.0559
19615.0	0.055849
19620.0	0.055798
19625.0	0.055747000000000005
19630.0	0.055696
19635.0	0.055646
19640.0	0.055595000000000006
19645.0	0.055544
19650.0	0.05549400000000001
19655.0	0.05544299999999999
19660.0	0.055393
19665.0	0.055341999999999995
19670.0	0.055291999999999994
19675.0	0.05524199999999999
19680.0	0.055191
19685.0	0.055140999999999996
19690.0	0.055090999999999994
19695.0	0.055041
19700.0	0.054991
19705.0	0.054941
19710.0	0.054890999999999995
19715.0	0.054840999999999994
19720.0	0.054791
19725.0	0.054741
19730.0	0.054691
19735.0	0.054640999999999995
19740.0	0.054591999999999995
19745.0	0.05454199999999999
19750.0	0.054492
19755.0	0.054443
19760.0	0.054393
19765.0	0.054344
19770.0	0.05429400000000001
19775.0	0.054245
19780.0	0.054196
19785.0	0.05414600000000001
19790.0	0.054097000000000006
19795.0	0.054048
19800.0	0.053999
19805.0	0.053949000000000004
19810.0	0.0539
19815.0	0.053850999999999996
19820.0	0.053801999999999996
19825.0	0.053752999999999995
19830.0	0.053703999999999995
19835.0	0.053654999999999994
19840.0	0.053607
19845.0	0.053558
19850.0	0.053509
19855.0	0.05346
19860.0	0.053412
19865.0	0.053363
19870.0	0.053314999999999994
19875.0	0.053265999999999994
19880.0	0.053217999999999994
19885.0	0.05316900000000001
19890.0	0.053121
19895.0	0.053073
19900.0	0.053024
19905.0	0.052976
19910.0	0.052927999999999996
19915.0	0.052879999999999996
19920.0	0.052832000000000004
19925.0	0.052783000000000004
19930.0	0.052735000000000004
19935.0	0.052687
19940.0	0.05264
19945.0	0.05259199999999999
19950.0	0.05254400000000001
19955.0	0.052496
19960.0	0.052448
19965.0	0.052400999999999996
19970.0	0.052353
19975.0	0.052305
19980.0	0.052258000000000006
19985.0	0.05221
19990.0	0.052163
19995.0	0.052114999999999995
20000.0	0.052067999999999996
20005.0	0.052020000000000004
20010.0	0.051973
20015.0	0.051926
20020.0	0.051878
20025.0	0.051830999999999995
20030.0	0.051784000000000004
20035.0	0.051737
20040.0	0.05169
20045.0	0.051642999999999994
20050.0	0.051596
20055.0	0.051549
20060.0	0.051502
20065.0	0.051454999999999994
20070.0	0.051408
20075.0	0.051362
20080.0	0.051315
20085.0	0.051267999999999994
20090.0	0.051222000000000004
20095.0	0.051175
20100.0	0.051128
20105.0	0.051082
20110.0	0.051036
20115.0	0.050989
20120.0	0.050943
20125.0	0.050896
20130.0	0.05085
20135.0	0.050804
20140.0	0.050758
20145.0	0.050711
20150.0	0.050664999999999995
20155.0	0.050619
20160.0	0.050573
20165.0	0.050526999999999996
20170.0	0.050481
20175.0	0.050435
20180.0	0.050388999999999996
20185.0	0.050344
20190.0	0.050298
20195.0	0.050252
20200.0	0.050206
20205.0	0.050161000000000004
20210.0	0.050115
20215.0	0.050069
20220.0	0.050024
20225.0	0.049977999999999995
20230.0	0.049933
20235.0	0.049887
20240.0	0.049842000000000004
20245.0	0.049797
20250.0	0.049751
20255.0	0.049706
20260.0	0.049661000000000004
20265.0	0.049616
20270.0	0.049571
20275.0	0.049525
20280.0	0.04948
20285.0	0.049435
20290.0	0.049389999999999996
20295.0	0.049345
20300.0	0.049301
20305.0	0.049256
20310.0	0.049211000000000005
20315.0	0.049166
20320.0	0.049121
20325.0	0.049076999999999996
20330.0	0.049032
20335.0	0.048987
20340.0	0.048943
20345.0	0.048898000000000004
20350.0	0.048854
20355.0	0.048809
20360.0	0.048764999999999996
20365.0	0.048721
20370.0	0.048676
20375.0	0.048632
20380.0	0.048588
20385.0	0.048544
20390.0	0.048499
20395.0	0.048455
20400.0	0.048411
20405.0	0.048367
20410.0	0.048323000000000005
20415.0	0.048279
20420.0	0.048235
20425.0	0.048191000000000005
20430.0	0.048148
20435.0	0.048104
20440.0	0.048060000000000005
20445.0	0.048016
20450.0	0.047973
20455.0	0.047929
20460.0	0.047885000000000004
20465.0	0.047842
20470.0	0.047798
20475.0	0.047755
20480.0	0.047711
20485.0	0.047668
20490.0	0.047624
20495.0	0.047581
20500.0	0.047538
20505.0	0.047494
20510.0	0.047451
20515.0	0.047408
20520.0	0.047365
20525.0	0.047322
20530.0	0.047279
20535.0	0.047236
20540.0	0.047193
20545.0	0.04715
20550.0	0.047106999999999996
20555.0	0.047064
20560.0	0.047021
20565.0	0.046978
20570.0	0.046936
20575.0	0.046893000000000004
20580.0	0.04685
20585.0	0.046807999999999995
20590.0	0.046765
20595.0	0.046722
20600.0	0.04668
20605.0	0.046637
20610.0	0.046595
20615.0	0.046551999999999996
20620.0	0.04651
20625.0	0.046468
20630.0	0.046425
20635.0	0.046383
20640.0	0.046341
20645.0	0.046299
20650.0	0.046257
20655.0	0.046214
20660.0	0.046172000000000005
20665.0	0.046130000000000004
20670.0	0.046088
20675.0	0.046046
20680.0	0.046004
20685.0	0.045963
20690.0	0.045921
20695.0	0.045879
20700.0	0.045837
20705.0	0.045794999999999995
20710.0	0.045754
20715.0	0.045712
20720.0	0.04567
20725.0	0.045629
20730.0	0.045587
20735.0	0.045545999999999996
20740.0	0.045504
20745.0	0.045462999999999996
20750.0	0.045420999999999996
20755.0	0.045380000000000004
20760.0	0.045339
20765.0	0.045297000000000004
20770.0	0.045256
20775.0	0.045215
20780.0	0.045174
20785.0	0.045132
20790.0	0.045091
20795.0	0.04505
20800.0	0.045009
20805.0	0.044968
20810.0	0.044926999999999995
20815.0	0.044886
20820.0	0.044844999999999996
20825.0	0.044804000000000004
20830.0	0.044764
20835.0	0.044723
20840.0	0.044682
20845.0	0.044641
20850.0	0.044601
20855.0	0.04456
20860.0	0.044519
20865.0	0.044479000000000005
20870.0	0.044438
20875.0	0.044398
20880.0	0.044357
20885.0	0.044317
20890.0	0.044275999999999996
20895.0	0.044236000000000004
20900.0	0.044196
20905.0	0.044155
20910.0	0.044114999999999994
20915.0	0.044075
20920.0	0.044035000000000005
20925.0	0.043995
20930.0	0.043954
20935.0	0.043914
20940.0	0.043874
20945.0	0.043834
20950.0	0.043794
20955.0	0.043754
20960.0	0.043713999999999996
20965.0	0.043675
20970.0	0.043635
20975.0	0.043595
20980.0	0.043555
20985.0	0.043515
20990.0	0.043476
20995.0	0.043436
21000.0	0.043396
21005.0	0.043357
21010.0	0.043317
21015.0	0.043278
21020.0	0.043238
21025.0	0.043199
21030.0	0.043158999999999996
21035.0	0.04312
21040.0	0.043081
21045.0	0.043041
21050.0	0.043002
21055.0	0.042963
21060.0	0.042923
21065.0	0.042884
21070.0	0.042845
21075.0	0.042806
21080.0	0.042767
21085.0	0.042727999999999995
21090.0	0.042689
21095.0	0.04265
21100.0	0.042611
21105.0	0.042572000000000006
21110.0	0.042533
21115.0	0.042494
21120.0	0.042455
21125.0	0.042417
21130.0	0.042378
21135.0	0.042339
21140.0	0.0423
21145.0	0.042262
21150.0	0.042223000000000004
21155.0	0.042185
21160.0	0.042145999999999996
21165.0	0.042108
21170.0	0.042069
21175.0	0.042031
21180.0	0.041992
21185.0	0.041954000000000005
21190.0	0.041915
21195.0	0.041877
21200.0	0.041839
21205.0	0.0418
21210.0	0.041762
21215.0	0.041724000000000004
21220.0	0.041686
21225.0	0.041648000000000004
21230.0	0.04161
21235.0	0.041572000000000005
21240.0	0.041533999999999995
21245.0	0.041496
21250.0	0.041458
21255.0	0.04142
21260.0	0.041382
21265.0	0.041344
21270.0	0.041306
21275.0	0.041268
21280.0	0.04123
21285.0	0.041193
21290.0	0.041155000000000004
21295.0	0.041117
21300.0	0.04108
21305.0	0.041042
21310.0	0.041004
21315.0	0.040967
21320.0	0.040929
21325.0	0.040892000000000005
21330.0	0.040854
21335.0	0.040817
21340.0	0.040780000000000004
21345.0	0.040742
21350.0	0.040705
21355.0	0.040668
21360.0	0.04063
21365.0	0.040593000000000004
21370.0	0.040556
21375.0	0.040519
21380.0	0.040482
21385.0	0.040444
21390.0	0.040407
21395.0	0.040369999999999996
21400.0	0.040333
21405.0	0.040296
21410.0	0.040258999999999996
21415.0	0.040222
21420.0	0.040185000000000005
21425.0	0.040149000000000004
21430.0	0.040112
21435.0	0.040075
21440.0	0.040038
21445.0	0.040001
21450.0	0.039965
21455.0	0.039928
21460.0	0.039891
21465.0	0.039855
21470.0	0.039818
21475.0	0.039782
21480.0	0.039744999999999996
21485.0	0.039708999999999994
21490.0	0.039672000000000006
21495.0	0.039636000000000005
21500.0	0.039599
21505.0	0.039563
21510.0	0.039526
21515.0	0.03949
21520.0	0.039454
21525.0	0.039418
21530.0	0.039381
21535.0	0.039345
21540.0	0.039309
21545.0	0.039273
21550.0	0.039237
21555.0	0.039201
21560.0	0.039165
21565.0	0.039129000000000004
21570.0	0.039093
21575.0	0.039057
21580.0	0.039021
21585.0	0.038985
21590.0	0.038949
21595.0	0.038912999999999996
21600.0	0.038876999999999995
21605.0	0.038841
21610.0	0.038806
21615.0	0.03877
21620.0	0.038734
21625.0	0.038698
21630.0	0.038663
21635.0	0.038627
21640.0	0.038592
21645.0	0.038556
21650.0	0.038521
21655.0	0.038485000000000005
21660.0	0.03845
21665.0	0.038414
21670.0	0.038379
21675.0	0.038343
21680.0	0.038308
21685.0	0.038273
21690.0	0.038237
21695.0	0.038202
21700.0	0.038167
21705.0	0.038132
21710.0	0.038096
21715.0	0.038061000000000005
21720.0	0.038026
21725.0	0.037991000000000004
21730.0	0.037956000000000004
21735.0	0.037920999999999996
21740.0	0.037886
21745.0	0.037850999999999996
21750.0	0.037816
21755.0	0.037781
21760.0	0.037745999999999995
21765.0	0.037711
21770.0	0.037676
21775.0	0.037641
21780.0	0.037607
21785.0	0.037572
21790.0	0.037537
21795.0	0.037502
21800.0	0.037468
21805.0	0.037433
21810.0	0.037398
21815.0	0.037364
21820.0	0.037329
21825.0	0.037294
21830.0	0.03726
21835.0	0.037225
21840.0	0.037191
21845.0	0.037157
21850.0	0.037122
21855.0	0.037088
21860.0	0.037052999999999996
21865.0	0.037018999999999996
21870.0	0.036985000000000004
21875.0	0.03695
21880.0	0.036916000000000004
21885.0	0.036882
21890.0	0.036848
21895.0	0.036813
21900.0	0.036779
21905.0	0.036745
21910.0	0.036711
21915.0	0.036677
21920.0	0.036643
21925.0	0.036608999999999996
21930.0	0.036575
21935.0	0.036541000000000004
21940.0	0.036507
21945.0	0.036473
21950.0	0.036439
21955.0	0.036405
21960.0	0.036371
21965.0	0.036338
21970.0	0.036304
21975.0	0.03627
21980.0	0.036236000000000004
21985.0	0.036203
21990.0	0.036169
21995.0	0.036135
22000.0	0.036101999999999995
22005.0	0.036068
22010.0	0.036035000000000005
22015.0	0.036001
22020.0	0.035967
22025.0	0.035934
22030.0	0.0359
22035.0	0.035867
22040.0	0.035834
22045.0	0.0358
22050.0	0.035767
22055.0	0.035733
22060.0	0.0357
22065.0	0.035667000000000004
22070.0	0.035634
22075.0	0.0356
22080.0	0.035567
22085.0	0.035533999999999996
22090.0	0.035501
22095.0	0.035468
22100.0	0.035435
22105.0	0.035401999999999996
22110.0	0.035368000000000004
22115.0	0.035335000000000005
22120.0	0.035302
22125.0	0.035269
22130.0	0.035237
22135.0	0.035204
22140.0	0.035171
22145.0	0.035138
22150.0	0.035105000000000004
22155.0	0.035072000000000006
22160.0	0.035039
22165.0	0.035006999999999996
22170.0	0.034974
22175.0	0.034941
22180.0	0.034908
22185.0	0.034876
22190.0	0.034843
22195.0	0.034811
22200.0	0.034777999999999996
22205.0	0.034745
22210.0	0.034713
22215.0	0.03468
22220.0	0.034648000000000005
22225.0	0.034615
22230.0	0.034582999999999996
22235.0	0.034551
22240.0	0.034518
22245.0	0.034486
22250.0	0.034454000000000005
22255.0	0.034421
22260.0	0.034388999999999996
22265.0	0.034357
22270.0	0.034324
22275.0	0.034292
22280.0	0.034260000000000006
22285.0	0.034227999999999995
22290.0	0.034196
22295.0	0.034164
22300.0	0.034132
22305.0	0.0341
22310.0	0.034068
22315.0	0.034036000000000004
22320.0	0.034004
22325.0	0.033972
22330.0	0.03394
22335.0	0.033908
22340.0	0.033875999999999996
22345.0	0.033844
22350.0	0.033812
22355.0	0.033781
22360.0	0.033749
22365.0	0.033717000000000004
22370.0	0.033685
22375.0	0.033654
22380.0	0.033622000000000006
22385.0	0.033589999999999995
22390.0	0.033559
22395.0	0.033527
22400.0	0.033496
22405.0	0.033464
22410.0	0.033433
22415.0	0.033401
22420.0	0.03337
22425.0	0.033338
22430.0	0.033306999999999996
22435.0	0.033275
22440.0	0.033244
22445.0	0.033213
22450.0	0.033181
22455.0	0.03315
22460.0	0.033119
22465.0	0.033088
22470.0	0.033056
22475.0	0.033025
22480.0	0.032994
22485.0	0.032963
22490.0	0.032931999999999996
22495.0	0.032901
22500.0	0.032869999999999996
22505.0	0.032839
22510.0	0.032808
22515.0	0.032777
22520.0	0.032746
22525.0	0.032715
22530.0	0.032684
22535.0	0.032652999999999995
22540.0	0.032622000000000005
22545.0	0.032591
22550.0	0.032561
22555.0	0.03253
22560.0	0.032499
22565.0	0.032468000000000004
22570.0	0.032438
22575.0	0.032407
22580.0	0.032376
22585.0	0.032346
22590.0	0.032314999999999997
22595.0	0.032285
22600.0	0.032254000000000005
22605.0	0.032224
22610.0	0.032193
22615.0	0.032163
22620.0	0.032132
22625.0	0.032102
22630.0	0.032070999999999995
22635.0	0.032041
22640.0	0.032011000000000005
22645.0	0.03198
22650.0	0.03195
22655.0	0.03192
22660.0	0.031889
22665.0	0.031859
22670.0	0.031829
22675.0	0.031799
22680.0	0.031769
22685.0	0.031738999999999996
22690.0	0.031708999999999994
22695.0	0.031678
22700.0	0.031648
22705.0	0.031618
22710.0	0.031588
22715.0	0.031557999999999996
22720.0	0.031528
22725.0	0.031499
22730.0	0.031469
22735.0	0.031439
22740.0	0.031409
22745.0	0.031379000000000004
22750.0	0.031349
22755.0	0.03132
22760.0	0.03129
22765.0	0.03126
22770.0	0.03123
22775.0	0.031201
22780.0	0.031170999999999997
22785.0	0.031141000000000002
22790.0	0.031112
22795.0	0.031082
22800.0	0.031052999999999997
22805.0	0.031023000000000002
22810.0	0.030994
22815.0	0.030964
22820.0	0.030935
22825.0	0.030905000000000002
22830.0	0.030876
22835.0	0.030846
22840.0	0.030817
22845.0	0.030788
22850.0	0.030757999999999997
22855.0	0.030729000000000003
22860.0	0.0307
22865.0	0.030670999999999997
22870.0	0.030641
22875.0	0.030612
22880.0	0.030583
22885.0	0.030554
22890.0	0.030525
22895.0	0.030496
22900.0	0.030467
22905.0	0.030438
22910.0	0.030409
22915.0	0.03038
22920.0	0.030351
22925.0	0.030322
22930.0	0.030293
22935.0	0.030264
22940.0	0.030235
22945.0	0.030206
22950.0	0.030177
22955.0	0.030149000000000002
22960.0	0.030119999999999997
22965.0	0.030091000000000003
22970.0	0.030062000000000002
22975.0	0.030033999999999998
22980.0	0.030005
22985.0	0.029976
22990.0	0.029948000000000002
22995.0	0.029919
23000.0	0.029891
23005.0	0.029862
23010.0	0.029833999999999996
23015.0	0.029805
23020.0	0.029776999999999998
23025.0	0.029748
23030.0	0.02972
23035.0	0.029691000000000002
23040.0	0.029663
23045.0	0.029635
23050.0	0.029606
23055.0	0.029577999999999997
23060.0	0.02955
23065.0	0.029521
23070.0	0.029493000000000002
23075.0	0.029464999999999998
23080.0	0.029437
23085.0	0.029408999999999998
23090.0	0.02938
23095.0	0.029352
23100.0	0.029324
23105.0	0.029296
23110.0	0.029268000000000002
23115.0	0.02924
23120.0	0.029212000000000002
23125.0	0.029183999999999998
23130.0	0.029156
23135.0	0.029127999999999998
23140.0	0.0291
23145.0	0.029072000000000004
23150.0	0.029044999999999998
23155.0	0.029017
23160.0	0.028988999999999997
23165.0	0.028961
23170.0	0.028932999999999997
23175.0	0.028906
23180.0	0.028877999999999997
23185.0	0.02885
23190.0	0.028823
23195.0	0.028794999999999998
23200.0	0.028767
23205.0	0.028739999999999998
23210.0	0.028712
23215.0	0.028685000000000002
23220.0	0.028657
23225.0	0.028630000000000003
23230.0	0.028602
23235.0	0.028575
23240.0	0.028547000000000003
23245.0	0.02852
23250.0	0.028492
23255.0	0.028464999999999997
23260.0	0.028437999999999998
23265.0	0.02841
23270.0	0.028383
23275.0	0.028356
23280.0	0.028329000000000003
23285.0	0.028301999999999997
23290.0	0.028274
23295.0	0.028247
23300.0	0.02822
23305.0	0.028193
23310.0	0.028166000000000004
23315.0	0.028138999999999997
23320.0	0.028112
23325.0	0.028085000000000002
23330.0	0.028058
23335.0	0.028031
23340.0	0.028004
23345.0	0.027977
23350.0	0.02795
23355.0	0.027923000000000003
23360.0	0.027895999999999997
23365.0	0.027869
23370.0	0.027843
23375.0	0.027816000000000004
23380.0	0.027788999999999998
23385.0	0.027762000000000002
23390.0	0.027735000000000003
23395.0	0.027708999999999998
23400.0	0.027682
23405.0	0.027655000000000002
23410.0	0.027629
23415.0	0.027601999999999998
23420.0	0.027576
23425.0	0.027549
23430.0	0.027523000000000002
23435.0	0.027496
23440.0	0.027469999999999998
23445.0	0.027443000000000002
23450.0	0.027417
23455.0	0.027389999999999998
23460.0	0.027364
23465.0	0.027338
23470.0	0.027311000000000002
23475.0	0.027285000000000004
23480.0	0.027259
23485.0	0.027232
23490.0	0.027206
23495.0	0.027180000000000003
23500.0	0.027154
23505.0	0.027127
23510.0	0.027101
23515.0	0.027075
23520.0	0.027049
23525.0	0.027023000000000002
23530.0	0.026997000000000004
23535.0	0.026971
23540.0	0.026945
23545.0	0.026919
23550.0	0.026893
23555.0	0.026867000000000002
23560.0	0.026841000000000004
23565.0	0.026815
23570.0	0.026789
23575.0	0.026763
23580.0	0.026737
23585.0	0.026712
23590.0	0.026686
23595.0	0.026660000000000003
23600.0	0.026633999999999998
23605.0	0.026608999999999997
23610.0	0.026583
23615.0	0.026557
23620.0	0.026532
23625.0	0.026506000000000002
23630.0	0.02648
23635.0	0.026455000000000003
23640.0	0.026429
23645.0	0.026404
23650.0	0.026378
23655.0	0.026352999999999998
23660.0	0.026327
23665.0	0.026302
23670.0	0.026276
23675.0	0.026251
23680.0	0.026226
23685.0	0.0262
23690.0	0.026175
23695.0	0.02615
23700.0	0.026124
23705.0	0.026099
23710.0	0.026074
23715.0	0.026048
23720.0	0.026023
23725.0	0.025998
23730.0	0.025973000000000003
23735.0	0.025948000000000002
23740.0	0.025923
23745.0	0.025898
23750.0	0.025873
23755.0	0.025848000000000003
23760.0	0.025823000000000002
23765.0	0.025798
23770.0	0.025773
23775.0	0.025748000000000004
23780.0	0.025723000000000003
23785.0	0.025698000000000002
23790.0	0.025673
23795.0	0.025648
23800.0	0.025623000000000003
23805.0	0.025598
23810.0	0.025574
23815.0	0.025549000000000002
23820.0	0.025524
23825.0	0.025499
23830.0	0.025475
23835.0	0.02545
23840.0	0.025425
23845.0	0.025401
23850.0	0.025376
23855.0	0.025352
23860.0	0.025327000000000002
23865.0	0.025302
23870.0	0.025278
23875.0	0.025253
23880.0	0.025228999999999998
23885.0	0.025204
23890.0	0.02518
23895.0	0.025156
23900.0	0.025131
23905.0	0.025107
23910.0	0.025083
23915.0	0.025058
23920.0	0.025034
23925.0	0.02501
23930.0	0.024985
23935.0	0.024961
23940.0	0.024937
23945.0	0.024913
23950.0	0.024888999999999998
23955.0	0.024863999999999997
23960.0	0.02484
23965.0	0.024816
23970.0	0.024791999999999998
23975.0	0.024768000000000002
23980.0	0.024744
23985.0	0.02472
23990.0	0.024696
23995.0	0.024672
24000.0	0.024648
24005.0	0.024624
24010.0	0.0246
24015.0	0.024577
24020.0	0.024553
24025.0	0.024529
24030.0	0.024505000000000002
24035.0	0.024481
24040.0	0.024457
24045.0	0.024434
24050.0	0.02441
24055.0	0.024386
24060.0	0.024363
24065.0	0.024339
24070.0	0.024315
24075.0	0.024291999999999998
24080.0	0.024268
24085.0	0.024245
24090.0	0.024221
24095.0	0.024197999999999997
24100.0	0.024174
24105.0	0.024151
24110.0	0.024127000000000003
24115.0	0.024104
24120.0	0.02408
24125.0	0.024057
24130.0	0.024033000000000002
24135.0	0.02401
24140.0	0.023987
24145.0	0.023962999999999998
24150.0	0.02394
24155.0	0.023916999999999997
24160.0	0.023894
24165.0	0.02387
24170.0	0.023847
24175.0	0.023824
24180.0	0.023801
24185.0	0.023778
24190.0	0.023755000000000002
24195.0	0.023732
24200.0	0.023709
24205.0	0.023686000000000002
24210.0	0.023663
24215.0	0.023639
24220.0	0.023617
24225.0	0.023594
24230.0	0.023571
24235.0	0.023548
24240.0	0.023525
24245.0	0.023502000000000002
24250.0	0.023479
24255.0	0.023456
24260.0	0.023433000000000002
24265.0	0.023411
24270.0	0.023388
24275.0	0.023365
24280.0	0.023341999999999998
24285.0	0.02332
24290.0	0.023297
24295.0	0.023274
24300.0	0.023252000000000002
24305.0	0.023229
24310.0	0.023207
24315.0	0.023184
24320.0	0.023161
24325.0	0.023139
24330.0	0.023116
24335.0	0.023094
24340.0	0.023072
24345.0	0.023049
24350.0	0.023027000000000002
24355.0	0.023004
24360.0	0.022982
24365.0	0.022959999999999998
24370.0	0.022937
24375.0	0.022915
24380.0	0.022893
24385.0	0.022869999999999998
24390.0	0.022848
24395.0	0.022826
24400.0	0.022803999999999998
24405.0	0.022781
24410.0	0.022759
24415.0	0.022737
24420.0	0.022715
24425.0	0.022693
24430.0	0.022671
24435.0	0.022649000000000002
24440.0	0.022627
24445.0	0.022605
24450.0	0.022583000000000002
24455.0	0.022561
24460.0	0.022539
24465.0	0.022517
24470.0	0.022494999999999998
24475.0	0.022473
24480.0	0.022451
24485.0	0.022428999999999998
24490.0	0.022408
24495.0	0.022386
24500.0	0.022364
24505.0	0.022341999999999997
24510.0	0.02232
24515.0	0.022299
24520.0	0.022277
24525.0	0.022255
24530.0	0.022234
24535.0	0.022212
24540.0	0.02219
24545.0	0.022169
24550.0	0.022147
24555.0	0.022126
24560.0	0.022104
24565.0	0.022083000000000002
24570.0	0.022061
24575.0	0.02204
24580.0	0.022018
24585.0	0.021997
24590.0	0.021975
24595.0	0.021953999999999998
24600.0	0.021933
24605.0	0.021911
24610.0	0.02189
24615.0	0.021869
24620.0	0.021847
24625.0	0.021825999999999998
24630.0	0.021805
24635.0	0.021784
24640.0	0.021763
24645.0	0.021741
24650.0	0.02172
24655.0	0.021699
24660.0	0.021678
24665.0	0.021657
24670.0	0.021636000000000002
24675.0	0.021615000000000002
24680.0	0.021594
24685.0	0.021573
24690.0	0.021552
24695.0	0.021531
24700.0	0.021509999999999998
24705.0	0.021488999999999998
24710.0	0.021468
24715.0	0.021447
24720.0	0.021426
24725.0	0.021405
24730.0	0.021384999999999998
24735.0	0.021363999999999998
24740.0	0.021343
24745.0	0.021322
24750.0	0.021302
24755.0	0.021281
24760.0	0.02126
24765.0	0.021238999999999997
24770.0	0.021219
24775.0	0.021197999999999998
24780.0	0.021177
24785.0	0.021157
24790.0	0.021136000000000002
24795.0	0.021116
24800.0	0.021095
24805.0	0.021075
24810.0	0.021054
24815.0	0.021034
24820.0	0.021013
24825.0	0.020993
24830.0	0.020972
24835.0	0.020952000000000002
24840.0	0.020932
24845.0	0.020911000000000003
24850.0	0.020891
24855.0	0.020871
24860.0	0.02085
24865.0	0.02083
24870.0	0.02081
24875.0	0.02079
24880.0	0.020769
24885.0	0.020749
24890.0	0.020729
24895.0	0.020709
24900.0	0.020689
24905.0	0.020669
24910.0	0.020649
24915.0	0.020628
24920.0	0.020608
24925.0	0.020588
24930.0	0.020568
24935.0	0.020548
24940.0	0.020528
24945.0	0.020508000000000002
24950.0	0.020489
24955.0	0.020469
24960.0	0.020449000000000002
24965.0	0.020429
24970.0	0.020409
24975.0	0.020388999999999997
24980.0	0.020368999999999998
24985.0	0.02035
24990.0	0.02033
24995.0	0.020309999999999998
25000.0	0.0
