#wave	flux
1150.0	0.0
1155.0	0.0
1160.0	0.0
1165.0	0.0
1170.0	0.0
1175.0	0.0
1180.0	0.0
1185.0	0.0
1190.0	0.0
1195.0	0.0
1200.0	0.0
1205.0	0.0
1210.0	0.0
1215.0	0.0
1220.0	0.0
1225.0	0.0
1230.0	0.0
1235.0	0.0
1240.0	0.0
1245.0	0.0
1250.0	0.0
1255.0	0.0
1260.0	0.0
1265.0	0.0
1270.0	0.0
1275.0	0.0
1280.0	0.0
1285.0	0.0
1290.0	0.0
1295.0	0.0
1300.0	0.0
1305.0	0.0
1310.0	0.0
1315.0	0.0
1320.0	0.0
1325.0	0.0
1330.0	0.0
1335.0	0.0
1340.0	0.0
1345.0	0.0
1350.0	0.0
1355.0	0.0
1360.0	0.0
1365.0	0.0
1370.0	0.0
1375.0	0.0
1380.0	0.0
1385.0	0.0
1390.0	0.0
1395.0	0.0
1400.0	0.0
1405.0	0.0
1410.0	0.0
1415.0	0.0
1420.0	0.0
1425.0	0.0
1430.0	0.0
1435.0	0.0
1440.0	0.0
1445.0	0.0
1450.0	0.0
1455.0	0.0
1460.0	0.0
1465.0	0.0
1470.0	0.0
1475.0	0.0
1480.0	0.0
1485.0	0.0
1490.0	0.0
1495.0	0.0
1500.0	0.0
1505.0	0.0
1510.0	0.0
1515.0	0.0
1520.0	0.0
1525.0	0.0
1530.0	0.0
1535.0	0.0
1540.0	0.0
1545.0	0.0
1550.0	0.0
1555.0	0.0
1560.0	0.0
1565.0	0.0
1570.0	0.0
1575.0	0.0
1580.0	0.0
1585.0	0.0
1590.0	0.0
1595.0	0.0
1600.0	0.0
1605.0	0.0
1610.0	0.0
1615.0	0.0
1620.0	0.0
1625.0	0.0
1630.0	0.0
1635.0	0.0
1640.0	0.0
1645.0	0.0
1650.0	0.0
1655.0	0.0
1660.0	0.0
1665.0	0.0
1670.0	0.0
1675.0	0.0
1680.0	0.0
1685.0	0.0
1690.0	0.0
1695.0	0.0
1700.0	0.0
1705.0	0.0
1710.0	0.0
1715.0	0.0
1720.0	0.0
1725.0	0.0
1730.0	0.0
1735.0	0.0
1740.0	0.0
1745.0	0.0
1750.0	0.0
1755.0	0.0
1760.0	0.0
1765.0	0.0
1770.0	0.0
1775.0	0.0
1780.0	0.0
1785.0	0.0
1790.0	0.0
1795.0	0.0
1800.0	0.0
1805.0	0.0
1810.0	0.0
1815.0	0.0
1820.0	0.0
1825.0	0.0
1830.0	0.0
1835.0	0.0
1840.0	0.0
1845.0	0.0
1850.0	0.0
1855.0	0.0
1860.0	0.0
1865.0	0.0
1870.0	0.0
1875.0	0.0
1880.0	0.0
1885.0	0.0
1890.0	0.0
1895.0	0.0
1900.0	0.0
1905.0	0.0
1910.0	0.0
1915.0	0.0
1920.0	0.0
1925.0	0.0
1930.0	0.0
1935.0	0.0
1940.0	0.0
1945.0	0.0
1950.0	0.0
1955.0	0.0
1960.0	0.0
1965.0	0.0
1970.0	0.0
1975.0	0.0
1980.0	0.0
1985.0	0.0
1990.0	0.0
1995.0	0.0
2000.0	0.0
2005.0	0.0
2010.0	0.0
2015.0	0.0
2020.0	0.0
2025.0	0.0
2030.0	0.0
2035.0	0.0
2040.0	0.0
2045.0	0.0
2050.0	0.0
2055.0	0.0
2060.0	0.0
2065.0	0.0
2070.0	0.0
2075.0	0.0
2080.0	0.0
2085.0	0.0
2090.0	0.0
2095.0	0.0
2100.0	0.0
2105.0	0.0
2110.0	0.0
2115.0	0.0
2120.0	0.0
2125.0	0.0
2130.0	0.0
2135.0	0.0
2140.0	0.0
2145.0	0.0
2150.0	0.0
2155.0	0.0
2160.0	0.0
2165.0	0.0
2170.0	0.0
2175.0	0.0
2180.0	0.0
2185.0	0.0
2190.0	0.0
2195.0	0.0
2200.0	0.0
2205.0	0.0
2210.0	0.0
2215.0	0.0
2220.0	0.0
2225.0	0.0
2230.0	0.0
2235.0	0.0
2240.0	0.0
2245.0	0.0
2250.0	0.0
2255.0	0.0
2260.0	0.0
2265.0	0.0
2270.0	0.0
2275.0	0.0
2280.0	0.0
2285.0	0.0
2290.0	0.0
2295.0	0.0
2300.0	0.0
2305.0	0.0
2310.0	0.0
2315.0	0.0
2320.0	0.0
2325.0	0.0
2330.0	0.0
2335.0	0.0
2340.0	0.0
2345.0	0.0
2350.0	0.0
2355.0	1e-06
2360.0	2e-06
2365.0	3e-06
2370.0	5e-06
2375.0	5e-06
2380.0	6e-06
2385.0	6e-06
2390.0	5e-06
2395.0	3e-06
2400.0	0.0
2405.0	0.0
2410.0	0.0
2415.0	0.0
2420.0	0.0
2425.0	0.0
2430.0	0.0
2435.0	0.0
2440.0	0.0
2445.0	0.0
2450.0	0.0
2455.0	1.4000000000000001e-05
2460.0	3.1e-05
2465.0	4.8e-05
2470.0	6.3e-05
2475.0	7.5e-05
2480.0	8e-05
2485.0	7.7e-05
2490.0	6.4e-05
2495.0	3.9e-05
2500.0	0.0
2505.0	0.0
2510.0	0.0
2515.0	0.0
2520.0	0.0
2525.0	0.0
2530.0	0.0
2535.0	0.0
2540.0	0.0
2545.0	0.0
2550.0	0.0
2555.0	0.000204
2560.0	0.000458
2565.0	0.00075
2570.0	0.00107
2575.0	0.001407
2580.0	0.001748
2585.0	0.002084
2590.0	0.002403
2595.0	0.002694
2600.0	0.0029460000000000003
2605.0	0.003151
2610.0	0.003312
2615.0	0.003438
2620.0	0.003536
2625.0	0.0036119999999999998
2630.0	0.003674
2635.0	0.00373
2640.0	0.003786
2645.0	0.003849
2650.0	0.003928
2655.0	0.004027
2660.0	0.004141
2665.0	0.004266
2670.0	0.0043950000000000005
2675.0	0.004522
2680.0	0.00464
2685.0	0.004744
2690.0	0.004828
2695.0	0.0048850000000000005
2700.0	0.00491
2705.0	0.0049
2710.0	0.004868
2715.0	0.004832
2720.0	0.004808
2725.0	0.004815
2730.0	0.004868
2735.0	0.004985
2740.0	0.005183
2745.0	0.00548
2750.0	0.0058920000000000005
2755.0	0.0064269999999999996
2760.0	0.007056000000000001
2765.0	0.00774
2770.0	0.008439
2775.0	0.009115999999999999
2780.0	0.009732
2785.0	0.010247
2790.0	0.010623
2795.0	0.010820999999999999
2800.0	0.010801999999999999
2805.0	0.010543
2810.0	0.010085
2815.0	0.009481999999999999
2820.0	0.008790000000000001
2825.0	0.008065000000000001
2830.0	0.007363
2835.0	0.006739
2840.0	0.006249
2845.0	0.005947999999999999
2850.0	0.0058920000000000005
2855.0	0.0061189999999999994
2860.0	0.006599
2865.0	0.0072840000000000005
2870.0	0.008124
2875.0	0.009072
2880.0	0.010081
2885.0	0.0111
2890.0	0.012084000000000001
2895.0	0.012981999999999999
2900.0	0.013748
2905.0	0.014343999999999999
2910.0	0.014778
2915.0	0.015068999999999999
2920.0	0.015237
2925.0	0.015300999999999999
2930.0	0.015280000000000002
2935.0	0.015193
2940.0	0.015059999999999999
2945.0	0.014899
2950.0	0.014730000000000002
2955.0	0.01457
2960.0	0.014428
2965.0	0.01431
2970.0	0.014224
2975.0	0.014175
2980.0	0.014171000000000001
2985.0	0.014216999999999999
2990.0	0.014322
2995.0	0.014490000000000001
3000.0	0.014730000000000002
3005.0	0.015046
3010.0	0.015441999999999999
3015.0	0.015916999999999997
3020.0	0.016475
3025.0	0.017115000000000002
3030.0	0.017838999999999997
3035.0	0.018649000000000002
3040.0	0.019545
3045.0	0.02053
3050.0	0.021603999999999998
3055.0	0.022765999999999998
3060.0	0.024
3065.0	0.02529
3070.0	0.026617000000000002
3075.0	0.027964
3080.0	0.029312
3085.0	0.030645
3090.0	0.031944
3095.0	0.033192
3100.0	0.03437
3105.0	0.035470999999999996
3110.0	0.036525
3115.0	0.037573
3120.0	0.038655
3125.0	0.039811
3130.0	0.041082
3135.0	0.042506999999999996
3140.0	0.044128
3145.0	0.045985000000000005
3150.0	0.048118
3155.0	0.050542000000000004
3160.0	0.045951
3165.0	0.059864999999999995
3170.0	0.069649
3175.0	0.07247200000000001
3180.0	0.070901
3185.0	0.068444
3190.0	0.06698
3195.0	0.067634
3200.0	0.071513
3205.0	0.07741
3210.0	0.07412
3215.0	0.05563099999999999
3220.0	0.041379
3225.0	0.048534
3230.0	0.05977999999999999
3235.0	0.056263
3240.0	0.047458999999999994
3245.0	0.046731
3250.0	0.054662999999999996
3255.0	0.067483
3260.0	0.076785
3265.0	0.076265
3270.0	0.072654
3275.0	0.073571
3280.0	0.077127
3285.0	0.081005
3290.0	0.090655
3295.0	0.10894100000000001
3300.0	0.12060499999999999
3305.0	0.112631
3310.0	0.099085
3315.0	0.095684
3320.0	0.09765900000000001
3325.0	0.097551
3330.0	0.09764
3335.0	0.101452
3340.0	0.107767
3345.0	0.11396400000000001
3350.0	0.116573
3355.0	0.112903
3360.0	0.104234
3365.0	0.093948
3370.0	0.08985
3375.0	0.09688
3380.0	0.10410499999999999
3385.0	0.101813
3390.0	0.10105399999999999
3395.0	0.11296199999999999
3400.0	0.128228
3405.0	0.134733
3410.0	0.12954200000000002
3415.0	0.11553800000000002
3420.0	0.1097
3425.0	0.123601
3430.0	0.133113
3435.0	0.116128
3440.0	0.094322
3445.0	0.091986
3450.0	0.100091
3455.0	0.104282
3460.0	0.102212
3465.0	0.096368
3470.0	0.096567
3475.0	0.109464
3480.0	0.12173900000000001
3485.0	0.12068399999999999
3490.0	0.115997
3495.0	0.119567
3500.0	0.129615
3505.0	0.14008900000000002
3510.0	0.141499
3515.0	0.128616
3520.0	0.116704
3525.0	0.12095399999999999
3530.0	0.135771
3535.0	0.151595
3540.0	0.16378900000000002
3545.0	0.16894
3550.0	0.16359400000000002
3555.0	0.14694000000000002
3560.0	0.128779
3565.0	0.1176
3570.0	0.10603499999999999
3575.0	0.08742899999999999
3580.0	0.07384199999999999
3585.0	0.077283
3590.0	0.090863
3595.0	0.104253
3600.0	0.112303
3605.0	0.112907
3610.0	0.11098
3615.0	0.11165599999999999
3620.0	0.113923
3625.0	0.11573399999999999
3630.0	0.117049
3635.0	0.11837400000000001
3640.0	0.120397
3645.0	0.12455
3650.0	0.13505699999999998
3655.0	0.154184
3660.0	0.17356
3665.0	0.183584
3670.0	0.180361
3675.0	0.16433399999999998
3680.0	0.147575
3685.0	0.141557
3690.0	0.14371199999999998
3695.0	0.14813199999999999
3700.0	0.149596
3705.0	0.144303
3710.0	0.133444
3715.0	0.119673
3720.0	0.106476
3725.0	0.096639
3730.0	0.089306
3735.0	0.083328
3740.0	0.080022
3745.0	0.081138
3750.0	0.087685
3755.0	0.099162
3760.0	0.10976199999999998
3765.0	0.115895
3770.0	0.128145
3775.0	0.154028
3780.0	0.174618
3785.0	0.17157999999999998
3790.0	0.155391
3795.0	0.141262
3800.0	0.134542
3805.0	0.13542300000000002
3810.0	0.13334400000000002
3815.0	0.11926600000000001
3820.0	0.100994
3825.0	0.088812
3830.0	0.086087
3835.0	0.093112
3840.0	0.10482899999999999
3845.0	0.11501900000000001
3850.0	0.11816900000000001
3855.0	0.111898
3860.0	0.105626
3865.0	0.10809
3870.0	0.113497
3875.0	0.11495
3880.0	0.115666
3885.0	0.119823
3890.0	0.125328
3895.0	0.129832
3900.0	0.136225
3905.0	0.146875
3910.0	0.156805
3915.0	0.160111
3920.0	0.15451800000000002
3925.0	0.140542
3930.0	0.12621400000000002
3935.0	0.12013599999999999
3940.0	0.125684
3945.0	0.142227
3950.0	0.158317
3955.0	0.16258
3960.0	0.154748
3965.0	0.14083299999999999
3970.0	0.14085699999999998
3975.0	0.170201
3980.0	0.21166
3985.0	0.24461100000000002
3990.0	0.267335
3995.0	0.28274
4000.0	0.293333
4005.0	0.302003
4010.0	0.313558
4015.0	0.32955
4020.0	0.33658499999999997
4025.0	0.32247
4030.0	0.29479
4035.0	0.267318
4040.0	0.258833
4045.0	0.280441
4050.0	0.307569
4055.0	0.314471
4060.0	0.306402
4065.0	0.295993
4070.0	0.294373
4075.0	0.30945
4080.0	0.33774699999999996
4085.0	0.371299
4090.0	0.39555999999999997
4095.0	0.398785
4100.0	0.38700100000000004
4105.0	0.371224
4110.0	0.364646
4115.0	0.37541399999999997
4120.0	0.389315
4125.0	0.390746
4130.0	0.380896
4135.0	0.36554699999999996
4140.0	0.352043
4145.0	0.34745
4150.0	0.356157
4155.0	0.377474
4160.0	0.39309499999999997
4165.0	0.387255
4170.0	0.37198000000000003
4175.0	0.363179
4180.0	0.364477
4185.0	0.37388000000000005
4190.0	0.379183
4195.0	0.37119
4200.0	0.36295900000000003
4205.0	0.366637
4210.0	0.36849299999999996
4215.0	0.351727
4220.0	0.313141
4225.0	0.261414
4230.0	0.23913800000000002
4235.0	0.27805599999999997
4240.0	0.33261199999999996
4245.0	0.35331799999999997
4250.0	0.35225300000000004
4255.0	0.35139499999999996
4260.0	0.350759
4265.0	0.346244
4270.0	0.339242
4275.0	0.333442
4280.0	0.336254
4285.0	0.349696
4290.0	0.35053
4295.0	0.323036
4300.0	0.306854
4305.0	0.338981
4310.0	0.390521
4315.0	0.42636
4320.0	0.45242899999999997
4325.0	0.48198
4330.0	0.516506
4335.0	0.5512239999999999
4340.0	0.567999
4345.0	0.55587
4350.0	0.545905
4355.0	0.567443
4360.0	0.600842
4365.0	0.616402
4370.0	0.593156
4375.0	0.526037
4380.0	0.464851
4385.0	0.456189
4390.0	0.47890200000000005
4395.0	0.49998000000000004
4400.0	0.506698
4405.0	0.497932
4410.0	0.49867100000000003
4415.0	0.528434
4420.0	0.5587439999999999
4425.0	0.561612
4430.0	0.558991
4435.0	0.5753560000000001
4440.0	0.595334
4445.0	0.598096
4450.0	0.580825
4455.0	0.552135
4460.0	0.548335
4465.0	0.5964619999999999
4470.0	0.658752
4475.0	0.6921010000000001
4480.0	0.6968300000000001
4485.0	0.686415
4490.0	0.683521
4495.0	0.705633
4500.0	0.7403350000000001
4505.0	0.769757
4510.0	0.784131
4515.0	0.776777
4520.0	0.74527
4525.0	0.694117
4530.0	0.651307
4535.0	0.6433770000000001
4540.0	0.667578
4545.0	0.711471
4550.0	0.753147
4555.0	0.776069
4560.0	0.794659
4565.0	0.8229719999999999
4570.0	0.8426440000000001
4575.0	0.835256
4580.0	0.814578
4585.0	0.79887
4590.0	0.7921739999999999
4595.0	0.79442
4600.0	0.803322
4605.0	0.8163739999999999
4610.0	0.8323889999999999
4615.0	0.849527
4620.0	0.862
4625.0	0.864452
4630.0	0.8572139999999999
4635.0	0.842759
4640.0	0.8264389999999999
4645.0	0.814091
4650.0	0.810595
4655.0	0.818091
4660.0	0.8287059999999999
4665.0	0.834197
4670.0	0.834859
4675.0	0.8340219999999999
4680.0	0.8386030000000001
4685.0	0.8511299999999999
4690.0	0.8529639999999999
4695.0	0.8289139999999999
4700.0	0.7987449999999999
4705.0	0.786379
4710.0	0.7974180000000001
4715.0	0.8276020000000001
4720.0	0.8515209999999999
4725.0	0.8475459999999999
4730.0	0.8302940000000001
4735.0	0.8193459999999999
4740.0	0.8178890000000001
4745.0	0.822159
4750.0	0.816983
4755.0	0.791021
4760.0	0.759687
4765.0	0.739429
4770.0	0.724094
4775.0	0.706603
4780.0	0.6988
4785.0	0.712842
4790.0	0.743224
4795.0	0.779918
4800.0	0.812457
4805.0	0.8324600000000001
4810.0	0.8403379999999999
4815.0	0.8379049999999999
4820.0	0.8238139999999999
4825.0	0.799457
4830.0	0.780341
4835.0	0.7809560000000001
4840.0	0.797619
4845.0	0.820468
4850.0	0.833096
4855.0	0.822975
4860.0	0.799659
4865.0	0.777392
4870.0	0.767093
4875.0	0.7738109999999999
4880.0	0.782436
4885.0	0.7795770000000001
4890.0	0.778881
4895.0	0.794354
4900.0	0.814395
4905.0	0.822641
4910.0	0.809303
4915.0	0.773632
4920.0	0.744496
4925.0	0.747764
4930.0	0.7677039999999999
4935.0	0.782451
4940.0	0.787205
4945.0	0.782736
4950.0	0.775045
4955.0	0.771018
4960.0	0.7758729999999999
4965.0	0.789808
4970.0	0.794624
4975.0	0.775179
4980.0	0.746949
4985.0	0.72825
4990.0	0.71813
4995.0	0.710615
5000.0	0.698911
5005.0	0.679284
5010.0	0.66105
5015.0	0.654914
5020.0	0.66409
5025.0	0.686264
5030.0	0.704495
5035.0	0.7035640000000001
5040.0	0.689774
5045.0	0.6747810000000001
5050.0	0.670121
5055.0	0.681063
5060.0	0.687905
5065.0	0.672532
5070.0	0.648165
5075.0	0.632135
5080.0	0.626898
5085.0	0.630471
5090.0	0.638007
5095.0	0.6437390000000001
5100.0	0.641112
5105.0	0.627367
5110.0	0.615727
5115.0	0.617588
5120.0	0.621066
5125.0	0.614526
5130.0	0.61061
5135.0	0.62128
5140.0	0.631497
5145.0	0.626033
5150.0	0.615899
5155.0	0.612498
5160.0	0.602564
5165.0	0.572253
5170.0	0.530085
5175.0	0.492123
5180.0	0.482235
5185.0	0.515814
5190.0	0.566543
5195.0	0.6030439999999999
5200.0	0.615422
5205.0	0.60765
5210.0	0.617695
5215.0	0.674683
5220.0	0.738376
5225.0	0.766653
5230.0	0.779235
5235.0	0.802988
5240.0	0.83154
5245.0	0.850289
5250.0	0.844968
5255.0	0.807423
5260.0	0.753636
5265.0	0.706461
5270.0	0.692116
5275.0	0.72707
5280.0	0.785462
5285.0	0.83583
5290.0	0.8666590000000001
5295.0	0.875957
5300.0	0.879876
5305.0	0.893401
5310.0	0.9087
5315.0	0.9125219999999999
5320.0	0.8927639999999999
5325.0	0.84614
5330.0	0.8034939999999999
5335.0	0.79446
5340.0	0.809709
5345.0	0.8344090000000001
5350.0	0.8706959999999999
5355.0	0.9178379999999999
5360.0	0.946644
5365.0	0.9335889999999999
5370.0	0.906249
5375.0	0.897352
5380.0	0.9091049999999999
5385.0	0.930919
5390.0	0.9315120000000001
5395.0	0.8888370000000001
5400.0	0.8384729999999999
5405.0	0.821268
5410.0	0.8415290000000001
5415.0	0.8886379999999999
5420.0	0.928818
5425.0	0.934314
5430.0	0.924624
5435.0	0.924616
5440.0	0.933398
5445.0	0.943285
5450.0	0.9451799999999999
5455.0	0.9357530000000001
5460.0	0.93616
5465.0	0.9613860000000001
5470.0	0.9772559999999999
5475.0	0.9545540000000001
5480.0	0.9330510000000001
5485.0	0.953073
5490.0	0.988168
5495.0	1.00295
5500.0	0.993082
5505.0	0.966123
5510.0	0.9461729999999999
5515.0	0.953968
5520.0	0.9802700000000001
5525.0	1.009296
5530.0	1.029069
5535.0	1.033536
5540.0	1.036533
5545.0	1.050861
5550.0	1.065279
5555.0	1.0658889999999999
5560.0	1.0522049999999998
5565.0	1.029133
5570.0	1.009736
5575.0	1.004125
5580.0	1.002448
5585.0	0.9914360000000001
5590.0	0.9641059999999999
5595.0	0.9244629999999999
5600.0	0.9141819999999999
5605.0	0.9651709999999999
5610.0	1.032624
5615.0	1.065352
5620.0	1.063342
5625.0	1.0428870000000001
5630.0	1.034318
5635.0	1.058634
5640.0	1.085466
5645.0	1.084072
5650.0	1.073569
5655.0	1.0763209999999999
5660.0	1.077809
5665.0	1.063788
5670.0	1.058007
5675.0	1.081512
5680.0	1.1065559999999999
5685.0	1.104626
5690.0	1.092959
5695.0	1.09165
5700.0	1.086488
5705.0	1.063735
5710.0	1.045865
5715.0	1.055736
5720.0	1.081524
5725.0	1.1060809999999999
5730.0	1.1256329999999999
5735.0	1.139718
5740.0	1.14774
5745.0	1.149497
5750.0	1.146477
5755.0	1.140592
5760.0	1.133753
5765.0	1.1275700000000002
5770.0	1.122434
5775.0	1.1184319999999999
5780.0	1.1156540000000001
5785.0	1.1143
5790.0	1.115029
5795.0	1.11861
5800.0	1.125816
5805.0	1.136883
5810.0	1.14991
5815.0	1.16246
5820.0	1.1720979999999999
5825.0	1.177059
5830.0	1.178268
5835.0	1.177322
5840.0	1.1758170000000001
5845.0	1.17449
5850.0	1.1706450000000002
5855.0	1.160724
5860.0	1.141169
5865.0	1.109855
5870.0	1.070382
5875.0	1.027784
5880.0	0.9870909999999999
5885.0	0.953008
5890.0	0.928917
5895.0	0.917874
5900.0	0.922932
5905.0	0.9455690000000001
5910.0	0.9809530000000001
5915.0	1.022675
5920.0	1.064326
5925.0	1.100619
5930.0	1.1307530000000001
5935.0	1.1550479999999999
5940.0	1.173824
5945.0	1.187408
5950.0	1.196153
5955.0	1.200417
5960.0	1.20056
5965.0	1.197127
5970.0	1.191401
5975.0	1.184854
5980.0	1.178955
5985.0	1.174748
5990.0	1.1715719999999998
5995.0	1.168339
6000.0	1.1639629999999999
6005.0	1.15794
6010.0	1.15211
6015.0	1.148895
6020.0	1.1507209999999999
6025.0	1.159039
6030.0	1.171426
6035.0	1.1844860000000001
6040.0	1.194823
6045.0	1.1999790000000001
6050.0	1.2012399999999999
6055.0	1.200826
6060.0	1.200959
6065.0	1.203095
6070.0	1.205624
6075.0	1.206167
6080.0	1.20235
6085.0	1.1927459999999999
6090.0	1.179737
6095.0	1.166657
6100.0	1.156839
6105.0	1.1526319999999999
6110.0	1.152449
6115.0	1.1537190000000002
6120.0	1.153869
6125.0	1.150825
6130.0	1.144498
6135.0	1.135293
6140.0	1.1236190000000001
6145.0	1.110039
6150.0	1.095742
6155.0	1.082075
6160.0	1.070386
6165.0	1.062052
6170.0	1.0585879999999999
6175.0	1.061539
6180.0	1.072449
6185.0	1.091674
6190.0	1.114797
6195.0	1.136211
6200.0	1.150309
6205.0	1.153059
6210.0	1.146731
6215.0	1.135175
6220.0	1.1222370000000002
6225.0	1.1111309999999999
6230.0	1.102533
6235.0	1.096486
6240.0	1.093033
6245.0	1.092142
6250.0	1.093497
6255.0	1.0967049999999998
6260.0	1.101377
6265.0	1.107121
6270.0	1.113558
6275.0	1.120306
6280.0	1.126986
6285.0	1.13319
6290.0	1.138395
6295.0	1.142051
6300.0	1.143608
6305.0	1.142815
6310.0	1.1406290000000001
6315.0	1.138304
6320.0	1.137097
6325.0	1.137924
6330.0	1.140361
6335.0	1.143641
6340.0	1.147
6345.0	1.149733
6350.0	1.151368
6355.0	1.151492
6360.0	1.1496899999999999
6365.0	1.145794
6370.0	1.140608
6375.0	1.1351790000000002
6380.0	1.130556
6385.0	1.127599
6390.0	1.126419
6395.0	1.12694
6400.0	1.129084
6405.0	1.132659
6410.0	1.137009
6415.0	1.141362
6420.0	1.144945
6425.0	1.1471639999999999
6430.0	1.148134
6435.0	1.1481459999999999
6440.0	1.147493
6445.0	1.14655
6450.0	1.146016
6455.0	1.146673
6460.0	1.149303
6465.0	1.1542649999999999
6470.0	1.160223
6475.0	1.165416
6480.0	1.168086
6485.0	1.167138
6490.0	1.164138
6495.0	1.161318
6500.0	1.160909
6505.0	1.164582
6510.0	1.171765
6515.0	1.181323
6520.0	1.192123
6525.0	1.202988
6530.0	1.212564
6535.0	1.2194559999999999
6540.0	1.222266
6545.0	1.220143
6550.0	1.2144059999999999
6555.0	1.20692
6560.0	1.199548
6565.0	1.1938799999999998
6570.0	1.190411
6575.0	1.18936
6580.0	1.190947
6585.0	1.1950889999999998
6590.0	1.20049
6595.0	1.205552
6600.0	1.208674
6605.0	1.2087629999999998
6610.0	1.206736
6615.0	1.204019
6620.0	1.202035
6625.0	1.2016879999999999
6630.0	1.201814
6635.0	1.2007290000000002
6640.0	1.196749
6645.0	1.188974
6650.0	1.179633
6655.0	1.17174
6660.0	1.168307
6665.0	1.171244
6670.0	1.178051
6675.0	1.185125
6680.0	1.188865
6685.0	1.186642
6690.0	1.1797229999999999
6695.0	1.170351
6700.0	1.160766
6705.0	1.152757
6710.0	1.1463020000000002
6715.0	1.140923
6720.0	1.136144
6725.0	1.131591
6730.0	1.127292
6735.0	1.123377
6740.0	1.119974
6745.0	1.117211
6750.0	1.115212
6755.0	1.114095
6760.0	1.113982
6765.0	1.114897
6770.0	1.116482
6775.0	1.1182860000000001
6780.0	1.1198549999999998
6785.0	1.120753
6790.0	1.120607
6795.0	1.1190579999999999
6800.0	1.11575
6805.0	1.110692
6810.0	1.105358
6815.0	1.101589
6820.0	1.101227
6825.0	1.1052520000000001
6830.0	1.111199
6835.0	1.115746
6840.0	1.1155680000000001
6845.0	1.108259
6850.0	1.095085
6855.0	1.078229
6860.0	1.059875
6865.0	1.042122
6870.0	1.02672
6875.0	1.0153379999999999
6880.0	1.009641
6885.0	1.010621
6890.0	1.016566
6895.0	1.025093
6900.0	1.033814
6905.0	1.040926
6910.0	1.046943
6915.0	1.0529620000000002
6920.0	1.060079
6925.0	1.069041
6930.0	1.0791959999999998
6935.0	1.089543
6940.0	1.099081
6945.0	1.106977
6950.0	1.113073
6955.0	1.117383
6960.0	1.119916
6965.0	1.120746
6970.0	1.12019
6975.0	1.118629
6980.0	1.1164399999999999
6985.0	1.114012
6990.0	1.111761
6995.0	1.110111
7000.0	1.109486
7005.0	1.11024
7010.0	1.1124379999999998
7015.0	1.1160780000000001
7020.0	1.121154
7025.0	1.127492
7030.0	1.1342299999999998
7035.0	1.1403370000000002
7040.0	1.144782
7045.0	1.146771
7050.0	1.146469
7055.0	1.144277
7060.0	1.140599
7065.0	1.135894
7070.0	1.130854
7075.0	1.126226
7080.0	1.12276
7085.0	1.12095
7090.0	1.1202809999999999
7095.0	1.11998
7100.0	1.119278
7105.0	1.1174959999999998
7110.0	1.114314
7115.0	1.109508
7120.0	1.10285
7125.0	1.094591
7130.0	1.086898
7135.0	1.082415
7140.0	1.083785
7145.0	1.092681
7150.0	1.10689
7155.0	1.123229
7160.0	1.138511
7165.0	1.1500059999999999
7170.0	1.156792
7175.0	1.158398
7180.0	1.154355
7185.0	1.14479
7190.0	1.1322139999999998
7195.0	1.119734
7200.0	1.110458
7205.0	1.106684
7210.0	1.107482
7215.0	1.11111
7220.0	1.1158290000000002
7225.0	1.120162
7230.0	1.123687
7235.0	1.126242
7240.0	1.127667
7245.0	1.1279370000000002
7250.0	1.1275600000000001
7255.0	1.127176
7260.0	1.127428
7265.0	1.128773
7270.0	1.1309280000000002
7275.0	1.133428
7280.0	1.1358030000000001
7285.0	1.137601
7290.0	1.138412
7295.0	1.13784
7300.0	1.135489
7305.0	1.131246
7310.0	1.126144
7315.0	1.1214979999999999
7320.0	1.118623
7325.0	1.1184319999999999
7330.0	1.120217
7335.0	1.122867
7340.0	1.125268
7345.0	1.126559
7350.0	1.126865
7355.0	1.1265610000000001
7360.0	1.126021
7365.0	1.125618
7370.0	1.1257139999999999
7375.0	1.12667
7380.0	1.128847
7385.0	1.1323889999999999
7390.0	1.136573
7395.0	1.14046
7400.0	1.143111
7405.0	1.143901
7410.0	1.1434600000000001
7415.0	1.142734
7420.0	1.142667
7425.0	1.143852
7430.0	1.145469
7435.0	1.1463459999999999
7440.0	1.145311
7445.0	1.141729
7450.0	1.137117
7455.0	1.133528
7460.0	1.1330149999999999
7465.0	1.1368530000000001
7470.0	1.143208
7475.0	1.149467
7480.0	1.153018
7485.0	1.1520489999999999
7490.0	1.1479629999999998
7495.0	1.142963
7500.0	1.139254
7505.0	1.138421
7510.0	1.139573
7515.0	1.1412010000000001
7520.0	1.1417950000000001
7525.0	1.140198
7530.0	1.136662
7535.0	1.131793
7540.0	1.126193
7545.0	1.120745
7550.0	1.1174309999999998
7555.0	1.117909
7560.0	1.118387
7565.0	1.1188639999999999
7570.0	1.119342
7575.0	1.11982
7580.0	1.120298
7585.0	1.120776
7590.0	1.121253
7595.0	1.121731
7600.0	1.122209
7605.0	1.122687
7610.0	1.123165
7615.0	1.123643
7620.0	1.12412
7625.0	1.124598
7630.0	1.125076
7635.0	1.1255540000000002
7640.0	1.126032
7645.0	1.1265100000000001
7650.0	1.1269870000000002
7655.0	1.127465
7660.0	1.1279430000000001
7665.0	1.128421
7670.0	1.1288989999999999
7675.0	1.129377
7680.0	1.1298540000000001
7685.0	1.130332
7690.0	1.13081
7695.0	1.1312879999999998
7700.0	1.131766
7705.0	1.132244
7710.0	1.1327209999999999
7715.0	1.133199
7720.0	1.133677
7725.0	1.134155
7730.0	1.134633
7735.0	1.1405610000000002
7740.0	1.147469
7745.0	1.154258
7750.0	1.159658
7755.0	1.162351
7760.0	1.161022
7765.0	1.154993
7770.0	1.146142
7775.0	1.136983
7780.0	1.130033
7785.0	1.1270870000000002
7790.0	1.127053
7795.0	1.128119
7800.0	1.128474
7805.0	1.126723
7810.0	1.1231520000000002
7815.0	1.118463
7820.0	1.113361
7825.0	1.108528
7830.0	1.104573
7835.0	1.102082
7840.0	1.101642
7845.0	1.103587
7850.0	1.1072389999999999
7855.0	1.111667
7860.0	1.1159370000000002
7865.0	1.119267
7870.0	1.121461
7875.0	1.122471
7880.0	1.122248
7885.0	1.120762
7890.0	1.118049
7895.0	1.114164
7900.0	1.109159
7905.0	1.103186
7910.0	1.0967799999999999
7915.0	1.090576
7920.0	1.085206
7925.0	1.0810879999999998
7930.0	1.077777
7935.0	1.0746149999999999
7940.0	1.07094
7945.0	1.066482
7950.0	1.0625229999999999
7955.0	1.060733
7960.0	1.062783
7965.0	1.0695620000000001
7970.0	1.078834
7975.0	1.08758
7980.0	1.092782
7985.0	1.092355
7990.0	1.087942
7995.0	1.082117
8000.0	1.077456
8005.0	1.0758809999999999
8010.0	1.076703
8015.0	1.078578
8020.0	1.080165
8025.0	1.080386
8030.0	1.079226
8035.0	1.076933
8040.0	1.073759
8045.0	1.069983
8050.0	1.0660040000000002
8055.0	1.062251
8060.0	1.059156
8065.0	1.057012
8070.0	1.05558
8075.0	1.054484
8080.0	1.05335
8085.0	1.051996
8090.0	1.051016
8095.0	1.051201
8100.0	1.0533370000000002
8105.0	1.0579399999999999
8110.0	1.06443
8115.0	1.071951
8120.0	1.079649
8125.0	1.086782
8130.0	1.093051
8135.0	1.098272
8140.0	1.102258
8145.0	1.104716
8150.0	1.104911
8155.0	1.101999
8160.0	1.095138
8165.0	1.083859
8170.0	1.069192
8175.0	1.052541
8180.0	1.03531
8185.0	1.018888
8190.0	1.0045979999999999
8195.0	0.993749
8200.0	0.98765
8205.0	0.987107
8210.0	0.9909290000000001
8215.0	0.997423
8220.0	1.004895
8225.0	1.011922
8230.0	1.018149
8235.0	1.02349
8240.0	1.0278610000000001
8245.0	1.031297
8250.0	1.0343229999999999
8255.0	1.037582
8260.0	1.041721
8265.0	1.047197
8270.0	1.053723
8275.0	1.060821
8280.0	1.068016
8285.0	1.074555
8290.0	1.078575
8295.0	1.077939
8300.0	1.0705069999999999
8305.0	1.0551540000000001
8310.0	1.034817
8315.0	1.0134459999999998
8320.0	0.994993
8325.0	0.982658
8330.0	0.976643
8335.0	0.9764010000000001
8340.0	0.981382
8345.0	0.990555
8350.0	1.00095
8355.0	1.009113
8360.0	1.0115889999999998
8365.0	1.006182
8370.0	0.99572
8375.0	0.98429
8380.0	0.975975
8385.0	0.9740129999999999
8390.0	0.9782350000000001
8395.0	0.987625
8400.0	1.001166
8405.0	1.017531
8410.0	1.034168
8415.0	1.048214
8420.0	1.056808
8425.0	1.057868
8430.0	1.052442
8435.0	1.0423559999999998
8440.0	1.029439
8445.0	1.015519
8450.0	1.002425
8455.0	0.991991
8460.0	0.9860459999999999
8465.0	0.9856020000000001
8470.0	0.9883870000000001
8475.0	0.9913069999999999
8480.0	0.9912700000000001
8485.0	0.986189
8490.0	0.978002
8495.0	0.9696549999999999
8500.0	0.964091
8505.0	0.9632120000000001
8510.0	0.964744
8515.0	0.965368
8520.0	0.9617680000000001
8525.0	0.9519489999999999
8530.0	0.939207
8535.0	0.928161
8540.0	0.923431
8545.0	0.9281659999999999
8550.0	0.939634
8555.0	0.953634
8560.0	0.9659639999999999
8565.0	0.973324
8570.0	0.9760190000000001
8575.0	0.975253
8580.0	0.9722350000000001
8585.0	0.968291
8590.0	0.9652430000000001
8595.0	0.965033
8600.0	0.9696040000000001
8605.0	0.979916
8610.0	0.9929969999999999
8615.0	1.004889
8620.0	1.011639
8625.0	1.010459
8630.0	1.003244
8635.0	0.993058
8640.0	0.9829629999999999
8645.0	0.9751569999999999
8650.0	0.9683639999999999
8655.0	0.9604379999999999
8660.0	0.949235
8665.0	0.933765
8670.0	0.917642
8675.0	0.9056350000000001
8680.0	0.9025129999999999
8685.0	0.911328
8690.0	0.928267
8695.0	0.947799
8700.0	0.9643959999999999
8705.0	0.9738
8710.0	0.9768389999999999
8715.0	0.975612
8720.0	0.972219
8725.0	0.968564
8730.0	0.9657620000000001
8735.0	0.9647319999999999
8740.0	0.9663959999999999
8745.0	0.9712280000000001
8750.0	0.977923
8755.0	0.9847319999999999
8760.0	0.989907
8765.0	0.9921639999999999
8770.0	0.992081
8775.0	0.9907
8780.0	0.9890639999999999
8785.0	0.9877090000000001
8790.0	0.985151
8795.0	0.9793959999999999
8800.0	0.9684510000000001
8805.0	0.9517030000000001
8810.0	0.9340450000000001
8815.0	0.92175
8820.0	0.9210879999999999
8825.0	0.935989
8830.0	0.961008
8835.0	0.9883569999999999
8840.0	1.010248
8845.0	1.020746
8850.0	1.0213219999999998
8855.0	1.015303
8860.0	1.0060129999999998
8865.0	0.996334
8870.0	0.987376
8875.0	0.979807
8880.0	0.974295
8885.0	0.97126
8890.0	0.970144
8895.0	0.97014
8900.0	0.9704430000000001
8905.0	0.9702200000000001
8910.0	0.968533
8915.0	0.9644159999999999
8920.0	0.9569030000000001
8925.0	0.946034
8930.0	0.935874
8935.0	0.931493
8940.0	0.9379629999999999
8945.0	0.95801
8950.0	0.984991
8955.0	1.009919
8960.0	1.023806
8965.0	1.020408
8970.0	1.004456
8975.0	0.9834219999999999
8980.0	0.964779
8985.0	0.9542370000000001
8990.0	0.9504450000000001
8995.0	0.9502879999999999
9000.0	0.95065
9005.0	0.9491069999999999
9010.0	0.945992
9015.0	0.9423309999999999
9020.0	0.9391459999999999
9025.0	0.937423
9030.0	0.937995
9035.0	0.9416559999999999
9040.0	0.949202
9045.0	0.9605670000000001
9050.0	0.972252
9055.0	0.979901
9060.0	0.9791549999999999
9065.0	0.9674889999999999
9070.0	0.9497
9075.0	0.9324209999999999
9080.0	0.9222809999999999
9085.0	0.9236629999999999
9090.0	0.931951
9095.0	0.9402799999999999
9100.0	0.941788
9105.0	0.931967
9110.0	0.915751
9115.0	0.90043
9120.0	0.893294
9125.0	0.899243
9130.0	0.913616
9135.0	0.9293600000000001
9140.0	0.9394239999999999
9145.0	0.9386639999999999
9150.0	0.92958
9155.0	0.9165780000000001
9160.0	0.904067
9165.0	0.8955569999999999
9170.0	0.8909729999999999
9175.0	0.8893409999999999
9180.0	0.8896879999999999
9185.0	0.891243
9190.0	0.8940450000000001
9195.0	0.898334
9200.0	0.904351
9205.0	0.911961
9210.0	0.919534
9215.0	0.925062
9220.0	0.9265389999999999
9225.0	0.9225129999999999
9230.0	0.9137559999999999
9235.0	0.9015920000000001
9240.0	0.8873479999999999
9245.0	0.872566
9250.0	0.859662
9255.0	0.851266
9260.0	0.8500110000000001
9265.0	0.8573459999999999
9270.0	0.8699870000000001
9275.0	0.883465
9280.0	0.8933139999999999
9285.0	0.896277
9290.0	0.8939379999999999
9295.0	0.889091
9300.0	0.884531
9305.0	0.8826450000000001
9310.0	0.8841829999999999
9315.0	0.889488
9320.0	0.8989010000000001
9325.0	0.9121290000000001
9330.0	0.926335
9335.0	0.9380430000000001
9340.0	0.94378
9345.0	0.941264
9350.0	0.9329870000000001
9355.0	0.922633
9360.0	0.9138860000000001
9365.0	0.9096219999999999
9370.0	0.909481
9375.0	0.912293
9380.0	0.916891
9385.0	0.921858
9390.0	0.924791
9395.0	0.9230389999999999
9400.0	0.913953
9405.0	0.896158
9410.0	0.8733770000000001
9415.0	0.850611
9420.0	0.83286
9425.0	0.823838
9430.0	0.8221209999999999
9435.0	0.825001
9440.0	0.8297690000000001
9445.0	0.834354
9450.0	0.8392360000000001
9455.0	0.8455299999999999
9460.0	0.854356
9465.0	0.8661530000000001
9470.0	0.8786639999999999
9475.0	0.8889530000000001
9480.0	0.894086
9485.0	0.8922760000000001
9490.0	0.886315
9495.0	0.880144
9500.0	0.8777020000000001
9505.0	0.881589
9510.0	0.8890399999999999
9515.0	0.895949
9520.0	0.8982100000000001
9525.0	0.893333
9530.0	0.8852780000000001
9535.0	0.879619
9540.0	0.881933
9545.0	0.895475
9550.0	0.9142299999999999
9555.0	0.9298649999999999
9560.0	0.9340450000000001
9565.0	0.9212940000000001
9570.0	0.897558
9575.0	0.8716389999999999
9580.0	0.852342
9585.0	0.8461629999999999
9590.0	0.850374
9595.0	0.859941
9600.0	0.8698299999999999
9605.0	0.8759309999999999
9610.0	0.8778290000000001
9615.0	0.8760319999999999
9620.0	0.87105
9625.0	0.86351
9630.0	0.854514
9635.0	0.845282
9640.0	0.8370350000000001
9645.0	0.830838
9650.0	0.8271360000000001
9655.0	0.8262149999999999
9660.0	0.828364
9665.0	0.83357
9670.0	0.8406110000000001
9675.0	0.847965
9680.0	0.854109
9685.0	0.8577450000000001
9690.0	0.8584639999999999
9695.0	0.856085
9700.0	0.8504229999999999
9705.0	0.8417209999999999
9710.0	0.831923
9715.0	0.8233969999999999
9720.0	0.818515
9725.0	0.819076
9730.0	0.8246049999999999
9735.0	0.834059
9740.0	0.8463940000000001
9745.0	0.860175
9750.0	0.8723989999999999
9755.0	0.879676
9760.0	0.8786120000000001
9765.0	0.8673290000000001
9770.0	0.8500040000000001
9775.0	0.832327
9780.0	0.81999
9785.0	0.8172560000000001
9790.0	0.822675
9795.0	0.83337
9800.0	0.8464649999999999
9805.0	0.859298
9810.0	0.8700760000000001
9815.0	0.877224
9820.0	0.8791629999999999
9825.0	0.875033
9830.0	0.866833
9835.0	0.8572790000000001
9840.0	0.8490850000000001
9845.0	0.844375
9850.0	0.84291
9855.0	0.843859
9860.0	0.8463930000000001
9865.0	0.8497290000000001
9870.0	0.8532799999999999
9875.0	0.856503
9880.0	0.858859
9885.0	0.8599620000000001
9890.0	0.8600540000000001
9895.0	0.8595309999999999
9900.0	0.8587889999999999
9905.0	0.8581120000000001
9910.0	0.8573360000000001
9915.0	0.856183
9920.0	0.854374
9925.0	0.8518399999999999
9930.0	0.8493459999999999
9935.0	0.847864
9940.0	0.848367
9945.0	0.851351
9950.0	0.8554069999999999
9955.0	0.858648
9960.0	0.859187
9965.0	0.855815
9970.0	0.85003
9975.0	0.8440059999999999
9980.0	0.839918
9985.0	0.839231
9990.0	0.840583
9995.0	0.8419030000000001
10000.0	0.8411209999999999
10005.0	0.8369850000000001
10010.0	0.831518
10015.0	0.8275629999999999
10020.0	0.8279610000000001
10025.0	0.834324
10030.0	0.843334
10035.0	0.8504450000000001
10040.0	0.851108
10045.0	0.8424520000000001
10050.0	0.828312
10055.0	0.8142020000000001
10060.0	0.805632
10065.0	0.806415
10070.0	0.813555
10075.0	0.8223590000000001
10080.0	0.828132
10085.0	0.827499
10090.0	0.822362
10095.0	0.815943
10100.0	0.811465
10105.0	0.811392
10110.0	0.815154
10115.0	0.8214229999999999
10120.0	0.8288709999999999
10125.0	0.8360639999999999
10130.0	0.8411370000000001
10135.0	0.842118
10140.0	0.8370350000000001
10145.0	0.8251040000000001
10150.0	0.810276
10155.0	0.79769
10160.0	0.792485
10165.0	0.7979970000000001
10170.0	0.810344
10175.0	0.823844
10180.0	0.8328139999999999
10185.0	0.8331850000000001
10190.0	0.827349
10195.0	0.8193090000000001
10200.0	0.813072
10205.0	0.811653
10210.0	0.814109
10215.0	0.818505
10220.0	0.8229059999999999
10225.0	0.825578
10230.0	0.825576
10235.0	0.822152
10240.0	0.8145600000000001
10245.0	0.802774
10250.0	0.789654
10255.0	0.778782
10260.0	0.773738
10265.0	0.776874
10270.0	0.785616
10275.0	0.796162
10280.0	0.804709
10285.0	0.8084859999999999
10290.0	0.808852
10295.0	0.808198
10300.0	0.808913
10305.0	0.807192
10310.0	0.808814
10315.0	0.808906
10320.0	0.805766
10325.0	0.798549
10330.0	0.78985
10335.0	0.783127
10340.0	0.7818350000000001
10345.0	0.788061
10350.0	0.798412
10355.0	0.808125
10360.0	0.812437
10365.0	0.808214
10370.0	0.798841
10375.0	0.78933
10380.0	0.784694
10385.0	0.788324
10390.0	0.7971239999999999
10395.0	0.806375
10400.0	0.811358
10405.0	0.808805
10410.0	0.80124
10415.0	0.792639
10420.0	0.786975
10425.0	0.787011
10430.0	0.790661
10435.0	0.794623
10440.0	0.795599
10445.0	0.791316
10450.0	0.783623
10455.0	0.775393
10460.0	0.769505
10465.0	0.767977
10470.0	0.769407
10475.0	0.77154
10480.0	0.772116
10485.0	0.769648
10490.0	0.76572
10495.0	0.762683
10500.0	0.762892
10505.0	0.76774
10510.0	0.774794
10515.0	0.780664
10520.0	0.78196
10525.0	0.776533
10530.0	0.767203
10535.0	0.758034
10540.0	0.753087
10545.0	0.755141
10550.0	0.761836
10555.0	0.7695310000000001
10560.0	0.7745810000000001
10565.0	0.7744489999999999
10570.0	0.771026
10575.0	0.76731
10580.0	0.7662979999999999
10585.0	0.7700060000000001
10590.0	0.776533
10595.0	0.782996
10600.0	0.786514
10605.0	0.784927
10610.0	0.778968
10615.0	0.770096
10620.0	0.7597659999999999
10625.0	0.763101
10630.0	0.762508
10635.0	0.761916
10640.0	0.761324
10645.0	0.760733
10650.0	0.760141
10655.0	0.759551
10660.0	0.758961
10665.0	0.758371
10670.0	0.757782
10675.0	0.757193
10680.0	0.756605
10685.0	0.756017
10690.0	0.75543
10695.0	0.754843
10700.0	0.754256
10705.0	0.75367
10710.0	0.753085
10715.0	0.752499
10720.0	0.751915
10725.0	0.7513310000000001
10730.0	0.750747
10735.0	0.750164
10740.0	0.749581
10745.0	0.748999
10750.0	0.748417
10755.0	0.747835
10760.0	0.747254
10765.0	0.746674
10770.0	0.7460939999999999
10775.0	0.745514
10780.0	0.744935
10785.0	0.7443569999999999
10790.0	0.743779
10795.0	0.743201
10800.0	0.742624
10805.0	0.742047
10810.0	0.741471
10815.0	0.740895
10820.0	0.74032
10825.0	0.739745
10830.0	0.73917
10835.0	0.738596
10840.0	0.738023
10845.0	0.73745
10850.0	0.7368779999999999
10855.0	0.736306
10860.0	0.735734
10865.0	0.735163
10870.0	0.734592
10875.0	0.7340220000000001
10880.0	0.733453
10885.0	0.732883
10890.0	0.7323149999999999
10895.0	0.731747
10900.0	0.731179
10905.0	0.730612
10910.0	0.7300449999999999
10915.0	0.729479
10920.0	0.728913
10925.0	0.7283470000000001
10930.0	0.727783
10935.0	0.727218
10940.0	0.726654
10945.0	0.7260909999999999
10950.0	0.725528
10955.0	0.724966
10960.0	0.724404
10965.0	0.723842
10970.0	0.7232810000000001
10975.0	0.7227210000000001
10980.0	0.7221609999999999
10985.0	0.721601
10990.0	0.721042
10995.0	0.720484
11000.0	0.719925
11005.0	0.719368
11010.0	0.718811
11015.0	0.718254
11020.0	0.717698
11025.0	0.7171420000000001
11030.0	0.716587
11035.0	0.716033
11040.0	0.715478
11045.0	0.714925
11050.0	0.714372
11055.0	0.713819
11060.0	0.713267
11065.0	0.712715
11070.0	0.712164
11075.0	0.711613
11080.0	0.711063
11085.0	0.7105130000000001
11090.0	0.709964
11095.0	0.7094159999999999
11100.0	0.708867
11105.0	0.70832
11110.0	0.7077720000000001
11115.0	0.707226
11120.0	0.706679
11125.0	0.706134
11130.0	0.705588
11135.0	0.705044
11140.0	0.704499
11145.0	0.703956
11150.0	0.7034130000000001
11155.0	0.70287
11160.0	0.702328
11165.0	0.701786
11170.0	0.701245
11175.0	0.700704
11180.0	0.700164
11185.0	0.699624
11190.0	0.6990850000000001
11195.0	0.698546
11200.0	0.698008
11205.0	0.697471
11210.0	0.696933
11215.0	0.696397
11220.0	0.695861
11225.0	0.695325
11230.0	0.69479
11235.0	0.6942550000000001
11240.0	0.693721
11245.0	0.693188
11250.0	0.692655
11255.0	0.692122
11260.0	0.6915899999999999
11265.0	0.691059
11270.0	0.690527
11275.0	0.689997
11280.0	0.689467
11285.0	0.688938
11290.0	0.688409
11295.0	0.68788
11300.0	0.6873520000000001
11305.0	0.686825
11310.0	0.686298
11315.0	0.685772
11320.0	0.685246
11325.0	0.68472
11330.0	0.684196
11335.0	0.683671
11340.0	0.6831470000000001
11345.0	0.682624
11350.0	0.6821020000000001
11355.0	0.681579
11360.0	0.6810579999999999
11365.0	0.680537
11370.0	0.680016
11375.0	0.679496
11380.0	0.678976
11385.0	0.678457
11390.0	0.6779390000000001
11395.0	0.677421
11400.0	0.6769029999999999
11405.0	0.6763859999999999
11410.0	0.67587
11415.0	0.675354
11420.0	0.674838
11425.0	0.674323
11430.0	0.673809
11435.0	0.673295
11440.0	0.672782
11445.0	0.67227
11450.0	0.6717569999999999
11455.0	0.671246
11460.0	0.6707350000000001
11465.0	0.6702239999999999
11470.0	0.669714
11475.0	0.669204
11480.0	0.6686949999999999
11485.0	0.668187
11490.0	0.667679
11495.0	0.667171
11500.0	0.666665
11505.0	0.666158
11510.0	0.6656529999999999
11515.0	0.665147
11520.0	0.664643
11525.0	0.664138
11530.0	0.6636350000000001
11535.0	0.6631319999999999
11540.0	0.662629
11545.0	0.662127
11550.0	0.661626
11555.0	0.661125
11560.0	0.660624
11565.0	0.660125
11570.0	0.659625
11575.0	0.659127
11580.0	0.658628
11585.0	0.658131
11590.0	0.657634
11595.0	0.657137
11600.0	0.656641
11605.0	0.656145
11610.0	0.65565
11615.0	0.6551560000000001
11620.0	0.654662
11625.0	0.654169
11630.0	0.653676
11635.0	0.653184
11640.0	0.652692
11645.0	0.652201
11650.0	0.6517109999999999
11655.0	0.651221
11660.0	0.6507310000000001
11665.0	0.650242
11670.0	0.6497539999999999
11675.0	0.649266
11680.0	0.648779
11685.0	0.648292
11690.0	0.647806
11695.0	0.647321
11700.0	0.646836
11705.0	0.646351
11710.0	0.645867
11715.0	0.6453840000000001
11720.0	0.6449010000000001
11725.0	0.644419
11730.0	0.643937
11735.0	0.643456
11740.0	0.642976
11745.0	0.642496
11750.0	0.642016
11755.0	0.641537
11760.0	0.641059
11765.0	0.6405810000000001
11770.0	0.640104
11775.0	0.6396270000000001
11780.0	0.639151
11785.0	0.638676
11790.0	0.638201
11795.0	0.637726
11800.0	0.637253
11805.0	0.636779
11810.0	0.636307
11815.0	0.635835
11820.0	0.635363
11825.0	0.634892
11830.0	0.634422
11835.0	0.6339520000000001
11840.0	0.633483
11845.0	0.6330140000000001
11850.0	0.632546
11855.0	0.632078
11860.0	0.6316109999999999
11865.0	0.631145
11870.0	0.630679
11875.0	0.630214
11880.0	0.629749
11885.0	0.629285
11890.0	0.628821
11895.0	0.628358
11900.0	0.627896
11905.0	0.627434
11910.0	0.626973
11915.0	0.626512
11920.0	0.626052
11925.0	0.625592
11930.0	0.625134
11935.0	0.624675
11940.0	0.624217
11945.0	0.62376
11950.0	0.623304
11955.0	0.622847
11960.0	0.6223920000000001
11965.0	0.621937
11970.0	0.621483
11975.0	0.6210289999999999
11980.0	0.620576
11985.0	0.620123
11990.0	0.619671
11995.0	0.61922
12000.0	0.618769
12005.0	0.618319
12010.0	0.617869
12015.0	0.61742
12020.0	0.6169720000000001
12025.0	0.616524
12030.0	0.6160770000000001
12035.0	0.61563
12040.0	0.6151840000000001
12045.0	0.614738
12050.0	0.614293
12055.0	0.613849
12060.0	0.613405
12065.0	0.612962
12070.0	0.61252
12075.0	0.612078
12080.0	0.611636
12085.0	0.6111949999999999
12090.0	0.610755
12095.0	0.610316
12100.0	0.609877
12105.0	0.609438
12110.0	0.609
12115.0	0.608563
12120.0	0.608126
12125.0	0.60769
12130.0	0.607255
12135.0	0.60682
12140.0	0.606386
12145.0	0.605952
12150.0	0.6055189999999999
12155.0	0.605087
12160.0	0.604655
12165.0	0.604224
12170.0	0.603793
12175.0	0.603363
12180.0	0.6029329999999999
12185.0	0.6025050000000001
12190.0	0.6020760000000001
12195.0	0.601649
12200.0	0.601222
12205.0	0.600795
12210.0	0.6003689999999999
12215.0	0.5999439999999999
12220.0	0.5995199999999999
12225.0	0.599096
12230.0	0.598672
12235.0	0.598249
12240.0	0.597827
12245.0	0.597405
12250.0	0.596984
12255.0	0.596564
12260.0	0.596144
12265.0	0.595725
12270.0	0.595306
12275.0	0.594888
12280.0	0.594471
12285.0	0.594054
12290.0	0.593638
12295.0	0.593222
12300.0	0.592807
12305.0	0.5923930000000001
12310.0	0.591979
12315.0	0.591565
12320.0	0.5911529999999999
12325.0	0.590741
12330.0	0.590329
12335.0	0.589918
12340.0	0.589508
12345.0	0.589098
12350.0	0.588689
12355.0	0.58828
12360.0	0.5878720000000001
12365.0	0.587465
12370.0	0.587058
12375.0	0.5866520000000001
12380.0	0.586246
12385.0	0.585841
12390.0	0.585436
12395.0	0.585032
12400.0	0.584629
12405.0	0.584226
12410.0	0.583824
12415.0	0.583422
12420.0	0.583021
12425.0	0.58262
12430.0	0.58222
12435.0	0.581821
12440.0	0.581422
12445.0	0.581024
12450.0	0.580626
12455.0	0.580229
12460.0	0.579832
12465.0	0.579436
12470.0	0.579041
12475.0	0.578646
12480.0	0.5782510000000001
12485.0	0.577858
12490.0	0.577465
12495.0	0.577072
12500.0	0.57668
12505.0	0.576288
12510.0	0.575897
12515.0	0.575507
12520.0	0.575117
12525.0	0.574728
12530.0	0.574339
12535.0	0.573951
12540.0	0.573563
12545.0	0.573176
12550.0	0.572789
12555.0	0.572403
12560.0	0.572018
12565.0	0.571633
12570.0	0.571248
12575.0	0.570865
12580.0	0.570481
12585.0	0.570099
12590.0	0.569716
12595.0	0.569335
12600.0	0.568954
12605.0	0.568573
12610.0	0.5681930000000001
12615.0	0.567814
12620.0	0.567435
12625.0	0.567056
12630.0	0.566678
12635.0	0.566301
12640.0	0.565924
12645.0	0.5655479999999999
12650.0	0.565172
12655.0	0.564797
12660.0	0.564422
12665.0	0.564048
12670.0	0.563674
12675.0	0.563301
12680.0	0.562929
12685.0	0.562557
12690.0	0.562185
12695.0	0.561814
12700.0	0.5614439999999999
12705.0	0.561074
12710.0	0.560705
12715.0	0.560336
12720.0	0.559967
12725.0	0.559599
12730.0	0.559232
12735.0	0.558865
12740.0	0.558499
12745.0	0.558133
12750.0	0.557768
12755.0	0.557403
12760.0	0.5570390000000001
12765.0	0.556675
12770.0	0.556312
12775.0	0.555949
12780.0	0.5555869999999999
12785.0	0.555226
12790.0	0.554864
12795.0	0.554504
12800.0	0.554144
12805.0	0.553784
12810.0	0.553425
12815.0	0.553066
12820.0	0.552708
12825.0	0.552351
12830.0	0.5519930000000001
12835.0	0.551637
12840.0	0.551281
12845.0	0.550925
12850.0	0.55057
12855.0	0.550216
12860.0	0.5498609999999999
12865.0	0.549508
12870.0	0.5491550000000001
12875.0	0.548802
12880.0	0.54845
12885.0	0.548098
12890.0	0.547747
12895.0	0.547397
12900.0	0.5470470000000001
12905.0	0.546697
12910.0	0.546348
12915.0	0.545999
12920.0	0.545651
12925.0	0.545303
12930.0	0.544956
12935.0	0.544609
12940.0	0.544263
12945.0	0.543917
12950.0	0.543572
12955.0	0.543227
12960.0	0.542883
12965.0	0.542539
12970.0	0.542196
12975.0	0.541853
12980.0	0.541511
12985.0	0.541169
12990.0	0.5408270000000001
12995.0	0.540486
13000.0	0.540146
13005.0	0.539806
13010.0	0.539466
13015.0	0.539127
13020.0	0.5387890000000001
13025.0	0.53845
13030.0	0.5381130000000001
13035.0	0.537776
13040.0	0.537439
13045.0	0.537103
13050.0	0.536767
13055.0	0.536432
13060.0	0.536097
13065.0	0.535762
13070.0	0.535429
13075.0	0.535095
13080.0	0.534762
13085.0	0.5344300000000001
13090.0	0.534098
13095.0	0.533766
13100.0	0.533435
13105.0	0.533104
13110.0	0.532774
13115.0	0.5324439999999999
13120.0	0.532115
13125.0	0.531786
13130.0	0.531457
13135.0	0.53113
13140.0	0.530802
13145.0	0.530475
13150.0	0.530148
13155.0	0.529822
13160.0	0.529496
13165.0	0.5291710000000001
13170.0	0.528846
13175.0	0.528522
13180.0	0.528198
13185.0	0.527875
13190.0	0.527552
13195.0	0.527229
13200.0	0.526907
13205.0	0.5265850000000001
13210.0	0.5262640000000001
13215.0	0.525943
13220.0	0.525623
13225.0	0.525303
13230.0	0.524983
13235.0	0.524664
13240.0	0.524346
13245.0	0.524027
13250.0	0.52371
13255.0	0.523392
13260.0	0.523075
13265.0	0.522759
13270.0	0.522443
13275.0	0.522127
13280.0	0.5218119999999999
13285.0	0.521497
13290.0	0.521183
13295.0	0.5208689999999999
13300.0	0.520556
13305.0	0.520243
13310.0	0.51993
13315.0	0.519618
13320.0	0.519306
13325.0	0.518995
13330.0	0.518684
13335.0	0.518373
13340.0	0.518063
13345.0	0.517753
13350.0	0.517444
13355.0	0.517135
13360.0	0.516827
13365.0	0.516519
13370.0	0.516211
13375.0	0.515904
13380.0	0.515597
13385.0	0.5152909999999999
13390.0	0.514985
13395.0	0.514679
13400.0	0.514374
13405.0	0.51407
13410.0	0.5137649999999999
13415.0	0.513461
13420.0	0.513158
13425.0	0.5128550000000001
13430.0	0.512552
13435.0	0.51225
13440.0	0.511948
13445.0	0.511646
13450.0	0.5113449999999999
13455.0	0.511045
13460.0	0.510744
13465.0	0.510444
13470.0	0.510145
13475.0	0.509846
13480.0	0.509547
13485.0	0.509249
13490.0	0.508951
13495.0	0.508653
13500.0	0.508356
13505.0	0.5080600000000001
13510.0	0.507763
13515.0	0.507467
13520.0	0.5071720000000001
13525.0	0.506876
13530.0	0.506582
13535.0	0.506287
13540.0	0.505993
13545.0	0.5057
13550.0	0.505406
13555.0	0.5051140000000001
13560.0	0.504821
13565.0	0.504529
13570.0	0.5042369999999999
13575.0	0.503946
13580.0	0.503655
13585.0	0.503364
13590.0	0.503074
13595.0	0.502784
13600.0	0.502495
13605.0	0.502206
13610.0	0.5019170000000001
13615.0	0.501629
13620.0	0.501341
13625.0	0.501053
13630.0	0.5007659999999999
13635.0	0.500479
13640.0	0.500193
13645.0	0.499907
13650.0	0.499621
13655.0	0.49933500000000003
13660.0	0.49905
13665.0	0.498766
13670.0	0.498482
13675.0	0.498198
13680.0	0.497914
13685.0	0.49763100000000005
13690.0	0.49734799999999996
13695.0	0.497066
13700.0	0.496784
13705.0	0.49650200000000005
13710.0	0.49622
13715.0	0.495939
13720.0	0.495659
13725.0	0.495378
13730.0	0.495098
13735.0	0.49481899999999995
13740.0	0.49454
13745.0	0.49426099999999995
13750.0	0.493982
13755.0	0.493704
13760.0	0.49342600000000003
13765.0	0.493149
13770.0	0.492871
13775.0	0.492595
13780.0	0.49231800000000003
13785.0	0.49204200000000003
13790.0	0.491766
13795.0	0.491491
13800.0	0.491216
13805.0	0.49094099999999996
13810.0	0.490667
13815.0	0.490392
13820.0	0.49011899999999997
13825.0	0.489845
13830.0	0.489572
13835.0	0.4893
13840.0	0.48902700000000004
13845.0	0.488755
13850.0	0.488483
13855.0	0.488212
13860.0	0.48794099999999996
13865.0	0.48767
13870.0	0.4874
13875.0	0.48713
13880.0	0.48686
13885.0	0.486591
13890.0	0.48632200000000003
13895.0	0.48605299999999996
13900.0	0.485785
13905.0	0.48551700000000003
13910.0	0.485249
13915.0	0.48498100000000005
13920.0	0.48471400000000003
13925.0	0.484447
13930.0	0.48418100000000003
13935.0	0.483915
13940.0	0.483649
13945.0	0.48338400000000004
13950.0	0.48311800000000005
13955.0	0.482853
13960.0	0.48258900000000005
13965.0	0.482325
13970.0	0.48206099999999996
13975.0	0.48179700000000003
13980.0	0.481534
13985.0	0.481271
13990.0	0.481008
13995.0	0.480746
14000.0	0.480484
14005.0	0.48022200000000004
14010.0	0.47996099999999997
14015.0	0.479699
14020.0	0.47943900000000006
14025.0	0.479178
14030.0	0.478918
14035.0	0.478658
14040.0	0.47839799999999993
14045.0	0.47813900000000004
14050.0	0.47788
14055.0	0.477621
14060.0	0.47736300000000004
14065.0	0.477105
14070.0	0.476847
14075.0	0.47658999999999996
14080.0	0.476332
14085.0	0.476076
14090.0	0.47581899999999994
14095.0	0.475563
14100.0	0.475307
14105.0	0.475051
14110.0	0.47479499999999997
14115.0	0.47453999999999996
14120.0	0.474285
14125.0	0.47403100000000004
14130.0	0.47377600000000003
14135.0	0.473522
14140.0	0.47326899999999994
14145.0	0.47301499999999996
14150.0	0.472762
14155.0	0.472509
14160.0	0.472257
14165.0	0.472005
14170.0	0.47175200000000006
14175.0	0.471501
14180.0	0.471249
14185.0	0.47099799999999997
14190.0	0.470747
14195.0	0.470497
14200.0	0.470246
14205.0	0.469996
14210.0	0.469746
14215.0	0.46949700000000005
14220.0	0.46924799999999994
14225.0	0.468999
14230.0	0.46875
14235.0	0.46850200000000003
14240.0	0.468253
14245.0	0.46800600000000003
14250.0	0.467758
14255.0	0.46751099999999995
14260.0	0.467264
14265.0	0.467017
14270.0	0.46676999999999996
14275.0	0.466524
14280.0	0.46627799999999997
14285.0	0.46603199999999995
14290.0	0.465787
14295.0	0.465541
14300.0	0.465296
14305.0	0.465052
14310.0	0.46480699999999997
14315.0	0.464563
14320.0	0.464319
14325.0	0.464075
14330.0	0.46383199999999997
14335.0	0.46358900000000003
14340.0	0.463346
14345.0	0.463103
14350.0	0.46286099999999997
14355.0	0.46261899999999995
14360.0	0.46237700000000004
14365.0	0.462135
14370.0	0.46189399999999997
14375.0	0.46165200000000006
14380.0	0.46141099999999996
14385.0	0.461171
14390.0	0.46093
14395.0	0.46069
14400.0	0.46045
14405.0	0.460211
14410.0	0.459971
14415.0	0.459732
14420.0	0.45949300000000004
14425.0	0.459254
14430.0	0.459016
14435.0	0.45877700000000005
14440.0	0.45853900000000003
14445.0	0.45830200000000004
14450.0	0.458064
14455.0	0.45782700000000004
14460.0	0.45758999999999994
14465.0	0.45735299999999995
14470.0	0.45711599999999997
14475.0	0.45688
14480.0	0.45664399999999994
14485.0	0.456408
14490.0	0.456172
14495.0	0.45593599999999995
14500.0	0.455701
14505.0	0.455466
14510.0	0.45523100000000005
14515.0	0.45499700000000004
14520.0	0.454762
14525.0	0.454528
14530.0	0.454294
14535.0	0.454061
14540.0	0.45382700000000004
14545.0	0.45359399999999994
14550.0	0.45336099999999996
14555.0	0.453128
14560.0	0.452896
14565.0	0.45266300000000004
14570.0	0.452431
14575.0	0.45219899999999996
14580.0	0.451967
14585.0	0.45173599999999997
14590.0	0.45150500000000005
14595.0	0.45127399999999995
14600.0	0.451043
14605.0	0.450812
14610.0	0.450582
14615.0	0.450351
14620.0	0.450121
14625.0	0.449891
14630.0	0.449662
14635.0	0.449432
14640.0	0.44920299999999996
14645.0	0.448974
14650.0	0.448745
14655.0	0.448517
14660.0	0.448288
14665.0	0.44806
14670.0	0.44783199999999995
14675.0	0.447604
14680.0	0.447377
14685.0	0.44714899999999996
14690.0	0.44692200000000004
14695.0	0.446695
14700.0	0.44646800000000003
14705.0	0.446241
14710.0	0.44601499999999994
14715.0	0.44578900000000005
14720.0	0.445563
14725.0	0.445337
14730.0	0.445111
14735.0	0.44488500000000003
14740.0	0.44466000000000006
14745.0	0.444435
14750.0	0.44421000000000005
14755.0	0.443985
14760.0	0.44376099999999996
14765.0	0.443536
14770.0	0.443312
14775.0	0.44308800000000004
14780.0	0.44286400000000004
14785.0	0.442641
14790.0	0.442417
14795.0	0.442194
14800.0	0.441971
14805.0	0.441748
14810.0	0.441525
14815.0	0.441302
14820.0	0.44108
14825.0	0.44085799999999997
14830.0	0.44063500000000005
14835.0	0.440414
14840.0	0.440192
14845.0	0.43996999999999997
14850.0	0.439749
14855.0	0.439528
14860.0	0.43930600000000003
14865.0	0.439086
14870.0	0.43886499999999995
14875.0	0.438644
14880.0	0.438424
14885.0	0.438204
14890.0	0.43798400000000004
14895.0	0.43776400000000004
14900.0	0.43754399999999993
14905.0	0.437324
14910.0	0.437105
14915.0	0.43688599999999994
14920.0	0.436666
14925.0	0.43644700000000003
14930.0	0.436229
14935.0	0.43601
14940.0	0.435791
14945.0	0.43557299999999993
14950.0	0.435355
14955.0	0.435137
14960.0	0.43491899999999994
14965.0	0.434701
14970.0	0.43448400000000004
14975.0	0.434266
14980.0	0.43404899999999996
14985.0	0.433832
14990.0	0.433615
14995.0	0.43339799999999995
15000.0	0.43318100000000004
15005.0	0.432965
15010.0	0.43274799999999997
15015.0	0.43253199999999997
15020.0	0.432316
15025.0	0.4321
15030.0	0.431884
15035.0	0.43166800000000005
15040.0	0.43145200000000006
15045.0	0.431237
15050.0	0.431022
15055.0	0.430807
15060.0	0.430591
15065.0	0.43037700000000007
15070.0	0.430162
15075.0	0.429947
15080.0	0.429733
15085.0	0.429518
15090.0	0.429304
15095.0	0.42908999999999997
15100.0	0.42887600000000003
15105.0	0.428662
15110.0	0.42844799999999994
15115.0	0.42823500000000003
15120.0	0.428021
15125.0	0.42780799999999997
15130.0	0.427594
15135.0	0.42738100000000007
15140.0	0.42716800000000005
15145.0	0.42695500000000003
15150.0	0.42674300000000004
15155.0	0.42653
15160.0	0.426317
15165.0	0.426105
15170.0	0.425893
15175.0	0.42568100000000003
15180.0	0.425468
15185.0	0.425256
15190.0	0.425045
15195.0	0.424833
15200.0	0.424621
15205.0	0.42441
15210.0	0.42419799999999996
15215.0	0.423987
15220.0	0.42377600000000004
15225.0	0.42356499999999997
15230.0	0.423354
15235.0	0.42314300000000005
15240.0	0.422932
15245.0	0.42272200000000004
15250.0	0.42251099999999997
15255.0	0.42230100000000004
15260.0	0.42208999999999997
15265.0	0.42188000000000003
15270.0	0.42167
15275.0	0.42146000000000006
15280.0	0.42125
15285.0	0.42103999999999997
15290.0	0.42083000000000004
15295.0	0.42062
15300.0	0.420411
15305.0	0.42020100000000005
15310.0	0.41999200000000003
15315.0	0.419783
15320.0	0.419574
15325.0	0.419364
15330.0	0.419155
15335.0	0.418947
15340.0	0.418738
15345.0	0.418529
15350.0	0.41831999999999997
15355.0	0.418112
15360.0	0.41790299999999997
15365.0	0.417695
15370.0	0.41748599999999997
15375.0	0.417278
15380.0	0.41707
15385.0	0.416862
15390.0	0.41665399999999997
15395.0	0.416446
15400.0	0.416238
15405.0	0.41603
15410.0	0.41582299999999994
15415.0	0.41561499999999996
15420.0	0.41540699999999997
15425.0	0.4152
15430.0	0.41499300000000006
15435.0	0.414785
15440.0	0.414578
15445.0	0.414371
15450.0	0.41416400000000003
15455.0	0.41395699999999996
15460.0	0.41375
15465.0	0.41354300000000005
15470.0	0.413336
15475.0	0.413129
15480.0	0.412922
15485.0	0.41271599999999997
15490.0	0.412509
15495.0	0.412303
15500.0	0.412096
15505.0	0.41189
15510.0	0.41168299999999997
15515.0	0.41147700000000004
15520.0	0.411271
15525.0	0.41106499999999996
15530.0	0.41085900000000003
15535.0	0.410653
15540.0	0.410447
15545.0	0.41024099999999997
15550.0	0.41003500000000004
15555.0	0.409829
15560.0	0.40962299999999996
15565.0	0.409418
15570.0	0.40921199999999996
15575.0	0.409006
15580.0	0.408801
15585.0	0.408595
15590.0	0.40839000000000003
15595.0	0.408184
15600.0	0.407979
15605.0	0.407773
15610.0	0.407568
15615.0	0.40736300000000003
15620.0	0.407158
15625.0	0.406952
15630.0	0.40674699999999997
15635.0	0.406542
15640.0	0.406337
15645.0	0.406132
15650.0	0.405927
15655.0	0.40572199999999997
15660.0	0.405517
15665.0	0.405312
15670.0	0.405107
15675.0	0.404903
15680.0	0.404698
15685.0	0.404493
15690.0	0.40428800000000004
15695.0	0.404084
15700.0	0.403879
15705.0	0.403674
15710.0	0.40347
15715.0	0.403265
15720.0	0.40306
15725.0	0.402856
15730.0	0.40265100000000004
15735.0	0.402447
15740.0	0.402242
15745.0	0.402038
15750.0	0.401834
15755.0	0.401629
15760.0	0.401425
15765.0	0.40121999999999997
15770.0	0.401016
15775.0	0.400812
15780.0	0.400607
15785.0	0.400403
15790.0	0.40019899999999997
15795.0	0.399994
15800.0	0.39979000000000003
15805.0	0.399586
15810.0	0.399382
15815.0	0.399177
15820.0	0.398973
15825.0	0.398769
15830.0	0.398565
15835.0	0.39836
15840.0	0.398156
15845.0	0.397952
15850.0	0.397748
15855.0	0.397544
15860.0	0.397339
15865.0	0.397135
15870.0	0.396931
15875.0	0.396727
15880.0	0.396523
15885.0	0.396318
15890.0	0.39611399999999997
15895.0	0.39591
15900.0	0.395706
15905.0	0.395502
15910.0	0.39529699999999995
15915.0	0.39509299999999997
15920.0	0.394889
15925.0	0.394685
15930.0	0.39448
15935.0	0.394276
15940.0	0.394072
15945.0	0.393868
15950.0	0.393663
15955.0	0.393459
15960.0	0.393255
15965.0	0.39305
15970.0	0.39284600000000003
15975.0	0.39264099999999996
15980.0	0.392437
15985.0	0.392233
15990.0	0.39202800000000004
15995.0	0.391824
16000.0	0.391619
16005.0	0.391415
16010.0	0.39121
16015.0	0.391006
16020.0	0.390801
16025.0	0.39059699999999997
16030.0	0.390392
16035.0	0.390187
16040.0	0.38998299999999997
16045.0	0.389778
16050.0	0.389573
16055.0	0.389369
16060.0	0.389164
16065.0	0.388959
16070.0	0.388754
16075.0	0.388549
16080.0	0.388344
16085.0	0.388139
16090.0	0.387934
16095.0	0.387729
16100.0	0.387524
16105.0	0.387319
16110.0	0.387114
16115.0	0.386909
16120.0	0.386703
16125.0	0.386498
16130.0	0.386293
16135.0	0.386088
16140.0	0.385882
16145.0	0.385677
16150.0	0.385471
16155.0	0.385266
16160.0	0.38506
16165.0	0.384854
16170.0	0.38464899999999996
16175.0	0.384443
16180.0	0.384237
16185.0	0.384031
16190.0	0.383825
16195.0	0.383619
16200.0	0.383413
16205.0	0.383207
16210.0	0.38300100000000004
16215.0	0.382795
16220.0	0.382589
16225.0	0.382383
16230.0	0.382176
16235.0	0.38197
16240.0	0.381763
16245.0	0.38155700000000004
16250.0	0.38135
16255.0	0.381144
16260.0	0.38093699999999997
16265.0	0.38073
16270.0	0.380523
16275.0	0.380316
16280.0	0.38010900000000003
16285.0	0.379902
16290.0	0.379695
16295.0	0.379488
16300.0	0.379281
16305.0	0.37907399999999997
16310.0	0.378866
16315.0	0.378659
16320.0	0.37845100000000004
16325.0	0.378243
16330.0	0.37803600000000004
16335.0	0.377828
16340.0	0.37761999999999996
16345.0	0.37741199999999997
16350.0	0.377204
16355.0	0.376996
16360.0	0.376788
16365.0	0.37658
16370.0	0.376372
16375.0	0.376163
16380.0	0.37595500000000004
16385.0	0.375746
16390.0	0.37553800000000004
16395.0	0.375329
16400.0	0.37512
16405.0	0.374911
16410.0	0.374703
16415.0	0.374494
16420.0	0.374285
16425.0	0.374076
16430.0	0.373866
16435.0	0.373657
16440.0	0.373448
16445.0	0.373239
16450.0	0.373029
16455.0	0.37282
16460.0	0.37261
16465.0	0.3724
16470.0	0.372191
16475.0	0.371981
16480.0	0.371771
16485.0	0.37156100000000003
16490.0	0.37135100000000004
16495.0	0.371141
16500.0	0.370931
16505.0	0.370721
16510.0	0.37051100000000003
16515.0	0.3703
16520.0	0.37009000000000003
16525.0	0.369879
16530.0	0.369669
16535.0	0.369458
16540.0	0.369248
16545.0	0.369037
16550.0	0.36882600000000004
16555.0	0.368615
16560.0	0.368404
16565.0	0.368193
16570.0	0.36798200000000003
16575.0	0.367771
16580.0	0.36756
16585.0	0.367349
16590.0	0.367137
16595.0	0.36692600000000003
16600.0	0.366715
16605.0	0.366503
16610.0	0.366292
16615.0	0.36608
16620.0	0.36586799999999997
16625.0	0.365657
16630.0	0.36544499999999996
16635.0	0.365233
16640.0	0.365021
16645.0	0.364809
16650.0	0.364597
16655.0	0.364385
16660.0	0.364172
16665.0	0.36396
16670.0	0.363748
16675.0	0.363536
16680.0	0.363323
16685.0	0.363111
16690.0	0.362898
16695.0	0.362685
16700.0	0.362473
16705.0	0.36225999999999997
16710.0	0.362047
16715.0	0.361834
16720.0	0.361621
16725.0	0.36140900000000004
16730.0	0.361195
16735.0	0.360982
16740.0	0.360769
16745.0	0.360556
16750.0	0.36034299999999997
16755.0	0.360129
16760.0	0.35991599999999996
16765.0	0.359703
16770.0	0.359489
16775.0	0.35927600000000004
16780.0	0.359062
16785.0	0.358848
16790.0	0.358635
16795.0	0.358421
16800.0	0.358207
16805.0	0.357993
16810.0	0.357779
16815.0	0.357565
16820.0	0.35735100000000003
16825.0	0.357137
16830.0	0.356923
16835.0	0.356709
16840.0	0.35649400000000003
16845.0	0.35628000000000004
16850.0	0.356066
16855.0	0.35585100000000003
16860.0	0.355637
16865.0	0.35542199999999996
16870.0	0.355207
16875.0	0.354993
16880.0	0.35477800000000004
16885.0	0.354563
16890.0	0.35434899999999997
16895.0	0.354134
16900.0	0.353919
16905.0	0.353704
16910.0	0.353489
16915.0	0.353274
16920.0	0.353059
16925.0	0.35284299999999996
16930.0	0.352628
16935.0	0.35241300000000003
16940.0	0.352198
16945.0	0.351982
16950.0	0.351767
16955.0	0.351551
16960.0	0.35133600000000004
16965.0	0.35112
16970.0	0.350905
16975.0	0.350689
16980.0	0.350473
16985.0	0.35025700000000004
16990.0	0.350042
16995.0	0.349826
17000.0	0.34961
17005.0	0.349394
17010.0	0.34917800000000004
17015.0	0.348962
17020.0	0.348746
17025.0	0.348529
17030.0	0.348313
17035.0	0.348097
17040.0	0.347881
17045.0	0.347664
17050.0	0.347448
17055.0	0.34723200000000004
17060.0	0.347015
17065.0	0.34679899999999997
17070.0	0.346582
17075.0	0.34636500000000003
17080.0	0.346149
17085.0	0.345932
17090.0	0.345715
17095.0	0.345498
17100.0	0.34528200000000003
17105.0	0.345065
17110.0	0.344848
17115.0	0.344631
17120.0	0.344414
17125.0	0.344197
17130.0	0.34398
17135.0	0.343762
17140.0	0.343545
17145.0	0.343328
17150.0	0.343111
17155.0	0.34289400000000003
17160.0	0.34267600000000004
17165.0	0.342459
17170.0	0.34224099999999996
17175.0	0.342024
17180.0	0.341806
17185.0	0.341589
17190.0	0.341371
17195.0	0.34115300000000004
17200.0	0.340936
17205.0	0.34071799999999997
17210.0	0.3405
17215.0	0.340283
17220.0	0.340065
17225.0	0.33984699999999995
17230.0	0.339629
17235.0	0.339411
17240.0	0.33919299999999997
17245.0	0.338975
17250.0	0.33875700000000003
17255.0	0.338539
17260.0	0.33831999999999995
17265.0	0.338102
17270.0	0.337884
17275.0	0.33766599999999997
17280.0	0.337447
17285.0	0.337229
17290.0	0.337011
17295.0	0.336792
17300.0	0.336574
17305.0	0.336355
17310.0	0.33613699999999996
17315.0	0.335918
17320.0	0.3357
17325.0	0.335481
17330.0	0.33526300000000003
17335.0	0.335044
17340.0	0.334825
17345.0	0.334606
17350.0	0.334388
17355.0	0.334169
17360.0	0.33395
17365.0	0.333731
17370.0	0.333512
17375.0	0.333293
17380.0	0.333074
17385.0	0.332855
17390.0	0.332636
17395.0	0.332417
17400.0	0.332198
17405.0	0.331979
17410.0	0.331759
17415.0	0.33154
17420.0	0.331321
17425.0	0.331102
17430.0	0.330882
17435.0	0.330663
17440.0	0.330443
17445.0	0.33022399999999996
17450.0	0.330005
17455.0	0.329785
17460.0	0.32956599999999997
17465.0	0.329346
17470.0	0.329127
17475.0	0.328907
17480.0	0.328687
17485.0	0.328468
17490.0	0.328248
17495.0	0.32802800000000004
17500.0	0.327808
17505.0	0.32758899999999996
17510.0	0.327369
17515.0	0.32714899999999997
17520.0	0.32692899999999997
17525.0	0.326709
17530.0	0.326489
17535.0	0.32627
17540.0	0.32605
17545.0	0.32583
17550.0	0.32561
17555.0	0.32539
17560.0	0.325169
17565.0	0.324949
17570.0	0.324729
17575.0	0.324509
17580.0	0.324289
17585.0	0.324069
17590.0	0.323849
17595.0	0.323628
17600.0	0.323408
17605.0	0.32318800000000003
17610.0	0.322967
17615.0	0.322747
17620.0	0.322527
17625.0	0.322306
17630.0	0.32208600000000004
17635.0	0.321865
17640.0	0.32164499999999996
17645.0	0.321425
17650.0	0.321204
17655.0	0.320983
17660.0	0.320763
17665.0	0.320542
17670.0	0.320322
17675.0	0.320101
17680.0	0.31988099999999997
17685.0	0.31966
17690.0	0.319439
17695.0	0.31921900000000003
17700.0	0.318998
17705.0	0.318777
17710.0	0.318556
17715.0	0.318336
17720.0	0.31811500000000004
17725.0	0.317894
17730.0	0.317673
17735.0	0.317452
17740.0	0.317231
17745.0	0.31701
17750.0	0.31679
17755.0	0.316569
17760.0	0.316348
17765.0	0.316127
17770.0	0.315906
17775.0	0.315685
17780.0	0.31546399999999997
17785.0	0.315243
17790.0	0.31502199999999997
17795.0	0.314801
17800.0	0.314579
17805.0	0.31435799999999997
17810.0	0.314137
17815.0	0.313916
17820.0	0.313695
17825.0	0.313474
17830.0	0.313253
17835.0	0.313031
17840.0	0.31281
17845.0	0.312589
17850.0	0.312368
17855.0	0.312146
17860.0	0.311925
17865.0	0.311704
17870.0	0.311483
17875.0	0.311261
17880.0	0.31104
17885.0	0.310819
17890.0	0.31059699999999996
17895.0	0.31037600000000004
17900.0	0.310155
17905.0	0.309933
17910.0	0.309712
17915.0	0.30949
17920.0	0.309269
17925.0	0.309048
17930.0	0.30882600000000004
17935.0	0.308605
17940.0	0.308383
17945.0	0.308162
17950.0	0.30794
17955.0	0.307719
17960.0	0.30749699999999996
17965.0	0.30727600000000005
17970.0	0.307054
17975.0	0.30683299999999997
17980.0	0.306611
17985.0	0.30638899999999997
17990.0	0.306168
17995.0	0.305946
18000.0	0.305725
18005.0	0.305503
18010.0	0.305282
18015.0	0.30506
18020.0	0.304838
18025.0	0.304617
18030.0	0.30439499999999997
18035.0	0.304173
18040.0	0.303952
18045.0	0.30373
18050.0	0.303508
18055.0	0.303287
18060.0	0.30306500000000003
18065.0	0.302843
18070.0	0.302622
18075.0	0.3024
18080.0	0.302178
18085.0	0.30195700000000003
18090.0	0.301735
18095.0	0.30151300000000003
18100.0	0.301291
18105.0	0.30107
18110.0	0.300848
18115.0	0.300626
18120.0	0.30040500000000003
18125.0	0.300183
18130.0	0.29996100000000003
18135.0	0.299739
18140.0	0.299518
18145.0	0.299296
18150.0	0.29907399999999995
18155.0	0.298852
18160.0	0.298631
18165.0	0.29840900000000004
18170.0	0.298187
18175.0	0.29796500000000004
18180.0	0.297743
18185.0	0.29752199999999995
18190.0	0.2973
18195.0	0.297078
18200.0	0.296856
18205.0	0.296635
18210.0	0.29641300000000004
18215.0	0.296191
18220.0	0.295969
18225.0	0.295748
18230.0	0.295526
18235.0	0.295304
18240.0	0.295082
18245.0	0.29486
18250.0	0.294639
18255.0	0.294417
18260.0	0.294195
18265.0	0.293973
18270.0	0.293752
18275.0	0.29353
18280.0	0.293308
18285.0	0.293086
18290.0	0.292865
18295.0	0.292643
18300.0	0.292421
18305.0	0.292199
18310.0	0.291978
18315.0	0.291756
18320.0	0.291534
18325.0	0.291312
18330.0	0.291091
18335.0	0.290869
18340.0	0.290647
18345.0	0.290426
18350.0	0.290204
18355.0	0.289982
18360.0	0.289761
18365.0	0.289539
18370.0	0.289317
18375.0	0.289095
18380.0	0.28887399999999996
18385.0	0.288652
18390.0	0.28843
18395.0	0.288209
18400.0	0.287987
18405.0	0.28776599999999997
18410.0	0.287544
18415.0	0.28732199999999997
18420.0	0.287101
18425.0	0.286879
18430.0	0.286657
18435.0	0.286436
18440.0	0.28621399999999997
18445.0	0.285993
18450.0	0.285771
18455.0	0.28555
18460.0	0.285328
18465.0	0.285107
18470.0	0.284885
18475.0	0.284664
18480.0	0.28444200000000003
18485.0	0.284221
18490.0	0.283999
18495.0	0.28377800000000003
18500.0	0.283556
18505.0	0.283335
18510.0	0.283113
18515.0	0.28289200000000003
18520.0	0.28267
18525.0	0.282449
18530.0	0.28222800000000003
18535.0	0.282006
18540.0	0.281785
18545.0	0.281564
18550.0	0.281342
18555.0	0.281121
18560.0	0.2809
18565.0	0.28067800000000004
18570.0	0.280457
18575.0	0.280236
18580.0	0.280015
18585.0	0.27979299999999996
18590.0	0.279572
18595.0	0.279351
18600.0	0.27913000000000004
18605.0	0.278908
18610.0	0.27868699999999996
18615.0	0.278466
18620.0	0.27824499999999996
18625.0	0.278024
18630.0	0.277803
18635.0	0.277582
18640.0	0.277361
18645.0	0.27714
18650.0	0.276919
18655.0	0.276698
18660.0	0.276477
18665.0	0.276256
18670.0	0.276035
18675.0	0.275814
18680.0	0.275593
18685.0	0.275372
18690.0	0.27515100000000003
18695.0	0.27493
18700.0	0.27470900000000004
18705.0	0.274488
18710.0	0.27426799999999996
18715.0	0.274047
18720.0	0.273826
18725.0	0.27360500000000004
18730.0	0.273385
18735.0	0.27316399999999996
18740.0	0.272943
18745.0	0.27272199999999996
18750.0	0.272502
18755.0	0.272281
18760.0	0.272061
18765.0	0.27184
18770.0	0.271619
18775.0	0.271399
18780.0	0.27117800000000003
18785.0	0.270958
18790.0	0.270737
18795.0	0.270517
18800.0	0.27029699999999995
18805.0	0.27007600000000004
18810.0	0.269856
18815.0	0.269635
18820.0	0.269415
18825.0	0.26919499999999996
18830.0	0.268974
18835.0	0.268754
18840.0	0.268534
18845.0	0.268314
18850.0	0.26809299999999997
18855.0	0.267873
18860.0	0.26765300000000003
18865.0	0.267433
18870.0	0.26721300000000003
18875.0	0.266993
18880.0	0.266773
18885.0	0.26655300000000004
18890.0	0.266333
18895.0	0.266113
18900.0	0.265893
18905.0	0.265673
18910.0	0.265453
18915.0	0.265233
18920.0	0.26501399999999997
18925.0	0.26479400000000003
18930.0	0.264574
18935.0	0.264354
18940.0	0.264135
18945.0	0.263915
18950.0	0.26369499999999996
18955.0	0.26347600000000004
18960.0	0.263256
18965.0	0.263036
18970.0	0.262817
18975.0	0.26259699999999997
18980.0	0.262378
18985.0	0.26215900000000003
18990.0	0.261939
18995.0	0.26172
19000.0	0.2615
19005.0	0.261281
19010.0	0.261062
19015.0	0.260843
19020.0	0.260623
19025.0	0.26040399999999997
19030.0	0.260185
19035.0	0.259966
19040.0	0.259747
19045.0	0.25952800000000004
19050.0	0.259309
19055.0	0.25909
19060.0	0.258871
19065.0	0.258652
19070.0	0.25843299999999997
19075.0	0.258214
19080.0	0.257995
19085.0	0.257776
19090.0	0.257558
19095.0	0.257339
19100.0	0.25711999999999996
19105.0	0.25690100000000005
19110.0	0.256683
19115.0	0.25646399999999997
19120.0	0.25624600000000003
19125.0	0.256027
19130.0	0.255809
19135.0	0.25559
19140.0	0.255372
19145.0	0.255154
19150.0	0.25493499999999997
19155.0	0.254717
19160.0	0.254499
19165.0	0.25428
19170.0	0.254062
19175.0	0.253844
19180.0	0.253626
19185.0	0.25340799999999997
19190.0	0.25319
19195.0	0.252972
19200.0	0.252754
19205.0	0.25253600000000004
19210.0	0.252318
19215.0	0.2521
19220.0	0.251882
19225.0	0.251665
19230.0	0.251447
19235.0	0.251229
19240.0	0.251012
19245.0	0.250794
19250.0	0.250577
19255.0	0.250359
19260.0	0.25014200000000003
19265.0	0.24992399999999998
19270.0	0.249707
19275.0	0.249489
19280.0	0.249272
19285.0	0.24905500000000003
19290.0	0.248838
19295.0	0.24861999999999998
19300.0	0.248403
19305.0	0.24818600000000002
19310.0	0.247969
19315.0	0.247752
19320.0	0.24753499999999998
19325.0	0.24731799999999998
19330.0	0.24710100000000002
19335.0	0.246885
19340.0	0.24666799999999997
19345.0	0.24645100000000003
19350.0	0.246234
19355.0	0.246018
19360.0	0.24580100000000002
19365.0	0.24558400000000002
19370.0	0.24536799999999998
19375.0	0.24515100000000004
19380.0	0.24493499999999999
19385.0	0.244719
19390.0	0.244502
19395.0	0.244286
19400.0	0.24406999999999998
19405.0	0.243854
19410.0	0.243637
19415.0	0.243421
19420.0	0.243205
19425.0	0.24298899999999998
19430.0	0.242773
19435.0	0.24255700000000002
19440.0	0.242342
19445.0	0.24212600000000004
19450.0	0.24191
19455.0	0.241694
19460.0	0.241479
19465.0	0.241263
19470.0	0.24104699999999998
19475.0	0.24083200000000002
19480.0	0.240616
19485.0	0.24040100000000003
19490.0	0.240186
19495.0	0.23997
19500.0	0.23975500000000002
19505.0	0.23954
19510.0	0.239325
19515.0	0.23910900000000002
19520.0	0.238894
19525.0	0.238679
19530.0	0.23846399999999998
19535.0	0.23825
19540.0	0.238035
19545.0	0.23781999999999998
19550.0	0.237605
19555.0	0.23739000000000002
19560.0	0.23717600000000003
19565.0	0.236961
19570.0	0.23674699999999999
19575.0	0.23653200000000002
19580.0	0.23631799999999997
19585.0	0.236103
19590.0	0.235889
19595.0	0.235675
19600.0	0.235461
19605.0	0.235246
19610.0	0.23503200000000002
19615.0	0.23481799999999997
19620.0	0.234604
19625.0	0.23439000000000002
19630.0	0.23417600000000002
19635.0	0.233963
19640.0	0.23374899999999998
19645.0	0.233535
19650.0	0.233321
19655.0	0.23310799999999998
19660.0	0.23289400000000002
19665.0	0.232681
19670.0	0.232467
19675.0	0.232254
19680.0	0.232041
19685.0	0.231827
19690.0	0.231614
19695.0	0.23140100000000002
19700.0	0.231188
19705.0	0.230975
19710.0	0.230762
19715.0	0.23054899999999998
19720.0	0.230336
19725.0	0.23012399999999997
19730.0	0.229911
19735.0	0.229698
19740.0	0.22948600000000002
19745.0	0.229273
19750.0	0.22905999999999999
19755.0	0.228848
19760.0	0.228636
19765.0	0.22842300000000001
19770.0	0.22821100000000002
19775.0	0.22799899999999998
19780.0	0.227787
19785.0	0.227575
19790.0	0.227363
19795.0	0.22715100000000002
19800.0	0.22693899999999997
19805.0	0.226727
19810.0	0.22651500000000002
19815.0	0.226304
19820.0	0.22609200000000002
19825.0	0.225881
19830.0	0.225669
19835.0	0.225458
19840.0	0.225246
19845.0	0.22503499999999999
19850.0	0.22482399999999997
19855.0	0.224613
19860.0	0.22440100000000002
19865.0	0.22419
19870.0	0.22397899999999998
19875.0	0.223769
19880.0	0.22355799999999998
19885.0	0.223347
19890.0	0.223136
19895.0	0.222926
19900.0	0.222715
19905.0	0.222505
19910.0	0.222294
19915.0	0.222084
19920.0	0.22187300000000001
19925.0	0.221663
19930.0	0.221453
19935.0	0.221243
19940.0	0.22103299999999998
19945.0	0.220823
19950.0	0.220613
19955.0	0.22040300000000002
19960.0	0.22019299999999997
19965.0	0.219984
19970.0	0.21977399999999997
19975.0	0.21956399999999998
19980.0	0.21935500000000002
19985.0	0.219146
19990.0	0.21893600000000002
19995.0	0.218727
20000.0	0.218518
20005.0	0.218309
20010.0	0.218099
20015.0	0.21789
20020.0	0.21768200000000001
20025.0	0.217473
20030.0	0.21726399999999998
20035.0	0.21705500000000003
20040.0	0.21684699999999998
20045.0	0.216638
20050.0	0.21643
20055.0	0.216221
20060.0	0.216013
20065.0	0.215804
20070.0	0.215596
20075.0	0.21538800000000002
20080.0	0.21518
20085.0	0.21497199999999997
20090.0	0.21476399999999998
20095.0	0.214556
20100.0	0.21434899999999998
20105.0	0.214141
20110.0	0.21393299999999998
20115.0	0.21372600000000003
20120.0	0.21351799999999999
20125.0	0.213311
20130.0	0.213104
20135.0	0.212896
20140.0	0.212689
20145.0	0.212482
20150.0	0.212275
20155.0	0.21206799999999998
20160.0	0.21186100000000002
20165.0	0.211655
20170.0	0.211448
20175.0	0.21124099999999998
20180.0	0.211035
20185.0	0.21082800000000002
20190.0	0.21062199999999998
20195.0	0.210416
20200.0	0.210209
20205.0	0.21000300000000002
20210.0	0.20979699999999998
20215.0	0.20959099999999997
20220.0	0.209385
20225.0	0.209179
20230.0	0.20897399999999997
20235.0	0.20876799999999998
20240.0	0.208562
20245.0	0.20835700000000001
20250.0	0.20815100000000003
20255.0	0.207946
20260.0	0.20774099999999998
20265.0	0.207535
20270.0	0.20733000000000001
20275.0	0.207125
20280.0	0.20692
20285.0	0.206715
20290.0	0.206511
20295.0	0.206306
20300.0	0.20610100000000003
20305.0	0.20589699999999997
20310.0	0.205692
20315.0	0.205488
20320.0	0.20528400000000002
20325.0	0.20507899999999998
20330.0	0.204875
20335.0	0.204671
20340.0	0.204467
20345.0	0.204263
20350.0	0.20406
20355.0	0.20385599999999998
20360.0	0.203652
20365.0	0.203449
20370.0	0.203245
20375.0	0.203042
20380.0	0.20283900000000002
20385.0	0.20263499999999998
20390.0	0.202432
20395.0	0.202229
20400.0	0.202026
20405.0	0.201824
20410.0	0.201621
20415.0	0.201418
20420.0	0.201216
20425.0	0.201013
20430.0	0.200811
20435.0	0.20060799999999998
20440.0	0.200406
20445.0	0.200204
20450.0	0.20000199999999999
20455.0	0.1998
20460.0	0.199598
20465.0	0.199396
20470.0	0.199194
20475.0	0.198993
20480.0	0.198791
20485.0	0.19859000000000002
20490.0	0.198388
20495.0	0.198187
20500.0	0.197986
20505.0	0.197785
20510.0	0.19758399999999998
20515.0	0.197383
20520.0	0.197182
20525.0	0.196982
20530.0	0.19678099999999998
20535.0	0.19658
20540.0	0.19638
20545.0	0.19618
20550.0	0.195979
20555.0	0.195779
20560.0	0.195579
20565.0	0.195379
20570.0	0.195179
20575.0	0.19497899999999999
20580.0	0.19478
20585.0	0.19458
20590.0	0.194381
20595.0	0.194181
20600.0	0.193982
20605.0	0.19378299999999998
20610.0	0.193583
20615.0	0.193384
20620.0	0.193185
20625.0	0.192987
20630.0	0.19278800000000001
20635.0	0.192589
20640.0	0.192391
20645.0	0.192192
20650.0	0.191994
20655.0	0.191795
20660.0	0.191597
20665.0	0.191399
20670.0	0.191201
20675.0	0.191003
20680.0	0.190805
20685.0	0.190608
20690.0	0.19041
20695.0	0.19021300000000002
20700.0	0.19001500000000002
20705.0	0.18981800000000001
20710.0	0.189621
20715.0	0.189424
20720.0	0.189227
20725.0	0.18903
20730.0	0.188833
20735.0	0.188636
20740.0	0.18844
20745.0	0.188243
20750.0	0.188047
20755.0	0.18785
20760.0	0.187654
20765.0	0.18745799999999999
20770.0	0.18726199999999998
20775.0	0.187066
20780.0	0.18687
20785.0	0.186674
20790.0	0.186479
20795.0	0.186283
20800.0	0.186088
20805.0	0.185893
20810.0	0.185697
20815.0	0.185502
20820.0	0.185307
20825.0	0.185112
20830.0	0.184918
20835.0	0.184723
20840.0	0.184528
20845.0	0.184334
20850.0	0.18414
20855.0	0.183945
20860.0	0.183751
20865.0	0.183557
20870.0	0.183363
20875.0	0.183169
20880.0	0.182976
20885.0	0.182782
20890.0	0.182588
20895.0	0.182395
20900.0	0.182202
20905.0	0.182008
20910.0	0.181815
20915.0	0.181622
20920.0	0.181429
20925.0	0.18123699999999998
20930.0	0.181044
20935.0	0.180851
20940.0	0.180659
20945.0	0.18046600000000002
20950.0	0.180274
20955.0	0.180082
20960.0	0.17989000000000002
20965.0	0.179698
20970.0	0.179506
20975.0	0.179315
20980.0	0.179123
20985.0	0.178931
20990.0	0.17874
20995.0	0.178549
21000.0	0.178358
21005.0	0.17816700000000002
21010.0	0.177976
21015.0	0.177785
21020.0	0.177594
21025.0	0.177403
21030.0	0.177213
21035.0	0.177023
21040.0	0.176832
21045.0	0.176642
21050.0	0.176452
21055.0	0.176262
21060.0	0.176072
21065.0	0.17588299999999998
21070.0	0.17569300000000002
21075.0	0.175504
21080.0	0.175314
21085.0	0.175125
21090.0	0.17493599999999998
21095.0	0.174747
21100.0	0.174558
21105.0	0.174369
21110.0	0.17418
21115.0	0.173992
21120.0	0.17380299999999999
21125.0	0.17361500000000002
21130.0	0.173427
21135.0	0.173239
21140.0	0.17305
21145.0	0.17286300000000002
21150.0	0.172675
21155.0	0.172487
21160.0	0.1723
21165.0	0.172112
21170.0	0.171925
21175.0	0.171738
21180.0	0.171551
21185.0	0.17136400000000002
21190.0	0.171177
21195.0	0.17099
21200.0	0.17080399999999998
21205.0	0.17061700000000002
21210.0	0.170431
21215.0	0.170244
21220.0	0.170058
21225.0	0.169872
21230.0	0.169686
21235.0	0.169501
21240.0	0.16931500000000002
21245.0	0.169129
21250.0	0.168944
21255.0	0.168759
21260.0	0.168573
21265.0	0.168388
21270.0	0.168203
21275.0	0.168019
21280.0	0.16783399999999998
21285.0	0.167649
21290.0	0.167465
21295.0	0.16728099999999999
21300.0	0.167096
21305.0	0.16691199999999998
21310.0	0.166728
21315.0	0.166545
21320.0	0.16636099999999998
21325.0	0.166177
21330.0	0.165994
21335.0	0.16580999999999999
21340.0	0.165627
21345.0	0.165444
21350.0	0.165261
21355.0	0.165078
21360.0	0.164895
21365.0	0.164713
21370.0	0.16452999999999998
21375.0	0.164348
21380.0	0.164166
21385.0	0.163984
21390.0	0.163802
21395.0	0.16362000000000002
21400.0	0.163438
21405.0	0.16325699999999999
21410.0	0.163075
21415.0	0.162894
21420.0	0.162712
21425.0	0.16253099999999998
21430.0	0.16235
21435.0	0.16217
21440.0	0.16198900000000002
21445.0	0.16180799999999998
21450.0	0.161628
21455.0	0.161447
21460.0	0.161267
21465.0	0.16108699999999998
21470.0	0.160907
21475.0	0.160727
21480.0	0.160548
21485.0	0.160368
21490.0	0.160189
21495.0	0.16000899999999998
21500.0	0.15983
21505.0	0.159651
21510.0	0.159472
21515.0	0.15929300000000002
21520.0	0.159115
21525.0	0.158936
21530.0	0.15875799999999998
21535.0	0.15858
21540.0	0.158401
21545.0	0.158223
21550.0	0.158046
21555.0	0.157868
21560.0	0.15769
21565.0	0.15751300000000001
21570.0	0.157335
21575.0	0.157158
21580.0	0.15698099999999998
21585.0	0.156804
21590.0	0.156627
21595.0	0.156451
21600.0	0.156274
21605.0	0.15609800000000001
21610.0	0.155922
21615.0	0.155745
21620.0	0.155569
21625.0	0.155394
21630.0	0.155218
21635.0	0.155042
21640.0	0.154867
21645.0	0.154691
21650.0	0.15451600000000001
21655.0	0.154341
21660.0	0.154166
21665.0	0.15399100000000002
21670.0	0.153817
21675.0	0.153642
21680.0	0.153468
21685.0	0.153294
21690.0	0.15312
21695.0	0.152946
21700.0	0.152772
21705.0	0.152598
21710.0	0.152424
21715.0	0.152251
21720.0	0.152078
21725.0	0.15190499999999998
21730.0	0.151732
21735.0	0.151559
21740.0	0.151386
21745.0	0.15121300000000001
21750.0	0.151041
21755.0	0.150869
21760.0	0.150697
21765.0	0.150525
21770.0	0.150353
21775.0	0.15018099999999998
21780.0	0.150009
21785.0	0.149838
21790.0	0.149667
21795.0	0.14949500000000002
21800.0	0.149324
21805.0	0.149153
21810.0	0.148983
21815.0	0.148812
21820.0	0.148642
21825.0	0.148471
21830.0	0.148301
21835.0	0.14813099999999998
21840.0	0.14796099999999998
21845.0	0.147791
21850.0	0.147622
21855.0	0.147452
21860.0	0.147283
21865.0	0.14711400000000002
21870.0	0.146945
21875.0	0.146776
21880.0	0.146607
21885.0	0.146439
21890.0	0.14627
21895.0	0.146102
21900.0	0.14593399999999998
21905.0	0.145766
21910.0	0.145598
21915.0	0.14543
21920.0	0.145262
21925.0	0.145095
21930.0	0.144928
21935.0	0.144761
21940.0	0.144594
21945.0	0.144427
21950.0	0.14426
21955.0	0.144093
21960.0	0.143927
21965.0	0.143761
21970.0	0.143595
21975.0	0.143429
21980.0	0.143263
21985.0	0.143097
21990.0	0.142931
21995.0	0.142766
22000.0	0.142601
22005.0	0.14243599999999998
22010.0	0.142271
22015.0	0.14210599999999998
22020.0	0.141941
22025.0	0.14177599999999999
22030.0	0.141612
22035.0	0.141448
22040.0	0.141284
22045.0	0.14112
22050.0	0.140956
22055.0	0.140792
22060.0	0.140628
22065.0	0.140465
22070.0	0.140302
22075.0	0.140139
22080.0	0.139976
22085.0	0.13981300000000002
22090.0	0.13965
22095.0	0.139488
22100.0	0.139325
22105.0	0.139163
22110.0	0.13900099999999999
22115.0	0.13883900000000002
22120.0	0.138677
22125.0	0.138515
22130.0	0.138353
22135.0	0.138192
22140.0	0.138031
22145.0	0.13787
22150.0	0.137709
22155.0	0.137548
22160.0	0.13738699999999998
22165.0	0.137226
22170.0	0.13706600000000002
22175.0	0.136906
22180.0	0.136746
22185.0	0.13658599999999999
22190.0	0.136426
22195.0	0.136266
22200.0	0.136106
22205.0	0.135947
22210.0	0.13578800000000002
22215.0	0.135628
22220.0	0.135469
22225.0	0.135311
22230.0	0.135152
22235.0	0.134993
22240.0	0.13483499999999998
22245.0	0.134676
22250.0	0.134518
22255.0	0.13435999999999998
22260.0	0.134202
22265.0	0.134045
22270.0	0.13388699999999998
22275.0	0.13373
22280.0	0.133572
22285.0	0.133415
22290.0	0.133258
22295.0	0.133101
22300.0	0.132944
22305.0	0.13278800000000002
22310.0	0.132631
22315.0	0.132475
22320.0	0.132319
22325.0	0.132162
22330.0	0.13200699999999999
22335.0	0.131851
22340.0	0.131695
22345.0	0.13154000000000002
22350.0	0.131384
22355.0	0.13122899999999998
22360.0	0.131074
22365.0	0.130919
22370.0	0.13076400000000002
22375.0	0.130609
22380.0	0.130455
22385.0	0.1303
22390.0	0.130146
22395.0	0.129992
22400.0	0.129838
22405.0	0.129684
22410.0	0.129531
22415.0	0.129377
22420.0	0.129224
22425.0	0.12907000000000002
22430.0	0.128917
22435.0	0.12876400000000002
22440.0	0.128611
22445.0	0.128458
22450.0	0.128306
22455.0	0.128153
22460.0	0.128001
22465.0	0.127849
22470.0	0.127697
22475.0	0.127545
22480.0	0.127393
22485.0	0.127242
22490.0	0.12709
22495.0	0.126939
22500.0	0.12678699999999998
22505.0	0.126636
22510.0	0.126485
22515.0	0.126335
22520.0	0.126184
22525.0	0.126033
22530.0	0.125883
22535.0	0.12573299999999998
22540.0	0.125583
22545.0	0.125433
22550.0	0.125283
22555.0	0.125133
22560.0	0.124984
22565.0	0.12483399999999999
22570.0	0.12468499999999999
22575.0	0.124536
22580.0	0.12438699999999998
22585.0	0.12423800000000002
22590.0	0.124089
22595.0	0.12394000000000001
22600.0	0.12379200000000001
22605.0	0.123644
22610.0	0.12349500000000001
22615.0	0.123347
22620.0	0.123199
22625.0	0.123052
22630.0	0.122904
22635.0	0.12275599999999999
22640.0	0.122609
22645.0	0.12246199999999999
22650.0	0.12231500000000001
22655.0	0.12216800000000001
22660.0	0.122021
22665.0	0.121874
22670.0	0.121728
22675.0	0.121581
22680.0	0.12143499999999999
22685.0	0.12128900000000001
22690.0	0.121143
22695.0	0.12099700000000001
22700.0	0.120851
22705.0	0.120706
22710.0	0.12055999999999999
22715.0	0.12041500000000001
22720.0	0.12027
22725.0	0.120124
22730.0	0.119979
22735.0	0.119835
22740.0	0.11969
22745.0	0.119545
22750.0	0.119401
22755.0	0.11925699999999999
22760.0	0.11911300000000001
22765.0	0.118969
22770.0	0.118825
22775.0	0.118681
22780.0	0.118538
22785.0	0.118394
22790.0	0.118251
22795.0	0.11810799999999999
22800.0	0.11796500000000001
22805.0	0.117822
22810.0	0.11767899999999999
22815.0	0.11753599999999999
22820.0	0.11739400000000001
22825.0	0.117251
22830.0	0.11710899999999999
22835.0	0.116967
22840.0	0.116825
22845.0	0.116683
22850.0	0.116541
22855.0	0.1164
22860.0	0.11625799999999999
22865.0	0.11611700000000001
22870.0	0.115976
22875.0	0.115835
22880.0	0.115694
22885.0	0.115553
22890.0	0.11541199999999999
22895.0	0.115272
22900.0	0.115132
22905.0	0.11499100000000001
22910.0	0.114851
22915.0	0.114711
22920.0	0.114571
22925.0	0.11443199999999999
22930.0	0.114292
22935.0	0.11415299999999999
22940.0	0.11401300000000002
22945.0	0.113874
22950.0	0.11373499999999999
22955.0	0.113596
22960.0	0.11345699999999999
22965.0	0.113319
22970.0	0.11317999999999999
22975.0	0.113042
22980.0	0.11290399999999999
22985.0	0.112765
22990.0	0.11262799999999999
22995.0	0.11249
23000.0	0.112352
23005.0	0.11221400000000001
23010.0	0.112077
23015.0	0.11194000000000001
23020.0	0.111802
23025.0	0.11166500000000001
23030.0	0.111528
23035.0	0.111392
23040.0	0.11125499999999999
23045.0	0.11111800000000001
23050.0	0.110982
23055.0	0.110846
23060.0	0.11070999999999999
23065.0	0.110574
23070.0	0.11043800000000001
23075.0	0.110302
23080.0	0.11016600000000001
23085.0	0.11003099999999999
23090.0	0.109895
23095.0	0.10976
23100.0	0.109625
23105.0	0.10949
23110.0	0.109355
23115.0	0.109221
23120.0	0.10908599999999999
23125.0	0.108952
23130.0	0.10881700000000001
23135.0	0.10868299999999999
23140.0	0.108549
23145.0	0.10841500000000001
23150.0	0.10828099999999999
23155.0	0.10814800000000001
23160.0	0.10801400000000001
23165.0	0.10788099999999999
23170.0	0.107748
23175.0	0.10761400000000002
23180.0	0.107481
23185.0	0.107348
23190.0	0.107216
23195.0	0.107083
23200.0	0.106951
23205.0	0.10681800000000001
23210.0	0.10668599999999999
23215.0	0.106554
23220.0	0.106422
23225.0	0.10629000000000001
23230.0	0.10615799999999999
23235.0	0.106027
23240.0	0.105895
23245.0	0.10576400000000001
23250.0	0.10563299999999999
23255.0	0.105502
23260.0	0.105371
23265.0	0.10524000000000001
23270.0	0.105109
23275.0	0.104979
23280.0	0.104848
23285.0	0.104718
23290.0	0.10458800000000001
23295.0	0.104458
23300.0	0.104328
23305.0	0.104198
23310.0	0.10406900000000001
23315.0	0.103939
23320.0	0.10380999999999999
23325.0	0.10368
23330.0	0.103551
23335.0	0.103422
23340.0	0.10329300000000001
23345.0	0.103165
23350.0	0.10303599999999999
23355.0	0.102908
23360.0	0.102779
23365.0	0.10265099999999999
23370.0	0.102523
23375.0	0.102395
23380.0	0.102267
23385.0	0.102139
23390.0	0.102012
23395.0	0.101884
23400.0	0.101757
23405.0	0.10163
23410.0	0.101503
23415.0	0.101376
23420.0	0.101249
23425.0	0.101122
23430.0	0.100996
23435.0	0.100869
23440.0	0.100743
23445.0	0.100617
23450.0	0.10049
23455.0	0.100365
23460.0	0.100239
23465.0	0.100113
23470.0	0.099987
23475.0	0.099862
23480.0	0.099737
23485.0	0.099612
23490.0	0.099487
23495.0	0.099362
23500.0	0.099237
23505.0	0.099112
23510.0	0.09898799999999999
23515.0	0.098863
23520.0	0.098739
23525.0	0.098615
23530.0	0.098491
23535.0	0.098367
23540.0	0.098243
23545.0	0.09811900000000001
23550.0	0.097996
23555.0	0.097872
23560.0	0.097749
23565.0	0.097626
23570.0	0.09750299999999999
23575.0	0.09738
23580.0	0.09725700000000001
23585.0	0.097134
23590.0	0.097012
23595.0	0.096889
23600.0	0.09676699999999999
23605.0	0.09664500000000001
23610.0	0.096523
23615.0	0.096401
23620.0	0.09627899999999999
23625.0	0.09615800000000001
23630.0	0.096036
23635.0	0.095915
23640.0	0.09579299999999999
23645.0	0.09567200000000001
23650.0	0.095551
23655.0	0.09543
23660.0	0.095309
23665.0	0.095189
23670.0	0.095068
23675.0	0.094948
23680.0	0.094827
23685.0	0.094707
23690.0	0.094587
23695.0	0.094467
23700.0	0.094348
23705.0	0.09422799999999999
23710.0	0.094108
23715.0	0.093989
23720.0	0.09387000000000001
23725.0	0.09375
23730.0	0.09363099999999999
23735.0	0.093512
23740.0	0.093394
23745.0	0.093275
23750.0	0.09315599999999999
23755.0	0.093038
23760.0	0.09292
23765.0	0.092801
23770.0	0.092683
23775.0	0.092565
23780.0	0.092448
23785.0	0.09233
23790.0	0.092212
23795.0	0.09209500000000001
23800.0	0.091978
23805.0	0.09186
23810.0	0.09174299999999999
23815.0	0.091626
23820.0	0.09150900000000001
23825.0	0.09139299999999999
23830.0	0.091276
23835.0	0.09116
23840.0	0.091043
23845.0	0.090927
23850.0	0.090811
23855.0	0.090695
23860.0	0.09057899999999999
23865.0	0.090463
23870.0	0.090348
23875.0	0.090232
23880.0	0.090117
23885.0	0.090002
23890.0	0.089887
23895.0	0.089772
23900.0	0.089657
23905.0	0.089542
23910.0	0.08942699999999999
23915.0	0.089313
23920.0	0.089198
23925.0	0.089084
23930.0	0.08897000000000001
23935.0	0.08885599999999999
23940.0	0.088742
23945.0	0.088628
23950.0	0.088515
23955.0	0.088401
23960.0	0.088288
23965.0	0.088174
23970.0	0.088061
23975.0	0.087948
23980.0	0.087835
23985.0	0.08772200000000001
23990.0	0.08761000000000001
23995.0	0.087497
24000.0	0.087385
24005.0	0.087272
24010.0	0.08716
24015.0	0.087048
24020.0	0.086936
24025.0	0.086824
24030.0	0.086712
24035.0	0.086601
24040.0	0.086489
24045.0	0.086378
24050.0	0.086267
24055.0	0.086156
24060.0	0.08604500000000001
24065.0	0.085934
24070.0	0.085823
24075.0	0.085712
24080.0	0.085602
24085.0	0.085491
24090.0	0.085381
24095.0	0.085271
24100.0	0.085161
24105.0	0.085051
24110.0	0.084941
24115.0	0.08483099999999999
24120.0	0.084722
24125.0	0.084612
24130.0	0.084503
24135.0	0.08439400000000001
24140.0	0.084285
24145.0	0.084176
24150.0	0.084067
24155.0	0.083958
24160.0	0.083849
24165.0	0.083741
24170.0	0.08363200000000001
24175.0	0.083524
24180.0	0.08341599999999999
24185.0	0.08330800000000001
24190.0	0.0832
24195.0	0.083092
24200.0	0.082985
24205.0	0.08287699999999999
24210.0	0.08277000000000001
24215.0	0.082662
24220.0	0.08255499999999999
24225.0	0.08244800000000001
24230.0	0.082341
24235.0	0.082234
24240.0	0.08212699999999999
24245.0	0.08202100000000001
24250.0	0.081914
24255.0	0.081808
24260.0	0.081702
24265.0	0.081596
24270.0	0.08148899999999999
24275.0	0.081384
24280.0	0.081278
24285.0	0.08117200000000001
24290.0	0.081067
24295.0	0.080961
24300.0	0.080856
24305.0	0.080751
24310.0	0.08064500000000001
24315.0	0.080541
24320.0	0.08043600000000001
24325.0	0.080331
24330.0	0.080226
24335.0	0.080122
24340.0	0.08001699999999999
24345.0	0.079913
24350.0	0.079809
24355.0	0.079705
24360.0	0.079601
24365.0	0.079497
24370.0	0.079394
24375.0	0.07929
24380.0	0.079186
24385.0	0.079083
24390.0	0.07898
24395.0	0.078877
24400.0	0.078774
24405.0	0.078671
24410.0	0.078568
24415.0	0.078466
24420.0	0.078363
24425.0	0.078261
24430.0	0.078158
24435.0	0.078056
24440.0	0.077954
24445.0	0.077852
24450.0	0.07775
24455.0	0.077649
24460.0	0.077547
24465.0	0.077445
24470.0	0.07734400000000001
24475.0	0.07724299999999999
24480.0	0.077142
24485.0	0.077041
24490.0	0.07694
24495.0	0.076839
24500.0	0.076738
24505.0	0.076638
24510.0	0.076537
24515.0	0.076437
24520.0	0.076337
24525.0	0.076237
24530.0	0.076137
24535.0	0.07603700000000001
24540.0	0.075937
24545.0	0.075837
24550.0	0.075738
24555.0	0.075638
24560.0	0.075539
24565.0	0.07544
24570.0	0.07534099999999999
24575.0	0.07524199999999999
24580.0	0.075143
24585.0	0.075044
24590.0	0.074946
24595.0	0.074847
24600.0	0.074749
24605.0	0.07465
24610.0	0.074552
24615.0	0.07445399999999999
24620.0	0.07435599999999999
24625.0	0.074258
24630.0	0.074161
24635.0	0.074063
24640.0	0.07396599999999999
24645.0	0.07386799999999999
24650.0	0.073771
24655.0	0.073674
24660.0	0.073577
24665.0	0.07347999999999999
24670.0	0.073383
24675.0	0.073286
24680.0	0.07318999999999999
24685.0	0.07309299999999999
24690.0	0.072997
24695.0	0.072901
24700.0	0.072804
24705.0	0.07270800000000001
24710.0	0.072613
24715.0	0.072517
24720.0	0.072421
24725.0	0.072325
24730.0	0.07222999999999999
24735.0	0.072135
24740.0	0.07203899999999999
24745.0	0.07194400000000001
24750.0	0.071849
24755.0	0.071754
24760.0	0.07166
24765.0	0.071565
24770.0	0.07147
24775.0	0.071376
24780.0	0.071282
24785.0	0.071187
24790.0	0.07109299999999999
24795.0	0.070999
24800.0	0.070905
24805.0	0.070812
24810.0	0.07071799999999999
24815.0	0.070624
24820.0	0.070531
24825.0	0.070438
24830.0	0.070344
24835.0	0.070251
24840.0	0.070158
24845.0	0.070065
24850.0	0.069972
24855.0	0.06988
24860.0	0.069787
24865.0	0.06969500000000001
24870.0	0.069602
24875.0	0.06951
24880.0	0.069418
24885.0	0.069326
24890.0	0.069234
24895.0	0.069142
24900.0	0.069051
24905.0	0.068959
24910.0	0.068868
24915.0	0.068776
24920.0	0.068685
24925.0	0.068594
24930.0	0.068503
24935.0	0.068412
24940.0	0.068321
24945.0	0.068231
24950.0	0.06813999999999999
24955.0	0.06805
24960.0	0.067959
24965.0	0.067869
24970.0	0.06777899999999999
24975.0	0.067689
24980.0	0.067599
24985.0	0.067509
24990.0	0.067419
24995.0	0.06733
25000.0	0.0
