#wave	flux
1150.0	0.0
1155.0	0.0
1160.0	0.0
1165.0	0.0
1170.0	0.0
1175.0	0.0
1180.0	0.0
1185.0	0.0
1190.0	0.0
1195.0	0.0
1200.0	0.0
1205.0	0.0
1210.0	0.0
1215.0	0.0
1220.0	0.0
1225.0	0.0
1230.0	0.0
1235.0	0.0
1240.0	0.0
1245.0	0.0
1250.0	0.0
1255.0	0.0
1260.0	0.0
1265.0	0.0
1270.0	0.0
1275.0	0.0
1280.0	0.0
1285.0	0.0
1290.0	0.0
1295.0	0.0
1300.0	0.0
1305.0	0.0
1310.0	0.0
1315.0	0.0
1320.0	0.0
1325.0	0.0
1330.0	0.0
1335.0	0.0
1340.0	0.0
1345.0	0.0
1350.0	0.0
1355.0	0.0
1360.0	0.0
1365.0	0.0
1370.0	0.0
1375.0	0.0
1380.0	0.0
1385.0	0.0
1390.0	0.0
1395.0	0.0
1400.0	0.0
1405.0	0.0
1410.0	0.0
1415.0	0.0
1420.0	0.0
1425.0	0.0
1430.0	0.0
1435.0	0.0
1440.0	0.0
1445.0	0.0
1450.0	0.0
1455.0	0.0
1460.0	0.0
1465.0	0.0
1470.0	0.0
1475.0	0.0
1480.0	0.0
1485.0	0.0
1490.0	0.0
1495.0	0.0
1500.0	0.0
1505.0	0.0
1510.0	0.0
1515.0	0.0
1520.0	0.0
1525.0	0.0
1530.0	0.0
1535.0	0.0
1540.0	0.0
1545.0	0.0
1550.0	0.0
1555.0	0.0
1560.0	0.0
1565.0	0.0
1570.0	0.0
1575.0	0.0
1580.0	0.0
1585.0	0.0
1590.0	0.0
1595.0	0.0
1600.0	0.0
1605.0	0.0
1610.0	0.0
1615.0	0.0
1620.0	0.0
1625.0	0.0
1630.0	0.0
1635.0	0.0
1640.0	0.0
1645.0	0.0
1650.0	0.0
1655.0	0.0
1660.0	0.0
1665.0	0.0
1670.0	0.0
1675.0	0.0
1680.0	0.0
1685.0	0.0
1690.0	0.0
1695.0	0.0
1700.0	0.0
1705.0	0.0
1710.0	0.0
1715.0	0.0
1720.0	0.0
1725.0	0.0
1730.0	0.0
1735.0	0.0
1740.0	0.0
1745.0	0.0
1750.0	0.0
1755.0	0.0
1760.0	0.0
1765.0	0.0
1770.0	0.0
1775.0	0.0
1780.0	0.0
1785.0	0.0
1790.0	0.0
1795.0	0.0
1800.0	0.0
1805.0	0.0
1810.0	0.0
1815.0	0.0
1820.0	0.0
1825.0	0.0
1830.0	0.0
1835.0	0.0
1840.0	0.0
1845.0	0.0
1850.0	0.0
1855.0	0.0
1860.0	0.0
1865.0	0.0
1870.0	0.0
1875.0	0.0
1880.0	0.0
1885.0	0.0
1890.0	0.0
1895.0	0.0
1900.0	0.0
1905.0	0.0
1910.0	0.0
1915.0	0.0
1920.0	0.0
1925.0	0.0
1930.0	0.0
1935.0	0.0
1940.0	0.0
1945.0	0.0
1950.0	0.0
1955.0	0.0
1960.0	0.0
1965.0	0.0
1970.0	0.0
1975.0	0.0
1980.0	0.0
1985.0	0.0
1990.0	0.0
1995.0	0.0
2000.0	0.0
2005.0	0.0
2010.0	0.0
2015.0	0.0
2020.0	0.0
2025.0	0.0
2030.0	0.0
2035.0	0.0
2040.0	0.0
2045.0	0.0
2050.0	0.0
2055.0	0.0
2060.0	0.0
2065.0	0.0
2070.0	0.0
2075.0	0.0
2080.0	0.0
2085.0	0.0
2090.0	0.0
2095.0	0.0
2100.0	0.0
2105.0	0.0
2110.0	0.0
2115.0	0.0
2120.0	0.0
2125.0	0.0
2130.0	0.0
2135.0	0.0
2140.0	0.0
2145.0	0.0
2150.0	0.0
2155.0	0.0
2160.0	0.0
2165.0	0.0
2170.0	0.0
2175.0	0.0
2180.0	0.0
2185.0	0.0
2190.0	0.0
2195.0	0.0
2200.0	0.0
2205.0	0.0
2210.0	0.0
2215.0	0.0
2220.0	0.0
2225.0	0.0
2230.0	0.0
2235.0	0.0
2240.0	0.0
2245.0	0.0
2250.0	0.0
2255.0	0.0
2260.0	0.0
2265.0	0.0
2270.0	0.0
2275.0	0.0
2280.0	0.0
2285.0	0.0
2290.0	0.0
2295.0	0.0
2300.0	0.0
2305.0	0.0
2310.0	0.0
2315.0	0.0
2320.0	0.0
2325.0	0.0
2330.0	0.0
2335.0	0.0
2340.0	0.0
2345.0	0.0
2350.0	0.0
2355.0	0.0
2360.0	0.0
2365.0	0.0
2370.0	0.0
2375.0	0.0
2380.0	0.0
2385.0	0.0
2390.0	0.0
2395.0	0.0
2400.0	0.0
2405.0	0.0
2410.0	0.0
2415.0	0.0
2420.0	0.0
2425.0	0.0
2430.0	0.0
2435.0	0.0
2440.0	0.0
2445.0	0.0
2450.0	0.0
2455.0	0.0
2460.0	0.0
2465.0	0.0
2470.0	0.0
2475.0	0.0
2480.0	0.0
2485.0	0.0
2490.0	0.0
2495.0	0.0
2500.0	0.0
2505.0	0.0
2510.0	0.0
2515.0	0.0
2520.0	0.0
2525.0	0.0
2530.0	0.0
2535.0	0.0
2540.0	0.0
2545.0	0.0
2550.0	0.0
2555.0	0.0
2560.0	0.0
2565.0	1e-06
2570.0	1e-06
2575.0	1e-06
2580.0	1e-06
2585.0	1e-06
2590.0	1e-06
2595.0	0.0
2600.0	0.0
2605.0	0.0
2610.0	0.0
2615.0	0.0
2620.0	0.0
2625.0	0.0
2630.0	0.0
2635.0	0.0
2640.0	0.0
2645.0	0.0
2650.0	0.0
2655.0	2e-06
2660.0	5e-06
2665.0	7.000000000000001e-06
2670.0	9e-06
2675.0	1.1e-05
2680.0	1.2e-05
2685.0	1.1e-05
2690.0	9e-06
2695.0	6e-06
2700.0	0.0
2705.0	0.0
2710.0	0.0
2715.0	0.0
2720.0	0.0
2725.0	0.0
2730.0	0.0
2735.0	0.0
2740.0	0.0
2745.0	0.0
2750.0	0.0
2755.0	2.8999999999999997e-05
2760.0	6.3e-05
2765.0	9.8e-05
2770.0	0.000129
2775.0	0.000151
2780.0	0.000162
2785.0	0.000156
2790.0	0.00013000000000000002
2795.0	8e-05
2800.0	0.0
2805.0	0.0
2810.0	0.0
2815.0	0.0
2820.0	0.0
2825.0	0.0
2830.0	0.0
2835.0	0.0
2840.0	0.0
2845.0	0.0
2850.0	0.0
2855.0	0.000414
2860.0	0.0009279999999999999
2865.0	0.001519
2870.0	0.002164
2875.0	0.002838
2880.0	0.0035189999999999996
2885.0	0.004184
2890.0	0.004809000000000001
2895.0	0.005370000000000001
2900.0	0.005843999999999999
2905.0	0.006215
2910.0	0.006489
2915.0	0.006679999999999999
2920.0	0.006801000000000001
2925.0	0.006866
2930.0	0.006887999999999999
2935.0	0.006881
2940.0	0.0068579999999999995
2945.0	0.0068319999999999995
2950.0	0.006818
2955.0	0.0068260000000000005
2960.0	0.006856999999999999
2965.0	0.0069099999999999995
2970.0	0.006984000000000001
2975.0	0.007077
2980.0	0.007189
2985.0	0.007317000000000001
2990.0	0.007462000000000001
2995.0	0.00762
3000.0	0.007792
3005.0	0.007977
3010.0	0.008177
3015.0	0.008395
3020.0	0.008634999999999999
3025.0	0.0089
3030.0	0.009193999999999999
3035.0	0.009518
3040.0	0.009878
3045.0	0.010275
3050.0	0.010714
3055.0	0.011197
3060.0	0.011724
3065.0	0.012296
3070.0	0.012912
3075.0	0.013572
3080.0	0.014275999999999999
3085.0	0.015024000000000001
3090.0	0.015816
3095.0	0.016653
3100.0	0.017532
3105.0	0.018456999999999998
3110.0	0.019428
3115.0	0.020447999999999997
3120.0	0.021521000000000002
3125.0	0.022649000000000002
3130.0	0.023835
3135.0	0.025083
3140.0	0.026394
3145.0	0.027773000000000003
3150.0	0.029220999999999997
3155.0	0.030733999999999997
3160.0	0.050722
3165.0	0.051555
3170.0	0.05202999999999999
3175.0	0.051736000000000004
3180.0	0.050023000000000005
3185.0	0.04674
3190.0	0.043946
3195.0	0.043424000000000004
3200.0	0.046352
3205.0	0.045139
3210.0	0.04626
3215.0	0.052217999999999994
3220.0	0.054345000000000004
3225.0	0.044617000000000004
3230.0	0.028773000000000003
3235.0	0.016031
3240.0	0.015768
3245.0	0.032801
3250.0	0.053537
3255.0	0.063707
3260.0	0.06474099999999999
3265.0	0.061938
3270.0	0.060381
3275.0	0.063606
3280.0	0.06917999999999999
3285.0	0.073697
3290.0	0.07582
3295.0	0.074739
3300.0	0.069668
3305.0	0.061823
3310.0	0.060377999999999994
3315.0	0.071663
3320.0	0.08267100000000001
3325.0	0.081112
3330.0	0.076896
3335.0	0.081259
3340.0	0.088534
3345.0	0.090494
3350.0	0.085565
3355.0	0.075504
3360.0	0.068735
3365.0	0.071884
3370.0	0.077697
3375.0	0.078661
3380.0	0.08009
3385.0	0.08781699999999999
3390.0	0.09690700000000001
3395.0	0.101159
3400.0	0.10005499999999999
3405.0	0.095386
3410.0	0.0925
3415.0	0.095225
3420.0	0.097754
3425.0	0.094428
3430.0	0.08980700000000001
3435.0	0.088681
3440.0	0.08653200000000001
3445.0	0.079484
3450.0	0.075541
3455.0	0.081735
3460.0	0.08934
3465.0	0.089402
3470.0	0.087796
3475.0	0.091031
3480.0	0.093293
3485.0	0.089132
3490.0	0.086864
3495.0	0.09445
3500.0	0.10465899999999999
3505.0	0.108555
3510.0	0.10556099999999999
3515.0	0.098549
3520.0	0.095816
3525.0	0.10380299999999999
3530.0	0.116101
3535.0	0.124795
3540.0	0.12879300000000002
3545.0	0.128229
3550.0	0.12131800000000001
3555.0	0.107537
3560.0	0.093334
3565.0	0.08486
3570.0	0.080118
3575.0	0.076254
3580.0	0.075127
3585.0	0.078442
3590.0	0.082584
3595.0	0.083734
3600.0	0.082571
3605.0	0.081295
3610.0	0.083663
3615.0	0.091744
3620.0	0.099288
3625.0	0.10029199999999999
3630.0	0.098063
3635.0	0.09739400000000001
3640.0	0.099723
3645.0	0.105797
3650.0	0.116948
3655.0	0.132261
3660.0	0.141259
3665.0	0.135113
3670.0	0.12115799999999999
3675.0	0.10958599999999999
3680.0	0.105871
3685.0	0.11174
3690.0	0.11864100000000001
3695.0	0.118243
3700.0	0.11336600000000001
3705.0	0.108545
3710.0	0.10404000000000001
3715.0	0.099339
3720.0	0.095105
3725.0	0.091596
3730.0	0.086284
3735.0	0.078162
3740.0	0.075103
3745.0	0.08303300000000001
3750.0	0.091211
3755.0	0.090047
3760.0	0.09121599999999999
3765.0	0.106254
3770.0	0.124899
3775.0	0.134484
3780.0	0.13453199999999998
3785.0	0.128374
3790.0	0.12237999999999999
3795.0	0.12166199999999999
3800.0	0.123274
3805.0	0.122708
3810.0	0.11728399999999999
3815.0	0.10622899999999999
3820.0	0.094578
3825.0	0.088124
3830.0	0.089878
3835.0	0.100324
3840.0	0.11264300000000001
3845.0	0.119424
3850.0	0.118225
3855.0	0.11030899999999999
3860.0	0.106795
3865.0	0.11507
3870.0	0.117719
3875.0	0.1004
3880.0	0.085852
3885.0	0.096498
3890.0	0.116397
3895.0	0.125878
3900.0	0.128693
3905.0	0.13184300000000002
3910.0	0.131884
3915.0	0.125086
3920.0	0.117025
3925.0	0.114014
3930.0	0.11603800000000002
3935.0	0.121029
3940.0	0.12507200000000002
3945.0	0.12517
3950.0	0.123866
3955.0	0.12494300000000001
3960.0	0.13159
3965.0	0.145343
3970.0	0.16170199999999998
3975.0	0.176117
3980.0	0.189872
3985.0	0.20469600000000002
3990.0	0.21826500000000001
3995.0	0.228015
4000.0	0.234477
4005.0	0.2393
4010.0	0.24550300000000003
4015.0	0.254623
4020.0	0.260878
4025.0	0.258482
4030.0	0.24893200000000001
4035.0	0.237436
4040.0	0.23674699999999999
4045.0	0.254974
4050.0	0.274081
4055.0	0.276246
4060.0	0.270633
4065.0	0.270072
4070.0	0.27505
4075.0	0.283788
4080.0	0.297782
4085.0	0.315919
4090.0	0.323392
4095.0	0.309245
4100.0	0.291625
4105.0	0.289692
4110.0	0.297548
4115.0	0.30537800000000004
4120.0	0.312754
4125.0	0.319954
4130.0	0.320708
4135.0	0.3111
4140.0	0.303178
4145.0	0.308199
4150.0	0.318294
4155.0	0.32324899999999995
4160.0	0.322598
4165.0	0.318529
4170.0	0.31408800000000003
4175.0	0.311862
4180.0	0.311761
4185.0	0.312736
4190.0	0.312575
4195.0	0.310225
4200.0	0.310434
4205.0	0.31427
4210.0	0.30229
4215.0	0.25954299999999997
4220.0	0.209533
4225.0	0.181265
4230.0	0.18727
4235.0	0.22723600000000002
4240.0	0.265947
4245.0	0.27255
4250.0	0.268529
4255.0	0.279617
4260.0	0.296189
4265.0	0.303077
4270.0	0.298283
4275.0	0.285518
4280.0	0.278158
4285.0	0.28594400000000003
4290.0	0.294412
4295.0	0.29054800000000003
4300.0	0.29132800000000003
4305.0	0.31422100000000003
4310.0	0.348657
4315.0	0.378811
4320.0	0.395872
4325.0	0.397532
4330.0	0.400505
4335.0	0.41851700000000003
4340.0	0.43433299999999997
4345.0	0.431093
4350.0	0.424414
4355.0	0.431399
4360.0	0.44264499999999996
4365.0	0.444225
4370.0	0.430655
4375.0	0.404452
4380.0	0.391714
4385.0	0.41226
4390.0	0.43721400000000005
4395.0	0.43723999999999996
4400.0	0.429867
4405.0	0.437204
4410.0	0.45283
4415.0	0.464579
4420.0	0.46583900000000006
4425.0	0.45674499999999996
4430.0	0.45888900000000005
4435.0	0.487374
4440.0	0.5099229999999999
4445.0	0.496697
4450.0	0.47501400000000005
4455.0	0.47877
4460.0	0.511013
4465.0	0.562653
4470.0	0.606867
4475.0	0.6218100000000001
4480.0	0.62327
4485.0	0.630497
4490.0	0.638949
4495.0	0.642163
4500.0	0.649783
4505.0	0.668926
4510.0	0.680505
4515.0	0.665283
4520.0	0.629649
4525.0	0.588344
4530.0	0.563918
4535.0	0.5740850000000001
4540.0	0.6094229999999999
4545.0	0.654625
4550.0	0.697983
4555.0	0.7301489999999999
4560.0	0.7476229999999999
4565.0	0.75046
4570.0	0.747116
4575.0	0.745924
4580.0	0.746332
4585.0	0.746341
4590.0	0.747052
4595.0	0.751061
4600.0	0.763841
4605.0	0.786917
4610.0	0.803137
4615.0	0.7985220000000001
4620.0	0.7904770000000001
4625.0	0.796009
4630.0	0.799172
4635.0	0.783388
4640.0	0.7625149999999999
4645.0	0.753369
4650.0	0.754171
4655.0	0.758614
4660.0	0.760897
4665.0	0.757417
4670.0	0.7528819999999999
4675.0	0.7530939999999999
4680.0	0.759937
4685.0	0.771487
4690.0	0.774529
4695.0	0.759668
4700.0	0.744084
4705.0	0.745428
4710.0	0.756656
4715.0	0.7659779999999999
4720.0	0.767303
4725.0	0.7582909999999999
4730.0	0.745889
4735.0	0.737685
4740.0	0.734531
4745.0	0.733112
4750.0	0.720194
4755.0	0.686014
4760.0	0.6446270000000001
4765.0	0.6128899999999999
4770.0	0.5950340000000001
4775.0	0.5913189999999999
4780.0	0.598731
4785.0	0.6140899999999999
4790.0	0.636829
4795.0	0.665858
4800.0	0.695381
4805.0	0.718485
4810.0	0.728513
4815.0	0.721673
4820.0	0.705386
4825.0	0.689263
4830.0	0.680465
4835.0	0.684046
4840.0	0.699075
4845.0	0.7208180000000001
4850.0	0.735302
4855.0	0.731432
4860.0	0.71885
4865.0	0.7090380000000001
4870.0	0.700095
4875.0	0.68895
4880.0	0.681245
4885.0	0.683724
4890.0	0.6988409999999999
4895.0	0.724057
4900.0	0.74115
4905.0	0.7359359999999999
4910.0	0.726053
4915.0	0.730833
4920.0	0.744548
4925.0	0.757177
4930.0	0.7665649999999999
4935.0	0.772323
4940.0	0.7732720000000001
4945.0	0.7673399999999999
4950.0	0.7496729999999999
4955.0	0.720076
4960.0	0.6997680000000001
4965.0	0.705613
4970.0	0.715633
4975.0	0.7060649999999999
4980.0	0.684856
4985.0	0.666042
4990.0	0.656289
4995.0	0.656593
5000.0	0.652628
5005.0	0.6337189999999999
5010.0	0.619121
5015.0	0.6272770000000001
5020.0	0.643433
5025.0	0.649317
5030.0	0.645778
5035.0	0.638567
5040.0	0.6339090000000001
5045.0	0.6355930000000001
5050.0	0.6371680000000001
5055.0	0.631733
5060.0	0.620799
5065.0	0.607845
5070.0	0.595804
5075.0	0.5872350000000001
5080.0	0.583739
5085.0	0.585377
5090.0	0.587013
5095.0	0.583665
5100.0	0.576176
5105.0	0.5672520000000001
5110.0	0.5612229999999999
5115.0	0.560634
5120.0	0.559253
5125.0	0.553171
5130.0	0.556527
5135.0	0.579443
5140.0	0.5979140000000001
5145.0	0.589929
5150.0	0.575589
5155.0	0.57533
5160.0	0.568811
5165.0	0.53565
5170.0	0.49605600000000005
5175.0	0.47644899999999996
5180.0	0.48748
5185.0	0.5280859999999999
5190.0	0.566108
5195.0	0.572665
5200.0	0.56308
5205.0	0.5627439999999999
5210.0	0.59311
5215.0	0.662088
5220.0	0.727358
5225.0	0.7502909999999999
5230.0	0.757261
5235.0	0.779934
5240.0	0.806149
5245.0	0.815623
5250.0	0.799419
5255.0	0.756754
5260.0	0.708104
5265.0	0.6781520000000001
5270.0	0.687145
5275.0	0.742162
5280.0	0.802049
5285.0	0.826463
5290.0	0.826533
5295.0	0.8245709999999999
5300.0	0.836146
5305.0	0.8665860000000001
5310.0	0.886999
5315.0	0.8710690000000001
5320.0	0.837003
5325.0	0.809702
5330.0	0.796309
5335.0	0.7983020000000001
5340.0	0.812239
5345.0	0.834043
5350.0	0.8619979999999999
5355.0	0.8925569999999999
5360.0	0.912483
5365.0	0.912316
5370.0	0.907388
5375.0	0.913752
5380.0	0.925538
5385.0	0.931536
5390.0	0.921114
5395.0	0.8903049999999999
5400.0	0.861239
5405.0	0.8576739999999999
5410.0	0.8837729999999999
5415.0	0.932377
5420.0	0.970628
5425.0	0.9703370000000001
5430.0	0.947692
5435.0	0.92681
5440.0	0.919168
5445.0	0.9287
5450.0	0.941817
5455.0	0.945398
5460.0	0.945722
5465.0	0.9506760000000001
5470.0	0.955181
5475.0	0.954693
5480.0	0.959764
5485.0	0.979093
5490.0	0.9988459999999999
5495.0	1.002907
5500.0	0.9885450000000001
5505.0	0.960492
5510.0	0.9399379999999999
5515.0	0.9458610000000001
5520.0	0.97193
5525.0	1.004734
5530.0	1.027825
5535.0	1.031064
5540.0	1.0325739999999999
5545.0	1.049436
5550.0	1.066303
5555.0	1.065235
5560.0	1.050344
5565.0	1.031044
5570.0	1.0159040000000001
5575.0	1.009947
5580.0	1.004857
5585.0	0.990807
5590.0	0.965275
5595.0	0.933573
5600.0	0.925049
5605.0	0.9609469999999999
5610.0	1.00605
5615.0	1.022573
5620.0	1.018907
5625.0	1.013348
5630.0	1.017642
5635.0	1.037483
5640.0	1.060902
5645.0	1.075044
5650.0	1.081186
5655.0	1.082586
5660.0	1.076303
5665.0	1.0622790000000002
5670.0	1.0582
5675.0	1.077547
5680.0	1.09922
5685.0	1.101118
5690.0	1.091701
5695.0	1.0829739999999999
5700.0	1.070545
5705.0	1.051252
5710.0	1.043253
5715.0	1.06129
5720.0	1.085126
5725.0	1.094176
5730.0	1.101461
5735.0	1.1219729999999999
5740.0	1.144997
5745.0	1.157066
5750.0	1.1593959999999999
5755.0	1.156875
5760.0	1.154391
5765.0	1.155681
5770.0	1.159888
5775.0	1.165001
5780.0	1.1690120000000002
5785.0	1.170651
5790.0	1.171605
5795.0	1.174299
5800.0	1.18116
5805.0	1.169206
5810.0	1.169814
5815.0	1.170044
5820.0	1.171402
5825.0	1.1779549999999999
5830.0	1.176301
5835.0	1.166156
5840.0	1.162596
5845.0	1.1545969999999999
5850.0	1.1427530000000001
5855.0	1.110822
5860.0	1.078338
5865.0	1.059795
5870.0	1.026792
5875.0	0.984982
5880.0	0.9149360000000001
5885.0	0.797623
5890.0	0.681722
5895.0	0.6723279999999999
5900.0	0.794067
5905.0	0.8968299999999999
5910.0	0.9536209999999999
5915.0	0.9917520000000001
5920.0	1.0259909999999999
5925.0	1.049392
5930.0	1.0696809999999999
5935.0	1.0929209999999998
5940.0	1.108557
5945.0	1.110901
5950.0	1.109621
5955.0	1.1043399999999999
5960.0	1.114741
5965.0	1.125003
5970.0	1.128016
5975.0	1.133099
5980.0	1.134339
5985.0	1.139427
5990.0	1.1529129999999999
5995.0	1.157175
6000.0	1.145626
6005.0	1.142742
6010.0	1.1387209999999999
6015.0	1.1328340000000001
6020.0	1.140323
6025.0	1.169678
6030.0	1.191548
6035.0	1.2101600000000001
6040.0	1.192258
6045.0	1.222665
6050.0	1.220301
6055.0	1.2152290000000001
6060.0	1.212118
6065.0	1.20218
6070.0	1.215541
6075.0	1.215971
6080.0	1.197975
6085.0	1.191782
6090.0	1.190023
6095.0	1.186892
6100.0	1.158536
6105.0	1.1274600000000001
6110.0	1.159987
6115.0	1.173707
6120.0	1.094108
6125.0	1.099304
6130.0	1.173303
6135.0	1.159829
6140.0	1.167942
6145.0	1.180223
6150.0	1.156382
6155.0	1.118093
6160.0	1.018068
6165.0	0.9746370000000001
6170.0	1.020031
6175.0	1.059517
6180.0	1.0869719999999998
6185.0	1.08524
6190.0	1.051765
6195.0	1.065973
6200.0	1.076733
6205.0	1.091089
6210.0	1.069991
6215.0	1.024397
6220.0	1.008608
6225.0	0.9970469999999999
6230.0	0.98383
6235.0	0.993527
6240.0	0.9888170000000001
6245.0	0.988167
6250.0	1.005205
6255.0	1.0021200000000001
6260.0	1.007535
6265.0	1.038217
6270.0	1.051361
6275.0	1.05277
6280.0	1.060392
6285.0	1.084386
6290.0	1.0989309999999999
6295.0	1.09076
6300.0	1.0962969999999999
6305.0	1.11655
6310.0	1.1362729999999999
6315.0	1.14361
6320.0	1.148332
6325.0	1.170454
6330.0	1.172793
6335.0	1.174108
6340.0	1.185007
6345.0	1.190697
6350.0	1.205474
6355.0	1.19144
6360.0	1.164416
6365.0	1.161938
6370.0	1.168036
6375.0	1.158288
6380.0	1.1266610000000001
6385.0	1.120376
6390.0	1.128793
6395.0	1.150631
6400.0	1.16654
6405.0	1.1980030000000002
6410.0	1.21119
6415.0	1.226618
6420.0	1.222579
6425.0	1.24299
6430.0	1.2458120000000001
6435.0	1.234631
6440.0	1.229946
6445.0	1.264832
6450.0	1.25441
6455.0	1.2735969999999999
6460.0	1.272027
6465.0	1.249808
6470.0	1.286186
6475.0	1.296581
6480.0	1.303956
6485.0	1.29705
6490.0	1.2860049999999998
6495.0	1.2411459999999999
6500.0	1.2773079999999999
6505.0	1.327224
6510.0	1.3550389999999999
6515.0	1.3632540000000002
6520.0	1.380092
6525.0	1.389901
6530.0	1.39414
6535.0	1.401585
6540.0	1.4102569999999999
6545.0	1.39386
6550.0	1.380081
6555.0	1.367259
6560.0	1.353697
6565.0	1.3318649999999999
6570.0	1.348175
6575.0	1.349647
6580.0	1.37463
6585.0	1.381846
6590.0	1.381227
6595.0	1.3677190000000001
6600.0	1.390258
6605.0	1.390025
6610.0	1.378398
6615.0	1.3819489999999999
6620.0	1.369669
6625.0	1.363435
6630.0	1.3588
6635.0	1.354835
6640.0	1.354794
6645.0	1.348303
6650.0	1.337987
6655.0	1.318681
6660.0	1.313483
6665.0	1.302453
6670.0	1.312106
6675.0	1.297273
6680.0	1.2717829999999999
6685.0	1.2697889999999998
6690.0	1.2696690000000002
6695.0	1.2659790000000002
6700.0	1.2676120000000002
6705.0	1.266066
6710.0	1.259108
6715.0	1.228048
6720.0	1.207147
6725.0	1.227416
6730.0	1.229399
6735.0	1.231193
6740.0	1.2279719999999998
6745.0	1.215365
6750.0	1.202145
6755.0	1.207198
6760.0	1.217517
6765.0	1.211484
6770.0	1.211663
6775.0	1.220582
6780.0	1.2060950000000001
6785.0	1.184685
6790.0	1.183848
6795.0	1.181442
6800.0	1.1857540000000002
6805.0	1.184884
6810.0	1.184813
6815.0	1.1838879999999998
6820.0	1.183914
6825.0	1.194042
6830.0	1.1988590000000001
6835.0	1.1825219999999999
6840.0	1.188028
6845.0	1.193686
6850.0	1.199445
6855.0	1.205257
6860.0	1.211096
6865.0	1.216939
6870.0	1.2227629999999998
6875.0	1.2285469999999998
6880.0	1.234267
6885.0	1.239902
6890.0	1.2454290000000001
6895.0	1.250826
6900.0	1.256069
6905.0	1.26115
6910.0	1.266109
6915.0	1.271
6920.0	1.275876
6925.0	1.280791
6930.0	1.285798
6935.0	1.290952
6940.0	1.2963049999999998
6945.0	1.301911
6950.0	1.307823
6955.0	1.314065
6960.0	1.320534
6965.0	1.3270959999999998
6970.0	1.333618
6975.0	1.339967
6980.0	1.308499
6985.0	1.326144
6990.0	1.322674
6995.0	1.324558
7000.0	1.330818
7005.0	1.341768
7010.0	1.3390469999999999
7015.0	1.342281
7020.0	1.348049
7025.0	1.358091
7030.0	1.3796620000000002
7035.0	1.3932309999999999
7040.0	1.402684
7045.0	1.4230969999999998
7050.0	1.409756
7055.0	1.360929
7060.0	1.337237
7065.0	1.333374
7070.0	1.339233
7075.0	1.348495
7080.0	1.330436
7085.0	1.3133219999999999
7090.0	1.282628
7095.0	1.284203
7100.0	1.290334
7105.0	1.294238
7110.0	1.29765
7115.0	1.294561
7120.0	1.295187
7125.0	1.2575319999999999
7130.0	1.225103
7135.0	1.220644
7140.0	1.225922
7145.0	1.22964
7150.0	1.2329649999999999
7155.0	1.2786879999999998
7160.0	1.281423
7165.0	1.284692
7170.0	1.293239
7175.0	1.291499
7180.0	1.291925
7185.0	1.271796
7190.0	1.264006
7195.0	1.270983
7200.0	1.2465030000000001
7205.0	1.239746
7210.0	1.270335
7215.0	1.30502
7220.0	1.333985
7225.0	1.340935
7230.0	1.340169
7235.0	1.342465
7240.0	1.341949
7245.0	1.344101
7250.0	1.355867
7255.0	1.359092
7260.0	1.372127
7265.0	1.3733600000000001
7270.0	1.384647
7275.0	1.376415
7280.0	1.401133
7285.0	1.415659
7290.0	1.40825
7295.0	1.4283290000000002
7300.0	1.435434
7305.0	1.433232
7310.0	1.436185
7315.0	1.438631
7320.0	1.436758
7325.0	1.429131
7330.0	1.433702
7335.0	1.458331
7340.0	1.4677719999999999
7345.0	1.453125
7350.0	1.458305
7355.0	1.444027
7360.0	1.441828
7365.0	1.457689
7370.0	1.4777790000000002
7375.0	1.4892379999999998
7380.0	1.490194
7385.0	1.486054
7390.0	1.475852
7395.0	1.4807270000000001
7400.0	1.469889
7405.0	1.486613
7410.0	1.484215
7415.0	1.482924
7420.0	1.483837
7425.0	1.4895200000000002
7430.0	1.4975459999999998
7435.0	1.499142
7440.0	1.497851
7445.0	1.490423
7450.0	1.494781
7455.0	1.509509
7460.0	1.495309
7465.0	1.485444
7470.0	1.502118
7475.0	1.5017399999999999
7480.0	1.499192
7485.0	1.494975
7490.0	1.481651
7495.0	1.473722
7500.0	1.492585
7505.0	1.490936
7510.0	1.484162
7515.0	1.496882
7520.0	1.505369
7525.0	1.502817
7530.0	1.506101
7535.0	1.514894
7540.0	1.517196
7545.0	1.513953
7550.0	1.511901
7555.0	1.510481
7560.0	1.508757
7565.0	1.506758
7570.0	1.504514
7575.0	1.502052
7580.0	1.499401
7585.0	1.496591
7590.0	1.49365
7595.0	1.490607
7600.0	1.48749
7605.0	1.484328
7610.0	1.481148
7615.0	1.477976
7620.0	1.4748379999999999
7625.0	1.471761
7630.0	1.4687709999999998
7635.0	1.4658950000000002
7640.0	1.463158
7645.0	1.460588
7650.0	1.458209
7655.0	1.456042
7660.0	1.454077
7665.0	1.4522959999999998
7670.0	1.450682
7675.0	1.4492180000000001
7680.0	1.447886
7685.0	1.446669
7690.0	1.445551
7695.0	1.444513
7700.0	1.443539
7705.0	1.442616
7710.0	1.4417520000000001
7715.0	1.440962
7720.0	1.440259
7725.0	1.439655
7730.0	1.439165
7735.0	1.45652
7740.0	1.456784
7745.0	1.451025
7750.0	1.438855
7755.0	1.4485569999999999
7760.0	1.4552
7765.0	1.459559
7770.0	1.469971
7775.0	1.4763819999999999
7780.0	1.462807
7785.0	1.4633129999999999
7790.0	1.46284
7795.0	1.467186
7800.0	1.464445
7805.0	1.4657850000000001
7810.0	1.467051
7815.0	1.470495
7820.0	1.4661110000000002
7825.0	1.466389
7830.0	1.458304
7835.0	1.45458
7840.0	1.4709649999999999
7845.0	1.481132
7850.0	1.482045
7855.0	1.484416
7860.0	1.488639
7865.0	1.49045
7870.0	1.489733
7875.0	1.489395
7880.0	1.492473
7885.0	1.495266
7890.0	1.49241
7895.0	1.4875770000000001
7900.0	1.482534
7905.0	1.476766
7910.0	1.469877
7915.0	1.464782
7920.0	1.464377
7925.0	1.461912
7930.0	1.463884
7935.0	1.451871
7940.0	1.445265
7945.0	1.438313
7950.0	1.441199
7955.0	1.4576069999999999
7960.0	1.459965
7965.0	1.4649379999999999
7970.0	1.475549
7975.0	1.4797049999999998
7980.0	1.4767139999999999
7985.0	1.48299
7990.0	1.4844709999999999
7995.0	1.4801440000000001
8000.0	1.47316
8005.0	1.492931
8010.0	1.494675
8015.0	1.493409
8020.0	1.494368
8025.0	1.482811
8030.0	1.484206
8035.0	1.488074
8040.0	1.489196
8045.0	1.4813399999999999
8050.0	1.4868219999999999
8055.0	1.500122
8060.0	1.503858
8065.0	1.49947
8070.0	1.487323
8075.0	1.487823
8080.0	1.490298
8085.0	1.467324
8090.0	1.488084
8095.0	1.490364
8100.0	1.4935200000000002
8105.0	1.50124
8110.0	1.50399
8115.0	1.502874
8120.0	1.510777
8125.0	1.5272860000000001
8130.0	1.521359
8135.0	1.523252
8140.0	1.522835
8145.0	1.5119879999999999
8150.0	1.5008920000000001
8155.0	1.493333
8160.0	1.4650100000000001
8165.0	1.4589
8170.0	1.4756690000000001
8175.0	1.453028
8180.0	1.412999
8185.0	1.366565
8190.0	1.37581
8195.0	1.324299
8200.0	1.360131
8205.0	1.417698
8210.0	1.4404700000000001
8215.0	1.455099
8220.0	1.450289
8225.0	1.426309
8230.0	1.4112129999999998
8235.0	1.447785
8240.0	1.473549
8245.0	1.4722959999999998
8250.0	1.485449
8255.0	1.4856280000000002
8260.0	1.49508
8265.0	1.510145
8270.0	1.5026329999999999
8275.0	1.491732
8280.0	1.488107
8285.0	1.488716
8290.0	1.480968
8295.0	1.488205
8300.0	1.482713
8305.0	1.47288
8310.0	1.469894
8315.0	1.461393
8320.0	1.449007
8325.0	1.4466809999999999
8330.0	1.435314
8335.0	1.452987
8340.0	1.46675
8345.0	1.48704
8350.0	1.492069
8355.0	1.499787
8360.0	1.5043469999999999
8365.0	1.496876
8370.0	1.5029620000000001
8375.0	1.498286
8380.0	1.47891
8385.0	1.454752
8390.0	1.465214
8395.0	1.488016
8400.0	1.493759
8405.0	1.50126
8410.0	1.498716
8415.0	1.4918930000000001
8420.0	1.499275
8425.0	1.491881
8430.0	1.492233
8435.0	1.4656870000000002
8440.0	1.4914
8445.0	1.509341
8450.0	1.502659
8455.0	1.496588
8460.0	1.494316
8465.0	1.483464
8470.0	1.47602
8475.0	1.4843870000000001
8480.0	1.49191
8485.0	1.4946620000000002
8490.0	1.487803
8495.0	1.4463620000000001
8500.0	1.421425
8505.0	1.452653
8510.0	1.46397
8515.0	1.440274
8520.0	1.439132
8525.0	1.4457799999999998
8530.0	1.431117
8535.0	1.399233
8540.0	1.3006520000000001
8545.0	1.2931489999999999
8550.0	1.356649
8555.0	1.4034719999999998
8560.0	1.4178899999999999
8565.0	1.434887
8570.0	1.456458
8575.0	1.476889
8580.0	1.493095
8585.0	1.4952379999999998
8590.0	1.505468
8595.0	1.503121
8600.0	1.500681
8605.0	1.495227
8610.0	1.479761
8615.0	1.472344
8620.0	1.474142
8625.0	1.480941
8630.0	1.4914889999999998
8635.0	1.4908290000000002
8640.0	1.493114
8645.0	1.489638
8650.0	1.47642
8655.0	1.444707
8660.0	1.3673520000000001
8665.0	1.330732
8670.0	1.3849799999999999
8675.0	1.3789959999999999
8680.0	1.3829120000000001
8685.0	1.375175
8690.0	1.3718350000000001
8695.0	1.411683
8700.0	1.440911
8705.0	1.4635559999999999
8710.0	1.466423
8715.0	1.470342
8720.0	1.477176
8725.0	1.483168
8730.0	1.481658
8735.0	1.468676
8740.0	1.477368
8745.0	1.4814
8750.0	1.472685
8755.0	1.46155
8760.0	1.452806
8765.0	1.446357
8770.0	1.4359540000000002
8775.0	1.431546
8780.0	1.4344299999999999
8785.0	1.438983
8790.0	1.45136
8795.0	1.447883
8800.0	1.436032
8805.0	1.401886
8810.0	1.4001370000000002
8815.0	1.428878
8820.0	1.421742
8825.0	1.392091
8830.0	1.419066
8835.0	1.4330180000000001
8840.0	1.432124
8845.0	1.444976
8850.0	1.447257
8855.0	1.4472610000000001
8860.0	1.4518309999999999
8865.0	1.427516
8870.0	1.411823
8875.0	1.415195
8880.0	1.4131719999999999
8885.0	1.4071200000000001
8890.0	1.411327
8895.0	1.406631
8900.0	1.411391
8905.0	1.413816
8910.0	1.416398
8915.0	1.417027
8920.0	1.4149040000000002
8925.0	1.4099110000000001
8930.0	1.411556
8935.0	1.406687
8940.0	1.4049040000000002
8945.0	1.395229
8950.0	1.397897
8955.0	1.397761
8960.0	1.410513
8965.0	1.4035739999999999
8970.0	1.404631
8975.0	1.408176
8980.0	1.402839
8985.0	1.374041
8990.0	1.350048
8995.0	1.377753
9000.0	1.3792280000000001
9005.0	1.373414
9010.0	1.379415
9015.0	1.3773440000000001
9020.0	1.396564
9025.0	1.404687
9030.0	1.436295
9035.0	1.4578389999999999
9040.0	1.466453
9045.0	1.471765
9050.0	1.468613
9055.0	1.4611969999999999
9060.0	1.446428
9065.0	1.430439
9070.0	1.408523
9075.0	1.401198
9080.0	1.3941
9085.0	1.391635
9090.0	1.400424
9095.0	1.4237870000000001
9100.0	1.42276
9105.0	1.427068
9110.0	1.435254
9115.0	1.424991
9120.0	1.413095
9125.0	1.410396
9130.0	1.389664
9135.0	1.38381
9140.0	1.3895170000000001
9145.0	1.3901139999999998
9150.0	1.377349
9155.0	1.3736
9160.0	1.393198
9165.0	1.402028
9170.0	1.376343
9175.0	1.377058
9180.0	1.397718
9185.0	1.408316
9190.0	1.415049
9195.0	1.416962
9200.0	1.41896
9205.0	1.424736
9210.0	1.429668
9215.0	1.4327889999999999
9220.0	1.433133
9225.0	1.429985
9230.0	1.423635
9235.0	1.414626
9240.0	1.4035
9245.0	1.391274
9250.0	1.380866
9255.0	1.3756620000000002
9260.0	1.37904
9265.0	1.392807
9270.0	1.412514
9275.0	1.432149
9280.0	1.445699
9285.0	1.448727
9290.0	1.4431049999999999
9295.0	1.43228
9300.0	1.4197030000000002
9305.0	1.4086530000000002
9310.0	1.401741
9315.0	1.401408
9320.0	1.410096
9325.0	1.428448
9330.0	1.449914
9335.0	1.466143
9340.0	1.4687860000000001
9345.0	1.452418
9350.0	1.423308
9355.0	1.3906530000000001
9360.0	1.363656
9365.0	1.349801
9370.0	1.349684
9375.0	1.362179
9380.0	1.386159
9385.0	1.419339
9390.0	1.454784
9395.0	1.4844030000000001
9400.0	1.5001010000000001
9405.0	1.4961790000000001
9410.0	1.476517
9415.0	1.447388
9420.0	1.415067
9425.0	1.385202
9430.0	1.360938
9435.0	1.3447959999999999
9440.0	1.339297
9445.0	1.345684
9450.0	1.360104
9455.0	1.377428
9460.0	1.392534
9465.0	1.401386
9470.0	1.4042649999999999
9475.0	1.4025379999999998
9480.0	1.397568
9485.0	1.390694
9490.0	1.383157
9495.0	1.3761709999999998
9500.0	1.370952
9505.0	1.368573
9510.0	1.369544
9515.0	1.374234
9520.0	1.3830120000000001
9525.0	1.395659
9530.0	1.409605
9535.0	1.421691
9540.0	1.42876
9545.0	1.4285729999999999
9550.0	1.422569
9555.0	1.413102
9560.0	1.402519
9565.0	1.3927829999999999
9570.0	1.384339
9575.0	1.377248
9580.0	1.3715760000000001
9585.0	1.3674520000000001
9590.0	1.365268
9595.0	1.3654819999999999
9600.0	1.368551
9605.0	1.3743940000000001
9610.0	1.38077
9615.0	1.3849
9620.0	1.384002
9625.0	1.3763319999999999
9630.0	1.3642889999999999
9635.0	1.351306
9640.0	1.340818
9645.0	1.335426
9650.0	1.334401
9655.0	1.336176
9660.0	1.339171
9665.0	1.342058
9670.0	1.344526
9675.0	1.346519
9680.0	1.3479809999999999
9685.0	1.348839
9690.0	1.34895
9695.0	1.348152
9700.0	1.346285
9705.0	1.3434190000000001
9710.0	1.340555
9715.0	1.338927
9720.0	1.339768
9725.0	1.343717
9730.0	1.3490469999999999
9735.0	1.353434
9740.0	1.3545559999999999
9745.0	1.350926
9750.0	1.344388
9755.0	1.3399450000000002
9760.0	1.3326790000000002
9765.0	1.341566
9770.0	1.343377
9775.0	1.343602
9780.0	1.342343
9785.0	1.322584
9790.0	1.333849
9795.0	1.338192
9800.0	1.336028
9805.0	1.339458
9810.0	1.347931
9815.0	1.349818
9820.0	1.348015
9825.0	1.33732
9830.0	1.3443969999999998
9835.0	1.3494
9840.0	1.339124
9845.0	1.3454270000000002
9850.0	1.348614
9855.0	1.345349
9860.0	1.350642
9865.0	1.347931
9870.0	1.3233620000000001
9875.0	1.3282450000000001
9880.0	1.35175
9885.0	1.340076
9890.0	1.332285
9895.0	1.323962
9900.0	1.320142
9905.0	1.325499
9910.0	1.301353
9915.0	1.302535
9920.0	1.300891
9925.0	1.30869
9930.0	1.309035
9935.0	1.311324
9940.0	1.3117530000000002
9945.0	1.31939
9950.0	1.345679
9955.0	1.322677
9960.0	1.311346
9965.0	1.320136
9970.0	1.314039
9975.0	1.323316
9980.0	1.310835
9985.0	1.301825
9990.0	1.3209309999999999
9995.0	1.315536
10000.0	1.31584
10005.0	1.314754
10010.0	1.3240459999999998
10015.0	1.325828
10020.0	1.3624
10025.0	1.3431309999999999
10030.0	1.3231549999999999
10035.0	1.308603
10040.0	1.298402
10045.0	1.3069110000000002
10050.0	1.30227
10055.0	1.287292
10060.0	1.3365989999999999
10065.0	1.329166
10070.0	1.3021340000000001
10075.0	1.2834299999999998
10080.0	1.283185
10085.0	1.29561
10090.0	1.297831
10095.0	1.295772
10100.0	1.289376
10105.0	1.2982200000000002
10110.0	1.3061909999999999
10115.0	1.313035
10120.0	1.318501
10125.0	1.322228
10130.0	1.32342
10135.0	1.321173
10140.0	1.314584
10145.0	1.303577
10150.0	1.291401
10155.0	1.28213
10160.0	1.279843
10165.0	1.286966
10170.0	1.299334
10175.0	1.311129
10180.0	1.316538
10185.0	1.311439
10190.0	1.2984959999999999
10195.0	1.282066
10200.0	1.266509
10205.0	1.255298
10210.0	1.248366
10215.0	1.2447620000000001
10220.0	1.243534
10225.0	1.243916
10230.0	1.2458850000000001
10235.0	1.249603
10240.0	1.255231
10245.0	1.262791
10250.0	1.271735
10255.0	1.281374
10260.0	1.29102
10265.0	1.299959
10270.0	1.307375
10275.0	1.3124280000000002
10280.0	1.314278
10285.0	1.3124200000000001
10290.0	1.307688
10295.0	1.301252
10300.0	1.294283
10305.0	1.2891920000000001
10310.0	1.2858450000000001
10315.0	1.2826950000000001
10320.0	1.27968
10325.0	1.2767620000000002
10330.0	1.274
10335.0	1.271476
10340.0	1.2692709999999998
10345.0	1.267548
10350.0	1.266804
10355.0	1.267614
10360.0	1.270558
10365.0	1.2758129999999999
10370.0	1.281959
10375.0	1.287179
10380.0	1.289654
10385.0	1.2882200000000001
10390.0	1.2843280000000001
10395.0	1.280082
10400.0	1.277587
10405.0	1.278353
10410.0	1.281509
10415.0	1.285588
10420.0	1.289124
10425.0	1.290952
10430.0	1.291107
10435.0	1.289927
10440.0	1.287747
10445.0	1.2848600000000001
10450.0	1.281379
10455.0	1.277369
10460.0	1.272899
10465.0	1.268201
10470.0	1.2641639999999998
10475.0	1.261842
10480.0	1.26229
10485.0	1.265967
10490.0	1.270958
10495.0	1.274756
10500.0	1.274853
10505.0	1.269681
10510.0	1.261442
10515.0	1.253277
10520.0	1.248329
10525.0	1.2488620000000001
10530.0	1.253631
10535.0	1.2605110000000002
10540.0	1.267382
10545.0	1.272438
10550.0	1.2751430000000001
10555.0	1.27528
10560.0	1.272632
10565.0	1.267334
10570.0	1.260932
10575.0	1.2553290000000001
10580.0	1.252424
10585.0	1.253486
10590.0	1.257248
10595.0	1.261811
10600.0	1.265279
10605.0	1.266192
10610.0	1.264858
10615.0	1.2620280000000001
10620.0	1.258449
10625.0	1.251008
10630.0	1.25043
10635.0	1.249853
10640.0	1.249278
10645.0	1.248704
10650.0	1.24813
10655.0	1.247558
10660.0	1.246987
10665.0	1.246418
10670.0	1.245849
10675.0	1.245282
10680.0	1.244716
10685.0	1.244151
10690.0	1.243587
10695.0	1.243024
10700.0	1.2424620000000002
10705.0	1.241902
10710.0	1.241342
10715.0	1.240784
10720.0	1.240227
10725.0	1.239671
10730.0	1.2391159999999999
10735.0	1.2385620000000002
10740.0	1.238009
10745.0	1.237457
10750.0	1.236907
10755.0	1.236357
10760.0	1.235809
10765.0	1.235262
10770.0	1.234716
10775.0	1.234171
10780.0	1.2336260000000001
10785.0	1.233083
10790.0	1.2325409999999999
10795.0	1.2320010000000001
10800.0	1.2314610000000001
10805.0	1.2309219999999998
10810.0	1.230384
10815.0	1.229847
10820.0	1.2293120000000002
10825.0	1.228777
10830.0	1.228243
10835.0	1.227711
10840.0	1.227179
10845.0	1.2266489999999999
10850.0	1.226119
10855.0	1.22559
10860.0	1.225063
10865.0	1.224536
10870.0	1.224011
10875.0	1.223486
10880.0	1.222962
10885.0	1.22244
10890.0	1.221918
10895.0	1.2213969999999998
10900.0	1.2208780000000001
10905.0	1.220359
10910.0	1.219841
10915.0	1.219324
10920.0	1.218808
10925.0	1.218293
10930.0	1.2177790000000002
10935.0	1.217266
10940.0	1.2167540000000001
10945.0	1.216242
10950.0	1.215732
10955.0	1.215223
10960.0	1.2147139999999998
10965.0	1.214207
10970.0	1.2137
10975.0	1.213194
10980.0	1.212689
10985.0	1.212185
10990.0	1.211682
10995.0	1.21118
11000.0	1.2106780000000001
11005.0	1.210178
11010.0	1.209678
11015.0	1.20918
11020.0	1.208682
11025.0	1.208184
11030.0	1.2076879999999999
11035.0	1.207193
11040.0	1.206699
11045.0	1.206205
11050.0	1.2057120000000001
11055.0	1.2052200000000002
11060.0	1.2047290000000002
11065.0	1.2042389999999998
11070.0	1.203749
11075.0	1.2032610000000001
11080.0	1.2027729999999999
11085.0	1.202286
11090.0	1.2018
11095.0	1.201314
11100.0	1.2008290000000001
11105.0	1.200346
11110.0	1.199863
11115.0	1.19938
11120.0	1.198899
11125.0	1.198418
11130.0	1.197938
11135.0	1.197459
11140.0	1.19698
11145.0	1.196503
11150.0	1.196026
11155.0	1.19555
11160.0	1.195074
11165.0	1.194599
11170.0	1.194125
11175.0	1.193652
11180.0	1.19318
11185.0	1.192708
11190.0	1.192237
11195.0	1.1917659999999999
11200.0	1.1912969999999998
11205.0	1.190828
11210.0	1.190359
11215.0	1.189892
11220.0	1.189425
11225.0	1.188959
11230.0	1.188493
11235.0	1.188028
11240.0	1.1875639999999998
11245.0	1.187101
11250.0	1.1866379999999999
11255.0	1.1861760000000001
11260.0	1.185714
11265.0	1.185254
11270.0	1.184793
11275.0	1.184334
11280.0	1.183875
11285.0	1.183417
11290.0	1.182959
11295.0	1.182502
11300.0	1.182046
11305.0	1.18159
11310.0	1.181135
11315.0	1.18068
11320.0	1.180226
11325.0	1.179773
11330.0	1.1793200000000001
11335.0	1.178868
11340.0	1.178417
11345.0	1.177966
11350.0	1.1775149999999999
11355.0	1.177066
11360.0	1.1766159999999999
11365.0	1.176168
11370.0	1.17572
11375.0	1.1752719999999999
11380.0	1.174825
11385.0	1.174379
11390.0	1.173933
11395.0	1.1734879999999999
11400.0	1.173043
11405.0	1.172598
11410.0	1.1721549999999998
11415.0	1.171712
11420.0	1.1712690000000001
11425.0	1.170827
11430.0	1.170385
11435.0	1.169944
11440.0	1.169503
11445.0	1.169063
11450.0	1.1686239999999999
11455.0	1.1681840000000001
11460.0	1.167746
11465.0	1.167308
11470.0	1.16687
11475.0	1.166433
11480.0	1.1659959999999998
11485.0	1.16556
11490.0	1.165124
11495.0	1.1646889999999999
11500.0	1.1642540000000001
11505.0	1.1638190000000002
11510.0	1.1633850000000001
11515.0	1.162952
11520.0	1.162518
11525.0	1.162086
11530.0	1.1616540000000002
11535.0	1.161222
11540.0	1.16079
11545.0	1.160359
11550.0	1.159929
11555.0	1.159499
11560.0	1.1590690000000001
11565.0	1.158639
11570.0	1.15821
11575.0	1.1577819999999999
11580.0	1.157354
11585.0	1.1569260000000001
11590.0	1.156498
11595.0	1.1560709999999998
11600.0	1.1556440000000001
11605.0	1.155218
11610.0	1.154792
11615.0	1.154366
11620.0	1.1539409999999999
11625.0	1.153516
11630.0	1.153092
11635.0	1.152667
11640.0	1.1522430000000001
11645.0	1.15182
11650.0	1.1513959999999999
11655.0	1.150973
11660.0	1.150551
11665.0	1.150128
11670.0	1.149706
11675.0	1.1492850000000001
11680.0	1.148863
11685.0	1.148442
11690.0	1.148021
11695.0	1.147601
11700.0	1.147181
11705.0	1.1467610000000001
11710.0	1.146341
11715.0	1.1459219999999999
11720.0	1.145502
11725.0	1.145084
11730.0	1.144665
11735.0	1.144247
11740.0	1.143829
11745.0	1.143411
11750.0	1.142993
11755.0	1.142576
11760.0	1.142158
11765.0	1.141741
11770.0	1.141325
11775.0	1.140908
11780.0	1.140492
11785.0	1.140076
11790.0	1.1396600000000001
11795.0	1.1392440000000001
11800.0	1.138829
11805.0	1.138414
11810.0	1.137998
11815.0	1.137584
11820.0	1.137169
11825.0	1.136754
11830.0	1.13634
11835.0	1.135926
11840.0	1.135512
11845.0	1.135098
11850.0	1.134684
11855.0	1.1342709999999998
11860.0	1.133857
11865.0	1.1334440000000001
11870.0	1.133031
11875.0	1.1326180000000001
11880.0	1.132205
11885.0	1.131792
11890.0	1.1313790000000001
11895.0	1.130967
11900.0	1.130555
11905.0	1.130142
11910.0	1.12973
11915.0	1.129318
11920.0	1.128906
11925.0	1.128494
11930.0	1.128082
11935.0	1.1276709999999999
11940.0	1.127259
11945.0	1.126847
11950.0	1.126436
11955.0	1.126024
11960.0	1.125613
11965.0	1.125202
11970.0	1.12479
11975.0	1.124379
11980.0	1.123968
11985.0	1.123557
11990.0	1.123146
11995.0	1.122735
12000.0	1.1223239999999999
12005.0	1.121913
12010.0	1.121502
12015.0	1.121091
12020.0	1.12068
12025.0	1.120269
12030.0	1.119858
12035.0	1.1194469999999999
12040.0	1.1190360000000001
12045.0	1.118625
12050.0	1.118214
12055.0	1.117803
12060.0	1.117392
12065.0	1.116981
12070.0	1.11657
12075.0	1.1161590000000001
12080.0	1.115748
12085.0	1.115336
12090.0	1.114925
12095.0	1.114514
12100.0	1.1141020000000001
12105.0	1.113691
12110.0	1.1132799999999998
12115.0	1.112868
12120.0	1.112457
12125.0	1.1120450000000002
12130.0	1.111633
12135.0	1.111221
12140.0	1.110809
12145.0	1.1103969999999999
12150.0	1.109985
12155.0	1.109573
12160.0	1.1091600000000001
12165.0	1.108748
12170.0	1.108335
12175.0	1.1079219999999999
12180.0	1.107509
12185.0	1.107097
12190.0	1.106683
12195.0	1.10627
12200.0	1.1058569999999999
12205.0	1.105443
12210.0	1.105029
12215.0	1.104616
12220.0	1.1042020000000001
12225.0	1.103788
12230.0	1.103373
12235.0	1.102959
12240.0	1.102544
12245.0	1.1021290000000001
12250.0	1.1017139999999999
12255.0	1.101299
12260.0	1.100884
12265.0	1.1004690000000001
12270.0	1.1000530000000002
12275.0	1.099637
12280.0	1.099222
12285.0	1.098806
12290.0	1.09839
12295.0	1.0979729999999999
12300.0	1.097557
12305.0	1.09714
12310.0	1.096723
12315.0	1.096306
12320.0	1.095889
12325.0	1.095472
12330.0	1.095055
12335.0	1.094637
12340.0	1.09422
12345.0	1.093802
12350.0	1.093384
12355.0	1.0929659999999999
12360.0	1.0925479999999999
12365.0	1.0921290000000001
12370.0	1.091711
12375.0	1.091292
12380.0	1.090873
12385.0	1.090454
12390.0	1.090035
12395.0	1.089616
12400.0	1.0891959999999998
12405.0	1.088777
12410.0	1.088357
12415.0	1.0879370000000002
12420.0	1.087517
12425.0	1.087097
12430.0	1.0866770000000001
12435.0	1.0862559999999999
12440.0	1.085836
12445.0	1.085415
12450.0	1.084994
12455.0	1.084573
12460.0	1.084152
12465.0	1.083731
12470.0	1.083309
12475.0	1.0828879999999999
12480.0	1.082466
12485.0	1.082044
12490.0	1.0816219999999999
12495.0	1.0812
12500.0	1.080778
12505.0	1.080355
12510.0	1.079933
12515.0	1.07951
12520.0	1.0790870000000001
12525.0	1.0786639999999998
12530.0	1.078241
12535.0	1.077818
12540.0	1.077395
12545.0	1.076971
12550.0	1.076548
12555.0	1.076124
12560.0	1.0757
12565.0	1.0752760000000001
12570.0	1.0748520000000001
12575.0	1.074427
12580.0	1.074003
12585.0	1.0735780000000001
12590.0	1.073153
12595.0	1.0727280000000001
12600.0	1.072303
12605.0	1.071878
12610.0	1.071453
12615.0	1.071028
12620.0	1.070602
12625.0	1.070176
12630.0	1.06975
12635.0	1.069324
12640.0	1.068898
12645.0	1.0684719999999999
12650.0	1.0680459999999998
12655.0	1.067619
12660.0	1.067192
12665.0	1.0667659999999999
12670.0	1.066339
12675.0	1.065912
12680.0	1.065485
12685.0	1.065058
12690.0	1.06463
12695.0	1.064202
12700.0	1.063775
12705.0	1.063347
12710.0	1.062919
12715.0	1.062491
12720.0	1.062063
12725.0	1.061634
12730.0	1.0612059999999999
12735.0	1.060777
12740.0	1.060349
12745.0	1.05992
12750.0	1.059491
12755.0	1.0590620000000002
12760.0	1.058632
12765.0	1.058203
12770.0	1.057774
12775.0	1.057344
12780.0	1.056914
12785.0	1.056484
12790.0	1.056054
12795.0	1.055624
12800.0	1.055194
12805.0	1.054764
12810.0	1.054333
12815.0	1.053903
12820.0	1.053472
12825.0	1.053041
12830.0	1.05261
12835.0	1.0521790000000002
12840.0	1.051748
12845.0	1.051316
12850.0	1.050885
12855.0	1.050453
12860.0	1.050022
12865.0	1.04959
12870.0	1.049158
12875.0	1.048726
12880.0	1.048293
12885.0	1.0478610000000002
12890.0	1.0474290000000002
12895.0	1.0469959999999998
12900.0	1.046564
12905.0	1.046131
12910.0	1.045698
12915.0	1.045264
12920.0	1.044832
12925.0	1.044398
12930.0	1.043965
12935.0	1.043531
12940.0	1.043097
12945.0	1.042664
12950.0	1.04223
12955.0	1.041796
12960.0	1.0413620000000001
12965.0	1.040928
12970.0	1.0404930000000001
12975.0	1.040059
12980.0	1.0396239999999999
12985.0	1.03919
12990.0	1.0387549999999999
12995.0	1.0383200000000001
13000.0	1.037885
13005.0	1.03745
13010.0	1.0370139999999999
13015.0	1.0365790000000001
13020.0	1.036144
13025.0	1.035708
13030.0	1.035272
13035.0	1.034836
13040.0	1.0344
13045.0	1.0339639999999999
13050.0	1.033528
13055.0	1.033092
13060.0	1.032656
13065.0	1.032219
13070.0	1.031782
13075.0	1.0313459999999999
13080.0	1.030909
13085.0	1.0304719999999998
13090.0	1.030035
13095.0	1.029598
13100.0	1.02916
13105.0	1.028723
13110.0	1.0282850000000001
13115.0	1.0278479999999999
13120.0	1.02741
13125.0	1.026972
13130.0	1.026534
13135.0	1.026096
13140.0	1.025658
13145.0	1.02522
13150.0	1.024781
13155.0	1.024343
13160.0	1.0239049999999998
13165.0	1.023466
13170.0	1.0230270000000001
13175.0	1.0225879999999998
13180.0	1.022149
13185.0	1.0217100000000001
13190.0	1.0212709999999998
13195.0	1.020831
13200.0	1.020392
13205.0	1.019953
13210.0	1.019513
13215.0	1.019073
13220.0	1.018633
13225.0	1.0181930000000001
13230.0	1.0177530000000001
13235.0	1.017313
13240.0	1.016873
13245.0	1.016432
13250.0	1.015992
13255.0	1.015551
13260.0	1.015111
13265.0	1.0146700000000002
13270.0	1.014229
13275.0	1.013788
13280.0	1.013347
13285.0	1.0129059999999999
13290.0	1.012465
13295.0	1.012023
13300.0	1.011582
13305.0	1.01114
13310.0	1.010699
13315.0	1.010257
13320.0	1.009815
13325.0	1.0093729999999999
13330.0	1.008931
13335.0	1.008489
13340.0	1.008047
13345.0	1.0076040000000002
13350.0	1.0071620000000001
13355.0	1.0067190000000001
13360.0	1.006276
13365.0	1.0058340000000001
13370.0	1.005391
13375.0	1.004948
13380.0	1.004505
13385.0	1.004062
13390.0	1.003619
13395.0	1.003175
13400.0	1.002732
13405.0	1.0022879999999998
13410.0	1.001845
13415.0	1.001401
13420.0	1.0009569999999999
13425.0	1.000513
13430.0	1.000069
13435.0	0.999625
13440.0	0.999181
13445.0	0.9987370000000001
13450.0	0.998293
13455.0	0.997848
13460.0	0.9974040000000001
13465.0	0.996959
13470.0	0.9965139999999999
13475.0	0.9960700000000001
13480.0	0.995625
13485.0	0.99518
13490.0	0.994735
13495.0	0.994289
13500.0	0.9938440000000001
13505.0	0.993399
13510.0	0.9929530000000001
13515.0	0.992508
13520.0	0.9920620000000001
13525.0	0.991617
13530.0	0.9911709999999999
13535.0	0.990725
13540.0	0.9902790000000001
13545.0	0.989833
13550.0	0.9893870000000001
13555.0	0.988941
13560.0	0.9884940000000001
13565.0	0.9880479999999999
13570.0	0.9876010000000001
13575.0	0.9871549999999999
13580.0	0.986708
13585.0	0.9862620000000001
13590.0	0.985815
13595.0	0.985368
13600.0	0.9849209999999999
13605.0	0.984474
13610.0	0.9840270000000001
13615.0	0.9835790000000001
13620.0	0.983132
13625.0	0.982685
13630.0	0.982237
13635.0	0.9817899999999999
13640.0	0.981342
13645.0	0.980894
13650.0	0.9804459999999999
13655.0	0.979999
13660.0	0.9795510000000001
13665.0	0.9791030000000001
13670.0	0.9786540000000001
13675.0	0.9782059999999999
13680.0	0.977758
13685.0	0.97731
13690.0	0.9768610000000001
13695.0	0.9764120000000001
13700.0	0.9759639999999999
13705.0	0.9755149999999999
13710.0	0.975066
13715.0	0.974618
13720.0	0.9741690000000001
13725.0	0.97372
13730.0	0.9732709999999999
13735.0	0.9728209999999999
13740.0	0.9723719999999999
13745.0	0.971923
13750.0	0.9714729999999999
13755.0	0.971024
13760.0	0.9705739999999999
13765.0	0.970125
13770.0	0.969675
13775.0	0.969225
13780.0	0.968775
13785.0	0.968325
13790.0	0.967875
13795.0	0.967425
13800.0	0.966975
13805.0	0.966525
13810.0	0.966075
13815.0	0.9656239999999999
13820.0	0.965174
13825.0	0.964723
13830.0	0.9642729999999999
13835.0	0.963822
13840.0	0.9633709999999999
13845.0	0.9629209999999999
13850.0	0.96247
13855.0	0.9620190000000001
13860.0	0.961568
13865.0	0.961117
13870.0	0.960666
13875.0	0.9602139999999999
13880.0	0.9597629999999999
13885.0	0.959312
13890.0	0.95886
13895.0	0.9584090000000001
13900.0	0.957957
13905.0	0.957506
13910.0	0.9570540000000001
13915.0	0.9566020000000001
13920.0	0.95615
13925.0	0.9556979999999999
13930.0	0.9552459999999999
13935.0	0.954794
13940.0	0.954342
13945.0	0.95389
13950.0	0.9534379999999999
13955.0	0.9529850000000001
13960.0	0.952533
13965.0	0.9520799999999999
13970.0	0.951628
13975.0	0.951175
13980.0	0.950723
13985.0	0.9502700000000001
13990.0	0.949817
13995.0	0.949364
14000.0	0.9489110000000001
14005.0	0.948458
14010.0	0.9480049999999999
14015.0	0.9475520000000001
14020.0	0.947099
14025.0	0.9466459999999999
14030.0	0.9461930000000001
14035.0	0.945739
14040.0	0.9452860000000001
14045.0	0.944832
14050.0	0.9443790000000001
14055.0	0.943925
14060.0	0.943472
14065.0	0.943018
14070.0	0.942564
14075.0	0.94211
14080.0	0.941657
14085.0	0.941203
14090.0	0.940749
14095.0	0.9402950000000001
14100.0	0.93984
14105.0	0.939386
14110.0	0.938932
14115.0	0.938478
14120.0	0.9380229999999999
14125.0	0.9375690000000001
14130.0	0.9371139999999999
14135.0	0.93666
14140.0	0.936205
14145.0	0.935751
14150.0	0.9352959999999999
14155.0	0.934841
14160.0	0.934386
14165.0	0.933931
14170.0	0.933476
14175.0	0.9330209999999999
14180.0	0.932566
14185.0	0.932111
14190.0	0.9316559999999999
14195.0	0.9312010000000001
14200.0	0.930746
14205.0	0.93029
14210.0	0.9298350000000001
14215.0	0.9293799999999999
14220.0	0.928924
14225.0	0.9284690000000001
14230.0	0.9280129999999999
14235.0	0.927558
14240.0	0.9271020000000001
14245.0	0.9266459999999999
14250.0	0.92619
14255.0	0.9257350000000001
14260.0	0.9252790000000001
14265.0	0.924823
14270.0	0.924367
14275.0	0.923911
14280.0	0.9234549999999999
14285.0	0.922999
14290.0	0.922542
14295.0	0.9220860000000001
14300.0	0.92163
14305.0	0.9211739999999999
14310.0	0.920717
14315.0	0.9202610000000001
14320.0	0.9198040000000001
14325.0	0.9193479999999999
14330.0	0.918891
14335.0	0.918435
14340.0	0.9179780000000001
14345.0	0.9175209999999999
14350.0	0.917065
14355.0	0.916608
14360.0	0.916151
14365.0	0.915694
14370.0	0.9152370000000001
14375.0	0.9147799999999999
14380.0	0.914323
14385.0	0.913866
14390.0	0.913409
14395.0	0.9129520000000001
14400.0	0.9124950000000001
14405.0	0.9120370000000001
14410.0	0.91158
14415.0	0.9111229999999999
14420.0	0.910665
14425.0	0.910208
14430.0	0.909751
14435.0	0.909293
14440.0	0.9088360000000001
14445.0	0.908378
14450.0	0.9079200000000001
14455.0	0.9074629999999999
14460.0	0.907005
14465.0	0.9065469999999999
14470.0	0.9060889999999999
14475.0	0.905632
14480.0	0.9051739999999999
14485.0	0.904716
14490.0	0.904258
14495.0	0.9038
14500.0	0.903342
14505.0	0.902884
14510.0	0.9024260000000001
14515.0	0.901968
14520.0	0.90151
14525.0	0.9010520000000001
14530.0	0.900593
14535.0	0.900135
14540.0	0.8996770000000001
14545.0	0.8992180000000001
14550.0	0.89876
14555.0	0.898302
14560.0	0.8978430000000001
14565.0	0.897385
14570.0	0.896926
14575.0	0.896468
14580.0	0.896009
14585.0	0.89555
14590.0	0.895092
14595.0	0.894633
14600.0	0.894174
14605.0	0.893716
14610.0	0.893257
14615.0	0.892798
14620.0	0.892339
14625.0	0.8918799999999999
14630.0	0.8914209999999999
14635.0	0.890962
14640.0	0.890503
14645.0	0.8900440000000001
14650.0	0.8895850000000001
14655.0	0.889126
14660.0	0.888667
14665.0	0.888208
14670.0	0.887749
14675.0	0.8872899999999999
14680.0	0.8868299999999999
14685.0	0.8863709999999999
14690.0	0.885912
14695.0	0.885453
14700.0	0.884993
14705.0	0.884534
14710.0	0.884075
14715.0	0.8836149999999999
14720.0	0.8831559999999999
14725.0	0.8826959999999999
14730.0	0.882237
14735.0	0.881777
14740.0	0.881318
14745.0	0.880858
14750.0	0.8803979999999999
14755.0	0.8799389999999999
14760.0	0.8794790000000001
14765.0	0.8790190000000001
14770.0	0.87856
14775.0	0.8781
14780.0	0.87764
14785.0	0.877181
14790.0	0.8767209999999999
14795.0	0.8762610000000001
14800.0	0.875801
14805.0	0.875341
14810.0	0.8748809999999999
14815.0	0.8744209999999999
14820.0	0.8739620000000001
14825.0	0.873502
14830.0	0.873042
14835.0	0.872582
14840.0	0.872122
14845.0	0.871661
14850.0	0.871201
14855.0	0.870741
14860.0	0.870281
14865.0	0.869821
14870.0	0.869361
14875.0	0.868901
14880.0	0.868441
14885.0	0.86798
14890.0	0.8675200000000001
14895.0	0.86706
14900.0	0.8666
14905.0	0.866139
14910.0	0.8656790000000001
14915.0	0.8652190000000001
14920.0	0.864759
14925.0	0.864298
14930.0	0.8638379999999999
14935.0	0.8633780000000001
14940.0	0.862917
14945.0	0.8624569999999999
14950.0	0.8619959999999999
14955.0	0.8615360000000001
14960.0	0.861075
14965.0	0.860615
14970.0	0.8601540000000001
14975.0	0.8596940000000001
14980.0	0.859234
14985.0	0.858773
14990.0	0.8583120000000001
14995.0	0.8578520000000001
15000.0	0.857391
15005.0	0.856931
15010.0	0.8564700000000001
15015.0	0.85601
15020.0	0.855549
15025.0	0.855088
15030.0	0.854628
15035.0	0.854167
15040.0	0.853706
15045.0	0.853246
15050.0	0.852785
15055.0	0.852325
15060.0	0.851864
15065.0	0.851403
15070.0	0.850942
15075.0	0.850482
15080.0	0.8500209999999999
15085.0	0.84956
15090.0	0.8491
15095.0	0.8486389999999999
15100.0	0.8481780000000001
15105.0	0.847717
15110.0	0.8472559999999999
15115.0	0.8467959999999999
15120.0	0.8463350000000001
15125.0	0.845874
15130.0	0.845413
15135.0	0.844952
15140.0	0.844492
15145.0	0.844031
15150.0	0.84357
15155.0	0.843109
15160.0	0.842648
15165.0	0.8421879999999999
15170.0	0.841727
15175.0	0.841266
15180.0	0.8408049999999999
15185.0	0.8403440000000001
15190.0	0.839883
15195.0	0.8394219999999999
15200.0	0.8389620000000001
15205.0	0.838501
15210.0	0.83804
15215.0	0.8375790000000001
15220.0	0.837118
15225.0	0.836657
15230.0	0.8361959999999999
15235.0	0.835735
15240.0	0.835275
15245.0	0.834814
15250.0	0.834353
15255.0	0.833892
15260.0	0.8334309999999999
15265.0	0.8329700000000001
15270.0	0.832509
15275.0	0.8320489999999999
15280.0	0.8315879999999999
15285.0	0.8311270000000001
15290.0	0.830666
15295.0	0.830205
15300.0	0.829744
15305.0	0.829283
15310.0	0.828823
15315.0	0.828362
15320.0	0.827901
15325.0	0.82744
15330.0	0.8269790000000001
15335.0	0.826518
15340.0	0.8260569999999999
15345.0	0.8255969999999999
15350.0	0.8251360000000001
15355.0	0.824675
15360.0	0.8242139999999999
15365.0	0.8237530000000001
15370.0	0.823293
15375.0	0.822832
15380.0	0.822371
15385.0	0.82191
15390.0	0.82145
15395.0	0.820989
15400.0	0.820528
15405.0	0.820067
15410.0	0.819606
15415.0	0.819146
15420.0	0.818685
15425.0	0.818224
15430.0	0.817764
15435.0	0.817303
15440.0	0.816842
15445.0	0.8163819999999999
15450.0	0.815921
15455.0	0.8154600000000001
15460.0	0.815
15465.0	0.814539
15470.0	0.814078
15475.0	0.8136180000000001
15480.0	0.813157
15485.0	0.812697
15490.0	0.812236
15495.0	0.811775
15500.0	0.811315
15505.0	0.810854
15510.0	0.810394
15515.0	0.809933
15520.0	0.809473
15525.0	0.809012
15530.0	0.808552
15535.0	0.808091
15540.0	0.807631
15545.0	0.807171
15550.0	0.80671
15555.0	0.80625
15560.0	0.805789
15565.0	0.805329
15570.0	0.804869
15575.0	0.804408
15580.0	0.803948
15585.0	0.803488
15590.0	0.803027
15595.0	0.802567
15600.0	0.802107
15605.0	0.801647
15610.0	0.801187
15615.0	0.800726
15620.0	0.800266
15625.0	0.799806
15630.0	0.799346
15635.0	0.798886
15640.0	0.798426
15645.0	0.797966
15650.0	0.797506
15655.0	0.797046
15660.0	0.796586
15665.0	0.796126
15670.0	0.795666
15675.0	0.7952060000000001
15680.0	0.794746
15685.0	0.7942859999999999
15690.0	0.793826
15695.0	0.793366
15700.0	0.792906
15705.0	0.792446
15710.0	0.791987
15715.0	0.7915270000000001
15720.0	0.791067
15725.0	0.790607
15730.0	0.790148
15735.0	0.7896880000000001
15740.0	0.7892279999999999
15745.0	0.7887689999999999
15750.0	0.788309
15755.0	0.78785
15760.0	0.7873899999999999
15765.0	0.786931
15770.0	0.786471
15775.0	0.786012
15780.0	0.785552
15785.0	0.785093
15790.0	0.784633
15795.0	0.7841739999999999
15800.0	0.7837149999999999
15805.0	0.783255
15810.0	0.782796
15815.0	0.782337
15820.0	0.781878
15825.0	0.781419
15830.0	0.7809590000000001
15835.0	0.7805
15840.0	0.780041
15845.0	0.779582
15850.0	0.779123
15855.0	0.778664
15860.0	0.778205
15865.0	0.777746
15870.0	0.777287
15875.0	0.776829
15880.0	0.77637
15885.0	0.775911
15890.0	0.775452
15895.0	0.774993
15900.0	0.7745350000000001
15905.0	0.774076
15910.0	0.773617
15915.0	0.773159
15920.0	0.7727
15925.0	0.772242
15930.0	0.771783
15935.0	0.771325
15940.0	0.7708659999999999
15945.0	0.770408
15950.0	0.769949
15955.0	0.769491
15960.0	0.769033
15965.0	0.768575
15970.0	0.768116
15975.0	0.767658
15980.0	0.7672
15985.0	0.766742
15990.0	0.766284
15995.0	0.765826
16000.0	0.765368
16005.0	0.7649100000000001
16010.0	0.764452
16015.0	0.763994
16020.0	0.763536
16025.0	0.763079
16030.0	0.762621
16035.0	0.762163
16040.0	0.761705
16045.0	0.7612479999999999
16050.0	0.76079
16055.0	0.760333
16060.0	0.759875
16065.0	0.759418
16070.0	0.7589600000000001
16075.0	0.7585029999999999
16080.0	0.758045
16085.0	0.757588
16090.0	0.757131
16095.0	0.756674
16100.0	0.756217
16105.0	0.7557590000000001
16110.0	0.755302
16115.0	0.754845
16120.0	0.7543880000000001
16125.0	0.753931
16130.0	0.753474
16135.0	0.7530180000000001
16140.0	0.7525609999999999
16145.0	0.752104
16150.0	0.7516470000000001
16155.0	0.7511909999999999
16160.0	0.750734
16165.0	0.7502770000000001
16170.0	0.749821
16175.0	0.749364
16180.0	0.748908
16185.0	0.748452
16190.0	0.747995
16195.0	0.7475390000000001
16200.0	0.7470829999999999
16205.0	0.746626
16210.0	0.74617
16215.0	0.745714
16220.0	0.745258
16225.0	0.7448020000000001
16230.0	0.744346
16235.0	0.7438899999999999
16240.0	0.743434
16245.0	0.742979
16250.0	0.7425229999999999
16255.0	0.742067
16260.0	0.741611
16265.0	0.741156
16270.0	0.7407
16275.0	0.7402449999999999
16280.0	0.739789
16285.0	0.739334
16290.0	0.738879
16295.0	0.7384229999999999
16300.0	0.7379680000000001
16305.0	0.737513
16310.0	0.737058
16315.0	0.736603
16320.0	0.7361479999999999
16325.0	0.735693
16330.0	0.7352380000000001
16335.0	0.734783
16340.0	0.734328
16345.0	0.733874
16350.0	0.7334189999999999
16355.0	0.7329640000000001
16360.0	0.73251
16365.0	0.732055
16370.0	0.7316010000000001
16375.0	0.731146
16380.0	0.730692
16385.0	0.730238
16390.0	0.729783
16395.0	0.729329
16400.0	0.728875
16405.0	0.728421
16410.0	0.727967
16415.0	0.727513
16420.0	0.727059
16425.0	0.7266060000000001
16430.0	0.726152
16435.0	0.725698
16440.0	0.725244
16445.0	0.724791
16450.0	0.724337
16455.0	0.723884
16460.0	0.72343
16465.0	0.7229770000000001
16470.0	0.7225239999999999
16475.0	0.72207
16480.0	0.721617
16485.0	0.721164
16490.0	0.720711
16495.0	0.720258
16500.0	0.719805
16505.0	0.719352
16510.0	0.718899
16515.0	0.7184470000000001
16520.0	0.7179939999999999
16525.0	0.717541
16530.0	0.7170890000000001
16535.0	0.7166359999999999
16540.0	0.716184
16545.0	0.7157319999999999
16550.0	0.715279
16555.0	0.714827
16560.0	0.714375
16565.0	0.713923
16570.0	0.713471
16575.0	0.713019
16580.0	0.7125670000000001
16585.0	0.7121149999999999
16590.0	0.711663
16595.0	0.7112109999999999
16600.0	0.7107600000000001
16605.0	0.7103079999999999
16610.0	0.709856
16615.0	0.7094050000000001
16620.0	0.7089529999999999
16625.0	0.7085020000000001
16630.0	0.708051
16635.0	0.707599
16640.0	0.707148
16645.0	0.706697
16650.0	0.706246
16655.0	0.705795
16660.0	0.705344
16665.0	0.704893
16670.0	0.704443
16675.0	0.7039920000000001
16680.0	0.703541
16685.0	0.703091
16690.0	0.7026399999999999
16695.0	0.70219
16700.0	0.701739
16705.0	0.701289
16710.0	0.700839
16715.0	0.700389
16720.0	0.699939
16725.0	0.699489
16730.0	0.6990390000000001
16735.0	0.698589
16740.0	0.6981390000000001
16745.0	0.697689
16750.0	0.697239
16755.0	0.6967899999999999
16760.0	0.69634
16765.0	0.695891
16770.0	0.695441
16775.0	0.694992
16780.0	0.694543
16785.0	0.6940930000000001
16790.0	0.6936439999999999
16795.0	0.693195
16800.0	0.692746
16805.0	0.692297
16810.0	0.6918479999999999
16815.0	0.6914
16820.0	0.690951
16825.0	0.6905020000000001
16830.0	0.690054
16835.0	0.689605
16840.0	0.689157
16845.0	0.688708
16850.0	0.68826
16855.0	0.687812
16860.0	0.6873640000000001
16865.0	0.686916
16870.0	0.6864680000000001
16875.0	0.68602
16880.0	0.6855720000000001
16885.0	0.685124
16890.0	0.6846760000000001
16895.0	0.684229
16900.0	0.6837810000000001
16905.0	0.683334
16910.0	0.682886
16915.0	0.682439
16920.0	0.681992
16925.0	0.6815439999999999
16930.0	0.6810970000000001
16935.0	0.68065
16940.0	0.680203
16945.0	0.679756
16950.0	0.679309
16955.0	0.678863
16960.0	0.678416
16965.0	0.67797
16970.0	0.677523
16975.0	0.677077
16980.0	0.6766300000000001
16985.0	0.676184
16990.0	0.6757380000000001
16995.0	0.675292
17000.0	0.6748460000000001
17005.0	0.674399
17010.0	0.6739539999999999
17015.0	0.673508
17020.0	0.6730619999999999
17025.0	0.672616
17030.0	0.672171
17035.0	0.671725
17040.0	0.67128
17045.0	0.670834
17050.0	0.670389
17055.0	0.669944
17060.0	0.669499
17065.0	0.669054
17070.0	0.668609
17075.0	0.668164
17080.0	0.667719
17085.0	0.6672739999999999
17090.0	0.66683
17095.0	0.666385
17100.0	0.665941
17105.0	0.665496
17110.0	0.6650520000000001
17115.0	0.664608
17120.0	0.6641640000000001
17125.0	0.663719
17130.0	0.663275
17135.0	0.6628310000000001
17140.0	0.662388
17145.0	0.661944
17150.0	0.6615
17155.0	0.661057
17160.0	0.660613
17165.0	0.66017
17170.0	0.659726
17175.0	0.659283
17180.0	0.65884
17185.0	0.658397
17190.0	0.657954
17195.0	0.657511
17200.0	0.657068
17205.0	0.656625
17210.0	0.6561819999999999
17215.0	0.65574
17220.0	0.655297
17225.0	0.654855
17230.0	0.654413
17235.0	0.6539699999999999
17240.0	0.653528
17245.0	0.6530859999999999
17250.0	0.652644
17255.0	0.6522020000000001
17260.0	0.65176
17265.0	0.6513180000000001
17270.0	0.650877
17275.0	0.650435
17280.0	0.649994
17285.0	0.649552
17290.0	0.649111
17295.0	0.64867
17300.0	0.6482289999999999
17305.0	0.647788
17310.0	0.647347
17315.0	0.6469060000000001
17320.0	0.646465
17325.0	0.6460239999999999
17330.0	0.645584
17335.0	0.645143
17340.0	0.644703
17345.0	0.644262
17350.0	0.643822
17355.0	0.643382
17360.0	0.642942
17365.0	0.642502
17370.0	0.642062
17375.0	0.641622
17380.0	0.6411819999999999
17385.0	0.640742
17390.0	0.640303
17395.0	0.639863
17400.0	0.639424
17405.0	0.638985
17410.0	0.6385460000000001
17415.0	0.6381060000000001
17420.0	0.637667
17425.0	0.637228
17430.0	0.63679
17435.0	0.636351
17440.0	0.635912
17445.0	0.635474
17450.0	0.635035
17455.0	0.6345970000000001
17460.0	0.634158
17465.0	0.63372
17470.0	0.633282
17475.0	0.632844
17480.0	0.632406
17485.0	0.631968
17490.0	0.6315310000000001
17495.0	0.631093
17500.0	0.630655
17505.0	0.6302180000000001
17510.0	0.62978
17515.0	0.629343
17520.0	0.6289060000000001
17525.0	0.6284689999999999
17530.0	0.6280319999999999
17535.0	0.627595
17540.0	0.627158
17545.0	0.626721
17550.0	0.6262850000000001
17555.0	0.625848
17560.0	0.625412
17565.0	0.624976
17570.0	0.6245390000000001
17575.0	0.624103
17580.0	0.623667
17585.0	0.6232310000000001
17590.0	0.622795
17595.0	0.62236
17600.0	0.621924
17605.0	0.621488
17610.0	0.621053
17615.0	0.620618
17620.0	0.620182
17625.0	0.619747
17630.0	0.619312
17635.0	0.618877
17640.0	0.618442
17645.0	0.618007
17650.0	0.6175729999999999
17655.0	0.617138
17660.0	0.616704
17665.0	0.616269
17670.0	0.615835
17675.0	0.615401
17680.0	0.614967
17685.0	0.614533
17690.0	0.614099
17695.0	0.613665
17700.0	0.6132310000000001
17705.0	0.612798
17710.0	0.612364
17715.0	0.611931
17720.0	0.6114970000000001
17725.0	0.611064
17730.0	0.610631
17735.0	0.6101979999999999
17740.0	0.609765
17745.0	0.609332
17750.0	0.6089
17755.0	0.608467
17760.0	0.608035
17765.0	0.6076020000000001
17770.0	0.60717
17775.0	0.606738
17780.0	0.606306
17785.0	0.605874
17790.0	0.605442
17795.0	0.60501
17800.0	0.604578
17805.0	0.604147
17810.0	0.603715
17815.0	0.603284
17820.0	0.602853
17825.0	0.602421
17830.0	0.6019899999999999
17835.0	0.6015590000000001
17840.0	0.601129
17845.0	0.600698
17850.0	0.600267
17855.0	0.599837
17860.0	0.599406
17865.0	0.5989760000000001
17870.0	0.598546
17875.0	0.598116
17880.0	0.5976859999999999
17885.0	0.597256
17890.0	0.596826
17895.0	0.596396
17900.0	0.595967
17905.0	0.595537
17910.0	0.595108
17915.0	0.5946779999999999
17920.0	0.594249
17925.0	0.59382
17930.0	0.593391
17935.0	0.592962
17940.0	0.592534
17945.0	0.592105
17950.0	0.591677
17955.0	0.591248
17960.0	0.59082
17965.0	0.590392
17970.0	0.589964
17975.0	0.589536
17980.0	0.589108
17985.0	0.58868
17990.0	0.588252
17995.0	0.587825
18000.0	0.5873970000000001
18005.0	0.58697
18010.0	0.586543
18015.0	0.586116
18020.0	0.585689
18025.0	0.585262
18030.0	0.584835
18035.0	0.584408
18040.0	0.583982
18045.0	0.583555
18050.0	0.583129
18055.0	0.582703
18060.0	0.582277
18065.0	0.581851
18070.0	0.581425
18075.0	0.5809989999999999
18080.0	0.580573
18085.0	0.580148
18090.0	0.5797220000000001
18095.0	0.5792970000000001
18100.0	0.578872
18105.0	0.578447
18110.0	0.578022
18115.0	0.577597
18120.0	0.577172
18125.0	0.5767479999999999
18130.0	0.5763229999999999
18135.0	0.5758989999999999
18140.0	0.5754739999999999
18145.0	0.57505
18150.0	0.574626
18155.0	0.574202
18160.0	0.573778
18165.0	0.5733550000000001
18170.0	0.5729310000000001
18175.0	0.572507
18180.0	0.572084
18185.0	0.571661
18190.0	0.571238
18195.0	0.570815
18200.0	0.570392
18205.0	0.569969
18210.0	0.569546
18215.0	0.5691229999999999
18220.0	0.568701
18225.0	0.568279
18230.0	0.567856
18235.0	0.567434
18240.0	0.567012
18245.0	0.5665899999999999
18250.0	0.5661689999999999
18255.0	0.565747
18260.0	0.565326
18265.0	0.564904
18270.0	0.564483
18275.0	0.564062
18280.0	0.563641
18285.0	0.5632199999999999
18290.0	0.5627989999999999
18295.0	0.5623779999999999
18300.0	0.561958
18305.0	0.561537
18310.0	0.561117
18315.0	0.560697
18320.0	0.560277
18325.0	0.5598569999999999
18330.0	0.559437
18335.0	0.559017
18340.0	0.558597
18345.0	0.558178
18350.0	0.557758
18355.0	0.557339
18360.0	0.55692
18365.0	0.556501
18370.0	0.556082
18375.0	0.555663
18380.0	0.555245
18385.0	0.554826
18390.0	0.554408
18395.0	0.55399
18400.0	0.553571
18405.0	0.553153
18410.0	0.5527350000000001
18415.0	0.552318
18420.0	0.5519
18425.0	0.5514819999999999
18430.0	0.5510649999999999
18435.0	0.5506479999999999
18440.0	0.550231
18445.0	0.549814
18450.0	0.549397
18455.0	0.54898
18460.0	0.548563
18465.0	0.548147
18470.0	0.54773
18475.0	0.5473140000000001
18480.0	0.546898
18485.0	0.546482
18490.0	0.5460659999999999
18495.0	0.54565
18500.0	0.545234
18505.0	0.5448189999999999
18510.0	0.544403
18515.0	0.543988
18520.0	0.543573
18525.0	0.543158
18530.0	0.542743
18535.0	0.5423279999999999
18540.0	0.541913
18545.0	0.541499
18550.0	0.541084
18555.0	0.54067
18560.0	0.5402560000000001
18565.0	0.539842
18570.0	0.539428
18575.0	0.539014
18580.0	0.5386
18585.0	0.538187
18590.0	0.537774
18595.0	0.5373600000000001
18600.0	0.5369470000000001
18605.0	0.5365340000000001
18610.0	0.536121
18615.0	0.535709
18620.0	0.535296
18625.0	0.534883
18630.0	0.534471
18635.0	0.5340590000000001
18640.0	0.533647
18645.0	0.533235
18650.0	0.5328229999999999
18655.0	0.532411
18660.0	0.532
18665.0	0.5315880000000001
18670.0	0.531177
18675.0	0.530766
18680.0	0.530355
18685.0	0.529944
18690.0	0.529533
18695.0	0.529122
18700.0	0.528712
18705.0	0.528301
18710.0	0.527891
18715.0	0.5274810000000001
18720.0	0.527071
18725.0	0.5266609999999999
18730.0	0.526251
18735.0	0.525842
18740.0	0.525432
18745.0	0.5250229999999999
18750.0	0.524614
18755.0	0.524205
18760.0	0.523796
18765.0	0.5233869999999999
18770.0	0.5229779999999999
18775.0	0.52257
18780.0	0.522161
18785.0	0.521753
18790.0	0.521345
18795.0	0.520937
18800.0	0.520529
18805.0	0.520122
18810.0	0.519714
18815.0	0.519307
18820.0	0.518899
18825.0	0.518492
18830.0	0.518085
18835.0	0.517678
18840.0	0.517271
18845.0	0.516865
18850.0	0.516458
18855.0	0.5160520000000001
18860.0	0.515646
18865.0	0.5152399999999999
18870.0	0.514834
18875.0	0.514428
18880.0	0.514022
18885.0	0.513617
18890.0	0.513211
18895.0	0.5128060000000001
18900.0	0.512401
18905.0	0.511996
18910.0	0.511591
18915.0	0.511187
18920.0	0.510782
18925.0	0.510378
18930.0	0.509973
18935.0	0.5095689999999999
18940.0	0.509165
18945.0	0.508761
18950.0	0.508358
18955.0	0.507954
18960.0	0.507551
18965.0	0.507147
18970.0	0.506744
18975.0	0.5063409999999999
18980.0	0.505938
18985.0	0.505536
18990.0	0.5051329999999999
18995.0	0.504731
19000.0	0.504328
19005.0	0.503926
19010.0	0.503524
19015.0	0.5031220000000001
19020.0	0.50272
19025.0	0.502319
19030.0	0.5019170000000001
19035.0	0.501516
19040.0	0.501115
19045.0	0.500714
19050.0	0.500313
19055.0	0.49991199999999997
19060.0	0.499512
19065.0	0.49911099999999997
19070.0	0.49871099999999996
19075.0	0.49831099999999995
19080.0	0.497911
19085.0	0.497511
19090.0	0.49711099999999997
19095.0	0.496712
19100.0	0.496312
19105.0	0.495913
19110.0	0.495514
19115.0	0.49511499999999997
19120.0	0.494716
19125.0	0.494317
19130.0	0.49391899999999994
19135.0	0.49351999999999996
19140.0	0.493122
19145.0	0.492724
19150.0	0.49232600000000004
19155.0	0.491928
19160.0	0.49153
19165.0	0.491133
19170.0	0.49073599999999995
19175.0	0.490338
19180.0	0.48994099999999996
19185.0	0.489544
19190.0	0.48914799999999997
19195.0	0.48875100000000005
19200.0	0.488354
19205.0	0.487958
19210.0	0.487562
19215.0	0.487166
19220.0	0.48677
19225.0	0.486374
19230.0	0.485979
19235.0	0.485583
19240.0	0.485188
19245.0	0.48479300000000003
19250.0	0.48439799999999994
19255.0	0.48400299999999996
19260.0	0.483608
19265.0	0.48321400000000003
19270.0	0.48281899999999994
19275.0	0.482425
19280.0	0.48203100000000004
19285.0	0.481637
19290.0	0.48124300000000003
19295.0	0.48084899999999997
19300.0	0.48045600000000005
19305.0	0.480063
19310.0	0.47966899999999996
19315.0	0.47927600000000004
19320.0	0.478883
19325.0	0.478491
19330.0	0.47809799999999997
19335.0	0.477706
19340.0	0.477313
19345.0	0.476921
19350.0	0.476529
19355.0	0.476138
19360.0	0.475746
19365.0	0.475354
19370.0	0.474963
19375.0	0.47457200000000005
19380.0	0.474181
19385.0	0.47379
19390.0	0.47339899999999996
19395.0	0.473009
19400.0	0.47261800000000004
19405.0	0.472228
19410.0	0.47183800000000004
19415.0	0.471448
19420.0	0.471058
19425.0	0.47066800000000003
19430.0	0.470279
19435.0	0.46988900000000006
19440.0	0.4695
19445.0	0.46911099999999994
19450.0	0.468722
19455.0	0.46833400000000003
19460.0	0.467945
19465.0	0.46755699999999994
19470.0	0.467168
19475.0	0.46678000000000003
19480.0	0.46639200000000003
19485.0	0.466005
19490.0	0.465617
19495.0	0.46523000000000003
19500.0	0.46484200000000003
19505.0	0.464455
19510.0	0.46406800000000004
19515.0	0.46368100000000007
19520.0	0.46329499999999996
19525.0	0.462908
19530.0	0.46252200000000004
19535.0	0.462136
19540.0	0.46175
19545.0	0.46136400000000005
19550.0	0.460978
19555.0	0.46059300000000003
19560.0	0.460207
19565.0	0.459822
19570.0	0.459437
19575.0	0.45905200000000007
19580.0	0.458667
19585.0	0.458283
19590.0	0.45789799999999997
19595.0	0.45751400000000003
19600.0	0.45713000000000004
19605.0	0.456746
19610.0	0.456362
19615.0	0.455978
19620.0	0.45559499999999997
19625.0	0.455212
19630.0	0.454829
19635.0	0.454446
19640.0	0.454063
19645.0	0.45368
19650.0	0.453298
19655.0	0.45291499999999996
19660.0	0.452533
19665.0	0.452151
19670.0	0.451769
19675.0	0.451388
19680.0	0.451006
19685.0	0.450625
19690.0	0.450244
19695.0	0.449863
19700.0	0.449482
19705.0	0.44910100000000003
19710.0	0.448721
19715.0	0.44833999999999996
19720.0	0.44796
19725.0	0.44758000000000003
19730.0	0.4472
19735.0	0.446821
19740.0	0.446441
19745.0	0.446062
19750.0	0.445683
19755.0	0.445304
19760.0	0.444925
19765.0	0.444546
19770.0	0.444168
19775.0	0.44378900000000004
19780.0	0.44341099999999994
19785.0	0.443033
19790.0	0.442655
19795.0	0.44227700000000003
19800.0	0.4419
19805.0	0.44152299999999994
19810.0	0.441145
19815.0	0.44076800000000005
19820.0	0.440392
19825.0	0.440015
19830.0	0.43963800000000003
19835.0	0.439262
19840.0	0.43888599999999994
19845.0	0.43851
19850.0	0.438134
19855.0	0.437758
19860.0	0.43738299999999997
19865.0	0.437008
19870.0	0.43663199999999996
19875.0	0.436258
19880.0	0.435883
19885.0	0.435508
19890.0	0.435134
19895.0	0.434759
19900.0	0.434385
19905.0	0.434011
19910.0	0.433637
19915.0	0.43326400000000004
19920.0	0.43288999999999994
19925.0	0.432517
19930.0	0.432144
19935.0	0.431771
19940.0	0.43139799999999995
19945.0	0.431026
19950.0	0.43065299999999995
19955.0	0.430281
19960.0	0.42990900000000004
19965.0	0.429537
19970.0	0.429166
19975.0	0.42879399999999995
19980.0	0.42842299999999994
19985.0	0.428051
19990.0	0.42768
19995.0	0.42731
20000.0	0.426939
20005.0	0.426568
20010.0	0.42619799999999997
20015.0	0.425828
20020.0	0.425458
20025.0	0.425088
20030.0	0.42471899999999996
20035.0	0.424349
20040.0	0.42398
20045.0	0.42361099999999996
20050.0	0.423242
20055.0	0.42287299999999994
20060.0	0.422505
20065.0	0.42213599999999996
20070.0	0.42176800000000003
20075.0	0.4214
20080.0	0.42103199999999996
20085.0	0.42066400000000004
20090.0	0.42029700000000003
20095.0	0.41993
20100.0	0.419562
20105.0	0.419195
20110.0	0.418829
20115.0	0.418462
20120.0	0.418096
20125.0	0.417729
20130.0	0.417363
20135.0	0.416997
20140.0	0.41663199999999995
20145.0	0.41626599999999997
20150.0	0.415901
20155.0	0.41553599999999996
20160.0	0.415171
20165.0	0.41480600000000006
20170.0	0.414441
20175.0	0.41407700000000003
20180.0	0.41371199999999997
20185.0	0.41334799999999994
20190.0	0.412984
20195.0	0.412621
20200.0	0.412257
20205.0	0.411894
20210.0	0.41153
20215.0	0.411167
20220.0	0.41080500000000003
20225.0	0.41044200000000003
20230.0	0.41008
20235.0	0.409717
20240.0	0.409355
20245.0	0.408993
20250.0	0.408631
20255.0	0.40826999999999997
20260.0	0.407909
20265.0	0.407547
20270.0	0.407186
20275.0	0.406825
20280.0	0.406465
20285.0	0.406104
20290.0	0.405744
20295.0	0.405384
20300.0	0.405024
20305.0	0.40466399999999997
20310.0	0.404305
20315.0	0.403945
20320.0	0.403586
20325.0	0.403227
20330.0	0.40286900000000003
20335.0	0.40251
20340.0	0.402152
20345.0	0.401793
20350.0	0.401435
20355.0	0.401077
20360.0	0.40071999999999997
20365.0	0.400362
20370.0	0.400005
20375.0	0.399648
20380.0	0.399291
20385.0	0.398934
20390.0	0.398577
20395.0	0.398221
20400.0	0.397865
20405.0	0.397509
20410.0	0.39715300000000003
20415.0	0.39679699999999996
20420.0	0.396442
20425.0	0.39608699999999997
20430.0	0.39573200000000003
20435.0	0.395377
20440.0	0.395022
20445.0	0.39466799999999996
20450.0	0.394313
20455.0	0.393959
20460.0	0.39360500000000004
20465.0	0.393252
20470.0	0.392898
20475.0	0.392545
20480.0	0.392191
20485.0	0.391838
20490.0	0.391486
20495.0	0.391133
20500.0	0.390781
20505.0	0.390428
20510.0	0.39007600000000003
20515.0	0.389725
20520.0	0.389373
20525.0	0.389021
20530.0	0.38866999999999996
20535.0	0.388319
20540.0	0.387968
20545.0	0.38761799999999996
20550.0	0.38726700000000003
20555.0	0.386917
20560.0	0.386567
20565.0	0.38621700000000003
20570.0	0.385867
20575.0	0.385517
20580.0	0.385168
20585.0	0.384819
20590.0	0.38447
20595.0	0.384121
20600.0	0.383773
20605.0	0.383424
20610.0	0.383076
20615.0	0.382728
20620.0	0.38238
20625.0	0.382033
20630.0	0.381685
20635.0	0.381338
20640.0	0.38099099999999997
20645.0	0.380644
20650.0	0.380298
20655.0	0.37995100000000004
20660.0	0.379605
20665.0	0.379259
20670.0	0.378913
20675.0	0.37856799999999996
20680.0	0.378222
20685.0	0.377877
20690.0	0.37753200000000003
20695.0	0.377187
20700.0	0.376842
20705.0	0.376498
20710.0	0.376154
20715.0	0.37581
20720.0	0.37546599999999997
20725.0	0.37512199999999996
20730.0	0.374779
20735.0	0.374435
20740.0	0.374092
20745.0	0.373749
20750.0	0.373407
20755.0	0.373064
20760.0	0.372722
20765.0	0.37238000000000004
20770.0	0.37203800000000004
20775.0	0.371696
20780.0	0.371355
20785.0	0.371014
20790.0	0.370672
20795.0	0.370332
20800.0	0.36999099999999996
20805.0	0.36965
20810.0	0.36930999999999997
20815.0	0.36896999999999996
20820.0	0.36863
20825.0	0.368291
20830.0	0.36795100000000003
20835.0	0.367612
20840.0	0.367273
20845.0	0.36693400000000004
20850.0	0.366595
20855.0	0.366257
20860.0	0.365919
20865.0	0.36558
20870.0	0.365243
20875.0	0.36490500000000003
20880.0	0.36456700000000003
20885.0	0.36423
20890.0	0.36389299999999997
20895.0	0.363556
20900.0	0.36322
20905.0	0.362883
20910.0	0.36254699999999995
20915.0	0.362211
20920.0	0.361875
20925.0	0.36154000000000003
20930.0	0.36120399999999997
20935.0	0.360869
20940.0	0.360534
20945.0	0.360199
20950.0	0.359865
20955.0	0.35953
20960.0	0.359196
20965.0	0.358862
20970.0	0.358528
20975.0	0.358195
20980.0	0.35786100000000004
20985.0	0.357528
20990.0	0.357195
20995.0	0.356863
21000.0	0.35653
21005.0	0.356198
21010.0	0.35586599999999996
21015.0	0.355534
21020.0	0.355202
21025.0	0.35486999999999996
21030.0	0.354539
21035.0	0.35420799999999997
21040.0	0.353877
21045.0	0.353547
21050.0	0.353216
21055.0	0.35288600000000003
21060.0	0.352556
21065.0	0.35222600000000004
21070.0	0.351896
21075.0	0.351567
21080.0	0.351238
21085.0	0.350909
21090.0	0.35058
21095.0	0.35025100000000003
21100.0	0.349923
21105.0	0.349595
21110.0	0.349267
21115.0	0.348939
21120.0	0.348612
21125.0	0.348285
21130.0	0.347957
21135.0	0.34763099999999997
21140.0	0.347304
21145.0	0.346977
21150.0	0.34665100000000004
21155.0	0.346325
21160.0	0.345999
21165.0	0.345674
21170.0	0.345348
21175.0	0.345023
21180.0	0.344698
21185.0	0.344373
21190.0	0.344049
21195.0	0.343725
21200.0	0.3434
21205.0	0.34307600000000005
21210.0	0.34275300000000003
21215.0	0.342429
21220.0	0.342106
21225.0	0.341783
21230.0	0.34146
21235.0	0.34113699999999997
21240.0	0.34081500000000003
21245.0	0.340493
21250.0	0.340171
21255.0	0.33984899999999996
21260.0	0.339528
21265.0	0.339206
21270.0	0.338885
21275.0	0.338564
21280.0	0.338244
21285.0	0.33792300000000003
21290.0	0.33760300000000004
21295.0	0.337283
21300.0	0.336963
21305.0	0.33664299999999997
21310.0	0.33632399999999996
21315.0	0.336005
21320.0	0.33568600000000004
21325.0	0.335367
21330.0	0.335049
21335.0	0.33473
21340.0	0.334412
21345.0	0.334094
21350.0	0.333777
21355.0	0.333459
21360.0	0.333142
21365.0	0.332825
21370.0	0.33250799999999997
21375.0	0.332192
21380.0	0.331875
21385.0	0.331559
21390.0	0.331243
21395.0	0.330928
21400.0	0.33061199999999996
21405.0	0.330297
21410.0	0.329982
21415.0	0.329667
21420.0	0.329353
21425.0	0.329038
21430.0	0.32872399999999996
21435.0	0.32841
21440.0	0.32809699999999997
21445.0	0.327783
21450.0	0.32747
21455.0	0.32715700000000003
21460.0	0.326844
21465.0	0.326532
21470.0	0.326219
21475.0	0.325907
21480.0	0.32559499999999997
21485.0	0.325283
21490.0	0.324972
21495.0	0.32466100000000003
21500.0	0.32435
21505.0	0.32403899999999997
21510.0	0.323728
21515.0	0.323418
21520.0	0.323108
21525.0	0.32279800000000003
21530.0	0.322488
21535.0	0.322179
21540.0	0.32187
21545.0	0.321561
21550.0	0.321252
21555.0	0.320943
21560.0	0.320635
21565.0	0.320327
21570.0	0.320019
21575.0	0.319711
21580.0	0.319404
21585.0	0.31909699999999996
21590.0	0.31879
21595.0	0.318483
21600.0	0.318176
21605.0	0.31787
21610.0	0.317564
21615.0	0.317258
21620.0	0.31695300000000004
21625.0	0.31664699999999996
21630.0	0.316342
21635.0	0.316037
21640.0	0.315732
21645.0	0.31542800000000004
21650.0	0.31512399999999996
21655.0	0.31482
21660.0	0.31451599999999996
21665.0	0.314212
21670.0	0.313909
21675.0	0.313606
21680.0	0.313303
21685.0	0.313
21690.0	0.312698
21695.0	0.312396
21700.0	0.312094
21705.0	0.311792
21710.0	0.31149
21715.0	0.311189
21720.0	0.310888
21725.0	0.310587
21730.0	0.310287
21735.0	0.30998600000000004
21740.0	0.309686
21745.0	0.309386
21750.0	0.309087
21755.0	0.308787
21760.0	0.308488
21765.0	0.308189
21770.0	0.30789
21775.0	0.30759200000000003
21780.0	0.307294
21785.0	0.306996
21790.0	0.306698
21795.0	0.3064
21800.0	0.306103
21805.0	0.305806
21810.0	0.30550900000000003
21815.0	0.305212
21820.0	0.30491599999999996
21825.0	0.30462
21830.0	0.304324
21835.0	0.304028
21840.0	0.303733
21845.0	0.303437
21850.0	0.303142
21855.0	0.302848
21860.0	0.302553
21865.0	0.302259
21870.0	0.301965
21875.0	0.301671
21880.0	0.301377
21885.0	0.301084
21890.0	0.300791
21895.0	0.300498
21900.0	0.300205
21905.0	0.299913
21910.0	0.299621
21915.0	0.299329
21920.0	0.299037
21925.0	0.298746
21930.0	0.298454
21935.0	0.298163
21940.0	0.297873
21945.0	0.297582
21950.0	0.297292
21955.0	0.297002
21960.0	0.296712
21965.0	0.29642199999999996
21970.0	0.296133
21975.0	0.295844
21980.0	0.295555
21985.0	0.295266
21990.0	0.294978
21995.0	0.29469
22000.0	0.294402
22005.0	0.294114
22010.0	0.293827
22015.0	0.293539
22020.0	0.293252
22025.0	0.29296500000000003
22030.0	0.292679
22035.0	0.29239299999999996
22040.0	0.292106
22045.0	0.291821
22050.0	0.291535
22055.0	0.29125
22060.0	0.290964
22065.0	0.290679
22070.0	0.29039499999999996
22075.0	0.29011
22080.0	0.28982600000000003
22085.0	0.289542
22090.0	0.289258
22095.0	0.288975
22100.0	0.288691
22105.0	0.288408
22110.0	0.28812600000000005
22115.0	0.28784299999999996
22120.0	0.287561
22125.0	0.28727800000000003
22130.0	0.28699600000000003
22135.0	0.286715
22140.0	0.286433
22145.0	0.286152
22150.0	0.285871
22155.0	0.28559
22160.0	0.28531
22165.0	0.285029
22170.0	0.284749
22175.0	0.28447
22180.0	0.28419
22185.0	0.283911
22190.0	0.283631
22195.0	0.283352
22200.0	0.283074
22205.0	0.28279499999999996
22210.0	0.282517
22215.0	0.28223899999999996
22220.0	0.281961
22225.0	0.281684
22230.0	0.281406
22235.0	0.281129
22240.0	0.280853
22245.0	0.28057600000000005
22250.0	0.28029899999999996
22255.0	0.280023
22260.0	0.27974699999999997
22265.0	0.279472
22270.0	0.279196
22275.0	0.27892100000000003
22280.0	0.278646
22285.0	0.278371
22290.0	0.278096
22295.0	0.27782199999999996
22300.0	0.277548
22305.0	0.27727399999999996
22310.0	0.277
22315.0	0.276727
22320.0	0.276454
22325.0	0.276181
22330.0	0.275908
22335.0	0.275636
22340.0	0.275363
22345.0	0.275091
22350.0	0.274819
22355.0	0.274548
22360.0	0.274276
22365.0	0.274005
22370.0	0.27373400000000003
22375.0	0.273464
22380.0	0.27319299999999996
22385.0	0.272923
22390.0	0.27265300000000003
22395.0	0.272383
22400.0	0.272113
22405.0	0.27184400000000003
22410.0	0.271575
22415.0	0.271306
22420.0	0.271037
22425.0	0.270769
22430.0	0.27050100000000005
22435.0	0.270233
22440.0	0.269965
22445.0	0.26969699999999996
22450.0	0.26943
22455.0	0.269163
22460.0	0.268896
22465.0	0.268629
22470.0	0.268363
22475.0	0.268097
22480.0	0.267831
22485.0	0.267565
22490.0	0.26729899999999995
22495.0	0.267034
22500.0	0.266769
22505.0	0.266504
22510.0	0.26624000000000003
22515.0	0.265975
22520.0	0.26571100000000003
22525.0	0.265447
22530.0	0.265183
22535.0	0.26492
22540.0	0.26465700000000003
22545.0	0.264393
22550.0	0.264131
22555.0	0.263868
22560.0	0.263606
22565.0	0.263343
22570.0	0.263081
22575.0	0.26282
22580.0	0.262558
22585.0	0.262297
22590.0	0.262036
22595.0	0.261775
22600.0	0.26151399999999997
22605.0	0.261254
22610.0	0.260994
22615.0	0.260734
22620.0	0.260474
22625.0	0.26021500000000003
22630.0	0.259955
22635.0	0.259696
22640.0	0.259438
22645.0	0.259179
22650.0	0.25892
22655.0	0.258662
22660.0	0.258404
22665.0	0.25814699999999996
22670.0	0.257889
22675.0	0.257632
22680.0	0.257375
22685.0	0.25711799999999996
22690.0	0.256861
22695.0	0.256605
22700.0	0.256349
22705.0	0.25609299999999996
22710.0	0.255837
22715.0	0.255581
22720.0	0.255326
22725.0	0.255071
22730.0	0.254816
22735.0	0.254562
22740.0	0.254307
22745.0	0.25405300000000003
22750.0	0.253799
22755.0	0.25354499999999996
22760.0	0.253292
22765.0	0.253038
22770.0	0.252785
22775.0	0.25253200000000003
22780.0	0.25228
22785.0	0.252027
22790.0	0.251775
22795.0	0.251523
22800.0	0.251271
22805.0	0.251019
22810.0	0.250768
22815.0	0.250517
22820.0	0.250266
22825.0	0.250015
22830.0	0.24976500000000001
22835.0	0.24951500000000001
22840.0	0.24926500000000001
22845.0	0.24901500000000001
22850.0	0.24876500000000001
22855.0	0.248516
22860.0	0.24826700000000002
22865.0	0.248018
22870.0	0.24776900000000002
22875.0	0.24752
22880.0	0.247272
22885.0	0.24702399999999997
22890.0	0.24677600000000002
22895.0	0.24652800000000002
22900.0	0.246281
22905.0	0.246034
22910.0	0.24578699999999998
22915.0	0.24554
22920.0	0.24529299999999998
22925.0	0.245047
22930.0	0.24480100000000002
22935.0	0.24455500000000002
22940.0	0.24430900000000003
22945.0	0.24406399999999998
22950.0	0.24381799999999998
22955.0	0.243573
22960.0	0.24332800000000002
22965.0	0.24308400000000002
22970.0	0.242839
22975.0	0.24259499999999998
22980.0	0.242351
22985.0	0.24210700000000002
22990.0	0.241864
22995.0	0.24161999999999997
23000.0	0.241377
23005.0	0.24113400000000001
23010.0	0.240892
23015.0	0.24064899999999997
23020.0	0.240407
23025.0	0.24016500000000002
23030.0	0.239923
23035.0	0.239681
23040.0	0.23944000000000001
23045.0	0.23919899999999997
23050.0	0.238958
23055.0	0.238717
23060.0	0.23847600000000002
23065.0	0.238236
23070.0	0.237996
23075.0	0.237756
23080.0	0.23751599999999998
23085.0	0.237277
23090.0	0.237038
23095.0	0.23679899999999998
23100.0	0.23656
23105.0	0.236321
23110.0	0.236083
23115.0	0.235844
23120.0	0.23560599999999998
23125.0	0.235369
23130.0	0.235131
23135.0	0.234894
23140.0	0.234656
23145.0	0.23442
23150.0	0.234183
23155.0	0.23394600000000002
23160.0	0.23371
23165.0	0.233474
23170.0	0.233238
23175.0	0.233002
23180.0	0.232767
23185.0	0.23253200000000002
23190.0	0.23229699999999998
23195.0	0.232062
23200.0	0.231827
23205.0	0.231593
23210.0	0.231359
23215.0	0.231125
23220.0	0.23089099999999999
23225.0	0.23065700000000003
23230.0	0.230424
23235.0	0.23019099999999998
23240.0	0.229958
23245.0	0.229725
23250.0	0.22949299999999997
23255.0	0.22926
23260.0	0.229028
23265.0	0.228796
23270.0	0.22856500000000002
23275.0	0.22833299999999998
23280.0	0.228102
23285.0	0.227871
23290.0	0.22764
23295.0	0.22740900000000003
23300.0	0.227179
23305.0	0.22694899999999998
23310.0	0.226719
23315.0	0.226489
23320.0	0.22626
23325.0	0.22603
23330.0	0.22580100000000003
23335.0	0.22557199999999997
23340.0	0.225343
23345.0	0.225115
23350.0	0.224886
23355.0	0.224658
23360.0	0.22443000000000002
23365.0	0.224203
23370.0	0.223975
23375.0	0.223748
23380.0	0.223521
23385.0	0.223294
23390.0	0.22306700000000002
23395.0	0.22284099999999998
23400.0	0.222615
23405.0	0.22238899999999998
23410.0	0.222163
23415.0	0.221937
23420.0	0.221712
23425.0	0.221487
23430.0	0.221262
23435.0	0.22103699999999998
23440.0	0.22081199999999998
23445.0	0.220588
23450.0	0.22036399999999998
23455.0	0.22014
23460.0	0.21991599999999997
23465.0	0.219692
23470.0	0.219469
23475.0	0.219246
23480.0	0.219023
23485.0	0.2188
23490.0	0.21857800000000002
23495.0	0.21835500000000002
23500.0	0.218133
23505.0	0.21791100000000002
23510.0	0.21769000000000002
23515.0	0.217468
23520.0	0.21724699999999997
23525.0	0.21702600000000002
23530.0	0.21680500000000003
23535.0	0.21658400000000003
23540.0	0.216364
23545.0	0.21614299999999997
23550.0	0.215923
23555.0	0.21570300000000003
23560.0	0.215484
23565.0	0.21526399999999998
23570.0	0.215045
23575.0	0.21482600000000002
23580.0	0.21460700000000002
23585.0	0.214389
23590.0	0.21416999999999997
23595.0	0.213952
23600.0	0.213734
23605.0	0.21351599999999998
23610.0	0.21329800000000002
23615.0	0.213081
23620.0	0.212864
23625.0	0.21264699999999997
23630.0	0.21243
23635.0	0.212213
23640.0	0.211997
23645.0	0.211781
23650.0	0.211565
23655.0	0.21134899999999998
23660.0	0.211133
23665.0	0.210918
23670.0	0.21070300000000003
23675.0	0.210488
23680.0	0.21027300000000002
23685.0	0.21005900000000002
23690.0	0.209844
23695.0	0.20963
23700.0	0.209416
23705.0	0.209202
23710.0	0.20898899999999998
23715.0	0.208775
23720.0	0.208562
23725.0	0.20834899999999998
23730.0	0.20813600000000002
23735.0	0.20792399999999997
23740.0	0.207711
23745.0	0.207499
23750.0	0.207287
23755.0	0.207076
23760.0	0.206864
23765.0	0.20665300000000003
23770.0	0.20644200000000001
23775.0	0.206231
23780.0	0.20601999999999998
23785.0	0.20580900000000002
23790.0	0.20559899999999998
23795.0	0.205389
23800.0	0.205179
23805.0	0.204969
23810.0	0.204759
23815.0	0.20455
23820.0	0.204341
23825.0	0.20413199999999998
23830.0	0.203923
23835.0	0.203715
23840.0	0.203506
23845.0	0.203298
23850.0	0.20309000000000002
23855.0	0.202882
23860.0	0.202675
23865.0	0.202468
23870.0	0.20226
23875.0	0.202053
23880.0	0.201847
23885.0	0.20164
23890.0	0.201434
23895.0	0.201228
23900.0	0.201022
23905.0	0.200816
23910.0	0.20060999999999998
23915.0	0.200405
23920.0	0.2002
23925.0	0.199995
23930.0	0.19979
23935.0	0.19958499999999998
23940.0	0.199381
23945.0	0.199177
23950.0	0.198973
23955.0	0.198769
23960.0	0.19856500000000002
23965.0	0.19836199999999998
23970.0	0.198159
23975.0	0.197956
23980.0	0.19775299999999998
23985.0	0.19755
23990.0	0.197348
23995.0	0.19714600000000002
24000.0	0.196943
24005.0	0.196742
24010.0	0.19654000000000002
24015.0	0.196339
24020.0	0.19613699999999998
24025.0	0.195936
24030.0	0.195735
24035.0	0.195535
24040.0	0.19533399999999998
24045.0	0.195134
24050.0	0.194934
24055.0	0.194734
24060.0	0.19453399999999998
24065.0	0.19433499999999998
24070.0	0.194136
24075.0	0.193936
24080.0	0.19373800000000002
24085.0	0.19353900000000002
24090.0	0.19334
24095.0	0.193142
24100.0	0.192944
24105.0	0.192746
24110.0	0.192548
24115.0	0.192351
24120.0	0.192153
24125.0	0.191956
24130.0	0.19175899999999999
24135.0	0.19156199999999998
24140.0	0.191366
24145.0	0.191169
24150.0	0.190973
24155.0	0.190777
24160.0	0.190581
24165.0	0.190386
24170.0	0.19019
24175.0	0.189995
24180.0	0.1898
24185.0	0.189605
24190.0	0.189411
24195.0	0.189216
24200.0	0.189022
24205.0	0.188828
24210.0	0.188634
24215.0	0.18844
24220.0	0.188247
24225.0	0.188054
24230.0	0.18786
24235.0	0.187668
24240.0	0.187475
24245.0	0.187282
24250.0	0.18709
24255.0	0.186898
24260.0	0.18670599999999998
24265.0	0.186514
24270.0	0.18632200000000002
24275.0	0.186131
24280.0	0.18594000000000002
24285.0	0.185749
24290.0	0.185558
24295.0	0.185367
24300.0	0.185177
24305.0	0.18498699999999998
24310.0	0.184797
24315.0	0.184607
24320.0	0.184417
24325.0	0.184228
24330.0	0.184038
24335.0	0.183849
24340.0	0.18366
24345.0	0.183472
24350.0	0.183283
24355.0	0.183095
24360.0	0.182907
24365.0	0.182719
24370.0	0.182531
24375.0	0.182343
24380.0	0.18215599999999998
24385.0	0.181969
24390.0	0.181782
24395.0	0.181595
24400.0	0.18140799999999999
24405.0	0.181222
24410.0	0.181036
24415.0	0.18085
24420.0	0.18066400000000002
24425.0	0.180478
24430.0	0.180292
24435.0	0.180107
24440.0	0.179922
24445.0	0.17973699999999998
24450.0	0.179552
24455.0	0.179368
24460.0	0.17918299999999998
24465.0	0.178999
24470.0	0.178815
24475.0	0.17863099999999998
24480.0	0.178448
24485.0	0.178264
24490.0	0.178081
24495.0	0.177898
24500.0	0.177715
24505.0	0.177532
24510.0	0.17735
24515.0	0.17716700000000002
24520.0	0.176985
24525.0	0.176803
24530.0	0.176622
24535.0	0.17644
24540.0	0.176259
24545.0	0.176077
24550.0	0.175896
24555.0	0.175716
24560.0	0.175535
24565.0	0.175354
24570.0	0.175174
24575.0	0.174994
24580.0	0.174814
24585.0	0.17463499999999998
24590.0	0.174455
24595.0	0.174276
24600.0	0.174096
24605.0	0.17391700000000002
24610.0	0.173739
24615.0	0.17356
24620.0	0.17338199999999998
24625.0	0.173203
24630.0	0.173025
24635.0	0.172847
24640.0	0.17267000000000002
24645.0	0.172492
24650.0	0.172315
24655.0	0.172138
24660.0	0.171961
24665.0	0.171784
24670.0	0.17160799999999998
24675.0	0.171431
24680.0	0.171255
24685.0	0.171079
24690.0	0.170903
24695.0	0.170727
24700.0	0.170552
24705.0	0.170377
24710.0	0.170201
24715.0	0.170027
24720.0	0.169852
24725.0	0.169677
24730.0	0.169503
24735.0	0.169329
24740.0	0.169155
24745.0	0.168981
24750.0	0.16880699999999998
24755.0	0.16863399999999998
24760.0	0.16846
24765.0	0.168287
24770.0	0.168114
24775.0	0.167942
24780.0	0.167769
24785.0	0.167597
24790.0	0.167424
24795.0	0.167252
24800.0	0.167081
24805.0	0.166909
24810.0	0.166737
24815.0	0.16656600000000002
24820.0	0.16639500000000002
24825.0	0.166224
24830.0	0.166053
24835.0	0.165883
24840.0	0.165712
24845.0	0.165542
24850.0	0.165372
24855.0	0.165202
24860.0	0.16503299999999999
24865.0	0.164863
24870.0	0.164694
24875.0	0.164525
24880.0	0.164356
24885.0	0.164187
24890.0	0.164018
24895.0	0.16385
24900.0	0.163682
24905.0	0.16351400000000002
24910.0	0.163346
24915.0	0.163178
24920.0	0.163011
24925.0	0.16284300000000002
24930.0	0.162676
24935.0	0.162509
24940.0	0.16234200000000001
24945.0	0.162176
24950.0	0.162009
24955.0	0.16184300000000001
24960.0	0.161677
24965.0	0.161511
24970.0	0.16134500000000002
24975.0	0.16118
24980.0	0.16101400000000002
24985.0	0.160849
24990.0	0.160684
24995.0	0.160519
25000.0	0.0
