#wave	flux
1150.0	0.0
1155.0	0.0
1160.0	0.0
1165.0	0.0
1170.0	0.0
1175.0	0.0
1180.0	0.0
1185.0	0.0
1190.0	0.0
1195.0	0.0
1200.0	0.0
1205.0	0.0
1210.0	0.0
1215.0	0.0
1220.0	0.0
1225.0	0.0
1230.0	0.0
1235.0	0.0
1240.0	0.0
1245.0	0.0
1250.0	0.0
1255.0	0.0
1260.0	0.0
1265.0	0.0
1270.0	0.0
1275.0	0.0
1280.0	0.0
1285.0	0.0
1290.0	0.0
1295.0	0.0
1300.0	0.0
1305.0	0.0
1310.0	0.0
1315.0	0.0
1320.0	0.0
1325.0	0.0
1330.0	0.0
1335.0	0.0
1340.0	0.0
1345.0	0.0
1350.0	0.0
1355.0	0.0
1360.0	0.0
1365.0	0.0
1370.0	0.0
1375.0	0.0
1380.0	0.0
1385.0	0.0
1390.0	0.0
1395.0	0.0
1400.0	0.0
1405.0	0.0
1410.0	0.0
1415.0	0.0
1420.0	0.0
1425.0	0.0
1430.0	0.0
1435.0	0.0
1440.0	0.0
1445.0	0.0
1450.0	0.0
1455.0	0.0
1460.0	0.0
1465.0	0.0
1470.0	0.0
1475.0	0.0
1480.0	0.0
1485.0	0.0
1490.0	0.0
1495.0	0.0
1500.0	0.0
1505.0	0.0
1510.0	0.0
1515.0	0.0
1520.0	0.0
1525.0	0.0
1530.0	0.0
1535.0	0.0
1540.0	0.0
1545.0	0.0
1550.0	0.0
1555.0	0.0
1560.0	0.0
1565.0	0.0
1570.0	0.0
1575.0	0.0
1580.0	0.0
1585.0	0.0
1590.0	0.0
1595.0	0.0
1600.0	0.0
1605.0	0.0
1610.0	0.0
1615.0	0.0
1620.0	0.0
1625.0	0.0
1630.0	0.0
1635.0	0.0
1640.0	0.0
1645.0	0.0
1650.0	0.0
1655.0	0.0
1660.0	0.0
1665.0	0.0
1670.0	0.0
1675.0	0.0
1680.0	0.0
1685.0	0.0
1690.0	0.0
1695.0	0.0
1700.0	0.0
1705.0	0.0
1710.0	0.0
1715.0	0.0
1720.0	0.0
1725.0	0.0
1730.0	0.0
1735.0	0.0
1740.0	0.0
1745.0	0.0
1750.0	0.0
1755.0	0.0
1760.0	0.0
1765.0	0.0
1770.0	0.0
1775.0	0.0
1780.0	0.0
1785.0	0.0
1790.0	0.0
1795.0	0.0
1800.0	0.0
1805.0	0.0
1810.0	0.0
1815.0	0.0
1820.0	0.0
1825.0	0.0
1830.0	0.0
1835.0	0.0
1840.0	0.0
1845.0	0.0
1850.0	0.0
1855.0	0.0
1860.0	0.0
1865.0	0.0
1870.0	0.0
1875.0	0.0
1880.0	0.0
1885.0	0.0
1890.0	0.0
1895.0	0.0
1900.0	0.0
1905.0	0.0
1910.0	0.0
1915.0	0.0
1920.0	0.0
1925.0	0.0
1930.0	0.0
1935.0	0.0
1940.0	0.0
1945.0	0.0
1950.0	0.0
1955.0	0.0
1960.0	0.0
1965.0	0.0
1970.0	0.0
1975.0	0.0
1980.0	0.0
1985.0	0.0
1990.0	0.0
1995.0	0.0
2000.0	0.0
2005.0	0.0
2010.0	0.0
2015.0	0.0
2020.0	0.0
2025.0	0.0
2030.0	0.0
2035.0	0.0
2040.0	0.0
2045.0	0.0
2050.0	0.0
2055.0	0.0
2060.0	0.0
2065.0	0.0
2070.0	0.0
2075.0	0.0
2080.0	0.0
2085.0	0.0
2090.0	0.0
2095.0	0.0
2100.0	0.0
2105.0	0.0
2110.0	0.0
2115.0	0.0
2120.0	0.0
2125.0	0.0
2130.0	0.0
2135.0	0.0
2140.0	0.0
2145.0	0.0
2150.0	0.0
2155.0	0.0
2160.0	0.0
2165.0	0.0
2170.0	0.0
2175.0	0.0
2180.0	0.0
2185.0	0.0
2190.0	0.0
2195.0	0.0
2200.0	0.0
2205.0	0.0
2210.0	0.0
2215.0	0.0
2220.0	0.0
2225.0	0.0
2230.0	0.0
2235.0	0.0
2240.0	0.0
2245.0	0.0
2250.0	0.0
2255.0	0.0
2260.0	0.0
2265.0	0.0
2270.0	0.0
2275.0	0.0
2280.0	0.0
2285.0	0.0
2290.0	0.0
2295.0	0.0
2300.0	0.0
2305.0	0.0
2310.0	0.0
2315.0	0.0
2320.0	0.0
2325.0	0.0
2330.0	0.0
2335.0	0.0
2340.0	0.0
2345.0	0.0
2350.0	0.0
2355.0	0.0
2360.0	0.0
2365.0	0.0
2370.0	0.0
2375.0	0.0
2380.0	0.0
2385.0	0.0
2390.0	0.0
2395.0	0.0
2400.0	0.0
2405.0	0.0
2410.0	0.0
2415.0	0.0
2420.0	0.0
2425.0	0.0
2430.0	0.0
2435.0	0.0
2440.0	0.0
2445.0	0.0
2450.0	0.0
2455.0	0.0
2460.0	0.0
2465.0	0.0
2470.0	0.0
2475.0	0.0
2480.0	0.0
2485.0	0.0
2490.0	0.0
2495.0	0.0
2500.0	0.0
2505.0	0.0
2510.0	0.0
2515.0	0.0
2520.0	0.0
2525.0	0.0
2530.0	0.0
2535.0	0.0
2540.0	0.0
2545.0	0.0
2550.0	0.0
2555.0	0.0
2560.0	0.0
2565.0	0.0
2570.0	0.0
2575.0	0.0
2580.0	0.0
2585.0	0.0
2590.0	0.0
2595.0	0.0
2600.0	0.0
2605.0	0.0
2610.0	0.0
2615.0	0.0
2620.0	0.0
2625.0	0.0
2630.0	0.0
2635.0	0.0
2640.0	0.0
2645.0	0.0
2650.0	0.0
2655.0	0.0
2660.0	0.0
2665.0	0.0
2670.0	0.0
2675.0	0.0
2680.0	0.0
2685.0	0.0
2690.0	0.0
2695.0	0.0
2700.0	0.0
2705.0	0.0
2710.0	0.0
2715.0	0.0
2720.0	0.0
2725.0	0.0
2730.0	0.0
2735.0	0.0
2740.0	0.0
2745.0	0.0
2750.0	0.0
2755.0	1e-06
2760.0	3e-06
2765.0	4e-06
2770.0	5e-06
2775.0	6e-06
2780.0	7.000000000000001e-06
2785.0	6e-06
2790.0	5e-06
2795.0	3e-06
2800.0	0.0
2805.0	0.0
2810.0	0.0
2815.0	0.0
2820.0	0.0
2825.0	0.0
2830.0	0.0
2835.0	0.0
2840.0	0.0
2845.0	0.0
2850.0	0.0
2855.0	1.7e-05
2860.0	3.6e-05
2865.0	5.6000000000000006e-05
2870.0	7.4e-05
2875.0	8.7e-05
2880.0	9.300000000000001e-05
2885.0	9e-05
2890.0	7.5e-05
2895.0	4.6e-05
2900.0	0.0
2905.0	0.0
2910.0	0.0
2915.0	0.0
2920.0	0.0
2925.0	0.0
2930.0	0.0
2935.0	0.0
2940.0	0.0
2945.0	0.0
2950.0	0.0
2955.0	0.000239
2960.0	0.000538
2965.0	0.000889
2970.0	0.001281
2975.0	0.0017050000000000001
2980.0	0.00215
2985.0	0.002607
2990.0	0.003065
2995.0	0.003515
3000.0	0.003947
3005.0	0.004354
3010.0	0.00474
3015.0	0.005111999999999999
3020.0	0.005477
3025.0	0.005841
3030.0	0.006211
3035.0	0.006595
3040.0	0.006998999999999999
3045.0	0.00743
3050.0	0.007895000000000001
3055.0	0.008398000000000001
3060.0	0.008937
3065.0	0.009505
3070.0	0.010097
3075.0	0.010706
3080.0	0.011327
3085.0	0.011954000000000001
3090.0	0.012582
3095.0	0.013205000000000001
3100.0	0.013816
3105.0	0.014413999999999998
3110.0	0.015011000000000002
3115.0	0.015624
3120.0	0.016268
3125.0	0.016961
3130.0	0.017717
3135.0	0.018553999999999998
3140.0	0.019488
3145.0	0.020534999999999998
3150.0	0.021711
3155.0	0.02302
3160.0	0.025276
3165.0	0.028452999999999996
3170.0	0.0299
3175.0	0.029307
3180.0	0.032118
3185.0	0.041817
3190.0	0.048286
3195.0	0.042487
3200.0	0.034012
3205.0	0.028344
3210.0	0.025688
3215.0	0.014491
3220.0	0.0060880000000000005
3225.0	0.012211
3230.0	0.023288
3235.0	0.027804000000000002
3240.0	0.027781
3245.0	0.027906
3250.0	0.029997000000000003
3255.0	0.033957999999999995
3260.0	0.034918
3265.0	0.029677999999999996
3270.0	0.026501
3275.0	0.032878
3280.0	0.04177
3285.0	0.045127
3290.0	0.045389
3295.0	0.046285
3300.0	0.046218
3305.0	0.043501
3310.0	0.04141
3315.0	0.043098000000000004
3320.0	0.046278
3325.0	0.048947000000000004
3330.0	0.055701
3335.0	0.068982
3340.0	0.076034
3345.0	0.06593500000000001
3350.0	0.050287
3355.0	0.043235
3360.0	0.046575
3365.0	0.057771
3370.0	0.069313
3375.0	0.07332899999999999
3380.0	0.065477
3385.0	0.046925
3390.0	0.037360000000000004
3395.0	0.051753
3400.0	0.067695
3405.0	0.063175
3410.0	0.05515900000000001
3415.0	0.063032
3420.0	0.07686699999999999
3425.0	0.082833
3430.0	0.080794
3435.0	0.073904
3440.0	0.064802
3445.0	0.056759000000000004
3450.0	0.056088
3455.0	0.066513
3460.0	0.078343
3465.0	0.081873
3470.0	0.080734
3475.0	0.080526
3480.0	0.08136499999999999
3485.0	0.082344
3490.0	0.083936
3495.0	0.086288
3500.0	0.086854
3505.0	0.083872
3510.0	0.098054
3515.0	0.094654
3520.0	0.093297
3525.0	0.096689
3530.0	0.10822899999999999
3535.0	0.117954
3540.0	0.125551
3545.0	0.12830899999999998
3550.0	0.12345899999999999
3555.0	0.12382699999999999
3560.0	0.110696
3565.0	0.094224
3570.0	0.08596799999999999
3575.0	0.081163
3580.0	0.075304
3585.0	0.077963
3590.0	0.085061
3595.0	0.089538
3600.0	0.09355
3605.0	0.086792
3610.0	0.08720900000000001
3615.0	0.098384
3620.0	0.104146
3625.0	0.106852
3630.0	0.098165
3635.0	0.100708
3640.0	0.105269
3645.0	0.09766799999999999
3650.0	0.100689
3655.0	0.11564100000000001
3660.0	0.121056
3665.0	0.11965
3670.0	0.11816900000000001
3675.0	0.11377000000000001
3680.0	0.115896
3685.0	0.12054000000000001
3690.0	0.130228
3695.0	0.137659
3700.0	0.129578
3705.0	0.115291
3710.0	0.11246099999999999
3715.0	0.114696
3720.0	0.098242
3725.0	0.094935
3730.0	0.092017
3735.0	0.085631
3740.0	0.091377
3745.0	0.089554
3750.0	0.094834
3755.0	0.10251600000000001
3760.0	0.105349
3765.0	0.12057799999999999
3770.0	0.142876
3775.0	0.152078
3780.0	0.14610499999999998
3785.0	0.13718
3790.0	0.143188
3795.0	0.15576500000000001
3800.0	0.155278
3805.0	0.150238
3810.0	0.147048
3815.0	0.132173
3820.0	0.115525
3825.0	0.115997
3830.0	0.138156
3835.0	0.15113800000000002
3840.0	0.138255
3845.0	0.13833499999999999
3850.0	0.132805
3855.0	0.11470699999999999
3860.0	0.10916
3865.0	0.12795
3870.0	0.135657
3875.0	0.12577
3880.0	0.13209300000000002
3885.0	0.152426
3890.0	0.16883199999999998
3895.0	0.14488299999999998
3900.0	0.139401
3905.0	0.14663199999999998
3910.0	0.147403
3915.0	0.153895
3920.0	0.143273
3925.0	0.148053
3930.0	0.20651599999999998
3935.0	0.22232
3940.0	0.163952
3945.0	0.135671
3950.0	0.15227100000000002
3955.0	0.15483
3960.0	0.15623399999999998
3965.0	0.23354499999999997
3970.0	0.288902
3975.0	0.245604
3980.0	0.2264
3985.0	0.22766999999999998
3990.0	0.22745300000000002
3995.0	0.23143000000000002
4000.0	0.23586300000000002
4005.0	0.246429
4010.0	0.26215
4015.0	0.268258
4020.0	0.258707
4025.0	0.24631799999999998
4030.0	0.224813
4035.0	0.23130900000000001
4040.0	0.25245700000000004
4045.0	0.24698699999999998
4050.0	0.26716599999999996
4055.0	0.27479499999999996
4060.0	0.262583
4065.0	0.245394
4070.0	0.244152
4075.0	0.24387399999999998
4080.0	0.250278
4085.0	0.268432
4090.0	0.275346
4095.0	0.279446
4100.0	0.30317
4105.0	0.29730700000000004
4110.0	0.266574
4115.0	0.25921900000000003
4120.0	0.267866
4125.0	0.280459
4130.0	0.273898
4135.0	0.265847
4140.0	0.26710300000000003
4145.0	0.278497
4150.0	0.29263
4155.0	0.298031
4160.0	0.304562
4165.0	0.298654
4170.0	0.284654
4175.0	0.27739400000000003
4180.0	0.283517
4185.0	0.280039
4190.0	0.280055
4195.0	0.274823
4200.0	0.259696
4205.0	0.25217
4210.0	0.23447300000000001
4215.0	0.199207
4220.0	0.147654
4225.0	0.10069
4230.0	0.10807
4235.0	0.154386
4240.0	0.18881099999999998
4245.0	0.209277
4250.0	0.211148
4255.0	0.20444500000000002
4260.0	0.216448
4265.0	0.234552
4270.0	0.229771
4275.0	0.224439
4280.0	0.244784
4285.0	0.248048
4290.0	0.238094
4295.0	0.24775500000000003
4300.0	0.245284
4305.0	0.255757
4310.0	0.276615
4315.0	0.296928
4320.0	0.30363
4325.0	0.310824
4330.0	0.342358
4335.0	0.387784
4340.0	0.42248900000000006
4345.0	0.39916599999999997
4350.0	0.348198
4355.0	0.32413800000000004
4360.0	0.330162
4365.0	0.34375300000000003
4370.0	0.35818
4375.0	0.356746
4380.0	0.34174099999999996
4385.0	0.341393
4390.0	0.36538899999999996
4395.0	0.38213800000000003
4400.0	0.37835799999999997
4405.0	0.364385
4410.0	0.3858
4415.0	0.404492
4420.0	0.410822
4425.0	0.394074
4430.0	0.399228
4435.0	0.39905300000000005
4440.0	0.434489
4445.0	0.46322299999999994
4450.0	0.454322
4455.0	0.410771
4460.0	0.425989
4465.0	0.47215799999999997
4470.0	0.5065350000000001
4475.0	0.5246689999999999
4480.0	0.5245
4485.0	0.524384
4490.0	0.527937
4495.0	0.536134
4500.0	0.550637
4505.0	0.5518430000000001
4510.0	0.5403819999999999
4515.0	0.542709
4520.0	0.556217
4525.0	0.54025
4530.0	0.50931
4535.0	0.520512
4540.0	0.578761
4545.0	0.584447
4550.0	0.567213
4555.0	0.5907899999999999
4560.0	0.6496029999999999
4565.0	0.694248
4570.0	0.705845
4575.0	0.6972659999999999
4580.0	0.659933
4585.0	0.617151
4590.0	0.605607
4595.0	0.625534
4600.0	0.6346970000000001
4605.0	0.635495
4610.0	0.6858890000000001
4615.0	0.724124
4620.0	0.730545
4625.0	0.664154
4630.0	0.612359
4635.0	0.61356
4640.0	0.618592
4645.0	0.619572
4650.0	0.606049
4655.0	0.6334529999999999
4660.0	0.6972119999999999
4665.0	0.670221
4670.0	0.588522
4675.0	0.581066
4680.0	0.5935630000000001
4685.0	0.606999
4690.0	0.631854
4695.0	0.6538510000000001
4700.0	0.673146
4705.0	0.6901930000000001
4710.0	0.683183
4715.0	0.656399
4720.0	0.645983
4725.0	0.668784
4730.0	0.672767
4735.0	0.678214
4740.0	0.684238
4745.0	0.711059
4750.0	0.723867
4755.0	0.7052510000000001
4760.0	0.608124
4765.0	0.50358
4770.0	0.48657399999999995
4775.0	0.495388
4780.0	0.496221
4785.0	0.529502
4790.0	0.573764
4795.0	0.609386
4800.0	0.619788
4805.0	0.572706
4810.0	0.533852
4815.0	0.549901
4820.0	0.569812
4825.0	0.584546
4830.0	0.591514
4835.0	0.615613
4840.0	0.623582
4845.0	0.590885
4850.0	0.569084
4855.0	0.614546
4860.0	0.670097
4865.0	0.655613
4870.0	0.631203
4875.0	0.619853
4880.0	0.63631
4885.0	0.659506
4890.0	0.669994
4895.0	0.686874
4900.0	0.712023
4905.0	0.755219
4910.0	0.796977
4915.0	0.7918029999999999
4920.0	0.792221
4925.0	0.8416
4930.0	0.8800790000000001
4935.0	0.8619610000000001
4940.0	0.86266
4945.0	0.9117770000000001
4950.0	0.933293
4955.0	0.726909
4960.0	0.5514399999999999
4965.0	0.566923
4970.0	0.630212
4975.0	0.6708729999999999
4980.0	0.65677
4985.0	0.675855
4990.0	0.708859
4995.0	0.705196
5000.0	0.648875
5005.0	0.606798
5010.0	0.60032
5015.0	0.6079399999999999
5020.0	0.633207
5025.0	0.64504
5030.0	0.679122
5035.0	0.687823
5040.0	0.681955
5045.0	0.721216
5050.0	0.7268939999999999
5055.0	0.709545
5060.0	0.7215550000000001
5065.0	0.714595
5070.0	0.717923
5075.0	0.733967
5080.0	0.721246
5085.0	0.727575
5090.0	0.747304
5095.0	0.747737
5100.0	0.725006
5105.0	0.699983
5110.0	0.725327
5115.0	0.77005
5120.0	0.759748
5125.0	0.719028
5130.0	0.734089
5135.0	0.7839119999999999
5140.0	0.7860090000000001
5145.0	0.75646
5150.0	0.729607
5155.0	0.752625
5160.0	0.8467809999999999
5165.0	0.741233
5170.0	0.5261239999999999
5175.0	0.474826
5180.0	0.499924
5185.0	0.584605
5190.0	0.667927
5195.0	0.7121069999999999
5200.0	0.699398
5205.0	0.5992770000000001
5210.0	0.638781
5215.0	0.8294959999999999
5220.0	0.922394
5225.0	0.917919
5230.0	0.957466
5235.0	0.987942
5240.0	0.9618059999999999
5245.0	0.9107149999999999
5250.0	0.904964
5255.0	0.9396540000000001
5260.0	0.908647
5265.0	0.812714
5270.0	0.820285
5275.0	0.9327139999999999
5280.0	0.985841
5285.0	1.013652
5290.0	1.048573
5295.0	1.018359
5300.0	1.007024
5305.0	1.053167
5310.0	1.050524
5315.0	1.055515
5320.0	1.048553
5325.0	1.004997
5330.0	0.9771770000000001
5335.0	1.021108
5340.0	1.035672
5345.0	1.039174
5350.0	1.09463
5355.0	1.163502
5360.0	1.1407690000000001
5365.0	1.115577
5370.0	1.094422
5375.0	1.151994
5380.0	1.235922
5385.0	1.249998
5390.0	1.222509
5395.0	1.1757
5400.0	1.2046219999999999
5405.0	1.189073
5410.0	1.174084
5415.0	1.259052
5420.0	1.310455
5425.0	1.287043
5430.0	1.214304
5435.0	1.235746
5440.0	1.328201
5445.0	1.222954
5450.0	0.9625450000000001
5455.0	0.8570959999999999
5460.0	0.896078
5465.0	0.965194
5470.0	1.0101200000000001
5475.0	1.01712
5480.0	1.032362
5485.0	1.068933
5490.0	1.092134
5495.0	1.058616
5500.0	0.9534530000000001
5505.0	0.9140459999999999
5510.0	0.9162030000000001
5515.0	0.924006
5520.0	0.968665
5525.0	0.982735
5530.0	0.9733629999999999
5535.0	0.9482229999999999
5540.0	0.936536
5545.0	0.948817
5550.0	0.9749059999999999
5555.0	1.00757
5560.0	1.031967
5565.0	1.041752
5570.0	1.061301
5575.0	1.096635
5580.0	1.1165049999999999
5585.0	1.100402
5590.0	1.0676860000000001
5595.0	1.032972
5600.0	0.9429620000000001
5605.0	0.9495620000000001
5610.0	0.9966659999999999
5615.0	0.990914
5620.0	0.979786
5625.0	0.9883639999999999
5630.0	0.965347
5635.0	0.9744879999999999
5640.0	0.9903120000000001
5645.0	1.0157479999999999
5650.0	1.070705
5655.0	1.116633
5660.0	1.0954959999999998
5665.0	1.0453860000000001
5670.0	1.020176
5675.0	1.049455
5680.0	1.091828
5685.0	1.106568
5690.0	1.128536
5695.0	1.1526370000000001
5700.0	1.16775
5705.0	1.191158
5710.0	1.2217879999999999
5715.0	1.21957
5720.0	1.20813
5725.0	1.213442
5730.0	1.2322600000000001
5735.0	1.259966
5740.0	1.274758
5745.0	1.308629
5750.0	1.3601940000000001
5755.0	1.380053
5760.0	1.290229
5765.0	1.192577
5770.0	1.211271
5775.0	1.229592
5780.0	1.253701
5785.0	1.293309
5790.0	1.327224
5795.0	1.385327
5800.0	1.431418
5805.0	1.4536440000000002
5810.0	1.360339
5815.0	1.216107
5820.0	1.171663
5825.0	1.205156
5830.0	1.256466
5835.0	1.27345
5840.0	1.266168
5845.0	1.232588
5850.0	1.114126
5855.0	1.035826
5860.0	1.0142579999999999
5865.0	0.984823
5870.0	0.9595239999999999
5875.0	0.914269
5880.0	0.8242860000000001
5885.0	0.650883
5890.0	0.46378
5895.0	0.45076700000000003
5900.0	0.590306
5905.0	0.7222890000000001
5910.0	0.784696
5915.0	0.8310780000000001
5920.0	0.8498020000000001
5925.0	0.85195
5930.0	0.8832399999999999
5935.0	0.9361229999999999
5940.0	0.9705870000000001
5945.0	0.981941
5950.0	0.941254
5955.0	0.9133129999999999
5960.0	0.917485
5965.0	0.942882
5970.0	0.949732
5975.0	0.947241
5980.0	0.9851790000000001
5985.0	1.019082
5990.0	1.058635
5995.0	1.102876
6000.0	1.082914
6005.0	1.05653
6010.0	1.077001
6015.0	1.108642
6020.0	1.1443649999999999
6025.0	1.1799469999999999
6030.0	1.207653
6035.0	1.183149
6040.0	1.198128
6045.0	1.259984
6050.0	1.286023
6055.0	1.2911299999999999
6060.0	1.287419
6065.0	1.262217
6070.0	1.31374
6075.0	1.3238889999999999
6080.0	1.298769
6085.0	1.3120290000000001
6090.0	1.351068
6095.0	1.3921729999999999
6100.0	1.33812
6105.0	1.314973
6110.0	1.365602
6115.0	1.366654
6120.0	1.271683
6125.0	1.2939260000000001
6130.0	1.389835
6135.0	1.390182
6140.0	1.4237959999999998
6145.0	1.4240979999999999
6150.0	1.303717
6155.0	1.174509
6160.0	0.945306
6165.0	0.823742
6170.0	0.8622549999999999
6175.0	0.901907
6180.0	0.924953
6185.0	0.872238
6190.0	0.8035770000000001
6195.0	0.813994
6200.0	0.8517790000000001
6205.0	0.887338
6210.0	0.8779600000000001
6215.0	0.787343
6220.0	0.736132
6225.0	0.699229
6230.0	0.714493
6235.0	0.755043
6240.0	0.7622680000000001
6245.0	0.783
6250.0	0.830252
6255.0	0.8612479999999999
6260.0	0.905439
6265.0	0.942039
6270.0	0.9526889999999999
6275.0	0.9420299999999999
6280.0	0.948994
6285.0	1.02122
6290.0	1.0739670000000001
6295.0	1.088214
6300.0	1.147308
6305.0	1.2044
6310.0	1.265534
6315.0	1.311983
6320.0	1.341171
6325.0	1.362244
6330.0	1.403781
6335.0	1.443115
6340.0	1.495354
6345.0	1.551526
6350.0	1.5549540000000002
6355.0	1.475706
6360.0	1.403672
6365.0	1.412224
6370.0	1.432291
6375.0	1.413797
6380.0	1.3249309999999999
6385.0	1.2977889999999999
6390.0	1.338282
6395.0	1.457914
6400.0	1.566473
6405.0	1.656859
6410.0	1.7170720000000002
6415.0	1.6803849999999998
6420.0	1.646418
6425.0	1.667788
6430.0	1.7097830000000003
6435.0	1.7150299999999998
6440.0	1.722016
6445.0	1.8042490000000002
6450.0	1.783146
6455.0	1.839619
6460.0	1.8297330000000003
6465.0	1.878766
6470.0	1.972579
6475.0	1.9962919999999997
6480.0	1.94193
6485.0	1.8689419999999999
6490.0	1.8496279999999998
6495.0	1.8167259999999998
6500.0	1.901725
6505.0	2.028939
6510.0	2.0759689999999997
6515.0	2.080877
6520.0	2.160822
6525.0	2.2296549999999997
6530.0	2.271976
6535.0	2.339153
6540.0	2.3725490000000002
6545.0	2.2646830000000002
6550.0	2.1404669999999997
6555.0	2.132246
6560.0	2.154331
6565.0	2.144232
6570.0	2.1316740000000003
6575.0	1.969905
6580.0	2.008218
6585.0	2.066221
6590.0	2.048714
6595.0	1.97235
6600.0	1.982875
6605.0	1.985197
6610.0	1.9742380000000002
6615.0	1.950307
6620.0	1.868318
6625.0	1.7863080000000002
6630.0	1.772404
6635.0	1.755975
6640.0	1.7395470000000002
6645.0	1.720863
6650.0	1.5910309999999999
6655.0	1.501205
6660.0	1.508399
6665.0	1.559862
6670.0	1.6092879999999998
6675.0	1.582292
6680.0	1.452186
6685.0	1.369103
6690.0	1.380722
6695.0	1.401585
6700.0	1.4468239999999999
6705.0	1.482024
6710.0	1.449734
6715.0	1.295183
6720.0	1.208956
6725.0	1.238229
6730.0	1.270669
6735.0	1.304195
6740.0	1.333719
6745.0	1.316359
6750.0	1.260691
6755.0	1.281376
6760.0	1.326642
6765.0	1.373969
6770.0	1.386516
6775.0	1.396077
6780.0	1.333066
6785.0	1.242183
6790.0	1.251184
6795.0	1.276278
6800.0	1.295144
6805.0	1.314828
6810.0	1.3291540000000002
6815.0	1.322533
6820.0	1.311558
6825.0	1.334276
6830.0	1.354084
6835.0	1.3631229999999999
6840.0	1.376851
6845.0	1.369191
6850.0	1.3539139999999998
6855.0	1.3386040000000001
6860.0	1.330848
6865.0	1.336335
6870.0	1.3531799999999998
6875.0	1.377601
6880.0	1.405817
6885.0	1.434799
6890.0	1.4645219999999999
6895.0	1.4957120000000002
6900.0	1.529096
6905.0	1.5651190000000001
6910.0	1.60311
6915.0	1.6421139999999999
6920.0	1.681179
6925.0	1.719228
6930.0	1.7546830000000002
6935.0	1.7858439999999998
6940.0	1.8110080000000002
6945.0	1.8294419999999998
6950.0	1.844273
6955.0	1.8595970000000002
6960.0	1.8795119999999998
6965.0	1.906728
6970.0	1.9384240000000001
6975.0	2.026525
6980.0	2.066719
6985.0	2.1068439999999997
6990.0	2.0906540000000002
6995.0	2.112619
7000.0	2.130835
7005.0	2.1460369999999998
7010.0	2.204339
7015.0	2.277275
7020.0	2.301199
7025.0	2.327807
7030.0	2.423582
7035.0	2.533008
7040.0	2.625896
7045.0	2.691584
7050.0	2.5955630000000003
7055.0	2.223445
7060.0	1.9742240000000002
7065.0	1.974236
7070.0	2.029714
7075.0	2.067135
7080.0	2.073021
7085.0	1.965866
7090.0	1.727613
7095.0	1.681777
7100.0	1.715817
7105.0	1.7787490000000001
7110.0	1.8575139999999999
7115.0	1.891868
7120.0	1.8959290000000002
7125.0	1.6926700000000001
7130.0	1.494461
7135.0	1.507522
7140.0	1.580631
7145.0	1.607432
7150.0	1.6532310000000001
7155.0	1.73203
7160.0	1.736921
7165.0	1.7349130000000001
7170.0	1.7613560000000001
7175.0	1.7913400000000002
7180.0	1.8281319999999999
7185.0	1.8334439999999999
7190.0	1.8785830000000001
7195.0	1.8754939999999998
7200.0	1.811409
7205.0	1.847659
7210.0	1.938769
7215.0	2.024699
7220.0	2.099144
7225.0	2.131322
7230.0	2.1199470000000002
7235.0	2.134505
7240.0	2.165009
7245.0	2.206242
7250.0	2.243736
7255.0	2.279384
7260.0	2.315076
7265.0	2.3521669999999997
7270.0	2.3898599999999997
7275.0	2.426822
7280.0	2.461719
7285.0	2.493824
7290.0	2.524841
7295.0	2.557076
7300.0	2.5928419999999996
7305.0	2.6333849999999996
7310.0	2.6757150000000003
7315.0	2.715782
7320.0	2.749532
7325.0	2.774184
7330.0	2.7920279999999997
7335.0	2.806622
7340.0	2.821525
7345.0	2.8162409999999998
7350.0	2.8423830000000003
7355.0	2.8418349999999997
7360.0	2.851542
7365.0	2.9016509999999998
7370.0	2.957148
7375.0	2.9988810000000004
7380.0	3.022481
7385.0	3.040495
7390.0	3.045635
7395.0	3.048257
7400.0	3.043468
7405.0	3.055914
7410.0	3.0688150000000003
7415.0	3.066745
7420.0	3.069306
7425.0	3.082132
7430.0	3.111556
7435.0	3.114229
7440.0	3.123425
7445.0	3.109684
7450.0	3.116268
7455.0	3.143454
7460.0	3.134578
7465.0	3.1322400000000004
7470.0	3.164165
7475.0	3.175249
7480.0	3.1721470000000003
7485.0	3.1698310000000003
7490.0	3.150949
7495.0	3.149281
7500.0	3.193346
7505.0	3.2070849999999997
7510.0	3.208695
7515.0	3.231694
7520.0	3.239954
7525.0	3.220803
7530.0	3.210695
7535.0	3.239273
7540.0	3.265859
7545.0	3.274643
7550.0	3.273766
7555.0	3.266074
7560.0	3.252869
7565.0	3.231266
7570.0	3.221675
7575.0	3.1615919999999997
7580.0	3.081265
7585.0	2.984635
7590.0	2.895021
7595.0	2.840585
7600.0	2.8494900000000003
7605.0	2.9372849999999997
7610.0	3.069073
7615.0	3.197347
7620.0	3.274597
7625.0	3.267003
7630.0	3.1955
7635.0	3.094712
7640.0	2.999263
7645.0	2.934905
7650.0	2.891906
7655.0	2.851661
7660.0	2.79557
7665.0	2.711786
7670.0	2.615503
7675.0	2.5286720000000003
7680.0	2.4732439999999998
7685.0	2.4648209999999997
7690.0	2.493602
7695.0	2.5434360000000003
7700.0	2.598171
7705.0	2.6445950000000003
7710.0	2.681241
7715.0	2.709579
7720.0	2.731081
7725.0	2.744128
7730.0	2.74361
7735.0	2.776783
7740.0	2.774855
7745.0	2.706594
7750.0	2.625165
7755.0	2.626611
7760.0	2.659068
7765.0	2.678339
7770.0	2.721125
7775.0	2.762282
7780.0	2.763457
7785.0	2.7538419999999997
7790.0	2.7816560000000004
7795.0	2.817975
7800.0	2.847825
7805.0	2.906731
7810.0	2.961608
7815.0	2.988652
7820.0	2.9734540000000003
7825.0	2.9271580000000004
7830.0	2.8735060000000003
7835.0	2.870803
7840.0	2.903381
7845.0	2.947579
7850.0	2.987525
7855.0	3.0181080000000002
7860.0	3.031895
7865.0	3.0324560000000003
7870.0	3.040824
7875.0	3.052475
7880.0	3.0861520000000002
7885.0	3.11032
7890.0	3.131589
7895.0	3.151052
7900.0	3.1518349999999997
7905.0	3.131878
7910.0	3.084632
7915.0	3.0821080000000003
7920.0	3.113092
7925.0	3.138307
7930.0	3.1936
7935.0	3.2346310000000003
7940.0	3.242387
7945.0	3.225923
7950.0	3.237346
7955.0	3.3000800000000003
7960.0	3.3057339999999997
7965.0	3.327021
7970.0	3.3771839999999997
7975.0	3.3895190000000004
7980.0	3.387342
7985.0	3.381539
7990.0	3.38024
7995.0	3.37561
8000.0	3.377853
8005.0	3.4135400000000002
8010.0	3.4411339999999995
8015.0	3.4693339999999995
8020.0	3.4794680000000002
8025.0	3.461904
8030.0	3.48547
8035.0	3.518067
8040.0	3.518708
8045.0	3.5157809999999996
8050.0	3.541639
8055.0	3.603554
8060.0	3.6275190000000004
8065.0	3.613653
8070.0	3.5966940000000003
8075.0	3.6045220000000002
8080.0	3.610786
8085.0	3.609929
8090.0	3.610225
8095.0	3.601295
8100.0	3.5589589999999998
8105.0	3.5708290000000003
8110.0	3.589063
8115.0	3.609604
8120.0	3.628395
8125.0	3.6417879999999996
8130.0	3.647768
8135.0	3.644725
8140.0	3.6310540000000002
8145.0	3.6062300000000005
8150.0	3.574064
8155.0	3.539448
8160.0	3.507276
8165.0	3.481612
8170.0	3.463197
8175.0	3.451946
8180.0	3.447769
8185.0	3.44996
8190.0	3.4553230000000004
8195.0	3.4600440000000003
8200.0	3.4603080000000004
8205.0	3.454243
8210.0	3.4477580000000003
8215.0	3.448703
8220.0	3.464929
8225.0	3.5014540000000003
8230.0	3.55196
8235.0	3.6072940000000004
8240.0	3.658303
8245.0	3.697107
8250.0	3.720908
8255.0	3.728183
8260.0	3.717406
8265.0	3.688643
8270.0	3.648318
8275.0	3.604449
8280.0	3.5650489999999997
8285.0	3.536518
8290.0	3.518785
8295.0	3.510163
8300.0	3.5089650000000003
8305.0	3.513176
8310.0	3.5194739999999998
8315.0	3.524207
8320.0	3.5237279999999997
8325.0	3.515421
8330.0	3.5008169999999996
8335.0	3.482481
8340.0	3.4629790000000003
8345.0	3.44486
8350.0	3.4306
8355.0	3.42266
8360.0	3.4234980000000004
8365.0	3.4344629999999996
8370.0	3.452463
8375.0	3.473296
8380.0	3.4927610000000002
8385.0	3.507648
8390.0	3.5187180000000002
8395.0	3.5277269999999996
8400.0	3.536429
8405.0	3.5673209999999997
8410.0	3.5713510000000004
8415.0	3.5437199999999995
8420.0	3.5650120000000003
8425.0	3.478443
8430.0	3.4155839999999995
8435.0	3.2194439999999998
8440.0	3.291122
8445.0	3.415226
8450.0	3.388665
8455.0	3.3275379999999997
8460.0	3.331923
8465.0	3.292678
8470.0	3.234395
8475.0	3.305993
8480.0	3.343011
8485.0	3.37049
8490.0	3.3985800000000004
8495.0	3.3268519999999997
8500.0	3.2900519999999998
8505.0	3.307552
8510.0	3.272593
8515.0	3.180695
8520.0	3.18928
8525.0	3.2751240000000004
8530.0	3.3053589999999997
8535.0	3.266955
8540.0	3.084202
8545.0	3.058592
8550.0	3.251989
8555.0	3.365783
8560.0	3.363696
8565.0	3.3654940000000004
8570.0	3.3849949999999995
8575.0	3.3763019999999995
8580.0	3.366158
8585.0	3.3772949999999997
8590.0	3.4029559999999996
8595.0	3.4125940000000003
8600.0	3.4258269999999995
8605.0	3.441361
8610.0	3.422497
8615.0	3.418995
8620.0	3.4081589999999995
8625.0	3.4420129999999998
8630.0	3.461385
8635.0	3.46896
8640.0	3.4803339999999996
8645.0	3.503011
8650.0	3.473445
8655.0	3.440029
8660.0	3.253683
8665.0	3.217541
8670.0	3.416182
8675.0	3.430819
8680.0	3.449929
8685.0	3.4043419999999998
8690.0	3.265745
8695.0	3.317626
8700.0	3.417364
8705.0	3.4730519999999996
8710.0	3.449146
8715.0	3.4161919999999997
8720.0	3.428185
8725.0	3.4938540000000002
8730.0	3.5267169999999997
8735.0	3.495103
8740.0	3.518771
8745.0	3.585483
8750.0	3.589472
8755.0	3.587342
8760.0	3.593585
8765.0	3.568168
8770.0	3.573976
8775.0	3.618669
8780.0	3.609943
8785.0	3.6381099999999997
8790.0	3.67064
8795.0	3.676232
8800.0	3.5871120000000003
8805.0	3.4251940000000003
8810.0	3.5250690000000002
8815.0	3.6849160000000003
8820.0	3.632137
8825.0	3.4922720000000003
8830.0	3.599302
8835.0	3.692717
8840.0	3.6667099999999997
8845.0	3.649458
8850.0	3.663698
8855.0	3.691522
8860.0	3.550186
8865.0	3.4882839999999997
8870.0	3.421993
8875.0	3.4291110000000002
8880.0	3.49779
8885.0	3.5221339999999994
8890.0	3.5598160000000005
8895.0	3.546103
8900.0	3.5614879999999998
8905.0	3.6274940000000004
8910.0	3.650736
8915.0	3.638239
8920.0	3.638615
8925.0	3.4619150000000003
8930.0	3.3653769999999996
8935.0	3.395203
8940.0	3.4151949999999998
8945.0	3.412989
8950.0	3.397379
8955.0	3.382456
8960.0	3.382306
8965.0	3.4060699999999997
8970.0	3.4430959999999997
8975.0	3.4777839999999998
8980.0	3.494532
8985.0	3.4830419999999997
8990.0	3.454217
8995.0	3.424263
9000.0	3.461271
9005.0	3.4777129999999996
9010.0	3.507309
9015.0	3.5464519999999995
9020.0	3.591536
9025.0	3.63864
9030.0	3.6825919999999996
9035.0	3.717904
9040.0	3.739087
9045.0	3.7425620000000004
9050.0	3.732368
9055.0	3.714547
9060.0	3.695527
9065.0	3.680675
9070.0	3.6707349999999996
9075.0	3.6652949999999995
9080.0	3.663942
9085.0	3.666115
9090.0	3.670662
9095.0	3.67628
9100.0	3.6816699999999996
9105.0	3.6855230000000003
9110.0	3.686514
9115.0	3.6833120000000004
9120.0	3.6745870000000003
9125.0	3.660039
9130.0	3.643501
9135.0	3.62984
9140.0	3.6239220000000003
9145.0	3.629235
9150.0	3.643767
9155.0	3.6640900000000003
9160.0	3.686618
9165.0	3.708419
9170.0	3.7293190000000003
9175.0	3.749835
9180.0	3.770482
9185.0	3.791384
9190.0	3.811083
9195.0	3.827729
9200.0	3.8394690000000002
9205.0	3.8449989999999996
9210.0	3.845193
9215.0	3.8414699999999997
9220.0	3.8352519999999997
9225.0	3.827784
9230.0	3.819613
9235.0	3.811114
9240.0	3.802659
9245.0	3.7942120000000004
9250.0	3.784094
9255.0	3.770189
9260.0	3.750271
9265.0	3.722833
9270.0	3.689345
9275.0	3.6520230000000002
9280.0	3.6130809999999998
9285.0	3.574728
9290.0	3.5391519999999996
9295.0	3.5085339999999996
9300.0	3.485058
9305.0	3.470542
9310.0	3.465356
9315.0	3.4695080000000003
9320.0	3.4830059999999996
9325.0	3.504924
9330.0	3.530612
9335.0	3.5544860000000003
9340.0	3.570962
9345.0	3.5761870000000004
9350.0	3.573231
9355.0	3.566878
9360.0	3.5618519999999996
9365.0	3.562555
9370.0	3.572165
9375.0	3.593549
9380.0	3.629581
9385.0	3.679935
9390.0	3.7315150000000004
9395.0	3.768032
9400.0	3.773196
9405.0	3.7365459999999997
9410.0	3.670947
9415.0	3.5950910000000005
9420.0	3.5276739999999998
9425.0	3.483949
9430.0	3.4654089999999997
9435.0	3.4701089999999994
9440.0	3.496104
9445.0	3.539647
9450.0	3.5897900000000003
9455.0	3.6337800000000002
9460.0	3.6588559999999997
9465.0	3.656392
9470.0	3.634326
9475.0	3.60474
9480.0	3.579715
9485.0	3.568683
9490.0	3.570497
9495.0	3.5813620000000004
9500.0	3.597483
9505.0	3.6150879999999996
9510.0	3.630493
9515.0	3.6400339999999995
9520.0	3.640051
9525.0	3.6287089999999997
9530.0	3.611485
9535.0	3.595686
9540.0	3.5886169999999997
9545.0	3.595513
9550.0	3.6133319999999998
9555.0	3.63695
9560.0	3.661206
9565.0	3.68134
9570.0	3.694229
9575.0	3.6971629999999998
9580.0	3.6874290000000003
9585.0	3.664358
9590.0	3.6354559999999996
9595.0	3.610268
9600.0	3.5983419999999997
9605.0	3.605609
9610.0	3.623535
9615.0	3.6399660000000003
9620.0	3.642753
9625.0	3.6242059999999996
9630.0	3.594492
9635.0	3.5682370000000003
9640.0	3.5600699999999996
9645.0	3.579733
9650.0	3.617433
9655.0	3.6584779999999997
9660.0	3.6881510000000004
9665.0	3.695565
9670.0	3.685204
9675.0	3.6653949999999997
9680.0	3.6444629999999996
9685.0	3.629175
9690.0	3.6200639999999997
9695.0	3.6160989999999997
9700.0	3.616254
9705.0	3.6192830000000002
9710.0	3.623067
9715.0	3.6252699999999995
9720.0	3.623557
9725.0	3.616515
9730.0	3.6064309999999997
9735.0	3.5965160000000003
9740.0	3.589981
9745.0	3.589199
9750.0	3.593201
9755.0	3.600162
9760.0	3.608169
9765.0	3.615942
9770.0	3.624799
9775.0	3.636703
9780.0	3.653622
9785.0	3.6761550000000005
9790.0	3.699433
9795.0	3.717221
9800.0	3.7232849999999997
9805.0	3.7137
9810.0	3.6937900000000004
9815.0	3.67119
9820.0	3.653536
9825.0	3.6463769999999998
9830.0	3.646924
9835.0	3.650303
9840.0	3.65164
9845.0	3.6469660000000004
9850.0	3.635935
9855.0	3.619179
9860.0	3.5976120000000003
9865.0	3.5723260000000003
9870.0	3.5448440000000003
9875.0	3.516796
9880.0	3.489813
9885.0	3.4654050000000005
9890.0	3.444611
9895.0	3.428344
9900.0	3.417524
9905.0	3.4128809999999996
9910.0	3.4144050000000004
9915.0	3.4219
9920.0	3.435172
9925.0	3.453639
9930.0	3.475171
9935.0	3.4972559999999997
9940.0	3.517378
9945.0	3.533487
9950.0	3.545381
9955.0	3.553414
9960.0	3.5583080000000002
9965.0	3.560803
9970.0	3.56135
9975.0	3.5603230000000003
9980.0	3.558102
9985.0	3.555093
9990.0	3.551825
9995.0	3.548858
10000.0	3.546751
10005.0	3.546192
10010.0	3.5483849999999997
10015.0	3.5546599999999997
10020.0	3.5663489999999998
10025.0	3.5837879999999998
10030.0	3.603333
10035.0	3.6203440000000002
10040.0	3.630183
10045.0	3.630086
10050.0	3.624799
10055.0	3.620937
10060.0	3.6251050000000005
10065.0	3.6416910000000002
10070.0	3.666236
10075.0	3.692068
10080.0	3.712514
10085.0	3.722382
10090.0	3.722393
10095.0	3.714749
10100.0	3.7016519999999997
10105.0	3.6851260000000003
10110.0	3.666493
10115.0	3.646898
10120.0	3.627485
10125.0	3.609493
10130.0	3.594543
10135.0	3.58435
10140.0	3.580627
10145.0	3.5843220000000002
10150.0	3.593317
10155.0	3.604655
10160.0	3.6151050000000002
10165.0	3.621961
10170.0	3.624885
10175.0	3.624132
10180.0	3.619958
10185.0	3.6128940000000003
10190.0	3.604574
10195.0	3.596904
10200.0	3.591794
10205.0	3.590661
10210.0	3.5929510000000002
10215.0	3.5976220000000003
10220.0	3.6036309999999996
10225.0	3.6095620000000004
10230.0	3.612515
10235.0	3.6092199999999997
10240.0	3.596403
10245.0	3.5725879999999997
10250.0	3.5434660000000004
10255.0	3.516488
10260.0	3.498971
10265.0	3.4960620000000002
10270.0	3.5043800000000003
10275.0	3.518411
10280.0	3.5326400000000002
10285.0	3.5425400000000002
10290.0	3.5475339999999997
10295.0	3.548031
10300.0	3.5444400000000003
10305.0	3.564192
10310.0	3.5594120000000005
10315.0	3.555314
10320.0	3.5531589999999995
10325.0	3.5536480000000004
10330.0	3.555232
10335.0	3.5558
10340.0	3.5532440000000003
10345.0	3.5464
10350.0	3.5378879999999997
10355.0	3.531252
10360.0	3.529953
10365.0	3.5362160000000005
10370.0	3.547421
10375.0	3.5597339999999997
10380.0	3.569322
10385.0	3.5732269999999997
10390.0	3.571995
10395.0	3.567042
10400.0	3.559791
10405.0	3.551632
10410.0	3.54385
10415.0	3.5377019999999995
10420.0	3.534444
10425.0	3.5348339999999996
10430.0	3.537638
10435.0	3.541121
10440.0	3.5435489999999996
10445.0	3.543929
10450.0	3.5442400000000003
10455.0	3.5471730000000004
10460.0	3.555301
10465.0	3.5700730000000003
10470.0	3.588575
10475.0	3.6067980000000004
10480.0	3.620735
10485.0	3.627411
10490.0	3.628
10495.0	3.6247089999999997
10500.0	3.619746
10505.0	3.6055309999999996
10510.0	3.5903419999999997
10515.0	3.5794010000000003
10520.0	3.5742599999999998
10525.0	3.575679
10530.0	3.5812459999999997
10535.0	3.587758
10540.0	3.5920129999999997
10545.0	3.591436
10550.0	3.585964
10555.0	3.576162
10560.0	3.5625970000000002
10565.0	3.5463980000000004
10570.0	3.530962
10575.0	3.5202459999999998
10580.0	3.518211
10585.0	3.5270330000000003
10590.0	3.54175
10595.0	3.555619
10600.0	3.561892
10605.0	3.5555470000000002
10610.0	3.5384480000000003
10615.0	3.514178
10620.0	3.486322
10625.0	3.492235
10630.0	3.490648
10635.0	3.48906
10640.0	3.4874699999999996
10645.0	3.4858800000000003
10650.0	3.484288
10655.0	3.4826949999999997
10660.0	3.4811
10665.0	3.479504
10670.0	3.477908
10675.0	3.47631
10680.0	3.47471
10685.0	3.4731099999999997
10690.0	3.4715089999999997
10695.0	3.469906
10700.0	3.4683019999999996
10705.0	3.4666980000000005
10710.0	3.465092
10715.0	3.463485
10720.0	3.461877
10725.0	3.460267
10730.0	3.458657
10735.0	3.457046
10740.0	3.455433
10745.0	3.453819
10750.0	3.452205
10755.0	3.450589
10760.0	3.448972
10765.0	3.4473540000000003
10770.0	3.445736
10775.0	3.444116
10780.0	3.4424949999999996
10785.0	3.440874
10790.0	3.439251
10795.0	3.4376269999999995
10800.0	3.436002
10805.0	3.4343760000000003
10810.0	3.432749
10815.0	3.4311220000000002
10820.0	3.429493
10825.0	3.427863
10830.0	3.4262330000000003
10835.0	3.4246019999999997
10840.0	3.422969
10845.0	3.421336
10850.0	3.4197019999999996
10855.0	3.4180669999999997
10860.0	3.41643
10865.0	3.414794
10870.0	3.413156
10875.0	3.411518
10880.0	3.409878
10885.0	3.408238
10890.0	3.406596
10895.0	3.404954
10900.0	3.403311
10905.0	3.401668
10910.0	3.4000230000000005
10915.0	3.3983779999999997
10920.0	3.396732
10925.0	3.395085
10930.0	3.3934370000000005
10935.0	3.3917889999999997
10940.0	3.39014
10945.0	3.38849
10950.0	3.386839
10955.0	3.385188
10960.0	3.383536
10965.0	3.381883
10970.0	3.380229
10975.0	3.378575
10980.0	3.3769199999999997
10985.0	3.375263
10990.0	3.373607
10995.0	3.37195
11000.0	3.3702919999999996
11005.0	3.3686339999999997
11010.0	3.366975
11015.0	3.3653150000000003
11020.0	3.363654
11025.0	3.361993
11030.0	3.360332
11035.0	3.3586690000000003
11040.0	3.3570059999999997
11045.0	3.355342
11050.0	3.353678
11055.0	3.352013
11060.0	3.3503480000000003
11065.0	3.348682
11070.0	3.3470160000000004
11075.0	3.3453489999999997
11080.0	3.343682
11085.0	3.342014
11090.0	3.3403449999999997
11095.0	3.338675
11100.0	3.3370050000000004
11105.0	3.3353349999999997
11110.0	3.3336639999999997
11115.0	3.331993
11120.0	3.330321
11125.0	3.328649
11130.0	3.326976
11135.0	3.325303
11140.0	3.323629
11145.0	3.3219550000000004
11150.0	3.3202809999999996
11155.0	3.3186050000000002
11160.0	3.31693
11165.0	3.315254
11170.0	3.3135779999999997
11175.0	3.311901
11180.0	3.310224
11185.0	3.308547
11190.0	3.3068690000000003
11195.0	3.30519
11200.0	3.303511
11205.0	3.301832
11210.0	3.300153
11215.0	3.2984730000000004
11220.0	3.296793
11225.0	3.2951129999999997
11230.0	3.293432
11235.0	3.291751
11240.0	3.2900690000000004
11245.0	3.288388
11250.0	3.2867059999999997
11255.0	3.285024
11260.0	3.2833410000000005
11265.0	3.281658
11270.0	3.279975
11275.0	3.278292
11280.0	3.276609
11285.0	3.274925
11290.0	3.273241
11295.0	3.2715560000000004
11300.0	3.2698720000000003
11305.0	3.2681869999999997
11310.0	3.266502
11315.0	3.264817
11320.0	3.263132
11325.0	3.261446
11330.0	3.259761
11335.0	3.258075
11340.0	3.256389
11345.0	3.2547029999999997
11350.0	3.253016
11355.0	3.25133
11360.0	3.249644
11365.0	3.247957
11370.0	3.24627
11375.0	3.244583
11380.0	3.242896
11385.0	3.241209
11390.0	3.239522
11395.0	3.237835
11400.0	3.2361470000000003
11405.0	3.23446
11410.0	3.232773
11415.0	3.2310849999999998
11420.0	3.2293979999999998
11425.0	3.2277099999999996
11430.0	3.226023
11435.0	3.224335
11440.0	3.222648
11445.0	3.22096
11450.0	3.219272
11455.0	3.2175849999999997
11460.0	3.215897
11465.0	3.21421
11470.0	3.212523
11475.0	3.210835
11480.0	3.209148
11485.0	3.2074599999999998
11490.0	3.2057729999999998
11495.0	3.204086
11500.0	3.202399
11505.0	3.200712
11510.0	3.199025
11515.0	3.197339
11520.0	3.195652
11525.0	3.193965
11530.0	3.192279
11535.0	3.1905930000000002
11540.0	3.188907
11545.0	3.187221
11550.0	3.185535
11555.0	3.18385
11560.0	3.1821639999999998
11565.0	3.180479
11570.0	3.178794
11575.0	3.177109
11580.0	3.175425
11585.0	3.17374
11590.0	3.172056
11595.0	3.170372
11600.0	3.168688
11605.0	3.167005
11610.0	3.165322
11615.0	3.163639
11620.0	3.161956
11625.0	3.1602740000000002
11630.0	3.158591
11635.0	3.156909
11640.0	3.1552279999999997
11645.0	3.153547
11650.0	3.151866
11655.0	3.150185
11660.0	3.148505
11665.0	3.146825
11670.0	3.145146
11675.0	3.143466
11680.0	3.141788
11685.0	3.140109
11690.0	3.138431
11695.0	3.1367529999999997
11700.0	3.1350759999999998
11705.0	3.1333990000000003
11710.0	3.131722
11715.0	3.130046
11720.0	3.12837
11725.0	3.1266950000000002
11730.0	3.12502
11735.0	3.1233459999999997
11740.0	3.1216720000000002
11745.0	3.119998
11750.0	3.118325
11755.0	3.116653
11760.0	3.114981
11765.0	3.113309
11770.0	3.111638
11775.0	3.1099669999999997
11780.0	3.1082970000000003
11785.0	3.1066279999999997
11790.0	3.104959
11795.0	3.1032900000000003
11800.0	3.1016220000000003
11805.0	3.099955
11810.0	3.098288
11815.0	3.096622
11820.0	3.0949560000000003
11825.0	3.093291
11830.0	3.0916259999999998
11835.0	3.089963
11840.0	3.088299
11845.0	3.086637
11850.0	3.084975
11855.0	3.083313
11860.0	3.081652
11865.0	3.079992
11870.0	3.078332
11875.0	3.076674
11880.0	3.075015
11885.0	3.0733580000000003
11890.0	3.071701
11895.0	3.070045
11900.0	3.068389
11905.0	3.066735
11910.0	3.06508
11915.0	3.063427
11920.0	3.061774
11925.0	3.060123
11930.0	3.058471
11935.0	3.056821
11940.0	3.055171
11945.0	3.053522
11950.0	3.051874
11955.0	3.050227
11960.0	3.04858
11965.0	3.046935
11970.0	3.04529
11975.0	3.043645
11980.0	3.042002
11985.0	3.0403599999999997
11990.0	3.038718
11995.0	3.037077
12000.0	3.035437
12005.0	3.033798
12010.0	3.0321599999999997
12015.0	3.030523
12020.0	3.028886
12025.0	3.02725
12030.0	3.025616
12035.0	3.023982
12040.0	3.022349
12045.0	3.020717
12050.0	3.019086
12055.0	3.017456
12060.0	3.0158270000000003
12065.0	3.014198
12070.0	3.012571
12075.0	3.010945
12080.0	3.009319
12085.0	3.007695
12090.0	3.006072
12095.0	3.004449
12100.0	3.002828
12105.0	3.001208
12110.0	2.999588
12115.0	2.99797
12120.0	2.996352
12125.0	2.994736
12130.0	2.993121
12135.0	2.991507
12140.0	2.989894
12145.0	2.988282
12150.0	2.98667
12155.0	2.985061
12160.0	2.983452
12165.0	2.9818439999999997
12170.0	2.980237
12175.0	2.978632
12180.0	2.977028
12185.0	2.975425
12190.0	2.973822
12195.0	2.972221
12200.0	2.970622
12205.0	2.969023
12210.0	2.9674259999999997
12215.0	2.9658290000000003
12220.0	2.964234
12225.0	2.96264
12230.0	2.961047
12235.0	2.9594560000000003
12240.0	2.957866
12245.0	2.956276
12250.0	2.954688
12255.0	2.9531009999999998
12260.0	2.951515
12265.0	2.9499299999999997
12270.0	2.948347
12275.0	2.946765
12280.0	2.945184
12285.0	2.943604
12290.0	2.942025
12295.0	2.940448
12300.0	2.938871
12305.0	2.937296
12310.0	2.935722
12315.0	2.934149
12320.0	2.932577
12325.0	2.931006
12330.0	2.929436
12335.0	2.927868
12340.0	2.9263
12345.0	2.924734
12350.0	2.9231689999999997
12355.0	2.921605
12360.0	2.920042
12365.0	2.9184810000000003
12370.0	2.91692
12375.0	2.915361
12380.0	2.913802
12385.0	2.912245
12390.0	2.910689
12395.0	2.909134
12400.0	2.907581
12405.0	2.906028
12410.0	2.904477
12415.0	2.902926
12420.0	2.901377
12425.0	2.899829
12430.0	2.898282
12435.0	2.896736
12440.0	2.895191
12445.0	2.8936479999999998
12450.0	2.892105
12455.0	2.890563
12460.0	2.889023
12465.0	2.887484
12470.0	2.885946
12475.0	2.884408
12480.0	2.882873
12485.0	2.881338
12490.0	2.879804
12495.0	2.878271
12500.0	2.8767400000000003
12505.0	2.875209
12510.0	2.87368
12515.0	2.8721520000000003
12520.0	2.8706240000000003
12525.0	2.869098
12530.0	2.867573
12535.0	2.8660490000000003
12540.0	2.8645259999999997
12545.0	2.863005
12550.0	2.861484
12555.0	2.8599650000000003
12560.0	2.858446
12565.0	2.856929
12570.0	2.855412
12575.0	2.853897
12580.0	2.852383
12585.0	2.85087
12590.0	2.849358
12595.0	2.8478470000000002
12600.0	2.846337
12605.0	2.8448279999999997
12610.0	2.8433200000000003
12615.0	2.841813
12620.0	2.840307
12625.0	2.838803
12630.0	2.8373
12635.0	2.835797
12640.0	2.8342959999999997
12645.0	2.832795
12650.0	2.831296
12655.0	2.829798
12660.0	2.8283
12665.0	2.826804
12670.0	2.825309
12675.0	2.823815
12680.0	2.822322
12685.0	2.82083
12690.0	2.819339
12695.0	2.81785
12700.0	2.816361
12705.0	2.814873
12710.0	2.813386
12715.0	2.8119
12720.0	2.810416
12725.0	2.808932
12730.0	2.807449
12735.0	2.805968
12740.0	2.804487
12745.0	2.803008
12750.0	2.801529
12755.0	2.800052
12760.0	2.798575
12765.0	2.7971
12770.0	2.795625
12775.0	2.794152
12780.0	2.79268
12785.0	2.791208
12790.0	2.7897380000000003
12795.0	2.788268
12800.0	2.7868
12805.0	2.785333
12810.0	2.783867
12815.0	2.7824009999999997
12820.0	2.7809369999999998
12825.0	2.779474
12830.0	2.7780110000000002
12835.0	2.77655
12840.0	2.77509
12845.0	2.773631
12850.0	2.7721720000000003
12855.0	2.770715
12860.0	2.769259
12865.0	2.767803
12870.0	2.766349
12875.0	2.764896
12880.0	2.763444
12885.0	2.761992
12890.0	2.7605419999999996
12895.0	2.759093
12900.0	2.757644
12905.0	2.7561970000000002
12910.0	2.75475
12915.0	2.753305
12920.0	2.751861
12925.0	2.7504169999999997
12930.0	2.748975
12935.0	2.7475330000000002
12940.0	2.746093
12945.0	2.744653
12950.0	2.743215
12955.0	2.741777
12960.0	2.74034
12965.0	2.7389040000000002
12970.0	2.73747
12975.0	2.736036
12980.0	2.734603
12985.0	2.733171
12990.0	2.731741
12995.0	2.730311
13000.0	2.728882
13005.0	2.7274540000000003
13010.0	2.726027
13015.0	2.724601
13020.0	2.723176
13025.0	2.721751
13030.0	2.720328
13035.0	2.718906
13040.0	2.7174840000000002
13045.0	2.716064
13050.0	2.714645
13055.0	2.7132259999999997
13060.0	2.711809
13065.0	2.7103919999999997
13070.0	2.708976
13075.0	2.707561
13080.0	2.7061479999999998
13085.0	2.704735
13090.0	2.703323
13095.0	2.701912
13100.0	2.700502
13105.0	2.699092
13110.0	2.697684
13115.0	2.6962770000000003
13120.0	2.69487
13125.0	2.693465
13130.0	2.6920599999999997
13135.0	2.690657
13140.0	2.689254
13145.0	2.687852
13150.0	2.686451
13155.0	2.6850509999999996
13160.0	2.683652
13165.0	2.682254
13170.0	2.680857
13175.0	2.679461
13180.0	2.678065
13185.0	2.676671
13190.0	2.675277
13195.0	2.673884
13200.0	2.6724930000000002
13205.0	2.671102
13210.0	2.669712
13215.0	2.668323
13220.0	2.666934
13225.0	2.665547
13230.0	2.664161
13235.0	2.662775
13240.0	2.661391
13245.0	2.660007
13250.0	2.658624
13255.0	2.6572419999999997
13260.0	2.6558610000000002
13265.0	2.65448
13270.0	2.653101
13275.0	2.651722
13280.0	2.650345
13285.0	2.648968
13290.0	2.647592
13295.0	2.646217
13300.0	2.644843
13305.0	2.64347
13310.0	2.642098
13315.0	2.640727
13320.0	2.6393560000000003
13325.0	2.637986
13330.0	2.6366169999999998
13335.0	2.635249
13340.0	2.633882
13345.0	2.632516
13350.0	2.63115
13355.0	2.629786
13360.0	2.628422
13365.0	2.627059
13370.0	2.625697
13375.0	2.624336
13380.0	2.622976
13385.0	2.621616
13390.0	2.620258
13395.0	2.6189
13400.0	2.617543
13405.0	2.616187
13410.0	2.614832
13415.0	2.613477
13420.0	2.612124
13425.0	2.6107709999999997
13430.0	2.609419
13435.0	2.608068
13440.0	2.606718
13445.0	2.605369
13450.0	2.6040200000000002
13455.0	2.602672
13460.0	2.601325
13465.0	2.5999790000000003
13470.0	2.598634
13475.0	2.59729
13480.0	2.595946
13485.0	2.594604
13490.0	2.5932619999999997
13495.0	2.59192
13500.0	2.59058
13505.0	2.589241
13510.0	2.587902
13515.0	2.586564
13520.0	2.585227
13525.0	2.583891
13530.0	2.5825560000000003
13535.0	2.5812209999999998
13540.0	2.579887
13545.0	2.578554
13550.0	2.577222
13555.0	2.575891
13560.0	2.57456
13565.0	2.5732310000000003
13570.0	2.571901
13575.0	2.570573
13580.0	2.569245
13585.0	2.567919
13590.0	2.566593
13595.0	2.565268
13600.0	2.563944
13605.0	2.56262
13610.0	2.561298
13615.0	2.559976
13620.0	2.558655
13625.0	2.557334
13630.0	2.556015
13635.0	2.554696
13640.0	2.553378
13645.0	2.552061
13650.0	2.550745
13655.0	2.549429
13660.0	2.548114
13665.0	2.5468
13670.0	2.545486
13675.0	2.5441740000000004
13680.0	2.542862
13685.0	2.5415509999999997
13690.0	2.540241
13695.0	2.5389310000000003
13700.0	2.537623
13705.0	2.536314
13710.0	2.535007
13715.0	2.5337009999999998
13720.0	2.532395
13725.0	2.5310900000000003
13730.0	2.529786
13735.0	2.528483
13740.0	2.52718
13745.0	2.525878
13750.0	2.524577
13755.0	2.5232759999999996
13760.0	2.521977
13765.0	2.5206779999999998
13770.0	2.51938
13775.0	2.518082
13780.0	2.516785
13785.0	2.515489
13790.0	2.514194
13795.0	2.512899
13800.0	2.511606
13805.0	2.510313
13810.0	2.50902
13815.0	2.507729
13820.0	2.506438
13825.0	2.505147
13830.0	2.503858
13835.0	2.50257
13840.0	2.501281
13845.0	2.499994
13850.0	2.498708
13855.0	2.4974220000000003
13860.0	2.496137
13865.0	2.494853
13870.0	2.493569
13875.0	2.492286
13880.0	2.491003
13885.0	2.489722
13890.0	2.488441
13895.0	2.487161
13900.0	2.485882
13905.0	2.484603
13910.0	2.483325
13915.0	2.482048
13920.0	2.480771
13925.0	2.479495
13930.0	2.47822
13935.0	2.476945
13940.0	2.4756720000000003
13945.0	2.474398
13950.0	2.4731259999999997
13955.0	2.471854
13960.0	2.470583
13965.0	2.469313
13970.0	2.468043
13975.0	2.466774
13980.0	2.465506
13985.0	2.464238
13990.0	2.462971
13995.0	2.461705
14000.0	2.460439
14005.0	2.459174
14010.0	2.45791
14015.0	2.4566470000000002
14020.0	2.455384
14025.0	2.454122
14030.0	2.45286
14035.0	2.4515990000000003
14040.0	2.450339
14045.0	2.4490790000000002
14050.0	2.44782
14055.0	2.4465619999999997
14060.0	2.445305
14065.0	2.444048
14070.0	2.442792
14075.0	2.441536
14080.0	2.440281
14085.0	2.439027
14090.0	2.437773
14095.0	2.4365200000000002
14100.0	2.435268
14105.0	2.434016
14110.0	2.4327650000000003
14115.0	2.431515
14120.0	2.4302650000000003
14125.0	2.429016
14130.0	2.427767
14135.0	2.42652
14140.0	2.425272
14145.0	2.424026
14150.0	2.42278
14155.0	2.421535
14160.0	2.42029
14165.0	2.419046
14170.0	2.4178029999999997
14175.0	2.41656
14180.0	2.415318
14185.0	2.4140770000000003
14190.0	2.412836
14195.0	2.411595
14200.0	2.410356
14205.0	2.4091169999999997
14210.0	2.4078779999999997
14215.0	2.4066400000000003
14220.0	2.4054029999999997
14225.0	2.4041669999999997
14230.0	2.402931
14235.0	2.401696
14240.0	2.400461
14245.0	2.399227
14250.0	2.397993
14255.0	2.39676
14260.0	2.395528
14265.0	2.3942959999999998
14270.0	2.393065
14275.0	2.391835
14280.0	2.390605
14285.0	2.389376
14290.0	2.388147
14295.0	2.386919
14300.0	2.3856919999999997
14305.0	2.384465
14310.0	2.383239
14315.0	2.382013
14320.0	2.380788
14325.0	2.379563
14330.0	2.378339
14335.0	2.377116
14340.0	2.375893
14345.0	2.3746709999999998
14350.0	2.37345
14355.0	2.372228
14360.0	2.3710080000000002
14365.0	2.3697880000000002
14370.0	2.368569
14375.0	2.36735
14380.0	2.366132
14385.0	2.3649139999999997
14390.0	2.363697
14395.0	2.3624810000000003
14400.0	2.361265
14405.0	2.36005
14410.0	2.358835
14415.0	2.357621
14420.0	2.356407
14425.0	2.355194
14430.0	2.353981
14435.0	2.35277
14440.0	2.3515580000000003
14445.0	2.350347
14450.0	2.349137
14455.0	2.347927
14460.0	2.346718
14465.0	2.34551
14470.0	2.3443009999999997
14475.0	2.343094
14480.0	2.341887
14485.0	2.34068
14490.0	2.339475
14495.0	2.338269
14500.0	2.337065
14505.0	2.33586
14510.0	2.3346560000000003
14515.0	2.333453
14520.0	2.33225
14525.0	2.331048
14530.0	2.329847
14535.0	2.328645
14540.0	2.327445
14545.0	2.326245
14550.0	2.3250450000000003
14555.0	2.323846
14560.0	2.322648
14565.0	2.32145
14570.0	2.320252
14575.0	2.319055
14580.0	2.317859
14585.0	2.316663
14590.0	2.315468
14595.0	2.314273
14600.0	2.313078
14605.0	2.3118849999999997
14610.0	2.310691
14615.0	2.309498
14620.0	2.308306
14625.0	2.307114
14630.0	2.305923
14635.0	2.304732
14640.0	2.3035419999999998
14645.0	2.302352
14650.0	2.3011630000000003
14655.0	2.299974
14660.0	2.2987849999999996
14665.0	2.297598
14670.0	2.29641
14675.0	2.295223
14680.0	2.294037
14685.0	2.2928509999999998
14690.0	2.291666
14695.0	2.290481
14700.0	2.2892959999999998
14705.0	2.288112
14710.0	2.286929
14715.0	2.285746
14720.0	2.284563
14725.0	2.2833810000000003
14730.0	2.2822
14735.0	2.281018
14740.0	2.2798380000000003
14745.0	2.278658
14750.0	2.277478
14755.0	2.2762990000000003
14760.0	2.2751200000000003
14765.0	2.273942
14770.0	2.272764
14775.0	2.271586
14780.0	2.270409
14785.0	2.2692330000000003
14790.0	2.2680569999999998
14795.0	2.266882
14800.0	2.265707
14805.0	2.264532
14810.0	2.263358
14815.0	2.262184
14820.0	2.261011
14825.0	2.2598380000000002
14830.0	2.258665
14835.0	2.257493
14840.0	2.256322
14845.0	2.2551509999999997
14850.0	2.25398
14855.0	2.2528099999999998
14860.0	2.25164
14865.0	2.250471
14870.0	2.249302
14875.0	2.248134
14880.0	2.246966
14885.0	2.2457979999999997
14890.0	2.244631
14895.0	2.243464
14900.0	2.242298
14905.0	2.241132
14910.0	2.239967
14915.0	2.238802
14920.0	2.237637
14925.0	2.236473
14930.0	2.235309
14935.0	2.234146
14940.0	2.2329830000000004
14945.0	2.23182
14950.0	2.230658
14955.0	2.2294970000000003
14960.0	2.228335
14965.0	2.227175
14970.0	2.226014
14975.0	2.224854
14980.0	2.223695
14985.0	2.2225349999999997
14990.0	2.221376
14995.0	2.220218
15000.0	2.21906
15005.0	2.217902
15010.0	2.216745
15015.0	2.215588
15020.0	2.214432
15025.0	2.213275
15030.0	2.21212
15035.0	2.210964
15040.0	2.20981
15045.0	2.208655
15050.0	2.2075009999999997
15055.0	2.206347
15060.0	2.2051939999999997
15065.0	2.204041
15070.0	2.202888
15075.0	2.201736
15080.0	2.200584
15085.0	2.199433
15090.0	2.198282
15095.0	2.197131
15100.0	2.195981
15105.0	2.194831
15110.0	2.193681
15115.0	2.192532
15120.0	2.191383
15125.0	2.1902340000000002
15130.0	2.189086
15135.0	2.187938
15140.0	2.186791
15145.0	2.185644
15150.0	2.184497
15155.0	2.183351
15160.0	2.1822049999999997
15165.0	2.181059
15170.0	2.179914
15175.0	2.178769
15180.0	2.1776240000000002
15185.0	2.1764799999999997
15190.0	2.175336
15195.0	2.1741919999999997
15200.0	2.1730490000000002
15205.0	2.1719060000000003
15210.0	2.170764
15215.0	2.169621
15220.0	2.1684799999999997
15225.0	2.167338
15230.0	2.166197
15235.0	2.1650560000000003
15240.0	2.163916
15245.0	2.162775
15250.0	2.161635
15255.0	2.1604959999999997
15260.0	2.159357
15265.0	2.158218
15270.0	2.157079
15275.0	2.155941
15280.0	2.154803
15285.0	2.153665
15290.0	2.1525279999999998
15295.0	2.151391
15300.0	2.150254
15305.0	2.149118
15310.0	2.147982
15315.0	2.146846
15320.0	2.145711
15325.0	2.144576
15330.0	2.143441
15335.0	2.142307
15340.0	2.141172
15345.0	2.140038
15350.0	2.138905
15355.0	2.137772
15360.0	2.1366389999999997
15365.0	2.1355060000000003
15370.0	2.134374
15375.0	2.133241
15380.0	2.13211
15385.0	2.130978
15390.0	2.1298470000000003
15395.0	2.128716
15400.0	2.127585
15405.0	2.126455
15410.0	2.125325
15415.0	2.1241950000000003
15420.0	2.123066
15425.0	2.1219360000000003
15430.0	2.120807
15435.0	2.119678
15440.0	2.11855
15445.0	2.117422
15450.0	2.116294
15455.0	2.115167
15460.0	2.114039
15465.0	2.1129119999999997
15470.0	2.111786
15475.0	2.1106599999999998
15480.0	2.1095330000000003
15485.0	2.108407
15490.0	2.107281
15495.0	2.106156
15500.0	2.1050310000000003
15505.0	2.1039060000000003
15510.0	2.1027810000000002
15515.0	2.101657
15520.0	2.100532
15525.0	2.0994080000000004
15530.0	2.0982849999999997
15535.0	2.097162
15540.0	2.096038
15545.0	2.0949150000000003
15550.0	2.0937919999999997
15555.0	2.09267
15560.0	2.091548
15565.0	2.090426
15570.0	2.0893040000000003
15575.0	2.0881830000000003
15580.0	2.087062
15585.0	2.085941
15590.0	2.08482
15595.0	2.083699
15600.0	2.082579
15605.0	2.081459
15610.0	2.080339
15615.0	2.0792189999999997
15620.0	2.0781
15625.0	2.076981
15630.0	2.075862
15635.0	2.0747430000000002
15640.0	2.073625
15645.0	2.072506
15650.0	2.0713880000000002
15655.0	2.070271
15660.0	2.069153
15665.0	2.068035
15670.0	2.066918
15675.0	2.065801
15680.0	2.064685
15685.0	2.063568
15690.0	2.062452
15695.0	2.0613360000000003
15700.0	2.06022
15705.0	2.059104
15710.0	2.057988
15715.0	2.056873
15720.0	2.055758
15725.0	2.054643
15730.0	2.053528
15735.0	2.052413
15740.0	2.051299
15745.0	2.050185
15750.0	2.049071
15755.0	2.047957
15760.0	2.046843
15765.0	2.04573
15770.0	2.0446169999999997
15775.0	2.043504
15780.0	2.042391
15785.0	2.0412779999999997
15790.0	2.040165
15795.0	2.039053
15800.0	2.037941
15805.0	2.036829
15810.0	2.035717
15815.0	2.034605
15820.0	2.0334939999999997
15825.0	2.032382
15830.0	2.031271
15835.0	2.03016
15840.0	2.02905
15845.0	2.027939
15850.0	2.026828
15855.0	2.0257169999999998
15860.0	2.024608
15865.0	2.023498
15870.0	2.0223880000000003
15875.0	2.0212779999999997
15880.0	2.0201689999999997
15885.0	2.019059
15890.0	2.01795
15895.0	2.016841
15900.0	2.015732
15905.0	2.014623
15910.0	2.013515
15915.0	2.012406
15920.0	2.0112970000000003
15925.0	2.010189
15930.0	2.009081
15935.0	2.007973
15940.0	2.0068650000000003
15945.0	2.005758
15950.0	2.00465
15955.0	2.003542
15960.0	2.0024349999999997
15965.0	2.001328
15970.0	2.000221
15975.0	1.9991139999999998
15980.0	1.9980069999999999
15985.0	1.9969009999999998
15990.0	1.9957939999999998
15995.0	1.994688
16000.0	1.993582
16005.0	1.992475
16010.0	1.991369
16015.0	1.9902630000000001
16020.0	1.989157
16025.0	1.9880520000000002
16030.0	1.9869459999999999
16035.0	1.985841
16040.0	1.984735
16045.0	1.98363
16050.0	1.982525
16055.0	1.9814200000000002
16060.0	1.980315
16065.0	1.97921
16070.0	1.978105
16075.0	1.977
16080.0	1.9758959999999999
16085.0	1.974791
16090.0	1.973687
16095.0	1.9725830000000002
16100.0	1.9714779999999998
16105.0	1.970374
16110.0	1.96927
16115.0	1.9681669999999998
16120.0	1.967063
16125.0	1.965959
16130.0	1.964855
16135.0	1.9637509999999998
16140.0	1.962648
16145.0	1.961545
16150.0	1.9604409999999999
16155.0	1.959338
16160.0	1.958235
16165.0	1.9571319999999999
16170.0	1.956029
16175.0	1.954926
16180.0	1.9538229999999999
16185.0	1.95272
16190.0	1.951617
16195.0	1.9505139999999999
16200.0	1.949412
16205.0	1.948309
16210.0	1.947207
16215.0	1.946104
16220.0	1.9450020000000001
16225.0	1.9438990000000003
16230.0	1.942797
16235.0	1.9416950000000002
16240.0	1.940593
16245.0	1.939491
16250.0	1.938388
16255.0	1.937286
16260.0	1.936184
16265.0	1.935082
16270.0	1.9339810000000002
16275.0	1.932879
16280.0	1.931777
16285.0	1.930675
16290.0	1.929573
16295.0	1.9284720000000002
16300.0	1.92737
16305.0	1.926268
16310.0	1.9251669999999999
16315.0	1.9240650000000001
16320.0	1.922964
16325.0	1.921862
16330.0	1.9207610000000002
16335.0	1.919659
16340.0	1.9185580000000002
16345.0	1.917457
16350.0	1.916355
16355.0	1.915254
16360.0	1.914153
16365.0	1.9130509999999998
16370.0	1.91195
16375.0	1.9108490000000002
16380.0	1.909748
16385.0	1.9086470000000002
16390.0	1.907546
16395.0	1.9064450000000002
16400.0	1.905344
16405.0	1.9042430000000001
16410.0	1.903142
16415.0	1.902041
16420.0	1.90094
16425.0	1.8998389999999998
16430.0	1.898738
16435.0	1.8976380000000002
16440.0	1.896537
16445.0	1.8954360000000001
16450.0	1.894336
16455.0	1.8932349999999998
16460.0	1.892135
16465.0	1.891034
16470.0	1.889934
16475.0	1.8888330000000002
16480.0	1.887733
16485.0	1.8866330000000002
16490.0	1.885532
16495.0	1.8844319999999999
16500.0	1.883332
16505.0	1.882232
16510.0	1.881132
16515.0	1.880032
16520.0	1.878932
16525.0	1.877832
16530.0	1.876732
16535.0	1.875632
16540.0	1.8745319999999999
16545.0	1.8734330000000001
16550.0	1.8723330000000002
16555.0	1.8712330000000001
16560.0	1.870134
16565.0	1.8690349999999998
16570.0	1.867935
16575.0	1.8668360000000002
16580.0	1.865736
16585.0	1.8646369999999999
16590.0	1.8635380000000001
16595.0	1.862439
16600.0	1.8613389999999999
16605.0	1.8602400000000001
16610.0	1.859141
16615.0	1.8580419999999997
16620.0	1.856944
16625.0	1.855845
16630.0	1.854746
16635.0	1.853647
16640.0	1.8525490000000002
16645.0	1.85145
16650.0	1.850352
16655.0	1.8492529999999998
16660.0	1.848155
16665.0	1.847056
16670.0	1.8459580000000002
16675.0	1.84486
16680.0	1.843762
16685.0	1.8426639999999999
16690.0	1.841566
16695.0	1.840468
16700.0	1.8393700000000002
16705.0	1.8382720000000001
16710.0	1.837174
16715.0	1.836077
16720.0	1.8349790000000001
16725.0	1.833882
16730.0	1.832784
16735.0	1.8316869999999998
16740.0	1.830589
16745.0	1.829492
16750.0	1.828395
16755.0	1.8272979999999999
16760.0	1.8262009999999997
16765.0	1.825104
16770.0	1.824007
16775.0	1.8229099999999998
16780.0	1.821814
16785.0	1.820717
16790.0	1.81962
16795.0	1.8185240000000003
16800.0	1.8174270000000001
16805.0	1.8163310000000001
16810.0	1.815235
16815.0	1.814139
16820.0	1.813043
16825.0	1.8119470000000002
16830.0	1.8108509999999998
16835.0	1.809755
16840.0	1.808659
16845.0	1.807563
16850.0	1.806468
16855.0	1.8053720000000002
16860.0	1.8042770000000001
16865.0	1.8031810000000001
16870.0	1.802086
16875.0	1.800991
16880.0	1.799896
16885.0	1.7988009999999999
16890.0	1.797706
16895.0	1.796611
16900.0	1.795516
16905.0	1.7944209999999998
16910.0	1.7933270000000001
16915.0	1.792232
16920.0	1.7911380000000001
16925.0	1.790043
16930.0	1.7889490000000001
16935.0	1.787855
16940.0	1.786761
16945.0	1.785667
16950.0	1.784573
16955.0	1.783479
16960.0	1.782386
16965.0	1.7812919999999999
16970.0	1.780199
16975.0	1.779105
16980.0	1.778012
16985.0	1.776919
16990.0	1.775826
16995.0	1.7747330000000001
17000.0	1.77364
17005.0	1.772547
17010.0	1.771454
17015.0	1.770361
17020.0	1.7692689999999998
17025.0	1.768177
17030.0	1.767084
17035.0	1.7659919999999998
17040.0	1.7649
17045.0	1.7638080000000003
17050.0	1.762716
17055.0	1.761624
17060.0	1.760532
17065.0	1.759441
17070.0	1.7583490000000002
17075.0	1.7572580000000002
17080.0	1.7561669999999998
17085.0	1.755075
17090.0	1.753984
17095.0	1.752893
17100.0	1.7518029999999998
17105.0	1.7507119999999998
17110.0	1.7496209999999999
17115.0	1.748531
17120.0	1.74744
17125.0	1.74635
17130.0	1.7452599999999998
17135.0	1.7441689999999999
17140.0	1.74308
17145.0	1.7419900000000001
17150.0	1.7409
17155.0	1.7398099999999999
17160.0	1.738721
17165.0	1.7376310000000001
17170.0	1.7365419999999998
17175.0	1.735453
17180.0	1.734364
17185.0	1.733275
17190.0	1.732186
17195.0	1.731097
17200.0	1.730009
17205.0	1.72892
17210.0	1.727832
17215.0	1.7267430000000001
17220.0	1.725655
17225.0	1.7245669999999997
17230.0	1.72348
17235.0	1.722392
17240.0	1.7213040000000002
17245.0	1.7202169999999999
17250.0	1.7191290000000001
17255.0	1.7180419999999998
17260.0	1.716955
17265.0	1.715868
17270.0	1.714781
17275.0	1.7136939999999998
17280.0	1.712607
17285.0	1.7115209999999998
17290.0	1.710435
17295.0	1.7093479999999999
17300.0	1.708262
17305.0	1.7071759999999998
17310.0	1.70609
17315.0	1.7050040000000002
17320.0	1.703919
17325.0	1.7028330000000003
17330.0	1.701748
17335.0	1.700662
17340.0	1.6995779999999998
17345.0	1.698493
17350.0	1.6974080000000002
17355.0	1.696323
17360.0	1.695238
17365.0	1.6941540000000002
17370.0	1.69307
17375.0	1.6919849999999999
17380.0	1.6909020000000001
17385.0	1.689818
17390.0	1.688734
17395.0	1.68765
17400.0	1.686567
17405.0	1.685483
17410.0	1.6844
17415.0	1.6833169999999997
17420.0	1.682234
17425.0	1.6811509999999998
17430.0	1.6800689999999998
17435.0	1.678986
17440.0	1.677904
17445.0	1.676822
17450.0	1.6757400000000002
17455.0	1.6746580000000002
17460.0	1.6735759999999997
17465.0	1.672494
17470.0	1.671413
17475.0	1.6703310000000002
17480.0	1.66925
17485.0	1.6681689999999998
17490.0	1.6670880000000001
17495.0	1.666007
17500.0	1.664927
17505.0	1.663846
17510.0	1.662766
17515.0	1.661686
17520.0	1.660606
17525.0	1.6595259999999998
17530.0	1.6584459999999999
17535.0	1.6573669999999998
17540.0	1.6562869999999998
17545.0	1.6552080000000002
17550.0	1.6541290000000002
17555.0	1.65305
17560.0	1.6519709999999999
17565.0	1.6508919999999998
17570.0	1.649814
17575.0	1.648736
17580.0	1.647657
17585.0	1.646579
17590.0	1.6455009999999999
17595.0	1.644424
17600.0	1.643346
17605.0	1.642269
17610.0	1.641191
17615.0	1.6401139999999998
17620.0	1.639038
17625.0	1.637961
17630.0	1.636884
17635.0	1.635808
17640.0	1.634732
17645.0	1.6336549999999999
17650.0	1.63258
17655.0	1.631504
17660.0	1.630428
17665.0	1.629353
17670.0	1.6282780000000001
17675.0	1.627202
17680.0	1.626127
17685.0	1.625052
17690.0	1.6239780000000001
17695.0	1.622903
17700.0	1.6218290000000002
17705.0	1.620755
17710.0	1.619681
17715.0	1.618608
17720.0	1.617534
17725.0	1.61646
17730.0	1.6153870000000001
17735.0	1.614314
17740.0	1.613241
17745.0	1.612168
17750.0	1.6110959999999999
17755.0	1.610023
17760.0	1.608951
17765.0	1.607879
17770.0	1.6068069999999999
17775.0	1.6057350000000001
17780.0	1.6046639999999999
17785.0	1.603593
17790.0	1.6025209999999999
17795.0	1.60145
17800.0	1.600379
17805.0	1.599309
17810.0	1.5982379999999998
17815.0	1.597168
17820.0	1.596098
17825.0	1.5950280000000001
17830.0	1.593958
17835.0	1.592889
17840.0	1.59182
17845.0	1.59075
17850.0	1.589681
17855.0	1.5886129999999998
17860.0	1.587544
17865.0	1.586475
17870.0	1.585407
17875.0	1.584339
17880.0	1.5832709999999999
17885.0	1.5822040000000002
17890.0	1.581136
17895.0	1.580069
17900.0	1.579001
17905.0	1.577934
17910.0	1.576868
17915.0	1.575801
17920.0	1.574735
17925.0	1.573669
17930.0	1.572603
17935.0	1.5715370000000002
17940.0	1.570471
17945.0	1.5694059999999999
17950.0	1.568341
17955.0	1.567275
17960.0	1.566211
17965.0	1.565146
17970.0	1.564082
17975.0	1.563017
17980.0	1.5619530000000001
17985.0	1.560889
17990.0	1.559826
17995.0	1.558762
18000.0	1.557699
18005.0	1.5566360000000001
18010.0	1.5555729999999999
18015.0	1.55451
18020.0	1.553448
18025.0	1.552386
18030.0	1.551324
18035.0	1.550262
18040.0	1.5492
18045.0	1.548138
18050.0	1.547077
18055.0	1.546016
18060.0	1.5449549999999999
18065.0	1.543895
18070.0	1.542835
18075.0	1.541774
18080.0	1.540714
18085.0	1.539654
18090.0	1.5385950000000002
18095.0	1.537535
18100.0	1.536476
18105.0	1.535417
18110.0	1.5343579999999999
18115.0	1.5333
18120.0	1.532241
18125.0	1.531183
18130.0	1.530125
18135.0	1.529068
18140.0	1.52801
18145.0	1.526953
18150.0	1.525896
18155.0	1.5248389999999998
18160.0	1.523782
18165.0	1.522726
18170.0	1.52167
18175.0	1.520614
18180.0	1.519558
18185.0	1.518502
18190.0	1.517447
18195.0	1.516392
18200.0	1.5153370000000002
18205.0	1.514282
18210.0	1.513228
18215.0	1.512174
18220.0	1.511119
18225.0	1.510066
18230.0	1.509012
18235.0	1.507959
18240.0	1.5069059999999999
18245.0	1.505853
18250.0	1.5048
18255.0	1.5037479999999999
18260.0	1.5026950000000001
18265.0	1.501643
18270.0	1.500591
18275.0	1.4995399999999999
18280.0	1.498489
18285.0	1.4974370000000001
18290.0	1.4963870000000001
18295.0	1.495336
18300.0	1.494285
18305.0	1.493235
18310.0	1.492185
18315.0	1.491135
18320.0	1.490086
18325.0	1.4890370000000002
18330.0	1.4879879999999999
18335.0	1.486939
18340.0	1.48589
18345.0	1.484842
18350.0	1.483794
18355.0	1.482746
18360.0	1.481698
18365.0	1.480651
18370.0	1.4796040000000001
18375.0	1.478557
18380.0	1.47751
18385.0	1.476464
18390.0	1.475417
18395.0	1.4743709999999999
18400.0	1.473326
18405.0	1.47228
18410.0	1.471235
18415.0	1.4701899999999999
18420.0	1.4691450000000001
18425.0	1.468101
18430.0	1.467056
18435.0	1.466012
18440.0	1.464968
18445.0	1.463925
18450.0	1.4628809999999999
18455.0	1.461838
18460.0	1.460796
18465.0	1.459753
18470.0	1.458711
18475.0	1.457669
18480.0	1.4566270000000001
18485.0	1.4555850000000001
18490.0	1.454544
18495.0	1.453503
18500.0	1.4524620000000001
18505.0	1.4514209999999999
18510.0	1.450381
18515.0	1.449341
18520.0	1.448301
18525.0	1.4472610000000001
18530.0	1.446222
18535.0	1.4451829999999999
18540.0	1.444144
18545.0	1.4431049999999999
18550.0	1.442067
18555.0	1.4410290000000001
18560.0	1.439991
18565.0	1.438954
18570.0	1.437916
18575.0	1.436879
18580.0	1.435842
18585.0	1.434806
18590.0	1.43377
18595.0	1.432734
18600.0	1.431698
18605.0	1.430662
18610.0	1.429627
18615.0	1.428592
18620.0	1.427557
18625.0	1.426523
18630.0	1.4254879999999999
18635.0	1.424455
18640.0	1.4234209999999998
18645.0	1.422387
18650.0	1.421354
18655.0	1.420321
18660.0	1.419289
18665.0	1.4182569999999999
18670.0	1.417224
18675.0	1.416193
18680.0	1.4151610000000001
18685.0	1.4141299999999999
18690.0	1.4130989999999999
18695.0	1.412068
18700.0	1.411037
18705.0	1.410007
18710.0	1.4089770000000001
18715.0	1.407948
18720.0	1.4069180000000001
18725.0	1.405889
18730.0	1.40486
18735.0	1.403832
18740.0	1.402803
18745.0	1.401775
18750.0	1.4007479999999999
18755.0	1.39972
18760.0	1.398693
18765.0	1.397666
18770.0	1.396639
18775.0	1.395613
18780.0	1.394587
18785.0	1.393561
18790.0	1.392535
18795.0	1.39151
18800.0	1.390485
18805.0	1.3894600000000001
18810.0	1.388436
18815.0	1.387412
18820.0	1.386388
18825.0	1.385365
18830.0	1.384341
18835.0	1.383318
18840.0	1.382295
18845.0	1.381273
18850.0	1.3802510000000001
18855.0	1.379229
18860.0	1.378207
18865.0	1.377186
18870.0	1.3761649999999999
18875.0	1.3751440000000001
18880.0	1.374124
18885.0	1.373104
18890.0	1.372084
18895.0	1.3710639999999998
18900.0	1.3700450000000002
18905.0	1.369026
18910.0	1.368007
18915.0	1.366989
18920.0	1.3659709999999998
18925.0	1.364953
18930.0	1.3639350000000001
18935.0	1.362918
18940.0	1.361901
18945.0	1.360884
18950.0	1.359868
18955.0	1.358852
18960.0	1.357836
18965.0	1.3568209999999998
18970.0	1.3558059999999998
18975.0	1.354791
18980.0	1.353776
18985.0	1.352762
18990.0	1.351748
18995.0	1.350734
19000.0	1.349721
19005.0	1.3487069999999999
19010.0	1.347695
19015.0	1.346682
19020.0	1.3456700000000001
19025.0	1.344658
19030.0	1.343647
19035.0	1.342635
19040.0	1.341624
19045.0	1.340614
19050.0	1.339603
19055.0	1.338593
19060.0	1.337584
19065.0	1.336574
19070.0	1.335565
19075.0	1.3345559999999999
19080.0	1.333548
19085.0	1.332539
19090.0	1.331531
19095.0	1.330524
19100.0	1.329516
19105.0	1.328509
19110.0	1.327503
19115.0	1.326496
19120.0	1.32549
19125.0	1.3244850000000001
19130.0	1.323479
19135.0	1.322474
19140.0	1.321469
19145.0	1.320465
19150.0	1.319461
19155.0	1.318457
19160.0	1.317453
19165.0	1.31645
19170.0	1.315447
19175.0	1.314445
19180.0	1.313442
19185.0	1.31244
19190.0	1.311439
19195.0	1.310437
19200.0	1.309436
19205.0	1.3084360000000002
19210.0	1.3074350000000001
19215.0	1.306435
19220.0	1.305436
19225.0	1.3044360000000002
19230.0	1.3034370000000002
19235.0	1.302438
19240.0	1.30144
19245.0	1.300442
19250.0	1.299444
19255.0	1.298447
19260.0	1.29745
19265.0	1.296453
19270.0	1.295456
19275.0	1.29446
19280.0	1.293464
19285.0	1.292469
19290.0	1.291474
19295.0	1.2904790000000002
19300.0	1.289485
19305.0	1.28849
19310.0	1.287497
19315.0	1.2865030000000002
19320.0	1.28551
19325.0	1.284517
19330.0	1.283525
19335.0	1.282532
19340.0	1.281541
19345.0	1.280549
19350.0	1.279558
19355.0	1.278567
19360.0	1.277577
19365.0	1.276586
19370.0	1.2755969999999999
19375.0	1.274607
19380.0	1.2736180000000001
19385.0	1.272629
19390.0	1.271641
19395.0	1.2706520000000001
19400.0	1.269665
19405.0	1.268677
19410.0	1.26769
19415.0	1.2667030000000001
19420.0	1.265717
19425.0	1.264731
19430.0	1.2637450000000001
19435.0	1.26276
19440.0	1.261775
19445.0	1.2607899999999999
19450.0	1.259806
19455.0	1.2588219999999999
19460.0	1.257838
19465.0	1.2568549999999998
19470.0	1.2558719999999999
19475.0	1.254889
19480.0	1.2539069999999999
19485.0	1.252925
19490.0	1.251943
19495.0	1.2509620000000001
19500.0	1.249981
19505.0	1.249001
19510.0	1.2480209999999998
19515.0	1.247041
19520.0	1.246061
19525.0	1.245082
19530.0	1.244103
19535.0	1.243125
19540.0	1.242147
19545.0	1.241169
19550.0	1.240192
19555.0	1.239215
19560.0	1.238238
19565.0	1.237262
19570.0	1.236286
19575.0	1.2353100000000001
19580.0	1.234335
19585.0	1.2333610000000002
19590.0	1.232386
19595.0	1.2314120000000002
19600.0	1.230438
19605.0	1.229465
19610.0	1.228492
19615.0	1.227519
19620.0	1.2265469999999998
19625.0	1.225575
19630.0	1.224603
19635.0	1.223632
19640.0	1.222661
19645.0	1.221691
19650.0	1.22072
19655.0	1.219751
19660.0	1.218781
19665.0	1.2178120000000001
19670.0	1.2168430000000001
19675.0	1.215875
19680.0	1.214907
19685.0	1.21394
19690.0	1.2129729999999999
19695.0	1.212006
19700.0	1.211039
19705.0	1.210073
19710.0	1.209107
19715.0	1.208142
19720.0	1.207177
19725.0	1.206213
19730.0	1.2052479999999999
19735.0	1.204285
19740.0	1.2033209999999999
19745.0	1.202358
19750.0	1.201395
19755.0	1.200433
19760.0	1.199471
19765.0	1.198509
19770.0	1.197548
19775.0	1.196587
19780.0	1.195627
19785.0	1.194667
19790.0	1.193707
19795.0	1.192748
19800.0	1.191789
19805.0	1.1908299999999998
19810.0	1.189872
19815.0	1.188914
19820.0	1.187957
19825.0	1.187
19830.0	1.186043
19835.0	1.185087
19840.0	1.184131
19845.0	1.183175
19850.0	1.18222
19855.0	1.181266
19860.0	1.180311
19865.0	1.179357
19870.0	1.178404
19875.0	1.177451
19880.0	1.176498
19885.0	1.175545
19890.0	1.174593
19895.0	1.173642
19900.0	1.172691
19905.0	1.17174
19910.0	1.1707889999999999
19915.0	1.1698389999999999
19920.0	1.16889
19925.0	1.16794
19930.0	1.166991
19935.0	1.166043
19940.0	1.165095
19945.0	1.164147
19950.0	1.1632
19955.0	1.162253
19960.0	1.1613069999999999
19965.0	1.160361
19970.0	1.1594149999999999
19975.0	1.15847
19980.0	1.157525
19985.0	1.15658
19990.0	1.155636
19995.0	1.154692
20000.0	1.153749
20005.0	1.152806
20010.0	1.151864
20015.0	1.150922
20020.0	1.14998
20025.0	1.149039
20030.0	1.148098
20035.0	1.147157
20040.0	1.146217
20045.0	1.145278
20050.0	1.1443379999999999
20055.0	1.143399
20060.0	1.142461
20065.0	1.141523
20070.0	1.140585
20075.0	1.139648
20080.0	1.138711
20085.0	1.137775
20090.0	1.136839
20095.0	1.135903
20100.0	1.134968
20105.0	1.134033
20110.0	1.133099
20115.0	1.1321649999999999
20120.0	1.1312309999999999
20125.0	1.130298
20130.0	1.129366
20135.0	1.128433
20140.0	1.127501
20145.0	1.12657
20150.0	1.1256389999999998
20155.0	1.124708
20160.0	1.1237780000000002
20165.0	1.1228479999999998
20170.0	1.121919
20175.0	1.12099
20180.0	1.120061
20185.0	1.119133
20190.0	1.118206
20195.0	1.117278
20200.0	1.116351
20205.0	1.115425
20210.0	1.114499
20215.0	1.113573
20220.0	1.1126479999999999
20225.0	1.111723
20230.0	1.1107989999999999
20235.0	1.109875
20240.0	1.108952
20245.0	1.1080290000000002
20250.0	1.107106
20255.0	1.106184
20260.0	1.1052620000000002
20265.0	1.104341
20270.0	1.10342
20275.0	1.102499
20280.0	1.101579
20285.0	1.10066
20290.0	1.099741
20295.0	1.098822
20300.0	1.097904
20305.0	1.096986
20310.0	1.096068
20315.0	1.095151
20320.0	1.094234
20325.0	1.093318
20330.0	1.092403
20335.0	1.091487
20340.0	1.0905719999999999
20345.0	1.089658
20350.0	1.0887440000000002
20355.0	1.087831
20360.0	1.086917
20365.0	1.0860049999999999
20370.0	1.085092
20375.0	1.0841809999999998
20380.0	1.083269
20385.0	1.082358
20390.0	1.081448
20395.0	1.080538
20400.0	1.079628
20405.0	1.078719
20410.0	1.07781
20415.0	1.076902
20420.0	1.0759940000000001
20425.0	1.0750870000000001
20430.0	1.07418
20435.0	1.073273
20440.0	1.072367
20445.0	1.0714620000000001
20450.0	1.070557
20455.0	1.069652
20460.0	1.068748
20465.0	1.067844
20470.0	1.06694
20475.0	1.0660370000000001
20480.0	1.065135
20485.0	1.064233
20490.0	1.063331
20495.0	1.06243
20500.0	1.0615299999999999
20505.0	1.060629
20510.0	1.0597299999999998
20515.0	1.05883
20520.0	1.057931
20525.0	1.057033
20530.0	1.056135
20535.0	1.055238
20540.0	1.054341
20545.0	1.053444
20550.0	1.052548
20555.0	1.051652
20560.0	1.050757
20565.0	1.049862
20570.0	1.0489680000000001
20575.0	1.048074
20580.0	1.047181
20585.0	1.0462879999999999
20590.0	1.045395
20595.0	1.044503
20600.0	1.043612
20605.0	1.042721
20610.0	1.04183
20615.0	1.04094
20620.0	1.04005
20625.0	1.039161
20630.0	1.0382719999999999
20635.0	1.037384
20640.0	1.0364959999999999
20645.0	1.035609
20650.0	1.034722
20655.0	1.033835
20660.0	1.032949
20665.0	1.0320639999999999
20670.0	1.031179
20675.0	1.030294
20680.0	1.02941
20685.0	1.028527
20690.0	1.027643
20695.0	1.026761
20700.0	1.025879
20705.0	1.024997
20710.0	1.024116
20715.0	1.0232350000000001
20720.0	1.022354
20725.0	1.021475
20730.0	1.0205950000000001
20735.0	1.019717
20740.0	1.018838
20745.0	1.01796
20750.0	1.017083
20755.0	1.016206
20760.0	1.0153290000000001
20765.0	1.014453
20770.0	1.013578
20775.0	1.012702
20780.0	1.0118280000000002
20785.0	1.0109540000000001
20790.0	1.0100799999999999
20795.0	1.009207
20800.0	1.008334
20805.0	1.007462
20810.0	1.0065899999999999
20815.0	1.005719
20820.0	1.004848
20825.0	1.003978
20830.0	1.003109
20835.0	1.0022389999999999
20840.0	1.00137
20845.0	1.000502
20850.0	0.999634
20855.0	0.998767
20860.0	0.9979
20865.0	0.997034
20870.0	0.996168
20875.0	0.995303
20880.0	0.9944379999999999
20885.0	0.9935729999999999
20890.0	0.9927090000000001
20895.0	0.9918459999999999
20900.0	0.990983
20905.0	0.9901209999999999
20910.0	0.989259
20915.0	0.988397
20920.0	0.9875360000000001
20925.0	0.986676
20930.0	0.985816
20935.0	0.9849559999999999
20940.0	0.9840969999999999
20945.0	0.983239
20950.0	0.982381
20955.0	0.9815229999999999
20960.0	0.980666
20965.0	0.9798100000000001
20970.0	0.9789540000000001
20975.0	0.9780979999999999
20980.0	0.9772430000000001
20985.0	0.976389
20990.0	0.975535
20995.0	0.9746809999999999
21000.0	0.973828
21005.0	0.9729760000000001
21010.0	0.972124
21015.0	0.9712729999999999
21020.0	0.9704219999999999
21025.0	0.969571
21030.0	0.9687209999999999
21035.0	0.967872
21040.0	0.967023
21045.0	0.966174
21050.0	0.965326
21055.0	0.9644790000000001
21060.0	0.9636319999999999
21065.0	0.962786
21070.0	0.96194
21075.0	0.961094
21080.0	0.960249
21085.0	0.959405
21090.0	0.9585610000000001
21095.0	0.9577180000000001
21100.0	0.956875
21105.0	0.956032
21110.0	0.955191
21115.0	0.95435
21120.0	0.953509
21125.0	0.9526680000000001
21130.0	0.951829
21135.0	0.950989
21140.0	0.950151
21145.0	0.949312
21150.0	0.948475
21155.0	0.9476379999999999
21160.0	0.946801
21165.0	0.945965
21170.0	0.9451290000000001
21175.0	0.9442940000000001
21180.0	0.943459
21185.0	0.942625
21190.0	0.941792
21195.0	0.940959
21200.0	0.940126
21205.0	0.9392940000000001
21210.0	0.9384629999999999
21215.0	0.937632
21220.0	0.936802
21225.0	0.9359719999999999
21230.0	0.935142
21235.0	0.934314
21240.0	0.933485
21245.0	0.932657
21250.0	0.9318299999999999
21255.0	0.931003
21260.0	0.930177
21265.0	0.9293520000000001
21270.0	0.9285260000000001
21275.0	0.927702
21280.0	0.9268780000000001
21285.0	0.926054
21290.0	0.9252309999999999
21295.0	0.924409
21300.0	0.923587
21305.0	0.922765
21310.0	0.9219440000000001
21315.0	0.9211239999999999
21320.0	0.9203040000000001
21325.0	0.919485
21330.0	0.918666
21335.0	0.917848
21340.0	0.9170299999999999
21345.0	0.9162129999999999
21350.0	0.9153969999999999
21355.0	0.914581
21360.0	0.9137649999999999
21365.0	0.91295
21370.0	0.9121360000000001
21375.0	0.911322
21380.0	0.910508
21385.0	0.909696
21390.0	0.908883
21395.0	0.9080719999999999
21400.0	0.9072600000000001
21405.0	0.90645
21410.0	0.90564
21415.0	0.9048299999999999
21420.0	0.904021
21425.0	0.9032120000000001
21430.0	0.9024049999999999
21435.0	0.901597
21440.0	0.90079
21445.0	0.899984
21450.0	0.899178
21455.0	0.898373
21460.0	0.8975690000000001
21465.0	0.8967639999999999
21470.0	0.895961
21475.0	0.895158
21480.0	0.8943549999999999
21485.0	0.893553
21490.0	0.892752
21495.0	0.891951
21500.0	0.891151
21505.0	0.890351
21510.0	0.889552
21515.0	0.888754
21520.0	0.887956
21525.0	0.887158
21530.0	0.8863610000000001
21535.0	0.8855649999999999
21540.0	0.884769
21545.0	0.8839739999999999
21550.0	0.883179
21555.0	0.8823850000000001
21560.0	0.881591
21565.0	0.880798
21570.0	0.880006
21575.0	0.8792139999999999
21580.0	0.878423
21585.0	0.877632
21590.0	0.876842
21595.0	0.876052
21600.0	0.8752629999999999
21605.0	0.874474
21610.0	0.8736860000000001
21615.0	0.872899
21620.0	0.8721120000000001
21625.0	0.871326
21630.0	0.87054
21635.0	0.869755
21640.0	0.8689709999999999
21645.0	0.868187
21650.0	0.867403
21655.0	0.8666200000000001
21660.0	0.8658379999999999
21665.0	0.8650559999999999
21670.0	0.864275
21675.0	0.8634940000000001
21680.0	0.862714
21685.0	0.861935
21690.0	0.8611559999999999
21695.0	0.8603780000000001
21700.0	0.8596
21705.0	0.858823
21710.0	0.8580459999999999
21715.0	0.8572700000000001
21720.0	0.8564950000000001
21725.0	0.85572
21730.0	0.8549459999999999
21735.0	0.8541719999999999
21740.0	0.853399
21745.0	0.852626
21750.0	0.8518540000000001
21755.0	0.851083
21760.0	0.8503120000000001
21765.0	0.849542
21770.0	0.848772
21775.0	0.8480030000000001
21780.0	0.8472350000000001
21785.0	0.846467
21790.0	0.845699
21795.0	0.844933
21800.0	0.844166
21805.0	0.8434010000000001
21810.0	0.842636
21815.0	0.8418709999999999
21820.0	0.841108
21825.0	0.8403440000000001
21830.0	0.8395819999999999
21835.0	0.8388200000000001
21840.0	0.838058
21845.0	0.837297
21850.0	0.8365370000000001
21855.0	0.835777
21860.0	0.835018
21865.0	0.834259
21870.0	0.833501
21875.0	0.832744
21880.0	0.831987
21885.0	0.8312309999999999
21890.0	0.830476
21895.0	0.8297209999999999
21900.0	0.828966
21905.0	0.8282120000000001
21910.0	0.8274590000000001
21915.0	0.8267059999999999
21920.0	0.8259540000000001
21925.0	0.825203
21930.0	0.8244520000000001
21935.0	0.823702
21940.0	0.822952
21945.0	0.822203
21950.0	0.8214540000000001
21955.0	0.8207059999999999
21960.0	0.819959
21965.0	0.819212
21970.0	0.818466
21975.0	0.817721
21980.0	0.816976
21985.0	0.816231
21990.0	0.815487
21995.0	0.8147439999999999
22000.0	0.814001
22005.0	0.8132590000000001
22010.0	0.8125180000000001
22015.0	0.8117770000000001
22020.0	0.811037
22025.0	0.810297
22030.0	0.809558
22035.0	0.808819
22040.0	0.808081
22045.0	0.807344
22050.0	0.806607
22055.0	0.805871
22060.0	0.805135
22065.0	0.8044
22070.0	0.803666
22075.0	0.802932
22080.0	0.802198
22085.0	0.801466
22090.0	0.8007340000000001
22095.0	0.800002
22100.0	0.799271
22105.0	0.798541
22110.0	0.7978109999999999
22115.0	0.797082
22120.0	0.796353
22125.0	0.795625
22130.0	0.7948970000000001
22135.0	0.7941699999999999
22140.0	0.7934439999999999
22145.0	0.792718
22150.0	0.7919930000000001
22155.0	0.791269
22160.0	0.7905449999999999
22165.0	0.789821
22170.0	0.789098
22175.0	0.7883760000000001
22180.0	0.787654
22185.0	0.786933
22190.0	0.786212
22195.0	0.785492
22200.0	0.7847729999999999
22205.0	0.784054
22210.0	0.7833359999999999
22215.0	0.782618
22220.0	0.7819010000000001
22225.0	0.781185
22230.0	0.780469
22235.0	0.779753
22240.0	0.779039
22245.0	0.778324
22250.0	0.7776109999999999
22255.0	0.776898
22260.0	0.776185
22265.0	0.775473
22270.0	0.774762
22275.0	0.774051
22280.0	0.773341
22285.0	0.7726310000000001
22290.0	0.771922
22295.0	0.7712140000000001
22300.0	0.770506
22305.0	0.769798
22310.0	0.769092
22315.0	0.768385
22320.0	0.76768
22325.0	0.766975
22330.0	0.76627
22335.0	0.765566
22340.0	0.764863
22345.0	0.7641600000000001
22350.0	0.763458
22355.0	0.762756
22360.0	0.762055
22365.0	0.761355
22370.0	0.760655
22375.0	0.759955
22380.0	0.759257
22385.0	0.758558
22390.0	0.757861
22395.0	0.7571640000000001
22400.0	0.756467
22405.0	0.755771
22410.0	0.755076
22415.0	0.7543810000000001
22420.0	0.753687
22425.0	0.752993
22430.0	0.7523
22435.0	0.751607
22440.0	0.750915
22445.0	0.750224
22450.0	0.749533
22455.0	0.748842
22460.0	0.748153
22465.0	0.747464
22470.0	0.746775
22475.0	0.746087
22480.0	0.7453989999999999
22485.0	0.744712
22490.0	0.7440260000000001
22495.0	0.74334
22500.0	0.7426550000000001
22505.0	0.74197
22510.0	0.741286
22515.0	0.740603
22520.0	0.73992
22525.0	0.739237
22530.0	0.7385550000000001
22535.0	0.737874
22540.0	0.737193
22545.0	0.736513
22550.0	0.735834
22555.0	0.735155
22560.0	0.734476
22565.0	0.733798
22570.0	0.733121
22575.0	0.732444
22580.0	0.731768
22585.0	0.731092
22590.0	0.730417
22595.0	0.729742
22600.0	0.729068
22605.0	0.728395
22610.0	0.727722
22615.0	0.727049
22620.0	0.726378
22625.0	0.7257060000000001
22630.0	0.725036
22635.0	0.7243649999999999
22640.0	0.723696
22645.0	0.7230270000000001
22650.0	0.722358
22655.0	0.7216899999999999
22660.0	0.721023
22665.0	0.720356
22670.0	0.7196899999999999
22675.0	0.719024
22680.0	0.718359
22685.0	0.717695
22690.0	0.7170310000000001
22695.0	0.716367
22700.0	0.715704
22705.0	0.715042
22710.0	0.71438
22715.0	0.713719
22720.0	0.713058
22725.0	0.712398
22730.0	0.711738
22735.0	0.711079
22740.0	0.710421
22745.0	0.709763
22750.0	0.709105
22755.0	0.708448
22760.0	0.707792
22765.0	0.707137
22770.0	0.706481
22775.0	0.7058270000000001
22780.0	0.705172
22785.0	0.704519
22790.0	0.703866
22795.0	0.703213
22800.0	0.702562
22805.0	0.70191
22810.0	0.701259
22815.0	0.700609
22820.0	0.699959
22825.0	0.69931
22830.0	0.698662
22835.0	0.698013
22840.0	0.6973659999999999
22845.0	0.696719
22850.0	0.6960729999999999
22855.0	0.695427
22860.0	0.6947810000000001
22865.0	0.694137
22870.0	0.693492
22875.0	0.6928489999999999
22880.0	0.6922050000000001
22885.0	0.691563
22890.0	0.690921
22895.0	0.690279
22900.0	0.689638
22905.0	0.688998
22910.0	0.688358
22915.0	0.687718
22920.0	0.68708
22925.0	0.686441
22930.0	0.685804
22935.0	0.6851659999999999
22940.0	0.68453
22945.0	0.683894
22950.0	0.683258
22955.0	0.682623
22960.0	0.6819890000000001
22965.0	0.681355
22970.0	0.680721
22975.0	0.680088
22980.0	0.6794560000000001
22985.0	0.678824
22990.0	0.678193
22995.0	0.677562
23000.0	0.676932
23005.0	0.676303
23010.0	0.675674
23015.0	0.675045
23020.0	0.674417
23025.0	0.67379
23030.0	0.673163
23035.0	0.672536
23040.0	0.67191
23045.0	0.671285
23050.0	0.67066
23055.0	0.670036
23060.0	0.669412
23065.0	0.6687890000000001
23070.0	0.668167
23075.0	0.6675439999999999
23080.0	0.6669229999999999
23085.0	0.6663020000000001
23090.0	0.6656810000000001
23095.0	0.665061
23100.0	0.664442
23105.0	0.6638229999999999
23110.0	0.663205
23115.0	0.662587
23120.0	0.66197
23125.0	0.661353
23130.0	0.660737
23135.0	0.660121
23140.0	0.659506
23145.0	0.658891
23150.0	0.658277
23155.0	0.657663
23160.0	0.65705
23165.0	0.656438
23170.0	0.655826
23175.0	0.655215
23180.0	0.654604
23185.0	0.653993
23190.0	0.653383
23195.0	0.652774
23200.0	0.652165
23205.0	0.6515569999999999
23210.0	0.650949
23215.0	0.650342
23220.0	0.6497350000000001
23225.0	0.649129
23230.0	0.648524
23235.0	0.6479189999999999
23240.0	0.6473140000000001
23245.0	0.64671
23250.0	0.6461060000000001
23255.0	0.645504
23260.0	0.6449010000000001
23265.0	0.644299
23270.0	0.643698
23275.0	0.643097
23280.0	0.642497
23285.0	0.641897
23290.0	0.6412979999999999
23295.0	0.640699
23300.0	0.6401
23305.0	0.6395029999999999
23310.0	0.6389060000000001
23315.0	0.638309
23320.0	0.637713
23325.0	0.637117
23330.0	0.636522
23335.0	0.6359279999999999
23340.0	0.6353340000000001
23345.0	0.63474
23350.0	0.634147
23355.0	0.633555
23360.0	0.632963
23365.0	0.632371
23370.0	0.63178
23375.0	0.6311899999999999
23380.0	0.6306
23385.0	0.630011
23390.0	0.629422
23395.0	0.628834
23400.0	0.628246
23405.0	0.6276579999999999
23410.0	0.6270720000000001
23415.0	0.6264850000000001
23420.0	0.6259
23425.0	0.625315
23430.0	0.62473
23435.0	0.624146
23440.0	0.623562
23445.0	0.622979
23450.0	0.622396
23455.0	0.621814
23460.0	0.621233
23465.0	0.6206520000000001
23470.0	0.620071
23475.0	0.619491
23480.0	0.618912
23485.0	0.618333
23490.0	0.617754
23495.0	0.6171760000000001
23500.0	0.616599
23505.0	0.6160220000000001
23510.0	0.615446
23515.0	0.61487
23520.0	0.614294
23525.0	0.6137199999999999
23530.0	0.6131449999999999
23535.0	0.612571
23540.0	0.6119979999999999
23545.0	0.611425
23550.0	0.610853
23555.0	0.6102810000000001
23560.0	0.6097100000000001
23565.0	0.609139
23570.0	0.6085689999999999
23575.0	0.607999
23580.0	0.60743
23585.0	0.606862
23590.0	0.6062930000000001
23595.0	0.605726
23600.0	0.605159
23605.0	0.604592
23610.0	0.6040260000000001
23615.0	0.60346
23620.0	0.602895
23625.0	0.60233
23630.0	0.601766
23635.0	0.6012029999999999
23640.0	0.60064
23645.0	0.6000770000000001
23650.0	0.5995149999999999
23655.0	0.598953
23660.0	0.598392
23665.0	0.5978319999999999
23670.0	0.597272
23675.0	0.596712
23680.0	0.5961529999999999
23685.0	0.595595
23690.0	0.595037
23695.0	0.594479
23700.0	0.5939220000000001
23705.0	0.593366
23710.0	0.5928100000000001
23715.0	0.592254
23720.0	0.591699
23725.0	0.591145
23730.0	0.590591
23735.0	0.5900380000000001
23740.0	0.589485
23745.0	0.588932
23750.0	0.58838
23755.0	0.587829
23760.0	0.587278
23765.0	0.586728
23770.0	0.586178
23775.0	0.5856279999999999
23780.0	0.585079
23785.0	0.584531
23790.0	0.583983
23795.0	0.583436
23800.0	0.582889
23805.0	0.582342
23810.0	0.581796
23815.0	0.5812510000000001
23820.0	0.580706
23825.0	0.580162
23830.0	0.5796180000000001
23835.0	0.579075
23840.0	0.5785319999999999
23845.0	0.5779890000000001
23850.0	0.577447
23855.0	0.576906
23860.0	0.576365
23865.0	0.575825
23870.0	0.575285
23875.0	0.574745
23880.0	0.574206
23885.0	0.5736680000000001
23890.0	0.57313
23895.0	0.572593
23900.0	0.572056
23905.0	0.571519
23910.0	0.570983
23915.0	0.570448
23920.0	0.569913
23925.0	0.569379
23930.0	0.5688449999999999
23935.0	0.568311
23940.0	0.567778
23945.0	0.567246
23950.0	0.566714
23955.0	0.566182
23960.0	0.565651
23965.0	0.565121
23970.0	0.564591
23975.0	0.5640609999999999
23980.0	0.5635319999999999
23985.0	0.563004
23990.0	0.562476
23995.0	0.561948
24000.0	0.5614210000000001
24005.0	0.560895
24010.0	0.560369
24015.0	0.559843
24020.0	0.559318
24025.0	0.558794
24030.0	0.5582699999999999
24035.0	0.557746
24040.0	0.5572229999999999
24045.0	0.5567
24050.0	0.556178
24055.0	0.555657
24060.0	0.555135
24065.0	0.554615
24070.0	0.554095
24075.0	0.553575
24080.0	0.553056
24085.0	0.552537
24090.0	0.5520189999999999
24095.0	0.551501
24100.0	0.550984
24105.0	0.550467
24110.0	0.549951
24115.0	0.549435
24120.0	0.54892
24125.0	0.548405
24130.0	0.547891
24135.0	0.547377
24140.0	0.546864
24145.0	0.546351
24150.0	0.5458390000000001
24155.0	0.545327
24160.0	0.5448149999999999
24165.0	0.544304
24170.0	0.543794
24175.0	0.543284
24180.0	0.542775
24185.0	0.542266
24190.0	0.5417569999999999
24195.0	0.541249
24200.0	0.5407420000000001
24205.0	0.540235
24210.0	0.539728
24215.0	0.539222
24220.0	0.538716
24225.0	0.538211
24230.0	0.5377069999999999
24235.0	0.5372020000000001
24240.0	0.5366989999999999
24245.0	0.536196
24250.0	0.535693
24255.0	0.535191
24260.0	0.5346890000000001
24265.0	0.534188
24270.0	0.533687
24275.0	0.533187
24280.0	0.532687
24285.0	0.532187
24290.0	0.5316890000000001
24295.0	0.5311899999999999
24300.0	0.530692
24305.0	0.530195
24310.0	0.529698
24315.0	0.5292020000000001
24320.0	0.528705
24325.0	0.5282100000000001
24330.0	0.5277149999999999
24335.0	0.52722
24340.0	0.526726
24345.0	0.526233
24350.0	0.5257390000000001
24355.0	0.525247
24360.0	0.524755
24365.0	0.524263
24370.0	0.523772
24375.0	0.523281
24380.0	0.522791
24385.0	0.522301
24390.0	0.5218109999999999
24395.0	0.521323
24400.0	0.520834
24405.0	0.520346
24410.0	0.519859
24415.0	0.5193720000000001
24420.0	0.518885
24425.0	0.5183989999999999
24430.0	0.517914
24435.0	0.517429
24440.0	0.516944
24445.0	0.51646
24450.0	0.515976
24455.0	0.515493
24460.0	0.5150100000000001
24465.0	0.514528
24470.0	0.514046
24475.0	0.5135649999999999
24480.0	0.513084
24485.0	0.512604
24490.0	0.512124
24495.0	0.511644
24500.0	0.511165
24505.0	0.510687
24510.0	0.510209
24515.0	0.509732
24520.0	0.509254
24525.0	0.508778
24530.0	0.508302
24535.0	0.507826
24540.0	0.507351
24545.0	0.506876
24550.0	0.506402
24555.0	0.5059279999999999
24560.0	0.505455
24565.0	0.5049819999999999
24570.0	0.504509
24575.0	0.504037
24580.0	0.503566
24585.0	0.503095
24590.0	0.502624
24595.0	0.502154
24600.0	0.501684
24605.0	0.501215
24610.0	0.500747
24615.0	0.500278
24620.0	0.49981099999999995
24625.0	0.49934300000000004
24630.0	0.49887600000000004
24635.0	0.49841
24640.0	0.49794399999999994
24645.0	0.497479
24650.0	0.497014
24655.0	0.49654899999999996
24660.0	0.49608500000000005
24665.0	0.495621
24670.0	0.495158
24675.0	0.494695
24680.0	0.494233
24685.0	0.493771
24690.0	0.49331
24695.0	0.492849
24700.0	0.492389
24705.0	0.491929
24710.0	0.49146999999999996
24715.0	0.491011
24720.0	0.49055200000000004
24725.0	0.490094
24730.0	0.48963599999999996
24735.0	0.489179
24740.0	0.48872200000000005
24745.0	0.488266
24750.0	0.48781
24755.0	0.48735500000000004
24760.0	0.4869
24765.0	0.486446
24770.0	0.485992
24775.0	0.485538
24780.0	0.48508500000000004
24785.0	0.48463199999999995
24790.0	0.48418
24795.0	0.483728
24800.0	0.48327700000000007
24805.0	0.48282600000000003
24810.0	0.482376
24815.0	0.481926
24820.0	0.48147700000000004
24825.0	0.48102799999999996
24830.0	0.480579
24835.0	0.48013100000000003
24840.0	0.479684
24845.0	0.47923599999999994
24850.0	0.47878999999999994
24855.0	0.478343
24860.0	0.47789799999999993
24865.0	0.47745200000000004
24870.0	0.47700699999999996
24875.0	0.476563
24880.0	0.47611899999999996
24885.0	0.475675
24890.0	0.475232
24895.0	0.47479
24900.0	0.474347
24905.0	0.47390600000000005
24910.0	0.47346400000000005
24915.0	0.47302299999999997
24920.0	0.472583
24925.0	0.47214300000000003
24930.0	0.471704
24935.0	0.471265
24940.0	0.470826
24945.0	0.47038800000000003
24950.0	0.46995
24955.0	0.469513
24960.0	0.46907600000000005
24965.0	0.46863999999999995
24970.0	0.468204
24975.0	0.467768
24980.0	0.467333
24985.0	0.46689899999999995
24990.0	0.46646400000000005
24995.0	0.46603100000000003
25000.0	0.0
