#wave	flux
1150.0	179.80200200000002
1155.0	131.910675
1160.0	105.23348999999999
1165.0	101.69124599999999
1170.0	86.66243
1175.0	70.147293
1180.0	78.36290699999999
1185.0	85.207527
1190.0	77.702744
1195.0	68.849564
1200.0	67.268265
1205.0	61.135899
1210.0	45.369308000000004
1215.0	28.861963
1220.0	47.061721999999996
1225.0	69.537415
1230.0	76.168571
1235.0	74.040817
1240.0	73.63943499999999
1245.0	77.914902
1250.0	75.940147
1255.0	76.334549
1260.0	79.712029
1265.0	83.818031
1270.0	84.917282
1275.0	84.95037099999999
1280.0	83.935829
1285.0	82.218506
1290.0	84.083557
1295.0	80.28115799999999
1300.0	74.253761
1305.0	75.84769399999999
1310.0	80.16194200000001
1315.0	79.952248
1320.0	78.02401
1325.0	76.358887
1330.0	75.222664
1335.0	70.15385400000001
1340.0	69.139252
1345.0	68.8284
1350.0	70.51368000000001
1355.0	70.88945
1360.0	68.256683
1365.0	67.369926
1370.0	68.33448800000001
1375.0	66.845787
1380.0	65.646118
1385.0	63.043907
1390.0	57.464581
1395.0	51.727757000000004
1400.0	51.638123
1405.0	53.016109
1410.0	56.261356000000006
1415.0	57.782391000000004
1420.0	55.628418
1425.0	52.151321
1430.0	52.059566
1435.0	56.030888
1440.0	55.218540000000004
1445.0	54.245895
1450.0	53.339615
1455.0	51.114182
1460.0	51.116306
1465.0	53.3647
1470.0	54.56958
1475.0	54.77581800000001
1480.0	54.436645999999996
1485.0	54.79637099999999
1490.0	55.404472
1495.0	53.337784
1500.0	49.071339
1505.0	49.548946
1510.0	51.993652000000004
1515.0	51.202408
1520.0	51.640812
1525.0	47.000557
1530.0	41.938618
1535.0	40.872444
1540.0	38.723423
1545.0	27.390660999999998
1550.0	25.436367
1555.0	36.711403000000004
1560.0	39.077
1565.0	38.035109999999996
1570.0	39.420124
1575.0	40.673119
1580.0	39.914726
1585.0	40.470734
1590.0	40.370781
1595.0	38.360912
1600.0	37.727009
1605.0	35.692619
1610.0	33.187248
1615.0	32.765545
1620.0	32.249386
1625.0	32.818359
1630.0	32.777611
1635.0	33.048889
1640.0	33.044807
1645.0	34.913635
1650.0	36.738265999999996
1655.0	34.9632
1660.0	33.424103
1665.0	34.422012
1670.0	33.295414
1675.0	33.851238
1680.0	37.084778
1685.0	36.684086
1690.0	34.897095
1695.0	34.289528000000004
1700.0	33.613556
1705.0	33.973125
1710.0	34.270393
1715.0	33.283947
1720.0	30.466631
1725.0	30.447885999999997
1730.0	32.417831
1735.0	33.93441
1740.0	33.787624
1745.0	33.863075
1750.0	33.12254
1755.0	33.45834
1760.0	33.823471000000005
1765.0	32.840515
1770.0	32.740849
1775.0	33.133659
1780.0	32.895294
1785.0	31.523764
1790.0	28.651840000000004
1795.0	29.471903
1800.0	30.697769
1805.0	30.186915999999997
1810.0	30.067715000000003
1815.0	30.626697999999998
1820.0	31.414555
1825.0	31.345531
1830.0	31.124331
1835.0	31.265133000000002
1840.0	30.104235
1845.0	29.615738
1850.0	29.209311
1855.0	28.686715999999997
1860.0	28.717446999999996
1865.0	29.282413000000002
1870.0	28.509161
1875.0	27.226856
1880.0	27.336088
1885.0	26.834608000000003
1890.0	26.554157
1895.0	26.814453000000004
1900.0	26.994553000000003
1905.0	26.672199
1910.0	25.929312
1915.0	24.932613
1920.0	24.151770000000003
1925.0	23.857803
1930.0	25.075620999999998
1935.0	25.585064000000003
1940.0	25.51288
1945.0	25.509493
1950.0	25.282597
1955.0	24.956957
1960.0	24.169029000000002
1965.0	23.616026
1970.0	23.080374
1975.0	23.969954
1980.0	24.299051000000002
1985.0	23.548044
1990.0	22.663960999999997
1995.0	22.537642
2000.0	22.759605
2005.0	22.943035000000002
2010.0	22.437654000000002
2015.0	22.923765
2020.0	22.566817999999998
2025.0	22.694973
2030.0	22.594891
2035.0	22.65369
2040.0	22.678841000000002
2045.0	22.439014
2050.0	22.398272
2055.0	21.071911
2060.0	19.692041
2065.0	20.223734
2070.0	21.244204999999997
2075.0	20.895672
2080.0	20.568859
2085.0	20.753059
2090.0	20.768238
2095.0	20.046516
2100.0	19.765232
2105.0	19.215920999999998
2110.0	19.300461
2115.0	20.234818
2120.0	19.870388000000002
2125.0	19.392367999999998
2130.0	19.306804999999997
2135.0	19.158978
2140.0	19.526342
2145.0	19.220222
2150.0	18.723803
2155.0	18.395657
2160.0	18.317705
2165.0	18.289053
2170.0	17.712464999999998
2175.0	17.903021
2180.0	17.928493
2185.0	18.061028
2190.0	17.915649
2195.0	18.091932
2200.0	17.597321
2205.0	17.210055999999998
2210.0	16.815662
2215.0	16.702831
2220.0	16.363789
2225.0	16.342178
2230.0	16.479039999999998
2235.0	16.199802
2240.0	15.964720999999999
2245.0	15.943510999999999
2250.0	15.973087
2255.0	15.874267999999999
2260.0	15.796679000000001
2265.0	15.732258999999999
2270.0	15.548719
2275.0	15.521976
2280.0	15.455567000000002
2285.0	15.574055
2290.0	15.888751999999998
2295.0	15.480504000000002
2300.0	14.761626999999999
2305.0	14.213152
2310.0	14.76271
2315.0	14.958247
2320.0	15.005970999999999
2325.0	14.877272
2330.0	14.958472
2335.0	15.484848999999999
2340.0	15.202257000000001
2345.0	14.860731
2350.0	14.630497
2355.0	14.648829999999998
2360.0	15.000845000000002
2365.0	15.287478
2370.0	15.147298999999999
2375.0	14.816542000000002
2380.0	14.590626
2385.0	14.201163000000001
2390.0	13.585414000000002
2395.0	13.362176999999999
2400.0	13.586219
2405.0	14.200870000000002
2410.0	14.116563000000001
2415.0	14.187052
2420.0	14.284182999999999
2425.0	13.983757
2430.0	14.186916
2435.0	14.343793
2440.0	14.112788
2445.0	13.7558
2450.0	13.890887
2455.0	14.037315
2460.0	13.879814000000001
2465.0	14.295817000000001
2470.0	14.095819
2475.0	13.423907
2480.0	13.493793
2485.0	13.473614999999999
2490.0	13.289298
2495.0	13.355533
2500.0	13.470635000000001
2505.0	13.327948999999998
2510.0	13.211135999999998
2515.0	12.549574
2520.0	12.567934
2525.0	12.512714
2530.0	13.045125
2535.0	13.423720999999999
2540.0	12.931369
2545.0	12.613271000000001
2550.0	12.93235
2555.0	12.843961
2560.0	12.723427000000001
2565.0	12.60547
2570.0	12.614239
2575.0	12.631711
2580.0	11.003408
2585.0	10.779988000000001
2590.0	11.77922
2595.0	12.153422
2600.0	12.251130999999999
2605.0	11.939261
2610.0	12.200558000000001
2615.0	12.537869
2620.0	12.291729
2625.0	12.580055
2630.0	12.291632
2635.0	12.319071000000001
2640.0	12.282741999999999
2645.0	11.891155
2650.0	11.907295
2655.0	12.027766999999999
2660.0	12.150163000000001
2665.0	11.574048
2670.0	11.417302000000001
2675.0	11.604774
2680.0	11.396873
2685.0	11.253456
2690.0	11.491349000000001
2695.0	11.031239
2700.0	10.761078
2705.0	11.09868
2710.0	11.439222000000001
2715.0	10.887998
2720.0	10.908137
2725.0	10.658555999999999
2730.0	10.662763
2735.0	10.522114
2740.0	10.290498
2745.0	10.359046000000001
2750.0	10.570372
2755.0	10.54069
2760.0	10.527526
2765.0	10.800475
2770.0	10.449297999999999
2775.0	10.261609
2780.0	10.04847
2785.0	9.655764
2790.0	9.735158
2795.0	9.927313
2800.0	9.483753
2805.0	9.242266
2810.0	9.526624
2815.0	9.925543
2820.0	10.034882000000001
2825.0	9.810055
2830.0	9.363921000000001
2835.0	9.321168
2840.0	9.602241000000001
2845.0	9.422405
2850.0	9.459539999999999
2855.0	9.283315
2860.0	9.226878
2865.0	9.403942
2870.0	9.262641
2875.0	9.267987
2880.0	9.246622
2885.0	9.267075
2890.0	9.282086999999999
2895.0	9.388605
2900.0	9.365316
2905.0	9.009614
2910.0	8.961186
2915.0	9.001642
2920.0	8.941417
2925.0	8.954116
2930.0	8.91273
2935.0	8.967319
2940.0	8.755107
2945.0	8.705148
2950.0	8.685121
2955.0	8.778163000000001
2960.0	8.794751
2965.0	8.704057
2970.0	8.826329
2975.0	8.706992999999999
2980.0	8.671144
2985.0	8.415255
2990.0	8.263422
2995.0	8.156642999999999
3000.0	8.259528999999999
3005.0	8.255378
3010.0	8.310946000000001
3015.0	8.104469
3020.0	8.111991
3025.0	7.855338000000001
3030.0	7.688312
3035.0	7.823802000000001
3040.0	7.656194
3045.0	7.539006
3050.0	7.491536999999999
3055.0	7.818552
3060.0	7.852964
3065.0	7.725424
3070.0	7.582837
3075.0	7.608283
3080.0	7.5900229999999995
3085.0	7.743467
3090.0	7.642739999999999
3095.0	7.5240160000000005
3100.0	7.496709
3105.0	7.654686
3110.0	7.597672
3115.0	7.411123
3120.0	7.332458
3125.0	7.412077
3130.0	7.479474000000001
3135.0	7.62966
3140.0	7.5942229999999995
3145.0	7.675559
3150.0	7.695664
3155.0	7.460481
3160.0	7.077505
3165.0	7.212497999999999
3170.0	7.171028
3175.0	7.2315130000000005
3180.0	6.941649000000001
3185.0	6.897880000000001
3190.0	6.909435
3195.0	7.000394
3200.0	6.836444
3205.0	6.866449
3210.0	6.89145
3215.0	6.883723
3220.0	6.848712
3225.0	6.808105
3230.0	6.815403
3235.0	6.896111
3240.0	6.9319619999999995
3245.0	6.814557000000001
3250.0	6.61879
3255.0	6.453894999999999
3260.0	6.383204
3265.0	6.417828
3270.0	6.405901999999999
3275.0	6.223991000000001
3280.0	6.025348
3285.0	5.978713
3290.0	6.038101999999999
3295.0	6.105685
3300.0	6.090966000000001
3305.0	5.951617
3310.0	5.830625
3315.0	5.864068
3320.0	5.975061
3325.0	6.052459
3330.0	6.061017
3335.0	6.0018910000000005
3340.0	5.9459480000000005
3345.0	5.949544
3350.0	5.941287
3355.0	5.854568
3360.0	5.769661
3365.0	5.768596
3370.0	5.793545
3375.0	5.772685
3380.0	5.718078
3385.0	5.65877
3390.0	5.607872
3395.0	5.567931
3400.0	5.515162
3405.0	5.434171
3410.0	5.369425
3415.0	5.361516
3420.0	5.375662999999999
3425.0	5.365664
3430.0	5.314998999999999
3435.0	5.231898
3440.0	5.193906
3445.0	5.258392
3450.0	5.332714
3455.0	5.322072
3460.0	5.2730760000000005
3465.0	5.2475879999999995
3470.0	5.2270769999999995
3475.0	5.184284
3480.0	5.137433000000001
3485.0	5.11378
3490.0	5.13124
3495.0	5.1924269999999995
3500.0	5.2480970000000005
3505.0	5.249017
3510.0	5.2339839999999995
3515.0	5.204985
3520.0	5.214263
3525.0	5.2082690000000005
3530.0	5.1499809999999995
3535.0	5.128026
3540.0	5.099576
3545.0	5.08209
3550.0	5.046709
3555.0	4.990069999999999
3560.0	4.95885
3565.0	4.903082
3570.0	4.837192
3575.0	4.791422
3580.0	4.746283999999999
3585.0	4.706326
3590.0	4.672889
3595.0	4.675636
3600.0	4.654701
3605.0	4.602899
3610.0	4.722
3615.0	4.73193
3620.0	4.721232
3625.0	4.660798000000001
3630.0	4.594349
3635.0	4.5637989999999995
3640.0	4.582631
3645.0	4.663241999999999
3650.0	4.689430000000001
3655.0	4.670171
3660.0	4.652092
3665.0	4.56878
3670.0	4.571796
3675.0	4.5714879999999996
3680.0	4.525951999999999
3685.0	4.515226
3690.0	4.476038
3695.0	4.438798
3700.0	4.379843
3705.0	4.25041
3710.0	4.252867
3715.0	4.279961
3720.0	4.24453
3725.0	4.256682
3730.0	4.2368809999999995
3735.0	4.17747
3740.0	4.328621
3745.0	4.23458
3750.0	3.971226
3755.0	3.975804
3760.0	4.094583
3765.0	4.066711
3770.0	3.8470459999999997
3775.0	4.069523
3780.0	4.367551000000001
3785.0	4.464131
3790.0	4.308129
3795.0	3.924467
3800.0	3.9102449999999997
3805.0	4.28958
3810.0	4.485993
3815.0	4.402803
3820.0	4.297223000000001
3825.0	4.337879
3830.0	4.030602
3835.0	3.690389
3840.0	3.9987550000000005
3845.0	4.262897
3850.0	4.297219999999999
3855.0	4.29421
3860.0	4.249512
3865.0	4.215694
3870.0	4.180891
3875.0	4.114959
3880.0	3.9301760000000003
3885.0	3.5297059999999996
3890.0	3.391948
3895.0	3.820857
3900.0	4.052137999999999
3905.0	4.082934
3910.0	4.024302
3915.0	3.9708629999999996
3920.0	3.8942360000000003
3925.0	3.8683129999999997
3930.0	3.804325
3935.0	3.8003400000000003
3940.0	3.9120690000000002
3945.0	3.940056
3950.0	3.879068
3955.0	3.7961730000000005
3960.0	3.619074
3965.0	3.2058720000000003
3970.0	2.939538
3975.0	3.347288
3980.0	3.604418
3985.0	3.666036
3990.0	3.680474
3995.0	3.6503650000000003
4000.0	3.609957
4005.0	3.566877
4010.0	3.5473440000000003
4015.0	3.524203
4020.0	3.4225269999999997
4025.0	3.254195
4030.0	3.349139
4035.0	3.466274
4040.0	3.4786610000000002
4045.0	3.471686
4050.0	3.47906
4055.0	3.446397
4060.0	3.409473
4065.0	3.3585949999999998
4070.0	3.257103
4075.0	3.275728
4080.0	3.2809839999999997
4085.0	3.2170099999999997
4090.0	3.1433880000000003
4095.0	2.922381
4100.0	2.580167
4105.0	2.7251380000000003
4110.0	3.047139
4115.0	3.096366
4120.0	3.09711
4125.0	3.154619
4130.0	3.169036
4135.0	3.144145
4140.0	3.0805700000000003
4145.0	3.031252
4150.0	3.0522549999999997
4155.0	3.056781
4160.0	3.0628439999999997
4165.0	3.044852
4170.0	3.013366
4175.0	3.0030650000000003
4180.0	2.987261
4185.0	2.933322
4190.0	2.903896
4195.0	2.8574040000000003
4200.0	2.7915080000000003
4205.0	2.861176
4210.0	2.903151
4215.0	2.889888
4220.0	2.882129
4225.0	2.872687
4230.0	2.861209
4235.0	2.845856
4240.0	2.844592
4245.0	2.819978
4250.0	2.787873
4255.0	2.77526
4260.0	2.758334
4265.0	2.759374
4270.0	2.7471959999999997
4275.0	2.726089
4280.0	2.729475
4285.0	2.732354
4290.0	2.729307
4295.0	2.729086
4300.0	2.721085
4305.0	2.695602
4310.0	2.689441
4315.0	2.665627
4320.0	2.647453
4325.0	2.6302830000000004
4330.0	2.5558560000000003
4335.0	2.337124
4340.0	2.078351
4345.0	2.239759
4350.0	2.464085
4355.0	2.561625
4360.0	2.590703
4365.0	2.562072
4370.0	2.5513779999999997
4375.0	2.538481
4380.0	2.50984
4385.0	2.443811
4390.0	2.4264349999999997
4395.0	2.4727759999999996
4400.0	2.474341
4405.0	2.45379
4410.0	2.418223
4415.0	2.386108
4420.0	2.343643
4425.0	2.286526
4430.0	2.2623
4435.0	2.284734
4440.0	2.316667
4445.0	2.346486
4450.0	2.3565669999999996
4455.0	2.3518
4460.0	2.342912
4465.0	2.288798
4470.0	2.1476900000000003
4475.0	2.197188
4480.0	2.276385
4485.0	2.297863
4490.0	2.3027450000000003
4495.0	2.295157
4500.0	2.282541
4505.0	2.260535
4510.0	2.2311650000000003
4515.0	2.217782
4520.0	2.2434790000000002
4525.0	2.2302419999999996
4530.0	2.197246
4535.0	2.176526
4540.0	2.1100060000000003
4545.0	2.131759
4550.0	2.178455
4555.0	2.193279
4560.0	2.194759
4565.0	2.179631
4570.0	2.168025
4575.0	2.1580209999999997
4580.0	2.156521
4585.0	2.1446680000000002
4590.0	2.127295
4595.0	2.113983
4600.0	2.1103709999999998
4605.0	2.100893
4610.0	2.115777
4615.0	2.113995
4620.0	2.104079
4625.0	2.081575
4630.0	2.0466279999999997
4635.0	2.037228
4640.0	2.035232
4645.0	1.9896150000000001
4650.0	1.955944
4655.0	2.011688
4660.0	2.044791
4665.0	2.030337
4670.0	2.011102
4675.0	2.005546
4680.0	1.9466330000000003
4685.0	1.8718689999999998
4690.0	1.915352
4695.0	1.9755080000000003
4700.0	1.969899
4705.0	1.972119
4710.0	1.9437200000000001
4715.0	1.929907
4720.0	1.928491
4725.0	1.9102810000000001
4730.0	1.9203580000000002
4735.0	1.919759
4740.0	1.918367
4745.0	1.909747
4750.0	1.897803
4755.0	1.8766479999999999
4760.0	1.865566
4765.0	1.864982
4770.0	1.867391
4775.0	1.846382
4780.0	1.83158
4785.0	1.8390380000000002
4790.0	1.8355689999999998
4795.0	1.8376270000000001
4800.0	1.824876
4805.0	1.814034
4810.0	1.81677
4815.0	1.80014
4820.0	1.787754
4825.0	1.779593
4830.0	1.782073
4835.0	1.7908810000000002
4840.0	1.782617
4845.0	1.753371
4850.0	1.695905
4855.0	1.554173
4860.0	1.375898
4865.0	1.447682
4870.0	1.596848
4875.0	1.630112
4880.0	1.637928
4885.0	1.654759
4890.0	1.6806599999999998
4895.0	1.682654
4900.0	1.6836630000000001
4905.0	1.6763290000000002
4910.0	1.6822869999999999
4915.0	1.667402
4920.0	1.6064610000000001
4925.0	1.616511
4930.0	1.66257
4935.0	1.6583830000000002
4940.0	1.6532330000000002
4945.0	1.6651900000000002
4950.0	1.65198
4955.0	1.630723
4960.0	1.62809
4965.0	1.6179629999999998
4970.0	1.604657
4975.0	1.59006
4980.0	1.592771
4985.0	1.5970209999999998
4990.0	1.5915780000000002
4995.0	1.5838139999999998
5000.0	1.57594
5005.0	1.5709
5010.0	1.545692
5015.0	1.496338
5020.0	1.522195
5025.0	1.5324520000000001
5030.0	1.52972
5035.0	1.524303
5040.0	1.527572
5045.0	1.5160870000000002
5050.0	1.5050780000000001
5055.0	1.4973290000000001
5060.0	1.47779
5065.0	1.4763870000000001
5070.0	1.473745
5075.0	1.464806
5080.0	1.472051
5085.0	1.483326
5090.0	1.474119
5095.0	1.457052
5100.0	1.457422
5105.0	1.439444
5110.0	1.4305219999999998
5115.0	1.432641
5120.0	1.422682
5125.0	1.417745
5130.0	1.4131790000000002
5135.0	1.4112719999999999
5140.0	1.408279
5145.0	1.410716
5150.0	1.402344
5155.0	1.385631
5160.0	1.381225
5165.0	1.371202
5170.0	1.361934
5175.0	1.3657920000000001
5180.0	1.363581
5185.0	1.358028
5190.0	1.352919
5195.0	1.3511790000000001
5200.0	1.343198
5205.0	1.336009
5210.0	1.332262
5215.0	1.330103
5220.0	1.315433
5225.0	1.311782
5230.0	1.312792
5235.0	1.2979379999999998
5240.0	1.2821870000000002
5245.0	1.27746
5250.0	1.281575
5255.0	1.278141
5260.0	1.272724
5265.0	1.2665870000000001
5270.0	1.263827
5275.0	1.259104
5280.0	1.243382
5285.0	1.236923
5290.0	1.232834
5295.0	1.2295040000000002
5300.0	1.232964
5305.0	1.227909
5310.0	1.222402
5315.0	1.2108290000000002
5320.0	1.2020540000000002
5325.0	1.208756
5330.0	1.206161
5335.0	1.192307
5340.0	1.184444
5345.0	1.183108
5350.0	1.1855280000000001
5355.0	1.1814200000000001
5360.0	1.165991
5365.0	1.15815
5370.0	1.159809
5375.0	1.1574280000000001
5380.0	1.155017
5385.0	1.142223
5390.0	1.1396540000000002
5395.0	1.1404370000000001
5400.0	1.131816
5405.0	1.1036110000000001
5410.0	1.054195
5415.0	1.072244
5420.0	1.108262
5425.0	1.115253
5430.0	1.117436
5435.0	1.111705
5440.0	1.103192
5445.0	1.092103
5450.0	1.0834
5455.0	1.078562
5460.0	1.072725
5465.0	1.072022
5470.0	1.076849
5475.0	1.0695299999999999
5480.0	1.0554059999999998
5485.0	1.049201
5490.0	1.049281
5495.0	1.0541719999999999
5500.0	1.055655
5505.0	1.045919
5510.0	1.039036
5515.0	1.040257
5520.0	1.031872
5525.0	1.02168
5530.0	1.011314
5535.0	1.0032159999999999
5540.0	0.998245
5545.0	1.0005959999999998
5550.0	1.0048190000000001
5555.0	0.998975
5560.0	1.00232
5565.0	0.9995649999999999
5570.0	0.993181
5575.0	0.988456
5580.0	0.9829370000000001
5585.0	0.9814639999999999
5590.0	0.966224
5595.0	0.95705
5600.0	0.968625
5605.0	0.970218
5610.0	0.968613
5615.0	0.9584870000000001
5620.0	0.949852
5625.0	0.944739
5630.0	0.939733
5635.0	0.9417629999999999
5640.0	0.942248
5645.0	0.935902
5650.0	0.9287209999999999
5655.0	0.9237780000000001
5660.0	0.918533
5665.0	0.9130510000000001
5670.0	0.910034
5675.0	0.910592
5680.0	0.9063620000000001
5685.0	0.9069440000000001
5690.0	0.903591
5695.0	0.903819
5700.0	0.890318
5705.0	0.8781459999999999
5710.0	0.8857440000000001
5715.0	0.8882979999999999
5720.0	0.8812959999999999
5725.0	0.875717
5730.0	0.874756
5735.0	0.8726430000000001
5740.0	0.8678969999999999
5745.0	0.859146
5750.0	0.857984
5755.0	0.856079
5760.0	0.857593
5765.0	0.855564
5770.0	0.8418979999999999
5775.0	0.823873
5780.0	0.790913
5785.0	0.8059569999999999
5790.0	0.8161609999999999
5795.0	0.809843
5800.0	0.798672
5805.0	0.801118
5810.0	0.80366
5815.0	0.806906
5820.0	0.820881
5825.0	0.821514
5830.0	0.81787
5835.0	0.8086399999999999
5840.0	0.803573
5845.0	0.803883
5850.0	0.805761
5855.0	0.804031
5860.0	0.813307
5865.0	0.806478
5870.0	0.776745
5875.0	0.730833
5880.0	0.768269
5885.0	0.760927
5890.0	0.69847
5895.0	0.702944
5900.0	0.74745
5905.0	0.784313
5910.0	0.779193
5915.0	0.775716
5920.0	0.773962
5925.0	0.774147
5930.0	0.7711399999999999
5935.0	0.763542
5940.0	0.757722
5945.0	0.7556970000000001
5950.0	0.750215
5955.0	0.745311
5960.0	0.748624
5965.0	0.748975
5970.0	0.7457630000000001
5975.0	0.741252
5980.0	0.737736
5985.0	0.735359
5990.0	0.731981
5995.0	0.731336
6000.0	0.725824
6005.0	0.722125
6010.0	0.719495
6015.0	0.716964
6020.0	0.716537
6025.0	0.7171489999999999
6030.0	0.714191
6035.0	0.709725
6040.0	0.705138
6045.0	0.706542
6050.0	0.705847
6055.0	0.703966
6060.0	0.70409
6065.0	0.70102
6070.0	0.697391
6075.0	0.697092
6080.0	0.694597
6085.0	0.69231
6090.0	0.692513
6095.0	0.6882739999999999
6100.0	0.683275
6105.0	0.683862
6110.0	0.683404
6115.0	0.685086
6120.0	0.6774100000000001
6125.0	0.6751550000000001
6130.0	0.673271
6135.0	0.673294
6140.0	0.6709109999999999
6145.0	0.669259
6150.0	0.668983
6155.0	0.6670050000000001
6160.0	0.6608390000000001
6165.0	0.656119
6170.0	0.6530189999999999
6175.0	0.651802
6180.0	0.6507350000000001
6185.0	0.64756
6190.0	0.646502
6195.0	0.645943
6200.0	0.642185
6205.0	0.64169
6210.0	0.647265
6215.0	0.6451640000000001
6220.0	0.641645
6225.0	0.639545
6230.0	0.637263
6235.0	0.637013
6240.0	0.637123
6245.0	0.639786
6250.0	0.638538
6255.0	0.636039
6260.0	0.6348630000000001
6265.0	0.627846
6270.0	0.618575
6275.0	0.5996060000000001
6280.0	0.582565
6285.0	0.589735
6290.0	0.606703
6295.0	0.6081949999999999
6300.0	0.6052649999999999
6305.0	0.604396
6310.0	0.6022609999999999
6315.0	0.601223
6320.0	0.603305
6325.0	0.6037939999999999
6330.0	0.603713
6335.0	0.600707
6340.0	0.596934
6345.0	0.59275
6350.0	0.59497
6355.0	0.593178
6360.0	0.589604
6365.0	0.586551
6370.0	0.5859449999999999
6375.0	0.581032
6380.0	0.577572
6385.0	0.578709
6390.0	0.579047
6395.0	0.577496
6400.0	0.574153
6405.0	0.571437
6410.0	0.570616
6415.0	0.571765
6420.0	0.571806
6425.0	0.57018
6430.0	0.568521
6435.0	0.565435
6440.0	0.562871
6445.0	0.5587
6450.0	0.55658
6455.0	0.5568029999999999
6460.0	0.557245
6465.0	0.553707
6470.0	0.5536270000000001
6475.0	0.549706
6480.0	0.550707
6485.0	0.547187
6490.0	0.545655
6495.0	0.547265
6500.0	0.552553
6505.0	0.551908
6510.0	0.549479
6515.0	0.544903
6520.0	0.544772
6525.0	0.541674
6530.0	0.5402
6535.0	0.53913
6540.0	0.537618
6545.0	0.532934
6550.0	0.52177
6555.0	0.49032700000000007
6560.0	0.43611000000000005
6565.0	0.443542
6570.0	0.494271
6575.0	0.518602
6580.0	0.525727
6585.0	0.5284270000000001
6590.0	0.530187
6595.0	0.5284270000000001
6600.0	0.526748
6605.0	0.526542
6610.0	0.521413
6615.0	0.5187
6620.0	0.519706
6625.0	0.519829
6630.0	0.516714
6635.0	0.51307
6640.0	0.5100279999999999
6645.0	0.5084890000000001
6650.0	0.507205
6655.0	0.503246
6660.0	0.499518
6665.0	0.496806
6670.0	0.49221499999999996
6675.0	0.47312200000000004
6680.0	0.469318
6685.0	0.48416800000000004
6690.0	0.48969799999999997
6695.0	0.491568
6700.0	0.488504
6705.0	0.48979700000000004
6710.0	0.48812799999999995
6715.0	0.487853
6720.0	0.489084
6725.0	0.48845299999999997
6730.0	0.484324
6735.0	0.47937399999999997
6740.0	0.47774399999999995
6745.0	0.479497
6750.0	0.476523
6755.0	0.47542299999999993
6760.0	0.4755
6765.0	0.47388
6770.0	0.46951800000000005
6775.0	0.467821
6780.0	0.468487
6785.0	0.466161
6790.0	0.46516899999999994
6795.0	0.46391400000000005
6800.0	0.462208
6805.0	0.46546800000000005
6810.0	0.462614
6815.0	0.461581
6820.0	0.458949
6825.0	0.456775
6830.0	0.45728500000000005
6835.0	0.454496
6840.0	0.454657
6845.0	0.453506
6850.0	0.45235600000000004
6855.0	0.45120600000000005
6860.0	0.45005600000000007
6865.0	0.448906
6870.0	0.44775600000000004
6875.0	0.44660500000000003
6880.0	0.44545500000000005
6885.0	0.444305
6890.0	0.443155
6895.0	0.44200500000000004
6900.0	0.440855
6905.0	0.439704
6910.0	0.438554
6915.0	0.437404
6920.0	0.436254
6925.0	0.435104
6930.0	0.433954
6935.0	0.432803
6940.0	0.43165299999999995
6945.0	0.43050299999999997
6950.0	0.429353
6955.0	0.428203
6960.0	0.42705299999999996
6965.0	0.42590200000000006
6970.0	0.424752
6975.0	0.43083
6980.0	0.42901300000000003
6985.0	0.42212799999999995
6990.0	0.418498
6995.0	0.42038400000000004
7000.0	0.41852399999999995
7005.0	0.417786
7010.0	0.41693900000000006
7015.0	0.414836
7020.0	0.413312
7025.0	0.409925
7030.0	0.41217700000000007
7035.0	0.413997
7040.0	0.412579
7045.0	0.409559
7050.0	0.40912800000000005
7055.0	0.40757
7060.0	0.39701
7065.0	0.382226
7070.0	0.39997699999999997
7075.0	0.40607600000000005
7080.0	0.404778
7085.0	0.40520500000000004
7090.0	0.404854
7095.0	0.40332199999999996
7100.0	0.399831
7105.0	0.397542
7110.0	0.39803
7115.0	0.399444
7120.0	0.401816
7125.0	0.403262
7130.0	0.402565
7135.0	0.403909
7140.0	0.400276
7145.0	0.395834
7150.0	0.397244
7155.0	0.39614499999999997
7160.0	0.392052
7165.0	0.385893
7170.0	0.373471
7175.0	0.365421
7180.0	0.36359
7185.0	0.356508
7190.0	0.362558
7195.0	0.367817
7200.0	0.365706
7205.0	0.37190700000000004
7210.0	0.386366
7215.0	0.391191
7220.0	0.391309
7225.0	0.385865
7230.0	0.375056
7235.0	0.36739099999999997
7240.0	0.36648800000000004
7245.0	0.366492
7250.0	0.366739
7255.0	0.367278
7260.0	0.36835300000000004
7265.0	0.365343
7270.0	0.365604
7275.0	0.35620999999999997
7280.0	0.35753
7285.0	0.360256
7290.0	0.355978
7295.0	0.36166
7300.0	0.360646
7305.0	0.35534899999999997
7310.0	0.357973
7315.0	0.357508
7320.0	0.35919
7325.0	0.36042199999999996
7330.0	0.357266
7335.0	0.35686999999999997
7340.0	0.355482
7345.0	0.353674
7350.0	0.353199
7355.0	0.353012
7360.0	0.34968499999999997
7365.0	0.349088
7370.0	0.348498
7375.0	0.34675700000000004
7380.0	0.345748
7385.0	0.345634
7390.0	0.343586
7395.0	0.34185
7400.0	0.340292
7405.0	0.33584200000000003
7410.0	0.335187
7415.0	0.33922800000000003
7420.0	0.342152
7425.0	0.331381
7430.0	0.330664
7435.0	0.32959
7440.0	0.330021
7445.0	0.32874899999999996
7450.0	0.327015
7455.0	0.326905
7460.0	0.325363
7465.0	0.326838
7470.0	0.325365
7475.0	0.323524
7480.0	0.322129
7485.0	0.32159699999999997
7490.0	0.320363
7495.0	0.317458
7500.0	0.319729
7505.0	0.318015
7510.0	0.31803000000000003
7515.0	0.315999
7520.0	0.31551
7525.0	0.315737
7530.0	0.316139
7535.0	0.315015
7540.0	0.313748
7545.0	0.310408
7550.0	0.310436
7555.0	0.309678
7560.0	0.308919
7565.0	0.308161
7570.0	0.307402
7575.0	0.306644
7580.0	0.305885
7585.0	0.305127
7590.0	0.30436799999999997
7595.0	0.30361
7600.0	0.30285100000000004
7605.0	0.302093
7610.0	0.301334
7615.0	0.300576
7620.0	0.299817
7625.0	0.299059
7630.0	0.2983
7635.0	0.29754200000000003
7640.0	0.296783
7645.0	0.296025
7650.0	0.295266
7655.0	0.294508
7660.0	0.293749
7665.0	0.292991
7670.0	0.292232
7675.0	0.29147399999999996
7680.0	0.290715
7685.0	0.289957
7690.0	0.289198
7695.0	0.28844000000000003
7700.0	0.287681
7705.0	0.286923
7710.0	0.286164
7715.0	0.285406
7720.0	0.284647
7725.0	0.283889
7730.0	0.28313
7735.0	0.281912
7740.0	0.281746
7745.0	0.28120700000000004
7750.0	0.280224
7755.0	0.281088
7760.0	0.27851
7765.0	0.278009
7770.0	0.27739899999999995
7775.0	0.278442
7780.0	0.276321
7785.0	0.275995
7790.0	0.27458899999999997
7795.0	0.273702
7800.0	0.27263000000000004
7805.0	0.27119899999999997
7810.0	0.271911
7815.0	0.270441
7820.0	0.268903
7825.0	0.269377
7830.0	0.268464
7835.0	0.267993
7840.0	0.268178
7845.0	0.26765100000000003
7850.0	0.267129
7855.0	0.266469
7860.0	0.268362
7865.0	0.264119
7870.0	0.263792
7875.0	0.26211999999999996
7880.0	0.26418
7885.0	0.26213400000000003
7890.0	0.260842
7895.0	0.26006599999999996
7900.0	0.26052600000000004
7905.0	0.260637
7910.0	0.258913
7915.0	0.25729
7920.0	0.257336
7925.0	0.258628
7930.0	0.257915
7935.0	0.255037
7940.0	0.256432
7945.0	0.255809
7950.0	0.25658800000000004
7955.0	0.253762
7960.0	0.251889
7965.0	0.253195
7970.0	0.252636
7975.0	0.251841
7980.0	0.250334
7985.0	0.251251
7990.0	0.250548
7995.0	0.249664
8000.0	0.248071
8005.0	0.24802800000000003
8010.0	0.24772199999999997
8015.0	0.247813
8020.0	0.24629099999999998
8025.0	0.246112
8030.0	0.24634
8035.0	0.24771500000000002
8040.0	0.246887
8045.0	0.24710500000000002
8050.0	0.24638200000000002
8055.0	0.24586799999999998
8060.0	0.244669
8065.0	0.244219
8070.0	0.243179
8075.0	0.24200300000000002
8080.0	0.241519
8085.0	0.242189
8090.0	0.238217
8095.0	0.23727600000000001
8100.0	0.236166
8105.0	0.23589000000000002
8110.0	0.235504
8115.0	0.235171
8120.0	0.23645300000000002
8125.0	0.236671
8130.0	0.23714000000000002
8135.0	0.236853
8140.0	0.235884
8145.0	0.233789
8150.0	0.23045
8155.0	0.227321
8160.0	0.223433
8165.0	0.222958
8170.0	0.226917
8175.0	0.227291
8180.0	0.228285
8185.0	0.23087800000000003
8190.0	0.22959200000000002
8195.0	0.22854699999999997
8200.0	0.22878600000000002
8205.0	0.22835500000000003
8210.0	0.22714600000000001
8215.0	0.224847
8220.0	0.22228699999999998
8225.0	0.216548
8230.0	0.214006
8235.0	0.22008899999999998
8240.0	0.22277800000000003
8245.0	0.22273800000000002
8250.0	0.223572
8255.0	0.220937
8260.0	0.21993000000000001
8265.0	0.219085
8270.0	0.21746300000000002
8275.0	0.215581
8280.0	0.214881
8285.0	0.21455900000000003
8290.0	0.21413600000000002
8295.0	0.214747
8300.0	0.2154
8305.0	0.214802
8310.0	0.214383
8315.0	0.213069
8320.0	0.211583
8325.0	0.21268600000000001
8330.0	0.21064899999999998
8335.0	0.208179
8340.0	0.208023
8345.0	0.20824
8350.0	0.207419
8355.0	0.20629099999999997
8360.0	0.206081
8365.0	0.206156
8370.0	0.205156
8375.0	0.20481100000000002
8380.0	0.203897
8385.0	0.204458
8390.0	0.204768
8395.0	0.206445
8400.0	0.20542800000000003
8405.0	0.205673
8410.0	0.207196
8415.0	0.20743699999999998
8420.0	0.20538800000000001
8425.0	0.203217
8430.0	0.202727
8435.0	0.200282
8440.0	0.198796
8445.0	0.198433
8450.0	0.19833199999999998
8455.0	0.199264
8460.0	0.199205
8465.0	0.1978
8470.0	0.196332
8475.0	0.195597
8480.0	0.195732
8485.0	0.195486
8490.0	0.196883
8495.0	0.197542
8500.0	0.198104
8505.0	0.197666
8510.0	0.1972
8515.0	0.196312
8520.0	0.195464
8525.0	0.195393
8530.0	0.195074
8535.0	0.19374
8540.0	0.19359400000000002
8545.0	0.194055
8550.0	0.192682
8555.0	0.192058
8560.0	0.19161199999999998
8565.0	0.19178499999999998
8570.0	0.19053599999999998
8575.0	0.189383
8580.0	0.187209
8585.0	0.185666
8590.0	0.18371400000000002
8595.0	0.18166600000000002
8600.0	0.180841
8605.0	0.181674
8610.0	0.183916
8615.0	0.186792
8620.0	0.186443
8625.0	0.18706099999999998
8630.0	0.186624
8635.0	0.185755
8640.0	0.184
8645.0	0.182723
8650.0	0.180546
8655.0	0.17942
8660.0	0.177619
8665.0	0.176717
8670.0	0.1772
8675.0	0.178788
8680.0	0.180068
8685.0	0.181238
8690.0	0.18146199999999998
8695.0	0.182053
8700.0	0.182862
8705.0	0.183056
8710.0	0.181831
8715.0	0.181699
8720.0	0.181171
8725.0	0.180401
8730.0	0.179533
8735.0	0.178452
8740.0	0.178373
8745.0	0.176061
8750.0	0.174009
8755.0	0.173528
8760.0	0.174346
8765.0	0.17405199999999998
8770.0	0.17372
8775.0	0.172094
8780.0	0.171407
8785.0	0.173491
8790.0	0.17411400000000002
8795.0	0.175925
8800.0	0.17613099999999998
8805.0	0.177771
8810.0	0.17816600000000002
8815.0	0.17638900000000002
8820.0	0.175244
8825.0	0.172481
8830.0	0.170322
8835.0	0.168269
8840.0	0.166892
8845.0	0.164711
8850.0	0.1633
8855.0	0.163631
8860.0	0.16395
8865.0	0.16236199999999998
8870.0	0.164468
8875.0	0.166124
8880.0	0.165427
8885.0	0.167251
8890.0	0.16633900000000001
8895.0	0.16606700000000002
8900.0	0.16651300000000002
8905.0	0.166938
8910.0	0.167977
8915.0	0.16838399999999998
8920.0	0.167244
8925.0	0.167654
8930.0	0.165298
8935.0	0.16337100000000002
8940.0	0.16356500000000002
8945.0	0.164475
8950.0	0.16433
8955.0	0.16466
8960.0	0.164974
8965.0	0.161626
8970.0	0.159167
8975.0	0.156599
8980.0	0.1535
8985.0	0.150612
8990.0	0.148396
8995.0	0.150899
9000.0	0.149754
9005.0	0.14995899999999998
9010.0	0.150193
9015.0	0.148422
9020.0	0.150559
9025.0	0.150791
9030.0	0.156867
9035.0	0.158598
9040.0	0.15955899999999998
9045.0	0.160934
9050.0	0.161859
9055.0	0.162712
9060.0	0.16071300000000002
9065.0	0.157329
9070.0	0.154123
9075.0	0.152847
9080.0	0.15193199999999998
9085.0	0.150898
9090.0	0.151097
9095.0	0.151759
9100.0	0.15347
9105.0	0.155002
9110.0	0.154861
9115.0	0.154628
9120.0	0.155497
9125.0	0.15565299999999999
9130.0	0.152615
9135.0	0.152248
9140.0	0.154293
9145.0	0.154363
9150.0	0.15173699999999998
9155.0	0.14895899999999998
9160.0	0.149773
9165.0	0.150278
9170.0	0.149136
9175.0	0.14544100000000001
9180.0	0.14598699999999998
9185.0	0.147233
9190.0	0.15007
9195.0	0.148896
9200.0	0.14818
9205.0	0.14793800000000001
9210.0	0.145196
9215.0	0.14233800000000002
9220.0	0.13864200000000002
9225.0	0.137217
9230.0	0.13527
9235.0	0.13785999999999998
9240.0	0.139337
9245.0	0.13886800000000002
9250.0	0.139221
9255.0	0.143556
9260.0	0.144514
9265.0	0.145596
9270.0	0.147255
9275.0	0.150952
9280.0	0.151327
9285.0	0.149545
9290.0	0.147892
9295.0	0.144266
9300.0	0.139718
9305.0	0.139188
9310.0	0.136696
9315.0	0.131684
9320.0	0.132901
9325.0	0.130578
9330.0	0.13199
9335.0	0.124868
9340.0	0.12034700000000001
9345.0	0.12100799999999999
9350.0	0.128194
9355.0	0.12531
9360.0	0.133107
9365.0	0.13314600000000001
9370.0	0.133656
9375.0	0.138244
9380.0	0.138345
9385.0	0.142978
9390.0	0.149342
9395.0	0.151265
9400.0	0.146931
9405.0	0.142753
9410.0	0.136347
9415.0	0.133856
9420.0	0.12919
9425.0	0.12425699999999999
9430.0	0.12401300000000001
9435.0	0.126629
9440.0	0.12348699999999999
9445.0	0.128221
9450.0	0.13658800000000001
9455.0	0.132509
9460.0	0.13106700000000002
9465.0	0.135667
9470.0	0.132081
9475.0	0.131949
9480.0	0.129505
9485.0	0.13367300000000001
9490.0	0.134725
9495.0	0.129329
9500.0	0.128296
9505.0	0.133663
9510.0	0.13438699999999998
9515.0	0.1262
9520.0	0.123549
9525.0	0.12163099999999999
9530.0	0.11833199999999999
9535.0	0.12215899999999999
9540.0	0.11700999999999999
9545.0	0.11802
9550.0	0.12084400000000001
9555.0	0.11938599999999999
9560.0	0.124569
9565.0	0.12735
9570.0	0.131608
9575.0	0.129825
9580.0	0.129078
9585.0	0.129917
9590.0	0.12975
9595.0	0.129869
9600.0	0.12725
9605.0	0.129395
9610.0	0.129883
9615.0	0.125889
9620.0	0.123793
9625.0	0.122097
9630.0	0.12550999999999998
9635.0	0.130678
9640.0	0.123938
9645.0	0.125219
9650.0	0.125116
9655.0	0.131156
9660.0	0.125904
9665.0	0.12276199999999998
9670.0	0.12188299999999999
9675.0	0.124377
9680.0	0.1235
9685.0	0.119707
9690.0	0.121075
9695.0	0.12074700000000001
9700.0	0.122421
9705.0	0.12342
9710.0	0.122223
9715.0	0.118083
9720.0	0.123849
9725.0	0.121528
9730.0	0.12319200000000001
9735.0	0.119076
9740.0	0.119751
9745.0	0.12082000000000001
9750.0	0.12205
9755.0	0.119777
9760.0	0.11994200000000001
9765.0	0.121226
9770.0	0.119395
9775.0	0.116264
9780.0	0.113748
9785.0	0.11183900000000001
9790.0	0.117743
9795.0	0.12045499999999999
9800.0	0.117256
9805.0	0.11988199999999999
9810.0	0.116877
9815.0	0.11616900000000001
9820.0	0.116745
9825.0	0.11414200000000001
9830.0	0.116852
9835.0	0.11746600000000001
9840.0	0.11586300000000001
9845.0	0.115726
9850.0	0.114678
9855.0	0.116396
9860.0	0.11710699999999999
9865.0	0.11492899999999999
9870.0	0.11277899999999999
9875.0	0.11545799999999999
9880.0	0.111722
9885.0	0.11548699999999999
9890.0	0.11137899999999999
9895.0	0.112776
9900.0	0.114079
9905.0	0.11171800000000001
9910.0	0.110904
9915.0	0.11112999999999999
9920.0	0.111044
9925.0	0.11341199999999999
9930.0	0.11032
9935.0	0.11022
9940.0	0.106491
9945.0	0.11005799999999999
9950.0	0.107771
9955.0	0.10709500000000001
9960.0	0.11137799999999999
9965.0	0.10850499999999999
9970.0	0.111322
9975.0	0.10601
9980.0	0.11271099999999999
9985.0	0.11327899999999999
9990.0	0.115336
9995.0	0.108018
10000.0	0.113873
10005.0	0.110378
10010.0	0.112801
10015.0	0.111755
10020.0	0.11326800000000001
10025.0	0.100607
10030.0	0.107089
10035.0	0.099649
10040.0	0.095828
10045.0	0.090112
10050.0	0.097663
10055.0	0.103776
10060.0	0.099869
10065.0	0.100252
10070.0	0.10129099999999999
10075.0	0.10551300000000001
10080.0	0.105647
10085.0	0.105553
10090.0	0.103703
10095.0	0.097551
10100.0	0.103978
10105.0	0.105324
10110.0	0.099488
10115.0	0.099061
10120.0	0.10741300000000001
10125.0	0.103952
10130.0	0.10013999999999999
10135.0	0.100131
10140.0	0.10374000000000001
10145.0	0.103952
10150.0	0.104004
10155.0	0.104131
10160.0	0.104566
10165.0	0.105457
10170.0	0.10661
10175.0	0.107743
10180.0	0.108575
10185.0	0.108877
10190.0	0.10863099999999999
10195.0	0.10787200000000001
10200.0	0.10663299999999999
10205.0	0.10500999999999999
10210.0	0.103327
10215.0	0.101969
10220.0	0.101323
10225.0	0.101594
10230.0	0.102275
10235.0	0.102681
10240.0	0.102127
10245.0	0.100199
10250.0	0.097565
10255.0	0.09516799999999999
10260.0	0.093947
10265.0	0.094533
10270.0	0.096322
10275.0	0.09839500000000001
10280.0	0.099839
10285.0	0.09998
10290.0	0.099124
10295.0	0.097822
10300.0	0.096622
10305.0	0.097273
10310.0	0.097147
10315.0	0.09727000000000001
10320.0	0.097604
10325.0	0.098085
10330.0	0.09854299999999999
10335.0	0.098781
10340.0	0.098602
10345.0	0.097902
10350.0	0.09693
10355.0	0.096028
10360.0	0.095537
10365.0	0.095678
10370.0	0.096189
10375.0	0.096689
10380.0	0.096794
10385.0	0.09624500000000001
10390.0	0.09527200000000001
10395.0	0.094225
10400.0	0.093455
10405.0	0.093212
10410.0	0.09333999999999999
10415.0	0.093582
10420.0	0.093682
10425.0	0.093459
10430.0	0.09304
10435.0	0.092629
10440.0	0.092429
10445.0	0.092598
10450.0	0.09310399999999999
10455.0	0.09386699999999999
10460.0	0.09481
10465.0	0.095817
10470.0	0.09663200000000001
10475.0	0.096962
10480.0	0.096513
10485.0	0.09513300000000001
10490.0	0.09323200000000001
10495.0	0.09136
10500.0	0.090068
10505.0	0.089742
10510.0	0.09010399999999999
10515.0	0.090711
10520.0	0.09112200000000001
10525.0	0.09102400000000001
10530.0	0.090632
10535.0	0.090291
10540.0	0.09034500000000001
10545.0	0.091007
10550.0	0.091951
10555.0	0.09271900000000001
10560.0	0.092851
10565.0	0.092048
10570.0	0.090659
10575.0	0.089193
10580.0	0.088156
10585.0	0.087917
10590.0	0.08828
10595.0	0.088907
10600.0	0.089463
10605.0	0.089683
10610.0	0.089597
10615.0	0.089306
10620.0	0.088913
10625.0	0.08794500000000001
10630.0	0.087788
10635.0	0.087632
10640.0	0.087475
10645.0	0.08732000000000001
10650.0	0.087164
10655.0	0.087009
10660.0	0.086854
10665.0	0.086699
10670.0	0.08654500000000001
10675.0	0.086391
10680.0	0.086237
10685.0	0.086083
10690.0	0.08592999999999999
10695.0	0.08577699999999999
10700.0	0.085624
10705.0	0.085472
10710.0	0.085319
10715.0	0.08516699999999999
10720.0	0.085016
10725.0	0.084864
10730.0	0.084713
10735.0	0.084562
10740.0	0.084412
10745.0	0.084262
10750.0	0.084112
10755.0	0.083962
10760.0	0.083812
10765.0	0.083663
10770.0	0.083514
10775.0	0.083365
10780.0	0.083217
10785.0	0.083069
10790.0	0.08292100000000001
10795.0	0.082774
10800.0	0.082626
10805.0	0.082479
10810.0	0.082332
10815.0	0.082186
10820.0	0.08204
10825.0	0.08189400000000001
10830.0	0.081748
10835.0	0.081602
10840.0	0.081457
10845.0	0.081312
10850.0	0.08116799999999999
10855.0	0.081023
10860.0	0.08087899999999999
10865.0	0.080735
10870.0	0.080592
10875.0	0.080448
10880.0	0.080305
10885.0	0.080162
10890.0	0.08002000000000001
10895.0	0.07987799999999999
10900.0	0.079736
10905.0	0.07959400000000001
10910.0	0.079452
10915.0	0.079311
10920.0	0.07917
10925.0	0.079029
10930.0	0.078889
10935.0	0.078749
10940.0	0.078609
10945.0	0.07846900000000001
10950.0	0.078329
10955.0	0.07819
10960.0	0.078051
10965.0	0.077913
10970.0	0.077774
10975.0	0.077636
10980.0	0.077498
10985.0	0.07736
10990.0	0.077223
10995.0	0.077086
11000.0	0.076949
11005.0	0.076812
11010.0	0.076676
11015.0	0.07654
11020.0	0.076404
11025.0	0.07626799999999999
11030.0	0.076133
11035.0	0.075998
11040.0	0.075863
11045.0	0.075728
11050.0	0.07559400000000001
11055.0	0.07546
11060.0	0.075326
11065.0	0.075192
11070.0	0.075059
11075.0	0.074925
11080.0	0.074793
11085.0	0.07466
11090.0	0.074527
11095.0	0.074395
11100.0	0.074263
11105.0	0.074132
11110.0	0.074
11115.0	0.073869
11120.0	0.073738
11125.0	0.073607
11130.0	0.073477
11135.0	0.07334700000000001
11140.0	0.07321699999999999
11145.0	0.073087
11150.0	0.07295700000000001
11155.0	0.072828
11160.0	0.072699
11165.0	0.07257000000000001
11170.0	0.07244199999999999
11175.0	0.072313
11180.0	0.072185
11185.0	0.07205800000000001
11190.0	0.07193
11195.0	0.07180299999999999
11200.0	0.071676
11205.0	0.071549
11210.0	0.071422
11215.0	0.071296
11220.0	0.07116900000000001
11225.0	0.071043
11230.0	0.070918
11235.0	0.070792
11240.0	0.070667
11245.0	0.070542
11250.0	0.070417
11255.0	0.070293
11260.0	0.070168
11265.0	0.07004400000000001
11270.0	0.069921
11275.0	0.069797
11280.0	0.069674
11285.0	0.06955
11290.0	0.069427
11295.0	0.06930499999999999
11300.0	0.06918200000000001
11305.0	0.06906
11310.0	0.068938
11315.0	0.068816
11320.0	0.068695
11325.0	0.068573
11330.0	0.068452
11335.0	0.06833099999999999
11340.0	0.06821100000000001
11345.0	0.06809
11350.0	0.06797
11355.0	0.06785
11360.0	0.067731
11365.0	0.067611
11370.0	0.067492
11375.0	0.067373
11380.0	0.067254
11385.0	0.067135
11390.0	0.067017
11395.0	0.066899
11400.0	0.066781
11405.0	0.066663
11410.0	0.066545
11415.0	0.066428
11420.0	0.066311
11425.0	0.066194
11430.0	0.066078
11435.0	0.065961
11440.0	0.065845
11445.0	0.065729
11450.0	0.065613
11455.0	0.065498
11460.0	0.06538200000000001
11465.0	0.06526699999999999
11470.0	0.065152
11475.0	0.065038
11480.0	0.06492300000000001
11485.0	0.064809
11490.0	0.064695
11495.0	0.064581
11500.0	0.064467
11505.0	0.064354
11510.0	0.06424099999999999
11515.0	0.06412799999999999
11520.0	0.064015
11525.0	0.063902
11530.0	0.06379
11535.0	0.063678
11540.0	0.063566
11545.0	0.063454
11550.0	0.063343
11555.0	0.06323200000000001
11560.0	0.06312100000000001
11565.0	0.06301
11570.0	0.062899
11575.0	0.062789
11580.0	0.062678
11585.0	0.062568
11590.0	0.06245800000000001
11595.0	0.062349
11600.0	0.062238999999999996
11605.0	0.06213
11610.0	0.06202100000000001
11615.0	0.061912
11620.0	0.061804
11625.0	0.06169500000000001
11630.0	0.061587
11635.0	0.061479
11640.0	0.061371
11645.0	0.061264
11650.0	0.061155999999999995
11655.0	0.061049
11660.0	0.060941999999999996
11665.0	0.060835
11670.0	0.060729
11675.0	0.060622
11680.0	0.06051599999999999
11685.0	0.060410000000000005
11690.0	0.060303999999999996
11695.0	0.060199
11700.0	0.060092999999999994
11705.0	0.059988
11710.0	0.059883000000000006
11715.0	0.059778
11720.0	0.059674
11725.0	0.059569000000000004
11730.0	0.059465
11735.0	0.059361000000000004
11740.0	0.059257000000000004
11745.0	0.059154
11750.0	0.05905
11755.0	0.058947
11760.0	0.05884400000000001
11765.0	0.058740999999999995
11770.0	0.058639
11775.0	0.058536000000000005
11780.0	0.058434
11785.0	0.058332
11790.0	0.05823
11795.0	0.058128
11800.0	0.058026999999999995
11805.0	0.057925
11810.0	0.057824
11815.0	0.057723000000000003
11820.0	0.057622
11825.0	0.057522000000000004
11830.0	0.05742100000000001
11835.0	0.057321000000000004
11840.0	0.057221
11845.0	0.057121000000000005
11850.0	0.057022
11855.0	0.056922
11860.0	0.056823
11865.0	0.056724000000000004
11870.0	0.056625
11875.0	0.056526
11880.0	0.056428
11885.0	0.05633
11890.0	0.056230999999999996
11895.0	0.056133
11900.0	0.056036
11905.0	0.055938
11910.0	0.055840999999999995
11915.0	0.055742999999999994
11920.0	0.055646
11925.0	0.055549
11930.0	0.055452999999999995
11935.0	0.055355999999999995
11940.0	0.055260000000000004
11945.0	0.055164
11950.0	0.05506799999999999
11955.0	0.054972
11960.0	0.054876
11965.0	0.054780999999999996
11970.0	0.054685000000000004
11975.0	0.05459
11980.0	0.054495
11985.0	0.054401
11990.0	0.05430599999999999
11995.0	0.054212
12000.0	0.054117
12005.0	0.054023
12010.0	0.053929
12015.0	0.053836
12020.0	0.053742
12025.0	0.053649
12030.0	0.05355599999999999
12035.0	0.053463
12040.0	0.05337000000000001
12045.0	0.053277
12050.0	0.053184
12055.0	0.05309199999999999
12060.0	0.053
12065.0	0.052908000000000004
12070.0	0.052815999999999995
12075.0	0.052724
12080.0	0.052633000000000006
12085.0	0.052542
12090.0	0.05245
12095.0	0.052359
12100.0	0.052269
12105.0	0.052177999999999995
12110.0	0.052087
12115.0	0.051997
12120.0	0.051907
12125.0	0.051816999999999995
12130.0	0.051726999999999995
12135.0	0.051637
12140.0	0.051548000000000004
12145.0	0.051459000000000005
12150.0	0.051369000000000005
12155.0	0.05127999999999999
12160.0	0.051192
12165.0	0.051102999999999996
12170.0	0.051014
12175.0	0.050926
12180.0	0.050838
12185.0	0.05075
12190.0	0.050662
12195.0	0.050574
12200.0	0.050486
12205.0	0.050399
12210.0	0.050312
12215.0	0.050225
12220.0	0.050138
12225.0	0.050051
12230.0	0.049964
12235.0	0.049878
12240.0	0.049791
12245.0	0.049705
12250.0	0.049618999999999996
12255.0	0.049533
12260.0	0.049448
12265.0	0.049362
12270.0	0.049277
12275.0	0.049192
12280.0	0.049107
12285.0	0.049022
12290.0	0.048937
12295.0	0.048852
12300.0	0.048768
12305.0	0.048684
12310.0	0.048599
12315.0	0.048514999999999996
12320.0	0.048431999999999996
12325.0	0.048348
12330.0	0.048264
12335.0	0.048181
12340.0	0.048098
12345.0	0.048014999999999995
12350.0	0.047932
12355.0	0.047849
12360.0	0.047766
12365.0	0.047684
12370.0	0.047602
12375.0	0.047519
12380.0	0.047437
12385.0	0.047356
12390.0	0.047274000000000004
12395.0	0.047192000000000005
12400.0	0.047111
12405.0	0.04703
12410.0	0.046949
12415.0	0.046868
12420.0	0.046787
12425.0	0.046706
12430.0	0.046626
12435.0	0.046544999999999996
12440.0	0.046465
12445.0	0.046385
12450.0	0.046305
12455.0	0.046225999999999996
12460.0	0.046146
12465.0	0.046066
12470.0	0.045987
12475.0	0.045908
12480.0	0.045829
12485.0	0.04575
12490.0	0.045670999999999996
12495.0	0.045593
12500.0	0.045514
12505.0	0.045436000000000004
12510.0	0.045357999999999996
12515.0	0.04528
12520.0	0.045202
12525.0	0.045125
12530.0	0.045047000000000004
12535.0	0.044969999999999996
12540.0	0.044893
12545.0	0.044815
12550.0	0.044738
12555.0	0.044662
12560.0	0.044585
12565.0	0.044509
12570.0	0.044432
12575.0	0.044356
12580.0	0.04428
12585.0	0.044204
12590.0	0.044128
12595.0	0.044052999999999995
12600.0	0.043976999999999995
12605.0	0.043902
12610.0	0.043826
12615.0	0.043751
12620.0	0.043677
12625.0	0.043601999999999995
12630.0	0.043526999999999996
12635.0	0.043453
12640.0	0.043378
12645.0	0.043304
12650.0	0.043230000000000005
12655.0	0.043156
12660.0	0.043082
12665.0	0.043009
12670.0	0.042935
12675.0	0.042862
12680.0	0.042789
12685.0	0.042716000000000004
12690.0	0.042643
12695.0	0.04257
12700.0	0.042497
12705.0	0.042425
12710.0	0.042352
12715.0	0.04228
12720.0	0.042207999999999996
12725.0	0.042136
12730.0	0.042064
12735.0	0.041993
12740.0	0.041921
12745.0	0.04185
12750.0	0.041779000000000004
12755.0	0.041707
12760.0	0.041636
12765.0	0.041566000000000006
12770.0	0.041495
12775.0	0.041424
12780.0	0.041354
12785.0	0.041283999999999994
12790.0	0.041214
12795.0	0.041144
12800.0	0.041074
12805.0	0.041004
12810.0	0.040934
12815.0	0.040865
12820.0	0.040796
12825.0	0.040726
12830.0	0.040657
12835.0	0.040589
12840.0	0.04052
12845.0	0.040451
12850.0	0.040382999999999995
12855.0	0.040313999999999996
12860.0	0.040246
12865.0	0.040178
12870.0	0.04011
12875.0	0.040042
12880.0	0.039974
12885.0	0.039907
12890.0	0.039839
12895.0	0.039772
12900.0	0.039705000000000004
12905.0	0.039638
12910.0	0.039570999999999995
12915.0	0.039504000000000004
12920.0	0.039438
12925.0	0.039370999999999996
12930.0	0.039305
12935.0	0.039238999999999996
12940.0	0.039173
12945.0	0.039106999999999996
12950.0	0.039041
12955.0	0.038975
12960.0	0.03891
12965.0	0.038844
12970.0	0.038779
12975.0	0.038714
12980.0	0.038649
12985.0	0.038584
12990.0	0.038519
12995.0	0.038454
13000.0	0.03839
13005.0	0.038326
13010.0	0.038261
13015.0	0.038197
13020.0	0.038133
13025.0	0.038069
13030.0	0.038006
13035.0	0.037942000000000004
13040.0	0.037877999999999995
13045.0	0.037814999999999994
13050.0	0.037752
13055.0	0.037689
13060.0	0.037626
13065.0	0.037563
13070.0	0.0375
13075.0	0.037438
13080.0	0.037375
13085.0	0.037313
13090.0	0.037251
13095.0	0.037189
13100.0	0.037127
13105.0	0.037065
13110.0	0.037002999999999994
13115.0	0.036942
13120.0	0.03688
13125.0	0.036819
13130.0	0.036758
13135.0	0.036697
13140.0	0.036636
13145.0	0.036575
13150.0	0.036514
13155.0	0.036454
13160.0	0.036393
13165.0	0.036333
13170.0	0.036273
13175.0	0.036213
13180.0	0.036153
13185.0	0.036093
13190.0	0.036032999999999996
13195.0	0.035974
13200.0	0.035914999999999996
13205.0	0.035855
13210.0	0.035795999999999994
13215.0	0.035737
13220.0	0.035677999999999994
13225.0	0.035619
13230.0	0.03556
13235.0	0.035502
13240.0	0.035443
13245.0	0.035385
13250.0	0.035327
13255.0	0.035269
13260.0	0.035211
13265.0	0.035153
13270.0	0.035095
13275.0	0.035038
13280.0	0.034980000000000004
13285.0	0.034923
13290.0	0.034866
13295.0	0.034809
13300.0	0.034752
13305.0	0.034695
13310.0	0.034638
13315.0	0.034581
13320.0	0.034525
13325.0	0.034468
13330.0	0.034412
13335.0	0.034356
13340.0	0.0343
13345.0	0.034244
13350.0	0.034187999999999996
13355.0	0.034132
13360.0	0.034076999999999996
13365.0	0.034020999999999996
13370.0	0.033966
13375.0	0.033911000000000004
13380.0	0.033856
13385.0	0.033801
13390.0	0.033746
13395.0	0.033691000000000006
13400.0	0.033637
13405.0	0.033582
13410.0	0.033527999999999995
13415.0	0.033473
13420.0	0.033419
13425.0	0.033365
13430.0	0.033311
13435.0	0.033257
13440.0	0.033204000000000004
13445.0	0.03315
13450.0	0.033097
13455.0	0.033043
13460.0	0.03299
13465.0	0.032937
13470.0	0.032884
13475.0	0.032831
13480.0	0.032777999999999995
13485.0	0.032725
13490.0	0.032673
13495.0	0.032619999999999996
13500.0	0.032568
13505.0	0.032516
13510.0	0.032464
13515.0	0.032412
13520.0	0.03236
13525.0	0.032307999999999996
13530.0	0.032256
13535.0	0.032205000000000004
13540.0	0.032152999999999994
13545.0	0.032102
13550.0	0.032050999999999996
13555.0	0.032
13560.0	0.031949
13565.0	0.031898
13570.0	0.031847
13575.0	0.031797000000000006
13580.0	0.031745999999999996
13585.0	0.031695999999999995
13590.0	0.031645
13595.0	0.031595
13600.0	0.031545
13605.0	0.031495
13610.0	0.031445
13615.0	0.031395
13620.0	0.031346
13625.0	0.031296
13630.0	0.031247000000000004
13635.0	0.031197000000000003
13640.0	0.031148000000000002
13645.0	0.031099
13650.0	0.03105
13655.0	0.031001
13660.0	0.030951999999999997
13665.0	0.030902999999999996
13670.0	0.030855
13675.0	0.030806
13680.0	0.030757999999999997
13685.0	0.03071
13690.0	0.030662000000000002
13695.0	0.030612999999999998
13700.0	0.030566000000000003
13705.0	0.030518
13710.0	0.03047
13715.0	0.030422
13720.0	0.030375
13725.0	0.030327
13730.0	0.03028
13735.0	0.030233
13740.0	0.030186
13745.0	0.030139
13750.0	0.030092
13755.0	0.030045
13760.0	0.029998
13765.0	0.029952
13770.0	0.029905
13775.0	0.029858999999999997
13780.0	0.029813
13785.0	0.029766
13790.0	0.02972
13795.0	0.029674000000000002
13800.0	0.029629000000000003
13805.0	0.029582999999999998
13810.0	0.029537
13815.0	0.029492
13820.0	0.029445999999999996
13825.0	0.029401
13830.0	0.029356
13835.0	0.029310000000000003
13840.0	0.029265
13845.0	0.02922
13850.0	0.029176
13855.0	0.029131
13860.0	0.029086
13865.0	0.029042000000000002
13870.0	0.028997000000000002
13875.0	0.028952999999999996
13880.0	0.028908999999999997
13885.0	0.028865
13890.0	0.028821
13895.0	0.028776999999999997
13900.0	0.028732999999999998
13905.0	0.028689
13910.0	0.028645
13915.0	0.028602
13920.0	0.028558
13925.0	0.028515
13930.0	0.028472000000000004
13935.0	0.028429000000000003
13940.0	0.028386
13945.0	0.028343
13950.0	0.0283
13955.0	0.028257
13960.0	0.028214
13965.0	0.028172000000000003
13970.0	0.028129
13975.0	0.028087
13980.0	0.028045
13985.0	0.028002999999999997
13990.0	0.027960000000000002
13995.0	0.027918000000000002
14000.0	0.027877
14005.0	0.027835000000000002
14010.0	0.027793
14015.0	0.027750999999999998
14020.0	0.027710000000000002
14025.0	0.027669
14030.0	0.027627
14035.0	0.027586000000000003
14040.0	0.027545
14045.0	0.027504
14050.0	0.027462999999999998
14055.0	0.027422000000000002
14060.0	0.027381
14065.0	0.027341000000000004
14070.0	0.0273
14075.0	0.027260000000000003
14080.0	0.027219
14085.0	0.027179000000000002
14090.0	0.027139
14095.0	0.027099
14100.0	0.027058999999999996
14105.0	0.027019
14110.0	0.026979000000000003
14115.0	0.026938999999999998
14120.0	0.0269
14125.0	0.026860000000000002
14130.0	0.026820999999999998
14135.0	0.026781
14140.0	0.026742000000000002
14145.0	0.026702999999999998
14150.0	0.026664
14155.0	0.026625
14160.0	0.026586000000000002
14165.0	0.026547
14170.0	0.026507999999999997
14175.0	0.02647
14180.0	0.026431
14185.0	0.026393
14190.0	0.026354000000000002
14195.0	0.026316000000000003
14200.0	0.026277999999999996
14205.0	0.02624
14210.0	0.026202
14215.0	0.026164
14220.0	0.026126
14225.0	0.026088
14230.0	0.02605
14235.0	0.026012999999999998
14240.0	0.025975
14245.0	0.025938
14250.0	0.025901
14255.0	0.025863
14260.0	0.025825999999999998
14265.0	0.025789
14270.0	0.025751999999999997
14275.0	0.025715
14280.0	0.025679
14285.0	0.025642
14290.0	0.025605000000000003
14295.0	0.025569
14300.0	0.025532
14305.0	0.025426
14310.0	0.025362
14315.0	0.025384
14320.0	0.025474
14325.0	0.02557
14330.0	0.025586
14335.0	0.025536
14340.0	0.025463
14345.0	0.02538
14350.0	0.025283
14355.0	0.025182
14360.0	0.025095
14365.0	0.025037
14370.0	0.025004
14375.0	0.024978
14380.0	0.024954
14385.0	0.02494
14390.0	0.024936
14395.0	0.02494
14400.0	0.024953
14405.0	0.024975999999999998
14410.0	0.024993
14415.0	0.024978
14420.0	0.024918
14425.0	0.02483
14430.0	0.024738
14435.0	0.024637
14440.0	0.024527
14445.0	0.024421
14450.0	0.024340999999999998
14455.0	0.024303
14460.0	0.024296
14465.0	0.024301
14470.0	0.024311000000000003
14475.0	0.024313
14480.0	0.024288
14485.0	0.02423
14490.0	0.02415
14495.0	0.024075
14500.0	0.023934
14505.0	0.023989
14510.0	0.024064
14515.0	0.024083
14520.0	0.024055
14525.0	0.024021
14530.0	0.024005000000000002
14535.0	0.024009
14540.0	0.024036000000000002
14545.0	0.02409
14550.0	0.024144
14555.0	0.024142
14560.0	0.02404
14565.0	0.023837999999999998
14570.0	0.023577
14575.0	0.023308000000000002
14580.0	0.023084999999999998
14585.0	0.022953
14590.0	0.022941999999999997
14595.0	0.023052
14600.0	0.023239
14605.0	0.023426
14610.0	0.023533000000000002
14615.0	0.023524
14620.0	0.023422
14625.0	0.023282
14630.0	0.023157
14635.0	0.023078
14640.0	0.023047
14645.0	0.023043
14650.0	0.023029
14655.0	0.022975
14660.0	0.022877
14665.0	0.022763
14670.0	0.022691
14675.0	0.022693
14680.0	0.022768
14685.0	0.022897999999999998
14690.0	0.023053
14695.0	0.023203
14700.0	0.023313999999999998
14705.0	0.023329
14710.0	0.023208000000000003
14715.0	0.023002
14720.0	0.022777000000000002
14725.0	0.022596
14730.0	0.02248
14735.0	0.022405
14740.0	0.022338999999999998
14745.0	0.022272
14750.0	0.02221
14755.0	0.022171
14760.0	0.022161
14765.0	0.022169
14770.0	0.022171
14775.0	0.02215
14780.0	0.022093
14785.0	0.022018
14790.0	0.02195
14795.0	0.021925999999999998
14800.0	0.021975
14805.0	0.022097
14810.0	0.022257
14815.0	0.022394
14820.0	0.022451
14825.0	0.0224
14830.0	0.022237
14835.0	0.022065
14840.0	0.02189
14845.0	0.02156
14850.0	0.021208
14855.0	0.020986
14860.0	0.020967
14865.0	0.021144
14870.0	0.021454
14875.0	0.021792
14880.0	0.022054
14885.0	0.022155
14890.0	0.022102
14895.0	0.021737
14900.0	0.021252
14905.0	0.020804
14910.0	0.020607
14915.0	0.020626
14920.0	0.020829
14925.0	0.021128
14930.0	0.021409
14935.0	0.021582
14940.0	0.021603
14945.0	0.021485
14950.0	0.021293
14955.0	0.021115000000000002
14960.0	0.02102
14965.0	0.021036000000000003
14970.0	0.021133000000000002
14975.0	0.021237
14980.0	0.021254
14985.0	0.021113
14990.0	0.021005000000000003
14995.0	0.020888
15000.0	0.020756
15005.0	0.020727000000000002
15010.0	0.020761
15015.0	0.020806
15020.0	0.020804
15025.0	0.020782
15030.0	0.020682
15035.0	0.020543000000000002
15040.0	0.02041
15045.0	0.020337
15050.0	0.020359
15055.0	0.020488
15060.0	0.020617
15065.0	0.020613
15070.0	0.020572
15075.0	0.020544
15080.0	0.020538
15085.0	0.020456000000000002
15090.0	0.020298
15095.0	0.020102000000000002
15100.0	0.019932
15105.0	0.019841
15110.0	0.019852
15115.0	0.019956
15120.0	0.020117
15125.0	0.020288
15130.0	0.020419
15135.0	0.020487000000000002
15140.0	0.02048
15145.0	0.02041
15150.0	0.020318
15155.0	0.020225999999999997
15160.0	0.020155000000000003
15165.0	0.020111
15170.0	0.020087
15175.0	0.020072
15180.0	0.02005
15185.0	0.02001
15190.0	0.019948
15195.0	0.019865
15200.0	0.019768
15205.0	0.019675
15210.0	0.019602
15215.0	0.019566
15220.0	0.019576
15225.0	0.019629
15230.0	0.019712999999999998
15235.0	0.019795
15240.0	0.019841
15245.0	0.019827
15250.0	0.019752000000000002
15255.0	0.019636
15260.0	0.019511
15265.0	0.019423
15270.0	0.019400999999999998
15275.0	0.019444
15280.0	0.019534
15285.0	0.019631
15290.0	0.019691999999999998
15295.0	0.019681999999999998
15300.0	0.019594999999999998
15305.0	0.019457
15310.0	0.019311000000000002
15315.0	0.019205
15320.0	0.019168
15325.0	0.019201
15330.0	0.019271
15335.0	0.019326
15340.0	0.019313
15345.0	0.019207
15350.0	0.019019
15355.0	0.018799
15360.0	0.018622
15365.0	0.018557
15370.0	0.018613
15375.0	0.018769
15380.0	0.018982
15385.0	0.019191
15390.0	0.019341999999999998
15395.0	0.019361
15400.0	0.019272
15405.0	0.019087
15410.0	0.018861000000000003
15415.0	0.018650999999999997
15420.0	0.018498
15425.0	0.018418
15430.0	0.018401
15435.0	0.018424
15440.0	0.01846
15445.0	0.018489
15450.0	0.018508
15455.0	0.018522999999999998
15460.0	0.018546
15465.0	0.018587
15470.0	0.018642
15475.0	0.018694
15480.0	0.01872
15485.0	0.018699
15490.0	0.018625
15495.0	0.018498
15500.0	0.018328999999999998
15505.0	0.018223
15510.0	0.018167
15515.0	0.018158
15520.0	0.018189
15525.0	0.018234
15530.0	0.018257
15535.0	0.018251
15540.0	0.018211
15545.0	0.018144
15550.0	0.018066
15555.0	0.017991999999999998
15560.0	0.017934000000000002
15565.0	0.017897999999999997
15570.0	0.017884
15575.0	0.017889
15580.0	0.017907
15585.0	0.017937
15590.0	0.017981999999999998
15595.0	0.018031000000000002
15600.0	0.018072
15605.0	0.018098
15610.0	0.018099
15615.0	0.01807
15620.0	0.018009999999999998
15625.0	0.017925999999999997
15630.0	0.017828999999999998
15635.0	0.017715
15640.0	0.017608000000000002
15645.0	0.017523
15650.0	0.017465
15655.0	0.017452000000000002
15660.0	0.017478
15665.0	0.017480000000000002
15670.0	0.01745
15675.0	0.017381999999999998
15680.0	0.017313
15685.0	0.017238
15690.0	0.017169
15695.0	0.017106
15700.0	0.017034999999999998
15705.0	0.016944999999999998
15710.0	0.016852000000000002
15715.0	0.016773
15720.0	0.016731
15725.0	0.01675
15730.0	0.016848
15735.0	0.017009
15740.0	0.017202000000000002
15745.0	0.017741999999999997
15750.0	0.018084
15755.0	0.017947
15760.0	0.01806
15765.0	0.018019999999999998
15770.0	0.018014
15775.0	0.017814
15780.0	0.017794
15785.0	0.017713999999999997
15790.0	0.017582
15795.0	0.017569
15800.0	0.017394999999999997
15805.0	0.017421000000000002
15810.0	0.017428
15815.0	0.0175
15820.0	0.017581
15825.0	0.017627
15830.0	0.017661000000000003
15835.0	0.017687
15840.0	0.017625
15845.0	0.0175
15850.0	0.017438
15855.0	0.017279
15860.0	0.017106
15865.0	0.017053
15870.0	0.016988999999999997
15875.0	0.016962
15880.0	0.016909
15885.0	0.016866
15890.0	0.016881999999999998
15895.0	0.016815
15900.0	0.01683
15905.0	0.016841
15910.0	0.016907
15915.0	0.016826
15920.0	0.016756999999999998
15925.0	0.016771
15930.0	0.016741
15935.0	0.016749
15940.0	0.016809
15945.0	0.016857
15950.0	0.016962
15955.0	0.01694
15960.0	0.016865
15965.0	0.016804
15970.0	0.016737000000000002
15975.0	0.016707
15980.0	0.016635
15985.0	0.016512
15990.0	0.016569
15995.0	0.016561000000000003
16000.0	0.016483
16005.0	0.016531999999999998
16010.0	0.016562
16015.0	0.016398
16020.0	0.016415
16025.0	0.01648
16030.0	0.016335
16035.0	0.016413
16040.0	0.016377000000000003
16045.0	0.016403
16050.0	0.01645
16055.0	0.016423
16060.0	0.016357
16065.0	0.016297
16070.0	0.016225
16075.0	0.016142
16080.0	0.016079
16085.0	0.015964
16090.0	0.015788999999999997
16095.0	0.015841
16100.0	0.015757
16105.0	0.015606
16110.0	0.015553999999999998
16115.0	0.01555
16120.0	0.015627000000000002
16125.0	0.015791
16130.0	0.01584
16135.0	0.015824
16140.0	0.01581
16145.0	0.015858
16150.0	0.015868
16155.0	0.015831
16160.0	0.015822
16165.0	0.015832
16170.0	0.015788999999999997
16175.0	0.015712
16180.0	0.015709
16185.0	0.015706
16190.0	0.015719999999999998
16195.0	0.015661
16200.0	0.015696
16205.0	0.015785
16210.0	0.015746
16215.0	0.015663
16220.0	0.015650999999999998
16225.0	0.015627000000000002
16230.0	0.015609
16235.0	0.015453999999999999
16240.0	0.015383
16245.0	0.015246000000000001
16250.0	0.015194
16255.0	0.015174000000000002
16260.0	0.015108000000000002
16265.0	0.015147999999999998
16270.0	0.0151
16275.0	0.015111000000000001
16280.0	0.015116
16285.0	0.015175
16290.0	0.015106
16295.0	0.015053
16300.0	0.015113999999999999
16305.0	0.015191999999999999
16310.0	0.015255000000000001
16315.0	0.015293000000000001
16320.0	0.015305000000000001
16325.0	0.015274000000000001
16330.0	0.015274000000000001
16335.0	0.015156000000000001
16340.0	0.015144
16345.0	0.015090000000000001
16350.0	0.015002000000000001
16355.0	0.015072
16360.0	0.015128999999999998
16365.0	0.015113
16370.0	0.015074
16375.0	0.015054
16380.0	0.01505
16385.0	0.014988999999999999
16390.0	0.014889
16395.0	0.014792
16400.0	0.014703
16405.0	0.014619
16410.0	0.014543
16415.0	0.014865999999999999
16420.0	0.014898
16425.0	0.014936000000000001
16430.0	0.014988
16435.0	0.015052000000000001
16440.0	0.015112
16445.0	0.015147999999999998
16450.0	0.015152
16455.0	0.015104
16460.0	0.015013
16465.0	0.014916999999999998
16470.0	0.014828999999999998
16475.0	0.014757
16480.0	0.014707
16485.0	0.014672999999999999
16490.0	0.014657
16495.0	0.014646000000000001
16500.0	0.014636000000000001
16505.0	0.014624000000000002
16510.0	0.014612
16515.0	0.014602
16520.0	0.014599
16525.0	0.014605000000000002
16530.0	0.01462
16535.0	0.014641
16540.0	0.01466
16545.0	0.014669
16550.0	0.014657
16555.0	0.014618
16560.0	0.014555000000000002
16565.0	0.014473
16570.0	0.014385
16575.0	0.014302
16580.0	0.014234
16585.0	0.014188
16590.0	0.014166
16595.0	0.014159999999999999
16600.0	0.014194
16605.0	0.014236000000000002
16610.0	0.014265
16615.0	0.01426
16620.0	0.014209999999999999
16625.0	0.014115
16630.0	0.013987999999999999
16635.0	0.013847
16640.0	0.013715999999999999
16645.0	0.013618
16650.0	0.013566
16655.0	0.013567
16660.0	0.013615
16665.0	0.013692
16670.0	0.01378
16675.0	0.013858
16680.0	0.013906
16685.0	0.013935
16690.0	0.013958000000000002
16695.0	0.013926
16700.0	0.013805000000000001
16705.0	0.013718000000000001
16710.0	0.013678000000000001
16715.0	0.013687999999999999
16720.0	0.013744999999999999
16725.0	0.013834
16730.0	0.013935
16735.0	0.014025999999999999
16740.0	0.014088999999999999
16745.0	0.014112000000000001
16750.0	0.014091999999999999
16755.0	0.014025999999999999
16760.0	0.01395
16765.0	0.013874000000000001
16770.0	0.013803
16775.0	0.013739
16780.0	0.013687999999999999
16785.0	0.013628999999999999
16790.0	0.013525
16795.0	0.013459
16800.0	0.013396000000000002
16805.0	0.013335
16810.0	0.013288
16815.0	0.013266
16820.0	0.013278
16825.0	0.013328
16830.0	0.013412
16835.0	0.013515000000000001
16840.0	0.013616999999999999
16845.0	0.0137
16850.0	0.013730000000000001
16855.0	0.013713
16860.0	0.013678000000000001
16865.0	0.013640000000000001
16870.0	0.013597999999999999
16875.0	0.013559
16880.0	0.013529
16885.0	0.013509
16890.0	0.013500999999999999
16895.0	0.0135
16900.0	0.013494999999999998
16905.0	0.013479
16910.0	0.013444999999999999
16915.0	0.013391
16920.0	0.013321000000000001
16925.0	0.013243000000000001
16930.0	0.013165000000000001
16935.0	0.013103
16940.0	0.013066999999999999
16945.0	0.013059999999999999
16950.0	0.013078999999999999
16955.0	0.013105
16960.0	0.013127000000000002
16965.0	0.013130000000000001
16970.0	0.0131
16975.0	0.013028999999999999
16980.0	0.012918
16985.0	0.012775
16990.0	0.012619
16995.0	0.012471
17000.0	0.012357
17005.0	0.012294
17010.0	0.012293
17015.0	0.012353
17020.0	0.012462
17025.0	0.012598
17030.0	0.012736
17035.0	0.012853999999999999
17040.0	0.012934999999999999
17045.0	0.012971000000000002
17050.0	0.012966
17055.0	0.012929
17060.0	0.012878
17065.0	0.012831
17070.0	0.012803
17075.0	0.012805
17080.0	0.012835
17085.0	0.012879
17090.0	0.012925
17095.0	0.012966
17100.0	0.012993000000000001
17105.0	0.012997
17110.0	0.012977
17115.0	0.012934999999999999
17120.0	0.012877000000000001
17125.0	0.012809000000000001
17130.0	0.012740000000000001
17135.0	0.012681
17140.0	0.012637
17145.0	0.012593
17150.0	0.012551999999999999
17155.0	0.012523000000000001
17160.0	0.01251
17165.0	0.01251
17170.0	0.012523999999999999
17175.0	0.012549
17180.0	0.012584999999999999
17185.0	0.012629000000000001
17190.0	0.012679000000000001
17195.0	0.012729
17200.0	0.012773
17205.0	0.012806
17210.0	0.012824
17215.0	0.012813
17220.0	0.012773
17225.0	0.012711
17230.0	0.012637
17235.0	0.012565
17240.0	0.012505
17245.0	0.012462
17250.0	0.012448
17255.0	0.012461
17260.0	0.012487999999999999
17265.0	0.012525
17270.0	0.012562
17275.0	0.012573
17280.0	0.012551
17285.0	0.012512
17290.0	0.012471
17295.0	0.012435
17300.0	0.012415
17305.0	0.012407
17310.0	0.012404
17315.0	0.012398000000000001
17320.0	0.012381999999999999
17325.0	0.012348999999999999
17330.0	0.012297
17335.0	0.012229
17340.0	0.01215
17345.0	0.012069
17350.0	0.011998
17355.0	0.011945
17360.0	0.011918999999999999
17365.0	0.011921
17370.0	0.011949
17375.0	0.011995
17380.0	0.01206
17385.0	0.012149
17390.0	0.012213
17395.0	0.012256
17400.0	0.012283
17405.0	0.012284999999999999
17410.0	0.012274
17415.0	0.012264
17420.0	0.012195000000000001
17425.0	0.012112999999999999
17430.0	0.012054
17435.0	0.012025
17440.0	0.012029999999999999
17445.0	0.012066
17450.0	0.012121
17455.0	0.012178
17460.0	0.012217
17465.0	0.01222
17470.0	0.012175
17475.0	0.012085
17480.0	0.01196
17485.0	0.011819
17490.0	0.011685
17495.0	0.011578
17500.0	0.011512
17505.0	0.011496
17510.0	0.01153
17515.0	0.011607
17520.0	0.011709
17525.0	0.01182
17530.0	0.011916
17535.0	0.011977
17540.0	0.011989
17545.0	0.011949
17550.0	0.011862000000000001
17555.0	0.01174
17560.0	0.011604000000000001
17565.0	0.011474
17570.0	0.011365
17575.0	0.011290000000000001
17580.0	0.01127
17585.0	0.011289
17590.0	0.011340000000000001
17595.0	0.011417
17600.0	0.011503
17605.0	0.011583
17610.0	0.011645
17615.0	0.011677
17620.0	0.011675
17625.0	0.011636
17630.0	0.011565
17635.0	0.011470000000000001
17640.0	0.011362
17645.0	0.011254
17650.0	0.011159
17655.0	0.011087
17660.0	0.011045999999999999
17665.0	0.011036
17670.0	0.011056
17675.0	0.011099
17680.0	0.011156000000000001
17685.0	0.011216
17690.0	0.011268
17695.0	0.011304
17700.0	0.011318
17705.0	0.011308
17710.0	0.011275
17715.0	0.011227
17720.0	0.011172
17725.0	0.011118000000000001
17730.0	0.011075
17735.0	0.01105
17740.0	0.011040000000000001
17745.0	0.01105
17750.0	0.011076
17755.0	0.011103
17760.0	0.011125
17765.0	0.011136
17770.0	0.011128
17775.0	0.011101999999999999
17780.0	0.011061
17785.0	0.011013
17790.0	0.010967
17795.0	0.010933
17800.0	0.010918
17805.0	0.010926
17810.0	0.010956
17815.0	0.011003
17820.0	0.011059000000000001
17825.0	0.011113
17830.0	0.011155
17835.0	0.011176
17840.0	0.011170999999999999
17845.0	0.01114
17850.0	0.011087
17855.0	0.011027
17860.0	0.010931999999999999
17865.0	0.01083
17870.0	0.010773999999999999
17875.0	0.010757
17880.0	0.010757
17885.0	0.010768000000000002
17890.0	0.010782
17895.0	0.010792
17900.0	0.010793
17905.0	0.010784
17910.0	0.010766
17915.0	0.010742
17920.0	0.01072
17925.0	0.010705
17930.0	0.010703
17935.0	0.010711
17940.0	0.010725
17945.0	0.010738
17950.0	0.010744
17955.0	0.010739
17960.0	0.010721
17965.0	0.010689
17970.0	0.010646
17975.0	0.010596
17980.0	0.010544
17985.0	0.010501
17990.0	0.010481
17995.0	0.010472
18000.0	0.010464
18005.0	0.01045
18010.0	0.010429
18015.0	0.010424
18020.0	0.010438
18025.0	0.010457
18030.0	0.010471
18035.0	0.010477
18040.0	0.010473
18045.0	0.010459999999999999
18050.0	0.010435999999999999
18055.0	0.010403
18060.0	0.010365000000000001
18065.0	0.010326
18070.0	0.01029
18075.0	0.010262
18080.0	0.010244
18085.0	0.010235
18090.0	0.010234
18095.0	0.01024
18100.0	0.010248
18105.0	0.010254000000000001
18110.0	0.010256999999999999
18115.0	0.010253
18120.0	0.010239
18125.0	0.010216
18130.0	0.010185
18135.0	0.010148
18140.0	0.010112000000000001
18145.0	0.01008
18150.0	0.010055
18155.0	0.010039
18160.0	0.010028
18165.0	0.010022
18170.0	0.010018
18175.0	0.010014
18180.0	0.010009
18185.0	0.01
18190.0	0.009986
18195.0	0.009967
18200.0	0.009943
18205.0	0.00992
18210.0	0.0099
18215.0	0.009887
18220.0	0.00988
18225.0	0.009876000000000001
18230.0	0.009875
18235.0	0.009873
18240.0	0.00987
18245.0	0.009865
18250.0	0.009857
18255.0	0.009845
18260.0	0.009828
18265.0	0.009807999999999999
18270.0	0.009783
18275.0	0.009754
18280.0	0.009727
18285.0	0.009703
18290.0	0.009686
18295.0	0.009674
18300.0	0.009665
18305.0	0.009659000000000001
18310.0	0.009651999999999999
18315.0	0.009645
18320.0	0.009637
18325.0	0.009627
18330.0	0.009616
18335.0	0.009604999999999999
18340.0	0.009593
18345.0	0.00958
18350.0	0.009567
18355.0	0.009553
18360.0	0.009535
18365.0	0.009514
18370.0	0.009488
18375.0	0.009457
18380.0	0.009422
18385.0	0.009386
18390.0	0.009355
18395.0	0.009337
18400.0	0.009339
18405.0	0.009362
18410.0	0.009399
18415.0	0.009438
18420.0	0.009470999999999999
18425.0	0.009493000000000001
18430.0	0.009503
18435.0	0.009501
18440.0	0.00949
18445.0	0.009470999999999999
18450.0	0.009444
18455.0	0.009406999999999999
18460.0	0.009361
18465.0	0.009309999999999999
18470.0	0.009258
18475.0	0.009217
18480.0	0.009203
18485.0	0.009222
18490.0	0.009263
18495.0	0.009307
18500.0	0.009337
18505.0	0.00935
18510.0	0.009347
18515.0	0.00933
18520.0	0.009303
18525.0	0.009267000000000001
18530.0	0.009223
18535.0	0.009177
18540.0	0.009131
18545.0	0.009093
18550.0	0.009071
18555.0	0.00907
18560.0	0.009089
18565.0	0.009123000000000001
18570.0	0.00916
18575.0	0.00919
18580.0	0.009207
18585.0	0.009208
18590.0	0.009192
18595.0	0.009161
18600.0	0.00912
18605.0	0.009073999999999999
18610.0	0.00903
18615.0	0.008997
18620.0	0.008979000000000001
18625.0	0.008975
18630.0	0.008983
18635.0	0.008995999999999999
18640.0	0.009009
18645.0	0.009017
18650.0	0.009018
18655.0	0.009009
18660.0	0.008986
18665.0	0.008945
18670.0	0.008881
18675.0	0.008787999999999999
18680.0	0.008661
18685.0	0.008504000000000001
18690.0	0.008342
18695.0	0.008231
18700.0	0.008219
18705.0	0.008315000000000001
18710.0	0.008473999999999999
18715.0	0.008643000000000001
18720.0	0.008789
18725.0	0.008905
18730.0	0.008990999999999999
18735.0	0.009047
18740.0	0.009067
18745.0	0.009044
18750.0	0.008976999999999999
18755.0	0.008883
18760.0	0.008792
18765.0	0.008727
18770.0	0.008695
18775.0	0.008685
18780.0	0.008688
18785.0	0.008697
18790.0	0.008707
18795.0	0.008715
18800.0	0.008722
18805.0	0.008727
18810.0	0.008729
18815.0	0.008726000000000001
18820.0	0.008721
18825.0	0.008711
18830.0	0.008697
18835.0	0.008681999999999999
18840.0	0.008668
18845.0	0.008657
18850.0	0.008648999999999999
18855.0	0.008643000000000001
18860.0	0.008639
18865.0	0.008634000000000001
18870.0	0.00863
18875.0	0.008625
18880.0	0.008619
18885.0	0.008612999999999999
18890.0	0.008606
18895.0	0.008598999999999999
18900.0	0.008593
18905.0	0.008588
18910.0	0.008583
18915.0	0.008579999999999999
18920.0	0.008577
18925.0	0.008572
18930.0	0.008565999999999999
18935.0	0.008559
18940.0	0.00855
18945.0	0.00854
18950.0	0.008528
18955.0	0.008513
18960.0	0.008497
18965.0	0.008476000000000001
18970.0	0.00845
18975.0	0.008417000000000001
18980.0	0.008378
18985.0	0.008334000000000001
18990.0	0.008292
18995.0	0.008256
19000.0	0.008232
19005.0	0.008217
19010.0	0.008209000000000001
19015.0	0.008204000000000001
19020.0	0.0082
19025.0	0.008194
19030.0	0.008187
19035.0	0.008179
19040.0	0.00817
19045.0	0.008161
19050.0	0.008156
19055.0	0.008153
19060.0	0.008154
19065.0	0.008154999999999999
19070.0	0.008156
19075.0	0.008153
19080.0	0.008148
19085.0	0.008140000000000001
19090.0	0.008128
19095.0	0.008114
19100.0	0.008095999999999999
19105.0	0.008076
19110.0	0.008054
19115.0	0.008029999999999999
19120.0	0.008008
19125.0	0.007992
19130.0	0.007988
19135.0	0.007996
19140.0	0.008013
19145.0	0.008034
19150.0	0.008052
19155.0	0.008064
19160.0	0.008072
19165.0	0.008075
19170.0	0.008074
19175.0	0.008071
19180.0	0.008066
19185.0	0.008059
19190.0	0.008051
19195.0	0.008042
19200.0	0.008031
19205.0	0.008019
19210.0	0.008006999999999998
19215.0	0.007996
19220.0	0.007986
19225.0	0.007978
19230.0	0.007972
19235.0	0.007965999999999999
19240.0	0.007961
19245.0	0.007956999999999999
19250.0	0.007951999999999999
19255.0	0.007946
19260.0	0.007939
19265.0	0.00793
19270.0	0.007918000000000001
19275.0	0.007904000000000001
19280.0	0.007886
19285.0	0.007866
19290.0	0.007845999999999999
19295.0	0.007828
19300.0	0.007812999999999999
19305.0	0.007804000000000001
19310.0	0.0077989999999999995
19315.0	0.007798
19320.0	0.0077989999999999995
19325.0	0.007801000000000001
19330.0	0.007804000000000001
19335.0	0.007807
19340.0	0.007808
19345.0	0.0078060000000000004
19350.0	0.007801000000000001
19355.0	0.007792
19360.0	0.007778
19365.0	0.007759
19370.0	0.007737999999999999
19375.0	0.007717
19380.0	0.007697
19385.0	0.007681
19390.0	0.007670999999999999
19395.0	0.007666
19400.0	0.007668
19405.0	0.007673999999999999
19410.0	0.007684999999999999
19415.0	0.007697
19420.0	0.00771
19425.0	0.00772
19430.0	0.007725
19435.0	0.007723999999999999
19440.0	0.0077150000000000005
19445.0	0.007698999999999999
19450.0	0.007677
19455.0	0.007651000000000001
19460.0	0.0076230000000000004
19465.0	0.007597
19470.0	0.007575
19475.0	0.0075569999999999995
19480.0	0.007546
19485.0	0.007539
19490.0	0.007534999999999999
19495.0	0.007542
19500.0	0.0075450000000000005
19505.0	0.007513
19510.0	0.0075959999999999995
19515.0	0.0078
19520.0	0.007845
19525.0	0.007790000000000001
19530.0	0.007764
19535.0	0.0077280000000000005
19540.0	0.007672
19545.0	0.007606999999999999
19550.0	0.007534999999999999
19555.0	0.007461
19560.0	0.007398999999999999
19565.0	0.0073560000000000006
19570.0	0.00734
19575.0	0.007347
19580.0	0.007370999999999999
19585.0	0.007404000000000001
19590.0	0.007437
19595.0	0.0074670000000000005
19600.0	0.007490000000000001
19605.0	0.0075060000000000005
19610.0	0.007513
19615.0	0.007511
19620.0	0.007503
19625.0	0.0074849999999999995
19630.0	0.007458
19635.0	0.007426
19640.0	0.007393
19645.0	0.007359
19650.0	0.00733
19655.0	0.007306999999999999
19660.0	0.007291
19665.0	0.007281
19670.0	0.007273999999999999
19675.0	0.00727
19680.0	0.007272
19685.0	0.0072840000000000005
19690.0	0.007305
19695.0	0.007334
19700.0	0.007369
19705.0	0.0074069999999999995
19710.0	0.007445
19715.0	0.007479
19720.0	0.0075049999999999995
19725.0	0.007520999999999999
19730.0	0.007525
19735.0	0.007517
19740.0	0.0075
19745.0	0.007476000000000001
19750.0	0.007449
19755.0	0.007423000000000001
19760.0	0.007397
19765.0	0.007375
19770.0	0.0073549999999999996
19775.0	0.007339
19780.0	0.007325
19785.0	0.007315
19790.0	0.007305
19795.0	0.007297
19800.0	0.007287
19805.0	0.007273999999999999
19810.0	0.007259000000000001
19815.0	0.007241
19820.0	0.007220999999999999
19825.0	0.007201000000000001
19830.0	0.007181
19835.0	0.007165
19840.0	0.007154000000000001
19845.0	0.007148999999999999
19850.0	0.007148000000000001
19855.0	0.007154000000000001
19860.0	0.007166
19865.0	0.007183
19870.0	0.007204
19875.0	0.007227
19880.0	0.007247
19885.0	0.007262
19890.0	0.00727
19895.0	0.007268999999999999
19900.0	0.007259999999999999
19905.0	0.007244
19910.0	0.007223
19915.0	0.0072
19920.0	0.007176999999999999
19925.0	0.007155
19930.0	0.007137999999999999
19935.0	0.007123
19940.0	0.007109999999999999
19945.0	0.007098999999999999
19950.0	0.007090000000000001
19955.0	0.007081999999999999
19960.0	0.007079
19965.0	0.0070799999999999995
19970.0	0.0070810000000000005
19975.0	0.007079
19980.0	0.00707
19985.0	0.007054
19990.0	0.007031
19995.0	0.0070030000000000005
20000.0	0.0069689999999999995
20005.0	0.006934
20010.0	0.0069
20015.0	0.006874
20020.0	0.006862999999999999
20025.0	0.006876
20030.0	0.006917
20035.0	0.006979000000000001
20040.0	0.00705
20045.0	0.007114
20050.0	0.007151
20055.0	0.007154000000000001
20060.0	0.0071400000000000005
20065.0	0.007114
20070.0	0.007078
20075.0	0.007037999999999999
20080.0	0.006998999999999999
20085.0	0.006962
20090.0	0.0069310000000000005
20095.0	0.006906
20100.0	0.006889
20105.0	0.006881
20110.0	0.006886
20115.0	0.006901000000000001
20120.0	0.006922
20125.0	0.006947
20130.0	0.006967
20135.0	0.006978
20140.0	0.006976
20145.0	0.006958
20150.0	0.006926000000000001
20155.0	0.006884
20160.0	0.006836
20165.0	0.006786
20170.0	0.006739
20175.0	0.006698000000000001
20180.0	0.006666
20185.0	0.0066430000000000005
20190.0	0.006629
20195.0	0.006625
20200.0	0.006626999999999999
20205.0	0.006634999999999999
20210.0	0.006645
20215.0	0.0066549999999999995
20220.0	0.006665000000000001
20225.0	0.006673
20230.0	0.006679999999999999
20235.0	0.006683
20240.0	0.006681
20245.0	0.006677
20250.0	0.006675
20255.0	0.006677
20260.0	0.006682
20265.0	0.006691
20270.0	0.006703
20275.0	0.006717
20280.0	0.006731
20285.0	0.006743000000000001
20290.0	0.006751999999999999
20295.0	0.006758
20300.0	0.006759
20305.0	0.006756999999999999
20310.0	0.00675
20315.0	0.006741
20320.0	0.00673
20325.0	0.006718000000000001
20330.0	0.006706
20335.0	0.006693999999999999
20340.0	0.006683
20345.0	0.006670999999999999
20350.0	0.006659999999999999
20355.0	0.006648
20360.0	0.006634
20365.0	0.0066159999999999995
20370.0	0.006594
20375.0	0.006567
20380.0	0.006534999999999999
20385.0	0.006499
20390.0	0.006462000000000001
20395.0	0.006425
20400.0	0.006391
20405.0	0.006363000000000001
20410.0	0.006343
20415.0	0.006332
20420.0	0.006332
20425.0	0.006342
20430.0	0.00636
20435.0	0.006385
20440.0	0.0064150000000000006
20445.0	0.006445
20450.0	0.0064719999999999995
20455.0	0.006494
20460.0	0.006509
20465.0	0.006514
20470.0	0.006509999999999999
20475.0	0.006495999999999999
20480.0	0.0064730000000000005
20485.0	0.006443000000000001
20490.0	0.006409000000000001
20495.0	0.006372999999999999
20500.0	0.006339
20505.0	0.006311
20510.0	0.006289
20515.0	0.0062770000000000005
20520.0	0.006274
20525.0	0.00628
20530.0	0.00629
20535.0	0.0063030000000000004
20540.0	0.006314
20545.0	0.006319
20550.0	0.0063159999999999996
20555.0	0.0063030000000000004
20560.0	0.006281
20565.0	0.006252000000000001
20570.0	0.006221
20575.0	0.006189
20580.0	0.006162
20585.0	0.006141
20590.0	0.006128
20595.0	0.006124
20600.0	0.006128
20605.0	0.00614
20610.0	0.006157
20615.0	0.006179
20620.0	0.006201
20625.0	0.006221
20630.0	0.006236
20635.0	0.0062439999999999996
20640.0	0.006243
20645.0	0.006229999999999999
20650.0	0.006208
20655.0	0.006177
20660.0	0.006141
20665.0	0.006104
20670.0	0.00607
20675.0	0.006043
20680.0	0.006026
20685.0	0.006019
20690.0	0.006024
20695.0	0.006038
20700.0	0.006059
20705.0	0.006086
20710.0	0.006113
20715.0	0.00614
20720.0	0.006163
20725.0	0.006175
20730.0	0.006177
20735.0	0.00617
20740.0	0.0061530000000000005
20745.0	0.006128
20750.0	0.006097
20755.0	0.006064
20760.0	0.006032
20765.0	0.0060030000000000005
20770.0	0.00598
20775.0	0.005965
20780.0	0.005958
20785.0	0.005958
20790.0	0.005964
20795.0	0.005975
20800.0	0.005989
20805.0	0.006002
20810.0	0.006014
20815.0	0.006021
20820.0	0.006023
20825.0	0.006017
20830.0	0.006004
20835.0	0.005985
20840.0	0.00596
20845.0	0.005932
20850.0	0.005903
20855.0	0.005876
20860.0	0.005853
20865.0	0.005836
20870.0	0.005825
20875.0	0.005821
20880.0	0.005824
20885.0	0.005832
20890.0	0.005845
20895.0	0.0058590000000000005
20900.0	0.005874
20905.0	0.005886
20910.0	0.005895
20915.0	0.0058969999999999995
20920.0	0.005894
20925.0	0.005883
20930.0	0.0058649999999999996
20935.0	0.005842
20940.0	0.005814
20945.0	0.005784
20950.0	0.005752
20955.0	0.005721
20960.0	0.005693999999999999
20965.0	0.0056700000000000006
20970.0	0.005651
20975.0	0.005637
20980.0	0.005629
20985.0	0.005626
20990.0	0.005629
20995.0	0.0056359999999999995
21000.0	0.005647999999999999
21005.0	0.0056619999999999995
21010.0	0.005679
21015.0	0.005697
21020.0	0.005715
21025.0	0.005732
21030.0	0.005748
21035.0	0.005761
21040.0	0.005771
21045.0	0.005777
21050.0	0.005779
21055.0	0.005776
21060.0	0.005768
21065.0	0.005754
21070.0	0.0057350000000000005
21075.0	0.005711
21080.0	0.005683
21085.0	0.005651
21090.0	0.0056170000000000005
21095.0	0.005582999999999999
21100.0	0.00555
21105.0	0.005519
21110.0	0.005490999999999999
21115.0	0.005469
21120.0	0.005452
21125.0	0.005442
21130.0	0.005438
21135.0	0.005441
21140.0	0.00545
21145.0	0.005464
21150.0	0.005482
21155.0	0.005502
21160.0	0.005522999999999999
21165.0	0.0055450000000000004
21170.0	0.005564
21175.0	0.005581
21180.0	0.005594
21185.0	0.005602
21190.0	0.005607
21195.0	0.005609
21200.0	0.005605
21205.0	0.005598
21210.0	0.0055899999999999995
21215.0	0.00558
21220.0	0.00557
21225.0	0.005558
21230.0	0.005547
21235.0	0.005534000000000001
21240.0	0.005522
21245.0	0.005508
21250.0	0.005494
21255.0	0.0054789999999999995
21260.0	0.005462
21265.0	0.005444
21270.0	0.005424
21275.0	0.005404
21280.0	0.005391
21285.0	0.005383
21290.0	0.005377000000000001
21295.0	0.005374
21300.0	0.005375
21305.0	0.005379
21310.0	0.005386
21315.0	0.005397
21320.0	0.00541
21325.0	0.005425
21330.0	0.005439
21335.0	0.005452
21340.0	0.005461
21345.0	0.0054659999999999995
21350.0	0.0054659999999999995
21355.0	0.005459
21360.0	0.005446
21365.0	0.0054280000000000005
21370.0	0.005406
21375.0	0.005382
21380.0	0.005357
21385.0	0.005334
21390.0	0.005314
21395.0	0.0053
21400.0	0.005293
21405.0	0.005292
21410.0	0.005299
21415.0	0.005313
21420.0	0.005332
21425.0	0.0053549999999999995
21430.0	0.005379999999999999
21435.0	0.005405
21440.0	0.005425999999999999
21445.0	0.005438
21450.0	0.005442
21455.0	0.005438
21460.0	0.005424
21465.0	0.0054020000000000006
21470.0	0.005372999999999999
21475.0	0.005338
21480.0	0.005302
21485.0	0.005265
21490.0	0.005232
21495.0	0.005204
21500.0	0.005184
21505.0	0.0051719999999999995
21510.0	0.00517
21515.0	0.005177
21520.0	0.0051909999999999994
21525.0	0.00521
21530.0	0.005233
21535.0	0.005255
21540.0	0.005274
21545.0	0.005288
21550.0	0.005294
21555.0	0.005292
21560.0	0.0052829999999999995
21565.0	0.005267
21570.0	0.0052439999999999995
21575.0	0.005215
21580.0	0.005187
21585.0	0.005162
21590.0	0.005137
21595.0	0.005106
21600.0	0.005072
21605.0	0.005037
21610.0	0.0050030000000000005
21615.0	0.004972
21620.0	0.004944
21625.0	0.004922
21630.0	0.004905
21635.0	0.004894
21640.0	0.004886
21645.0	0.004881
21650.0	0.004879
21655.0	0.004879
21660.0	0.004879
21665.0	0.004881
21670.0	0.004884
21675.0	0.004888
21680.0	0.004894
21685.0	0.004902
21690.0	0.004914
21695.0	0.0049310000000000005
21700.0	0.004952000000000001
21705.0	0.0049689999999999995
21710.0	0.004983
21715.0	0.004999
21720.0	0.005013
21725.0	0.005023
21730.0	0.005032
21735.0	0.0050409999999999995
21740.0	0.005051
21745.0	0.005058
21750.0	0.005062
21755.0	0.005063000000000001
21760.0	0.005059
21765.0	0.005051
21770.0	0.00504
21775.0	0.005025
21780.0	0.005009
21785.0	0.004992
21790.0	0.0049759999999999995
21795.0	0.004961
21800.0	0.00495
21805.0	0.004941
21810.0	0.004936
21815.0	0.004933
21820.0	0.004934
21825.0	0.004936
21830.0	0.004941
21835.0	0.004946
21840.0	0.00495
21845.0	0.004952000000000001
21850.0	0.004952000000000001
21855.0	0.00495
21860.0	0.004944
21865.0	0.004936
21870.0	0.004925
21875.0	0.004912
21880.0	0.004899000000000001
21885.0	0.0048850000000000005
21890.0	0.004873
21895.0	0.004861
21900.0	0.004852
21905.0	0.0048460000000000005
21910.0	0.004842
21915.0	0.00484
21920.0	0.004841
21925.0	0.004843
21930.0	0.004847
21935.0	0.004850999999999999
21940.0	0.004855
21945.0	0.004857
21950.0	0.0048579999999999995
21955.0	0.004857
21960.0	0.0048530000000000005
21965.0	0.004845
21970.0	0.004834000000000001
21975.0	0.0048189999999999995
21980.0	0.004804
21985.0	0.004790999999999999
21990.0	0.0047799999999999995
21995.0	0.004771
22000.0	0.004764
22005.0	0.004759
22010.0	0.004755
22015.0	0.004753
22020.0	0.004752
22025.0	0.004751
22030.0	0.004752
22035.0	0.004753
22040.0	0.004755
22045.0	0.004757
22050.0	0.004759
22055.0	0.004761
22060.0	0.004762
22065.0	0.004764
22070.0	0.004767
22075.0	0.004771
22080.0	0.0047740000000000005
22085.0	0.004777
22090.0	0.004778
22095.0	0.004778
22100.0	0.004777
22105.0	0.0047740000000000005
22110.0	0.00477
22115.0	0.004765
22120.0	0.004758
22125.0	0.00475
22130.0	0.00474
22135.0	0.004729
22140.0	0.004718
22145.0	0.004706
22150.0	0.004693
22155.0	0.004681
22160.0	0.004668
22165.0	0.004654999999999999
22170.0	0.0046429999999999996
22175.0	0.004631000000000001
22180.0	0.00462
22185.0	0.00461
22190.0	0.004601
22195.0	0.004593
22200.0	0.004586
22205.0	0.00458
22210.0	0.004577
22215.0	0.004576
22220.0	0.004576
22225.0	0.0045780000000000005
22230.0	0.004582
22235.0	0.004589
22240.0	0.0045969999999999995
22245.0	0.004606
22250.0	0.0046170000000000004
22255.0	0.004627
22260.0	0.004637
22265.0	0.004646
22270.0	0.004653
22275.0	0.004657
22280.0	0.004658
22285.0	0.004656
22290.0	0.00465
22295.0	0.004640999999999999
22300.0	0.004629
22305.0	0.004613
22310.0	0.004595
22315.0	0.004576
22320.0	0.004557
22325.0	0.004538
22330.0	0.004520000000000001
22335.0	0.004504
22340.0	0.004490999999999999
22345.0	0.004481000000000001
22350.0	0.004475
22355.0	0.0044729999999999995
22360.0	0.0044729999999999995
22365.0	0.004477
22370.0	0.004482
22375.0	0.004489
22380.0	0.004496
22385.0	0.004503
22390.0	0.004509
22395.0	0.004514
22400.0	0.004517
22405.0	0.004518
22410.0	0.004517
22415.0	0.004515
22420.0	0.0045119999999999995
22425.0	0.004508
22430.0	0.004503
22435.0	0.004499
22440.0	0.004496
22445.0	0.004493
22450.0	0.004490999999999999
22455.0	0.004490999999999999
22460.0	0.004490999999999999
22465.0	0.004490999999999999
22470.0	0.004492
22475.0	0.004492
22480.0	0.00449
22485.0	0.004487
22490.0	0.004482
22495.0	0.004475
22500.0	0.004465
22505.0	0.004454
22510.0	0.0044399999999999995
22515.0	0.004424
22520.0	0.004408
22525.0	0.004391
22530.0	0.004374
22535.0	0.004359
22540.0	0.004345
22545.0	0.004334
22550.0	0.004325
22555.0	0.00432
22560.0	0.0043170000000000005
22565.0	0.0043170000000000005
22570.0	0.004318
22575.0	0.0043219999999999995
22580.0	0.004326
22585.0	0.004331000000000001
22590.0	0.004336
22595.0	0.00434
22600.0	0.004344
22605.0	0.004347
22610.0	0.0043490000000000004
22615.0	0.00435
22620.0	0.00435
22625.0	0.00435
22630.0	0.00435
22635.0	0.0043490000000000004
22640.0	0.0043490000000000004
22645.0	0.0043490000000000004
22650.0	0.0043490000000000004
22655.0	0.0043490000000000004
22660.0	0.0043490000000000004
22665.0	0.0043479999999999994
22670.0	0.004347
22675.0	0.004344
22680.0	0.00434
22685.0	0.004334
22690.0	0.004325
22695.0	0.004315
22700.0	0.004302
22705.0	0.004288
22710.0	0.004273
22715.0	0.004257
22720.0	0.004242
22725.0	0.004227000000000001
22730.0	0.004215
22735.0	0.0042049999999999995
22740.0	0.004197
22745.0	0.004190999999999999
22750.0	0.00419
22755.0	0.004192
22760.0	0.004197
22765.0	0.004203
22770.0	0.00421
22775.0	0.004217
22780.0	0.004224
22785.0	0.004229999999999999
22790.0	0.004234
22795.0	0.004235
22800.0	0.004233
22805.0	0.004228
22810.0	0.004220000000000001
22815.0	0.00421
22820.0	0.004197
22825.0	0.004183
22830.0	0.004169
22835.0	0.004155
22840.0	0.004143
22845.0	0.004132
22850.0	0.004124
22855.0	0.004118
22860.0	0.004116
22865.0	0.004116
22870.0	0.004118999999999999
22875.0	0.004124
22880.0	0.004129
22885.0	0.004136
22890.0	0.004142
22895.0	0.004147
22900.0	0.004151
22905.0	0.0041530000000000004
22910.0	0.0041530000000000004
22915.0	0.004152
22920.0	0.004148
22925.0	0.004142
22930.0	0.004136
22935.0	0.004128
22940.0	0.00412
22945.0	0.004111999999999999
22950.0	0.004105
22955.0	0.004099
22960.0	0.0040950000000000005
22965.0	0.004091
22970.0	0.004089
22975.0	0.0040880000000000005
22980.0	0.0040880000000000005
22985.0	0.0040869999999999995
22990.0	0.0040869999999999995
22995.0	0.004085
23000.0	0.004083
23005.0	0.004079
23010.0	0.004072999999999999
23015.0	0.004065999999999999
23020.0	0.004057
23025.0	0.004046
23030.0	0.004035
23035.0	0.004023
23040.0	0.004012
23045.0	0.004001
23050.0	0.003991
23055.0	0.003982
23060.0	0.0039759999999999995
23065.0	0.003971
23070.0	0.003968
23075.0	0.003967
23080.0	0.003967
23085.0	0.003968
23090.0	0.003968
23095.0	0.0039689999999999994
23100.0	0.003968
23105.0	0.003966
23110.0	0.003963
23115.0	0.003959000000000001
23120.0	0.003952000000000001
23125.0	0.003944
23130.0	0.003935
23135.0	0.003925
23140.0	0.003915
23145.0	0.003906
23150.0	0.0038979999999999996
23155.0	0.003892
23160.0	0.0038880000000000004
23165.0	0.003886
23170.0	0.0038880000000000004
23175.0	0.003892
23180.0	0.0038979999999999996
23185.0	0.003906
23190.0	0.003915
23195.0	0.003924
23200.0	0.003933
23205.0	0.00394
23210.0	0.003946
23215.0	0.003951
23220.0	0.003952000000000001
23225.0	0.003952000000000001
23230.0	0.003949
23235.0	0.003944
23240.0	0.0039369999999999995
23245.0	0.003928
23250.0	0.003919
23255.0	0.003909
23260.0	0.003899
23265.0	0.003889
23270.0	0.0038810000000000003
23275.0	0.0038740000000000003
23280.0	0.003868
23285.0	0.0038640000000000002
23290.0	0.0038619999999999995
23295.0	0.003861
23300.0	0.003861
23305.0	0.0038619999999999995
23310.0	0.0038619999999999995
23315.0	0.003863
23320.0	0.0038640000000000002
23325.0	0.0038619999999999995
23330.0	0.0038590000000000005
23335.0	0.003855
23340.0	0.003849
23345.0	0.0038420000000000004
23350.0	0.003833
23355.0	0.0038229999999999996
23360.0	0.0038130000000000004
23365.0	0.0038020000000000003
23370.0	0.0037920000000000002
23375.0	0.003783
23380.0	0.003774
23385.0	0.003768
23390.0	0.0037630000000000003
23395.0	0.0037600000000000003
23400.0	0.0037579999999999996
23405.0	0.0037579999999999996
23410.0	0.003759
23415.0	0.003761
23420.0	0.0037630000000000003
23425.0	0.003766
23430.0	0.0037670000000000004
23435.0	0.0037689999999999998
23440.0	0.0037689999999999998
23445.0	0.003768
23450.0	0.0037649999999999997
23455.0	0.003761
23460.0	0.0037549999999999997
23465.0	0.003749
23470.0	0.0037409999999999995
23475.0	0.0037340000000000003
23480.0	0.0037259999999999997
23485.0	0.003718
23490.0	0.0037119999999999996
23495.0	0.003706
23500.0	0.0037020000000000004
23505.0	0.003699
23510.0	0.003698
23515.0	0.003698
23520.0	0.0037
23525.0	0.003703
23530.0	0.003708
23535.0	0.0037119999999999996
23540.0	0.003718
23545.0	0.0037229999999999997
23550.0	0.003728
23555.0	0.003732
23560.0	0.003735
23565.0	0.003737
23570.0	0.003737
23575.0	0.003735
23580.0	0.003732
23585.0	0.0037270000000000003
23590.0	0.003721
23595.0	0.003714
23600.0	0.0037049999999999995
23605.0	0.003696
23610.0	0.0036869999999999997
23615.0	0.003677
23620.0	0.003667
23625.0	0.003658
23630.0	0.00365
23635.0	0.003643
23640.0	0.0036369999999999996
23645.0	0.003632
23650.0	0.003629
23655.0	0.0036270000000000004
23660.0	0.0036270000000000004
23665.0	0.003629
23670.0	0.003633
23675.0	0.003639
23680.0	0.003646
23685.0	0.003654
23690.0	0.0036630000000000005
23695.0	0.003672
23700.0	0.0036810000000000002
23705.0	0.0036899999999999997
23710.0	0.003696
23715.0	0.003701
23720.0	0.003703
23725.0	0.0037020000000000004
23730.0	0.003698
23735.0	0.0036899999999999997
23740.0	0.0036799999999999997
23745.0	0.003667
23750.0	0.0036520000000000003
23755.0	0.003635
23760.0	0.003617
23765.0	0.003599
23770.0	0.0035810000000000004
23775.0	0.003564
23780.0	0.0035479999999999995
23785.0	0.0035340000000000002
23790.0	0.0035210000000000003
23795.0	0.003512
23800.0	0.003505
23805.0	0.0035
23810.0	0.0034990000000000004
23815.0	0.0035
23820.0	0.003503
23825.0	0.003507
23830.0	0.003513
23835.0	0.00352
23840.0	0.0035259999999999996
23845.0	0.003532
23850.0	0.0035369999999999998
23855.0	0.0035399999999999997
23860.0	0.0035409999999999994
23865.0	0.0035399999999999997
23870.0	0.0035369999999999998
23875.0	0.0035310000000000003
23880.0	0.0035229999999999997
23885.0	0.003513
23890.0	0.0035020000000000003
23895.0	0.0034909999999999997
23900.0	0.003479
23905.0	0.003467
23910.0	0.003457
23915.0	0.003447
23920.0	0.003439
23925.0	0.003433
23930.0	0.00343
23935.0	0.00343
23940.0	0.003431
23945.0	0.0034340000000000004
23950.0	0.003439
23955.0	0.0034439999999999996
23960.0	0.0034509999999999996
23965.0	0.003457
23970.0	0.0034630000000000004
23975.0	0.003469
23980.0	0.003474
23985.0	0.0034770000000000005
23990.0	0.0034799999999999996
23995.0	0.0034799999999999996
24000.0	0.0034799999999999996
24005.0	0.003478
24010.0	0.003475
24015.0	0.003471
24020.0	0.003467
24025.0	0.0034630000000000004
24030.0	0.0034590000000000003
24035.0	0.0034549999999999997
24040.0	0.003452
24045.0	0.0034490000000000002
24050.0	0.003447
24055.0	0.0034460000000000003
24060.0	0.0034460000000000003
24065.0	0.0034460000000000003
24070.0	0.0034460000000000003
24075.0	0.0034460000000000003
24080.0	0.0034460000000000003
24085.0	0.003445
24090.0	0.003443
24095.0	0.00344
24100.0	0.003435
24105.0	0.0034289999999999998
24110.0	0.003421
24115.0	0.003411
24120.0	0.0034
24125.0	0.0033880000000000004
24130.0	0.003375
24135.0	0.003361
24140.0	0.0033469999999999997
24145.0	0.003334
24150.0	0.003321
24155.0	0.0033090000000000003
24160.0	0.0032990000000000003
24165.0	0.0032909999999999997
24170.0	0.003286
24175.0	0.003282
24180.0	0.003281
24185.0	0.003282
24190.0	0.003286
24195.0	0.0032909999999999997
24200.0	0.003297
24205.0	0.003304
24210.0	0.003312
24215.0	0.0033200000000000005
24220.0	0.003327
24225.0	0.003334
24230.0	0.0033399999999999997
24235.0	0.0033450000000000003
24240.0	0.003348
24245.0	0.0033490000000000004
24250.0	0.003348
24255.0	0.0033469999999999997
24260.0	0.0033450000000000003
24265.0	0.0033420000000000004
24270.0	0.0033369999999999997
24275.0	0.003332
24280.0	0.003326
24285.0	0.0033200000000000005
24290.0	0.003314
24295.0	0.003307
24300.0	0.0033
24305.0	0.0032939999999999996
24310.0	0.0032869999999999996
24315.0	0.003281
24320.0	0.003275
24325.0	0.0032689999999999998
24330.0	0.003264
24335.0	0.003259
24340.0	0.0032549999999999996
24345.0	0.003251
24350.0	0.003247
24355.0	0.003244
24360.0	0.003242
24365.0	0.00324
24370.0	0.0032380000000000004
24375.0	0.0032359999999999997
24380.0	0.003235
24385.0	0.0032340000000000003
24390.0	0.0032329999999999998
24395.0	0.0032329999999999998
24400.0	0.0032329999999999998
24405.0	0.0032329999999999998
24410.0	0.0032329999999999998
24415.0	0.0032329999999999998
24420.0	0.0032329999999999998
24425.0	0.003232
24430.0	0.0032310000000000004
24435.0	0.00323
24440.0	0.003228
24445.0	0.0032259999999999997
24450.0	0.003222
24455.0	0.003218
24460.0	0.003214
24465.0	0.003208
24470.0	0.0032020000000000004
24475.0	0.003196
24480.0	0.0031899999999999997
24485.0	0.0031829999999999996
24490.0	0.003177
24495.0	0.003172
24500.0	0.003167
24505.0	0.003163
24510.0	0.00316
24515.0	0.0031579999999999998
24520.0	0.003157
24525.0	0.003157
24530.0	0.003157
24535.0	0.003159
24540.0	0.0031609999999999997
24545.0	0.003163
24550.0	0.003166
24555.0	0.003168
24560.0	0.00317
24565.0	0.003172
24570.0	0.003173
24575.0	0.003172
24580.0	0.003172
24585.0	0.00317
24590.0	0.003167
24595.0	0.003163
24600.0	0.0031579999999999998
24605.0	0.003153
24610.0	0.003147
24615.0	0.003141
24620.0	0.003134
24625.0	0.003128
24630.0	0.003123
24635.0	0.003118
24640.0	0.003113
24645.0	0.0031100000000000004
24650.0	0.003107
24655.0	0.003106
24660.0	0.003105
24665.0	0.003105
24670.0	0.003106
24675.0	0.0031079999999999997
24680.0	0.0031100000000000004
24685.0	0.003113
24690.0	0.0031149999999999997
24695.0	0.003118
24700.0	0.00312
24705.0	0.0031219999999999998
24710.0	0.003123
24715.0	0.003123
24720.0	0.003123
24725.0	0.0031219999999999998
24730.0	0.00312
24735.0	0.003118
24740.0	0.003116
24745.0	0.003113
24750.0	0.003111
24755.0	0.003109
24760.0	0.003107
24765.0	0.003106
24770.0	0.003105
24775.0	0.003106
24780.0	0.003106
24785.0	0.0031079999999999997
24790.0	0.0031100000000000004
24795.0	0.003112
24800.0	0.003114
24805.0	0.003117
24810.0	0.00312
24815.0	0.0031219999999999998
24820.0	0.003123
24825.0	0.003124
24830.0	0.003124
24835.0	0.003123
24840.0	0.003121
24845.0	0.003118
24850.0	0.003114
24855.0	0.003109
24860.0	0.003102
24865.0	0.0030960000000000002
24870.0	0.003089
24875.0	0.003081
24880.0	0.003074
24885.0	0.0030670000000000003
24890.0	0.003061
24895.0	0.003057
24900.0	0.003055
24905.0	0.003053
24910.0	0.003053
24915.0	0.003054
24920.0	0.0030559999999999997
24925.0	0.0030600000000000002
24930.0	0.0030629999999999998
24935.0	0.003068
24940.0	0.003073
24945.0	0.003078
24950.0	0.0030800000000000003
24955.0	0.003078
24960.0	0.0030789999999999997
24965.0	0.003091
24970.0	0.0031030000000000003
24975.0	0.0030789999999999997
24980.0	0.002989
24985.0	0.002827
24990.0	0.0
24995.0	0.0
25000.0	0.0
