3200.0	10040.0	342.93
3201.0	10015.0	342.29
3202.0	10009.0	342.29
3203.0	10021.0	342.93
3204.0	10024.0	343.24
3205.0	9990.0	342.29
3206.0	9983.7	342.29
3207.0	9995.9	342.93
3208.0	9998.9	343.24
3209.0	10057.0	345.46
3210.0	10116.0	347.7
3211.0	10175.0	349.95
3212.0	10216.0	351.56
3213.0	10247.0	352.86
3214.0	10241.0	352.86
3215.0	10234.0	352.86
3216.0	10237.0	353.18
3217.0	10250.0	353.83
3218.0	10262.0	354.49
3219.0	10284.0	355.47
3220.0	10316.0	356.78
3221.0	10329.0	357.44
3222.0	10351.0	358.43
3223.0	10363.0	359.09
3224.0	10386.0	360.08
3225.0	10398.0	360.74
3226.0	10430.0	362.08
3227.0	10453.0	363.08
3228.0	10465.0	363.75
3229.0	10488.0	364.75
3230.0	10481.0	364.75
3231.0	10456.0	364.08
3232.0	10420.0	363.08
3233.0	10395.0	362.41
3234.0	10360.0	361.41
3235.0	10315.0	360.08
3236.0	10261.0	358.43
3237.0	10189.0	356.12
3238.0	10136.0	354.49
3239.0	10065.0	352.21
3240.0	9993.8	349.95
3241.0	9905.2	347.06
3242.0	9826.4	344.51
3243.0	9784.2	343.24
3244.0	9751.2	342.29
3245.0	9709.4	341.04
3246.0	9658.8	339.47
3247.0	9626.2	338.53
3248.0	9602.6	337.91
3249.0	9561.4	336.67
3250.0	9511.6	335.12
3251.0	9462.1	333.58
3252.0	9438.9	332.97
3253.0	9407.0	332.05
3254.0	9401.2	332.05
3255.0	9378.2	331.44
3256.0	9346.6	330.52
3257.0	9306.5	329.31
3258.0	9275.1	328.4
3259.0	9235.3	327.19
3260.0	9229.6	327.19
3261.0	9207.0	326.59
3262.0	9192.9	326.29
3263.0	9187.3	326.29
3264.0	9181.6	326.29
3265.0	9159.1	325.69
3266.0	9153.5	325.69
3267.0	9147.9	325.69
3268.0	9159.2	326.29
3269.0	9153.6	326.29
3270.0	9131.1	325.69
3271.0	9125.5	325.69
3272.0	9119.9	325.69
3273.0	9114.4	325.69
3274.0	9108.8	325.69
3275.0	9086.5	325.09
3276.0	9081.0	325.09
3277.0	9050.4	324.19
3278.0	9011.6	323.0
3279.0	8981.3	322.11
3280.0	8959.2	321.51
3281.0	8953.8	321.51
3282.0	8964.9	322.11
3283.0	8975.9	322.7
3284.0	8995.3	323.59
3285.0	8989.8	323.59
3286.0	8967.8	323.0
3287.0	8954.1	322.7
3288.0	8915.7	321.51
3289.0	8885.7	320.63
3290.0	8831.4	318.86
3291.0	8785.4	317.39
3292.0	8755.9	316.52
3293.0	8718.4	315.36
3294.0	8697.1	314.77
3295.0	8683.8	314.48
3296.0	8678.5	314.48
3297.0	8673.2	314.48
3298.0	8668.0	314.48
3299.0	8670.7	314.77
3300.0	8681.5	315.36
3301.0	8676.2	315.36
3302.0	8671.0	315.36
3303.0	8649.7	314.77
3304.0	8636.5	314.48
3305.0	8615.4	313.91
3306.0	8586.5	313.04
3307.0	8549.7	311.89
3308.0	8528.8	311.32
3309.0	8515.8	311.03
3310.0	8495.0	310.46
3311.0	8489.9	310.46
3312.0	8484.8	310.46
3313.0	8479.6	310.46
3314.0	8474.5	310.46
3315.0	8485.0	311.03
3316.0	8487.7	311.32
3317.0	8498.3	311.89
3318.0	8524.5	313.04
3319.0	8519.3	313.04
3320.0	8498.5	312.46
3321.0	8477.8	311.89
3322.0	8449.3	311.03
3323.0	8413.2	309.88
3324.0	8384.9	309.03
3325.0	8379.9	309.03
3326.0	8374.8	309.03
3327.0	8369.8	309.03
3328.0	8403.4	310.46
3329.0	8421.6	311.32
3330.0	8432.0	311.89
3331.0	8458.1	313.04
3332.0	8453.0	313.04
3333.0	8432.4	312.46
3334.0	8427.3	312.46
3335.0	8422.2	312.46
3336.0	8417.2	312.46
3337.0	8412.1	312.46
3338.0	8430.4	313.33
3339.0	8417.6	313.04
3340.0	8412.6	313.04
3341.0	8376.6	311.89
3342.0	8356.2	311.32
3343.0	8351.2	311.32
3344.0	8346.2	311.32
3345.0	8356.6	311.89
3346.0	8351.6	311.89
3347.0	8362.0	312.46
3348.0	8380.1	313.33
3349.0	8390.5	313.91
3350.0	8385.5	313.91
3351.0	8365.1	313.33
3352.0	8321.7	311.89
3353.0	8293.8	311.03
3354.0	8243.1	309.31
3355.0	8215.5	308.46
3356.0	8210.6	308.46
3357.0	8205.7	308.46
3358.0	8200.8	308.46
3359.0	8196.0	308.46
3360.0	8191.1	308.46
3361.0	8186.2	308.46
3362.0	8166.3	307.89
3363.0	8161.4	307.89
3364.0	8171.6	308.46
3365.0	8166.8	308.46
3366.0	8161.9	308.46
3367.0	8172.1	309.03
3368.0	8167.3	309.03
3369.0	8162.4	309.03
3370.0	8165.1	309.31
3371.0	8175.3	309.88
3372.0	8200.6	311.03
3373.0	8203.3	311.32
3374.0	8213.5	311.89
3375.0	8193.6	311.32
3376.0	8181.2	311.03
3377.0	8123.8	309.03
3378.0	8066.8	307.04
3379.0	8047.2	306.48
3380.0	8042.4	306.48
3381.0	8037.7	306.48
3382.0	8018.1	305.91
3383.0	7991.3	305.07
3384.0	7971.8	304.51
3385.0	7952.5	303.95
3386.0	7925.9	303.11
3387.0	7921.2	303.11
3388.0	7931.1	303.67
3389.0	7933.7	303.95
3390.0	7929.0	303.95
3391.0	7924.4	303.95
3392.0	7897.8	303.11
3393.0	7864.2	301.99
3394.0	7837.8	301.16
3395.0	7804.4	300.05
3396.0	7778.3	299.23
3397.0	7759.4	298.67
3398.0	7733.5	297.85
3399.0	7714.7	297.3
3400.0	7710.2	297.3
3401.0	7719.8	297.85
3402.0	7736.6	298.67
3403.0	7732.1	298.67
3404.0	7741.8	299.23
3405.0	7723.0	298.67
3406.0	7704.3	298.13
3407.0	7692.6	297.85
3408.0	7688.1	297.85
3409.0	7669.5	297.3
3410.0	7665.0	297.3
3411.0	7660.5	297.3
3412.0	7641.9	296.76
3413.0	7637.4	296.76
3414.0	7611.9	295.94
3415.0	7593.4	295.39
3416.0	7575.0	294.85
3417.0	7549.7	294.04
3418.0	7510.6	292.68
3419.0	7492.4	292.15
3420.0	7488.1	292.15
3421.0	7469.9	291.61
3422.0	7465.5	291.61
3423.0	7474.9	292.15
3424.0	7443.1	291.07
3425.0	7418.2	290.27
3426.0	7400.3	289.73
3427.0	7362.0	288.4
3428.0	7344.1	287.87
3429.0	7319.6	287.08
3430.0	7315.3	287.08
3431.0	7331.3	287.87
3432.0	7327.0	287.87
3433.0	7336.2	288.4
3434.0	7332.0	288.4
3435.0	7347.9	289.2
3436.0	7357.2	289.73
3437.0	7380.1	290.8
3438.0	7396.2	291.61
3439.0	7405.6	292.15
3440.0	7401.2	292.15
3441.0	7396.9	292.15
3442.0	7392.7	292.15
3443.0	7374.7	291.61
3444.0	7356.9	291.07
3445.0	7345.9	290.8
3446.0	7314.6	289.73
3447.0	7290.2	288.93
3448.0	7272.6	288.4
3449.0	7255.0	287.87
3450.0	7250.8	287.87
3451.0	7246.5	287.87
3452.0	7242.3	287.87
3453.0	7231.5	287.61
3454.0	7214.0	287.08
3455.0	7209.8	287.08
3456.0	7205.7	287.08
3457.0	7201.5	287.08
3458.0	7217.2	287.87
3459.0	7213.1	287.87
3460.0	7222.2	288.4
3461.0	7204.7	287.87
3462.0	7200.6	287.87
3463.0	7189.8	287.61
3464.0	7172.4	287.08
3465.0	7168.3	287.08
3466.0	7164.1	287.08
3467.0	7146.8	286.55
3468.0	7129.6	286.02
3469.0	7125.4	286.02
3470.0	7114.8	285.76
3471.0	7110.7	285.76
3472.0	7113.1	286.02
3473.0	7102.5	285.76
3474.0	7085.4	285.23
3475.0	7068.3	284.71
3476.0	7044.7	283.92
3477.0	7014.7	282.88
3478.0	6991.4	282.1
3479.0	6961.7	281.06
3480.0	6938.4	280.28
3481.0	6908.9	279.25
3482.0	6898.6	279.0
3483.0	6869.3	277.97
3484.0	6878.0	278.48
3485.0	6893.1	279.25
3486.0	6901.9	279.77
3487.0	6917.0	280.54
3488.0	6925.8	281.06
3489.0	6934.6	281.58
3490.0	6943.3	282.1
3491.0	6939.4	282.1
3492.0	6935.4	282.1
3493.0	6931.4	282.1
3494.0	6914.7	281.58
3495.0	6910.8	281.58
3496.0	6894.1	281.06
3497.0	6877.5	280.54
3498.0	6867.2	280.28
3499.0	6850.7	279.77
3500.0	6834.1	279.25
3501.0	6823.9	279.0
3502.0	6807.5	278.48
3503.0	6791.1	277.97
3504.0	6774.8	277.46
3505.0	6770.9	277.46
3506.0	6767.0	277.46
3507.0	6763.2	277.46
3508.0	6759.3	277.46
3509.0	6755.5	277.46
3510.0	6764.1	277.97
3511.0	6760.2	277.97
3512.0	6768.8	278.48
3513.0	6764.9	278.48
3514.0	6761.1	278.48
3515.0	6757.3	278.48
3516.0	6753.4	278.48
3517.0	6749.6	278.48
3518.0	6745.7	278.48
3519.0	6741.9	278.48
3520.0	6738.1	278.48
3521.0	6746.6	279.0
3522.0	6749.0	279.25
3523.0	6745.2	279.25
3524.0	6753.8	279.77
3525.0	6750.0	279.77
3526.0	6746.2	279.77
3527.0	6723.7	279.0
3528.0	6695.2	277.97
3529.0	6672.9	277.2
3530.0	6644.6	276.19
3531.0	6622.5	275.42
3532.0	6594.5	274.41
3533.0	6572.5	273.65
3534.0	6556.7	273.15
3535.0	6541.0	272.65
3536.0	6531.2	272.4
3537.0	6515.5	271.89
3538.0	6487.9	270.89
3539.0	6466.3	270.15
3540.0	6438.9	269.15
3541.0	6417.5	268.41
3542.0	6402.1	267.92
3543.0	6386.7	267.42
3544.0	6383.1	267.42
3545.0	6373.6	267.18
3546.0	6375.9	267.42
3547.0	6372.3	267.42
3548.0	6368.8	267.42
3549.0	6376.9	267.92
3550.0	6373.3	267.92
3551.0	6369.7	267.92
3552.0	6354.4	267.42
3553.0	6350.8	267.42
3554.0	6341.4	267.18
3555.0	6343.7	267.42
3556.0	6340.1	267.42
3557.0	6348.2	267.92
3558.0	6356.3	268.41
3559.0	6364.5	268.9
3560.0	6366.8	269.15
3561.0	6363.2	269.15
3562.0	6359.7	269.15
3563.0	6356.1	269.15
3564.0	6346.6	268.9
3565.0	6343.1	268.9
3566.0	6339.5	268.9
3567.0	6336.0	268.9
3568.0	6320.8	268.41
3569.0	6317.2	268.41
3570.0	6313.7	268.41
3571.0	6310.2	268.41
3572.0	6306.6	268.41
3573.0	6291.5	267.92
3574.0	6288.0	267.92
3575.0	6272.9	267.42
3576.0	6263.6	267.18
3577.0	6260.1	267.18
3578.0	6245.1	266.69
3579.0	6241.6	266.69
3580.0	6226.6	266.19
3581.0	6223.2	266.19
3582.0	6208.3	265.71
3583.0	6199.0	265.46
3584.0	6184.2	264.97
3585.0	6180.8	264.97
3586.0	6165.9	264.48
3587.0	6162.5	264.48
3588.0	6159.1	264.48
3589.0	6150.0	264.24
3590.0	6146.5	264.24
3591.0	6143.1	264.24
3592.0	6139.7	264.24
3593.0	6125.0	263.75
3594.0	6121.6	263.75
3595.0	6106.9	263.27
3596.0	6092.3	262.78
3597.0	6072.1	262.06
3598.0	6068.7	262.06
3599.0	6054.2	261.58
3600.0	6050.8	261.58
3601.0	6036.3	261.1
3602.0	6044.1	261.58
3603.0	6040.7	261.58
3604.0	6037.4	261.58
3605.0	6034.1	261.58
3606.0	6030.7	261.58
3607.0	6038.5	262.06
3608.0	6046.3	262.54
3609.0	6048.5	262.78
3610.0	6045.1	262.78
3611.0	6041.8	262.78
3612.0	6038.4	262.78
3613.0	6035.1	262.78
3614.0	6031.8	262.78
3615.0	6011.8	262.06
3616.0	5997.4	261.58
3617.0	5977.5	260.85
3618.0	5963.3	260.38
3619.0	5960.0	260.38
3620.0	5956.7	260.38
3621.0	5942.4	259.9
3622.0	5922.7	259.18
3623.0	5908.6	258.7
3624.0	5894.4	258.23
3625.0	5880.4	257.75
3626.0	5877.1	257.75
3627.0	5873.9	257.75
3628.0	5870.6	257.75
3629.0	5867.4	257.75
3630.0	5858.8	257.51
3631.0	5855.5	257.51
3632.0	5852.3	257.51
3633.0	5849.1	257.51
3634.0	5845.9	257.51
3635.0	5831.9	257.04
3636.0	5828.7	257.04
3637.0	5809.4	256.33
3638.0	5795.6	255.86
3639.0	5781.7	255.39
3640.0	5778.5	255.39
3641.0	5775.3	255.39
3642.0	5772.2	255.39
3643.0	5779.7	255.86
3644.0	5776.5	255.86
3645.0	5773.3	255.86
3646.0	5770.1	255.86
3647.0	5756.3	255.39
3648.0	5742.6	254.92
3649.0	5734.2	254.68
3650.0	5710.0	253.75
3651.0	5680.6	252.58
3652.0	5667.1	252.11
3653.0	5648.4	251.42
3654.0	5634.9	250.96
3655.0	5621.4	250.5
3656.0	5602.8	249.8
3657.0	5589.5	249.34
3658.0	5586.4	249.34
3659.0	5573.1	248.88
3660.0	5570.0	248.88
3661.0	5561.9	248.66
3662.0	5548.6	248.2
3663.0	5545.6	248.2
3664.0	5532.3	247.74
3665.0	5529.3	247.74
3666.0	5516.1	247.29
3667.0	5523.3	247.74
3668.0	5520.3	247.74
3669.0	5507.1	247.29
3670.0	5504.1	247.29
3671.0	5501.1	247.29
3672.0	5498.1	247.29
3673.0	5495.1	247.29
3674.0	5487.1	247.06
3675.0	5489.2	247.29
3676.0	5496.3	247.74
3677.0	5503.4	248.2
3678.0	5510.6	248.66
3679.0	5512.6	248.88
3680.0	5509.6	248.88
3681.0	5516.8	249.34
3682.0	5513.8	249.34
3683.0	5510.8	249.34
3684.0	5507.8	249.34
3685.0	5504.8	249.34
3686.0	5486.7	248.66
3687.0	5473.6	248.2
3688.0	5450.5	247.29
3689.0	5442.6	247.06
3690.0	5419.6	246.15
3691.0	5401.7	245.47
3692.0	5378.9	244.57
3693.0	5351.3	243.44
3694.0	5338.6	243.0
3695.0	5335.7	243.0
3696.0	5332.8	243.0
3697.0	5329.9	243.0
3698.0	5336.9	243.44
3699.0	5334.0	243.44
3700.0	5340.9	243.89
3701.0	5338.0	243.89
3702.0	5349.9	244.57
3703.0	5347.0	244.57
3704.0	5334.3	244.12
3705.0	5331.4	244.12
3706.0	5328.6	244.12
3707.0	5320.8	243.89
3708.0	5317.9	243.89
3709.0	5305.3	243.44
3710.0	5292.6	243.0
3711.0	5284.9	242.77
3712.0	5272.4	242.33
3713.0	5259.8	241.88
3714.0	5257.0	241.88
3715.0	5254.2	241.88
3716.0	5261.0	242.33
3717.0	5267.9	242.77
3718.0	5269.9	243.0
3719.0	5267.1	243.0
3720.0	5264.2	243.0
3721.0	5261.4	243.0
3722.0	5244.1	242.33
3723.0	5231.6	241.88
3724.0	5219.2	241.43
3725.0	5216.4	241.43
3726.0	5213.6	241.43
3727.0	5210.8	241.43
3728.0	5217.6	241.88
3729.0	5224.4	242.33
3730.0	5236.0	243.0
3731.0	5242.9	243.44
3732.0	5249.7	243.89
3733.0	5261.4	244.57
3734.0	5268.3	245.02
3735.0	5255.8	244.57
3736.0	5243.3	244.12
3737.0	5226.1	243.44
3738.0	5199.3	242.33
3739.0	5172.6	241.21
3740.0	5174.6	241.43
3741.0	5171.8	241.43
3742.0	5169.1	241.43
3743.0	5166.3	241.43
3744.0	5158.8	241.21
3745.0	5146.6	240.77
3746.0	5143.8	240.77
3747.0	5131.6	240.33
3748.0	5128.9	240.33
3749.0	5116.7	239.88
3750.0	5114.0	239.88
3751.0	5111.2	239.88
3752.0	5103.8	239.66
3753.0	5091.7	239.22
3754.0	5079.6	238.78
3755.0	5067.6	238.34
3756.0	5060.2	238.12
3757.0	5057.5	238.12
3758.0	5054.8	238.12
3759.0	5042.8	237.68
3760.0	5030.9	237.25
3761.0	5028.2	237.25
3762.0	5025.5	237.25
3763.0	5032.1	237.68
3764.0	5029.5	237.68
3765.0	5026.8	237.68
3766.0	5014.9	237.25
3767.0	5012.2	237.25
3768.0	5000.3	236.81
3769.0	4993.1	236.59
3770.0	4990.4	236.59
3771.0	4978.6	236.16
3772.0	4989.7	236.81
3773.0	4996.3	237.25
3774.0	5012.1	238.12
3775.0	5023.3	238.78
3776.0	5029.9	239.22
3777.0	5008.7	238.34
3778.0	4992.3	237.68
3779.0	4966.7	236.59
3780.0	4945.8	235.72
3781.0	4929.6	235.07
3782.0	4917.9	234.64
3783.0	4906.2	234.21
3784.0	4899.1	233.99
3785.0	4878.5	233.13
3786.0	4867.0	232.7
3787.0	4851.0	232.06
3788.0	4839.5	231.63
3789.0	4823.6	230.99
3790.0	4812.2	230.57
3791.0	4792.0	229.72
3792.0	4776.2	229.09
3793.0	4764.9	228.66
3794.0	4762.4	228.66
3795.0	4759.9	228.66
3796.0	4766.2	229.09
3797.0	4772.4	229.51
3798.0	4783.1	230.14
3799.0	4798.2	230.99
3800.0	4809.0	231.63
3801.0	4824.2	232.49
3802.0	4835.0	233.13
3803.0	4841.4	233.56
3804.0	4847.7	233.99
3805.0	4849.7	234.21
3806.0	4856.0	234.64
3807.0	4862.5	235.07
3808.0	4873.3	235.72
3809.0	4879.8	236.16
3810.0	4877.2	236.16
3811.0	4888.1	236.81
3812.0	4903.6	237.68
3813.0	4901.0	237.68
3814.0	4898.5	237.68
3815.0	4895.9	237.68
3816.0	4884.3	237.25
3817.0	4868.3	236.59
3818.0	4856.8	236.16
3819.0	4840.8	235.5
3820.0	4829.4	235.07
3821.0	4818.0	234.64
3822.0	4806.6	234.21
3823.0	4790.8	233.56
3824.0	4779.5	233.13
3825.0	4755.1	232.06
3826.0	4730.8	230.99
3827.0	4710.9	230.14
3828.0	4695.4	229.51
3829.0	4684.4	229.09
3830.0	4681.9	229.09
3831.0	4670.9	228.66
3832.0	4668.4	228.66
3833.0	4661.7	228.45
3834.0	4650.7	228.03
3835.0	4648.3	228.03
3836.0	4654.4	228.45
3837.0	4664.8	229.09
3838.0	4671.0	229.51
3839.0	4690.1	230.57
3840.0	4700.7	231.21
3841.0	4715.6	232.06
3842.0	4721.8	232.49
3843.0	4732.4	233.13
3844.0	4747.4	233.99
3845.0	4758.0	234.64
3846.0	4773.1	235.5
3847.0	4783.8	236.16
3848.0	4803.4	237.25
3849.0	4818.6	238.12
3850.0	4829.5	238.78
3851.0	4827.0	238.78
3852.0	4833.3	239.22
3853.0	4830.8	239.22
3854.0	4828.3	239.22
3855.0	4825.8	239.22
3856.0	4836.7	239.88
3857.0	4843.1	240.33
3858.0	4849.5	240.77
3859.0	4838.1	240.33
3860.0	4835.6	240.33
3861.0	4819.7	239.66
3862.0	4799.5	238.78
3863.0	4797.0	238.78
3864.0	4781.3	238.12
3865.0	4778.8	238.12
3866.0	4767.6	237.68
3867.0	4765.1	237.68
3868.0	4762.6	237.68
3869.0	4769.0	238.12
3870.0	4766.5	238.12
3871.0	4755.3	237.68
3872.0	4744.1	237.25
3873.0	4728.5	236.59
3874.0	4717.4	236.16
3875.0	4693.3	235.07
3876.0	4673.6	234.21
3877.0	4649.7	233.13
3878.0	4617.5	231.63
3879.0	4593.9	230.57
3880.0	4562.0	229.09
3881.0	4538.7	228.03
3882.0	4507.2	226.57
3883.0	4476.0	225.11
3884.0	4453.1	224.08
3885.0	4422.2	222.64
3886.0	4403.7	221.82
3887.0	4389.2	221.21
3888.0	4378.9	220.8
3889.0	4384.7	221.21
3890.0	4390.6	221.61
3891.0	4400.5	222.23
3892.0	4418.5	223.25
3893.0	4432.5	224.08
3894.0	4458.9	225.53
3895.0	4477.2	226.57
3896.0	4503.8	228.03
3897.0	4522.3	229.09
3898.0	4540.8	230.14
3899.0	4559.5	231.21
3900.0	4574.0	232.06
3901.0	4592.7	233.13
3902.0	4611.5	234.21
3903.0	4626.2	235.07
3904.0	4632.3	235.5
3905.0	4634.2	235.72
3906.0	4640.4	236.16
3907.0	4646.6	236.59
3908.0	4644.2	236.59
3909.0	4646.1	236.81
3910.0	4652.3	237.25
3911.0	4649.9	237.25
3912.0	4656.1	237.68
3913.0	4662.3	238.12
3914.0	4659.9	238.12
3915.0	4657.6	238.12
3916.0	4655.2	238.12
3917.0	4652.8	238.12
3918.0	4641.9	237.68
3919.0	4639.5	237.68
3920.0	4628.6	237.25
3921.0	4626.2	237.25
3922.0	4615.3	236.81
3923.0	4608.7	236.59
3924.0	4597.9	236.16
3925.0	4587.1	235.72
3926.0	4580.6	235.5
3927.0	4569.8	235.07
3928.0	4550.7	234.21
3929.0	4535.8	233.56
3930.0	4533.5	233.56
3931.0	4522.9	233.13
3932.0	4520.6	233.13
3933.0	4518.3	233.13
3934.0	4524.3	233.56
3935.0	4522.0	233.56
3936.0	4519.7	233.56
3937.0	4517.4	233.56
3938.0	4515.1	233.56
3939.0	4521.1	233.99
3940.0	4518.9	233.99
3941.0	4516.6	233.99
3942.0	4506.0	233.56
3943.0	4503.7	233.56
3944.0	4493.1	233.13
3945.0	4490.8	233.13
3946.0	4488.6	233.13
3947.0	4486.3	233.13
3948.0	4484.0	233.13
3949.0	4469.4	232.49
3950.0	4458.9	232.06
3951.0	4407.6	229.51
3952.0	4389.2	228.66
3953.0	4374.9	228.03
3954.0	4344.6	226.57
3955.0	4322.4	225.53
3956.0	4296.4	224.28
3957.0	4274.5	223.25
3958.0	4252.7	222.23
3959.0	4231.1	221.21
3960.0	4201.7	219.79
3961.0	4172.6	218.37
3962.0	4124.7	215.97
3963.0	4081.1	213.8
3964.0	4041.6	211.84
3965.0	4006.2	210.09
3966.0	3974.8	208.55
3967.0	3947.3	207.21
3968.0	3923.5	206.06
3969.0	3910.7	205.49
3970.0	3901.6	205.12
3971.0	3899.6	205.12
3972.0	3897.6	205.12
3973.0	3910.1	205.87
3974.0	3926.1	206.82
3975.0	3949.5	208.16
3976.0	3973.1	209.51
3977.0	3996.8	210.86
3978.0	4020.6	212.23
3979.0	4037.1	213.21
3980.0	4061.2	214.58
3981.0	4077.9	215.58
3982.0	4094.7	216.57
3983.0	4111.5	217.57
3984.0	4132.2	218.78
3985.0	4149.2	219.79
3986.0	4166.3	220.8
3987.0	4183.4	221.82
3988.0	4196.7	222.64
3989.0	4206.2	223.25
3990.0	4219.6	224.08
3991.0	4229.2	224.7
3992.0	4242.7	225.53
3993.0	4252.3	226.15
3994.0	4258.0	226.57
3995.0	4263.7	226.99
3996.0	4265.5	227.2
3997.0	4263.4	227.2
3998.0	4261.2	227.2
3999.0	4259.1	227.2
4000.0	4257.0	227.2
4001.0	4254.8	227.2
4002.0	4248.8	226.99
4003.0	4246.7	226.99
4004.0	4244.5	226.99
4005.0	4242.4	226.99
4006.0	4232.5	226.57
4007.0	4222.6	226.15
4008.0	4220.5	226.15
4009.0	4210.6	225.74
4010.0	4204.7	225.53
4011.0	4194.8	225.11
4012.0	4185.0	224.7
4013.0	4182.9	224.7
4014.0	4180.8	224.7
4015.0	4171.1	224.28
4016.0	4165.2	224.08
4017.0	4163.1	224.08
4018.0	4161.0	224.08
4019.0	4158.9	224.08
4020.0	4156.9	224.08
4021.0	4154.8	224.08
4022.0	4152.7	224.08
4023.0	4150.7	224.08
4024.0	4141.0	223.67
4025.0	4138.9	223.67
4026.0	4136.9	223.67
4027.0	4142.4	224.08
4028.0	4140.4	224.08
4029.0	4138.3	224.08
4030.0	4136.3	224.08
4031.0	4126.6	223.67
4032.0	4124.6	223.67
4033.0	4115.0	223.25
4034.0	4112.9	223.25
4035.0	4110.9	223.25
4036.0	4101.3	222.84
4037.0	4099.2	222.84
4038.0	4093.4	222.64
4039.0	4091.4	222.64
4040.0	4089.4	222.64
4041.0	4079.8	222.23
4042.0	4077.8	222.23
4043.0	4075.8	222.23
4044.0	4073.8	222.23
4045.0	4079.3	222.64
4046.0	4077.3	222.64
4047.0	4067.7	222.23
4048.0	4065.7	222.23
4049.0	4063.7	222.23
4050.0	4061.7	222.23
4051.0	4052.2	221.82
4052.0	4050.2	221.82
4053.0	4048.2	221.82
4054.0	4042.5	221.61
4055.0	4033.1	221.21
4056.0	4031.1	221.21
4057.0	4029.1	221.21
4058.0	4027.1	221.21
4059.0	4025.2	221.21
4060.0	4030.6	221.61
4061.0	4028.6	221.61
4062.0	4030.3	221.82
4063.0	4028.3	221.82
4064.0	4026.4	221.82
4065.0	4020.7	221.61
4066.0	4011.3	221.21
4067.0	4009.3	221.21
4068.0	4000.0	220.8
4069.0	3998.0	220.8
4070.0	3988.7	220.39
4071.0	3986.8	220.39
4072.0	3984.8	220.39
4073.0	3979.2	220.19
4074.0	3969.9	219.79
4075.0	3967.9	219.79
4076.0	3958.7	219.38
4077.0	3949.5	218.98
4078.0	3943.9	218.78
4079.0	3927.5	217.97
4080.0	3918.3	217.57
4081.0	3905.6	216.97
4082.0	3892.9	216.37
4083.0	3876.7	215.58
4084.0	3857.0	214.58
4085.0	3837.4	213.6
4086.0	3810.9	212.23
4087.0	3788.0	211.06
4088.0	3765.3	209.89
4089.0	3739.3	208.55
4090.0	3706.6	206.82
4091.0	3681.0	205.49
4092.0	3648.8	203.8
4093.0	3613.6	201.93
4094.0	3572.1	199.71
4095.0	3534.4	197.7
4096.0	3493.8	195.52
4097.0	3460.1	193.73
4098.0	3429.9	192.13
4099.0	3406.2	190.9
4100.0	3382.6	189.67
4101.0	3371.6	189.15
4102.0	3363.8	188.8
4103.0	3371.5	189.32
4104.0	3382.2	190.02
4105.0	3411.9	191.78
4106.0	3438.6	193.37
4107.0	3475.1	195.52
4108.0	3508.8	197.51
4109.0	3539.6	199.34
4110.0	3567.3	201.0
4111.0	3598.5	202.86
4112.0	3620.0	204.17
4113.0	3648.4	205.87
4114.0	3670.2	207.21
4115.0	3692.2	208.55
4116.0	3707.4	209.51
4117.0	3722.7	210.47
4118.0	3727.8	210.86
4119.0	3736.3	211.45
4120.0	3741.3	211.84
4121.0	3746.4	212.23
4122.0	3748.0	212.42
4123.0	3753.1	212.81
4124.0	3751.3	212.81
4125.0	3749.5	212.81
4126.0	3747.7	212.81
4127.0	3739.0	212.42
4128.0	3737.2	212.42
4129.0	3735.4	212.42
4130.0	3730.1	212.23
4131.0	3728.3	212.23
4132.0	3726.5	212.23
4133.0	3717.8	211.84
4134.0	3716.0	211.84
4135.0	3707.4	211.45
4136.0	3705.6	211.45
4137.0	3697.0	211.06
4138.0	3691.8	210.86
4139.0	3690.0	210.86
4140.0	3688.2	210.86
4141.0	3686.5	210.86
4142.0	3677.9	210.47
4143.0	3676.1	210.47
4144.0	3667.6	210.09
4145.0	3665.8	210.09
4146.0	3660.7	209.89
4147.0	3658.9	209.89
4148.0	3650.4	209.51
4149.0	3648.7	209.51
4150.0	3640.2	209.12
4151.0	3638.4	209.12
4152.0	3630.0	208.74
4153.0	3628.2	208.74
4154.0	3626.5	208.74
4155.0	3621.4	208.55
4156.0	3619.7	208.55
4157.0	3611.3	208.16
4158.0	3609.5	208.16
4159.0	3601.2	207.78
4160.0	3599.4	207.78
4161.0	3597.7	207.78
4162.0	3596.0	207.78
4163.0	3587.6	207.4
4164.0	3585.9	207.4
4165.0	3590.8	207.78
4166.0	3589.1	207.78
4167.0	3587.3	207.78
4168.0	3585.6	207.78
4169.0	3583.9	207.78
4170.0	3575.6	207.4
4171.0	3570.6	207.21
4172.0	3568.9	207.21
4173.0	3567.2	207.21
4174.0	3565.5	207.21
4175.0	3563.8	207.21
4176.0	3565.3	207.4
4177.0	3560.4	207.21
4178.0	3558.6	207.21
4179.0	3556.9	207.21
4180.0	3555.2	207.21
4181.0	3553.5	207.21
4182.0	3551.8	207.21
4183.0	3543.6	206.82
4184.0	3541.9	206.82
4185.0	3540.2	206.82
4186.0	3532.0	206.44
4187.0	3530.3	206.44
4188.0	3522.1	206.06
4189.0	3517.2	205.87
4190.0	3515.5	205.87
4191.0	3507.4	205.49
4192.0	3505.7	205.49
4193.0	3504.0	205.49
4194.0	3495.9	205.12
4195.0	3494.3	205.12
4196.0	3492.6	205.12
4197.0	3490.9	205.12
4198.0	3489.3	205.12
4199.0	3487.6	205.12
4200.0	3486.0	205.12
4201.0	3484.3	205.12
4202.0	3476.2	204.74
4203.0	3474.6	204.74
4204.0	3469.7	204.55
4205.0	3468.1	204.55
4206.0	3466.4	204.55
4207.0	3458.4	204.17
4208.0	3456.8	204.17
4209.0	3448.7	203.8
4210.0	3447.1	203.8
4211.0	3445.5	203.8
4212.0	3450.2	204.17
4213.0	3448.6	204.17
4214.0	3446.9	204.17
4215.0	3445.3	204.17
4216.0	3443.6	204.17
4217.0	3442.0	204.17
4218.0	3446.7	204.55
4219.0	3445.1	204.55
4220.0	3443.5	204.55
4221.0	3445.0	204.74
4222.0	3443.4	204.74
4223.0	3448.1	205.12
4224.0	3446.4	205.12
4225.0	3444.8	205.12
4226.0	3443.2	205.12
4227.0	3441.6	205.12
4228.0	3433.6	204.74
4229.0	3428.8	204.55
4230.0	3427.2	204.55
4231.0	3419.3	204.17
4232.0	3417.7	204.17
4233.0	3409.7	203.8
4234.0	3405.0	203.61
4235.0	3397.1	203.24
4236.0	3389.3	202.86
4237.0	3387.7	202.86
4238.0	3379.8	202.49
4239.0	3375.2	202.3
4240.0	3373.6	202.3
4241.0	3365.8	201.93
4242.0	3364.2	201.93
4243.0	3368.8	202.3
4244.0	3367.2	202.3
4245.0	3365.6	202.3
4246.0	3364.0	202.3
4247.0	3365.5	202.49
4248.0	3360.9	202.3
4249.0	3359.3	202.3
4250.0	3357.7	202.3
4251.0	3350.0	201.93
4252.0	3342.2	201.56
4253.0	3340.6	201.56
4254.0	3332.9	201.19
4255.0	3328.3	201.0
4256.0	3320.6	200.63
4257.0	3319.1	200.63
4258.0	3317.5	200.63
4259.0	3309.8	200.26
4260.0	3308.3	200.26
4261.0	3306.7	200.26
4262.0	3305.2	200.26
4263.0	3297.5	199.89
4264.0	3296.0	199.89
4265.0	3294.4	199.89
4266.0	3292.9	199.89
4267.0	3291.3	199.89
4268.0	3289.8	199.89
4269.0	3288.3	199.89
4270.0	3286.7	199.89
4271.0	3282.2	199.71
4272.0	3280.6	199.71
4273.0	3279.1	199.71
4274.0	3271.5	199.34
4275.0	3270.0	199.34
4276.0	3268.5	199.34
4277.0	3267.0	199.34
4278.0	3265.4	199.34
4279.0	3269.9	199.71
4280.0	3268.4	199.71
4281.0	3266.9	199.71
4282.0	3265.3	199.71
4283.0	3263.8	199.71
4284.0	3262.3	199.71
4285.0	3260.8	199.71
4286.0	3253.2	199.34
4287.0	3251.7	199.34
4288.0	3250.2	199.34
4289.0	3242.7	198.98
4290.0	3241.2	198.98
4291.0	3239.7	198.98
4292.0	3232.2	198.61
4293.0	3227.7	198.43
4294.0	3220.3	198.06
4295.0	3212.9	197.7
4296.0	3211.4	197.7
4297.0	3206.9	197.51
4298.0	3199.5	197.15
4299.0	3198.1	197.15
4300.0	3190.7	196.79
4301.0	3189.2	196.79
4302.0	3181.9	196.43
4303.0	3180.4	196.43
4304.0	3178.9	196.43
4305.0	3177.4	196.43
4306.0	3173.0	196.25
4307.0	3171.5	196.25
4308.0	3170.1	196.25
4309.0	3168.6	196.25
4310.0	3167.1	196.25
4311.0	3165.7	196.25
4312.0	3158.4	195.88
4313.0	3156.9	195.88
4314.0	3155.4	195.88
4315.0	3154.0	195.88
4316.0	3152.5	195.88
4317.0	3145.3	195.52
4318.0	3138.0	195.16
4319.0	3133.7	194.98
4320.0	3120.7	194.27
4321.0	3113.5	193.91
4322.0	3103.5	193.37
4323.0	3087.8	192.49
4324.0	3075.0	191.78
4325.0	3053.9	190.55
4326.0	3038.4	189.67
4327.0	3011.9	188.11
4328.0	2988.5	186.72
4329.0	2962.4	185.18
4330.0	2928.5	183.15
4331.0	2895.0	181.13
4332.0	2856.6	178.81
4333.0	2813.5	176.2
4334.0	2773.6	173.78
4335.0	2741.8	171.87
4336.0	2705.5	169.67
4337.0	2677.0	167.96
4338.0	2651.2	166.42
4339.0	2640.2	165.81
4340.0	2631.7	165.35
4341.0	2635.4	165.65
4342.0	2646.3	166.42
4343.0	2662.2	167.49
4344.0	2690.5	169.36
4345.0	2719.2	171.24
4346.0	2753.2	173.46
4347.0	2787.7	175.71
4348.0	2817.4	177.66
4349.0	2847.4	179.64
4350.0	2869.7	181.13
4351.0	2895.0	182.81
4352.0	2917.7	184.33
4353.0	2935.2	185.52
4354.0	2952.9	186.72
4355.0	2970.6	187.93
4356.0	2982.9	188.8
4357.0	2995.3	189.67
4358.0	3005.0	190.37
4359.0	3011.9	190.9
4360.0	3016.1	191.25
4361.0	3020.3	191.6
4362.0	3021.7	191.78
4363.0	3020.3	191.78
4364.0	3018.9	191.78
4365.0	3023.1	192.13
4366.0	3021.7	192.13
4367.0	3020.3	192.13
4368.0	3018.9	192.13
4369.0	3023.1	192.49
4370.0	3021.7	192.49
4371.0	3020.4	192.49
4372.0	3019.0	192.49
4373.0	3017.6	192.49
4374.0	3016.2	192.49
4375.0	3014.8	192.49
4376.0	3013.5	192.49
4377.0	3012.1	192.49
4378.0	3010.7	192.49
4379.0	3003.8	192.13
4380.0	3002.4	192.13
4381.0	3001.1	192.13
4382.0	2999.7	192.13
4383.0	2992.8	191.78
4384.0	2991.4	191.78
4385.0	2987.3	191.6
4386.0	2980.5	191.25
4387.0	2979.1	191.25
4388.0	2972.3	190.9
4389.0	2970.9	190.9
4390.0	2964.1	190.55
4391.0	2962.7	190.55
4392.0	2958.7	190.37
4393.0	2951.9	190.02
4394.0	2950.5	190.02
4395.0	2949.2	190.02
4396.0	2942.4	189.67
4397.0	2941.1	189.67
4398.0	2939.7	189.67
4399.0	2938.4	189.67
4400.0	2937.1	189.67
4401.0	2930.3	189.32
4402.0	2929.0	189.32
4403.0	2925.0	189.15
4404.0	2923.7	189.15
4405.0	2916.9	188.8
4406.0	2915.6	188.8
4407.0	2908.9	188.45
4408.0	2907.6	188.45
4409.0	2906.3	188.45
4410.0	2899.6	188.11
4411.0	2895.6	187.93
4412.0	2894.3	187.93
4413.0	2893.0	187.93
4414.0	2886.4	187.59
4415.0	2885.1	187.59
4416.0	2883.8	187.59
4417.0	2877.2	187.24
4418.0	2875.9	187.24
4419.0	2871.9	187.07
4420.0	2865.3	186.72
4421.0	2864.0	186.72
4422.0	2862.7	186.72
4423.0	2861.5	186.72
4424.0	2854.9	186.38
4425.0	2853.6	186.38
4426.0	2852.3	186.38
4427.0	2851.0	186.38
4428.0	2849.7	186.38
4429.0	2848.4	186.38
4430.0	2841.9	186.04
4431.0	2840.7	186.04
4432.0	2839.4	186.04
4433.0	2835.5	185.87
4434.0	2829.0	185.52
4435.0	2827.7	185.52
4436.0	2826.4	185.52
4437.0	2825.1	185.52
4438.0	2823.9	185.52
4439.0	2822.6	185.52
4440.0	2816.1	185.18
4441.0	2814.9	185.18
4442.0	2813.6	185.18
4443.0	2812.3	185.18
4444.0	2811.1	185.18
4445.0	2809.8	185.18
4446.0	2803.4	184.84
4447.0	2802.1	184.84
4448.0	2800.9	184.84
4449.0	2797.0	184.67
4450.0	2795.8	184.67
4451.0	2794.5	184.67
4452.0	2793.2	184.67
4453.0	2786.9	184.33
4454.0	2785.6	184.33
4455.0	2779.2	183.99
4456.0	2778.0	183.99
4457.0	2776.7	183.99
4458.0	2770.4	183.65
4459.0	2769.1	183.65
4460.0	2765.4	183.48
4461.0	2764.1	183.48
4462.0	2762.9	183.48
4463.0	2756.5	183.15
4464.0	2755.3	183.15
4465.0	2749.0	182.81
4466.0	2747.8	182.81
4467.0	2746.6	182.81
4468.0	2740.3	182.47
4469.0	2736.5	182.31
4470.0	2735.3	182.31
4471.0	2729.0	181.97
4472.0	2727.8	181.97
4473.0	2721.6	181.63
4474.0	2717.9	181.47
4475.0	2711.7	181.13
4476.0	2710.4	181.13
4477.0	2704.2	180.8
4478.0	2703.0	180.8
4479.0	2701.8	180.8
4480.0	2700.6	180.8
4481.0	2699.4	180.8
4482.0	2693.2	180.47
4483.0	2692.0	180.47
4484.0	2690.8	180.47
4485.0	2687.2	180.3
4486.0	2681.0	179.97
4487.0	2679.8	179.97
4488.0	2678.6	179.97
4489.0	2672.5	179.64
4490.0	2671.3	179.64
4491.0	2670.1	179.64
4492.0	2669.0	179.64
4493.0	2667.8	179.64
4494.0	2666.6	179.64
4495.0	2665.4	179.64
4496.0	2664.2	179.64
4497.0	2658.1	179.31
4498.0	2654.5	179.14
4499.0	2653.3	179.14
4500.0	2652.1	179.14
4501.0	2646.1	178.81
4502.0	2644.9	178.81
4503.0	2643.7	178.81
4504.0	2637.7	178.48
4505.0	2636.5	178.48
4506.0	2635.3	178.48
4507.0	2634.2	178.48
4508.0	2628.2	178.16
4509.0	2624.6	177.99
4510.0	2623.4	177.99
4511.0	2622.2	177.99
4512.0	2621.1	177.99
4513.0	2619.9	177.99
4514.0	2618.8	177.99
4515.0	2617.6	177.99
4516.0	2611.6	177.66
4517.0	2610.5	177.66
4518.0	2614.1	177.99
4519.0	2613.0	177.99
4520.0	2611.8	177.99
4521.0	2610.7	177.99
4522.0	2609.5	177.99
4523.0	2608.4	177.99
4524.0	2607.2	177.99
4525.0	2606.0	177.99
4526.0	2604.9	177.99
4527.0	2603.7	177.99
4528.0	2602.6	177.99
4529.0	2601.4	177.99
4530.0	2595.5	177.66
4531.0	2594.4	177.66
4532.0	2593.2	177.66
4533.0	2587.3	177.34
4534.0	2579.0	176.85
4535.0	2573.2	176.52
4536.0	2567.3	176.2
4537.0	2559.1	175.71
4538.0	2553.2	175.39
4539.0	2547.4	175.07
4540.0	2546.3	175.07
4541.0	2545.2	175.07
4542.0	2544.1	175.07
4543.0	2542.9	175.07
4544.0	2541.8	175.07
4545.0	2545.4	175.39
4546.0	2544.3	175.39
4547.0	2547.8	175.71
4548.0	2546.7	175.71
4549.0	2550.3	176.04
4550.0	2549.2	176.04
4551.0	2550.4	176.2
4552.0	2549.3	176.2
4553.0	2548.1	176.2
4554.0	2547.0	176.2
4555.0	2545.9	176.2
4556.0	2544.8	176.2
4557.0	2541.3	176.04
4558.0	2540.2	176.04
4559.0	2534.4	175.71
4560.0	2533.3	175.71
4561.0	2527.6	175.39
4562.0	2526.4	175.39
4563.0	2525.3	175.39
4564.0	2519.6	175.07
4565.0	2518.5	175.07
4566.0	2517.4	175.07
4567.0	2516.3	175.07
4568.0	2515.2	175.07
4569.0	2514.1	175.07
4570.0	2513.0	175.07
4571.0	2509.6	174.9
4572.0	2503.8	174.58
4573.0	2502.8	174.58
4574.0	2501.7	174.58
4575.0	2496.0	174.26
4576.0	2494.9	174.26
4577.0	2493.8	174.26
4578.0	2492.7	174.26
4579.0	2491.6	174.26
4580.0	2490.5	174.26
4581.0	2489.4	174.26
4582.0	2488.3	174.26
4583.0	2487.3	174.26
4584.0	2481.6	173.94
4585.0	2478.2	173.78
4586.0	2477.2	173.78
4587.0	2476.1	173.78
4588.0	2470.4	173.46
4589.0	2469.4	173.46
4590.0	2468.3	173.46
4591.0	2462.7	173.14
4592.0	2461.6	173.14
4593.0	2456.0	172.82
4594.0	2452.7	172.66
4595.0	2447.1	172.35
4596.0	2446.0	172.35
4597.0	2440.5	172.03
4598.0	2439.4	172.03
4599.0	2438.3	172.03
4600.0	2435.0	171.87
4601.0	2429.5	171.55
4602.0	2428.4	171.55
4603.0	2422.9	171.24
4604.0	2421.9	171.24
4605.0	2416.4	170.92
4606.0	2415.3	170.92
4607.0	2414.3	170.92
4608.0	2413.2	170.92
4609.0	2410.0	170.77
4610.0	2408.9	170.77
4611.0	2403.4	170.45
4612.0	2402.4	170.45
4613.0	2401.3	170.45
4614.0	2400.3	170.45
4615.0	2399.3	170.45
4616.0	2398.2	170.45
4617.0	2397.2	170.45
4618.0	2396.1	170.45
4619.0	2390.7	170.14
4620.0	2389.7	170.14
4621.0	2388.6	170.14
4622.0	2387.6	170.14
4623.0	2382.2	169.82
4624.0	2381.1	169.82
4625.0	2380.1	169.82
4626.0	2379.1	169.82
4627.0	2378.1	169.82
4628.0	2377.0	169.82
4629.0	2373.8	169.67
4630.0	2372.8	169.67
4631.0	2371.8	169.67
4632.0	2370.7	169.67
4633.0	2365.4	169.36
4634.0	2364.3	169.36
4635.0	2363.3	169.36
4636.0	2362.3	169.36
4637.0	2356.9	169.04
4638.0	2355.9	169.04
4639.0	2354.9	169.04
4640.0	2353.9	169.04
4641.0	2352.9	169.04
4642.0	2351.8	169.04
4643.0	2350.8	169.04
4644.0	2345.5	168.73
4645.0	2342.3	168.58
4646.0	2341.3	168.58
4647.0	2340.3	168.58
4648.0	2339.3	168.58
4649.0	2334.0	168.27
4650.0	2333.0	168.27
4651.0	2332.0	168.27
4652.0	2326.7	167.96
4653.0	2325.7	167.96
4654.0	2320.4	167.65
4655.0	2317.3	167.49
4656.0	2316.3	167.49
4657.0	2311.0	167.19
4658.0	2310.1	167.19
4659.0	2304.8	166.88
4660.0	2303.8	166.88
4661.0	2302.8	166.88
4662.0	2299.7	166.72
4663.0	2298.7	166.72
4664.0	2293.5	166.42
4665.0	2292.5	166.42
4666.0	2291.6	166.42
4667.0	2286.4	166.11
4668.0	2285.4	166.11
4669.0	2280.2	165.81
4670.0	2277.1	165.65
4671.0	2272.0	165.35
4672.0	2262.6	164.74
4673.0	2255.4	164.29
4674.0	2244.1	163.53
4675.0	2234.9	162.93
4676.0	2223.7	162.18
4677.0	2208.4	161.14
4678.0	2193.3	160.1
4679.0	2178.3	159.07
4680.0	2159.4	157.76
4681.0	2142.6	156.6
4682.0	2124.0	155.31
4683.0	2103.6	153.89
4684.0	2095.0	153.32
4685.0	2088.3	152.9
4686.0	2091.3	153.18
4687.0	2092.3	153.32
4688.0	2099.2	153.89
4689.0	2111.8	154.88
4690.0	2120.7	155.6
4691.0	2133.5	156.6
4692.0	2146.4	157.62
4693.0	2159.3	158.64
4694.0	2172.4	159.66
4695.0	2181.5	160.4
4696.0	2190.6	161.14
4697.0	2197.8	161.73
4698.0	2202.9	162.18
4699.0	2206.0	162.48
4700.0	2190.9	161.44
4702.0	2181.0	160.84
4704.0	2183.2	161.14
4706.0	2189.4	161.73
4708.0	2189.5	161.88
4710.0	2191.7	162.18
4712.0	2189.8	162.18
4714.0	2188.0	162.18
4716.0	2186.1	162.18
4718.0	2188.3	162.48
4720.0	2186.4	162.48
4722.0	2180.6	162.18
4724.0	2178.7	162.18
4726.0	2176.9	162.18
4728.0	2171.0	161.88
4730.0	2169.2	161.88
4732.0	2165.4	161.73
4734.0	2163.5	161.73
4736.0	2161.7	161.73
4738.0	2155.9	161.44
4740.0	2154.1	161.44
4742.0	2152.3	161.44
4744.0	2146.5	161.14
4746.0	2144.7	161.14
4748.0	2138.9	160.84
4750.0	2137.1	160.84
4752.0	2133.4	160.69
4754.0	2127.7	160.4
4756.0	2125.9	160.4
4758.0	2124.1	160.4
4760.0	2118.4	160.1
4762.0	2116.6	160.1
4764.0	2110.9	159.81
4766.0	2107.2	159.66
4768.0	2101.6	159.37
4770.0	2096.0	159.07
4772.0	2090.4	158.78
4774.0	2086.7	158.64
4776.0	2081.1	158.34
4778.0	2075.5	158.05
4780.0	2073.8	158.05
4782.0	2072.1	158.05
4784.0	2070.3	158.05
4786.0	2064.8	157.76
4788.0	2061.2	157.62
4790.0	2059.4	157.62
4792.0	2057.7	157.62
4794.0	2052.2	157.33
4796.0	2050.5	157.33
4798.0	2045.0	157.04
4800.0	2043.3	157.04
4802.0	2039.7	156.89
4804.0	2034.3	156.6
4806.0	2032.6	156.6
4808.0	2030.9	156.6
4810.0	2025.5	156.31
4812.0	2023.8	156.31
4814.0	2018.4	156.03
4816.0	2016.7	156.03
4818.0	2013.2	155.88
4820.0	2007.8	155.6
4822.0	2006.2	155.6
4824.0	2004.5	155.6
4826.0	2002.8	155.6
4828.0	2001.2	155.6
4830.0	1999.5	155.6
4832.0	1994.2	155.31
4834.0	1988.9	155.02
4836.0	1985.4	154.88
4838.0	1980.1	154.6
4840.0	1969.4	153.89
4842.0	1960.5	153.32
4844.0	1946.3	152.34
4846.0	1930.4	151.22
4848.0	1912.9	149.97
4850.0	1895.6	148.73
4852.0	1869.7	146.82
4854.0	1847.6	145.21
4856.0	1825.8	143.61
4858.0	1804.3	142.04
4860.0	1783.0	140.48
4862.0	1766.8	139.32
4864.0	1762.1	139.06
4866.0	1755.8	138.68
4868.0	1754.4	138.68
4870.0	1769.1	139.96
4872.0	1782.4	141.12
4874.0	1800.7	142.69
4876.0	1822.6	144.54
4878.0	1844.7	146.42
4880.0	1867.2	148.32
4882.0	1879.4	149.42
4884.0	1897.0	150.94
4886.0	1907.7	151.91
4888.0	1909.7	152.19
4890.0	1909.9	152.34
4892.0	1911.8	152.62
4894.0	1906.7	152.34
4896.0	1903.4	152.19
4898.0	1898.4	151.91
4900.0	1893.3	151.64
4902.0	1888.3	151.36
4904.0	1886.8	151.36
4906.0	1883.5	151.22
4908.0	1878.5	150.94
4910.0	1873.5	150.66
4912.0	1872.0	150.66
4914.0	1867.0	150.38
4916.0	1863.8	150.24
4918.0	1862.3	150.24
4920.0	1860.8	150.24
4922.0	1859.2	150.24
4924.0	1859.5	150.38
4926.0	1857.9	150.38
4928.0	1859.9	150.66
4930.0	1854.9	150.38
4932.0	1853.4	150.38
4934.0	1851.9	150.38
4936.0	1848.7	150.24
4938.0	1843.8	149.97
4940.0	1842.3	149.97
4942.0	1840.8	149.97
4944.0	1836.0	149.69
4946.0	1834.5	149.69
4948.0	1833.0	149.69
4950.0	1831.5	149.69
4952.0	1826.7	149.42
4954.0	1823.5	149.28
4956.0	1822.0	149.28
4958.0	1817.2	149.0
4960.0	1815.8	149.0
4962.0	1811.0	148.73
4964.0	1807.8	148.59
4966.0	1803.0	148.32
4968.0	1801.6	148.32
4970.0	1796.8	148.05
4972.0	1795.4	148.05
4974.0	1790.6	147.77
4976.0	1789.2	147.77
4978.0	1787.8	147.77
4980.0	1784.7	147.64
4982.0	1780.0	147.37
4984.0	1778.5	147.37
4986.0	1773.8	147.1
4988.0	1772.4	147.1
4990.0	1771.0	147.1
4992.0	1766.3	146.82
4994.0	1764.9	146.82
4996.0	1763.5	146.82
4998.0	1762.1	146.82
5000.0	1759.1	146.69
5002.0	1757.6	146.69
5004.0	1753.0	146.42
5006.0	1751.6	146.42
5008.0	1750.2	146.42
5010.0	1748.8	146.42
5012.0	1744.2	146.15
5014.0	1742.8	146.15
5016.0	1741.4	146.15
5018.0	1740.0	146.15
5020.0	1735.5	145.88
5022.0	1732.5	145.75
5024.0	1727.9	145.48
5026.0	1726.5	145.48
5028.0	1722.0	145.21
5030.0	1720.6	145.21
5032.0	1719.2	145.21
5034.0	1714.7	144.94
5036.0	1711.8	144.81
5038.0	1710.4	144.81
5040.0	1705.9	144.54
5042.0	1701.4	144.28
5044.0	1700.1	144.28
5046.0	1697.2	144.15
5048.0	1692.7	143.88
5050.0	1691.4	143.88
5052.0	1686.9	143.61
5054.0	1685.6	143.61
5056.0	1681.1	143.35
5058.0	1679.8	143.35
5060.0	1678.5	143.35
5062.0	1677.2	143.35
5064.0	1674.3	143.22
5066.0	1669.9	142.95
5068.0	1668.6	142.95
5070.0	1667.3	142.95
5072.0	1665.9	142.95
5074.0	1661.6	142.69
5076.0	1657.2	142.43
5078.0	1654.4	142.3
5080.0	1653.1	142.3
5082.0	1648.7	142.04
5084.0	1647.4	142.04
5086.0	1643.1	141.77
5088.0	1641.8	141.77
5090.0	1637.5	141.51
5092.0	1634.7	141.38
5094.0	1633.4	141.38
5096.0	1629.1	141.12
5098.0	1627.9	141.12
5100.0	1623.6	140.86
5102.0	1622.3	140.86
5104.0	1621.1	140.86
5106.0	1616.8	140.6
5108.0	1615.5	140.6
5110.0	1612.8	140.48
5112.0	1611.5	140.48
5114.0	1610.3	140.48
5116.0	1606.0	140.22
5118.0	1604.8	140.22
5120.0	1600.6	139.96
5122.0	1599.3	139.96
5124.0	1598.1	139.96
5126.0	1595.4	139.83
5128.0	1594.1	139.83
5130.0	1590.0	139.57
5132.0	1588.7	139.57
5134.0	1587.5	139.57
5136.0	1586.2	139.57
5138.0	1582.1	139.32
5140.0	1580.9	139.32
5142.0	1579.6	139.32
5144.0	1575.5	139.06
5146.0	1574.3	139.06
5148.0	1573.1	139.06
5150.0	1568.9	138.8
5152.0	1567.7	138.8
5154.0	1565.1	138.68
5156.0	1563.9	138.68
5158.0	1561.2	138.55
5160.0	1558.5	138.42
5162.0	1555.9	138.29
5164.0	1554.7	138.29
5166.0	1552.1	138.16
5168.0	1549.4	138.04
5170.0	1548.2	138.04
5172.0	1545.6	137.91
5174.0	1543.0	137.78
5176.0	1541.8	137.78
5178.0	1539.2	137.66
5180.0	1536.6	137.53
5182.0	1535.4	137.53
5184.0	1532.8	137.4
5186.0	1530.2	137.28
5188.0	1527.6	137.15
5190.0	1526.5	137.15
5192.0	1523.9	137.02
5194.0	1521.3	136.9
5196.0	1520.1	136.9
5198.0	1517.6	136.77
5200.0	1515.0	136.65
5202.0	1512.4	136.52
5204.0	1511.3	136.52
5206.0	1508.7	136.39
5208.0	1506.2	136.27
5210.0	1503.6	136.14
5212.0	1501.1	136.02
5214.0	1500.0	136.02
5216.0	1496.0	135.77
5218.0	1494.9	135.77
5220.0	1493.8	135.77
5222.0	1491.2	135.64
5224.0	1490.1	135.64
5226.0	1486.2	135.39
5228.0	1485.1	135.39
5230.0	1483.9	135.39
5232.0	1480.1	135.15
5234.0	1478.9	135.15
5236.0	1475.1	134.9
5238.0	1472.6	134.77
5240.0	1468.8	134.52
5242.0	1467.7	134.52
5244.0	1463.8	134.28
5246.0	1462.7	134.28
5248.0	1461.6	134.28
5250.0	1457.8	134.03
5252.0	1456.7	134.03
5254.0	1454.3	133.91
5256.0	1453.2	133.91
5258.0	1452.0	133.91
5260.0	1450.9	133.91
5262.0	1449.8	133.91
5264.0	1448.7	133.91
5266.0	1447.6	133.91
5268.0	1446.5	133.91
5270.0	1445.4	133.91
5272.0	1444.3	133.91
5274.0	1440.6	133.66
5276.0	1439.5	133.66
5278.0	1435.8	133.41
5280.0	1434.7	133.41
5282.0	1430.9	133.17
5284.0	1428.5	133.05
5286.0	1424.8	132.8
5288.0	1421.1	132.56
5290.0	1418.8	132.43
5292.0	1415.1	132.19
5294.0	1411.4	131.95
5296.0	1410.3	131.95
5298.0	1406.7	131.7
5300.0	1405.6	131.7
5302.0	1403.3	131.58
5304.0	1399.6	131.34
5306.0	1398.6	131.34
5308.0	1395.0	131.1
5310.0	1393.9	131.1
5312.0	1392.9	131.1
5314.0	1391.8	131.1
5316.0	1388.2	130.86
5318.0	1387.2	130.86
5320.0	1386.1	130.86
5322.0	1383.8	130.74
5324.0	1382.8	130.74
5326.0	1381.7	130.74
5328.0	1380.7	130.74
5330.0	1377.1	130.5
5332.0	1376.1	130.5
5334.0	1372.5	130.26
5336.0	1371.5	130.26
5338.0	1367.9	130.02
5340.0	1365.6	129.9
5342.0	1364.6	129.9
5344.0	1361.1	129.66
5346.0	1360.1	129.66
5348.0	1356.6	129.42
5350.0	1355.5	129.42
5352.0	1350.8	129.06
5354.0	1349.8	129.06
5356.0	1348.8	129.06
5358.0	1345.3	128.83
5360.0	1344.3	128.83
5362.0	1343.3	128.83
5364.0	1339.8	128.59
5366.0	1338.8	128.59
5368.0	1337.8	128.59
5370.0	1336.8	128.59
5372.0	1334.6	128.47
5374.0	1333.6	128.47
5376.0	1330.2	128.23
5378.0	1329.2	128.23
5380.0	1328.2	128.23
5382.0	1324.7	128.0
5384.0	1323.8	128.0
5386.0	1320.3	127.76
5388.0	1319.4	127.76
5390.0	1317.2	127.64
5392.0	1313.8	127.41
5394.0	1310.4	127.17
5396.0	1307.0	126.94
5398.0	1304.8	126.82
5400.0	1299.1	126.36
5402.0	1294.5	126.01
5404.0	1288.8	125.55
5406.0	1284.3	125.2
5408.0	1278.6	124.74
5410.0	1276.5	124.62
5412.0	1270.9	124.17
5414.0	1267.6	123.94
5416.0	1266.7	123.94
5418.0	1265.7	123.94
5420.0	1267.1	124.17
5422.0	1268.5	124.39
5424.0	1269.9	124.62
5426.0	1270.2	124.74
5428.0	1271.6	124.97
5430.0	1273.0	125.2
5432.0	1275.6	125.55
5434.0	1274.6	125.55
5436.0	1273.7	125.55
5438.0	1275.1	125.78
5440.0	1271.8	125.55
5442.0	1270.9	125.55
5444.0	1269.9	125.55
5446.0	1269.0	125.55
5448.0	1265.7	125.31
5450.0	1263.6	125.2
5452.0	1262.7	125.2
5454.0	1259.5	124.97
5456.0	1258.6	124.97
5458.0	1255.3	124.74
5460.0	1254.4	124.74
5462.0	1252.3	124.62
5464.0	1251.4	124.62
5466.0	1248.2	124.39
5468.0	1247.3	124.39
5470.0	1246.4	124.39
5472.0	1243.2	124.17
5474.0	1242.3	124.17
5476.0	1239.1	123.94
5478.0	1238.2	123.94
5480.0	1236.1	123.82
5482.0	1232.9	123.59
5484.0	1232.0	123.59
5486.0	1228.9	123.37
5488.0	1228.0	123.37
5490.0	1224.8	123.14
5492.0	1222.8	123.03
5494.0	1221.9	123.03
5496.0	1221.0	123.03
5498.0	1217.9	122.8
5500.0	1217.0	122.8
5502.0	1216.1	122.8
5504.0	1213.0	122.57
5506.0	1212.1	122.57
5508.0	1211.2	122.57
5510.0	1210.4	122.57
5512.0	1209.5	122.57
5514.0	1206.4	122.35
5516.0	1205.5	122.35
5518.0	1203.5	122.24
5520.0	1202.7	122.24
5522.0	1199.6	122.01
5524.0	1198.7	122.01
5526.0	1197.8	122.01
5528.0	1197.0	122.01
5530.0	1193.9	121.79
5532.0	1193.0	121.79
5534.0	1192.2	121.79
5536.0	1191.3	121.79
5538.0	1190.5	121.79
5540.0	1188.5	121.67
5542.0	1185.5	121.45
5544.0	1184.6	121.45
5546.0	1181.6	121.23
5548.0	1180.7	121.23
5550.0	1177.7	121.0
5552.0	1175.8	120.89
5554.0	1174.9	120.89
5556.0	1171.9	120.67
5558.0	1171.1	120.67
5560.0	1170.2	120.67
5562.0	1167.2	120.45
5564.0	1166.4	120.45
5566.0	1165.6	120.45
5568.0	1164.7	120.45
5570.0	1161.7	120.23
5572.0	1160.9	120.23
5574.0	1160.1	120.23
5576.0	1158.2	120.12
5578.0	1157.3	120.12
5580.0	1156.5	120.12
5582.0	1153.6	119.89
5584.0	1152.7	119.89
5586.0	1151.9	119.89
5588.0	1151.1	119.89
5590.0	1150.3	119.89
5592.0	1147.3	119.67
5594.0	1146.5	119.67
5596.0	1143.6	119.45
5598.0	1141.7	119.34
5600.0	1140.9	119.34
5602.0	1138.0	119.12
5604.0	1137.2	119.12
5606.0	1136.4	119.12
5608.0	1133.5	118.9
5610.0	1132.6	118.9
5612.0	1131.8	118.9
5614.0	1129.0	118.69
5616.0	1127.1	118.58
5618.0	1126.3	118.58
5620.0	1123.4	118.36
5622.0	1122.6	118.36
5624.0	1119.8	118.14
5626.0	1119.0	118.14
5628.0	1117.2	118.03
5630.0	1114.3	117.81
5632.0	1113.5	117.81
5634.0	1112.7	117.81
5636.0	1109.9	117.6
5638.0	1109.1	117.6
5640.0	1106.3	117.38
5642.0	1105.5	117.38
5644.0	1104.7	117.38
5646.0	1103.9	117.38
5648.0	1102.1	117.27
5650.0	1101.3	117.27
5652.0	1098.5	117.06
5654.0	1097.8	117.06
5656.0	1095.0	116.84
5658.0	1094.2	116.84
5660.0	1093.4	116.84
5662.0	1090.6	116.63
5664.0	1088.9	116.52
5666.0	1088.1	116.52
5668.0	1085.3	116.31
5670.0	1084.6	116.31
5672.0	1083.8	116.31
5674.0	1081.0	116.09
5676.0	1080.3	116.09
5678.0	1079.5	116.09
5680.0	1078.8	116.09
5682.0	1076.0	115.88
5684.0	1074.3	115.77
5686.0	1073.5	115.77
5688.0	1070.8	115.56
5690.0	1070.0	115.56
5692.0	1067.3	115.34
5694.0	1066.6	115.34
5696.0	1065.8	115.34
5698.0	1065.1	115.34
5700.0	1064.3	115.34
5702.0	1061.6	115.13
5704.0	1060.9	115.13
5706.0	1060.1	115.13
5708.0	1058.4	115.03
5710.0	1057.7	115.03
5712.0	1056.9	115.03
5714.0	1056.2	115.03
5716.0	1053.5	114.82
5718.0	1052.8	114.82
5720.0	1052.0	114.82
5722.0	1049.4	114.6
5724.0	1048.6	114.6
5726.0	1047.9	114.6
5728.0	1046.2	114.5
5730.0	1045.5	114.5
5732.0	1044.7	114.5
5734.0	1044.0	114.5
5736.0	1041.4	114.29
5738.0	1040.6	114.29
5740.0	1039.9	114.29
5742.0	1039.2	114.29
5744.0	1038.5	114.29
5746.0	1035.8	114.08
5748.0	1035.1	114.08
5750.0	1034.4	114.08
5752.0	1031.8	113.87
5754.0	1031.1	113.87
5756.0	1030.3	113.87
5758.0	1028.7	113.76
5760.0	1026.1	113.55
5762.0	1025.4	113.55
5764.0	1024.6	113.55
5766.0	1023.9	113.55
5768.0	1021.3	113.34
5770.0	1020.6	113.34
5772.0	1019.9	113.34
5774.0	1017.3	113.14
5776.0	1015.7	113.03
5778.0	1015.0	113.03
5780.0	1014.3	113.03
5782.0	1011.7	112.82
5784.0	1011.0	112.82
5786.0	1010.3	112.82
5788.0	1009.6	112.82
5790.0	1007.1	112.62
5792.0	1006.4	112.62
5794.0	1005.7	112.62
5796.0	1003.1	112.41
5798.0	1001.5	112.31
5800.0	1000.8	112.31
5802.0	1000.1	112.31
5804.0	997.62	112.1
5806.0	996.94	112.1
5808.0	996.25	112.1
5810.0	995.56	112.1
5812.0	994.88	112.1
5814.0	992.36	111.89
5816.0	991.68	111.89
5818.0	991.0	111.89
5820.0	988.49	111.69
5822.0	986.91	111.58
5824.0	986.23	111.58
5826.0	985.55	111.58
5828.0	983.07	111.38
5830.0	982.39	111.38
5832.0	979.91	111.17
5834.0	979.24	111.17
5836.0	977.66	111.07
5838.0	975.2	110.87
5840.0	974.53	110.87
5842.0	972.07	110.66
5844.0	971.41	110.66
5846.0	970.74	110.66
5848.0	968.29	110.46
5850.0	967.63	110.46
5852.0	966.97	110.46
5854.0	965.42	110.36
5856.0	962.98	110.15
5858.0	962.33	110.15
5860.0	961.67	110.15
5862.0	961.01	110.15
5864.0	960.36	110.15
5866.0	957.94	109.95
5868.0	957.28	109.95
5870.0	956.63	109.95
5872.0	954.22	109.75
5874.0	952.69	109.65
5876.0	952.04	109.65
5878.0	949.64	109.45
5880.0	949.0	109.45
5882.0	948.35	109.45
5884.0	947.71	109.45
5886.0	945.33	109.24
5888.0	944.68	109.24
5890.0	944.04	109.24
5892.0	943.4	109.24
5894.0	941.02	109.04
5896.0	939.52	108.94
5898.0	938.88	108.94
5900.0	938.24	108.94
5902.0	935.89	108.74
5904.0	935.25	108.74
5906.0	934.62	108.74
5908.0	933.98	108.74
5910.0	931.64	108.54
5912.0	931.01	108.54
5914.0	929.52	108.44
5916.0	927.18	108.24
5918.0	926.55	108.24
5920.0	925.93	108.24
5922.0	923.6	108.04
5924.0	922.98	108.04
5926.0	922.35	108.04
5928.0	921.73	108.04
5930.0	921.11	108.04
5932.0	920.49	108.04
5934.0	918.18	107.85
5936.0	917.56	107.85
5938.0	916.94	107.85
5940.0	915.48	107.75
5942.0	913.18	107.55
5944.0	912.56	107.55
5946.0	911.95	107.55
5948.0	909.66	107.35
5950.0	909.05	107.35
5952.0	908.44	107.35
5954.0	907.83	107.35
5956.0	905.55	107.15
5958.0	904.94	107.15
5960.0	904.34	107.15
5962.0	903.73	107.15
5964.0	902.29	107.05
5966.0	900.02	106.86
5968.0	899.42	106.86
5970.0	898.82	106.86
5972.0	898.22	106.86
5974.0	895.96	106.66
5976.0	895.36	106.66
5978.0	894.76	106.66
5980.0	894.17	106.66
5982.0	891.93	106.46
5984.0	891.33	106.46
5986.0	889.91	106.37
5988.0	889.32	106.37
5990.0	888.73	106.37
5992.0	888.13	106.37
5994.0	885.9	106.17
5996.0	885.31	106.17
5998.0	884.72	106.17
6000.0	884.13	106.17
6002.0	881.92	105.97
6004.0	881.33	105.97
6006.0	880.74	105.97
6008.0	878.54	105.78
6010.0	877.14	105.68
6012.0	876.56	105.68
6014.0	875.98	105.68
6016.0	875.39	105.68
6018.0	873.2	105.49
6020.0	872.62	105.49
6022.0	872.04	105.49
6024.0	869.86	105.29
6026.0	869.29	105.29
6028.0	868.71	105.29
6030.0	867.33	105.2
6032.0	866.76	105.2
6034.0	864.59	105.0
6036.0	864.02	105.0
6038.0	863.44	105.0
6040.0	861.28	104.81
6042.0	860.71	104.81
6044.0	860.14	104.81
6046.0	859.57	104.81
6048.0	857.43	104.62
6050.0	856.86	104.62
6052.0	856.29	104.62
6054.0	855.73	104.62
6056.0	854.37	104.52
6058.0	852.24	104.33
6060.0	851.68	104.33
6062.0	851.11	104.33
6064.0	848.99	104.14
6066.0	848.43	104.14
6068.0	847.87	104.14
6070.0	847.31	104.14
6072.0	845.2	103.94
6074.0	843.86	103.85
6076.0	843.3	103.85
6078.0	842.75	103.85
6080.0	842.2	103.85
6082.0	840.1	103.66
6084.0	839.54	103.66
6086.0	838.99	103.66
6088.0	836.89	103.47
6090.0	836.34	103.47
6092.0	835.8	103.47
6094.0	833.71	103.28
6096.0	833.16	103.28
6098.0	831.85	103.18
6100.0	831.31	103.18
6102.0	830.76	103.18
6104.0	830.22	103.18
6106.0	828.14	102.99
6108.0	827.6	102.99
6110.0	827.06	102.99
6112.0	825.0	102.8
6114.0	824.46	102.8
6116.0	823.92	102.8
6118.0	821.87	102.61
6120.0	821.33	102.61
6122.0	820.04	102.52
6124.0	819.5	102.52
6126.0	818.97	102.52
6128.0	818.43	102.52
6130.0	817.9	102.52
6132.0	815.86	102.33
6134.0	815.33	102.33
6136.0	814.8	102.33
6138.0	812.77	102.14
6140.0	812.24	102.14
6142.0	811.71	102.14
6144.0	810.43	102.05
6146.0	808.42	101.86
6148.0	807.89	101.86
6150.0	805.88	101.67
6152.0	805.35	101.67
6154.0	804.83	101.67
6156.0	802.83	101.48
6158.0	802.31	101.48
6160.0	801.05	101.39
6162.0	799.06	101.2
6164.0	797.07	101.02
6166.0	796.55	101.02
6168.0	794.57	100.83
6170.0	794.05	100.83
6172.0	792.81	100.74
6174.0	792.29	100.74
6176.0	791.78	100.74
6178.0	789.81	100.55
6180.0	789.3	100.55
6182.0	787.34	100.37
6184.0	786.83	100.37
6186.0	784.87	100.18
6188.0	783.64	100.09
6190.0	783.14	100.09
6192.0	781.19	99.90799999999999
6194.0	780.69	99.90799999999999
6196.0	780.18	99.90799999999999
6198.0	778.25	99.72399999999999
6200.0	777.75	99.72399999999999
6202.0	777.24	99.72399999999999
6204.0	776.74	99.72399999999999
6206.0	774.81	99.54
6208.0	773.6	99.449
6210.0	773.1	99.449
6212.0	772.6	99.449
6214.0	770.69	99.266
6216.0	768.77	99.083
6218.0	768.28	99.083
6220.0	767.08	98.992
6222.0	765.17	98.809
6224.0	764.68	98.809
6226.0	762.79	98.62799999999999
6228.0	762.29	98.62799999999999
6230.0	761.81	98.62799999999999
6232.0	759.92	98.447
6234.0	759.43	98.447
6236.0	758.94	98.447
6238.0	758.46	98.447
6240.0	757.97	98.447
6242.0	757.48	98.447
6244.0	757.0	98.447
6246.0	755.82	98.35600000000001
6248.0	755.33	98.35600000000001
6250.0	753.46	98.17399999999999
6252.0	752.98	98.17399999999999
6254.0	752.5	98.17399999999999
6256.0	750.63	97.994
6258.0	750.15	97.994
6260.0	749.67	97.994
6262.0	749.19	97.994
6264.0	748.72	97.994
6266.0	746.86	97.81299999999999
6268.0	745.7	97.72399999999999
6270.0	745.22	97.72399999999999
6272.0	743.37	97.544
6274.0	742.9	97.544
6276.0	741.06	97.36399999999999
6278.0	739.23	97.185
6280.0	738.08	97.096
6282.0	737.61	97.096
6284.0	737.14	97.096
6286.0	736.67	97.096
6288.0	736.2	97.096
6290.0	735.73	97.096
6292.0	733.91	96.917
6294.0	733.44	96.917
6296.0	732.98	96.917
6298.0	732.51	96.917
6300.0	730.7	96.73899999999999
6302.0	730.24	96.73899999999999
6304.0	729.77	96.73899999999999
6306.0	729.31	96.73899999999999
6308.0	728.85	96.73899999999999
6310.0	728.39	96.73899999999999
6312.0	727.92	96.73899999999999
6314.0	727.46	96.73899999999999
6316.0	726.34	96.65
6318.0	725.88	96.65
6320.0	724.08	96.47200000000001
6322.0	723.62	96.47200000000001
6324.0	723.16	96.47200000000001
6326.0	722.71	96.47200000000001
6328.0	722.25	96.47200000000001
6330.0	721.79	96.47200000000001
6332.0	720.01	96.294
6334.0	719.55	96.294
6336.0	719.1	96.294
6338.0	717.32	96.117
6340.0	716.87	96.117
6342.0	715.76	96.029
6344.0	713.99	95.852
6346.0	713.54	95.852
6348.0	711.78	95.675
6350.0	711.33	95.675
6352.0	709.58	95.499
6354.0	709.13	95.499
6356.0	708.68	95.499
6358.0	707.59	95.411
6360.0	707.14	95.411
6362.0	706.7	95.411
6364.0	704.95	95.236
6366.0	704.51	95.236
6368.0	704.07	95.236
6370.0	702.33	95.06
6372.0	701.89	95.06
6374.0	701.45	95.06
6376.0	699.72	94.885
6378.0	698.64	94.79799999999999
6380.0	698.2	94.79799999999999
6382.0	696.48	94.624
6384.0	696.04	94.624
6386.0	695.6	94.624
6388.0	693.89	94.449
6390.0	693.45	94.449
6392.0	693.02	94.449
6394.0	691.31	94.27600000000001
6396.0	692.15	94.449
6398.0	691.72	94.449
6400.0	691.29	94.449
6402.0	690.86	94.449
6404.0	690.43	94.449
6406.0	689.99	94.449
6408.0	688.3	94.27600000000001
6410.0	687.87	94.27600000000001
6412.0	687.44	94.27600000000001
6414.0	687.01	94.27600000000001
6416.0	685.95	94.189
6418.0	685.52	94.189
6420.0	685.09	94.189
6422.0	683.41	94.016
6424.0	682.98	94.016
6426.0	682.56	94.016
6428.0	680.88	93.84200000000001
6430.0	680.45	93.84200000000001
6432.0	680.03	93.84200000000001
6434.0	679.61	93.84200000000001
6436.0	679.18	93.84200000000001
6438.0	678.14	93.756
6440.0	677.72	93.756
6442.0	677.3	93.756
6444.0	675.63	93.584
6446.0	675.21	93.584
6448.0	674.79	93.584
6450.0	674.38	93.584
6452.0	673.96	93.584
6454.0	673.54	93.584
6456.0	671.88	93.411
6458.0	671.47	93.411
6460.0	671.05	93.411
6462.0	669.4	93.23899999999999
6464.0	668.99	93.23899999999999
6466.0	668.57	93.23899999999999
6468.0	667.55	93.154
6470.0	665.9	92.98200000000001
6472.0	665.49	92.98200000000001
6474.0	665.08	92.98200000000001
6476.0	663.45	92.811
6478.0	663.04	92.811
6480.0	662.63	92.811
6482.0	661.0	92.64
6484.0	659.99	92.555
6486.0	659.58	92.555
6488.0	657.96	92.385
6490.0	657.56	92.385
6492.0	655.94	92.215
6494.0	654.33	92.045
6496.0	653.33	91.96
6498.0	651.72	91.791
6500.0	651.32	91.791
6502.0	649.72	91.62200000000001
6504.0	647.53	91.369
6506.0	645.94	91.20100000000001
6508.0	643.76	90.949
6510.0	641.0	90.615
6512.0	638.84	90.365
6514.0	636.1	90.03299999999999
6516.0	633.95	89.78399999999999
6518.0	632.4	89.619
6520.0	629.11	89.20700000000001
6522.0	627.57	89.04299999999999
6524.0	626.03	88.87899999999999
6526.0	623.92	88.634
6528.0	622.39	88.471
6530.0	620.86	88.30799999999999
6532.0	618.77	88.064
6534.0	617.25	87.902
6536.0	615.17	87.65899999999999
6538.0	612.54	87.337
6540.0	610.47	87.096
6542.0	606.18	86.536
6544.0	601.91	85.98
6546.0	597.68	85.428
6548.0	590.75	84.48899999999999
6550.0	585.51	83.791
6552.0	578.72	82.87
6554.0	570.96	81.808
6556.0	564.34	80.90899999999999
6558.0	557.8	80.02
6560.0	551.84	79.214
6562.0	546.45	78.487
6564.0	542.6	77.983
6566.0	542.27	77.983
6568.0	541.94	77.983
6570.0	543.11	78.199
6572.0	547.3	78.85
6574.0	552.03	79.579
6576.0	557.31	80.389
6578.0	563.16	81.283
6580.0	569.07	82.186
6582.0	575.05	83.1
6584.0	579.48	83.791
6586.0	583.95	84.48899999999999
6588.0	587.91	85.11399999999999
6590.0	591.36	85.664
6592.0	593.18	85.98
6594.0	595.56	86.37700000000001
6596.0	597.94	86.77600000000001
6598.0	598.68	86.936
6600.0	599.97	87.176
6602.0	600.72	87.337
6604.0	602.57	87.65899999999999
6606.0	602.76	87.741
6608.0	603.5	87.902
6610.0	604.25	88.064
6612.0	605.0	88.226
6614.0	605.19	88.30799999999999
6616.0	604.82	88.30799999999999
6618.0	605.57	88.471
6620.0	605.21	88.471
6622.0	604.84	88.471
6624.0	604.48	88.471
6626.0	604.11	88.471
6628.0	603.75	88.471
6630.0	603.38	88.471
6632.0	603.02	88.471
6634.0	602.66	88.471
6636.0	602.29	88.471
6638.0	601.93	88.471
6640.0	601.57	88.471
6642.0	600.1	88.30799999999999
6644.0	599.74	88.30799999999999
6646.0	599.38	88.30799999999999
6648.0	599.02	88.30799999999999
6650.0	598.66	88.30799999999999
6652.0	597.74	88.226
6654.0	597.38	88.226
6656.0	595.93	88.064
6658.0	595.57	88.064
6660.0	595.21	88.064
6662.0	593.76	87.902
6664.0	593.4	87.902
6666.0	591.96	87.741
6668.0	591.6	87.741
6670.0	591.25	87.741
6672.0	590.35	87.65899999999999
6674.0	589.99	87.65899999999999
6676.0	588.56	87.49799999999999
6678.0	588.2	87.49799999999999
6680.0	587.85	87.49799999999999
6682.0	587.5	87.49799999999999
6684.0	587.15	87.49799999999999
6686.0	585.72	87.337
6688.0	585.37	87.337
6690.0	585.02	87.337
6692.0	583.59	87.176
6694.0	582.7	87.096
6696.0	582.36	87.096
6698.0	582.01	87.096
6700.0	580.59	86.936
6702.0	580.25	86.936
6704.0	578.83	86.77600000000001
6706.0	578.49	86.77600000000001
6708.0	577.08	86.617
6710.0	576.2	86.536
6712.0	575.86	86.536
6714.0	574.46	86.37700000000001
6716.0	574.11	86.37700000000001
6718.0	572.72	86.21799999999999
6720.0	572.38	86.21799999999999
6722.0	572.04	86.21799999999999
6724.0	571.17	86.139
6726.0	570.83	86.139
6728.0	569.44	85.98
6730.0	569.1	85.98
6732.0	568.76	85.98
6734.0	568.42	85.98
6736.0	568.09	85.98
6738.0	567.75	85.98
6740.0	567.41	85.98
6742.0	566.03	85.822
6744.0	565.7	85.822
6746.0	565.36	85.822
6748.0	565.03	85.822
6750.0	563.66	85.664
6752.0	563.32	85.664
6754.0	562.99	85.664
6756.0	562.14	85.585
6758.0	560.77	85.428
6760.0	560.44	85.428
6762.0	560.1	85.428
6764.0	558.74	85.271
6766.0	558.41	85.271
6768.0	558.08	85.271
6770.0	557.75	85.271
6772.0	557.42	85.271
6774.0	557.1	85.271
6776.0	556.77	85.271
6778.0	556.44	85.271
6780.0	556.11	85.271
6782.0	555.78	85.271
6784.0	554.43	85.11399999999999
6786.0	554.11	85.11399999999999
6788.0	553.78	85.11399999999999
6790.0	552.94	85.035
6792.0	552.62	85.035
6794.0	551.28	84.87899999999999
6796.0	550.95	84.87899999999999
6798.0	549.61	84.723
6800.0	549.29	84.723
6802.0	548.97	84.723
6804.0	547.64	84.56700000000001
6806.0	547.32	84.56700000000001
6808.0	546.49	84.48899999999999
6810.0	546.17	84.48899999999999
6812.0	544.84	84.333
6814.0	544.52	84.333
6816.0	543.2	84.178
6818.0	542.88	84.178
6820.0	542.56	84.178
6822.0	542.25	84.178
6824.0	541.93	84.178
6826.0	541.61	84.178
6828.0	541.29	84.178
6830.0	540.98	84.178
6832.0	540.66	84.178
6834.0	539.35	84.023
6836.0	539.04	84.023
6838.0	538.22	83.946
6840.0	537.91	83.946
6842.0	537.59	83.946
6844.0	537.28	83.946
6846.0	536.47	83.869
6848.0	536.16	83.869
6850.0	535.85	83.869
6852.0	535.04	83.791
6854.0	534.73	83.791
6856.0	534.41	83.791
6858.0	533.61	83.714
6860.0	533.3	83.714
6862.0	532.5	83.637
6864.0	532.19	83.637
6866.0	531.88	83.637
6868.0	531.08	83.56
6870.0	530.77	83.56
6872.0	530.46	83.56
6874.0	529.67	83.48299999999999
6876.0	529.36	83.48299999999999
6878.0	528.56	83.406
6880.0	528.26	83.406
6882.0	527.95	83.406
6884.0	527.16	83.33
6886.0	526.85	83.33
6888.0	526.06	83.25299999999999
6890.0	525.75	83.25299999999999
6892.0	525.45	83.25299999999999
6894.0	524.66	83.176
6896.0	524.36	83.176
6898.0	523.57	83.1
6900.0	523.27	83.1
6902.0	522.48	83.023
6904.0	522.18	83.023
6906.0	521.88	83.023
6908.0	521.09	82.947
6910.0	520.79	82.947
6912.0	520.01	82.87
6914.0	519.71	82.87
6916.0	518.93	82.794
6918.0	518.63	82.794
6920.0	517.85	82.71799999999999
6922.0	517.55	82.71799999999999
6924.0	517.26	82.71799999999999
6926.0	516.48	82.64200000000001
6928.0	516.19	82.64200000000001
6930.0	515.41	82.566
6932.0	515.11	82.566
6934.0	514.34	82.49
6936.0	514.05	82.49
6938.0	513.28	82.414
6940.0	512.98	82.414
6942.0	512.21	82.338
6944.0	511.92	82.338
6946.0	511.15	82.262
6948.0	510.86	82.262
6950.0	510.09	82.186
6952.0	509.8	82.186
6954.0	509.51	82.186
6956.0	508.28	82.035
6958.0	507.52	81.959
6960.0	507.23	81.959
6962.0	506.93	81.959
6964.0	505.71	81.808
6966.0	505.42	81.808
6968.0	505.13	81.808
6970.0	504.84	81.808
6972.0	504.55	81.808
6974.0	504.26	81.808
6976.0	503.97	81.808
6978.0	502.76	81.658
6980.0	502.47	81.658
6982.0	502.18	81.658
6984.0	501.89	81.658
6986.0	501.61	81.658
6988.0	501.32	81.658
6990.0	501.03	81.658
6992.0	500.74	81.658
6994.0	500.46	81.658
6996.0	500.17	81.658
6998.0	498.97	81.508
7000.0	498.68	81.508
7002.0	498.4	81.508
7004.0	498.11	81.508
7006.0	497.37	81.433
7008.0	497.09	81.433
7010.0	496.8	81.433
7012.0	496.52	81.433
7014.0	496.24	81.433
7016.0	495.04	81.283
7018.0	494.76	81.283
7020.0	494.48	81.283
7022.0	493.29	81.133
7024.0	493.0	81.133
7026.0	492.27	81.059
7028.0	491.99	81.059
7030.0	491.71	81.059
7032.0	491.43	81.059
7034.0	491.15	81.059
7036.0	490.87	81.059
7038.0	491.04	81.133
7040.0	490.77	81.133
7042.0	490.49	81.133
7044.0	490.21	81.133
7046.0	489.93	81.133
7048.0	489.2	81.059
7050.0	488.93	81.059
7052.0	487.75	80.90899999999999
7054.0	486.57	80.76
7056.0	486.3	80.76
7058.0	485.13	80.612
7060.0	484.85	80.612
7062.0	484.13	80.538
7064.0	482.97	80.389
7066.0	482.7	80.389
7068.0	481.53	80.242
7070.0	481.26	80.242
7072.0	480.1	80.094
7074.0	479.39	80.02
7076.0	479.12	80.02
7078.0	477.97	79.873
7080.0	477.7	79.873
7082.0	476.55	79.726
7084.0	476.28	79.726
7086.0	476.01	79.726
7088.0	475.74	79.726
7090.0	474.6	79.579
7092.0	473.9	79.506
7094.0	473.63	79.506
7096.0	473.36	79.506
7098.0	473.1	79.506
7100.0	471.96	79.36
7102.0	471.69	79.36
7104.0	471.43	79.36
7106.0	471.16	79.36
7108.0	470.9	79.36
7110.0	470.63	79.36
7112.0	470.37	79.36
7114.0	469.24	79.214
7116.0	468.97	79.214
7118.0	468.71	79.214
7120.0	467.16	78.995
7122.0	466.89	78.995
7124.0	465.77	78.85
7126.0	464.65	78.704
7128.0	463.96	78.632
7130.0	462.85	78.487
7132.0	462.59	78.487
7134.0	461.48	78.343
7136.0	460.37	78.199
7138.0	460.12	78.199
7140.0	459.43	78.127
7142.0	458.33	77.983
7144.0	458.08	77.983
7146.0	457.82	77.983
7148.0	457.56	77.983
7150.0	457.31	77.983
7152.0	457.05	77.983
7154.0	457.64	78.127
7156.0	457.38	78.127
7158.0	457.13	78.127
7160.0	456.87	78.127
7162.0	456.62	78.127
7164.0	456.78	78.199
7166.0	456.53	78.199
7168.0	455.85	78.127
7170.0	455.6	78.127
7172.0	455.34	78.127
7174.0	454.25	77.983
7176.0	454.0	77.983
7178.0	453.75	77.983
7180.0	453.49	77.983
7182.0	452.41	77.839
7184.0	452.16	77.839
7186.0	451.07	77.696
7188.0	450.41	77.625
7190.0	450.16	77.625
7192.0	449.08	77.482
7194.0	448.0	77.339
7196.0	447.75	77.339
7198.0	447.5	77.339
7200.0	446.43	77.197
7202.0	445.77	77.126
7204.0	445.53	77.126
7206.0	445.28	77.126
7208.0	444.21	76.984
7210.0	444.78	77.126
7212.0	444.95	77.197
7214.0	445.52	77.339
7216.0	445.27	77.339
7218.0	445.85	77.482
7220.0	445.6	77.482
7222.0	445.35	77.482
7224.0	445.11	77.482
7226.0	444.86	77.482
7228.0	443.8	77.339
7230.0	443.55	77.339
7232.0	443.31	77.339
7234.0	443.06	77.339
7236.0	442.82	77.339
7238.0	441.76	77.197
7240.0	441.51	77.197
7242.0	441.27	77.197
7244.0	441.03	77.197
7246.0	440.78	77.197
7248.0	440.54	77.197
7250.0	440.3	77.197
7252.0	439.65	77.126
7254.0	439.41	77.126
7256.0	439.16	77.126
7258.0	438.92	77.126
7260.0	438.68	77.126
7262.0	437.63	76.984
7264.0	437.39	76.984
7266.0	437.15	76.984
7268.0	436.91	76.984
7270.0	435.86	76.842
7272.0	435.62	76.842
7274.0	434.99	76.77199999999999
7276.0	434.75	76.77199999999999
7278.0	433.71	76.63
7280.0	433.47	76.63
7282.0	433.23	76.63
7284.0	433.79	76.77199999999999
7286.0	433.95	76.842
7288.0	433.71	76.842
7290.0	433.48	76.842
7292.0	433.24	76.842
7294.0	433.0	76.842
7296.0	432.76	76.842
7298.0	432.13	76.77199999999999
7300.0	431.1	76.63
7302.0	430.86	76.63
7304.0	430.62	76.63
7306.0	429.6	76.48899999999999
7308.0	429.36	76.48899999999999
7310.0	429.13	76.48899999999999
7312.0	428.89	76.48899999999999
7314.0	427.87	76.348
7316.0	427.63	76.348
7318.0	427.4	76.348
7320.0	426.78	76.278
7322.0	425.76	76.138
7324.0	425.52	76.138
7326.0	424.51	75.998
7328.0	424.28	75.998
7330.0	423.27	75.858
7332.0	423.03	75.858
7334.0	422.8	75.858
7336.0	422.57	75.858
7338.0	421.95	75.788
7340.0	421.72	75.788
7342.0	420.72	75.648
7344.0	420.49	75.648
7346.0	420.26	75.648
7348.0	420.03	75.648
7350.0	419.8	75.648
7352.0	419.57	75.648
7354.0	419.35	75.648
7356.0	419.12	75.648
7358.0	418.89	75.648
7360.0	417.89	75.509
7362.0	417.67	75.509
7364.0	417.44	75.509
7366.0	417.21	75.509
7368.0	416.99	75.509
7370.0	415.99	75.37
7372.0	415.77	75.37
7374.0	415.54	75.37
7376.0	415.32	75.37
7378.0	415.09	75.37
7380.0	414.49	75.301
7382.0	414.26	75.301
7384.0	414.04	75.301
7386.0	413.05	75.16199999999999
7388.0	412.83	75.16199999999999
7390.0	411.84	75.024
7392.0	411.62	75.024
7394.0	411.4	75.024
7396.0	410.42	74.88600000000001
7398.0	410.2	74.88600000000001
7400.0	409.97	74.88600000000001
7402.0	409.38	74.817
7404.0	409.15	74.817
7406.0	408.93	74.817
7408.0	408.71	74.817
7410.0	407.74	74.679
7412.0	407.52	74.679
7414.0	407.3	74.679
7416.0	407.08	74.679
7418.0	406.86	74.679
7420.0	406.64	74.679
7422.0	406.42	74.679
7424.0	406.2	74.679
7426.0	405.99	74.679
7428.0	405.77	74.679
7430.0	404.8	74.542
7432.0	404.59	74.542
7434.0	404.37	74.542
7436.0	404.15	74.542
7438.0	403.56	74.473
7440.0	402.6	74.336
7442.0	401.64	74.199
7444.0	401.43	74.199
7446.0	400.47	74.063
7448.0	400.26	74.063
7450.0	400.05	74.063
7452.0	399.46	73.995
7454.0	399.25	73.995
7456.0	399.03	73.995
7458.0	398.82	73.995
7460.0	398.61	73.995
7462.0	398.39	73.995
7464.0	397.44	73.858
7466.0	397.23	73.858
7468.0	397.02	73.858
7470.0	396.81	73.858
7472.0	396.59	73.858
7474.0	396.38	73.858
7476.0	396.17	73.858
7478.0	395.96	73.858
7480.0	395.02	73.722
7482.0	394.81	73.722
7484.0	394.6	73.722
7486.0	394.39	73.722
7488.0	394.17	73.722
7490.0	393.96	73.722
7492.0	393.03	73.587
7494.0	392.82	73.587
7496.0	392.25	73.51899999999999
7498.0	392.04	73.51899999999999
7500.0	391.83	73.51899999999999
7502.0	391.62	73.51899999999999
7504.0	390.69	73.384
7506.0	390.48	73.384
7508.0	390.28	73.384
7510.0	389.35	73.249
7512.0	389.14	73.249
7514.0	388.94	73.249
7516.0	388.01	73.11399999999999
7518.0	387.45	73.047
7520.0	387.24	73.047
7522.0	387.04	73.047
7524.0	386.12	72.91199999999999
7526.0	385.91	72.91199999999999
7528.0	385.71	72.91199999999999
7530.0	385.51	72.91199999999999
7532.0	385.3	72.91199999999999
7534.0	385.1	72.91199999999999
7536.0	385.6	73.047
7538.0	385.4	73.047
7540.0	385.19	73.047
7542.0	384.99	73.047
7544.0	384.78	73.047
7546.0	384.58	73.047
7548.0	383.67	72.91199999999999
7550.0	383.11	72.845
7552.0	382.56	72.778
7554.0	382.35	72.778
7556.0	382.15	72.778
7558.0	381.6	72.711
7560.0	381.4	72.711
7562.0	380.84	72.64399999999999
7564.0	380.64	72.64399999999999
7566.0	380.44	72.64399999999999
7568.0	379.89	72.577
7570.0	379.69	72.577
7572.0	379.49	72.577
7574.0	378.94	72.51
7576.0	378.74	72.51
7578.0	378.19	72.444
7580.0	377.99	72.444
7582.0	377.79	72.444
7584.0	377.25	72.377
7586.0	377.05	72.377
7588.0	376.5	72.31
7590.0	376.3	72.31
7592.0	375.76	72.244
7594.0	375.56	72.244
7596.0	375.02	72.17699999999999
7598.0	374.82	72.17699999999999
7600.0	374.62	72.17699999999999
7602.0	374.08	72.111
7604.0	373.88	72.111
7606.0	373.34	72.044
7608.0	373.15	72.044
7610.0	372.61	71.97800000000001
7612.0	372.41	71.97800000000001
7614.0	371.87	71.911
7616.0	371.68	71.911
7618.0	371.14	71.845
7620.0	370.95	71.845
7622.0	370.41	71.779
7624.0	370.21	71.779
7626.0	369.68	71.71300000000001
7628.0	369.49	71.71300000000001
7630.0	368.95	71.64699999999999
7632.0	368.42	71.581
7634.0	368.23	71.581
7636.0	367.7	71.516
7638.0	367.5	71.516
7640.0	366.97	71.45
7642.0	366.78	71.45
7644.0	366.25	71.384
7646.0	365.72	71.318
7648.0	365.53	71.318
7650.0	365.0	71.253
7652.0	364.81	71.253
7654.0	364.29	71.187
7656.0	363.76	71.12100000000001
7658.0	363.57	71.12100000000001
7660.0	363.05	71.056
7662.0	362.86	71.056
7664.0	362.33	70.99
7666.0	361.81	70.925
7668.0	361.62	70.925
7670.0	361.1	70.86
7672.0	360.58	70.795
7674.0	360.39	70.795
7676.0	359.87	70.729
7678.0	359.36	70.664
7680.0	359.17	70.664
7682.0	358.65	70.59899999999999
7684.0	358.13	70.53399999999999
7686.0	357.95	70.53399999999999
7688.0	357.43	70.469
7690.0	356.92	70.404
7692.0	356.08	70.275
7694.0	355.89	70.275
7696.0	355.05	70.145
7698.0	354.87	70.145
7700.0	354.68	70.145
7702.0	354.17	70.081
7704.0	353.99	70.081
7706.0	353.15	69.952
7708.0	352.97	69.952
7710.0	353.44	70.081
7712.0	353.25	70.081
7714.0	353.07	70.081
7716.0	352.89	70.081
7718.0	352.06	69.952
7720.0	351.87	69.952
7722.0	351.69	69.952
7724.0	350.86	69.82300000000001
7726.0	350.68	69.82300000000001
7728.0	349.85	69.695
7730.0	349.35	69.63
7732.0	348.53	69.502
7734.0	348.35	69.502
7736.0	347.53	69.375
7738.0	347.35	69.375
7740.0	347.17	69.375
7742.0	346.99	69.375
7744.0	346.81	69.375
7746.0	346.63	69.375
7748.0	346.45	69.375
7750.0	346.27	69.375
7752.0	346.09	69.375
7754.0	345.91	69.375
7756.0	345.74	69.375
7758.0	345.56	69.375
7760.0	345.38	69.375
7762.0	344.57	69.247
7764.0	344.39	69.247
7766.0	344.21	69.247
7768.0	344.03	69.247
7770.0	343.86	69.247
7772.0	343.36	69.183
7774.0	343.19	69.183
7776.0	343.01	69.183
7778.0	342.83	69.183
7780.0	342.03	69.056
7782.0	341.85	69.056
7784.0	341.68	69.056
7786.0	341.5	69.056
7788.0	340.7	68.929
7790.0	340.52	68.929
7792.0	340.35	68.929
7794.0	339.55	68.80199999999999
7796.0	339.06	68.738
7798.0	338.89	68.738
7800.0	338.09	68.612
7802.0	337.92	68.612
7804.0	337.12	68.486
7806.0	336.95	68.486
7808.0	336.78	68.486
7810.0	336.6	68.486
7812.0	336.12	68.423
7814.0	335.95	68.423
7816.0	335.78	68.423
7818.0	335.6	68.423
7820.0	334.82	68.296
7822.0	334.64	68.296
7824.0	334.47	68.296
7826.0	334.3	68.296
7828.0	334.13	68.296
7830.0	333.96	68.296
7832.0	333.18	68.171
7834.0	333.01	68.171
7836.0	332.84	68.171
7838.0	332.06	68.046
7840.0	331.89	68.046
7842.0	331.72	68.046
7844.0	331.55	68.046
7846.0	331.07	67.983
7848.0	330.9	67.983
7850.0	330.74	67.983
7852.0	330.87	68.046
7854.0	330.7	68.046
7856.0	330.54	68.046
7858.0	330.37	68.046
7860.0	330.2	68.046
7862.0	330.03	68.046
7864.0	329.56	67.983
7866.0	329.39	67.983
7868.0	328.62	67.858
7870.0	328.45	67.858
7872.0	328.28	67.858
7874.0	328.12	67.858
7876.0	327.95	67.858
7878.0	327.78	67.858
7880.0	327.62	67.858
7882.0	326.85	67.733
7884.0	326.68	67.733
7886.0	326.52	67.733
7888.0	326.35	67.733
7890.0	326.19	67.733
7892.0	326.02	67.733
7894.0	325.86	67.733
7896.0	325.69	67.733
7898.0	325.53	67.733
7900.0	325.36	67.733
7902.0	325.2	67.733
7904.0	324.43	67.608
7906.0	324.27	67.608
7908.0	324.11	67.608
7910.0	323.64	67.546
7912.0	323.48	67.546
7914.0	322.72	67.421
7916.0	322.56	67.421
7918.0	322.39	67.421
7920.0	322.23	67.421
7922.0	322.07	67.421
7924.0	321.91	67.421
7926.0	321.15	67.298
7928.0	320.99	67.298
7930.0	320.24	67.17399999999999
7932.0	319.78	67.112
7934.0	319.62	67.112
7936.0	319.46	67.112
7938.0	319.3	67.112
7940.0	319.14	67.112
7942.0	318.98	67.112
7944.0	318.82	67.112
7946.0	318.66	67.112
7948.0	318.5	67.112
7950.0	317.75	66.988
7952.0	317.59	66.988
7954.0	317.43	66.988
7956.0	317.27	66.988
7958.0	317.11	66.988
7960.0	316.95	66.988
7962.0	316.79	66.988
7964.0	316.05	66.865
7966.0	315.89	66.865
7968.0	315.73	66.865
7970.0	315.58	66.865
7972.0	315.42	66.865
7974.0	314.68	66.742
7976.0	314.52	66.742
7978.0	314.36	66.742
7980.0	313.92	66.681
7982.0	313.76	66.681
7984.0	313.6	66.681
7986.0	313.45	66.681
7988.0	313.29	66.681
7990.0	313.13	66.681
7992.0	312.97	66.681
7994.0	312.24	66.558
7996.0	312.09	66.558
7998.0	312.51	66.681
8000.0	312.35	66.681
8002.0	312.19	66.681
8004.0	312.04	66.681
8006.0	311.88	66.681
8008.0	311.15	66.558
8010.0	311.0	66.558
8012.0	310.84	66.558
8014.0	310.68	66.558
8016.0	309.96	66.435
8018.0	309.8	66.435
8020.0	309.65	66.435
8022.0	309.5	66.435
8024.0	309.34	66.435
8026.0	308.9	66.374
8028.0	308.18	66.252
8030.0	308.03	66.252
8032.0	307.31	66.13
8034.0	307.15	66.13
8036.0	307.0	66.13
8038.0	306.85	66.13
8040.0	306.13	66.008
8042.0	305.98	66.008
8044.0	305.83	66.008
8046.0	306.24	66.13
8048.0	306.09	66.13
8050.0	305.93	66.13
8052.0	305.78	66.13
8054.0	305.07	66.008
8056.0	304.92	66.008
8058.0	304.77	66.008
8060.0	304.61	66.008
8062.0	304.46	66.008
8064.0	304.31	66.008
8066.0	304.16	66.008
8068.0	304.01	66.008
8070.0	303.58	65.94800000000001
8072.0	302.87	65.82600000000001
8074.0	302.72	65.82600000000001
8076.0	302.57	65.82600000000001
8078.0	302.42	65.82600000000001
8080.0	301.71	65.705
8082.0	301.57	65.705
8084.0	301.42	65.705
8086.0	301.27	65.705
8088.0	301.12	65.705
8090.0	300.97	65.705
8092.0	300.82	65.705
8094.0	300.67	65.705
8096.0	300.52	65.705
8098.0	300.38	65.705
8100.0	300.23	65.705
8102.0	299.53	65.584
8104.0	299.38	65.584
8106.0	299.78	65.705
8108.0	299.63	65.705
8110.0	299.49	65.705
8112.0	298.79	65.584
8114.0	298.64	65.584
8116.0	298.22	65.524
8118.0	298.07	65.524
8120.0	297.93	65.524
8122.0	297.78	65.524
8124.0	297.63	65.524
8126.0	296.94	65.403
8128.0	296.79	65.403
8130.0	296.65	65.403
8132.0	296.5	65.403
8134.0	295.81	65.283
8136.0	295.66	65.283
8138.0	295.52	65.283
8140.0	295.37	65.283
8142.0	295.23	65.283
8144.0	295.08	65.283
8146.0	294.94	65.283
8148.0	294.79	65.283
8150.0	295.19	65.403
8152.0	295.05	65.403
8154.0	294.36	65.283
8156.0	293.67	65.163
8158.0	293.26	65.10300000000001
8160.0	293.12	65.10300000000001
8162.0	292.43	64.983
8164.0	292.29	64.983
8166.0	292.15	64.983
8168.0	291.47	64.863
8170.0	291.32	64.863
8172.0	290.65	64.744
8174.0	290.24	64.685
8176.0	290.09	64.685
8178.0	289.42	64.565
8180.0	289.28	64.565
8182.0	288.6	64.446
8184.0	288.2	64.387
8186.0	287.53	64.26899999999999
8188.0	286.86	64.15
8190.0	286.72	64.15
8192.0	286.05	64.032
8194.0	285.91	64.032
8196.0	285.77	64.032
8198.0	285.63	64.032
8200.0	286.02	64.15
8202.0	285.88	64.15
8204.0	286.27	64.26899999999999
8206.0	286.65	64.387
8208.0	286.78	64.446
8210.0	286.64	64.446
8212.0	287.03	64.565
8214.0	286.89	64.565
8216.0	286.75	64.565
8218.0	286.61	64.565
8220.0	285.94	64.446
8222.0	285.01	64.26899999999999
8224.0	283.83	64.032
8226.0	282.91	63.856
8228.0	281.73	63.621
8230.0	280.82	63.445
8232.0	280.16	63.32899999999999
8234.0	280.03	63.32899999999999
8236.0	279.89	63.32899999999999
8238.0	279.75	63.32899999999999
8240.0	280.13	63.445
8242.0	280.0	63.445
8244.0	280.38	63.562
8246.0	280.24	63.562
8248.0	280.11	63.562
8250.0	279.97	63.562
8252.0	279.84	63.562
8254.0	279.7	63.562
8256.0	279.56	63.562
8258.0	279.43	63.562
8260.0	279.29	63.562
8262.0	279.16	63.562
8264.0	279.28	63.621
8266.0	279.66	63.738
8268.0	280.04	63.856
8270.0	279.39	63.738
8272.0	279.25	63.738
8274.0	278.6	63.621
8276.0	278.21	63.562
8278.0	278.08	63.562
8280.0	277.43	63.445
8282.0	277.3	63.445
8284.0	276.66	63.32899999999999
8286.0	276.52	63.32899999999999
8288.0	275.88	63.211999999999996
8290.0	275.49	63.153999999999996
8292.0	275.36	63.153999999999996
8294.0	275.23	63.153999999999996
8296.0	275.1	63.153999999999996
8298.0	274.96	63.153999999999996
8300.0	275.08	63.211999999999996
8302.0	274.95	63.211999999999996
8304.0	274.82	63.211999999999996
8306.0	275.19	63.32899999999999
8308.0	275.06	63.32899999999999
8310.0	274.93	63.32899999999999
8312.0	274.8	63.32899999999999
8314.0	274.66	63.32899999999999
8316.0	274.53	63.32899999999999
8318.0	274.4	63.32899999999999
8320.0	273.76	63.211999999999996
8322.0	273.63	63.211999999999996
8324.0	273.25	63.153999999999996
8326.0	273.12	63.153999999999996
8328.0	272.48	63.038000000000004
8330.0	272.35	63.038000000000004
8332.0	271.72	62.922
8334.0	271.59	62.922
8336.0	270.96	62.806000000000004
8338.0	270.58	62.748000000000005
8340.0	270.45	62.748000000000005
8342.0	269.82	62.633
8344.0	269.7	62.633
8346.0	269.57	62.633
8348.0	268.94	62.516999999999996
8350.0	268.81	62.516999999999996
8352.0	268.68	62.516999999999996
8354.0	268.55	62.516999999999996
8356.0	268.18	62.46
8358.0	267.56	62.345
8360.0	267.43	62.345
8362.0	266.81	62.23
8364.0	266.68	62.23
8366.0	266.55	62.23
8368.0	266.43	62.23
8370.0	266.3	62.23
8372.0	265.68	62.115
8374.0	265.55	62.115
8376.0	265.43	62.115
8378.0	265.06	62.058
8380.0	264.93	62.058
8382.0	264.32	61.943999999999996
8384.0	264.19	61.943999999999996
8386.0	264.07	61.943999999999996
8388.0	263.94	61.943999999999996
8390.0	263.81	61.943999999999996
8392.0	263.69	61.943999999999996
8394.0	263.56	61.943999999999996
8396.0	263.44	61.943999999999996
8398.0	263.8	62.058
8400.0	263.67	62.058
8402.0	263.54	62.058
8404.0	263.42	62.058
8406.0	262.81	61.943999999999996
8408.0	262.69	61.943999999999996
8410.0	262.08	61.83
8412.0	261.95	61.83
8414.0	261.35	61.716
8416.0	260.98	61.659
8418.0	260.86	61.659
8420.0	260.73	61.659
8422.0	260.13	61.54600000000001
8424.0	260.01	61.54600000000001
8426.0	259.88	61.54600000000001
8428.0	259.28	61.433
8430.0	259.16	61.433
8432.0	259.04	61.433
8434.0	258.91	61.433
8436.0	258.31	61.32
8438.0	257.95	61.263000000000005
8440.0	257.83	61.263000000000005
8442.0	257.23	61.15
8444.0	256.64	61.038000000000004
8446.0	256.52	61.038000000000004
8448.0	256.16	60.982
8450.0	255.57	60.869
8452.0	255.92	60.982
8454.0	255.8	60.982
8456.0	255.91	61.038000000000004
8458.0	255.79	61.038000000000004
8460.0	255.67	61.038000000000004
8462.0	256.02	61.15
8464.0	255.9	61.15
8466.0	255.78	61.15
8468.0	255.66	61.15
8470.0	255.54	61.15
8472.0	255.42	61.15
8474.0	255.3	61.15
8476.0	255.18	61.15
8478.0	255.06	61.15
8480.0	255.4	61.263000000000005
8482.0	255.28	61.263000000000005
8484.0	255.16	61.263000000000005
8486.0	255.28	61.32
8488.0	255.63	61.433
8490.0	255.51	61.433
8492.0	255.86	61.54600000000001
8494.0	255.74	61.54600000000001
8496.0	255.62	61.54600000000001
8498.0	255.5	61.54600000000001
8500.0	254.91	61.433
8502.0	254.32	61.32
8504.0	253.96	61.263000000000005
8506.0	253.38	61.15
8508.0	253.26	61.15
8510.0	252.67	61.038000000000004
8512.0	252.32	60.982
8514.0	251.74	60.869
8516.0	251.16	60.757
8518.0	251.04	60.757
8520.0	250.92	60.757
8522.0	250.34	60.646
8524.0	250.23	60.646
8526.0	250.57	60.757
8528.0	250.45	60.757
8530.0	250.8	60.869
8532.0	250.68	60.869
8534.0	251.26	61.038000000000004
8536.0	251.6	61.15
8538.0	251.48	61.15
8540.0	251.83	61.263000000000005
8542.0	251.71	61.263000000000005
8544.0	251.13	61.15
8546.0	251.01	61.15
8548.0	250.89	61.15
8550.0	250.32	61.038000000000004
8552.0	249.51	60.869
8554.0	249.39	60.869
8556.0	248.82	60.757
8558.0	248.24	60.646
8560.0	247.44	60.478
8562.0	246.87	60.367
8564.0	246.3	60.256
8566.0	246.19	60.256
8568.0	245.84	60.2
8570.0	245.28	60.09
8572.0	245.16	60.09
8574.0	244.6	59.979
8576.0	244.48	59.979
8578.0	243.92	59.869
8580.0	243.81	59.869
8582.0	243.69	59.869
8584.0	243.36	59.81399999999999
8586.0	243.47	59.869
8588.0	243.35	59.869
8590.0	243.24	59.869
8592.0	243.13	59.869
8594.0	242.79	59.81399999999999
8596.0	242.68	59.81399999999999
8598.0	242.56	59.81399999999999
8600.0	242.45	59.81399999999999
8602.0	242.34	59.81399999999999
8604.0	241.78	59.703
8606.0	241.22	59.593999999999994
8608.0	240.67	59.483999999999995
8610.0	240.33	59.428999999999995
8612.0	239.78	59.32
8614.0	239.23	59.211000000000006
8616.0	238.9	59.156000000000006
8618.0	238.35	59.047
8620.0	237.8	58.93899999999999
8622.0	237.69	58.93899999999999
8624.0	237.14	58.83
8626.0	237.03	58.83
8628.0	236.92	58.83
8630.0	236.81	58.83
8632.0	236.7	58.83
8634.0	237.03	58.93899999999999
8636.0	236.92	58.93899999999999
8638.0	237.24	59.047
8640.0	237.57	59.156000000000006
8642.0	237.68	59.211000000000006
8644.0	238.01	59.32
8646.0	238.34	59.428999999999995
8648.0	238.89	59.593999999999994
8650.0	239.21	59.703
8652.0	239.77	59.869
8654.0	240.54	60.09
8656.0	241.09	60.256
8658.0	241.43	60.367
8660.0	241.76	60.478
8662.0	242.09	60.59
8664.0	241.98	60.59
8666.0	241.43	60.478
8668.0	241.31	60.478
8670.0	240.76	60.367
8672.0	239.98	60.2
8674.0	238.99	59.979
8676.0	238.22	59.81399999999999
8678.0	237.67	59.703
8680.0	236.69	59.483999999999995
8682.0	235.93	59.32
8684.0	235.39	59.211000000000006
8686.0	235.06	59.156000000000006
8688.0	234.52	59.047
8690.0	233.55	58.83
8692.0	232.8	58.668
8694.0	232.26	58.56
8696.0	231.73	58.452
8698.0	231.41	58.398
8700.0	230.88	58.291000000000004
8702.0	230.35	58.183
8704.0	230.24	58.183
8706.0	229.5	58.023
8708.0	228.97	57.916000000000004
8710.0	228.45	57.809
8712.0	227.71	57.65
8714.0	227.19	57.544
8716.0	227.08	57.544
8718.0	226.56	57.438
8720.0	226.88	57.544
8722.0	226.77	57.544
8724.0	227.09	57.65
8726.0	227.19	57.703
8728.0	227.5	57.809
8730.0	227.82	57.916000000000004
8732.0	227.71	57.916000000000004
8734.0	228.03	58.023
8736.0	227.93	58.023
8738.0	228.03	58.076
8740.0	228.35	58.183
8742.0	228.66	58.291000000000004
8744.0	228.56	58.291000000000004
8746.0	228.46	58.291000000000004
8748.0	228.77	58.398
8750.0	228.67	58.398
8752.0	228.56	58.398
8754.0	228.46	58.398
8756.0	228.35	58.398
8758.0	228.25	58.398
8760.0	228.15	58.398
8762.0	227.62	58.291000000000004
8764.0	227.52	58.291000000000004
8766.0	227.0	58.183
8768.0	226.47	58.076
8770.0	226.16	58.023
8772.0	225.64	57.916000000000004
8774.0	225.13	57.809
8776.0	224.61	57.703
8778.0	224.3	57.65
8780.0	223.79	57.544
8782.0	223.68	57.544
8784.0	223.17	57.438
8786.0	222.86	57.385
8788.0	222.35	57.28
8790.0	221.84	57.174
8792.0	221.74	57.174
8794.0	221.64	57.174
8796.0	221.13	57.068999999999996
8798.0	221.03	57.068999999999996
8800.0	220.93	57.068999999999996
8802.0	220.63	57.016000000000005
8804.0	220.53	57.016000000000005
8806.0	220.02	56.911
8808.0	219.92	56.911
8810.0	219.42	56.806999999999995
8812.0	219.32	56.806999999999995
8814.0	219.22	56.806999999999995
8816.0	219.12	56.806999999999995
8818.0	219.02	56.806999999999995
8820.0	218.52	56.702
8822.0	218.42	56.702
8824.0	218.32	56.702
8826.0	218.22	56.702
8828.0	218.52	56.806999999999995
8830.0	218.42	56.806999999999995
8832.0	218.32	56.806999999999995
8834.0	218.23	56.806999999999995
8836.0	218.53	56.911
8838.0	218.43	56.911
8840.0	218.33	56.911
8842.0	218.63	57.016000000000005
8844.0	218.74	57.068999999999996
8846.0	218.64	57.068999999999996
8848.0	218.94	57.174
8850.0	219.25	57.28
8852.0	219.55	57.385
8854.0	219.65	57.438
8856.0	219.96	57.544
8858.0	219.86	57.544
8860.0	220.17	57.65
8862.0	220.07	57.65
8864.0	219.97	57.65
8866.0	219.87	57.65
8868.0	219.37	57.544
8870.0	218.86	57.438
8872.0	218.16	57.28
8874.0	217.26	57.068999999999996
8876.0	216.56	56.911
8878.0	215.67	56.702
8880.0	214.98	56.54600000000001
8882.0	214.49	56.441
8884.0	213.99	56.338
8886.0	213.7	56.286
8888.0	213.21	56.181999999999995
8890.0	212.72	56.07899999999999
8892.0	212.63	56.07899999999999
8894.0	212.14	55.976000000000006
8896.0	212.05	55.976000000000006
8898.0	211.76	55.924
8900.0	211.66	55.924
8902.0	211.18	55.821000000000005
8904.0	210.69	55.718
8906.0	210.6	55.718
8908.0	209.92	55.565
8910.0	209.44	55.463
8912.0	208.96	55.361000000000004
8914.0	208.87	55.361000000000004
8916.0	208.2	55.208
8918.0	207.72	55.106
8920.0	207.63	55.106
8922.0	207.54	55.106
8924.0	207.06	55.005
8926.0	206.97	55.005
8928.0	206.88	55.005
8930.0	206.78	55.005
8932.0	206.5	54.95399999999999
8934.0	206.03	54.853
8936.0	205.56	54.751999999999995
8938.0	205.47	54.751999999999995
8940.0	204.81	54.601000000000006
8942.0	204.34	54.5
8944.0	204.25	54.5
8946.0	203.78	54.4
8948.0	203.69	54.4
8950.0	203.41	54.35
8952.0	202.95	54.25
8954.0	202.48	54.15
8956.0	202.02	54.05
8958.0	201.74	54.001000000000005
8960.0	201.28	53.901
8962.0	200.82	53.802
8964.0	200.73	53.802
8966.0	200.64	53.802
8968.0	200.18	53.703
8970.0	200.09	53.703
8972.0	200.01	53.703
8974.0	199.73	53.653999999999996
8976.0	199.28	53.555
8978.0	198.82	53.456
8980.0	198.73	53.456
8982.0	198.1	53.309
8984.0	198.01	53.309
8986.0	197.55	53.211000000000006
8988.0	197.47	53.211000000000006
8990.0	197.38	53.211000000000006
8992.0	197.29	53.211000000000006
8994.0	197.2	53.211000000000006
8996.0	197.12	53.211000000000006
8998.0	197.03	53.211000000000006
9000.0	196.94	53.211000000000006
9002.0	196.85	53.211000000000006
9004.0	196.77	53.211000000000006
9006.0	197.04	53.309
9008.0	196.95	53.309
9010.0	196.87	53.309
9012.0	196.96	53.358000000000004
9014.0	197.23	53.456
9016.0	197.15	53.456
9018.0	196.7	53.358000000000004
9020.0	196.43	53.309
9022.0	195.98	53.211000000000006
9024.0	195.53	53.113
9026.0	195.09	53.015
9028.0	194.82	52.966
9030.0	194.74	52.966
9032.0	194.29	52.869
9034.0	194.21	52.869
9036.0	193.76	52.771
9038.0	193.68	52.771
9040.0	193.41	52.723
9042.0	192.97	52.626000000000005
9044.0	192.53	52.528999999999996
9046.0	192.09	52.431999999999995
9048.0	192.01	52.431999999999995
9050.0	191.74	52.38399999999999
9052.0	191.66	52.38399999999999
9054.0	191.58	52.38399999999999
9056.0	191.49	52.38399999999999
9058.0	191.58	52.431999999999995
9060.0	191.32	52.38399999999999
9062.0	191.24	52.38399999999999
9064.0	191.15	52.38399999999999
9066.0	190.72	52.288000000000004
9068.0	190.63	52.288000000000004
9070.0	190.55	52.288000000000004
9072.0	190.46	52.288000000000004
9074.0	190.38	52.288000000000004
9076.0	190.3	52.288000000000004
9078.0	190.21	52.288000000000004
9080.0	189.78	52.192
9082.0	189.7	52.192
9084.0	189.96	52.288000000000004
9086.0	189.88	52.288000000000004
9088.0	189.79	52.288000000000004
9090.0	190.06	52.38399999999999
9092.0	189.98	52.38399999999999
9094.0	190.07	52.431999999999995
9096.0	189.98	52.431999999999995
9098.0	189.9	52.431999999999995
9100.0	190.17	52.528999999999996
9102.0	190.08	52.528999999999996
9104.0	190.35	52.626000000000005
9106.0	190.27	52.626000000000005
9108.0	190.71	52.771
9110.0	190.63	52.771
9112.0	190.89	52.869
9114.0	191.16	52.966
9116.0	191.08	52.966
9118.0	191.52	53.113
9120.0	191.09	53.015
9122.0	191.0	53.015
9124.0	190.74	52.966
9126.0	190.31	52.869
9128.0	189.35	52.626000000000005
9130.0	188.57	52.431999999999995
9132.0	188.84	52.528999999999996
9134.0	189.45	52.723
9136.0	189.89	52.869
9138.0	190.16	52.966
9140.0	190.6	53.113
9142.0	190.87	53.211000000000006
9144.0	190.79	53.211000000000006
9146.0	190.7	53.211000000000006
9148.0	190.62	53.211000000000006
9150.0	190.54	53.211000000000006
9152.0	190.45	53.211000000000006
9154.0	190.37	53.211000000000006
9156.0	190.29	53.211000000000006
9158.0	190.56	53.309
9160.0	190.47	53.309
9162.0	190.39	53.309
9164.0	190.48	53.358000000000004
9166.0	190.4	53.358000000000004
9168.0	190.14	53.309
9170.0	190.06	53.309
9172.0	189.62	53.211000000000006
9174.0	189.19	53.113
9176.0	189.11	53.113
9178.0	188.51	52.966
9180.0	188.6	53.015
9182.0	188.86	53.113
9184.0	188.78	53.113
9186.0	189.05	53.211000000000006
9188.0	189.31	53.309
9190.0	189.23	53.309
9192.0	189.15	53.309
9194.0	189.07	53.309
9196.0	188.98	53.309
9198.0	188.9	53.309
9200.0	188.82	53.309
