3200.0	16708.0	570.69
3201.0	16651.0	569.11
3202.0	16564.0	566.5
3203.0	16463.0	563.38
3204.0	16407.0	561.82
3205.0	16322.0	559.24
3206.0	16281.0	558.21
3207.0	16241.0	557.18
3208.0	16231.0	557.18
3209.0	16251.0	558.21
3210.0	16271.0	559.24
3211.0	16306.0	560.79
3212.0	16371.0	563.38
3213.0	16421.0	565.46
3214.0	16411.0	565.46
3215.0	16401.0	565.46
3216.0	16315.0	562.86
3217.0	16245.0	560.79
3218.0	16190.0	559.24
3219.0	16120.0	557.18
3220.0	16110.0	557.18
3221.0	16100.0	557.18
3222.0	16120.0	558.21
3223.0	16140.0	559.24
3224.0	16174.0	560.79
3225.0	16194.0	561.82
3226.0	16214.0	562.86
3227.0	16219.0	563.38
3228.0	16269.0	565.46
3229.0	16304.0	567.02
3230.0	16324.0	568.07
3231.0	16283.0	567.02
3232.0	16258.0	566.5
3233.0	16189.0	564.41
3234.0	16179.0	564.41
3235.0	16169.0	564.41
3236.0	16129.0	563.38
3237.0	16104.0	562.86
3238.0	16064.0	561.82
3239.0	15922.0	557.18
3240.0	15795.0	553.1
3241.0	15655.0	548.53
3242.0	15517.0	544.0
3243.0	15407.0	540.5
3244.0	15327.0	538.02
3245.0	15247.0	535.55
3246.0	15168.0	533.09
3247.0	15103.0	531.13
3248.0	15052.0	529.66
3249.0	15043.0	529.66
3250.0	15033.0	529.66
3251.0	14996.0	528.69
3252.0	14863.0	524.32
3253.0	14745.0	520.48
3254.0	14615.0	516.18
3255.0	14485.0	511.92
3256.0	14410.0	509.56
3257.0	14361.0	508.16
3258.0	14326.0	507.22
3259.0	14291.0	506.29
3260.0	14308.0	507.22
3261.0	14365.0	509.56
3262.0	14317.0	508.16
3263.0	14256.0	506.29
3264.0	14208.0	504.89
3265.0	14173.0	503.96
3266.0	14164.0	503.96
3267.0	14181.0	504.89
3268.0	14173.0	504.89
3269.0	14230.0	507.22
3270.0	14260.0	508.63
3271.0	14251.0	508.63
3272.0	14243.0	508.63
3273.0	14287.0	510.51
3274.0	14317.0	511.92
3275.0	14309.0	511.92
3276.0	14326.0	512.86
3277.0	14252.0	510.51
3278.0	14178.0	508.16
3279.0	14143.0	507.22
3280.0	14108.0	506.29
3281.0	14074.0	505.36
3282.0	14052.0	504.89
3283.0	14018.0	503.96
3284.0	13983.0	503.04
3285.0	13975.0	503.04
3286.0	13941.0	502.11
3287.0	13932.0	502.11
3288.0	13911.0	501.65
3289.0	13902.0	501.65
3290.0	13869.0	500.73
3291.0	13860.0	500.73
3292.0	13826.0	499.81
3293.0	13818.0	499.81
3294.0	13771.0	498.42
3295.0	13738.0	497.51
3296.0	13729.0	497.51
3297.0	13696.0	496.59
3298.0	13687.0	496.59
3299.0	13679.0	496.59
3300.0	13671.0	496.59
3301.0	13625.0	495.22
3302.0	13567.0	493.4
3303.0	13521.0	492.04
3304.0	13463.0	490.23
3305.0	13455.0	490.23
3306.0	13434.0	489.78
3307.0	13463.0	491.13
3308.0	13455.0	491.13
3309.0	13447.0	491.13
3310.0	13439.0	491.13
3311.0	13406.0	490.23
3312.0	13361.0	488.88
3313.0	13353.0	488.88
3314.0	13369.0	489.78
3315.0	13361.0	489.78
3316.0	13366.0	490.23
3317.0	13382.0	491.13
3318.0	13374.0	491.13
3319.0	13366.0	491.13
3320.0	13321.0	489.78
3321.0	13264.0	487.98
3322.0	13256.0	487.98
3323.0	13212.0	486.63
3324.0	13179.0	485.74
3325.0	13147.0	484.84
3326.0	13127.0	484.4
3327.0	13071.0	482.61
3328.0	13039.0	481.73
3329.0	13019.0	481.28
3330.0	13012.0	481.28
3331.0	13016.0	481.73
3332.0	13008.0	481.73
3333.0	13000.0	481.73
3334.0	12992.0	481.73
3335.0	13009.0	482.61
3336.0	13001.0	482.61
3337.0	12909.0	479.51
3338.0	12866.0	478.19
3339.0	12858.0	478.19
3340.0	12863.0	478.63
3341.0	12879.0	479.51
3342.0	12871.0	479.51
3343.0	12911.0	481.28
3344.0	12915.0	481.73
3345.0	12931.0	482.61
3346.0	12947.0	483.5
3347.0	12892.0	481.73
3348.0	12825.0	479.51
3349.0	12758.0	477.31
3350.0	12704.0	475.55
3351.0	12661.0	474.24
3352.0	12654.0	474.24
3353.0	12623.0	473.37
3354.0	12638.0	474.24
3355.0	12654.0	475.12
3356.0	12647.0	475.12
3357.0	12639.0	475.12
3358.0	12690.0	477.31
3359.0	12741.0	479.51
3360.0	12816.0	482.61
3361.0	12867.0	484.84
3362.0	12860.0	484.84
3363.0	12816.0	483.5
3364.0	12785.0	482.61
3365.0	12719.0	480.4
3366.0	12688.0	479.51
3367.0	12680.0	479.51
3368.0	12673.0	479.51
3369.0	12689.0	480.4
3370.0	12681.0	480.4
3371.0	12697.0	481.28
3372.0	12701.0	481.73
3373.0	12717.0	482.61
3374.0	12710.0	482.61
3375.0	12761.0	484.84
3376.0	12800.0	486.63
3377.0	12793.0	486.63
3378.0	12761.0	485.74
3379.0	12719.0	484.4
3380.0	12664.0	482.61
3381.0	12634.0	481.73
3382.0	12626.0	481.73
3383.0	12607.0	481.28
3384.0	12576.0	480.4
3385.0	12569.0	480.4
3386.0	12539.0	479.51
3387.0	12508.0	478.63
3388.0	12489.0	478.19
3389.0	12482.0	478.19
3390.0	12451.0	477.31
3391.0	12444.0	477.31
3392.0	12414.0	476.43
3393.0	12372.0	475.12
3394.0	12320.0	473.37
3395.0	12233.0	470.33
3396.0	12192.0	469.03
3397.0	12140.0	467.3
3398.0	12133.0	467.3
3399.0	12126.0	467.3
3400.0	12141.0	468.16
3401.0	12156.0	469.03
3402.0	12149.0	469.03
3403.0	12176.0	470.33
3404.0	12191.0	471.19
3405.0	12184.0	471.19
3406.0	12199.0	472.06
3407.0	12192.0	472.06
3408.0	12185.0	472.06
3409.0	12178.0	472.06
3410.0	12182.0	472.5
3411.0	12163.0	472.06
3412.0	12134.0	471.19
3413.0	12105.0	470.33
3414.0	12042.0	468.16
3415.0	12013.0	467.3
3416.0	11950.0	465.16
3417.0	11910.0	463.87
3418.0	11860.0	462.17
3419.0	11831.0	461.32
3420.0	11846.0	462.17
3421.0	11861.0	463.02
3422.0	11832.0	462.17
3423.0	11803.0	461.32
3424.0	11742.0	459.2
3425.0	11682.0	457.09
3426.0	11643.0	455.83
3427.0	11614.0	454.99
3428.0	11607.0	454.99
3429.0	11601.0	454.99
3430.0	11594.0	454.99
3431.0	11587.0	454.99
3432.0	11580.0	454.99
3433.0	11574.0	454.99
3434.0	11546.0	454.15
3435.0	11539.0	454.15
3436.0	11511.0	453.31
3437.0	11504.0	453.31
3438.0	11519.0	454.15
3439.0	11533.0	454.99
3440.0	11527.0	454.99
3441.0	11552.0	456.25
3442.0	11545.0	456.25
3443.0	11560.0	457.09
3444.0	11574.0	457.93
3445.0	11568.0	457.93
3446.0	11561.0	457.93
3447.0	11533.0	457.09
3448.0	11494.0	455.83
3449.0	11445.0	454.15
3450.0	11439.0	454.15
3451.0	11432.0	454.15
3452.0	11426.0	454.15
3453.0	11419.0	454.15
3454.0	11412.0	454.15
3455.0	11406.0	454.15
3456.0	11399.0	454.15
3457.0	11393.0	454.15
3458.0	11428.0	455.83
3459.0	11453.0	457.09
3460.0	11478.0	458.35
3461.0	11514.0	460.04
3462.0	11528.0	460.89
3463.0	11479.0	459.2
3464.0	11441.0	457.93
3465.0	11392.0	456.25
3466.0	11333.0	454.15
3467.0	11306.0	453.31
3468.0	11289.0	452.9
3469.0	11293.0	453.31
3470.0	11287.0	453.31
3471.0	11270.0	452.9
3472.0	11242.0	452.06
3473.0	11257.0	452.9
3474.0	11261.0	453.31
3475.0	11254.0	453.31
3476.0	11196.0	451.23
3477.0	11159.0	449.99
3478.0	11132.0	449.16
3479.0	11084.0	447.51
3480.0	11047.0	446.27
3481.0	11021.0	445.45
3482.0	11014.0	445.45
3483.0	11008.0	445.45
3484.0	10971.0	444.22
3485.0	10965.0	444.22
3486.0	10919.0	442.59
3487.0	10882.0	441.37
3488.0	10876.0	441.37
3489.0	10870.0	441.37
3490.0	10843.0	440.55
3491.0	10817.0	439.74
3492.0	10781.0	438.53
3493.0	10755.0	437.72
3494.0	10749.0	437.72
3495.0	10713.0	436.52
3496.0	10688.0	435.71
3497.0	10632.0	433.71
3498.0	10587.0	432.11
3499.0	10552.0	430.92
3500.0	10527.0	430.13
3501.0	10501.0	429.34
3502.0	10495.0	429.34
3503.0	10489.0	429.34
3504.0	10483.0	429.34
3505.0	10497.0	430.13
3506.0	10510.0	430.92
3507.0	10523.0	431.72
3508.0	10546.0	432.91
3509.0	10560.0	433.71
3510.0	10563.0	434.11
3511.0	10577.0	434.91
3512.0	10610.0	436.52
3513.0	10633.0	437.72
3514.0	10627.0	437.72
3515.0	10621.0	437.72
3516.0	10635.0	438.53
3517.0	10629.0	438.53
3518.0	10623.0	438.53
3519.0	10617.0	438.53
3520.0	10610.0	438.53
3521.0	10604.0	438.53
3522.0	10579.0	437.72
3523.0	10573.0	437.72
3524.0	10567.0	437.72
3525.0	10561.0	437.72
3526.0	10555.0	437.72
3527.0	10520.0	436.52
3528.0	10495.0	435.71
3529.0	10469.0	434.91
3530.0	10444.0	434.11
3531.0	10429.0	433.71
3532.0	10404.0	432.91
3533.0	10378.0	432.11
3534.0	10363.0	431.72
3535.0	10319.0	430.13
3536.0	10285.0	428.94
3537.0	10241.0	427.37
3538.0	10235.0	427.37
3539.0	10201.0	426.19
3540.0	10158.0	424.62
3541.0	10124.0	423.45
3542.0	10119.0	423.45
3543.0	10113.0	423.45
3544.0	10107.0	423.45
3545.0	10102.0	423.45
3546.0	10096.0	423.45
3547.0	10072.0	422.67
3548.0	10066.0	422.67
3549.0	10042.0	421.89
3550.0	10036.0	421.89
3551.0	10030.0	421.89
3552.0	10025.0	421.89
3553.0	10019.0	421.89
3554.0	10032.0	422.67
3555.0	10045.0	423.45
3556.0	10067.0	424.62
3557.0	10061.0	424.62
3558.0	10056.0	424.62
3559.0	10050.0	424.62
3560.0	10026.0	423.84
3561.0	10020.0	423.84
3562.0	10033.0	424.62
3563.0	10027.0	424.62
3564.0	10022.0	424.62
3565.0	10035.0	425.4
3566.0	10029.0	425.4
3567.0	10051.0	426.58
3568.0	10045.0	426.58
3569.0	10040.0	426.58
3570.0	10007.0	425.4
3571.0	9964.2	423.84
3572.0	9976.9	424.62
3573.0	9971.4	424.62
3574.0	9965.8	424.62
3575.0	9960.2	424.62
3576.0	9927.2	423.45
3577.0	9903.3	422.67
3578.0	9879.6	421.89
3579.0	9846.8	420.73
3580.0	9841.3	420.73
3581.0	9835.8	420.73
3582.0	9830.3	420.73
3583.0	9824.8	420.73
3584.0	9819.4	420.73
3585.0	9822.9	421.11
3586.0	9817.5	421.11
3587.0	9803.0	420.73
3588.0	9779.5	419.95
3589.0	9756.0	419.18
3590.0	9741.6	418.79
3591.0	9736.2	418.79
3592.0	9730.8	418.79
3593.0	9707.5	418.02
3594.0	9684.2	417.25
3595.0	9661.0	416.49
3596.0	9646.8	416.1
3597.0	9623.6	415.34
3598.0	9600.6	414.57
3599.0	9568.8	413.43
3600.0	9563.5	413.43
3601.0	9540.6	412.67
3602.0	9552.9	413.43
3603.0	9547.5	413.43
3604.0	9542.3	413.43
3605.0	9545.8	413.81
3606.0	9558.0	414.57
3607.0	9570.3	415.34
3608.0	9582.7	416.1
3609.0	9559.7	415.34
3610.0	9554.4	415.34
3611.0	9531.6	414.57
3612.0	9500.0	413.43
3613.0	9477.3	412.67
3614.0	9454.6	411.91
3615.0	9432.0	411.15
3616.0	9418.1	410.77
3617.0	9421.6	411.15
3618.0	9433.7	411.91
3619.0	9411.2	411.15
3620.0	9397.3	410.77
3621.0	9374.8	410.01
3622.0	9352.4	409.26
3623.0	9321.4	408.13
3624.0	9299.2	407.38
3625.0	9276.9	406.63
3626.0	9271.8	406.63
3627.0	9266.7	406.63
3628.0	9261.6	406.63
3629.0	9273.6	407.38
3630.0	9268.5	407.38
3631.0	9246.3	406.63
3632.0	9241.2	406.63
3633.0	9227.6	406.26
3634.0	9205.6	405.51
3635.0	9183.6	404.76
3636.0	9161.6	404.02
3637.0	9173.5	404.76
3638.0	9168.4	404.76
3639.0	9163.4	404.76
3640.0	9158.3	404.76
3641.0	9170.2	405.51
3642.0	9165.2	405.51
3643.0	9160.2	405.51
3644.0	9172.0	406.26
3645.0	9167.0	406.26
3646.0	9170.4	406.63
3647.0	9165.3	406.63
3648.0	9177.2	407.38
3649.0	9155.3	406.63
3650.0	9141.8	406.26
3651.0	9103.2	404.76
3652.0	9056.5	402.9
3653.0	9018.2	401.42
3654.0	8988.4	400.31
3655.0	8967.0	399.58
3656.0	8937.3	398.47
3657.0	8932.4	398.47
3658.0	8911.1	397.74
3659.0	8906.3	397.74
3660.0	8885.0	397.01
3661.0	8855.7	395.91
3662.0	8818.3	394.46
3663.0	8789.1	393.37
3664.0	8784.3	393.37
3665.0	8795.7	394.09
3666.0	8799.0	394.46
3667.0	8794.2	394.46
3668.0	8789.4	394.46
3669.0	8784.7	394.46
3670.0	8779.9	394.46
3671.0	8775.1	394.46
3672.0	8770.3	394.46
3673.0	8765.5	394.46
3674.0	8760.7	394.46
3675.0	8772.1	395.18
3676.0	8783.5	395.91
3677.0	8803.1	397.01
3678.0	8798.3	397.01
3679.0	8793.5	397.01
3680.0	8804.9	397.74
3681.0	8816.3	398.47
3682.0	8811.5	398.47
3683.0	8814.9	398.84
3684.0	8802.0	398.47
3685.0	8797.2	398.47
3686.0	8776.3	397.74
3687.0	8739.2	396.28
3688.0	8726.5	395.91
3689.0	8689.6	394.46
3690.0	8645.1	392.64
3691.0	8600.6	390.84
3692.0	8564.4	389.4
3693.0	8551.9	389.04
3694.0	8531.5	388.33
3695.0	8542.6	389.04
3696.0	8538.0	389.04
3697.0	8517.7	388.33
3698.0	8497.4	387.61
3699.0	8469.4	386.54
3700.0	8449.2	385.83
3701.0	8468.0	386.9
3702.0	8479.1	387.61
3703.0	8474.5	387.61
3704.0	8469.9	387.61
3705.0	8449.8	386.9
3706.0	8421.9	385.83
3707.0	8401.9	385.12
3708.0	8397.3	385.12
3709.0	8385.1	384.77
3710.0	8365.1	384.06
3711.0	8345.2	383.35
3712.0	8340.7	383.35
3713.0	8320.9	382.65
3714.0	8331.8	383.35
3715.0	8327.3	383.35
3716.0	8338.1	384.06
3717.0	8333.6	384.06
3718.0	8329.1	384.06
3719.0	8324.7	384.06
3720.0	8320.2	384.06
3721.0	8315.7	384.06
3722.0	8311.2	384.06
3723.0	8329.8	385.12
3724.0	8340.7	385.83
3725.0	8336.2	385.83
3726.0	8331.7	385.83
3727.0	8327.2	385.83
3728.0	8338.1	386.54
3729.0	8333.6	386.54
3730.0	8329.2	386.54
3731.0	8324.7	386.54
3732.0	8320.3	386.54
3733.0	8315.8	386.54
3734.0	8319.0	386.9
3735.0	8314.6	386.9
3736.0	8302.4	386.54
3737.0	8282.7	385.83
3738.0	8263.1	385.12
3739.0	8251.0	384.77
3740.0	8254.2	385.12
3741.0	8265.0	385.83
3742.0	8245.4	385.12
3743.0	8241.0	385.12
3744.0	8236.6	385.12
3745.0	8232.2	385.12
3746.0	8227.8	385.12
3747.0	8223.4	385.12
3748.0	8211.5	384.77
3749.0	8207.1	384.77
3750.0	8187.6	384.06
3751.0	8183.2	384.06
3752.0	8163.8	383.35
3753.0	8159.5	383.35
3754.0	8155.1	383.35
3755.0	8165.8	384.06
3756.0	8176.5	384.77
3757.0	8172.2	384.77
3758.0	8167.8	384.77
3759.0	8163.5	384.77
3760.0	8144.1	384.06
3761.0	8139.8	384.06
3762.0	8120.5	383.35
3763.0	8101.3	382.65
3764.0	8096.9	382.65
3765.0	8085.2	382.3
3766.0	8080.9	382.3
3767.0	8061.7	381.59
3768.0	8057.4	381.59
3769.0	8038.4	380.89
3770.0	8034.1	380.89
3771.0	8029.8	380.89
3772.0	8055.2	382.3
3773.0	8073.2	383.35
3774.0	8098.7	384.77
3775.0	8116.8	385.83
3776.0	8127.5	386.54
3777.0	8123.2	386.54
3778.0	8118.9	386.54
3779.0	8099.7	385.83
3780.0	8073.0	384.77
3781.0	8039.1	383.35
3782.0	8012.7	382.3
3783.0	7993.7	381.59
3784.0	7989.4	381.59
3785.0	7970.6	380.89
3786.0	7944.4	379.84
3787.0	7889.1	377.4
3788.0	7841.5	375.32
3789.0	7801.4	373.59
3790.0	7761.4	371.88
3791.0	7721.7	370.17
3792.0	7653.9	367.11
3793.0	7600.7	364.75
3794.0	7561.8	363.08
3795.0	7543.9	362.41
3796.0	7553.8	363.08
3797.0	7563.8	363.75
3798.0	7594.7	365.43
3799.0	7625.7	367.11
3800.0	7656.9	368.81
3801.0	7702.4	371.19
3802.0	7741.0	373.25
3803.0	7779.8	375.32
3804.0	7818.8	377.4
3805.0	7872.5	380.19
3806.0	7897.3	381.59
3807.0	7929.7	383.35
3808.0	7954.7	384.77
3809.0	7987.2	386.54
3810.0	8019.9	388.33
3811.0	8030.5	389.04
3812.0	8063.3	390.84
3813.0	8044.3	390.12
3814.0	8040.1	390.12
3815.0	8013.7	389.04
3816.0	7980.0	387.61
3817.0	7953.8	386.54
3818.0	7898.6	384.06
3819.0	7865.4	382.65
3820.0	7854.0	382.3
3821.0	7821.1	380.89
3822.0	7795.4	379.84
3823.0	7762.7	378.44
3824.0	7708.8	376.01
3825.0	7655.2	373.59
3826.0	7567.1	369.49
3827.0	7493.8	366.1
3828.0	7441.8	363.75
3829.0	7403.7	362.08
3830.0	7359.1	360.08
3831.0	7321.4	358.43
3832.0	7284.0	356.78
3833.0	7246.7	355.14
3834.0	7229.7	354.49
3835.0	7225.9	354.49
3836.0	7235.4	355.14
3837.0	7278.4	357.44
3838.0	7308.2	359.09
3839.0	7365.2	362.08
3840.0	7415.8	364.75
3841.0	7473.6	367.79
3842.0	7538.8	371.19
3843.0	7597.6	374.28
3844.0	7678.1	378.44
3845.0	7752.2	382.3
3846.0	7819.9	385.83
3847.0	7880.9	389.04
3848.0	7949.7	392.64
3849.0	8011.7	395.91
3850.0	8059.3	398.47
3851.0	8107.2	401.05
3852.0	8140.4	402.9
3853.0	8188.8	405.51
3854.0	8207.2	406.63
3855.0	8233.3	408.13
3856.0	8251.8	409.26
3857.0	8277.9	410.77
3858.0	8281.3	411.15
3859.0	8277.0	411.15
3860.0	8265.1	410.77
3861.0	8245.6	410.01
3862.0	8226.1	409.26
3863.0	8199.2	408.13
3864.0	8195.0	408.13
3865.0	8175.7	407.38
3866.0	8148.8	406.26
3867.0	8129.7	405.51
3868.0	8125.5	405.51
3869.0	8106.3	404.76
3870.0	8102.1	404.76
3871.0	8075.6	403.64
3872.0	8026.9	401.42
3873.0	7985.9	399.58
3874.0	7908.6	395.91
3875.0	7839.3	392.64
3876.0	7763.4	389.04
3877.0	7681.2	385.12
3878.0	7606.8	381.59
3879.0	7519.4	377.4
3880.0	7419.2	372.56
3881.0	7320.4	367.79
3882.0	7222.9	363.08
3883.0	7126.6	358.43
3884.0	7031.7	353.83
3885.0	6938.1	349.3
3886.0	6870.9	346.1
3887.0	6823.2	343.87
3888.0	6788.4	342.29
3889.0	6803.7	343.24
3890.0	6812.7	343.87
3891.0	6865.9	346.74
3892.0	6913.1	349.3
3893.0	6979.9	352.86
3894.0	7053.9	356.78
3895.0	7128.6	360.74
3896.0	7217.4	365.43
3897.0	7293.9	369.49
3898.0	7384.7	374.28
3899.0	7476.7	379.14
3900.0	7556.0	383.35
3901.0	7622.0	386.9
3902.0	7709.8	391.56
3903.0	7777.2	395.18
3904.0	7837.9	398.47
3905.0	7884.6	401.05
3906.0	7931.5	403.64
3907.0	7978.7	406.26
3908.0	8033.6	409.26
3909.0	8096.4	412.67
3910.0	8144.5	415.34
3911.0	8177.9	417.25
3912.0	8204.0	418.79
3913.0	8199.8	418.79
3914.0	8203.1	419.18
3915.0	8214.0	419.95
3916.0	8225.0	420.73
3917.0	8243.5	421.89
3918.0	8254.5	422.67
3919.0	8250.3	422.67
3920.0	8261.3	423.45
3921.0	8257.1	423.45
3922.0	8252.9	423.45
3923.0	8248.7	423.45
3924.0	8229.3	422.67
3925.0	8194.8	421.11
3926.0	8183.1	420.73
3927.0	8148.9	419.18
3928.0	8144.8	419.18
3929.0	8133.1	418.79
3930.0	8114.0	418.02
3931.0	8095.0	417.25
3932.0	8090.8	417.25
3933.0	8086.7	417.25
3934.0	8082.6	417.25
3935.0	8093.4	418.02
3936.0	8089.3	418.02
3937.0	8085.2	418.02
3938.0	8081.1	418.02
3939.0	8077.0	418.02
3940.0	8072.9	418.02
3941.0	8068.8	418.02
3942.0	8064.7	418.02
3943.0	8045.7	417.25
3944.0	8026.9	416.49
3945.0	8000.7	415.34
3946.0	7967.2	413.81
3947.0	7941.2	412.67
3948.0	7900.7	410.77
3949.0	7846.0	408.13
3950.0	7805.9	406.26
3951.0	7759.0	404.02
3952.0	7698.1	401.05
3953.0	7630.8	397.74
3954.0	7563.9	394.46
3955.0	7504.6	391.56
3956.0	7438.9	388.33
3957.0	7353.4	384.06
3958.0	7255.5	379.14
3959.0	7158.9	374.28
3960.0	7044.2	368.47
3961.0	6924.8	362.41
3962.0	6826.4	357.44
3963.0	6735.5	352.86
3964.0	6664.3	349.3
3965.0	6612.0	346.74
3966.0	6512.0	341.66
3967.0	6366.4	334.19
3968.0	6229.8	327.19
3969.0	6146.9	323.0
3970.0	6076.3	319.45
3971.0	6056.5	318.57
3972.0	6042.3	317.98
3973.0	6089.5	320.63
3974.0	6131.5	323.0
3975.0	6207.9	327.19
3976.0	6285.3	331.44
3977.0	6375.4	336.36
3978.0	6460.9	341.04
3979.0	6553.5	346.1
3980.0	6653.6	351.56
3981.0	6749.0	356.78
3982.0	6820.5	360.74
3983.0	6905.6	365.43
3984.0	6978.8	369.49
3985.0	7052.8	373.59
3986.0	7121.1	377.4
3987.0	7183.4	380.89
3988.0	7239.5	384.06
3989.0	7289.4	386.9
3990.0	7346.4	390.12
3991.0	7390.2	392.64
3992.0	7434.3	395.18
3993.0	7478.6	397.74
3994.0	7523.2	400.31
3995.0	7540.3	401.42
3996.0	7564.3	402.9
3997.0	7574.5	403.64
3998.0	7577.7	404.02
3999.0	7573.9	404.02
4000.0	7584.0	404.76
4001.0	7594.2	405.51
4002.0	7604.4	406.26
4003.0	7607.6	406.63
4004.0	7617.9	407.38
4005.0	7628.1	408.13
4006.0	7610.3	407.38
4007.0	7606.5	407.38
4008.0	7588.7	406.63
4009.0	7577.9	406.26
4010.0	7560.2	405.51
4011.0	7528.6	404.02
4012.0	7524.9	404.02
4013.0	7514.2	403.64
4014.0	7496.6	402.9
4015.0	7479.1	402.16
4016.0	7454.7	401.05
4017.0	7437.3	400.31
4018.0	7406.3	398.84
4019.0	7395.8	398.47
4020.0	7364.9	397.01
4021.0	7313.9	394.46
4022.0	7276.7	392.64
4023.0	7226.4	390.12
4024.0	7189.6	388.33
4025.0	7159.6	386.9
4026.0	7123.2	385.12
4027.0	7119.6	385.12
4028.0	7116.1	385.12
4029.0	7138.8	386.54
4030.0	7168.2	388.33
4031.0	7197.7	390.12
4032.0	7240.7	392.64
4033.0	7270.5	394.46
4034.0	7293.7	395.91
4035.0	7310.3	397.01
4036.0	7333.6	398.47
4037.0	7350.2	399.58
4038.0	7346.6	399.58
4039.0	7356.5	400.31
4040.0	7352.9	400.31
4041.0	7349.2	400.31
4042.0	7345.6	400.31
4043.0	7342.0	400.31
4044.0	7351.9	401.05
4045.0	7355.0	401.42
4046.0	7364.9	402.16
4047.0	7361.3	402.16
4048.0	7371.2	402.9
4049.0	7354.0	402.16
4050.0	7350.4	402.16
4051.0	7346.8	402.16
4052.0	7343.2	402.16
4053.0	7326.0	401.42
4054.0	7315.6	401.05
4055.0	7298.6	400.31
4056.0	7295.0	400.31
4057.0	7291.4	400.31
4058.0	7287.8	400.31
4059.0	7284.2	400.31
4060.0	7294.0	401.05
4061.0	7290.4	401.05
4062.0	7286.9	401.05
4063.0	7269.9	400.31
4064.0	7252.9	399.58
4065.0	7236.0	398.84
4066.0	7212.5	397.74
4067.0	7195.7	397.01
4068.0	7192.2	397.01
4069.0	7175.4	396.28
4070.0	7165.2	395.91
4071.0	7148.6	395.18
4072.0	7131.9	394.46
4073.0	7108.7	393.37
4074.0	7092.2	392.64
4075.0	7069.1	391.56
4076.0	7039.7	390.12
4077.0	7016.8	389.04
4078.0	6987.6	387.61
4079.0	6964.8	386.54
4080.0	6935.9	385.12
4081.0	6887.9	382.65
4082.0	6852.9	380.89
4083.0	6805.5	378.44
4084.0	6758.5	376.01
4085.0	6705.6	373.25
4086.0	6634.7	369.49
4087.0	6570.7	366.1
4088.0	6501.2	362.41
4089.0	6438.5	359.09
4090.0	6352.9	354.49
4091.0	6280.0	350.59
4092.0	6185.2	345.46
4093.0	6097.3	340.72
4094.0	5994.1	335.12
4095.0	5887.2	329.31
4096.0	5782.3	323.59
4097.0	5679.2	317.98
4098.0	5593.4	313.33
4099.0	5503.8	308.46
4100.0	5430.7	304.51
4101.0	5383.2	301.99
4102.0	5346.0	300.05
4103.0	5353.2	300.61
4104.0	5360.5	301.16
4105.0	5407.5	303.95
4106.0	5464.9	307.33
4107.0	5543.3	311.89
4108.0	5638.4	317.39
4109.0	5719.4	322.11
4110.0	5817.5	327.79
4111.0	5906.4	332.97
4112.0	6002.2	338.53
4113.0	6094.0	343.87
4114.0	6170.1	348.34
4115.0	6247.1	352.86
4116.0	6301.9	356.12
4117.0	6368.8	360.08
4118.0	6406.9	362.41
4119.0	6445.2	364.75
4120.0	6483.7	367.11
4121.0	6510.5	368.81
4122.0	6549.4	371.19
4123.0	6570.4	372.56
4124.0	6597.5	374.28
4125.0	6606.5	374.97
4126.0	6621.6	376.01
4127.0	6630.6	376.7
4128.0	6645.7	377.75
4129.0	6642.5	377.75
4130.0	6651.5	378.44
4131.0	6648.3	378.44
4132.0	6645.1	378.44
4133.0	6641.9	378.44
4134.0	6650.9	379.14
4135.0	6647.6	379.14
4136.0	6632.2	378.44
4137.0	6629.0	378.44
4138.0	6625.8	378.44
4139.0	6622.6	378.44
4140.0	6607.2	377.75
4141.0	6598.0	377.4
4142.0	6594.8	377.4
4143.0	6579.5	376.7
4144.0	6576.3	376.7
4145.0	6573.1	376.7
4146.0	6569.9	376.7
4147.0	6566.8	376.7
4148.0	6575.7	377.4
4149.0	6572.5	377.4
4150.0	6569.4	377.4
4151.0	6566.2	377.4
4152.0	6550.9	376.7
4153.0	6559.9	377.4
4154.0	6556.7	377.4
4155.0	6541.5	376.7
4156.0	6538.3	376.7
4157.0	6535.2	376.7
4158.0	6544.1	377.4
4159.0	6541.0	377.4
4160.0	6537.8	377.4
4161.0	6522.6	376.7
4162.0	6519.5	376.7
4163.0	6504.4	376.01
4164.0	6489.3	375.32
4165.0	6486.2	375.32
4166.0	6483.1	375.32
4167.0	6480.0	375.32
4168.0	6476.9	375.32
4169.0	6473.8	375.32
4170.0	6464.7	374.97
4171.0	6461.6	374.97
4172.0	6458.5	374.97
4173.0	6443.5	374.28
4174.0	6440.4	374.28
4175.0	6437.3	374.28
4176.0	6434.3	374.28
4177.0	6431.2	374.28
4178.0	6428.1	374.28
4179.0	6425.0	374.28
4180.0	6421.9	374.28
4181.0	6418.9	374.28
4182.0	6415.8	374.28
4183.0	6412.7	374.28
4184.0	6421.5	374.97
4185.0	6418.4	374.97
4186.0	6415.4	374.97
4187.0	6412.3	374.97
4188.0	6409.2	374.97
4189.0	6406.2	374.97
4190.0	6403.1	374.97
4191.0	6400.1	374.97
4192.0	6397.0	374.97
4193.0	6394.0	374.97
4194.0	6390.9	374.97
4195.0	6376.1	374.28
4196.0	6384.8	374.97
4197.0	6381.8	374.97
4198.0	6378.7	374.97
4199.0	6375.7	374.97
4200.0	6372.7	374.97
4201.0	6369.6	374.97
4202.0	6366.6	374.97
4203.0	6351.9	374.28
4204.0	6337.2	373.59
4205.0	6334.1	373.59
4206.0	6325.3	373.25
4207.0	6322.3	373.25
4208.0	6307.7	372.56
4209.0	6304.7	372.56
4210.0	6301.7	372.56
4211.0	6298.7	372.56
4212.0	6295.7	372.56
4213.0	6292.7	372.56
4214.0	6289.7	372.56
4215.0	6275.1	371.88
4216.0	6260.6	371.19
4217.0	6251.9	370.85
4218.0	6254.7	371.19
4219.0	6251.7	371.19
4220.0	6260.3	371.88
4221.0	6268.9	372.56
4222.0	6265.9	372.56
4223.0	6262.9	372.56
4224.0	6260.0	372.56
4225.0	6257.0	372.56
4226.0	6254.0	372.56
4227.0	6251.1	372.56
4228.0	6236.6	371.88
4229.0	6233.7	371.88
4230.0	6219.3	371.19
4231.0	6199.2	370.17
4232.0	6184.8	369.49
4233.0	6170.5	368.81
4234.0	6162.0	368.47
4235.0	6159.1	368.47
4236.0	6144.8	367.79
4237.0	6141.9	367.79
4238.0	6127.7	367.11
4239.0	6124.8	367.11
4240.0	6121.9	367.11
4241.0	6107.8	366.44
4242.0	6104.9	366.44
4243.0	6102.0	366.44
4244.0	6110.4	367.11
4245.0	6107.5	367.11
4246.0	6104.6	367.11
4247.0	6101.8	367.11
4248.0	6087.7	366.44
4249.0	6084.8	366.44
4250.0	6076.4	366.1
4251.0	6073.5	366.1
4252.0	6059.5	365.43
4253.0	6045.4	364.75
4254.0	6031.5	364.08
4255.0	6023.1	363.75
4256.0	6009.2	363.08
4257.0	6006.4	363.08
4258.0	5992.5	362.41
4259.0	5989.7	362.41
4260.0	5986.9	362.41
4261.0	5984.1	362.41
4262.0	5981.3	362.41
4263.0	5978.4	362.41
4264.0	5986.7	363.08
4265.0	5983.9	363.08
4266.0	5981.1	363.08
4267.0	5967.2	362.41
4268.0	5964.5	362.41
4269.0	5961.7	362.41
4270.0	5958.9	362.41
4271.0	5950.6	362.08
4272.0	5947.8	362.08
4273.0	5945.0	362.08
4274.0	5942.3	362.08
4275.0	5939.5	362.08
4276.0	5925.8	361.41
4277.0	5923.0	361.41
4278.0	5909.3	360.74
4279.0	5906.6	360.74
4280.0	5892.9	360.08
4281.0	5890.2	360.08
4282.0	5882.0	359.75
4283.0	5879.3	359.75
4284.0	5876.5	359.75
4285.0	5863.0	359.09
4286.0	5860.3	359.09
4287.0	5857.5	359.09
4288.0	5854.8	359.09
4289.0	5852.1	359.09
4290.0	5849.3	359.09
4291.0	5835.8	358.43
4292.0	5833.1	358.43
4293.0	5830.4	358.43
4294.0	5827.7	358.43
4295.0	5814.2	357.77
4296.0	5806.2	357.44
4297.0	5792.8	356.78
4298.0	5779.5	356.12
4299.0	5766.1	355.47
4300.0	5758.2	355.14
4301.0	5755.5	355.14
4302.0	5752.8	355.14
4303.0	5750.1	355.14
4304.0	5747.5	355.14
4305.0	5734.2	354.49
4306.0	5721.0	353.83
4307.0	5718.4	353.83
4308.0	5715.7	353.83
4309.0	5702.5	353.18
4310.0	5699.9	353.18
4311.0	5692.0	352.86
4312.0	5689.4	352.86
4313.0	5676.3	352.21
4314.0	5663.2	351.56
4315.0	5655.3	351.24
4316.0	5632.0	349.95
4317.0	5613.8	348.98
4318.0	5590.6	347.7
4319.0	5562.3	346.1
4320.0	5539.3	344.83
4321.0	5521.4	343.87
4322.0	5483.4	341.66
4323.0	5445.7	339.47
4324.0	5393.2	336.36
4325.0	5346.2	333.58
4326.0	5299.7	330.83
4327.0	5248.6	327.79
4328.0	5188.5	324.19
4329.0	5119.7	320.04
4330.0	5051.8	315.94
4331.0	4975.6	311.32
4332.0	4887.0	305.91
4333.0	4800.0	300.61
4334.0	4705.9	294.85
4335.0	4613.6	289.2
4336.0	4527.3	283.92
4337.0	4459.1	279.77
4338.0	4387.7	275.42
4339.0	4341.5	272.65
4340.0	4307.7	270.64
4341.0	4289.8	269.65
4342.0	4295.8	270.15
4343.0	4313.6	271.39
4344.0	4359.5	274.41
4345.0	4414.1	277.97
4346.0	4481.7	282.36
4347.0	4554.5	287.08
4348.0	4624.3	291.61
4349.0	4699.4	296.48
4350.0	4771.4	301.16
4351.0	4840.0	305.63
4352.0	4896.0	309.31
4353.0	4957.3	313.33
4354.0	5019.3	317.39
4355.0	5072.7	320.92
4356.0	5122.1	324.19
4357.0	5167.1	327.19
4358.0	5207.7	329.91
4359.0	5229.3	331.44
4360.0	5260.7	333.58
4361.0	5282.6	335.12
4362.0	5299.7	336.36
4363.0	5321.7	337.91
4364.0	5343.8	339.47
4365.0	5361.1	340.72
4366.0	5373.5	341.66
4367.0	5380.9	342.29
4368.0	5393.3	343.24
4369.0	5400.8	343.87
4370.0	5408.3	344.51
4371.0	5410.8	344.83
4372.0	5418.3	345.46
4373.0	5415.8	345.46
4374.0	5423.3	346.1
4375.0	5420.8	346.1
4376.0	5428.3	346.74
4377.0	5425.8	346.74
4378.0	5423.4	346.74
4379.0	5410.9	346.1
4380.0	5408.4	346.1
4381.0	5396.0	345.46
4382.0	5383.6	344.83
4383.0	5376.2	344.51
4384.0	5373.8	344.51
4385.0	5361.4	343.87
4386.0	5349.1	343.24
4387.0	5331.9	342.29
4388.0	5319.7	341.66
4389.0	5317.3	341.66
4390.0	5314.9	341.66
4391.0	5312.4	341.66
4392.0	5319.8	342.29
4393.0	5317.4	342.29
4394.0	5324.8	342.93
4395.0	5327.3	343.24
4396.0	5324.8	343.24
4397.0	5332.2	343.87
4398.0	5339.6	344.51
4399.0	5337.2	344.51
4400.0	5334.8	344.51
4401.0	5337.3	344.83
4402.0	5334.8	344.83
4403.0	5332.4	344.83
4404.0	5330.0	344.83
4405.0	5337.4	345.46
4406.0	5335.0	345.46
4407.0	5322.7	344.83
4408.0	5315.4	344.51
4409.0	5313.0	344.51
4410.0	5310.6	344.51
4411.0	5308.2	344.51
4412.0	5296.0	343.87
4413.0	5293.6	343.87
4414.0	5291.2	343.87
4415.0	5288.8	343.87
4416.0	5286.4	343.87
4417.0	5284.0	343.87
4418.0	5271.9	343.24
4419.0	5269.6	343.24
4420.0	5262.3	342.93
4421.0	5250.2	342.29
4422.0	5247.9	342.29
4423.0	5245.5	342.29
4424.0	5243.1	342.29
4425.0	5240.8	342.29
4426.0	5228.8	341.66
4427.0	5226.4	341.66
4428.0	5224.0	341.66
4429.0	5212.1	341.04
4430.0	5209.7	341.04
4431.0	5207.4	341.04
4432.0	5200.2	340.72
4433.0	5188.3	340.09
4434.0	5186.0	340.09
4435.0	5174.1	339.47
4436.0	5171.7	339.47
4437.0	5169.4	339.47
4438.0	5167.1	339.47
4439.0	5164.8	339.47
4440.0	5162.4	339.47
4441.0	5160.1	339.47
4442.0	5157.8	339.47
4443.0	5155.5	339.47
4444.0	5162.6	340.09
4445.0	5160.3	340.09
4446.0	5148.5	339.47
4447.0	5146.2	339.47
4448.0	5143.9	339.47
4449.0	5132.1	338.84
4450.0	5129.8	338.84
4451.0	5127.5	338.84
4452.0	5125.2	338.84
4453.0	5122.9	338.84
4454.0	5120.6	338.84
4455.0	5113.6	338.53
4456.0	5101.9	337.91
4457.0	5090.2	337.29
4458.0	5078.6	336.67
4459.0	5071.6	336.36
4460.0	5060.0	335.74
4461.0	5034.5	334.19
4462.0	5013.7	332.97
4463.0	4988.5	331.44
4464.0	4954.2	329.31
4465.0	4920.1	327.19
4466.0	4886.3	325.09
4467.0	4848.3	322.7
4468.0	4806.1	320.04
4469.0	4773.1	317.98
4470.0	4740.3	315.94
4471.0	4716.4	314.48
4472.0	4692.6	313.04
4473.0	4673.3	311.89
4474.0	4688.4	313.04
4475.0	4690.7	313.33
4476.0	4718.9	315.36
4477.0	4738.6	316.81
4478.0	4775.9	319.45
4479.0	4804.6	321.51
4480.0	4833.5	323.59
4481.0	4862.6	325.69
4482.0	4882.9	327.19
4483.0	4898.7	328.4
4484.0	4901.1	328.7
4485.0	4907.9	329.31
4486.0	4914.7	329.91
4487.0	4912.6	329.91
4488.0	4910.4	329.91
4489.0	4908.2	329.91
4490.0	4915.0	330.52
4491.0	4912.9	330.52
4492.0	4910.7	330.52
4493.0	4913.0	330.83
4494.0	4910.8	330.83
4495.0	4917.7	331.44
4496.0	4915.5	331.44
4497.0	4904.3	330.83
4498.0	4902.1	330.83
4499.0	4899.9	330.83
4500.0	4897.7	330.83
4501.0	4895.6	330.83
4502.0	4893.4	330.83
4503.0	4886.7	330.52
4504.0	4875.5	329.91
4505.0	4864.4	329.31
4506.0	4862.2	329.31
4507.0	4860.1	329.31
4508.0	4857.9	329.31
4509.0	4855.8	329.31
4510.0	4844.7	328.7
4511.0	4842.6	328.7
4512.0	4840.4	328.7
4513.0	4833.8	328.4
4514.0	4831.7	328.4
4515.0	4829.5	328.4
4516.0	4831.9	328.7
4517.0	4829.7	328.7
4518.0	4827.6	328.7
4519.0	4825.4	328.7
4520.0	4823.3	328.7
4521.0	4821.2	328.7
4522.0	4827.9	329.31
4523.0	4825.8	329.31
4524.0	4823.6	329.31
4525.0	4821.5	329.31
4526.0	4819.4	329.31
4527.0	4826.1	329.91
4528.0	4824.0	329.91
4529.0	4821.9	329.91
4530.0	4819.7	329.91
4531.0	4817.6	329.91
4532.0	4806.6	329.31
4533.0	4804.5	329.31
4534.0	4802.4	329.31
4535.0	4787.0	328.4
4536.0	4784.9	328.4
4537.0	4782.8	328.4
4538.0	4771.9	327.79
4539.0	4769.8	327.79
4540.0	4776.5	328.4
4541.0	4765.6	327.79
4542.0	4763.5	327.79
4543.0	4761.4	327.79
4544.0	4759.3	327.79
4545.0	4757.2	327.79
4546.0	4755.1	327.79
4547.0	4761.8	328.4
4548.0	4759.7	328.4
4549.0	4757.6	328.4
4550.0	4759.9	328.7
4551.0	4757.8	328.7
4552.0	4751.3	328.4
4553.0	4749.3	328.4
4554.0	4747.2	328.4
4555.0	4745.1	328.4
4556.0	4743.0	328.4
4557.0	4732.2	327.79
4558.0	4730.1	327.79
4559.0	4719.3	327.19
4560.0	4708.6	326.59
4561.0	4702.2	326.29
4562.0	4700.1	326.29
4563.0	4698.1	326.29
4564.0	4687.4	325.69
4565.0	4685.3	325.69
4566.0	4683.3	325.69
4567.0	4681.2	325.69
4568.0	4670.5	325.09
4569.0	4668.5	325.09
4570.0	4666.5	325.09
4571.0	4664.4	325.09
4572.0	4662.4	325.09
4573.0	4651.8	324.49
4574.0	4645.4	324.19
4575.0	4643.4	324.19
4576.0	4641.4	324.19
4577.0	4639.4	324.19
4578.0	4637.3	324.19
4579.0	4626.8	323.59
4580.0	4633.3	324.19
4581.0	4631.3	324.19
4582.0	4629.2	324.19
4583.0	4627.2	324.19
4584.0	4625.2	324.19
4585.0	4623.2	324.19
4586.0	4612.7	323.59
4587.0	4610.7	323.59
4588.0	4600.2	323.0
4589.0	4598.2	323.0
4590.0	4596.2	323.0
4591.0	4589.9	322.7
4592.0	4579.5	322.11
4593.0	4577.5	322.11
4594.0	4575.5	322.11
4595.0	4573.5	322.11
4596.0	4571.5	322.11
4597.0	4561.1	321.51
4598.0	4550.7	320.92
4599.0	4548.8	320.92
4600.0	4534.2	320.04
4601.0	4532.3	320.04
4602.0	4522.0	319.45
4603.0	4520.0	319.45
4604.0	4518.0	319.45
4605.0	4516.1	319.45
4606.0	4505.8	318.86
4607.0	4503.8	318.86
4608.0	4497.7	318.57
4609.0	4487.5	317.98
4610.0	4485.6	317.98
4611.0	4475.4	317.39
4612.0	4473.4	317.39
4613.0	4471.5	317.39
4614.0	4469.5	317.39
4615.0	4467.6	317.39
4616.0	4465.7	317.39
4617.0	4463.7	317.39
4618.0	4461.8	317.39
4619.0	4451.7	316.81
4620.0	4449.8	316.81
4621.0	4456.0	317.39
4622.0	4462.3	317.98
4623.0	4460.4	317.98
4624.0	4458.5	317.98
4625.0	4456.5	317.98
4626.0	4454.6	317.98
4627.0	4444.5	317.39
4628.0	4434.4	316.81
4629.0	4428.4	316.52
4630.0	4426.5	316.52
4631.0	4416.4	315.94
4632.0	4414.5	315.94
4633.0	4404.5	315.36
4634.0	4402.6	315.36
4635.0	4392.6	314.77
4636.0	4398.8	315.36
4637.0	4396.9	315.36
4638.0	4395.0	315.36
4639.0	4393.1	315.36
4640.0	4383.1	314.77
4641.0	4377.2	314.48
4642.0	4375.3	314.48
4643.0	4373.4	314.48
4644.0	4371.6	314.48
4645.0	4369.7	314.48
4646.0	4371.8	314.77
4647.0	4365.9	314.48
4648.0	4356.0	313.91
4649.0	4354.1	313.91
4650.0	4360.3	314.48
4651.0	4358.4	314.48
4652.0	4356.5	314.48
4653.0	4346.6	313.91
4654.0	4352.8	314.48
4655.0	4350.9	314.48
4656.0	4349.0	314.48
4657.0	4347.2	314.48
4658.0	4345.3	314.48
4659.0	4343.4	314.48
4660.0	4341.6	314.48
4661.0	4331.7	313.91
4662.0	4329.9	313.91
4663.0	4320.0	313.33
4664.0	4326.2	313.91
4665.0	4324.3	313.91
4666.0	4330.4	314.48
4667.0	4328.6	314.48
4668.0	4326.7	314.48
4669.0	4324.9	314.48
4670.0	4315.1	313.91
4671.0	4321.2	314.48
4672.0	4319.3	314.48
4673.0	4317.5	314.48
4674.0	4307.7	313.91
4675.0	4305.8	313.91
4676.0	4296.1	313.33
4677.0	4282.4	312.46
4678.0	4272.7	311.89
4679.0	4263.0	311.32
4680.0	4257.2	311.03
4681.0	4239.8	309.88
4682.0	4230.2	309.31
4683.0	4224.5	309.03
4684.0	4214.9	308.46
4685.0	4213.1	308.46
4686.0	4211.3	308.46
4687.0	4209.5	308.46
4688.0	4207.7	308.46
4689.0	4213.7	309.03
4690.0	4215.7	309.31
4691.0	4221.7	309.88
4692.0	4227.7	310.46
4693.0	4225.9	310.46
4694.0	4235.8	311.32
4695.0	4241.8	311.89
4696.0	4255.6	313.04
4697.0	4210.9	309.88
4698.0	4209.1	309.88
4699.0	4207.4	309.88
4700.0	4205.6	309.88
4702.0	4202.0	309.88
4704.0	4198.4	309.88
4706.0	4187.1	309.31
4708.0	4179.7	309.03
4710.0	4168.5	308.46
4712.0	4157.3	307.89
4714.0	4146.1	307.33
4716.0	4138.8	307.04
4718.0	4135.3	307.04
4720.0	4131.8	307.04
4722.0	4120.7	306.48
4724.0	4117.2	306.48
4726.0	4113.7	306.48
4728.0	4110.2	306.48
4730.0	4114.3	307.04
4732.0	4110.8	307.04
4734.0	4107.4	307.04
4736.0	4103.9	307.04
4738.0	4100.4	307.04
4740.0	4097.0	307.04
4742.0	4086.0	306.48
4744.0	4082.5	306.48
4746.0	4071.6	305.91
4748.0	4068.2	305.91
4750.0	4061.0	305.63
4752.0	4050.1	305.07
4754.0	4046.7	305.07
4756.0	4035.9	304.51
4758.0	4025.1	303.95
4760.0	4018.0	303.67
4762.0	4007.2	303.11
4764.0	3996.5	302.55
4766.0	3985.8	301.99
4768.0	3982.4	301.99
4770.0	3979.1	301.99
4772.0	3972.1	301.72
4774.0	3968.8	301.72
4776.0	3965.4	301.72
4778.0	3954.8	301.16
4780.0	3951.5	301.16
4782.0	3948.2	301.16
4784.0	3944.9	301.16
4786.0	3934.4	300.61
4788.0	3923.8	300.05
4790.0	3917.0	299.78
4792.0	3913.7	299.78
4794.0	3903.2	299.23
4796.0	3900.0	299.23
4798.0	3896.7	299.23
4800.0	3886.3	298.67
4802.0	3883.1	298.67
4804.0	3872.7	298.13
4806.0	3865.9	297.85
4808.0	3855.6	297.3
4810.0	3852.4	297.3
4812.0	3842.1	296.76
4814.0	3828.3	295.94
4816.0	3818.1	295.39
4818.0	3807.9	294.85
4820.0	3794.2	294.04
4822.0	3784.1	293.49
4824.0	3774.0	292.95
4826.0	3767.4	292.68
4828.0	3757.4	292.15
4830.0	3740.5	291.07
4832.0	3733.9	290.8
4834.0	3717.1	289.73
4836.0	3703.8	288.93
4838.0	3687.1	287.87
4840.0	3667.2	286.55
4842.0	3640.6	284.71
4844.0	3614.2	282.88
4846.0	3581.4	280.54
4848.0	3545.7	277.97
4850.0	3510.2	275.42
4852.0	3472.0	272.65
4854.0	3431.0	269.65
4856.0	3390.5	266.69
4858.0	3356.6	264.24
4860.0	3320.1	261.58
4862.0	3286.9	259.18
4864.0	3272.1	258.23
4866.0	3254.4	257.04
4868.0	3245.8	256.57
4870.0	3264.1	258.23
4872.0	3282.5	259.9
4874.0	3307.1	262.06
4876.0	3350.4	265.71
4878.0	3397.3	269.65
4880.0	3438.6	273.15
4882.0	3474.0	276.19
4884.0	3506.5	279.0
4886.0	3529.5	281.06
4888.0	3539.6	282.1
4890.0	3553.1	283.4
4892.0	3560.0	284.18
4894.0	3557.1	284.18
4896.0	3560.7	284.71
4898.0	3557.8	284.71
4900.0	3554.9	284.71
4902.0	3552.0	284.71
4904.0	3549.1	284.71
4906.0	3546.2	284.71
4908.0	3543.3	284.71
4910.0	3540.5	284.71
4912.0	3531.1	284.18
4914.0	3524.9	283.92
4916.0	3515.6	283.4
4918.0	3512.7	283.4
4920.0	3503.4	282.88
4922.0	3494.1	282.36
4924.0	3488.1	282.1
4926.0	3485.2	282.1
4928.0	3476.0	281.58
4930.0	3479.6	282.1
4932.0	3476.8	282.1
4934.0	3473.9	282.1
4936.0	3474.3	282.36
4938.0	3477.9	282.88
4940.0	3475.1	282.88
4942.0	3478.7	283.4
4944.0	3475.9	283.4
4946.0	3473.1	283.4
4948.0	3476.6	283.92
4950.0	3473.8	283.92
4952.0	3471.0	283.92
4954.0	3471.4	284.18
4956.0	3468.6	284.18
4958.0	3465.8	284.18
4960.0	3463.0	284.18
4962.0	3460.2	284.18
4964.0	3454.3	283.92
4966.0	3451.5	283.92
4968.0	3448.7	283.92
4970.0	3439.6	283.4
4972.0	3436.8	283.4
4974.0	3434.1	283.4
4976.0	3431.3	283.4
4978.0	3422.2	282.88
4980.0	3419.5	282.88
4982.0	3416.7	282.88
4984.0	3407.7	282.36
4986.0	3401.9	282.1
4988.0	3399.1	282.1
4990.0	3390.2	281.58
4992.0	3381.2	281.06
4994.0	3378.5	281.06
4996.0	3369.6	280.54
4998.0	3363.8	280.28
5000.0	3361.1	280.28
5002.0	3352.2	279.77
5004.0	3349.5	279.77
5006.0	3340.7	279.25
5008.0	3338.0	279.25
5010.0	3332.3	279.0
5012.0	3323.5	278.48
5014.0	3320.9	278.48
5016.0	3312.1	277.97
5018.0	3303.4	277.46
5020.0	3300.8	277.46
5022.0	3298.1	277.46
5024.0	3292.5	277.2
5026.0	3289.8	277.2
5028.0	3287.2	277.2
5030.0	3287.7	277.46
5032.0	3285.0	277.46
5034.0	3282.4	277.46
5036.0	3279.8	277.46
5038.0	3277.2	277.46
5040.0	3274.6	277.46
5042.0	3269.0	277.2
5044.0	3260.4	276.69
5046.0	3251.8	276.19
5048.0	3243.3	275.68
5050.0	3237.7	275.42
5052.0	3229.2	274.92
5054.0	3226.6	274.92
5056.0	3218.2	274.41
5058.0	3215.6	274.41
5060.0	3207.2	273.91
5062.0	3204.6	273.91
5064.0	3202.1	273.91
5066.0	3199.6	273.91
5068.0	3197.0	273.91
5070.0	3191.6	273.65
5072.0	3189.0	273.65
5074.0	3186.5	273.65
5076.0	3178.2	273.15
5078.0	3175.7	273.15
5080.0	3173.2	273.15
5082.0	3164.8	272.65
5084.0	3162.4	272.65
5086.0	3159.9	272.65
5088.0	3157.4	272.65
5090.0	3152.0	272.4
5092.0	3149.5	272.4
5094.0	3141.2	271.89
5096.0	3138.8	271.89
5098.0	3130.6	271.39
5100.0	3128.1	271.39
5102.0	3119.9	270.89
5104.0	3117.5	270.89
5106.0	3112.1	270.64
5108.0	3104.0	270.15
5110.0	3101.5	270.15
5112.0	3099.1	270.15
5114.0	3091.0	269.65
5116.0	3082.9	269.15
5118.0	3080.5	269.15
5120.0	3075.2	268.9
5122.0	3067.2	268.41
5124.0	3064.8	268.41
5126.0	3062.4	268.41
5128.0	3054.4	267.92
5130.0	3052.0	267.92
5132.0	3049.6	267.92
5134.0	3047.3	267.92
5136.0	3044.9	267.92
5138.0	3036.9	267.42
5140.0	3034.6	267.42
5142.0	3032.2	267.42
5144.0	3029.8	267.42
5146.0	3024.7	267.18
5148.0	3022.3	267.18
5150.0	3017.2	266.93
5152.0	3012.1	266.69
5154.0	3009.8	266.69
5156.0	3004.7	266.44
5158.0	3002.3	266.44
5160.0	2997.2	266.19
5162.0	2994.9	266.19
5164.0	2989.8	265.95
5166.0	2987.5	265.95
5168.0	2982.5	265.71
5170.0	2977.4	265.46
5172.0	2975.1	265.46
5174.0	2970.1	265.22
5176.0	2967.8	265.22
5178.0	2962.8	264.97
5180.0	2957.8	264.73
5182.0	2955.5	264.73
5184.0	2950.5	264.48
5186.0	2945.5	264.24
5188.0	2943.2	264.24
5190.0	2938.2	264.0
5192.0	2933.3	263.75
5194.0	2931.0	263.75
5196.0	2926.1	263.51
5198.0	2921.1	263.27
5200.0	2916.2	263.03
5202.0	2913.9	263.03
5204.0	2909.0	262.78
5206.0	2904.1	262.54
5208.0	2899.2	262.3
5210.0	2897.0	262.3
5212.0	2892.1	262.06
5214.0	2889.9	262.06
5216.0	2882.3	261.58
5218.0	2874.8	261.1
5220.0	2870.0	260.85
5222.0	2867.8	260.85
5224.0	2860.3	260.38
5226.0	2858.1	260.38
5228.0	2855.9	260.38
5230.0	2853.8	260.38
5232.0	2851.6	260.38
5234.0	2844.1	259.9
5236.0	2842.0	259.9
5238.0	2834.6	259.42
5240.0	2829.8	259.18
5242.0	2822.4	258.7
5244.0	2815.1	258.23
5246.0	2813.0	258.23
5248.0	2805.6	257.75
5250.0	2800.9	257.51
5252.0	2798.8	257.51
5254.0	2791.5	257.04
5256.0	2789.4	257.04
5258.0	2787.3	257.04
5260.0	2785.2	257.04
5262.0	2783.0	257.04
5264.0	2780.9	257.04
5266.0	2773.7	256.57
5268.0	2771.6	256.57
5270.0	2769.5	256.57
5272.0	2767.4	256.57
5274.0	2762.7	256.33
5276.0	2755.6	255.86
5278.0	2753.5	255.86
5280.0	2746.3	255.39
5282.0	2739.2	254.92
5284.0	2737.1	254.92
5286.0	2727.5	254.21
5288.0	2725.4	254.21
5290.0	2718.4	253.75
5292.0	2716.3	253.75
5294.0	2709.3	253.28
5296.0	2704.7	253.05
5298.0	2702.7	253.05
5300.0	2700.7	253.05
5302.0	2693.6	252.58
5304.0	2691.6	252.58
5306.0	2689.6	252.58
5308.0	2682.6	252.11
5310.0	2680.6	252.11
5312.0	2678.6	252.11
5314.0	2671.6	251.65
5316.0	2669.6	251.65
5318.0	2665.2	251.42
5320.0	2663.2	251.42
5322.0	2661.2	251.42
5324.0	2659.2	251.42
5326.0	2652.3	250.96
5328.0	2650.3	250.96
5330.0	2643.4	250.5
5332.0	2641.4	250.5
5334.0	2634.6	250.03
5336.0	2630.2	249.8
5338.0	2628.2	249.8
5340.0	2626.3	249.8
5342.0	2619.5	249.34
5344.0	2617.5	249.34
5346.0	2610.7	248.88
5348.0	2608.8	248.88
5350.0	2604.4	248.66
5352.0	2597.7	248.2
5354.0	2595.8	248.2
5356.0	2593.8	248.2
5358.0	2591.9	248.2
5360.0	2589.9	248.2
5362.0	2583.3	247.74
5364.0	2581.3	247.74
5366.0	2579.4	247.74
5368.0	2577.5	247.74
5370.0	2575.6	247.74
5372.0	2568.9	247.29
5374.0	2567.0	247.29
5376.0	2565.1	247.29
5378.0	2560.8	247.06
5380.0	2554.2	246.6
5382.0	2552.3	246.6
5384.0	2545.7	246.15
5386.0	2543.8	246.15
5388.0	2541.9	246.15
5390.0	2540.1	246.15
5392.0	2533.5	245.7
5394.0	2531.6	245.7
5396.0	2527.4	245.47
5398.0	2525.5	245.47
5400.0	2523.7	245.47
5402.0	2517.2	245.02
5404.0	2515.3	245.02
5406.0	2513.4	245.02
5408.0	2507.0	244.57
5410.0	2505.1	244.57
5412.0	2503.3	244.57
5414.0	2496.8	244.12
5416.0	2492.7	243.89
5418.0	2490.8	243.89
5420.0	2484.4	243.44
5422.0	2482.6	243.44
5424.0	2480.7	243.44
5426.0	2474.3	243.0
5428.0	2472.5	243.0
5430.0	2468.4	242.77
5432.0	2462.1	242.33
5434.0	2460.3	242.33
5436.0	2458.4	242.33
5438.0	2452.1	241.88
5440.0	2450.3	241.88
5442.0	2444.0	241.43
5444.0	2442.2	241.43
5446.0	2440.4	241.43
5448.0	2436.4	241.21
5450.0	2434.6	241.21
5452.0	2428.3	240.77
5454.0	2426.6	240.77
5456.0	2424.8	240.77
5458.0	2418.5	240.33
5460.0	2416.8	240.33
5462.0	2415.0	240.33
5464.0	2408.8	239.88
5466.0	2407.0	239.88
5468.0	2403.1	239.66
5470.0	2396.9	239.22
5472.0	2395.1	239.22
5474.0	2389.0	238.78
5476.0	2387.2	238.78
5478.0	2381.1	238.34
5480.0	2379.4	238.34
5482.0	2375.4	238.12
5484.0	2373.7	238.12
5486.0	2367.6	237.68
5488.0	2365.9	237.68
5490.0	2364.2	237.68
5492.0	2358.1	237.25
5494.0	2356.4	237.25
5496.0	2354.7	237.25
5498.0	2348.6	236.81
5500.0	2344.7	236.59
5502.0	2343.0	236.59
5504.0	2341.3	236.59
5506.0	2339.6	236.59
5508.0	2333.6	236.16
5510.0	2331.9	236.16
5512.0	2330.2	236.16
5514.0	2328.6	236.16
5516.0	2322.6	235.72
5518.0	2320.9	235.72
5520.0	2319.2	235.72
5522.0	2315.4	235.5
5524.0	2313.7	235.5
5526.0	2307.8	235.07
5528.0	2306.1	235.07
5530.0	2304.5	235.07
5532.0	2302.8	235.07
5534.0	2296.9	234.64
5536.0	2295.2	234.64
5538.0	2289.4	234.21
5540.0	2287.7	234.21
5542.0	2284.0	233.99
5544.0	2278.1	233.56
5546.0	2276.5	233.56
5548.0	2270.6	233.13
5550.0	2269.0	233.13
5552.0	2267.4	233.13
5554.0	2261.6	232.7
5556.0	2257.9	232.49
5558.0	2256.2	232.49
5560.0	2250.5	232.06
5562.0	2248.8	232.06
5564.0	2247.2	232.06
5566.0	2245.6	232.06
5568.0	2244.0	232.06
5570.0	2242.4	232.06
5572.0	2236.6	231.63
5574.0	2235.0	231.63
5576.0	2233.4	231.63
5578.0	2227.7	231.21
5580.0	2224.1	230.99
5582.0	2222.5	230.99
5584.0	2220.9	230.99
5586.0	2219.3	230.99
5588.0	2213.6	230.57
5590.0	2212.1	230.57
5592.0	2210.5	230.57
5594.0	2208.9	230.57
5596.0	2207.3	230.57
5598.0	2205.7	230.57
5600.0	2204.2	230.57
5602.0	2202.6	230.57
5604.0	2197.0	230.14
5606.0	2191.4	229.72
5608.0	2187.8	229.51
5610.0	2186.2	229.51
5612.0	2180.6	229.09
5614.0	2175.1	228.66
5616.0	2173.5	228.66
5618.0	2170.0	228.45
5620.0	2168.4	228.45
5622.0	2162.9	228.03
5624.0	2161.4	228.03
5626.0	2159.8	228.03
5628.0	2158.3	228.03
5630.0	2152.8	227.61
5632.0	2151.3	227.61
5634.0	2145.8	227.2
5636.0	2144.3	227.2
5638.0	2142.7	227.2
5640.0	2135.3	226.57
5642.0	2133.8	226.57
5644.0	2128.4	226.15
5646.0	2126.9	226.15
5648.0	2121.4	225.74
5650.0	2118.0	225.53
5652.0	2116.5	225.53
5654.0	2115.0	225.53
5656.0	2109.6	225.11
5658.0	2108.1	225.11
5660.0	2106.6	225.11
5662.0	2101.3	224.7
5664.0	2099.8	224.7
5666.0	2098.3	224.7
5668.0	2096.8	224.7
5670.0	2091.5	224.28
5672.0	2088.1	224.08
5674.0	2086.6	224.08
5676.0	2081.3	223.67
5678.0	2079.8	223.67
5680.0	2074.6	223.25
5682.0	2073.1	223.25
5684.0	2067.8	222.84
5686.0	2066.4	222.84
5688.0	2063.0	222.64
5690.0	2061.6	222.64
5692.0	2060.1	222.64
5694.0	2058.7	222.64
5696.0	2057.2	222.64
5698.0	2055.8	222.64
5700.0	2054.3	222.64
5702.0	2052.9	222.64
5704.0	2047.7	222.23
5706.0	2046.2	222.23
5708.0	2044.8	222.23
5710.0	2043.4	222.23
5712.0	2038.2	221.82
5714.0	2036.8	221.82
5716.0	2035.3	221.82
5718.0	2032.0	221.61
5720.0	2030.6	221.61
5722.0	2025.5	221.21
5724.0	2024.0	221.21
5726.0	2022.6	221.21
5728.0	2017.5	220.8
5730.0	2016.1	220.8
5732.0	2014.7	220.8
5734.0	2013.3	220.8
5736.0	2008.2	220.39
5738.0	2006.8	220.39
5740.0	2005.4	220.39
5742.0	2002.1	220.19
5744.0	1997.1	219.79
5746.0	1995.7	219.79
5748.0	1994.3	219.79
5750.0	1989.2	219.38
5752.0	1987.8	219.38
5754.0	1986.5	219.38
5756.0	1981.4	218.98
5758.0	1978.2	218.78
5760.0	1976.9	218.78
5762.0	1975.5	218.78
5764.0	1974.1	218.78
5766.0	1972.7	218.78
5768.0	1971.4	218.78
5770.0	1966.4	218.37
5772.0	1965.0	218.37
5774.0	1963.7	218.37
5776.0	1962.3	218.37
5778.0	1960.9	218.37
5780.0	1956.0	217.97
5782.0	1954.6	217.97
5784.0	1953.3	217.97
5786.0	1951.9	217.97
5788.0	1950.6	217.97
5790.0	1949.2	217.97
5792.0	1944.3	217.57
5794.0	1943.0	217.57
5796.0	1939.8	217.37
5798.0	1938.5	217.37
5800.0	1933.6	216.97
5802.0	1932.3	216.97
5804.0	1927.4	216.57
5806.0	1926.0	216.57
5808.0	1922.9	216.37
5810.0	1918.1	215.97
5812.0	1916.8	215.97
5814.0	1915.4	215.97
5816.0	1910.6	215.58
5818.0	1909.3	215.58
5820.0	1908.0	215.58
5822.0	1903.2	215.18
5824.0	1901.9	215.18
5826.0	1898.8	214.98
5828.0	1894.0	214.58
5830.0	1889.2	214.19
5832.0	1887.9	214.19
5834.0	1883.2	213.8
5836.0	1881.9	213.8
5838.0	1880.6	213.8
5840.0	1877.6	213.6
5842.0	1872.8	213.21
5844.0	1871.5	213.21
5846.0	1870.3	213.21
5848.0	1869.0	213.21
5850.0	1864.3	212.81
5852.0	1863.0	212.81
5854.0	1858.3	212.42
5856.0	1855.3	212.23
5858.0	1854.1	212.23
5860.0	1849.4	211.84
5862.0	1844.7	211.45
5864.0	1840.1	211.06
5866.0	1837.1	210.86
5868.0	1832.5	210.47
5870.0	1826.2	209.89
5872.0	1818.2	209.12
5874.0	1813.6	208.74
5876.0	1807.4	208.16
5878.0	1799.5	207.4
5880.0	1798.3	207.4
5882.0	1797.1	207.4
5884.0	1795.9	207.4
5886.0	1798.0	207.78
5888.0	1803.4	208.55
5890.0	1803.8	208.74
5892.0	1809.2	209.51
5894.0	1811.3	209.89
5896.0	1811.8	210.09
5898.0	1813.9	210.47
5900.0	1816.0	210.86
5902.0	1819.8	211.45
5904.0	1815.2	211.06
5906.0	1812.3	210.86
5908.0	1807.7	210.47
5910.0	1803.2	210.09
5912.0	1802.0	210.09
5914.0	1795.8	209.51
5916.0	1794.6	209.51
5918.0	1793.4	209.51
5920.0	1792.2	209.51
5922.0	1787.6	209.12
5924.0	1786.4	209.12
5926.0	1785.2	209.12
5928.0	1780.8	208.74
5930.0	1779.6	208.74
5932.0	1776.7	208.55
5934.0	1772.2	208.16
5936.0	1771.1	208.16
5938.0	1766.6	207.78
5940.0	1765.4	207.78
5942.0	1761.0	207.4
5944.0	1759.8	207.4
5946.0	1757.0	207.21
5948.0	1755.8	207.21
5950.0	1754.6	207.21
5952.0	1753.5	207.21
5954.0	1749.1	206.82
5956.0	1747.9	206.82
5958.0	1746.7	206.82
5960.0	1745.5	206.82
5962.0	1744.4	206.82
5964.0	1743.2	206.82
5966.0	1742.0	206.82
5968.0	1740.9	206.82
5970.0	1739.7	206.82
5972.0	1735.3	206.44
5974.0	1731.0	206.06
5976.0	1729.8	206.06
5978.0	1727.1	205.87
5980.0	1725.9	205.87
5982.0	1721.6	205.49
5984.0	1720.4	205.49
5986.0	1719.3	205.49
5988.0	1718.1	205.49
5990.0	1717.0	205.49
5992.0	1712.7	205.12
5994.0	1711.5	205.12
5996.0	1710.4	205.12
5998.0	1709.3	205.12
6000.0	1708.1	205.12
6002.0	1703.8	204.74
6004.0	1702.7	204.74
6006.0	1700.0	204.55
6008.0	1698.9	204.55
6010.0	1694.6	204.17
6012.0	1693.5	204.17
6014.0	1692.4	204.17
6016.0	1691.2	204.17
6018.0	1687.0	203.8
6020.0	1685.9	203.8
6022.0	1684.8	203.8
6024.0	1682.1	203.61
6026.0	1681.0	203.61
6028.0	1676.8	203.24
6030.0	1675.7	203.24
6032.0	1674.6	203.24
6034.0	1670.4	202.86
6036.0	1669.3	202.86
6038.0	1668.1	202.86
6040.0	1664.0	202.49
6042.0	1662.9	202.49
6044.0	1661.8	202.49
6046.0	1659.1	202.3
6048.0	1655.0	201.93
6050.0	1653.9	201.93
6052.0	1652.8	201.93
6054.0	1648.7	201.56
6056.0	1647.6	201.56
6058.0	1646.5	201.56
6060.0	1645.4	201.56
6062.0	1641.3	201.19
6064.0	1638.7	201.0
6066.0	1637.6	201.0
6068.0	1633.5	200.63
6070.0	1632.5	200.63
6072.0	1628.4	200.26
6074.0	1627.3	200.26
6076.0	1626.2	200.26
6078.0	1625.2	200.26
6080.0	1624.1	200.26
6082.0	1623.0	200.26
6084.0	1622.0	200.26
6086.0	1620.9	200.26
6088.0	1619.8	200.26
6090.0	1618.8	200.26
6092.0	1614.7	199.89
6094.0	1612.2	199.71
6096.0	1611.1	199.71
6098.0	1607.1	199.34
6100.0	1603.1	198.98
6102.0	1602.0	198.98
6104.0	1596.6	198.43
6106.0	1595.5	198.43
6108.0	1591.6	198.06
6110.0	1590.5	198.06
6112.0	1589.5	198.06
6114.0	1585.5	197.7
6116.0	1584.5	197.7
6118.0	1583.4	197.7
6120.0	1582.4	197.7
6122.0	1581.4	197.7
6124.0	1580.3	197.7
6126.0	1579.3	197.7
6128.0	1578.3	197.7
6130.0	1575.8	197.51
6132.0	1571.9	197.15
6134.0	1570.8	197.15
6136.0	1566.9	196.79
6138.0	1565.9	196.79
6140.0	1562.0	196.43
6142.0	1561.0	196.43
6144.0	1558.5	196.25
6146.0	1554.7	195.88
6148.0	1553.6	195.88
6150.0	1552.6	195.88
6152.0	1551.6	195.88
6154.0	1547.8	195.52
6156.0	1546.8	195.52
6158.0	1545.8	195.52
6160.0	1544.8	195.52
6162.0	1543.8	195.52
6164.0	1542.8	195.52
6166.0	1541.8	195.52
6168.0	1540.8	195.52
6170.0	1536.9	195.16
6172.0	1535.9	195.16
6174.0	1533.5	194.98
6176.0	1532.5	194.98
6178.0	1528.7	194.63
6180.0	1527.7	194.63
6182.0	1523.9	194.27
6184.0	1522.9	194.27
6186.0	1519.1	193.91
6188.0	1516.8	193.73
6190.0	1515.8	193.73
6192.0	1514.8	193.73
6194.0	1513.8	193.73
6196.0	1512.9	193.73
6198.0	1509.1	193.37
6200.0	1508.1	193.37
6202.0	1507.2	193.37
6204.0	1506.2	193.37
6206.0	1502.4	193.02
6208.0	1501.5	193.02
6210.0	1500.5	193.02
6212.0	1499.5	193.02
6214.0	1497.2	192.84
6216.0	1493.5	192.49
6218.0	1492.5	192.49
6220.0	1488.8	192.13
6222.0	1487.9	192.13
6224.0	1484.2	191.78
6226.0	1483.2	191.78
6228.0	1482.3	191.78
6230.0	1479.9	191.6
6232.0	1479.0	191.6
6234.0	1475.3	191.25
6236.0	1474.4	191.25
6238.0	1473.4	191.25
6240.0	1472.5	191.25
6242.0	1471.5	191.25
6244.0	1467.9	190.9
6246.0	1467.0	190.9
6248.0	1466.0	190.9
6250.0	1462.4	190.55
6252.0	1461.4	190.55
6254.0	1460.5	190.55
6256.0	1458.2	190.37
6258.0	1457.3	190.37
6260.0	1453.7	190.02
6262.0	1452.8	190.02
6264.0	1451.8	190.02
6266.0	1450.9	190.02
6268.0	1447.3	189.67
6270.0	1446.4	189.67
6272.0	1445.5	189.67
6274.0	1441.9	189.32
6276.0	1439.6	189.15
6278.0	1438.7	189.15
6280.0	1435.2	188.8
6282.0	1434.2	188.8
6284.0	1430.7	188.45
6286.0	1429.8	188.45
6288.0	1428.9	188.45
6290.0	1428.0	188.45
6292.0	1424.4	188.11
6294.0	1423.5	188.11
6296.0	1422.6	188.11
6298.0	1420.4	187.93
6300.0	1419.5	187.93
6302.0	1416.0	187.59
6304.0	1415.1	187.59
6306.0	1414.2	187.59
6308.0	1413.3	187.59
6310.0	1412.4	187.59
6312.0	1408.9	187.24
6314.0	1408.0	187.24
6316.0	1407.1	187.24
6318.0	1406.2	187.24
6320.0	1405.4	187.24
6322.0	1403.2	187.07
6324.0	1399.7	186.72
6326.0	1398.8	186.72
6328.0	1395.4	186.38
6330.0	1394.5	186.38
6332.0	1393.6	186.38
6334.0	1390.2	186.04
6336.0	1389.3	186.04
6338.0	1388.4	186.04
6340.0	1387.5	186.04
6342.0	1386.7	186.04
6344.0	1384.5	185.87
6346.0	1381.1	185.52
6348.0	1380.2	185.52
6350.0	1379.3	185.52
6352.0	1375.9	185.18
6354.0	1375.1	185.18
6356.0	1371.7	184.84
6358.0	1369.6	184.67
6360.0	1368.7	184.67
6362.0	1365.3	184.33
6364.0	1364.5	184.33
6366.0	1363.6	184.33
6368.0	1362.7	184.33
6370.0	1361.9	184.33
6372.0	1361.0	184.33
6374.0	1360.2	184.33
6376.0	1359.3	184.33
6378.0	1356.0	183.99
6380.0	1355.1	183.99
6382.0	1354.3	183.99
6384.0	1350.9	183.65
6386.0	1350.1	183.65
6388.0	1348.0	183.48
6390.0	1347.2	183.48
6392.0	1343.8	183.15
6394.0	1343.0	183.15
6396.0	1339.7	182.81
6398.0	1338.8	182.81
6400.0	1338.0	182.81
6402.0	1334.7	182.47
6404.0	1332.7	182.31
6406.0	1331.8	182.31
6408.0	1331.0	182.31
6410.0	1327.7	181.97
6412.0	1326.9	181.97
6414.0	1326.1	181.97
6416.0	1325.2	181.97
6418.0	1322.0	181.63
6420.0	1321.1	181.63
6422.0	1320.3	181.63
6424.0	1319.5	181.63
6426.0	1318.7	181.63
6428.0	1317.9	181.63
6430.0	1317.0	181.63
6432.0	1316.2	181.63
6434.0	1314.2	181.47
6436.0	1313.4	181.47
6438.0	1310.1	181.13
6440.0	1309.3	181.13
6442.0	1308.5	181.13
6444.0	1305.3	180.8
6446.0	1304.5	180.8
6448.0	1303.7	180.8
6450.0	1302.9	180.8
6452.0	1299.7	180.47
6454.0	1298.9	180.47
6456.0	1298.1	180.47
6458.0	1296.1	180.3
6460.0	1292.9	179.97
6462.0	1292.1	179.97
6464.0	1288.9	179.64
6466.0	1288.1	179.64
6468.0	1287.3	179.64
6470.0	1284.1	179.31
6472.0	1282.2	179.14
6474.0	1281.4	179.14
6476.0	1278.2	178.81
6478.0	1277.4	178.81
6480.0	1274.3	178.48
6482.0	1271.2	178.16
6484.0	1269.2	177.99
6486.0	1266.1	177.66
6488.0	1265.3	177.66
6490.0	1262.2	177.34
6492.0	1259.1	177.01
6494.0	1257.2	176.85
6496.0	1254.1	176.52
6498.0	1251.0	176.2
6500.0	1249.1	176.04
6502.0	1246.0	175.71
6504.0	1240.7	175.07
6506.0	1238.8	174.9
6508.0	1233.5	174.26
6510.0	1229.3	173.78
6512.0	1224.0	173.14
6514.0	1219.9	172.66
6516.0	1214.7	172.03
6518.0	1210.6	171.55
6520.0	1205.4	170.92
6522.0	1199.1	170.14
6524.0	1196.2	169.82
6526.0	1189.9	169.04
6528.0	1185.9	168.58
6530.0	1183.0	168.27
6532.0	1178.0	167.65
6534.0	1174.0	167.19
6536.0	1170.0	166.72
6538.0	1165.0	166.11
6540.0	1158.9	165.35
6542.0	1150.8	164.29
6544.0	1142.7	163.23
6546.0	1134.7	162.18
6548.0	1123.6	160.69
6550.0	1111.6	159.07
6552.0	1100.7	157.62
6554.0	1085.9	155.6
6556.0	1073.4	153.89
6558.0	1061.9	152.34
6560.0	1049.6	150.66
6562.0	1037.4	149.0
6564.0	1030.1	148.05
6566.0	1026.6	147.64
6568.0	1022.2	147.1
6570.0	1023.5	147.37
6572.0	1029.5	148.32
6574.0	1036.5	149.42
6576.0	1046.4	150.94
6578.0	1059.3	152.9
6580.0	1070.5	154.6
6582.0	1083.7	156.6
6584.0	1093.1	158.05
6586.0	1103.5	159.66
6588.0	1113.0	161.14
6590.0	1119.6	162.18
6592.0	1126.1	163.23
6594.0	1130.6	163.98
6596.0	1134.1	164.59
6598.0	1138.7	165.35
6600.0	1141.1	165.81
6602.0	1144.6	166.42
6604.0	1147.1	166.88
6606.0	1148.5	167.19
6608.0	1150.0	167.49
6610.0	1152.4	167.96
6612.0	1153.9	168.27
6614.0	1155.3	168.58
6616.0	1157.8	169.04
6618.0	1159.2	169.36
6620.0	1158.5	169.36
6622.0	1160.0	169.67
6624.0	1160.3	169.82
6626.0	1158.6	169.67
6628.0	1157.9	169.67
6630.0	1157.2	169.67
6632.0	1156.5	169.67
6634.0	1153.6	169.36
6636.0	1152.9	169.36
6638.0	1152.2	169.36
6640.0	1151.6	169.36
6642.0	1148.7	169.04
6644.0	1148.0	169.04
6646.0	1147.4	169.04
6648.0	1146.7	169.04
6650.0	1143.9	168.73
6652.0	1143.2	168.73
6654.0	1142.5	168.73
6656.0	1140.8	168.58
6658.0	1140.1	168.58
6660.0	1139.4	168.58
6662.0	1136.6	168.27
6664.0	1135.9	168.27
6666.0	1133.2	167.96
6668.0	1130.4	167.65
6670.0	1128.7	167.49
6672.0	1125.9	167.19
6674.0	1123.2	166.88
6676.0	1119.4	166.42
6678.0	1116.7	166.11
6680.0	1114.0	165.81
6682.0	1113.3	165.81
6684.0	1111.6	165.65
6686.0	1110.9	165.65
6688.0	1111.3	165.81
6690.0	1110.6	165.81
6692.0	1112.0	166.11
6694.0	1113.4	166.42
6696.0	1112.7	166.42
6698.0	1114.1	166.72
6700.0	1114.5	166.88
6702.0	1113.8	166.88
6704.0	1113.1	166.88
6706.0	1112.5	166.88
6708.0	1111.8	166.88
6710.0	1111.2	166.88
6712.0	1110.5	166.88
6714.0	1108.8	166.72
6716.0	1108.2	166.72
6718.0	1105.5	166.42
6720.0	1104.8	166.42
6722.0	1104.1	166.42
6724.0	1103.5	166.42
6726.0	1100.8	166.11
6728.0	1100.1	166.11
6730.0	1099.5	166.11
6732.0	1098.8	166.11
6734.0	1098.2	166.11
6736.0	1095.5	165.81
6738.0	1094.9	165.81
6740.0	1094.2	165.81
6742.0	1093.6	165.81
6744.0	1092.9	165.81
6746.0	1092.3	165.81
6748.0	1091.6	165.81
6750.0	1091.0	165.81
6752.0	1090.3	165.81
6754.0	1088.7	165.65
6756.0	1088.0	165.65
6758.0	1085.4	165.35
6760.0	1084.7	165.35
6762.0	1082.1	165.04
6764.0	1081.5	165.04
6766.0	1078.8	164.74
6768.0	1078.2	164.74
6770.0	1077.6	164.74
6772.0	1076.9	164.74
6774.0	1076.3	164.74
6776.0	1075.7	164.74
6778.0	1075.0	164.74
6780.0	1074.4	164.74
6782.0	1073.8	164.74
6784.0	1073.1	164.74
6786.0	1072.5	164.74
6788.0	1070.9	164.59
6790.0	1070.2	164.59
6792.0	1069.6	164.59
6794.0	1069.0	164.59
6796.0	1068.4	164.59
6798.0	1067.7	164.59
6800.0	1065.1	164.29
6802.0	1064.5	164.29
6804.0	1063.9	164.29
6806.0	1061.3	163.98
6808.0	1060.7	163.98
6810.0	1058.1	163.68
6812.0	1056.5	163.53
6814.0	1055.9	163.53
6816.0	1055.3	163.53
6818.0	1052.7	163.23
6820.0	1052.1	163.23
6822.0	1051.5	163.23
6824.0	1050.9	163.23
6826.0	1050.2	163.23
6828.0	1049.6	163.23
6830.0	1050.9	163.53
6832.0	1050.3	163.53
6834.0	1047.8	163.23
6836.0	1047.2	163.23
6838.0	1046.6	163.23
6840.0	1045.9	163.23
6842.0	1045.3	163.23
6844.0	1044.7	163.23
6846.0	1043.1	163.08
6848.0	1042.5	163.08
6850.0	1041.9	163.08
6852.0	1040.4	162.93
6854.0	1039.8	162.93
6856.0	1039.2	162.93
6858.0	1038.5	162.93
6860.0	1037.0	162.78
6862.0	1036.4	162.78
6864.0	1035.8	162.78
6866.0	1034.2	162.63
6868.0	1033.6	162.63
6870.0	1033.0	162.63
6872.0	1031.5	162.48
6874.0	1030.9	162.48
6876.0	1029.3	162.33
6878.0	1028.7	162.33
6880.0	1027.2	162.18
6882.0	1026.6	162.18
6884.0	1026.0	162.18
6886.0	1024.4	162.03
6888.0	1023.8	162.03
6890.0	1022.3	161.88
6892.0	1021.7	161.88
6894.0	1020.2	161.73
6896.0	1019.6	161.73
6898.0	1018.1	161.58
6900.0	1017.5	161.58
6902.0	1015.9	161.44
6904.0	1015.4	161.44
6906.0	1013.8	161.29
6908.0	1012.3	161.14
6910.0	1011.7	161.14
6912.0	1010.2	160.99
6914.0	1009.6	160.99
6916.0	1008.1	160.84
6918.0	1006.6	160.69
6920.0	1006.0	160.69
6922.0	1004.5	160.55
6924.0	1003.0	160.4
6926.0	1002.4	160.4
6928.0	1000.9	160.25
6930.0	999.44	160.1
6932.0	998.86	160.1
6934.0	997.36	159.96
6936.0	995.87	159.81
6938.0	994.38	159.66
6940.0	993.8	159.66
6942.0	992.32	159.51
6944.0	990.83	159.37
6946.0	989.35	159.22
6948.0	987.87	159.07
6950.0	987.3	159.07
6952.0	986.74	159.07
6954.0	983.45	158.64
6956.0	982.88	158.64
6958.0	980.51	158.34
6960.0	979.95	158.34
6962.0	977.58	158.05
6964.0	977.02	158.05
6966.0	974.66	157.76
6968.0	974.1	157.76
6970.0	972.64	157.62
6972.0	972.09	157.62
6974.0	971.53	157.62
6976.0	970.97	157.62
6978.0	970.42	157.62
6980.0	969.86	157.62
6982.0	967.52	157.33
6984.0	966.97	157.33
6986.0	966.42	157.33
6988.0	964.08	157.04
6990.0	963.53	157.04
6992.0	962.98	157.04
6994.0	962.43	157.04
6996.0	960.99	156.89
6998.0	960.44	156.89
7000.0	958.13	156.6
7002.0	957.58	156.6
7004.0	955.27	156.31
7006.0	954.73	156.31
7008.0	952.43	156.03
7010.0	951.89	156.03
7012.0	950.46	155.88
7014.0	948.18	155.6
7016.0	947.64	155.6
7018.0	947.1	155.6
7020.0	944.81	155.31
7022.0	944.28	155.31
7024.0	943.74	155.31
7026.0	941.46	155.02
7028.0	940.93	155.02
7030.0	939.53	154.88
7032.0	938.99	154.88
7034.0	938.46	154.88
7036.0	937.92	154.88
7038.0	937.39	154.88
7040.0	936.86	154.88
7042.0	936.33	154.88
7044.0	935.8	154.88
7046.0	933.54	154.6
7048.0	933.02	154.6
7050.0	932.48	154.6
7052.0	930.24	154.31
7054.0	928.01	154.03
7056.0	926.62	153.89
7058.0	924.39	153.6
7060.0	923.87	153.6
7062.0	921.65	153.32
7064.0	918.58	152.9
7066.0	918.06	152.9
7068.0	915.86	152.62
7070.0	913.65	152.34
7072.0	913.14	152.34
7074.0	912.62	152.34
7076.0	912.11	152.34
7078.0	911.59	152.34
7080.0	911.08	152.34
7082.0	912.24	152.62
7084.0	911.72	152.62
7086.0	911.21	152.62
7088.0	910.69	152.62
7090.0	910.18	152.62
7092.0	909.67	152.62
7094.0	909.16	152.62
7096.0	908.64	152.62
7098.0	908.13	152.62
7100.0	907.62	152.62
7102.0	907.11	152.62
7104.0	908.27	152.9
7106.0	907.76	152.9
7108.0	905.58	152.62
7110.0	905.07	152.62
7112.0	904.56	152.62
7114.0	904.05	152.62
7116.0	903.54	152.62
7118.0	903.04	152.62
7120.0	902.53	152.62
7122.0	902.02	152.62
7124.0	899.86	152.34
7126.0	899.35	152.34
7128.0	898.02	152.19
7130.0	895.86	151.91
7132.0	895.36	151.91
7134.0	893.21	151.64
7136.0	891.07	151.36
7138.0	890.57	151.36
7140.0	889.25	151.22
7142.0	887.11	150.94
7144.0	886.62	150.94
7146.0	886.12	150.94
7148.0	885.63	150.94
7150.0	885.13	150.94
7152.0	884.64	150.94
7154.0	884.14	150.94
7156.0	883.65	150.94
7158.0	884.78	151.22
7160.0	884.29	151.22
7162.0	884.61	151.36
7164.0	884.12	151.36
7166.0	883.62	151.36
7168.0	883.13	151.36
7170.0	882.64	151.36
7172.0	882.15	151.36
7174.0	881.65	151.36
7176.0	881.16	151.36
7178.0	879.86	151.22
7180.0	877.75	150.94
7182.0	877.26	150.94
7184.0	875.16	150.66
7186.0	873.07	150.38
7188.0	871.77	150.24
7190.0	869.68	149.97
7192.0	867.6	149.69
7194.0	864.72	149.28
7196.0	862.66	149.0
7198.0	860.59	148.73
7200.0	860.11	148.73
7202.0	857.26	148.32
7204.0	856.79	148.32
7206.0	854.73	148.05
7208.0	854.26	148.05
7210.0	853.79	148.05
7212.0	851.74	147.77
7214.0	851.27	147.77
7216.0	850.8	147.77
7218.0	850.33	147.77
7220.0	849.86	147.77
7222.0	850.95	148.05
7224.0	850.48	148.05
7226.0	850.01	148.05
7228.0	851.11	148.32
7230.0	850.64	148.32
7232.0	850.17	148.32
7234.0	848.13	148.05
7236.0	846.1	147.77
7238.0	845.64	147.77
7240.0	844.39	147.64
7242.0	842.37	147.37
7244.0	841.9	147.37
7246.0	841.44	147.37
7248.0	840.97	147.37
7250.0	840.51	147.37
7252.0	840.05	147.37
7254.0	839.58	147.37
7256.0	837.58	147.1
7258.0	837.12	147.1
7260.0	836.65	147.1
7262.0	836.19	147.1
7264.0	834.2	146.82
7266.0	832.97	146.69
7268.0	832.51	146.69
7270.0	830.52	146.42
7272.0	828.54	146.15
7274.0	826.56	145.88
7276.0	825.34	145.75
7278.0	824.89	145.75
7280.0	824.44	145.75
7282.0	822.46	145.48
7284.0	822.01	145.48
7286.0	821.56	145.48
7288.0	821.11	145.48
7290.0	820.66	145.48
7292.0	820.21	145.48
7294.0	819.76	145.48
7296.0	820.82	145.75
7298.0	820.37	145.75
7300.0	819.92	145.75
7302.0	819.48	145.75
7304.0	819.03	145.75
7306.0	818.58	145.75
7308.0	816.62	145.48
7310.0	816.18	145.48
7312.0	814.23	145.21
7314.0	813.79	145.21
7316.0	811.84	144.94
7318.0	810.65	144.81
7320.0	810.21	144.81
7322.0	809.77	144.81
7324.0	809.33	144.81
7326.0	807.4	144.54
7328.0	806.96	144.54
7330.0	806.52	144.54
7332.0	804.59	144.28
7334.0	804.15	144.28
7336.0	802.98	144.15
7338.0	801.06	143.88
7340.0	800.62	143.88
7342.0	800.19	143.88
7344.0	799.75	143.88
7346.0	799.32	143.88
7348.0	798.88	143.88
7350.0	798.45	143.88
7352.0	798.01	143.88
7354.0	797.58	143.88
7356.0	797.14	143.88
7358.0	795.24	143.61
7360.0	794.81	143.61
7362.0	792.92	143.35
7364.0	792.49	143.35
7366.0	792.06	143.35
7368.0	791.63	143.35
7370.0	790.47	143.22
7372.0	790.04	143.22
7374.0	789.61	143.22
7376.0	787.73	142.95
7378.0	787.3	142.95
7380.0	786.88	142.95
7382.0	786.45	142.95
7384.0	786.02	142.95
7386.0	784.16	142.69
7388.0	783.73	142.69
7390.0	781.86	142.43
7392.0	781.44	142.43
7394.0	780.3	142.3
7396.0	779.88	142.3
7398.0	779.46	142.3
7400.0	779.04	142.3
7402.0	777.18	142.04
7404.0	776.76	142.04
7406.0	776.34	142.04
7408.0	775.92	142.04
7410.0	775.5	142.04
7412.0	775.08	142.04
7414.0	776.1	142.3
7416.0	775.68	142.3
7418.0	773.83	142.04
7420.0	773.41	142.04
7422.0	773.0	142.04
7424.0	772.58	142.04
7426.0	770.74	141.77
7428.0	770.33	141.77
7430.0	768.5	141.51
7432.0	767.38	141.38
7434.0	766.97	141.38
7436.0	765.14	141.12
7438.0	764.73	141.12
7440.0	762.91	140.86
7442.0	762.5	140.86
7444.0	760.69	140.6
7446.0	760.28	140.6
7448.0	759.17	140.48
7450.0	758.77	140.48
7452.0	756.96	140.22
7454.0	756.56	140.22
7456.0	756.15	140.22
7458.0	754.35	139.96
7460.0	753.95	139.96
7462.0	753.54	139.96
7464.0	753.14	139.96
7466.0	752.74	139.96
7468.0	752.33	139.96
7470.0	751.93	139.96
7472.0	751.53	139.96
7474.0	751.13	139.96
7476.0	750.72	139.96
7478.0	750.32	139.96
7480.0	749.92	139.96
7482.0	748.83	139.83
7484.0	747.06	139.57
7486.0	746.66	139.57
7488.0	746.26	139.57
7490.0	744.48	139.32
7492.0	744.09	139.32
7494.0	742.32	139.06
7496.0	741.93	139.06
7498.0	740.85	138.93
7500.0	739.09	138.68
7502.0	738.7	138.68
7504.0	738.3	138.68
7506.0	736.55	138.42
7508.0	736.16	138.42
7510.0	735.77	138.42
7512.0	734.02	138.16
7514.0	733.63	138.16
7516.0	732.57	138.04
7518.0	732.18	138.04
7520.0	731.79	138.04
7522.0	731.4	138.04
7524.0	731.01	138.04
7526.0	730.62	138.04
7528.0	730.23	138.04
7530.0	729.85	138.04
7532.0	729.46	138.04
7534.0	729.07	138.04
7536.0	728.68	138.04
7538.0	726.96	137.78
7540.0	726.57	137.78
7542.0	726.19	137.78
7544.0	725.8	137.78
7546.0	725.42	137.78
7548.0	723.7	137.53
7550.0	722.65	137.4
7552.0	721.6	137.28
7554.0	721.22	137.28
7556.0	720.17	137.15
7558.0	719.79	137.15
7560.0	718.75	137.02
7562.0	717.71	136.9
7564.0	717.33	136.9
7566.0	716.29	136.77
7568.0	715.91	136.77
7570.0	714.87	136.65
7572.0	714.49	136.65
7574.0	713.46	136.52
7576.0	713.08	136.52
7578.0	712.05	136.39
7580.0	711.67	136.39
7582.0	710.65	136.27
7584.0	710.27	136.27
7586.0	709.24	136.14
7588.0	708.87	136.14
7590.0	707.84	136.02
7592.0	706.82	135.89
7594.0	706.45	135.89
7596.0	705.42	135.77
7598.0	705.05	135.77
7600.0	704.04	135.64
7602.0	703.66	135.64
7604.0	702.65	135.52
7606.0	702.28	135.52
7608.0	701.26	135.39
7610.0	700.89	135.39
7612.0	699.88	135.27
7614.0	699.51	135.27
7616.0	698.5	135.15
7618.0	698.14	135.15
7620.0	697.12	135.02
7622.0	696.76	135.02
7624.0	696.39	135.02
7626.0	695.39	134.9
7628.0	695.02	134.9
7630.0	694.02	134.77
7632.0	693.65	134.77
7634.0	692.65	134.65
7636.0	692.29	134.65
7638.0	691.29	134.52
7640.0	690.93	134.52
7642.0	689.93	134.4
7644.0	689.57	134.4
7646.0	688.58	134.28
7648.0	688.22	134.28
7650.0	687.22	134.15
7652.0	686.86	134.15
7654.0	686.51	134.15
7656.0	685.51	134.03
7658.0	685.16	134.03
7660.0	684.17	133.91
7662.0	683.81	133.91
7664.0	682.83	133.78
7666.0	682.47	133.78
7668.0	682.11	133.78
7670.0	681.13	133.66
7672.0	680.77	133.66
7674.0	679.79	133.54
7676.0	679.44	133.54
7678.0	678.46	133.41
7680.0	678.11	133.41
7682.0	677.76	133.41
7684.0	676.78	133.29
7686.0	676.43	133.29
7688.0	675.45	133.17
7690.0	675.1	133.17
7692.0	674.13	133.05
7694.0	672.54	132.8
7696.0	672.19	132.8
7698.0	671.84	132.8
7700.0	671.49	132.8
7702.0	671.14	132.8
7704.0	670.79	132.8
7706.0	670.44	132.8
7708.0	670.1	132.8
7710.0	669.75	132.8
7712.0	669.4	132.8
7714.0	669.05	132.8
7716.0	668.71	132.8
7718.0	667.13	132.56
7720.0	666.79	132.56
7722.0	665.83	132.43
7724.0	664.26	132.19
7726.0	663.91	132.19
7728.0	662.35	131.95
7730.0	662.0	131.95
7732.0	661.66	131.95
7734.0	660.1	131.7
7736.0	659.76	131.7
7738.0	659.42	131.7
7740.0	658.47	131.58
7742.0	656.92	131.34
7744.0	656.58	131.34
7746.0	656.24	131.34
7748.0	655.9	131.34
7750.0	655.57	131.34
7752.0	654.02	131.1
7754.0	653.69	131.1
7756.0	653.35	131.1
7758.0	653.01	131.1
7760.0	651.47	130.86
7762.0	651.14	130.86
7764.0	650.8	130.86
7766.0	649.87	130.74
7768.0	649.53	130.74
7770.0	649.2	130.74
7772.0	648.87	130.74
7774.0	648.53	130.74
7776.0	648.2	130.74
7778.0	647.86	130.74
7780.0	647.53	130.74
7782.0	646.01	130.5
7784.0	644.49	130.26
7786.0	644.16	130.26
7788.0	642.64	130.02
7790.0	641.72	129.9
7792.0	640.21	129.66
7794.0	638.7	129.42
7796.0	637.2	129.18
7798.0	636.29	129.06
7800.0	635.96	129.06
7802.0	635.64	129.06
7804.0	635.31	129.06
7806.0	633.82	128.83
7808.0	633.49	128.83
7810.0	633.17	128.83
7812.0	632.84	128.83
7814.0	632.52	128.83
7816.0	632.2	128.83
7818.0	631.87	128.83
7820.0	631.55	128.83
7822.0	630.06	128.59
7824.0	629.74	128.59
7826.0	629.42	128.59
7828.0	629.1	128.59
7830.0	628.78	128.59
7832.0	627.88	128.47
7834.0	627.56	128.47
7836.0	626.08	128.23
7838.0	625.76	128.23
7840.0	625.44	128.23
7842.0	625.13	128.23
7844.0	624.81	128.23
7846.0	624.49	128.23
7848.0	624.17	128.23
7850.0	623.85	128.23
7852.0	623.53	128.23
7854.0	623.22	128.23
7856.0	622.9	128.23
7858.0	622.58	128.23
7860.0	621.12	128.0
7862.0	620.8	128.0
7864.0	620.49	128.0
7866.0	619.03	127.76
7868.0	618.72	127.76
7870.0	618.4	127.76
7872.0	617.52	127.64
7874.0	616.07	127.41
7876.0	615.76	127.41
7878.0	615.44	127.41
7880.0	614.0	127.17
7882.0	613.69	127.17
7884.0	612.25	126.94
7886.0	611.94	126.94
7888.0	611.06	126.82
7890.0	610.75	126.82
7892.0	610.44	126.82
7894.0	610.14	126.82
7896.0	609.83	126.82
7898.0	609.52	126.82
7900.0	609.21	126.82
7902.0	608.9	126.82
7904.0	608.59	126.82
7906.0	608.28	126.82
7908.0	607.98	126.82
7910.0	606.55	126.59
7912.0	606.24	126.59
7914.0	605.94	126.59
7916.0	604.52	126.36
7918.0	604.21	126.36
7920.0	602.79	126.12
7922.0	601.93	126.01
7924.0	601.63	126.01
7926.0	601.33	126.01
7928.0	601.02	126.01
7930.0	600.72	126.01
7932.0	600.42	126.01
7934.0	600.12	126.01
7936.0	599.81	126.01
7938.0	599.51	126.01
7940.0	599.21	126.01
7942.0	597.81	125.78
7944.0	597.51	125.78
7946.0	597.21	125.78
7948.0	596.9	125.78
7950.0	595.51	125.55
7952.0	595.21	125.55
7954.0	594.91	125.55
7956.0	594.61	125.55
7958.0	594.31	125.55
7960.0	594.01	125.55
7962.0	593.71	125.55
7964.0	592.32	125.31
7966.0	591.48	125.2
7968.0	591.18	125.2
7970.0	589.8	124.97
7972.0	589.5	124.97
7974.0	589.21	124.97
7976.0	588.91	124.97
7978.0	587.53	124.74
7980.0	587.24	124.74
7982.0	586.94	124.74
7984.0	586.65	124.74
7986.0	586.36	124.74
7988.0	586.06	124.74
7990.0	585.77	124.74
7992.0	584.94	124.62
7994.0	584.64	124.62
7996.0	583.28	124.39
7998.0	582.99	124.39
8000.0	582.69	124.39
8002.0	582.4	124.39
8004.0	581.04	124.17
8006.0	580.75	124.17
8008.0	580.46	124.17
8010.0	580.17	124.17
8012.0	579.88	124.17
8014.0	579.59	124.17
8016.0	578.24	123.94
8018.0	577.95	123.94
8020.0	577.13	123.82
8022.0	575.78	123.59
8024.0	575.49	123.59
8026.0	575.2	123.59
8028.0	573.86	123.37
8030.0	573.57	123.37
8032.0	573.29	123.37
8034.0	573.0	123.37
8036.0	572.72	123.37
8038.0	572.43	123.37
8040.0	572.15	123.37
8042.0	572.92	123.59
8044.0	572.63	123.59
8046.0	572.35	123.59
8048.0	572.06	123.59
8050.0	571.78	123.59
8052.0	570.44	123.37
8054.0	569.11	123.14
8056.0	568.3	123.03
8058.0	568.02	123.03
8060.0	566.7	122.8
8062.0	566.41	122.8
8064.0	565.09	122.57
8066.0	564.81	122.57
8068.0	564.53	122.57
8070.0	564.25	122.57
8072.0	565.01	122.8
8074.0	563.69	122.57
8076.0	563.41	122.57
8078.0	563.14	122.57
8080.0	562.86	122.57
8082.0	562.58	122.57
8084.0	562.3	122.57
8086.0	560.99	122.35
8088.0	560.19	122.24
8090.0	559.92	122.24
8092.0	558.61	122.01
8094.0	558.33	122.01
8096.0	558.06	122.01
8098.0	557.78	122.01
8100.0	556.48	121.79
8102.0	556.21	121.79
8104.0	555.93	121.79
8106.0	555.66	121.79
8108.0	555.38	121.79
8110.0	554.6	121.67
8112.0	554.32	121.67
8114.0	554.05	121.67
8116.0	553.78	121.67
8118.0	552.49	121.45
8120.0	552.21	121.45
8122.0	551.94	121.45
8124.0	551.67	121.45
8126.0	551.4	121.45
8128.0	551.13	121.45
8130.0	550.86	121.45
8132.0	550.59	121.45
8134.0	550.31	121.45
8136.0	550.04	121.45
8138.0	548.76	121.23
8140.0	548.49	121.23
8142.0	547.22	121.0
8144.0	546.95	121.0
8146.0	546.68	121.0
8148.0	546.41	121.0
8150.0	546.14	121.0
8152.0	545.37	120.89
8154.0	544.1	120.67
8156.0	543.83	120.67
8158.0	543.56	120.67
8160.0	542.3	120.45
8162.0	542.03	120.45
8164.0	541.77	120.45
8166.0	540.51	120.23
8168.0	540.24	120.23
8170.0	539.48	120.12
8172.0	538.22	119.89
8174.0	537.96	119.89
8176.0	537.7	119.89
8178.0	536.45	119.67
8180.0	536.18	119.67
8182.0	535.92	119.67
8184.0	535.66	119.67
8186.0	534.41	119.45
8188.0	533.66	119.34
8190.0	533.4	119.34
8192.0	533.14	119.34
8194.0	532.88	119.34
8196.0	532.62	119.34
8198.0	532.36	119.34
8200.0	532.1	119.34
8202.0	530.86	119.12
8204.0	530.6	119.12
8206.0	530.34	119.12
8208.0	530.08	119.12
8210.0	529.83	119.12
8212.0	529.57	119.12
8214.0	529.31	119.12
8216.0	530.03	119.34
8218.0	529.77	119.34
8220.0	529.51	119.34
8222.0	529.26	119.34
8224.0	529.0	119.34
8226.0	527.77	119.12
8228.0	527.51	119.12
8230.0	526.28	118.9
8232.0	524.58	118.58
8234.0	523.36	118.36
8236.0	522.14	118.14
8238.0	521.41	118.03
8240.0	520.19	117.81
8242.0	518.98	117.6
8244.0	518.73	117.6
8246.0	518.48	117.6
8248.0	518.23	117.6
8250.0	517.98	117.6
8252.0	518.68	117.81
8254.0	518.43	117.81
8256.0	518.18	117.81
8258.0	517.93	117.81
8260.0	517.68	117.81
8262.0	517.43	117.81
8264.0	516.22	117.6
8266.0	515.97	117.6
8268.0	514.78	117.38
8270.0	514.53	117.38
8272.0	515.23	117.6
8274.0	514.98	117.6
8276.0	514.73	117.6
8278.0	514.48	117.6
8280.0	514.23	117.6
8282.0	513.98	117.6
8284.0	513.73	117.6
8286.0	513.49	117.6
8288.0	513.24	117.6
8290.0	512.99	117.6
8292.0	511.8	117.38
8294.0	511.55	117.38
8296.0	511.31	117.38
8298.0	510.59	117.27
8300.0	510.35	117.27
8302.0	510.1	117.27
8304.0	508.91	117.06
8306.0	508.67	117.06
8308.0	508.43	117.06
8310.0	508.18	117.06
8312.0	507.94	117.06
8314.0	507.69	117.06
8316.0	507.45	117.06
8318.0	507.2	117.06
8320.0	506.03	116.84
8322.0	505.78	116.84
8324.0	505.54	116.84
8326.0	504.37	116.63
8328.0	503.66	116.52
8330.0	503.42	116.52
8332.0	503.18	116.52
8334.0	502.01	116.31
8336.0	501.77	116.31
8338.0	500.61	116.09
8340.0	500.37	116.09
8342.0	500.12	116.09
8344.0	498.97	115.88
8346.0	498.27	115.77
8348.0	498.03	115.77
8350.0	497.79	115.77
8352.0	498.01	115.88
8354.0	497.77	115.88
8356.0	497.08	115.77
8358.0	496.84	115.77
8360.0	496.6	115.77
8362.0	496.36	115.77
8364.0	495.21	115.56
8366.0	494.98	115.56
8368.0	494.74	115.56
8370.0	494.5	115.56
8372.0	494.27	115.56
8374.0	494.94	115.77
8376.0	494.71	115.77
8378.0	494.92	115.88
8380.0	494.69	115.88
8382.0	494.45	115.88
8384.0	494.22	115.88
8386.0	493.53	115.77
8388.0	493.29	115.77
8390.0	492.15	115.56
8392.0	491.01	115.34
8394.0	490.77	115.34
8396.0	489.64	115.13
8398.0	488.96	115.03
8400.0	488.72	115.03
8402.0	487.59	114.82
8404.0	487.36	114.82
8406.0	487.13	114.82
8408.0	486.89	114.82
8410.0	486.66	114.82
8412.0	486.43	114.82
8414.0	485.3	114.6
8416.0	485.07	114.6
8418.0	484.4	114.5
8420.0	483.28	114.29
8422.0	482.16	114.08
8424.0	481.93	114.08
8426.0	481.7	114.08
8428.0	480.59	113.87
8430.0	480.36	113.87
8432.0	479.69	113.76
8434.0	478.58	113.55
8436.0	478.35	113.55
8438.0	477.25	113.34
8440.0	477.02	113.34
8442.0	476.79	113.34
8444.0	476.57	113.34
8446.0	476.34	113.34
8448.0	476.12	113.34
8450.0	475.89	113.34
8452.0	475.67	113.34
8454.0	475.44	113.34
8456.0	475.22	113.34
8458.0	474.99	113.34
8460.0	474.77	113.34
8462.0	474.54	113.34
8464.0	474.32	113.34
8466.0	474.97	113.55
8468.0	474.74	113.55
8470.0	474.52	113.55
8472.0	475.17	113.76
8474.0	475.38	113.87
8476.0	475.16	113.87
8478.0	474.93	113.87
8480.0	474.27	113.76
8482.0	474.05	113.76
8484.0	472.96	113.55
8486.0	472.73	113.55
8488.0	472.51	113.55
8490.0	472.29	113.55
8492.0	472.93	113.76
8494.0	473.15	113.87
8496.0	472.92	113.87
8498.0	473.57	114.08
8500.0	473.35	114.08
8502.0	472.26	113.87
8504.0	472.03	113.87
8506.0	471.38	113.76
8508.0	470.29	113.55
8510.0	469.2	113.34
8512.0	467.69	113.03
8514.0	466.61	112.82
8516.0	465.53	112.62
8518.0	464.45	112.41
8520.0	463.81	112.31
8522.0	462.74	112.1
8524.0	462.52	112.1
8526.0	463.16	112.31
8528.0	463.37	112.41
8530.0	464.0	112.62
8532.0	464.64	112.82
8534.0	465.28	113.03
8536.0	465.49	113.14
8538.0	466.13	113.34
8540.0	466.77	113.55
8542.0	467.84	113.87
8544.0	467.62	113.87
8546.0	467.41	113.87
8548.0	467.19	113.87
8550.0	465.68	113.55
8552.0	464.61	113.34
8554.0	463.53	113.14
8556.0	462.04	112.82
8558.0	460.97	112.62
8560.0	459.49	112.31
8562.0	459.27	112.31
8564.0	458.21	112.1
8566.0	458.0	112.1
8568.0	456.1	111.69
8570.0	455.47	111.58
8572.0	453.58	111.17
8574.0	453.37	111.17
8576.0	451.91	110.87
8578.0	450.87	110.66
8580.0	450.66	110.66
8582.0	449.62	110.46
8584.0	449.41	110.46
8586.0	449.2	110.46
8588.0	448.58	110.36
8590.0	448.37	110.36
8592.0	447.33	110.15
8594.0	447.13	110.15
8596.0	446.92	110.15
8598.0	446.71	110.15
8600.0	445.68	109.95
8602.0	444.65	109.75
8604.0	444.04	109.65
8606.0	443.83	109.65
8608.0	442.81	109.45
8610.0	441.79	109.24
8612.0	441.58	109.24
8614.0	441.38	109.24
8616.0	440.36	109.04
8618.0	440.16	109.04
8620.0	439.55	108.94
8622.0	439.34	108.94
8624.0	439.14	108.94
8626.0	438.94	108.94
8628.0	439.14	109.04
8630.0	438.93	109.04
8632.0	439.54	109.24
8634.0	439.34	109.24
8636.0	439.94	109.45
8638.0	439.74	109.45
8640.0	440.34	109.65
8642.0	440.55	109.75
8644.0	441.16	109.95
8646.0	442.58	110.36
8648.0	443.6	110.66
8650.0	444.21	110.87
8652.0	445.23	111.17
8654.0	445.85	111.38
8656.0	446.46	111.58
8658.0	446.67	111.69
8660.0	447.28	111.89
8662.0	447.08	111.89
8664.0	446.87	111.89
8666.0	445.84	111.69
8668.0	445.23	111.58
8670.0	444.2	111.38
8672.0	442.77	111.07
8674.0	440.94	110.66
8676.0	439.52	110.36
8678.0	437.71	109.95
8680.0	435.49	109.45
8682.0	434.49	109.24
8684.0	433.09	108.94
8686.0	432.1	108.74
8688.0	431.1	108.54
8690.0	429.72	108.24
8692.0	429.52	108.24
8694.0	428.53	108.04
8696.0	427.15	107.75
8698.0	426.17	107.55
8700.0	424.41	107.15
8702.0	423.82	107.05
8704.0	422.85	106.86
8706.0	421.87	106.66
8708.0	420.91	106.46
8710.0	420.32	106.37
8712.0	420.13	106.37
8714.0	419.94	106.37
8716.0	419.75	106.37
8718.0	419.94	106.46
8720.0	420.52	106.66
8722.0	420.33	106.66
8724.0	420.14	106.66
8726.0	420.72	106.86
8728.0	420.52	106.86
8730.0	421.11	107.05
8732.0	421.3	107.15
8734.0	421.11	107.15
8736.0	421.69	107.35
8738.0	421.5	107.35
8740.0	422.08	107.55
8742.0	421.89	107.55
8744.0	422.86	107.85
8746.0	422.67	107.85
8748.0	423.26	108.04
8750.0	422.28	107.85
8752.0	422.09	107.85
8754.0	421.51	107.75
8756.0	420.54	107.55
8758.0	420.35	107.55
8760.0	419.39	107.35
8762.0	419.19	107.35
8764.0	418.23	107.15
8766.0	418.04	107.15
8768.0	417.46	107.05
8770.0	416.51	106.86
8772.0	415.55	106.66
8774.0	415.36	106.66
8776.0	414.03	106.37
8778.0	413.07	106.17
8780.0	412.13	105.97
8782.0	411.18	105.78
8784.0	410.61	105.68
8786.0	409.67	105.49
8788.0	409.49	105.49
8790.0	408.55	105.29
8792.0	408.36	105.29
8794.0	407.8	105.2
8796.0	406.87	105.0
8798.0	406.68	105.0
8800.0	406.5	105.0
8802.0	405.56	104.81
8804.0	405.38	104.81
8806.0	405.94	105.0
8808.0	405.76	105.0
8810.0	405.57	105.0
8812.0	406.14	105.2
8814.0	406.33	105.29
8816.0	406.14	105.29
8818.0	405.96	105.29
8820.0	405.77	105.29
8822.0	405.59	105.29
8824.0	405.03	105.2
8826.0	404.1	105.0
8828.0	403.92	105.0
8830.0	403.74	105.0
8832.0	404.3	105.2
8834.0	404.12	105.2
8836.0	404.31	105.29
8838.0	404.12	105.29
8840.0	403.94	105.29
8842.0	403.76	105.29
8844.0	404.32	105.49
8846.0	404.13	105.49
8848.0	404.7	105.68
8850.0	404.89	105.78
8852.0	405.45	105.97
8854.0	405.27	105.97
8856.0	405.83	106.17
8858.0	405.65	106.17
8860.0	405.46	106.17
8862.0	404.54	105.97
8864.0	404.35	105.97
8866.0	403.05	105.68
8868.0	401.39	105.29
8870.0	400.1	105.0
8872.0	399.19	104.81
8874.0	398.27	104.62
8876.0	396.99	104.33
8878.0	396.82	104.33
8880.0	395.91	104.14
8882.0	394.64	103.85
8884.0	394.46	103.85
8886.0	393.56	103.66
8888.0	392.66	103.47
8890.0	391.76	103.28
8892.0	391.22	103.18
8894.0	391.04	103.18
8896.0	390.15	102.99
8898.0	389.97	102.99
8900.0	389.8	102.99
8902.0	389.62	102.99
8904.0	389.45	102.99
8906.0	389.99	103.18
8908.0	389.82	103.18
8910.0	390.0	103.28
8912.0	390.54	103.47
8914.0	389.65	103.28
8916.0	389.12	103.18
8918.0	388.23	102.99
8920.0	388.05	102.99
8922.0	387.88	102.99
8924.0	387.7	102.99
8926.0	387.53	102.99
8928.0	387.36	102.99
8930.0	387.9	103.18
8932.0	387.01	102.99
8934.0	386.84	102.99
8936.0	385.95	102.8
8938.0	385.78	102.8
8940.0	384.54	102.52
8942.0	383.66	102.33
8944.0	382.79	102.14
8946.0	381.56	101.86
8948.0	380.69	101.67
8950.0	379.47	101.39
8952.0	378.6	101.2
8954.0	377.04	100.83
8956.0	376.52	100.74
8958.0	374.97	100.37
8960.0	374.11	100.18
8962.0	373.6	100.09
8964.0	372.06	99.72399999999999
8966.0	371.21	99.54
8968.0	370.7	99.449
8970.0	369.86	99.266
8972.0	369.01	99.083
8974.0	368.51	98.992
8976.0	367.67	98.809
8978.0	366.83	98.62799999999999
8980.0	365.65	98.35600000000001
8982.0	364.15	97.994
8984.0	362.98	97.72399999999999
8986.0	361.48	97.36399999999999
8988.0	360.66	97.185
8990.0	360.16	97.096
8992.0	359.34	96.917
8994.0	359.18	96.917
8996.0	358.36	96.73899999999999
8998.0	358.2	96.73899999999999
9000.0	358.04	96.73899999999999
9002.0	358.54	96.917
9004.0	358.38	96.917
9006.0	358.89	97.096
9008.0	358.73	97.096
9010.0	358.57	97.096
9012.0	358.74	97.185
9014.0	359.24	97.36399999999999
9016.0	359.08	97.36399999999999
9018.0	358.92	97.36399999999999
9020.0	358.76	97.36399999999999
9022.0	358.6	97.36399999999999
9024.0	358.44	97.36399999999999
9026.0	357.63	97.185
9028.0	357.14	97.096
9030.0	356.98	97.096
9032.0	356.17	96.917
9034.0	355.35	96.73899999999999
9036.0	355.2	96.73899999999999
9038.0	354.71	96.65
9040.0	353.9	96.47200000000001
9042.0	353.75	96.47200000000001
9044.0	352.94	96.294
9046.0	352.78	96.294
9048.0	352.63	96.294
9050.0	353.12	96.47200000000001
9052.0	352.96	96.47200000000001
9054.0	352.81	96.47200000000001
9056.0	352.65	96.47200000000001
9058.0	352.5	96.47200000000001
9060.0	351.69	96.294
9062.0	351.54	96.294
9064.0	350.74	96.117
9066.0	350.58	96.117
9068.0	350.43	96.117
9070.0	350.27	96.117
9072.0	349.8	96.029
9074.0	349.0	95.852
9076.0	348.84	95.852
9078.0	348.05	95.675
9080.0	347.89	95.675
9082.0	347.1	95.499
9084.0	346.95	95.499
9086.0	346.8	95.499
9088.0	346.32	95.411
9090.0	345.54	95.236
9092.0	345.38	95.236
9094.0	344.6	95.06
9096.0	345.08	95.236
9098.0	344.93	95.236
9100.0	344.78	95.236
9102.0	344.63	95.236
9104.0	345.11	95.411
9106.0	345.27	95.499
9108.0	345.76	95.675
9110.0	346.25	95.852
9112.0	346.73	96.029
9114.0	346.9	96.117
9116.0	346.75	96.117
9118.0	346.59	96.117
9120.0	346.44	96.117
9122.0	345.97	96.029
9124.0	345.18	95.852
9126.0	344.4	95.675
9128.0	344.25	95.675
9130.0	343.46	95.499
9132.0	343.31	95.499
9134.0	342.85	95.411
9136.0	342.06	95.236
9138.0	342.54	95.411
9140.0	342.71	95.499
9142.0	342.56	95.499
9144.0	343.04	95.675
9146.0	342.89	95.675
9148.0	343.37	95.852
9150.0	343.22	95.852
9152.0	342.44	95.675
9154.0	342.29	95.675
9156.0	341.51	95.499
9158.0	341.37	95.499
9160.0	340.27	95.236
9162.0	340.13	95.236
9164.0	339.35	95.06
9166.0	339.2	95.06
9168.0	338.12	94.79799999999999
9170.0	337.35	94.624
9172.0	336.58	94.449
9174.0	335.51	94.189
9176.0	334.74	94.016
9178.0	333.98	93.84200000000001
9180.0	333.53	93.756
9182.0	332.77	93.584
9184.0	332.01	93.411
9186.0	331.26	93.23899999999999
9188.0	330.81	93.154
9190.0	330.06	92.98200000000001
9192.0	329.31	92.811
9194.0	329.16	92.811
9196.0	329.02	92.811
9198.0	328.88	92.811
9200.0	329.34	92.98200000000001
