3200.0	353930.0	12089.0
3201.0	353710.0	12089.0
3202.0	353820.0	12100.0
3203.0	353920.0	12112.0
3204.0	354350.0	12134.0
3205.0	354780.0	12156.0
3206.0	354890.0	12167.0
3207.0	355320.0	12190.0
3208.0	356740.0	12246.0
3209.0	358160.0	12303.0
3210.0	358270.0	12314.0
3211.0	358710.0	12337.0
3212.0	358480.0	12337.0
3213.0	358260.0	12337.0
3214.0	359360.0	12382.0
3215.0	360130.0	12417.0
3216.0	359910.0	12417.0
3217.0	359350.0	12405.0
3218.0	358140.0	12371.0
3219.0	356270.0	12314.0
3220.0	355390.0	12291.0
3221.0	354840.0	12280.0
3222.0	354950.0	12291.0
3223.0	355710.0	12325.0
3224.0	357130.0	12382.0
3225.0	359220.0	12462.0
3226.0	360990.0	12531.0
3227.0	361430.0	12555.0
3228.0	362870.0	12612.0
3229.0	362980.0	12624.0
3230.0	363760.0	12659.0
3231.0	363540.0	12659.0
3232.0	363310.0	12659.0
3233.0	361420.0	12601.0
3234.0	359200.0	12531.0
3235.0	356670.0	12451.0
3236.0	354160.0	12371.0
3237.0	351350.0	12280.0
3238.0	348230.0	12179.0
3239.0	345460.0	12089.0
3240.0	342710.0	12000.0
3241.0	340300.0	11923.0
3242.0	338530.0	11869.0
3243.0	337700.0	11847.0
3244.0	336870.0	11825.0
3245.0	336350.0	11814.0
3246.0	336140.0	11814.0
3247.0	335630.0	11803.0
3248.0	335420.0	11803.0
3249.0	334900.0	11792.0
3250.0	334390.0	11781.0
3251.0	333880.0	11771.0
3252.0	332750.0	11738.0
3253.0	332240.0	11727.0
3254.0	331730.0	11717.0
3255.0	331220.0	11706.0
3256.0	330100.0	11673.0
3257.0	329600.0	11663.0
3258.0	329090.0	11652.0
3259.0	327680.0	11609.0
3260.0	326880.0	11588.0
3261.0	323980.0	11492.0
3262.0	320810.0	11387.0
3263.0	318560.0	11314.0
3264.0	316020.0	11231.0
3265.0	315540.0	11220.0
3266.0	315350.0	11220.0
3267.0	315730.0	11241.0
3268.0	317000.0	11293.0
3269.0	317390.0	11314.0
3270.0	317780.0	11334.0
3271.0	318460.0	11366.0
3272.0	318560.0	11376.0
3273.0	318370.0	11376.0
3274.0	319050.0	11408.0
3275.0	320040.0	11450.0
3276.0	320130.0	11460.0
3277.0	320230.0	11471.0
3278.0	319450.0	11450.0
3279.0	317790.0	11397.0
3280.0	317300.0	11387.0
3281.0	316820.0	11376.0
3282.0	316620.0	11376.0
3283.0	315270.0	11334.0
3284.0	314490.0	11314.0
3285.0	313730.0	11293.0
3286.0	312670.0	11262.0
3287.0	311900.0	11241.0
3288.0	311140.0	11220.0
3289.0	309520.0	11169.0
3290.0	307630.0	11107.0
3291.0	305470.0	11036.0
3292.0	303600.0	10975.0
3293.0	302020.0	10924.0
3294.0	301000.0	10894.0
3295.0	299990.0	10864.0
3296.0	299530.0	10854.0
3297.0	299080.0	10844.0
3298.0	298620.0	10834.0
3299.0	298440.0	10834.0
3300.0	297980.0	10824.0
3301.0	298080.0	10834.0
3302.0	298170.0	10844.0
3303.0	298540.0	10864.0
3304.0	298910.0	10884.0
3305.0	299000.0	10894.0
3306.0	299100.0	10904.0
3307.0	298920.0	10904.0
3308.0	298740.0	10904.0
3309.0	298560.0	10904.0
3310.0	298380.0	10904.0
3311.0	297920.0	10894.0
3312.0	297470.0	10884.0
3313.0	296470.0	10854.0
3314.0	296290.0	10854.0
3315.0	296110.0	10854.0
3316.0	296200.0	10864.0
3317.0	296570.0	10884.0
3318.0	296390.0	10884.0
3319.0	295400.0	10854.0
3320.0	294950.0	10844.0
3321.0	294230.0	10824.0
3322.0	292970.0	10785.0
3323.0	292250.0	10765.0
3324.0	291270.0	10735.0
3325.0	290830.0	10725.0
3326.0	290390.0	10715.0
3327.0	289940.0	10705.0
3328.0	289770.0	10705.0
3329.0	289600.0	10705.0
3330.0	289690.0	10715.0
3331.0	289780.0	10725.0
3332.0	289870.0	10735.0
3333.0	290500.0	10765.0
3334.0	290860.0	10785.0
3335.0	291760.0	10824.0
3336.0	293200.0	10884.0
3337.0	294650.0	10945.0
3338.0	295020.0	10965.0
3339.0	295110.0	10975.0
3340.0	295480.0	10995.0
3341.0	295850.0	11015.0
3342.0	296220.0	11036.0
3343.0	296040.0	11036.0
3344.0	296130.0	11046.0
3345.0	296230.0	11056.0
3346.0	295780.0	11046.0
3347.0	295330.0	11036.0
3348.0	293800.0	10985.0
3349.0	292810.0	10955.0
3350.0	291290.0	10904.0
3351.0	289520.0	10844.0
3352.0	287480.0	10775.0
3353.0	286260.0	10735.0
3354.0	285300.0	10705.0
3355.0	284860.0	10695.0
3356.0	284430.0	10686.0
3357.0	284790.0	10705.0
3358.0	285140.0	10725.0
3359.0	285760.0	10755.0
3360.0	285850.0	10765.0
3361.0	285680.0	10765.0
3362.0	285510.0	10765.0
3363.0	285610.0	10775.0
3364.0	285960.0	10794.0
3365.0	286850.0	10834.0
3366.0	286940.0	10844.0
3367.0	286770.0	10844.0
3368.0	287660.0	10884.0
3369.0	288020.0	10904.0
3370.0	288110.0	10914.0
3371.0	288740.0	10945.0
3372.0	288570.0	10945.0
3373.0	287860.0	10924.0
3374.0	287690.0	10924.0
3375.0	287260.0	10914.0
3376.0	286820.0	10904.0
3377.0	285600.0	10864.0
3378.0	284910.0	10844.0
3379.0	284740.0	10844.0
3380.0	284570.0	10844.0
3381.0	284400.0	10844.0
3382.0	284230.0	10844.0
3383.0	283540.0	10824.0
3384.0	282590.0	10794.0
3385.0	281910.0	10775.0
3386.0	281220.0	10755.0
3387.0	280540.0	10735.0
3388.0	280370.0	10735.0
3389.0	280210.0	10735.0
3390.0	280820.0	10765.0
3391.0	280910.0	10775.0
3392.0	280740.0	10775.0
3393.0	280580.0	10775.0
3394.0	278870.0	10715.0
3395.0	277930.0	10686.0
3396.0	276750.0	10646.0
3397.0	276080.0	10627.0
3398.0	275410.0	10607.0
3399.0	274990.0	10597.0
3400.0	275080.0	10607.0
3401.0	275680.0	10637.0
3402.0	275770.0	10646.0
3403.0	275860.0	10656.0
3404.0	275960.0	10666.0
3405.0	276560.0	10695.0
3406.0	276400.0	10695.0
3407.0	276230.0	10695.0
3408.0	275820.0	10686.0
3409.0	274890.0	10656.0
3410.0	274480.0	10646.0
3411.0	273060.0	10597.0
3412.0	272150.0	10568.0
3413.0	270990.0	10529.0
3414.0	270580.0	10520.0
3415.0	270170.0	10510.0
3416.0	270010.0	10510.0
3417.0	269360.0	10491.0
3418.0	268460.0	10462.0
3419.0	267810.0	10442.0
3420.0	266670.0	10404.0
3421.0	266510.0	10404.0
3422.0	267090.0	10433.0
3423.0	267180.0	10442.0
3424.0	266780.0	10433.0
3425.0	265890.0	10404.0
3426.0	265000.0	10375.0
3427.0	263630.0	10328.0
3428.0	263230.0	10318.0
3429.0	262840.0	10309.0
3430.0	262930.0	10318.0
3431.0	263010.0	10328.0
3432.0	263100.0	10337.0
3433.0	263190.0	10347.0
3434.0	263770.0	10375.0
3435.0	264100.0	10394.0
3436.0	264430.0	10414.0
3437.0	265250.0	10452.0
3438.0	266320.0	10500.0
3439.0	266900.0	10529.0
3440.0	267730.0	10568.0
3441.0	267830.0	10578.0
3442.0	268160.0	10597.0
3443.0	267270.0	10568.0
3444.0	265890.0	10520.0
3445.0	265000.0	10491.0
3446.0	263870.0	10452.0
3447.0	262750.0	10414.0
3448.0	262110.0	10394.0
3449.0	261480.0	10375.0
3450.0	261330.0	10375.0
3451.0	261420.0	10385.0
3452.0	261500.0	10394.0
3453.0	261830.0	10414.0
3454.0	262170.0	10433.0
3455.0	262260.0	10442.0
3456.0	262100.0	10442.0
3457.0	262190.0	10452.0
3458.0	262040.0	10452.0
3459.0	261890.0	10452.0
3460.0	261260.0	10433.0
3461.0	260390.0	10404.0
3462.0	260000.0	10394.0
3463.0	259130.0	10366.0
3464.0	258030.0	10328.0
3465.0	257400.0	10309.0
3466.0	256310.0	10271.0
3467.0	255690.0	10252.0
3468.0	254600.0	10214.0
3469.0	255390.0	10252.0
3470.0	255480.0	10261.0
3471.0	255810.0	10280.0
3472.0	256600.0	10318.0
3473.0	256220.0	10309.0
3474.0	255360.0	10280.0
3475.0	254750.0	10261.0
3476.0	253430.0	10214.0
3477.0	252120.0	10167.0
3478.0	250820.0	10120.0
3479.0	249750.0	10083.0
3480.0	248920.0	10055.0
3481.0	248320.0	10037.0
3482.0	248860.0	10065.0
3483.0	249180.0	10083.0
3484.0	249270.0	10093.0
3485.0	250040.0	10130.0
3486.0	250130.0	10139.0
3487.0	250680.0	10167.0
3488.0	251690.0	10214.0
3489.0	252710.0	10261.0
3490.0	253730.0	10309.0
3491.0	254520.0	10347.0
3492.0	254840.0	10366.0
3493.0	253990.0	10337.0
3494.0	253380.0	10318.0
3495.0	252070.0	10271.0
3496.0	251230.0	10242.0
3497.0	250400.0	10214.0
3498.0	250020.0	10205.0
3499.0	248960.0	10167.0
3500.0	248360.0	10148.0
3501.0	247760.0	10130.0
3502.0	246940.0	10102.0
3503.0	246800.0	10102.0
3504.0	246660.0	10102.0
3505.0	247200.0	10130.0
3506.0	247280.0	10139.0
3507.0	247140.0	10139.0
3508.0	246780.0	10130.0
3509.0	246630.0	10130.0
3510.0	246490.0	10130.0
3511.0	246580.0	10139.0
3512.0	246440.0	10139.0
3513.0	246300.0	10139.0
3514.0	246160.0	10139.0
3515.0	246020.0	10139.0
3516.0	246330.0	10158.0
3517.0	246870.0	10186.0
3518.0	247420.0	10214.0
3519.0	248190.0	10252.0
3520.0	248500.0	10271.0
3521.0	249280.0	10309.0
3522.0	249600.0	10328.0
3523.0	249460.0	10328.0
3524.0	249320.0	10328.0
3525.0	248260.0	10290.0
3526.0	247430.0	10261.0
3527.0	245930.0	10205.0
3528.0	244210.0	10139.0
3529.0	242950.0	10093.0
3530.0	241470.0	10037.0
3531.0	240890.0	10018.0
3532.0	240530.0	10009.0
3533.0	239520.0	9972.4
3534.0	238940.0	9954.0
3535.0	238360.0	9935.7
3536.0	237350.0	9899.2
3537.0	236780.0	9880.9
3538.0	235780.0	9844.7
3539.0	235210.0	9826.5
3540.0	235080.0	9826.5
3541.0	234950.0	9826.5
3542.0	234810.0	9826.5
3543.0	234900.0	9835.6
3544.0	234550.0	9826.5
3545.0	234200.0	9817.4
3546.0	233640.0	9799.4
3547.0	233290.0	9790.4
3548.0	232940.0	9781.3
3549.0	232810.0	9781.3
3550.0	232470.0	9772.4
3551.0	231910.0	9754.4
3552.0	231140.0	9727.5
3553.0	230800.0	9718.5
3554.0	230450.0	9709.6
3555.0	230540.0	9718.5
3556.0	230410.0	9718.5
3557.0	230280.0	9718.5
3558.0	230360.0	9727.5
3559.0	230020.0	9718.5
3560.0	229470.0	9700.6
3561.0	229760.0	9718.5
3562.0	230060.0	9736.4
3563.0	230770.0	9772.4
3564.0	230860.0	9781.3
3565.0	230940.0	9790.4
3566.0	231020.0	9799.4
3567.0	230680.0	9790.4
3568.0	230550.0	9790.4
3569.0	230210.0	9781.3
3570.0	230080.0	9781.3
3571.0	229950.0	9781.3
3572.0	229820.0	9781.3
3573.0	229700.0	9781.3
3574.0	229150.0	9763.4
3575.0	228390.0	9736.4
3576.0	227840.0	9718.5
3577.0	227500.0	9709.6
3578.0	226540.0	9673.9
3579.0	226200.0	9665.0
3580.0	225660.0	9647.2
3581.0	224910.0	9620.6
3582.0	224370.0	9602.9
3583.0	223830.0	9585.2
3584.0	222890.0	9549.9
3585.0	222560.0	9541.2
3586.0	222230.0	9532.3
3587.0	222100.0	9532.3
3588.0	221980.0	9532.3
3589.0	222270.0	9549.9
3590.0	222960.0	9585.2
3591.0	223450.0	9611.7
3592.0	224570.0	9665.0
3593.0	224440.0	9665.0
3594.0	224110.0	9656.0
3595.0	223160.0	9620.6
3596.0	222830.0	9611.7
3597.0	222510.0	9602.9
3598.0	222590.0	9611.7
3599.0	223080.0	9638.3
3600.0	223160.0	9647.2
3601.0	223040.0	9647.2
3602.0	222910.0	9647.2
3603.0	222990.0	9656.0
3604.0	223080.0	9665.0
3605.0	223160.0	9673.9
3606.0	223650.0	9700.6
3607.0	223940.0	9718.5
3608.0	223810.0	9718.5
3609.0	223690.0	9718.5
3610.0	223570.0	9718.5
3611.0	223440.0	9718.5
3612.0	223320.0	9718.5
3613.0	223200.0	9718.5
3614.0	223070.0	9718.5
3615.0	223150.0	9727.5
3616.0	223030.0	9727.5
3617.0	223110.0	9736.4
3618.0	223400.0	9754.4
3619.0	222660.0	9727.5
3620.0	222130.0	9709.6
3621.0	220990.0	9665.0
3622.0	219850.0	9620.6
3623.0	218520.0	9567.5
3624.0	217590.0	9532.3
3625.0	216470.0	9488.5
3626.0	215960.0	9471.1
3627.0	215040.0	9436.3
3628.0	214530.0	9418.9
3629.0	213620.0	9384.2
3630.0	213310.0	9375.6
3631.0	212990.0	9367.0
3632.0	212490.0	9349.8
3633.0	211980.0	9332.5
3634.0	211470.0	9315.4
3635.0	210580.0	9281.1
3636.0	209880.0	9255.5
3637.0	209380.0	9238.5
3638.0	208880.0	9221.5
3639.0	209540.0	9255.5
3640.0	209610.0	9264.0
3641.0	210460.0	9306.8
3642.0	210930.0	9332.5
3643.0	211590.0	9367.0
3644.0	211670.0	9375.6
3645.0	212340.0	9410.2
3646.0	212610.0	9427.6
3647.0	212890.0	9444.9
3648.0	213360.0	9471.1
3649.0	213440.0	9479.8
3650.0	213130.0	9471.1
3651.0	212620.0	9453.6
3652.0	211910.0	9427.6
3653.0	211020.0	9392.9
3654.0	210520.0	9375.6
3655.0	210210.0	9367.0
3656.0	210090.0	9367.0
3657.0	209980.0	9367.0
3658.0	209480.0	9349.8
3659.0	208590.0	9315.4
3660.0	208090.0	9298.2
3661.0	207600.0	9281.1
3662.0	207290.0	9272.6
3663.0	207370.0	9281.1
3664.0	207260.0	9281.1
3665.0	207140.0	9281.1
3666.0	207030.0	9281.1
3667.0	206920.0	9281.1
3668.0	206610.0	9272.6
3669.0	206500.0	9272.6
3670.0	206390.0	9272.6
3671.0	206470.0	9281.1
3672.0	206930.0	9306.8
3673.0	207190.0	9323.9
3674.0	207850.0	9358.4
3675.0	208120.0	9375.6
3676.0	208390.0	9392.9
3677.0	208660.0	9410.2
3678.0	208160.0	9392.9
3679.0	208430.0	9410.2
3680.0	208700.0	9427.6
3681.0	208590.0	9427.6
3682.0	208670.0	9436.3
3683.0	208550.0	9436.3
3684.0	208250.0	9427.6
3685.0	208130.0	9427.6
3686.0	207640.0	9410.2
3687.0	206950.0	9384.2
3688.0	206270.0	9358.4
3689.0	205020.0	9306.8
3690.0	203600.0	9247.0
3691.0	201800.0	9170.6
3692.0	200400.0	9111.7
3693.0	199740.0	9086.5
3694.0	198900.0	9053.1
3695.0	198420.0	9036.5
3696.0	198320.0	9036.5
3697.0	197300.0	8994.9
3698.0	196830.0	8978.4
3699.0	195820.0	8937.1
3700.0	195350.0	8920.7
3701.0	195070.0	8912.5
3702.0	195140.0	8920.7
3703.0	195210.0	8928.9
3704.0	195290.0	8937.1
3705.0	195360.0	8945.4
3706.0	194900.0	8928.9
3707.0	194610.0	8920.7
3708.0	194690.0	8928.9
3709.0	194760.0	8937.1
3710.0	195200.0	8961.9
3711.0	195270.0	8970.1
3712.0	195530.0	8986.7
3713.0	195420.0	8986.7
3714.0	196220.0	9028.2
3715.0	196840.0	9061.5
3716.0	197460.0	9094.9
3717.0	198260.0	9136.9
3718.0	198700.0	9162.2
3719.0	198780.0	9170.6
3720.0	199220.0	9196.0
3721.0	199300.0	9204.5
3722.0	199560.0	9221.5
3723.0	199450.0	9221.5
3724.0	199340.0	9221.5
3725.0	199240.0	9221.5
3726.0	198950.0	9213.0
3727.0	199020.0	9221.5
3728.0	199280.0	9238.5
3729.0	199360.0	9247.0
3730.0	199620.0	9264.0
3731.0	199700.0	9272.6
3732.0	200510.0	9315.4
3733.0	201510.0	9367.0
3734.0	202900.0	9436.3
3735.0	204660.0	9523.6
3736.0	204180.0	9506.0
3737.0	203880.0	9497.3
3738.0	202830.0	9453.6
3739.0	201980.0	9418.9
3740.0	202060.0	9427.6
3741.0	202510.0	9453.6
3742.0	202770.0	9471.1
3743.0	202110.0	9444.9
3744.0	201440.0	9418.9
3745.0	199860.0	9349.8
3746.0	198100.0	9272.6
3747.0	196720.0	9213.0
3748.0	195350.0	9153.8
3749.0	194710.0	9128.5
3750.0	193890.0	9094.9
3751.0	193790.0	9094.9
3752.0	193860.0	9103.3
3753.0	194300.0	9128.5
3754.0	194370.0	9136.9
3755.0	194450.0	9145.3
3756.0	194340.0	9145.3
3757.0	194600.0	9162.2
3758.0	194670.0	9170.6
3759.0	195290.0	9204.5
3760.0	195360.0	9213.0
3761.0	195800.0	9238.5
3762.0	195160.0	9213.0
3763.0	194870.0	9204.5
3764.0	193700.0	9153.8
3765.0	192700.0	9111.7
3766.0	191190.0	9044.8
3767.0	189860.0	8986.7
3768.0	188890.0	8945.4
3769.0	188260.0	8920.7
3770.0	188510.0	8937.1
3771.0	189810.0	9003.3
3772.0	191640.0	9094.9
3773.0	194200.0	9221.5
3774.0	197160.0	9367.0
3775.0	199800.0	9497.3
3776.0	202650.0	9638.3
3777.0	202730.0	9647.2
3778.0	202810.0	9656.0
3779.0	202330.0	9638.3
3780.0	201480.0	9602.9
3781.0	201380.0	9602.9
3782.0	201450.0	9611.7
3783.0	201530.0	9620.6
3784.0	201240.0	9611.7
3785.0	200950.0	9602.9
3786.0	199740.0	9549.9
3787.0	198530.0	9497.3
3788.0	196610.0	9410.2
3789.0	194520.0	9315.4
3790.0	192110.0	9204.5
3791.0	189540.0	9086.5
3792.0	186850.0	8961.9
3793.0	184020.0	8830.8
3794.0	182400.0	8757.9
3795.0	180970.0	8693.6
3796.0	180370.0	8669.6
3797.0	180940.0	8701.6
3798.0	181510.0	8733.7
3799.0	183270.0	8822.6
3800.0	185030.0	8912.5
3801.0	187510.0	9036.5
3802.0	190190.0	9170.6
3803.0	192740.0	9298.2
3804.0	195140.0	9418.9
3805.0	196300.0	9479.8
3806.0	197460.0	9541.2
3807.0	197900.0	9567.5
3808.0	198530.0	9602.9
3809.0	199160.0	9638.3
3810.0	199610.0	9665.0
3811.0	199680.0	9673.9
3812.0	199400.0	9665.0
3813.0	198920.0	9647.2
3814.0	197540.0	9585.2
3815.0	196350.0	9532.3
3816.0	195170.0	9479.8
3817.0	193990.0	9427.6
3818.0	193170.0	9392.9
3819.0	192720.0	9375.6
3820.0	192620.0	9375.6
3821.0	192870.0	9392.9
3822.0	193300.0	9418.9
3823.0	193380.0	9427.6
3824.0	193100.0	9418.9
3825.0	192110.0	9375.6
3826.0	190950.0	9323.9
3827.0	189280.0	9247.0
3828.0	187450.0	9162.2
3829.0	185290.0	9061.5
3830.0	183330.0	8970.1
3831.0	181220.0	8871.6
3832.0	179130.0	8774.1
3833.0	178540.0	8749.8
3834.0	177790.0	8717.6
3835.0	178520.0	8757.9
3836.0	179750.0	8822.6
3837.0	181650.0	8920.7
3838.0	184250.0	9053.1
3839.0	187230.0	9204.5
3840.0	190620.0	9375.6
3841.0	193520.0	9523.6
3842.0	195390.0	9620.6
3843.0	197280.0	9718.5
3844.0	198450.0	9781.3
3845.0	199450.0	9835.6
3846.0	200260.0	9880.9
3847.0	201270.0	9935.7
3848.0	201720.0	9963.2
3849.0	202550.0	10009.0
3850.0	202630.0	10018.0
3851.0	202710.0	10028.0
3852.0	202790.0	10037.0
3853.0	202680.0	10037.0
3854.0	202580.0	10037.0
3855.0	202290.0	10028.0
3856.0	202000.0	10018.0
3857.0	201710.0	10009.0
3858.0	201050.0	9981.6
3859.0	200570.0	9963.2
3860.0	200100.0	9944.9
3861.0	199440.0	9917.5
3862.0	198970.0	9899.2
3863.0	198500.0	9880.9
3864.0	198040.0	9862.8
3865.0	197750.0	9853.7
3866.0	197650.0	9853.7
3867.0	197370.0	9844.7
3868.0	197450.0	9853.7
3869.0	197340.0	9853.7
3870.0	197240.0	9853.7
3871.0	196960.0	9844.7
3872.0	196860.0	9844.7
3873.0	196570.0	9835.6
3874.0	196290.0	9826.5
3875.0	195650.0	9799.4
3876.0	194830.0	9763.4
3877.0	193660.0	9709.6
3878.0	192310.0	9647.2
3879.0	190450.0	9558.7
3880.0	188780.0	9479.8
3881.0	186440.0	9367.0
3882.0	184120.0	9255.5
3883.0	180840.0	9094.9
3884.0	177770.0	8945.4
3885.0	175240.0	8822.6
3886.0	173070.0	8717.6
3887.0	171870.0	8661.7
3888.0	170990.0	8621.8
3889.0	172010.0	8677.6
3890.0	173990.0	8782.1
3891.0	176480.0	8912.5
3892.0	179340.0	9061.5
3893.0	182240.0	9213.0
3894.0	185020.0	9358.4
3895.0	187500.0	9488.5
3896.0	189660.0	9602.9
3897.0	191850.0	9718.5
3898.0	193170.0	9790.4
3899.0	194500.0	9862.8
3900.0	195480.0	9917.5
3901.0	196280.0	9963.2
3902.0	197080.0	10009.0
3903.0	197340.0	10028.0
3904.0	197970.0	10065.0
3905.0	198050.0	10074.0
3906.0	197950.0	10074.0
3907.0	197120.0	10037.0
3908.0	196660.0	10018.0
3909.0	196200.0	10000.0
3910.0	195550.0	9972.4
3911.0	195450.0	9972.4
3912.0	195350.0	9972.4
3913.0	195250.0	9972.4
3914.0	195150.0	9972.4
3915.0	194700.0	9954.0
3916.0	194240.0	9935.7
3917.0	193430.0	9899.2
3918.0	192080.0	9835.6
3919.0	190930.0	9781.3
3920.0	189950.0	9736.4
3921.0	189160.0	9700.6
3922.0	188370.0	9665.0
3923.0	187920.0	9647.2
3924.0	187140.0	9611.7
3925.0	186700.0	9594.0
3926.0	185920.0	9558.7
3927.0	185310.0	9532.3
3928.0	184530.0	9497.3
3929.0	184270.0	9488.5
3930.0	184010.0	9479.8
3931.0	183910.0	9479.8
3932.0	183990.0	9488.5
3933.0	184240.0	9506.0
3934.0	184820.0	9541.2
3935.0	185580.0	9585.2
3936.0	186170.0	9620.6
3937.0	186940.0	9665.0
3938.0	187700.0	9709.6
3939.0	188130.0	9736.4
3940.0	188720.0	9772.4
3941.0	188800.0	9781.3
3942.0	189050.0	9799.4
3943.0	189480.0	9826.5
3944.0	189560.0	9835.6
3945.0	189640.0	9844.7
3946.0	190240.0	9880.9
3947.0	190500.0	9899.2
3948.0	190400.0	9899.2
3949.0	190300.0	9899.2
3950.0	189160.0	9844.7
3951.0	185610.0	9665.0
3952.0	185010.0	9638.3
3953.0	184230.0	9602.9
3954.0	183290.0	9558.7
3955.0	182530.0	9523.6
3956.0	181100.0	9453.6
3957.0	179670.0	9384.2
3958.0	178100.0	9306.8
3959.0	176060.0	9204.5
3960.0	173870.0	9094.9
3961.0	170930.0	8945.4
3962.0	168500.0	8822.6
3963.0	165340.0	8661.7
3964.0	162390.0	8511.4
3965.0	160080.0	8394.6
3966.0	157660.0	8271.8
3967.0	156280.0	8203.5
3968.0	155190.0	8150.8
3969.0	155120.0	8150.8
3970.0	155320.0	8165.8
3971.0	156250.0	8218.6
3972.0	157760.0	8302.3
3973.0	159430.0	8394.6
3974.0	161420.0	8503.5
3975.0	163590.0	8621.8
3976.0	165630.0	8733.7
3977.0	167850.0	8855.2
3978.0	169470.0	8945.4
3979.0	171270.0	9044.8
3980.0	173080.0	9145.3
3981.0	174760.0	9238.5
3982.0	175960.0	9306.8
3983.0	176850.0	9358.4
3984.0	177250.0	9384.2
3985.0	177810.0	9418.9
3986.0	178050.0	9436.3
3987.0	178130.0	9444.9
3988.0	178200.0	9453.6
3989.0	178440.0	9471.1
3990.0	178520.0	9479.8
3991.0	178590.0	9488.5
3992.0	178830.0	9506.0
3993.0	179230.0	9532.3
3994.0	179310.0	9541.2
3995.0	179390.0	9549.9
3996.0	179300.0	9549.9
3997.0	179040.0	9541.2
3998.0	178950.0	9541.2
3999.0	178700.0	9532.3
4000.0	177950.0	9497.3
4001.0	177700.0	9488.5
4002.0	176960.0	9453.6
4003.0	176380.0	9427.6
4004.0	175970.0	9410.2
4005.0	175390.0	9384.2
4006.0	175150.0	9375.6
4007.0	174740.0	9358.4
4008.0	174490.0	9349.8
4009.0	174400.0	9349.8
4010.0	173990.0	9332.5
4011.0	173910.0	9332.5
4012.0	173660.0	9323.9
4013.0	173410.0	9315.4
4014.0	173330.0	9315.4
4015.0	172600.0	9281.1
4016.0	172200.0	9264.0
4017.0	171010.0	9204.5
4018.0	169820.0	9145.3
4019.0	168490.0	9078.2
4020.0	166710.0	8986.7
4021.0	165560.0	8928.9
4022.0	164260.0	8863.4
4023.0	163430.0	8822.6
4024.0	163040.0	8806.4
4025.0	162660.0	8790.2
4026.0	163180.0	8822.6
4027.0	163850.0	8863.4
4028.0	164980.0	8928.9
4029.0	165970.0	8986.7
4030.0	167270.0	9061.5
4031.0	168730.0	9145.3
4032.0	169580.0	9196.0
4033.0	170440.0	9247.0
4034.0	170820.0	9272.6
4035.0	171370.0	9306.8
4036.0	171440.0	9315.4
4037.0	171510.0	9323.9
4038.0	171590.0	9332.5
4039.0	171500.0	9332.5
4040.0	171730.0	9349.8
4041.0	171970.0	9367.0
4042.0	172040.0	9375.6
4043.0	172110.0	9384.2
4044.0	172190.0	9392.9
4045.0	172420.0	9410.2
4046.0	172490.0	9418.9
4047.0	172570.0	9427.6
4048.0	172480.0	9427.6
4049.0	172240.0	9418.9
4050.0	172150.0	9418.9
4051.0	171910.0	9410.2
4052.0	171510.0	9392.9
4053.0	171420.0	9392.9
4054.0	171180.0	9384.2
4055.0	171100.0	9384.2
4056.0	170850.0	9375.6
4057.0	170770.0	9375.6
4058.0	170690.0	9375.6
4059.0	170600.0	9375.6
4060.0	170360.0	9367.0
4061.0	170120.0	9358.4
4062.0	169570.0	9332.5
4063.0	169170.0	9315.4
4064.0	168780.0	9298.2
4065.0	168070.0	9264.0
4066.0	167530.0	9238.5
4067.0	166980.0	9213.0
4068.0	166590.0	9196.0
4069.0	166050.0	9170.6
4070.0	165670.0	9153.8
4071.0	165430.0	9145.3
4072.0	165350.0	9145.3
4073.0	165420.0	9153.8
4074.0	165490.0	9162.2
4075.0	165560.0	9170.6
4076.0	165790.0	9187.5
4077.0	165710.0	9187.5
4078.0	165320.0	9170.6
4079.0	164940.0	9153.8
4080.0	164400.0	9128.5
4081.0	163710.0	9094.9
4082.0	162730.0	9044.8
4083.0	161760.0	8994.9
4084.0	160790.0	8945.4
4085.0	159680.0	8887.9
4086.0	158720.0	8838.9
4087.0	157620.0	8782.1
4088.0	156530.0	8725.7
4089.0	155310.0	8661.7
4090.0	154090.0	8598.0
4091.0	152320.0	8503.5
4092.0	150570.0	8410.1
4093.0	148440.0	8294.7
4094.0	145920.0	8158.3
4095.0	143720.0	8038.9
4096.0	141160.0	7899.5
4097.0	139280.0	7798.3
4098.0	137680.0	7712.6
4099.0	136860.0	7670.0
4100.0	136790.0	7670.0
4101.0	137100.0	7691.3
4102.0	138680.0	7783.9
4103.0	140290.0	7877.7
4104.0	142690.0	8016.8
4105.0	145140.0	8158.3
4106.0	147630.0	8302.3
4107.0	150030.0	8441.1
4108.0	151760.0	8542.8
4109.0	153090.0	8621.8
4110.0	154290.0	8693.6
4111.0	154780.0	8725.7
4112.0	155420.0	8765.9
4113.0	155350.0	8765.9
4114.0	155420.0	8774.1
4115.0	155340.0	8774.1
4116.0	155410.0	8782.1
4117.0	155760.0	8806.4
4118.0	155970.0	8822.6
4119.0	156180.0	8838.9
4120.0	156680.0	8871.6
4121.0	157330.0	8912.5
4122.0	157690.0	8937.1
4123.0	158200.0	8970.1
4124.0	158560.0	8994.9
4125.0	159060.0	9028.2
4126.0	159280.0	9044.8
4127.0	159500.0	9061.5
4128.0	159710.0	9078.2
4129.0	159640.0	9078.2
4130.0	159260.0	9061.5
4131.0	159040.0	9053.1
4132.0	158670.0	9036.5
4133.0	158300.0	9019.9
4134.0	157640.0	8986.7
4135.0	157130.0	8961.9
4136.0	156480.0	8928.9
4137.0	155540.0	8879.7
4138.0	155040.0	8855.2
4139.0	154390.0	8822.6
4140.0	153750.0	8790.2
4141.0	153390.0	8774.1
4142.0	153180.0	8765.9
4143.0	153110.0	8765.9
4144.0	152890.0	8757.9
4145.0	152960.0	8765.9
4146.0	152880.0	8765.9
4147.0	153090.0	8782.1
4148.0	153440.0	8806.4
4149.0	153650.0	8822.6
4150.0	153720.0	8830.8
4151.0	154070.0	8855.2
4152.0	154140.0	8863.4
4153.0	154200.0	8871.6
4154.0	154130.0	8871.6
4155.0	154060.0	8871.6
4156.0	153980.0	8871.6
4157.0	153910.0	8871.6
4158.0	153830.0	8871.6
4159.0	153760.0	8871.6
4160.0	153540.0	8863.4
4161.0	153330.0	8855.2
4162.0	153260.0	8855.2
4163.0	152900.0	8838.9
4164.0	152830.0	8838.9
4165.0	152750.0	8838.9
4166.0	152680.0	8838.9
4167.0	152610.0	8838.9
4168.0	152530.0	8838.9
4169.0	152740.0	8855.2
4170.0	152670.0	8855.2
4171.0	152590.0	8855.2
4172.0	152660.0	8863.4
4173.0	152590.0	8863.4
4174.0	152520.0	8863.4
4175.0	152440.0	8863.4
4176.0	152370.0	8863.4
4177.0	152160.0	8855.2
4178.0	152080.0	8855.2
4179.0	151730.0	8838.9
4180.0	151660.0	8838.9
4181.0	151450.0	8830.8
4182.0	151230.0	8822.6
4183.0	151160.0	8822.6
4184.0	150950.0	8814.5
4185.0	150740.0	8806.4
4186.0	150390.0	8790.2
4187.0	150180.0	8782.1
4188.0	149970.0	8774.1
4189.0	149760.0	8765.9
4190.0	149550.0	8757.9
4191.0	149070.0	8733.7
4192.0	148720.0	8717.6
4193.0	148510.0	8709.6
4194.0	148170.0	8693.6
4195.0	147690.0	8669.6
4196.0	147490.0	8661.7
4197.0	147420.0	8661.7
4198.0	147350.0	8661.7
4199.0	147280.0	8661.7
4200.0	147210.0	8661.7
4201.0	147270.0	8669.6
4202.0	147610.0	8693.6
4203.0	147670.0	8701.6
4204.0	147870.0	8717.6
4205.0	147800.0	8717.6
4206.0	147870.0	8725.7
4207.0	147940.0	8733.7
4208.0	147870.0	8733.7
4209.0	147800.0	8733.7
4210.0	147730.0	8733.7
4211.0	147930.0	8749.8
4212.0	147860.0	8749.8
4213.0	147920.0	8757.9
4214.0	147990.0	8765.9
4215.0	147920.0	8765.9
4216.0	147850.0	8765.9
4217.0	148050.0	8782.1
4218.0	148120.0	8790.2
4219.0	148460.0	8814.5
4220.0	148520.0	8822.6
4221.0	148590.0	8830.8
4222.0	148930.0	8855.2
4223.0	149000.0	8863.4
4224.0	149060.0	8871.6
4225.0	148990.0	8871.6
4226.0	148920.0	8871.6
4227.0	148850.0	8871.6
4228.0	148780.0	8871.6
4229.0	148570.0	8863.4
4230.0	148090.0	8838.9
4231.0	147750.0	8822.6
4232.0	147550.0	8814.5
4233.0	146930.0	8782.1
4234.0	146590.0	8765.9
4235.0	146390.0	8757.9
4236.0	145920.0	8733.7
4237.0	145580.0	8717.6
4238.0	145510.0	8717.6
4239.0	145310.0	8709.6
4240.0	145110.0	8701.6
4241.0	145040.0	8701.6
4242.0	144970.0	8701.6
4243.0	145040.0	8709.6
4244.0	144970.0	8709.6
4245.0	144900.0	8709.6
4246.0	144960.0	8717.6
4247.0	144900.0	8717.6
4248.0	144830.0	8717.6
4249.0	144630.0	8709.6
4250.0	144560.0	8709.6
4251.0	144490.0	8709.6
4252.0	144290.0	8701.6
4253.0	144220.0	8701.6
4254.0	144020.0	8693.6
4255.0	143690.0	8677.6
4256.0	143490.0	8669.6
4257.0	143420.0	8669.6
4258.0	143220.0	8661.7
4259.0	143160.0	8661.7
4260.0	143090.0	8661.7
4261.0	142890.0	8653.6
4262.0	142690.0	8645.7
4263.0	142360.0	8629.8
4264.0	142160.0	8621.8
4265.0	141970.0	8613.9
4266.0	141900.0	8613.9
4267.0	141830.0	8613.9
4268.0	141770.0	8613.9
4269.0	141700.0	8613.9
4270.0	141630.0	8613.9
4271.0	141570.0	8613.9
4272.0	141370.0	8606.0
4273.0	141170.0	8598.0
4274.0	140980.0	8590.1
4275.0	140650.0	8574.3
4276.0	140590.0	8574.3
4277.0	140390.0	8566.4
4278.0	140330.0	8566.4
4279.0	140260.0	8566.4
4280.0	140070.0	8558.5
4281.0	140000.0	8558.5
4282.0	139940.0	8558.5
4283.0	139870.0	8558.5
4284.0	139800.0	8558.5
4285.0	139740.0	8558.5
4286.0	139670.0	8558.5
4287.0	139610.0	8558.5
4288.0	139540.0	8558.5
4289.0	139480.0	8558.5
4290.0	139410.0	8558.5
4291.0	139350.0	8558.5
4292.0	139280.0	8558.5
4293.0	139220.0	8558.5
4294.0	139030.0	8550.7
4295.0	138830.0	8542.8
4296.0	138770.0	8542.8
4297.0	138450.0	8527.1
4298.0	138260.0	8519.2
4299.0	138190.0	8519.2
4300.0	138000.0	8511.4
4301.0	137940.0	8511.4
4302.0	137750.0	8503.5
4303.0	137680.0	8503.5
4304.0	137620.0	8503.5
4305.0	137550.0	8503.5
4306.0	137490.0	8503.5
4307.0	137430.0	8503.5
4308.0	137360.0	8503.5
4309.0	137300.0	8503.5
4310.0	137240.0	8503.5
4311.0	137170.0	8503.5
4312.0	137110.0	8503.5
4313.0	137040.0	8503.5
4314.0	136980.0	8503.5
4315.0	136920.0	8503.5
4316.0	136850.0	8503.5
4317.0	136790.0	8503.5
4318.0	136730.0	8503.5
4319.0	136660.0	8503.5
4320.0	136600.0	8503.5
4321.0	136540.0	8503.5
4322.0	136350.0	8495.7
4323.0	135910.0	8472.3
4324.0	135600.0	8456.7
4325.0	135280.0	8441.1
4326.0	134720.0	8410.1
4327.0	133920.0	8363.7
4328.0	133120.0	8317.6
4329.0	132080.0	8256.6
4330.0	130690.0	8173.3
4331.0	129080.0	8076.0
4332.0	127130.0	7957.9
4333.0	124980.0	7827.1
4334.0	122530.0	7677.2
4335.0	120240.0	7537.0
4336.0	118210.0	7413.1
4337.0	116320.0	7297.9
4338.0	115200.0	7231.0
4339.0	114300.0	7177.9
4340.0	114460.0	7191.1
4341.0	114830.0	7217.7
4342.0	115840.0	7284.5
4343.0	117390.0	7385.9
4344.0	118970.0	7488.6
4345.0	121020.0	7620.8
4346.0	122760.0	7733.9
4347.0	124520.0	7848.7
4348.0	126080.0	7950.6
4349.0	127190.0	8024.2
4350.0	128420.0	8105.9
4351.0	129310.0	8165.8
4352.0	130330.0	8233.8
4353.0	130750.0	8264.2
4354.0	131290.0	8302.3
4355.0	131840.0	8340.6
4356.0	132020.0	8356.0
4357.0	132450.0	8386.9
4358.0	132630.0	8402.3
4359.0	132690.0	8410.1
4360.0	132630.0	8410.1
4361.0	132570.0	8410.1
4362.0	132510.0	8410.1
4363.0	132330.0	8402.3
4364.0	132270.0	8402.3
4365.0	132080.0	8394.6
4366.0	131900.0	8386.9
4367.0	131600.0	8371.4
4368.0	131540.0	8371.4
4369.0	131480.0	8371.4
4370.0	131420.0	8371.4
4371.0	131240.0	8363.7
4372.0	131060.0	8356.0
4373.0	130880.0	8348.3
4374.0	130580.0	8333.0
4375.0	130160.0	8310.0
4376.0	129860.0	8294.7
4377.0	129440.0	8271.8
4378.0	129140.0	8256.6
4379.0	128850.0	8241.4
4380.0	128310.0	8211.1
4381.0	127900.0	8188.4
4382.0	127260.0	8150.8
4383.0	126730.0	8120.8
4384.0	126440.0	8105.9
4385.0	125920.0	8076.0
4386.0	125630.0	8061.2
4387.0	125450.0	8053.8
4388.0	125400.0	8053.8
4389.0	125340.0	8053.8
4390.0	125860.0	8090.9
4391.0	126040.0	8105.9
4392.0	126440.0	8135.8
4393.0	126740.0	8158.3
4394.0	127150.0	8188.4
4395.0	127440.0	8211.1
4396.0	127730.0	8233.8
4397.0	127910.0	8249.0
4398.0	127970.0	8256.6
4399.0	128030.0	8264.2
4400.0	128090.0	8271.8
4401.0	127910.0	8264.2
4402.0	127860.0	8264.2
4403.0	127800.0	8264.2
4404.0	127620.0	8256.6
4405.0	127560.0	8256.6
4406.0	127270.0	8241.4
4407.0	126860.0	8218.6
4408.0	126570.0	8203.5
4409.0	126400.0	8195.9
4410.0	125990.0	8173.3
4411.0	125700.0	8158.3
4412.0	125530.0	8150.8
4413.0	125360.0	8143.3
4414.0	125190.0	8135.8
4415.0	125130.0	8135.8
4416.0	125070.0	8135.8
4417.0	125020.0	8135.8
4418.0	125070.0	8143.3
4419.0	125130.0	8150.8
4420.0	125080.0	8150.8
4421.0	125020.0	8150.8
4422.0	124960.0	8150.8
4423.0	124790.0	8143.3
4424.0	124620.0	8135.8
4425.0	124220.0	8113.3
4426.0	124050.0	8105.9
4427.0	123990.0	8105.9
4428.0	123710.0	8090.9
4429.0	123430.0	8076.0
4430.0	123140.0	8061.2
4431.0	122980.0	8053.8
4432.0	122920.0	8053.8
4433.0	122860.0	8053.8
4434.0	122700.0	8046.4
4435.0	122640.0	8046.4
4436.0	122580.0	8046.4
4437.0	122420.0	8038.9
4438.0	122470.0	8046.4
4439.0	122420.0	8046.4
4440.0	122480.0	8053.8
4441.0	122420.0	8053.8
4442.0	122370.0	8053.8
4443.0	122420.0	8061.2
4444.0	122370.0	8061.2
4445.0	122430.0	8068.6
4446.0	122370.0	8068.6
4447.0	122200.0	8061.2
4448.0	122150.0	8061.2
4449.0	121980.0	8053.8
4450.0	121930.0	8053.8
4451.0	121870.0	8053.8
4452.0	121820.0	8053.8
4453.0	121650.0	8046.4
4454.0	121480.0	8038.9
4455.0	121210.0	8024.2
4456.0	120930.0	8009.4
4457.0	120650.0	7994.7
4458.0	120260.0	7972.6
4459.0	119770.0	7943.3
4460.0	119170.0	7906.8
4461.0	118460.0	7863.2
4462.0	117430.0	7798.3
4463.0	116190.0	7719.7
4464.0	114860.0	7634.8
4465.0	113550.0	7550.9
4466.0	112460.0	7481.7
4467.0	111170.0	7399.5
4468.0	110510.0	7358.7
4469.0	109750.0	7311.4
4470.0	109500.0	7297.9
4471.0	109450.0	7297.9
4472.0	109700.0	7318.1
4473.0	110260.0	7358.7
4474.0	111030.0	7413.1
4475.0	112000.0	7481.7
4476.0	112780.0	7537.0
4477.0	113670.0	7599.8
4478.0	114670.0	7670.0
4479.0	115250.0	7712.6
4480.0	115840.0	7755.3
4481.0	116220.0	7783.9
4482.0	116590.0	7812.7
4483.0	116860.0	7834.3
4484.0	117140.0	7856.0
4485.0	117190.0	7863.2
4486.0	117250.0	7870.4
4487.0	117300.0	7877.7
4488.0	117250.0	7877.7
4489.0	117410.0	7892.2
4490.0	117360.0	7892.2
4491.0	117420.0	7899.5
4492.0	117370.0	7899.5
4493.0	117310.0	7899.5
4494.0	117260.0	7899.5
4495.0	117210.0	7899.5
4496.0	117160.0	7899.5
4497.0	117100.0	7899.5
4498.0	116950.0	7892.2
4499.0	116890.0	7892.2
4500.0	116520.0	7870.4
4501.0	116360.0	7863.2
4502.0	116090.0	7848.7
4503.0	115720.0	7827.1
4504.0	115460.0	7812.7
4505.0	114980.0	7783.9
4506.0	114720.0	7769.6
4507.0	114140.0	7733.9
4508.0	113780.0	7712.6
4509.0	113310.0	7684.2
4510.0	113050.0	7670.0
4511.0	112790.0	7655.9
4512.0	112530.0	7641.9
4513.0	112380.0	7634.8
4514.0	112330.0	7634.8
4515.0	112280.0	7634.8
4516.0	112330.0	7641.9
4517.0	112600.0	7663.0
4518.0	112750.0	7677.2
4519.0	112700.0	7677.2
4520.0	112860.0	7691.3
4521.0	113120.0	7712.6
4522.0	113180.0	7719.7
4523.0	113130.0	7719.7
4524.0	113180.0	7726.8
4525.0	113240.0	7733.9
4526.0	113190.0	7733.9
4527.0	113140.0	7733.9
4528.0	113090.0	7733.9
4529.0	113040.0	7733.9
4530.0	112880.0	7726.8
4531.0	112730.0	7719.7
4532.0	112570.0	7712.6
4533.0	112110.0	7684.2
4534.0	111860.0	7670.0
4535.0	111290.0	7634.8
4536.0	111040.0	7620.8
4537.0	110480.0	7585.8
4538.0	110230.0	7571.8
4539.0	109770.0	7544.0
4540.0	109620.0	7537.0
4541.0	109370.0	7523.2
4542.0	109430.0	7530.1
4543.0	109380.0	7530.1
4544.0	109430.0	7537.0
4545.0	109480.0	7544.0
4546.0	109740.0	7564.8
4547.0	109890.0	7578.8
4548.0	109950.0	7585.8
4549.0	110100.0	7599.8
4550.0	110360.0	7620.8
4551.0	110410.0	7627.8
4552.0	110560.0	7641.9
4553.0	110720.0	7655.9
4554.0	110870.0	7670.0
4555.0	110830.0	7670.0
4556.0	110880.0	7677.2
4557.0	110830.0	7677.2
4558.0	110780.0	7677.2
4559.0	110730.0	7677.2
4560.0	110580.0	7670.0
4561.0	110530.0	7670.0
4562.0	110380.0	7663.0
4563.0	110030.0	7641.9
4564.0	109880.0	7634.8
4565.0	109730.0	7627.8
4566.0	109580.0	7620.8
4567.0	109440.0	7613.8
4568.0	109190.0	7599.8
4569.0	109140.0	7599.8
4570.0	109090.0	7599.8
4571.0	109040.0	7599.8
4572.0	109200.0	7613.8
4573.0	109150.0	7613.8
4574.0	109200.0	7620.8
4575.0	109250.0	7627.8
4576.0	109210.0	7627.8
4577.0	109260.0	7634.8
4578.0	109310.0	7641.9
4579.0	109470.0	7655.9
4580.0	109520.0	7663.0
4581.0	109470.0	7663.0
4582.0	109420.0	7663.0
4583.0	109380.0	7663.0
4584.0	109230.0	7655.9
4585.0	108980.0	7641.9
4586.0	108830.0	7634.8
4587.0	108680.0	7627.8
4588.0	108540.0	7620.8
4589.0	108190.0	7599.8
4590.0	108040.0	7592.8
4591.0	107800.0	7578.8
4592.0	107750.0	7578.8
4593.0	107500.0	7564.8
4594.0	107460.0	7564.8
4595.0	107210.0	7550.9
4596.0	107170.0	7550.9
4597.0	107120.0	7550.9
4598.0	107070.0	7550.9
4599.0	106930.0	7544.0
4600.0	106780.0	7537.0
4601.0	106340.0	7509.3
4602.0	106300.0	7509.3
4603.0	106150.0	7502.4
4604.0	106010.0	7495.5
4605.0	105960.0	7495.5
4606.0	105820.0	7488.6
4607.0	105870.0	7495.5
4608.0	105830.0	7495.5
4609.0	105880.0	7502.4
4610.0	105930.0	7509.3
4611.0	105880.0	7509.3
4612.0	105740.0	7502.4
4613.0	105790.0	7509.3
4614.0	105750.0	7509.3
4615.0	105700.0	7509.3
4616.0	105560.0	7502.4
4617.0	105410.0	7495.5
4618.0	105370.0	7495.5
4619.0	105230.0	7488.6
4620.0	105180.0	7488.6
4621.0	105140.0	7488.6
4622.0	104990.0	7481.7
4623.0	104850.0	7474.8
4624.0	104610.0	7461.0
4625.0	104380.0	7447.3
4626.0	104140.0	7433.6
4627.0	103710.0	7406.3
4628.0	103470.0	7392.6
4629.0	103050.0	7365.4
4630.0	102720.0	7345.1
4631.0	102300.0	7318.1
4632.0	102070.0	7304.7
4633.0	101740.0	7284.5
4634.0	101420.0	7264.4
4635.0	101190.0	7251.0
4636.0	100770.0	7224.4
4637.0	100260.0	7191.1
4638.0	99945.0	7171.3
4639.0	99442.0	7138.4
4640.0	98851.0	7099.0
4641.0	98265.0	7059.9
4642.0	97681.0	7021.0
4643.0	97101.0	6982.3
4644.0	96791.0	6963.0
4645.0	96305.0	6931.1
4646.0	96175.0	6924.7
4647.0	95957.0	6911.9
4648.0	96004.0	6918.3
4649.0	95962.0	6918.3
4650.0	96364.0	6950.2
4651.0	96678.0	6975.9
4652.0	97172.0	7014.5
4653.0	97759.0	7059.9
4654.0	98348.0	7105.6
4655.0	98942.0	7151.6
4656.0	99447.0	7191.1
4657.0	99864.0	7224.4
4658.0	100280.0	7257.7
4659.0	100420.0	7271.1
4660.0	100750.0	7297.9
4661.0	100800.0	7304.7
4662.0	100850.0	7311.4
4663.0	100810.0	7311.4
4664.0	100760.0	7311.4
4665.0	100720.0	7311.4
4666.0	100680.0	7311.4
4667.0	100630.0	7311.4
4668.0	100500.0	7304.7
4669.0	100090.0	7277.8
4670.0	99859.0	7264.4
4671.0	99632.0	7251.0
4672.0	99406.0	7237.7
4673.0	99273.0	7231.0
4674.0	99321.0	7237.7
4675.0	99462.0	7251.0
4676.0	99054.0	7224.4
4677.0	98829.0	7211.1
4678.0	98243.0	7171.3
4679.0	97659.0	7131.8
4680.0	97080.0	7092.5
4681.0	96503.0	7053.4
4682.0	96196.0	7034.0
4683.0	95890.0	7014.5
4684.0	95760.0	7008.1
4685.0	95808.0	7014.5
4686.0	96032.0	7034.0
4687.0	96256.0	7053.4
4688.0	96749.0	7092.5
4689.0	97243.0	7131.8
4690.0	97651.0	7164.7
4691.0	97789.0	7177.9
4692.0	97927.0	7191.1
4693.0	98157.0	7211.1
4694.0	98205.0	7217.7
4695.0	98254.0	7224.4
4696.0	98212.0	7224.4
4697.0	98261.0	7231.0
4698.0	98219.0	7231.0
4699.0	98267.0	7237.7
4700.0	97955.0	7217.7
4702.0	97332.0	7177.9
4704.0	97249.0	7177.9
4706.0	97166.0	7177.9
4708.0	96995.0	7171.3
4710.0	96823.0	7164.7
4712.0	96741.0	7164.7
4714.0	96481.0	7151.6
4716.0	96577.0	7164.7
4718.0	96495.0	7164.7
4720.0	96502.0	7171.3
4722.0	96509.0	7177.9
4724.0	96427.0	7177.9
4726.0	96435.0	7184.5
4728.0	96531.0	7197.8
4730.0	96627.0	7211.1
4732.0	96634.0	7217.7
4734.0	96642.0	7224.4
4736.0	96649.0	7231.0
4738.0	96656.0	7237.7
4740.0	96574.0	7237.7
4742.0	96493.0	7237.7
4744.0	96412.0	7237.7
4746.0	96330.0	7237.7
4748.0	96249.0	7237.7
4750.0	96080.0	7231.0
4752.0	95999.0	7231.0
4754.0	95918.0	7231.0
4756.0	95838.0	7231.0
4758.0	95757.0	7231.0
4760.0	95765.0	7237.7
4762.0	95596.0	7231.0
4764.0	95428.0	7224.4
4766.0	95348.0	7224.4
4768.0	95268.0	7224.4
4770.0	95013.0	7211.1
4772.0	94759.0	7197.8
4774.0	94592.0	7191.1
4776.0	94426.0	7184.5
4778.0	94260.0	7177.9
4780.0	94095.0	7171.3
4782.0	93929.0	7164.7
4784.0	93851.0	7164.7
4786.0	93600.0	7151.6
4788.0	93435.0	7144.9
4790.0	93357.0	7144.9
4792.0	93194.0	7138.4
4794.0	93116.0	7138.4
4796.0	93038.0	7138.4
4798.0	92961.0	7138.4
4800.0	92883.0	7138.4
4802.0	92806.0	7138.4
4804.0	92729.0	7138.4
4806.0	92566.0	7131.8
4808.0	92489.0	7131.8
4810.0	92328.0	7125.3
4812.0	92166.0	7118.7
4814.0	91919.0	7105.6
4816.0	91758.0	7099.0
4818.0	91598.0	7092.5
4820.0	91522.0	7092.5
4822.0	91362.0	7086.0
4824.0	91286.0	7086.0
4826.0	91211.0	7086.0
4828.0	91219.0	7092.5
4830.0	91144.0	7092.5
4832.0	91068.0	7092.5
4834.0	90993.0	7092.5
4836.0	90918.0	7092.5
4838.0	90843.0	7092.5
4840.0	90767.0	7092.5
4842.0	90359.0	7066.4
4844.0	90035.0	7046.9
4846.0	89547.0	7014.5
4848.0	88899.0	6969.5
4850.0	88254.0	6924.7
4852.0	87534.0	6873.8
4854.0	86501.0	6798.3
4856.0	85716.0	6742.1
4858.0	84782.0	6674.2
4860.0	84091.0	6625.2
4862.0	83251.0	6564.5
4864.0	82877.0	6540.3
4866.0	82809.0	6540.3
4868.0	82588.0	6528.3
4870.0	82901.0	6558.4
4872.0	83446.0	6606.9
4874.0	84072.0	6661.9
4876.0	84702.0	6717.4
4878.0	85494.0	6785.8
4880.0	86215.0	6848.6
4882.0	86861.0	6905.6
4884.0	87110.0	6931.1
4886.0	87440.0	6963.0
4888.0	87611.0	6982.3
4890.0	87539.0	6982.3
4892.0	87387.0	6975.9
4894.0	87236.0	6969.5
4896.0	87084.0	6963.0
4898.0	86853.0	6950.2
4900.0	86542.0	6931.1
4902.0	86312.0	6918.3
4904.0	86083.0	6905.6
4906.0	85697.0	6880.2
4908.0	85548.0	6873.8
4910.0	85164.0	6848.6
4912.0	84938.0	6835.9
4914.0	84557.0	6810.8
4916.0	84333.0	6798.3
4918.0	83954.0	6773.3
4920.0	83655.0	6754.6
4922.0	83433.0	6742.1
4924.0	83135.0	6723.6
4926.0	82991.0	6717.4
4928.0	82847.0	6711.2
4930.0	82780.0	6711.2
4932.0	82789.0	6717.4
4934.0	82799.0	6723.6
4936.0	82960.0	6742.1
4938.0	83046.0	6754.6
4940.0	83208.0	6773.3
4942.0	83371.0	6792.0
4944.0	83380.0	6798.3
4946.0	83467.0	6810.8
4948.0	83629.0	6829.6
4950.0	83639.0	6835.9
4952.0	83571.0	6835.9
4954.0	83581.0	6842.3
4956.0	83514.0	6842.3
4958.0	83446.0	6842.3
4960.0	83302.0	6835.9
4962.0	83158.0	6829.6
4964.0	83015.0	6823.4
4966.0	82796.0	6810.8
4968.0	82653.0	6804.6
4970.0	82510.0	6798.3
4972.0	82444.0	6798.3
4974.0	82302.0	6792.0
4976.0	82160.0	6785.8
4978.0	81943.0	6773.3
4980.0	81802.0	6767.1
4982.0	81661.0	6760.8
4984.0	81595.0	6760.8
4986.0	81455.0	6754.6
4988.0	81389.0	6754.6
4990.0	81324.0	6754.6
4992.0	81184.0	6748.4
4994.0	81119.0	6748.4
4996.0	80830.0	6729.8
4998.0	80617.0	6717.4
5000.0	80479.0	6711.2
5002.0	80340.0	6705.0
5004.0	80054.0	6686.5
5006.0	79843.0	6674.2
5008.0	79633.0	6661.9
5010.0	79350.0	6643.5
5012.0	79213.0	6637.4
5014.0	79004.0	6625.2
5016.0	78651.0	6600.8
5018.0	78516.0	6594.8
5020.0	78309.0	6582.6
5022.0	78247.0	6582.6
5024.0	78040.0	6570.5
5026.0	77978.0	6570.5
5028.0	78060.0	6582.6
5030.0	77998.0	6582.6
5032.0	78008.0	6588.7
5034.0	78018.0	6594.8
5036.0	77956.0	6594.8
5038.0	77894.0	6594.8
5040.0	77761.0	6588.7
5042.0	77627.0	6582.6
5044.0	77423.0	6570.5
5046.0	77219.0	6558.4
5048.0	77158.0	6558.4
5050.0	76955.0	6546.4
5052.0	76823.0	6540.3
5054.0	76621.0	6528.3
5056.0	76561.0	6528.3
5058.0	76500.0	6528.3
5060.0	76440.0	6528.3
5062.0	76379.0	6528.3
5064.0	76319.0	6528.3
5066.0	76259.0	6528.3
5068.0	76198.0	6528.3
5070.0	76138.0	6528.3
5072.0	76219.0	6540.3
5074.0	76159.0	6540.3
5076.0	75958.0	6528.3
5078.0	75899.0	6528.3
5080.0	75769.0	6522.3
5082.0	75710.0	6522.3
5084.0	75580.0	6516.3
5086.0	75521.0	6516.3
5088.0	75462.0	6516.3
5090.0	75402.0	6516.3
5092.0	75274.0	6510.3
5094.0	75146.0	6504.3
5096.0	74948.0	6492.3
5098.0	74820.0	6486.3
5100.0	74693.0	6480.4
5102.0	74566.0	6474.4
5104.0	74507.0	6474.4
5106.0	74449.0	6474.4
5108.0	74391.0	6474.4
5110.0	74264.0	6468.5
5112.0	74206.0	6468.5
5114.0	74080.0	6462.5
5116.0	74022.0	6462.5
5118.0	73828.0	6450.6
5120.0	73770.0	6450.6
5122.0	73644.0	6444.6
5124.0	73587.0	6444.6
5126.0	73530.0	6444.6
5128.0	73405.0	6438.7
5130.0	73348.0	6438.7
5132.0	73290.0	6438.7
5134.0	73166.0	6432.8
5136.0	73109.0	6432.8
5138.0	73052.0	6432.8
5140.0	72928.0	6426.9
5142.0	72871.0	6426.9
5144.0	72681.0	6415.0
5146.0	72624.0	6415.0
5148.0	72568.0	6415.0
5150.0	72444.0	6409.1
5152.0	72388.0	6409.1
5154.0	72265.0	6403.2
5156.0	72209.0	6403.2
5158.0	72087.0	6397.3
5160.0	72031.0	6397.3
5162.0	71909.0	6391.4
5164.0	71788.0	6385.6
5166.0	71732.0	6385.6
5168.0	71610.0	6379.7
5170.0	71555.0	6379.7
5172.0	71434.0	6373.8
5174.0	71379.0	6373.8
5176.0	71258.0	6367.9
5178.0	71137.0	6362.1
5180.0	71082.0	6362.1
5182.0	70962.0	6356.2
5184.0	70907.0	6356.2
5186.0	70787.0	6350.4
5188.0	70668.0	6344.5
5190.0	70613.0	6344.5
5192.0	70494.0	6338.7
5194.0	70440.0	6338.7
5196.0	70321.0	6332.9
5198.0	70202.0	6327.0
5200.0	70148.0	6327.0
5202.0	70029.0	6321.2
5204.0	69911.0	6315.4
5206.0	69857.0	6315.4
5208.0	69739.0	6309.6
5210.0	69622.0	6303.8
5212.0	69504.0	6298.0
5214.0	69451.0	6298.0
5216.0	69334.0	6292.2
5218.0	69217.0	6286.4
5220.0	69100.0	6280.6
5222.0	69047.0	6280.6
5224.0	68994.0	6280.6
5226.0	68878.0	6274.8
5228.0	68762.0	6269.0
5230.0	68709.0	6269.0
5232.0	68531.0	6257.5
5234.0	68478.0	6257.5
5236.0	68363.0	6251.7
5238.0	68248.0	6246.0
5240.0	68196.0	6246.0
5242.0	68081.0	6240.2
5244.0	67967.0	6234.5
5246.0	67790.0	6223.0
5248.0	67676.0	6217.3
5250.0	67624.0	6217.3
5252.0	67573.0	6217.3
5254.0	67459.0	6211.5
5256.0	67408.0	6211.5
5258.0	67357.0	6211.5
5260.0	67243.0	6205.8
5262.0	67254.0	6211.5
5264.0	67203.0	6211.5
5266.0	67152.0	6211.5
5268.0	67039.0	6205.8
5270.0	66988.0	6205.8
5272.0	66937.0	6205.8
5274.0	66887.0	6205.8
5276.0	66774.0	6200.1
5278.0	66663.0	6194.4
5280.0	66490.0	6183.0
5282.0	66378.0	6177.3
5284.0	66267.0	6171.6
5286.0	66155.0	6165.9
5288.0	65984.0	6154.6
5290.0	65813.0	6143.3
5292.0	65642.0	6132.0
5294.0	65592.0	6132.0
5296.0	65482.0	6126.3
5298.0	65373.0	6120.7
5300.0	65203.0	6109.4
5302.0	65094.0	6103.8
5304.0	64985.0	6098.2
5306.0	64936.0	6098.2
5308.0	64887.0	6098.2
5310.0	64838.0	6098.2
5312.0	64790.0	6098.2
5314.0	64741.0	6098.2
5316.0	64692.0	6098.2
5318.0	64644.0	6098.2
5320.0	64595.0	6098.2
5322.0	64487.0	6092.6
5324.0	64438.0	6092.6
5326.0	64390.0	6092.6
5328.0	64282.0	6086.9
5330.0	64234.0	6086.9
5332.0	64127.0	6081.3
5334.0	63961.0	6070.1
5336.0	63854.0	6064.6
5338.0	63748.0	6059.0
5340.0	63700.0	6059.0
5342.0	63593.0	6053.4
5344.0	63487.0	6047.8
5346.0	63323.0	6036.7
5348.0	63218.0	6031.1
5350.0	63112.0	6025.6
5352.0	63007.0	6020.1
5354.0	62960.0	6020.1
5356.0	62855.0	6014.5
5358.0	62750.0	6009.0
5360.0	62703.0	6009.0
5362.0	62541.0	5997.9
5364.0	62495.0	5997.9
5366.0	62391.0	5992.4
5368.0	62344.0	5992.4
5370.0	62241.0	5986.9
5372.0	62194.0	5986.9
5374.0	62148.0	5986.9
5376.0	62044.0	5981.4
5378.0	61998.0	5981.4
5380.0	61895.0	5975.8
5382.0	61849.0	5975.8
5384.0	61689.0	5964.8
5386.0	61587.0	5959.4
5388.0	61541.0	5959.4
5390.0	61439.0	5953.9
5392.0	61337.0	5948.4
5394.0	61292.0	5948.4
5396.0	61133.0	5937.4
5398.0	60975.0	5926.5
5400.0	60818.0	5915.6
5402.0	60661.0	5904.7
5404.0	60449.0	5888.4
5406.0	60293.0	5877.6
5408.0	60193.0	5872.2
5410.0	59983.0	5856.0
5412.0	59883.0	5850.6
5414.0	59784.0	5845.2
5416.0	59685.0	5839.8
5418.0	59641.0	5839.8
5420.0	59597.0	5839.8
5422.0	59553.0	5839.8
5424.0	59564.0	5845.2
5426.0	59520.0	5845.2
5428.0	59585.0	5856.0
5430.0	59652.0	5866.8
5432.0	59663.0	5872.2
5434.0	59673.0	5877.6
5436.0	59630.0	5877.6
5438.0	59641.0	5883.0
5440.0	59652.0	5888.4
5442.0	59553.0	5883.0
5444.0	59509.0	5883.0
5446.0	59466.0	5883.0
5448.0	59367.0	5877.6
5450.0	59323.0	5877.6
5452.0	59226.0	5872.2
5454.0	59128.0	5866.8
5456.0	58975.0	5856.0
5458.0	58878.0	5850.6
5460.0	58781.0	5845.2
5462.0	58738.0	5845.2
5464.0	58641.0	5839.8
5466.0	58544.0	5834.5
5468.0	58447.0	5829.1
5470.0	58297.0	5818.3
5472.0	58201.0	5813.0
5474.0	58105.0	5807.6
5476.0	58062.0	5807.6
5478.0	57966.0	5802.3
5480.0	57871.0	5797.0
5482.0	57722.0	5786.3
5484.0	57680.0	5786.3
5486.0	57585.0	5780.9
5488.0	57543.0	5780.9
5490.0	57501.0	5780.9
5492.0	57406.0	5775.6
5494.0	57364.0	5775.6
5496.0	57270.0	5770.3
5498.0	57228.0	5770.3
5500.0	57187.0	5770.3
5502.0	57093.0	5765.0
5504.0	57051.0	5765.0
5506.0	56957.0	5759.7
5508.0	56916.0	5759.7
5510.0	56770.0	5749.1
5512.0	56729.0	5749.1
5514.0	56635.0	5743.8
5516.0	56594.0	5743.8
5518.0	56501.0	5738.5
5520.0	56460.0	5738.5
5522.0	56419.0	5738.5
5524.0	56378.0	5738.5
5526.0	56338.0	5738.5
5528.0	56245.0	5733.2
5530.0	56204.0	5733.2
5532.0	56164.0	5733.2
5534.0	56123.0	5733.2
5536.0	56083.0	5733.2
5538.0	55991.0	5728.0
5540.0	55950.0	5728.0
5542.0	55807.0	5717.4
5544.0	55715.0	5712.2
5546.0	55624.0	5706.9
5548.0	55532.0	5701.6
5550.0	55441.0	5696.4
5552.0	55350.0	5691.1
5554.0	55209.0	5680.7
5556.0	55169.0	5680.7
5558.0	55079.0	5675.4
5560.0	54988.0	5670.2
5562.0	54949.0	5670.2
5564.0	54909.0	5670.2
5566.0	54870.0	5670.2
5568.0	54780.0	5665.0
5570.0	54741.0	5665.0
5572.0	54651.0	5659.8
5574.0	54612.0	5659.8
5576.0	54573.0	5659.8
5578.0	54483.0	5654.6
5580.0	54444.0	5654.6
5582.0	54305.0	5644.1
5584.0	54216.0	5639.0
5586.0	54128.0	5633.8
5588.0	54089.0	5633.8
5590.0	54000.0	5628.6
5592.0	53912.0	5623.4
5594.0	53775.0	5613.1
5596.0	53687.0	5607.9
5598.0	53648.0	5607.9
5600.0	53561.0	5602.7
5602.0	53522.0	5602.7
5604.0	53484.0	5602.7
5606.0	53446.0	5602.7
5608.0	53408.0	5602.7
5610.0	53370.0	5602.7
5612.0	53282.0	5597.6
5614.0	53245.0	5597.6
5616.0	53207.0	5597.6
5618.0	53169.0	5597.6
5620.0	53131.0	5597.6
5622.0	53044.0	5592.4
5624.0	52958.0	5587.3
5626.0	52920.0	5587.3
5628.0	52785.0	5577.0
5630.0	52748.0	5577.0
5632.0	52662.0	5571.8
5634.0	52624.0	5571.8
5636.0	52539.0	5566.7
5638.0	52501.0	5566.7
5640.0	52416.0	5561.6
5642.0	52379.0	5561.6
5644.0	52293.0	5556.5
5646.0	52160.0	5546.3
5648.0	52123.0	5546.3
5650.0	52039.0	5541.2
5652.0	52002.0	5541.2
5654.0	51917.0	5536.1
5656.0	51880.0	5536.1
5658.0	51796.0	5531.0
5660.0	51759.0	5531.0
5662.0	51723.0	5531.0
5664.0	51638.0	5525.9
5666.0	51554.0	5520.8
5668.0	51423.0	5510.6
5670.0	51387.0	5510.6
5672.0	51304.0	5505.6
5674.0	51268.0	5505.6
5676.0	51184.0	5500.5
5678.0	51148.0	5500.5
5680.0	51112.0	5500.5
5682.0	51076.0	5500.5
5684.0	50993.0	5495.4
5686.0	50957.0	5495.4
5688.0	50922.0	5495.4
5690.0	50839.0	5490.3
5692.0	50803.0	5490.3
5694.0	50767.0	5490.3
5696.0	50732.0	5490.3
5698.0	50696.0	5490.3
5700.0	50661.0	5490.3
5702.0	50625.0	5490.3
5704.0	50590.0	5490.3
5706.0	50507.0	5485.3
5708.0	50472.0	5485.3
5710.0	50344.0	5475.2
5712.0	50263.0	5470.2
5714.0	50181.0	5465.1
5716.0	50146.0	5465.1
5718.0	50065.0	5460.1
5720.0	50030.0	5460.1
5722.0	49949.0	5455.1
5724.0	49822.0	5445.0
5726.0	49741.0	5440.0
5728.0	49661.0	5435.0
5730.0	49626.0	5435.0
5732.0	49592.0	5435.0
5734.0	49511.0	5430.0
5736.0	49431.0	5425.0
5738.0	49397.0	5425.0
5740.0	49317.0	5420.0
5742.0	49283.0	5420.0
5744.0	49158.0	5410.0
5746.0	49124.0	5410.0
5748.0	49044.0	5405.0
5750.0	49010.0	5405.0
5752.0	48976.0	5405.0
5754.0	48897.0	5400.1
5756.0	48863.0	5400.1
5758.0	48829.0	5400.1
5760.0	48750.0	5395.1
5762.0	48671.0	5390.1
5764.0	48548.0	5380.2
5766.0	48514.0	5380.2
5768.0	48436.0	5375.3
5770.0	48358.0	5370.3
5772.0	48325.0	5370.3
5774.0	48247.0	5365.4
5776.0	48213.0	5365.4
5778.0	48180.0	5365.4
5780.0	48147.0	5365.4
5782.0	48069.0	5360.4
5784.0	47991.0	5355.5
5786.0	47870.0	5345.6
5788.0	47793.0	5340.7
5790.0	47716.0	5335.8
5792.0	47639.0	5330.9
5794.0	47562.0	5326.0
5796.0	47398.0	5311.3
5798.0	47322.0	5306.4
5800.0	47246.0	5301.5
5802.0	47170.0	5296.6
5804.0	47094.0	5291.7
5806.0	47061.0	5291.7
5808.0	46943.0	5282.0
5810.0	46867.0	5277.1
5812.0	46835.0	5277.1
5814.0	46803.0	5277.1
5816.0	46770.0	5277.1
5818.0	46738.0	5277.1
5820.0	46706.0	5277.1
5822.0	46674.0	5277.1
5824.0	46599.0	5272.3
5826.0	46567.0	5272.3
5828.0	46535.0	5272.3
5830.0	46460.0	5267.4
5832.0	46429.0	5267.4
5834.0	46354.0	5262.6
5836.0	46280.0	5257.8
5838.0	46248.0	5257.8
5840.0	46131.0	5248.1
5842.0	46100.0	5248.1
5844.0	46026.0	5243.2
5846.0	45994.0	5243.2
5848.0	45920.0	5238.4
5850.0	45889.0	5238.4
5852.0	45815.0	5233.6
5854.0	45742.0	5228.8
5856.0	45585.0	5214.3
5858.0	45470.0	5204.8
5860.0	45230.0	5180.8
5862.0	45074.0	5166.5
5864.0	44795.0	5138.1
5866.0	44477.0	5105.1
5868.0	44161.0	5072.2
5870.0	43767.0	5030.4
5872.0	43416.0	4993.4
5874.0	43068.0	4956.8
5876.0	42801.0	4929.5
5878.0	42615.0	4911.3
5880.0	42429.0	4893.3
5882.0	42479.0	4902.3
5884.0	42528.0	4911.3
5886.0	42656.0	4929.5
5888.0	42863.0	4956.8
5890.0	43111.0	4988.8
5892.0	43321.0	5016.5
5894.0	43531.0	5044.3
5896.0	43743.0	5072.2
5898.0	43915.0	5095.6
5900.0	44047.0	5114.5
5902.0	44098.0	5123.9
5904.0	44231.0	5142.8
5906.0	44201.0	5142.8
5908.0	44212.0	5147.5
5910.0	44223.0	5152.3
5912.0	44233.0	5157.0
5914.0	44204.0	5157.0
5916.0	44255.0	5166.5
5918.0	44225.0	5166.5
5920.0	44195.0	5166.5
5922.0	44166.0	5166.5
5924.0	44136.0	5166.5
5926.0	44106.0	5166.5
5928.0	44076.0	5166.5
5930.0	43965.0	5157.0
5932.0	43895.0	5152.3
5934.0	43866.0	5152.3
5936.0	43796.0	5147.5
5938.0	43726.0	5142.8
5940.0	43696.0	5142.8
5942.0	43627.0	5138.1
5944.0	43598.0	5138.1
5946.0	43528.0	5133.3
5948.0	43499.0	5133.3
5950.0	43390.0	5123.9
5952.0	43360.0	5123.9
5954.0	43292.0	5119.2
5956.0	43262.0	5119.2
5958.0	43233.0	5119.2
5960.0	43165.0	5114.5
5962.0	43136.0	5114.5
5964.0	43067.0	5109.7
5966.0	43038.0	5109.7
5968.0	42970.0	5105.1
5970.0	42862.0	5095.6
5972.0	42833.0	5095.6
5974.0	42765.0	5090.9
5976.0	42697.0	5086.3
5978.0	42629.0	5081.6
5980.0	42601.0	5081.6
5982.0	42572.0	5081.6
5984.0	42505.0	5076.9
5986.0	42476.0	5076.9
5988.0	42409.0	5072.2
5990.0	42381.0	5072.2
5992.0	42352.0	5072.2
5994.0	42324.0	5072.2
5996.0	42296.0	5072.2
5998.0	42190.0	5062.9
6000.0	42162.0	5062.9
6002.0	42134.0	5062.9
6004.0	42067.0	5058.2
6006.0	42000.0	5053.6
6008.0	41972.0	5053.6
6010.0	41944.0	5053.6
6012.0	41878.0	5048.9
6014.0	41811.0	5044.3
6016.0	41745.0	5039.6
6018.0	41717.0	5039.6
6020.0	41613.0	5030.4
6022.0	41585.0	5030.4
6024.0	41519.0	5025.7
6026.0	41492.0	5025.7
6028.0	41426.0	5021.1
6030.0	41399.0	5021.1
6032.0	41371.0	5021.1
6034.0	41344.0	5021.1
6036.0	41316.0	5021.1
6038.0	41289.0	5021.1
6040.0	41262.0	5021.1
6042.0	41234.0	5021.1
6044.0	41207.0	5021.1
6046.0	41142.0	5016.5
6048.0	41115.0	5016.5
6050.0	41050.0	5011.9
6052.0	40947.0	5002.6
6054.0	40882.0	4998.1
6056.0	40818.0	4993.4
6058.0	40753.0	4988.8
6060.0	40726.0	4988.8
6062.0	40662.0	4984.2
6064.0	40598.0	4979.7
6066.0	40571.0	4979.7
6068.0	40470.0	4970.5
6070.0	40406.0	4965.9
6072.0	40379.0	4965.9
6074.0	40315.0	4961.3
6076.0	40289.0	4961.3
6078.0	40262.0	4961.3
6080.0	40236.0	4961.3
6082.0	40209.0	4961.3
6084.0	40146.0	4956.8
6086.0	40120.0	4956.8
6088.0	40056.0	4952.2
6090.0	39956.0	4943.1
6092.0	39857.0	4934.0
6094.0	39831.0	4934.0
6096.0	39804.0	4934.0
6098.0	39778.0	4934.0
6100.0	39715.0	4929.5
6102.0	39689.0	4929.5
6104.0	39663.0	4929.5
6106.0	39601.0	4924.9
6108.0	39575.0	4924.9
6110.0	39513.0	4920.4
6112.0	39487.0	4920.4
6114.0	39389.0	4911.3
6116.0	39327.0	4906.8
6118.0	39301.0	4906.8
6120.0	39275.0	4906.8
6122.0	39249.0	4906.8
6124.0	39224.0	4906.8
6126.0	39198.0	4906.8
6128.0	39173.0	4906.8
6130.0	39111.0	4902.3
6132.0	39085.0	4902.3
6134.0	39060.0	4902.3
6136.0	38999.0	4897.8
6138.0	38973.0	4897.8
6140.0	38912.0	4893.3
6142.0	38851.0	4888.8
6144.0	38826.0	4888.8
6146.0	38729.0	4879.8
6148.0	38668.0	4875.3
6150.0	38643.0	4875.3
6152.0	38582.0	4870.8
6154.0	38557.0	4870.8
6156.0	38532.0	4870.8
6158.0	38507.0	4870.8
6160.0	38447.0	4866.3
6162.0	38422.0	4866.3
6164.0	38362.0	4861.8
6166.0	38266.0	4852.9
6168.0	38241.0	4852.9
6170.0	38181.0	4848.4
6172.0	38121.0	4844.0
6174.0	38097.0	4844.0
6176.0	38037.0	4839.5
6178.0	37977.0	4835.0
6180.0	37918.0	4830.6
6182.0	37823.0	4821.7
6184.0	37764.0	4817.3
6186.0	37740.0	4817.3
6188.0	37681.0	4812.8
6190.0	37656.0	4812.8
6192.0	37632.0	4812.8
6194.0	37608.0	4812.8
6196.0	37584.0	4812.8
6198.0	37559.0	4812.8
6200.0	37535.0	4812.8
6202.0	37511.0	4812.8
6204.0	37452.0	4808.4
6206.0	37428.0	4808.4
6208.0	37404.0	4808.4
6210.0	37277.0	4795.1
6212.0	37218.0	4790.7
6214.0	37126.0	4781.9
6216.0	37102.0	4781.9
6218.0	37010.0	4773.1
6220.0	36918.0	4764.3
6222.0	36827.0	4755.5
6224.0	36803.0	4755.5
6226.0	36745.0	4751.2
6228.0	36688.0	4746.8
6230.0	36597.0	4738.1
6232.0	36573.0	4738.1
6234.0	36516.0	4733.7
6236.0	36493.0	4733.7
6238.0	36436.0	4729.3
6240.0	36413.0	4729.3
6242.0	36389.0	4729.3
6244.0	36366.0	4729.3
6246.0	36343.0	4729.3
6248.0	36319.0	4729.3
6250.0	36263.0	4725.0
6252.0	36240.0	4725.0
6254.0	36216.0	4725.0
6256.0	36193.0	4725.0
6258.0	36170.0	4725.0
6260.0	36147.0	4725.0
6262.0	36124.0	4725.0
6264.0	36101.0	4725.0
6266.0	36078.0	4725.0
6268.0	36022.0	4720.6
6270.0	35965.0	4716.3
6272.0	35876.0	4707.6
6274.0	35820.0	4703.3
6276.0	35765.0	4698.9
6278.0	35742.0	4698.9
6280.0	35686.0	4694.6
6282.0	35631.0	4690.3
6284.0	35575.0	4686.0
6286.0	35553.0	4686.0
6288.0	35465.0	4677.4
6290.0	35442.0	4677.4
6292.0	35387.0	4673.0
6294.0	35332.0	4668.7
6296.0	35309.0	4668.7
6298.0	35287.0	4668.7
6300.0	35200.0	4660.1
6302.0	35113.0	4651.6
6304.0	35058.0	4647.3
6306.0	35004.0	4643.0
6308.0	34981.0	4643.0
6310.0	34927.0	4638.7
6312.0	34873.0	4634.5
6314.0	34819.0	4630.2
6316.0	34732.0	4621.7
6318.0	34679.0	4617.4
6320.0	34625.0	4613.2
6322.0	34603.0	4613.2
6324.0	34581.0	4613.2
6326.0	34559.0	4613.2
6328.0	34537.0	4613.2
6330.0	34484.0	4608.9
6332.0	34462.0	4608.9
6334.0	34440.0	4608.9
6336.0	34418.0	4608.9
6338.0	34365.0	4604.7
6340.0	34343.0	4604.7
6342.0	34322.0	4604.7
6344.0	34237.0	4596.2
6346.0	34184.0	4592.0
6348.0	34162.0	4592.0
6350.0	34109.0	4587.8
6352.0	34056.0	4583.5
6354.0	34035.0	4583.5
6356.0	33982.0	4579.3
6358.0	33961.0	4579.3
6360.0	33908.0	4575.1
6362.0	33825.0	4566.7
6364.0	33803.0	4566.7
6366.0	33751.0	4562.5
6368.0	33730.0	4562.5
6370.0	33709.0	4562.5
6372.0	33687.0	4562.5
6374.0	33635.0	4558.3
6376.0	33614.0	4558.3
6378.0	33593.0	4558.3
6380.0	33572.0	4558.3
6382.0	33551.0	4558.3
6384.0	33499.0	4554.1
6386.0	33478.0	4554.1
6388.0	33426.0	4549.9
6390.0	33344.0	4541.5
6392.0	33323.0	4541.5
6394.0	33272.0	4537.3
6396.0	33220.0	4533.1
6398.0	33169.0	4529.0
6400.0	33148.0	4529.0
6402.0	33097.0	4524.8
6404.0	33046.0	4520.6
6406.0	32964.0	4512.3
6408.0	32914.0	4508.2
6410.0	32893.0	4508.2
6412.0	32842.0	4504.0
6414.0	32822.0	4504.0
6416.0	32801.0	4504.0
6418.0	32781.0	4504.0
6420.0	32760.0	4504.0
6422.0	32740.0	4504.0
6424.0	32720.0	4504.0
6426.0	32699.0	4504.0
6428.0	32679.0	4504.0
6430.0	32659.0	4504.0
6432.0	32638.0	4504.0
6434.0	32618.0	4504.0
6436.0	32598.0	4504.0
6438.0	32608.0	4508.2
6440.0	32587.0	4508.2
6442.0	32567.0	4508.2
6444.0	32517.0	4504.0
6446.0	32497.0	4504.0
6448.0	32476.0	4504.0
6450.0	32456.0	4504.0
6452.0	32436.0	4504.0
6454.0	32416.0	4504.0
6456.0	32366.0	4499.9
6458.0	32346.0	4499.9
6460.0	32326.0	4499.9
6462.0	32306.0	4499.9
6464.0	32257.0	4495.7
6466.0	32237.0	4495.7
6468.0	32187.0	4491.6
6470.0	32108.0	4483.3
6472.0	32059.0	4479.2
6474.0	32009.0	4475.1
6476.0	31989.0	4475.1
6478.0	31970.0	4475.1
6480.0	31921.0	4471.0
6482.0	31872.0	4466.8
6484.0	31793.0	4458.6
6486.0	31774.0	4458.6
6488.0	31725.0	4454.5
6490.0	31676.0	4450.4
6492.0	31657.0	4450.4
6494.0	31608.0	4446.3
6496.0	31559.0	4442.2
6498.0	31511.0	4438.1
6500.0	31405.0	4425.9
6502.0	31356.0	4421.8
6504.0	31280.0	4413.7
6506.0	31174.0	4401.5
6508.0	31097.0	4393.4
6510.0	30964.0	4377.2
6512.0	30888.0	4369.2
6514.0	30784.0	4357.1
6516.0	30652.0	4341.1
6518.0	30577.0	4333.1
6520.0	30446.0	4317.2
6522.0	30371.0	4309.2
6524.0	30241.0	4293.4
6526.0	30167.0	4285.5
6528.0	30065.0	4273.7
6530.0	30019.0	4269.7
6532.0	29945.0	4261.9
6534.0	29927.0	4261.9
6536.0	29881.0	4257.9
6538.0	29835.0	4254.0
6540.0	29762.0	4246.2
6542.0	29689.0	4238.4
6544.0	29617.0	4230.6
6546.0	29490.0	4215.0
6548.0	29336.0	4195.6
6550.0	29184.0	4176.4
6552.0	29032.0	4157.2
6554.0	28748.0	4119.1
6556.0	28520.0	4088.8
6558.0	28293.0	4058.8
6560.0	28068.0	4029.0
6562.0	27819.0	3995.8
6564.0	27624.0	3970.1
6566.0	27556.0	3962.8
6568.0	27539.0	3962.8
6570.0	27497.0	3959.1
6572.0	27582.0	3973.7
6574.0	27769.0	4003.1
6576.0	27880.0	4021.6
6578.0	28095.0	4055.1
6580.0	28286.0	4085.1
6582.0	28452.0	4111.5
6584.0	28618.0	4138.1
6586.0	28733.0	4157.2
6588.0	28848.0	4176.4
6590.0	28910.0	4187.9
6592.0	28946.0	4195.6
6594.0	29035.0	4211.1
6596.0	29044.0	4215.0
6598.0	29080.0	4222.8
6600.0	29143.0	4234.5
6602.0	29152.0	4238.4
6604.0	29188.0	4246.2
6606.0	29251.0	4257.9
6608.0	29260.0	4261.9
6610.0	29297.0	4269.7
6612.0	29360.0	4281.5
6614.0	29369.0	4285.5
6616.0	29379.0	4289.4
6618.0	29361.0	4289.4
6620.0	29343.0	4289.4
6622.0	29325.0	4289.4
6624.0	29308.0	4289.4
6626.0	29290.0	4289.4
6628.0	29272.0	4289.4
6630.0	29255.0	4289.4
6632.0	29237.0	4289.4
6634.0	29219.0	4289.4
6636.0	29175.0	4285.5
6638.0	29157.0	4285.5
6640.0	29113.0	4281.5
6642.0	29095.0	4281.5
6644.0	29024.0	4273.7
6646.0	29007.0	4273.7
6648.0	28963.0	4269.7
6650.0	28945.0	4269.7
6652.0	28901.0	4265.8
6654.0	28857.0	4261.9
6656.0	28840.0	4261.9
6658.0	28770.0	4254.0
6660.0	28673.0	4242.3
6662.0	28629.0	4238.4
6664.0	28481.0	4218.9
6666.0	28411.0	4211.1
6668.0	28264.0	4191.8
6670.0	28143.0	4176.4
6672.0	27971.0	4153.4
6674.0	27826.0	4134.3
6676.0	27681.0	4115.3
6678.0	27538.0	4096.4
6680.0	27445.0	4085.1
6682.0	27404.0	4081.3
6684.0	27362.0	4077.5
6686.0	27295.0	4070.0
6688.0	27380.0	4085.1
6690.0	27414.0	4092.6
6692.0	27499.0	4107.7
6694.0	27609.0	4126.7
6696.0	27669.0	4138.1
6698.0	27806.0	4161.0
6700.0	27840.0	4168.7
6702.0	27952.0	4187.9
6704.0	27987.0	4195.6
6706.0	28047.0	4207.3
6708.0	28056.0	4211.1
6710.0	28066.0	4215.0
6712.0	28049.0	4215.0
6714.0	28032.0	4215.0
6716.0	28016.0	4215.0
6718.0	27973.0	4211.1
6720.0	27956.0	4211.1
6722.0	27914.0	4207.3
6724.0	27872.0	4203.4
6726.0	27804.0	4195.6
6728.0	27762.0	4191.8
6730.0	27720.0	4187.9
6732.0	27703.0	4187.9
6734.0	27687.0	4187.9
6736.0	27670.0	4187.9
6738.0	27654.0	4187.9
6740.0	27638.0	4187.9
6742.0	27621.0	4187.9
6744.0	27605.0	4187.9
6746.0	27589.0	4187.9
6748.0	27572.0	4187.9
6750.0	27556.0	4187.9
6752.0	27539.0	4187.9
6754.0	27498.0	4184.1
6756.0	27456.0	4180.2
6758.0	27415.0	4176.4
6760.0	27399.0	4176.4
6762.0	27332.0	4168.7
6764.0	27291.0	4164.9
6766.0	27275.0	4164.9
6768.0	27233.0	4161.0
6770.0	27217.0	4161.0
6772.0	27201.0	4161.0
6774.0	27185.0	4161.0
6776.0	27169.0	4161.0
6778.0	27153.0	4161.0
6780.0	27137.0	4161.0
6782.0	27121.0	4161.0
6784.0	27105.0	4161.0
6786.0	27089.0	4161.0
6788.0	27048.0	4157.2
6790.0	27007.0	4153.4
6792.0	26991.0	4153.4
6794.0	26926.0	4145.7
6796.0	26885.0	4141.9
6798.0	26845.0	4138.1
6800.0	26829.0	4138.1
6802.0	26813.0	4138.1
6804.0	26773.0	4134.3
6806.0	26732.0	4130.5
6808.0	26717.0	4130.5
6810.0	26676.0	4126.7
6812.0	26661.0	4126.7
6814.0	26596.0	4119.1
6816.0	26580.0	4119.1
6818.0	26540.0	4115.3
6820.0	26525.0	4115.3
6822.0	26485.0	4111.5
6824.0	26469.0	4111.5
6826.0	26454.0	4111.5
6828.0	26438.0	4111.5
6830.0	26399.0	4107.7
6832.0	26383.0	4107.7
6834.0	26343.0	4103.9
6836.0	26328.0	4103.9
6838.0	26264.0	4096.4
6840.0	26249.0	4096.4
6842.0	26209.0	4092.6
6844.0	26194.0	4092.6
6846.0	26203.0	4096.4
6848.0	26187.0	4096.4
6850.0	26172.0	4096.4
6852.0	26133.0	4092.6
6854.0	26118.0	4092.6
6856.0	26102.0	4092.6
6858.0	26063.0	4088.8
6860.0	26048.0	4088.8
6862.0	26033.0	4088.8
6864.0	25994.0	4085.1
6866.0	25978.0	4085.1
6868.0	25939.0	4081.3
6870.0	25924.0	4081.3
6872.0	25909.0	4081.3
6874.0	25870.0	4077.5
6876.0	25855.0	4077.5
6878.0	25840.0	4077.5
6880.0	25801.0	4073.8
6882.0	25786.0	4073.8
6884.0	25748.0	4070.0
6886.0	25733.0	4070.0
6888.0	25718.0	4070.0
6890.0	25679.0	4066.3
6892.0	25664.0	4066.3
6894.0	25626.0	4062.6
6896.0	25611.0	4062.6
6898.0	25573.0	4058.8
6900.0	25558.0	4058.8
6902.0	25543.0	4058.8
6904.0	25505.0	4055.1
6906.0	25490.0	4055.1
6908.0	25452.0	4051.3
6910.0	25437.0	4051.3
6912.0	25399.0	4047.6
6914.0	25384.0	4047.6
6916.0	25346.0	4043.9
6918.0	25331.0	4043.9
6920.0	25293.0	4040.2
6922.0	25279.0	4040.2
6924.0	25264.0	4040.2
6926.0	25226.0	4036.4
6928.0	25212.0	4036.4
6930.0	25174.0	4032.7
6932.0	25160.0	4032.7
6934.0	25122.0	4029.0
6936.0	25107.0	4029.0
6938.0	25070.0	4025.3
6940.0	25055.0	4025.3
6942.0	25018.0	4021.6
6944.0	24980.0	4017.9
6946.0	24966.0	4017.9
6948.0	24929.0	4014.2
6950.0	24914.0	4014.2
6952.0	24900.0	4014.2
6954.0	24886.0	4014.2
6956.0	24871.0	4014.2
6958.0	24834.0	4010.5
6960.0	24797.0	4006.8
6962.0	24783.0	4006.8
6964.0	24746.0	4003.1
6966.0	24686.0	3995.8
6968.0	24649.0	3992.1
6970.0	24612.0	3988.4
6972.0	24598.0	3988.4
6974.0	24584.0	3988.4
6976.0	24547.0	3984.7
6978.0	24511.0	3981.1
6980.0	24452.0	3973.7
6982.0	24438.0	3973.7
6984.0	24401.0	3970.1
6986.0	24387.0	3970.1
6988.0	24373.0	3970.1
6990.0	24337.0	3966.4
6992.0	24345.0	3970.1
6994.0	24332.0	3970.1
6996.0	24318.0	3970.1
6998.0	24304.0	3970.1
7000.0	24312.0	3973.7
7002.0	24298.0	3973.7
7004.0	24284.0	3973.7
7006.0	24315.0	3981.1
7008.0	24301.0	3981.1
7010.0	24288.0	3981.1
7012.0	24274.0	3981.1
7014.0	24260.0	3981.1
7016.0	24201.0	3973.7
7018.0	24188.0	3973.7
7020.0	24152.0	3970.1
7022.0	24116.0	3966.4
7024.0	24080.0	3962.8
7026.0	24044.0	3959.1
7028.0	24008.0	3955.5
7030.0	23950.0	3948.2
7032.0	23892.0	3940.9
7034.0	23879.0	3940.9
7036.0	23843.0	3937.3
7038.0	23764.0	3926.4
7040.0	23729.0	3922.8
7042.0	23693.0	3919.2
7044.0	23658.0	3915.6
7046.0	23623.0	3912.0
7048.0	23523.0	3897.6
7050.0	23488.0	3894.0
7052.0	23410.0	3883.3
7054.0	23310.0	3869.0
7056.0	23254.0	3861.9
7058.0	23156.0	3847.7
7060.0	23079.0	3837.1
7062.0	22981.0	3823.0
7064.0	22925.0	3815.9
7066.0	22849.0	3805.4
7068.0	22794.0	3798.4
7070.0	22781.0	3798.4
7072.0	22790.0	3801.9
7074.0	22798.0	3805.4
7076.0	22848.0	3815.9
7078.0	22877.0	3823.0
7080.0	22906.0	3830.0
7082.0	22978.0	3844.1
7084.0	22986.0	3847.7
7086.0	23015.0	3854.8
7088.0	23045.0	3861.9
7090.0	23053.0	3865.4
7092.0	23061.0	3869.0
7094.0	23048.0	3869.0
7096.0	23035.0	3869.0
7098.0	23022.0	3869.0
7100.0	23009.0	3869.0
7102.0	22975.0	3865.4
7104.0	22962.0	3865.4
7106.0	22949.0	3865.4
7108.0	22958.0	3869.0
7110.0	22945.0	3869.0
7112.0	22932.0	3869.0
7114.0	22919.0	3869.0
7116.0	22906.0	3869.0
7118.0	22893.0	3869.0
7120.0	22880.0	3869.0
7122.0	22867.0	3869.0
7124.0	22855.0	3869.0
7126.0	22821.0	3865.4
7128.0	22808.0	3865.4
7130.0	22774.0	3861.9
7132.0	22719.0	3854.8
7134.0	22686.0	3851.2
7136.0	22652.0	3847.7
7138.0	22640.0	3847.7
7140.0	22585.0	3840.6
7142.0	22552.0	3837.1
7144.0	22498.0	3830.0
7146.0	22464.0	3826.5
7148.0	22431.0	3823.0
7150.0	22398.0	3819.4
7152.0	22365.0	3815.9
7154.0	22311.0	3808.9
7156.0	22278.0	3805.4
7158.0	22245.0	3801.9
7160.0	22212.0	3798.4
7162.0	22200.0	3798.4
7164.0	22167.0	3794.9
7166.0	22155.0	3794.9
7168.0	22142.0	3794.9
7170.0	22110.0	3791.4
7172.0	22097.0	3791.4
7174.0	22085.0	3791.4
7176.0	22073.0	3791.4
7178.0	22060.0	3791.4
7180.0	22048.0	3791.4
7182.0	22056.0	3794.9
7184.0	22044.0	3794.9
7186.0	22052.0	3798.4
7188.0	22040.0	3798.4
7190.0	22048.0	3801.9
7192.0	22056.0	3805.4
7194.0	22064.0	3808.9
7196.0	22052.0	3808.9
7198.0	22039.0	3808.9
7200.0	22027.0	3808.9
7202.0	22015.0	3808.9
7204.0	21982.0	3805.4
7206.0	21970.0	3805.4
7208.0	21938.0	3801.9
7210.0	21926.0	3801.9
7212.0	21893.0	3798.4
7214.0	21881.0	3798.4
7216.0	21869.0	3798.4
7218.0	21837.0	3794.9
7220.0	21825.0	3794.9
7222.0	21792.0	3791.4
7224.0	21780.0	3791.4
7226.0	21728.0	3784.4
7228.0	21716.0	3784.4
7230.0	21684.0	3780.9
7232.0	21672.0	3780.9
7234.0	21640.0	3777.5
7236.0	21628.0	3777.5
7238.0	21616.0	3777.5
7240.0	21604.0	3777.5
7242.0	21593.0	3777.5
7244.0	21581.0	3777.5
7246.0	21569.0	3777.5
7248.0	21557.0	3777.5
7250.0	21545.0	3777.5
7252.0	21533.0	3777.5
7254.0	21501.0	3774.0
7256.0	21489.0	3774.0
7258.0	21458.0	3770.5
7260.0	21446.0	3770.5
7262.0	21395.0	3763.6
7264.0	21344.0	3756.6
7266.0	21312.0	3753.2
7268.0	21261.0	3746.3
7270.0	21191.0	3735.9
7272.0	21121.0	3725.6
7274.0	21032.0	3711.9
7276.0	20981.0	3705.1
7278.0	20893.0	3691.5
7280.0	20843.0	3684.7
7282.0	20793.0	3677.9
7284.0	20743.0	3671.1
7286.0	20694.0	3664.4
7288.0	20683.0	3664.4
7290.0	20671.0	3664.4
7292.0	20679.0	3667.8
7294.0	20687.0	3671.1
7296.0	20713.0	3677.9
7298.0	20721.0	3681.3
7300.0	20748.0	3688.1
7302.0	20737.0	3688.1
7304.0	20744.0	3691.5
7306.0	20752.0	3694.9
7308.0	20741.0	3694.9
7310.0	20768.0	3701.7
7312.0	20775.0	3705.1
7314.0	20764.0	3705.1
7316.0	20772.0	3708.5
7318.0	20760.0	3708.5
7320.0	20749.0	3708.5
7322.0	20738.0	3708.5
7324.0	20707.0	3705.1
7326.0	20696.0	3705.1
7328.0	20666.0	3701.7
7330.0	20616.0	3694.9
7332.0	20586.0	3691.5
7334.0	20556.0	3688.1
7336.0	20545.0	3688.1
7338.0	20496.0	3681.3
7340.0	20466.0	3677.9
7342.0	20417.0	3671.1
7344.0	20387.0	3667.8
7346.0	20357.0	3664.4
7348.0	20346.0	3664.4
7350.0	20335.0	3664.4
7352.0	20305.0	3661.0
7354.0	20294.0	3661.0
7356.0	20265.0	3657.6
7358.0	20254.0	3657.6
7360.0	20205.0	3650.9
7362.0	20194.0	3650.9
7364.0	20183.0	3650.9
7366.0	20154.0	3647.5
7368.0	20161.0	3650.9
7370.0	20150.0	3650.9
7372.0	20140.0	3650.9
7374.0	20166.0	3657.6
7376.0	20155.0	3657.6
7378.0	20162.0	3661.0
7380.0	20152.0	3661.0
7382.0	20141.0	3661.0
7384.0	20130.0	3661.0
7386.0	20119.0	3661.0
7388.0	20089.0	3657.6
7390.0	20079.0	3657.6
7392.0	20031.0	3650.9
7394.0	19983.0	3644.2
7396.0	19954.0	3640.8
7398.0	19943.0	3640.8
7400.0	19896.0	3634.1
7402.0	19848.0	3627.4
7404.0	19819.0	3624.1
7406.0	19790.0	3620.8
7408.0	19780.0	3620.8
7410.0	19769.0	3620.8
7412.0	19740.0	3617.4
7414.0	19711.0	3614.1
7416.0	19701.0	3614.1
7418.0	19654.0	3607.4
7420.0	19643.0	3607.4
7422.0	19633.0	3607.4
7424.0	19622.0	3607.4
7426.0	19611.0	3607.4
7428.0	19601.0	3607.4
7430.0	19590.0	3607.4
7432.0	19580.0	3607.4
7434.0	19569.0	3607.4
7436.0	19541.0	3604.1
7438.0	19530.0	3604.1
7440.0	19502.0	3600.8
7442.0	19491.0	3600.8
7444.0	19463.0	3597.5
7446.0	19452.0	3597.5
7448.0	19424.0	3594.2
7450.0	19414.0	3594.2
7452.0	19385.0	3590.9
7454.0	19339.0	3584.3
7456.0	19311.0	3581.0
7458.0	19301.0	3581.0
7460.0	19273.0	3577.7
7462.0	19262.0	3577.7
7464.0	19252.0	3577.7
7466.0	19224.0	3574.4
7468.0	19214.0	3574.4
7470.0	19186.0	3571.1
7472.0	19175.0	3571.1
7474.0	19148.0	3567.8
7476.0	19137.0	3567.8
7478.0	19092.0	3561.2
7480.0	19082.0	3561.2
7482.0	19054.0	3557.9
7484.0	19044.0	3557.9
7486.0	19034.0	3557.9
7488.0	19006.0	3554.7
7490.0	18996.0	3554.7
7492.0	18986.0	3554.7
7494.0	18975.0	3554.7
7496.0	18948.0	3551.4
7498.0	18938.0	3551.4
7500.0	18910.0	3548.1
7502.0	18900.0	3548.1
7504.0	18890.0	3548.1
7506.0	18845.0	3541.6
7508.0	18835.0	3541.6
7510.0	18825.0	3541.6
7512.0	18798.0	3538.3
7514.0	18788.0	3538.3
7516.0	18761.0	3535.1
7518.0	18751.0	3535.1
7520.0	18723.0	3531.8
7522.0	18713.0	3531.8
7524.0	18703.0	3531.8
7526.0	18659.0	3525.3
7528.0	18615.0	3518.8
7530.0	18588.0	3515.6
7532.0	18578.0	3515.6
7534.0	18568.0	3515.6
7536.0	18558.0	3515.6
7538.0	18531.0	3512.4
7540.0	18522.0	3512.4
7542.0	18512.0	3512.4
7544.0	18502.0	3512.4
7546.0	18475.0	3509.1
7548.0	18465.0	3509.1
7550.0	18405.0	3499.5
7552.0	18395.0	3499.5
7554.0	18368.0	3496.2
7556.0	18358.0	3496.2
7558.0	18332.0	3493.0
7560.0	18305.0	3489.8
7562.0	18296.0	3489.8
7564.0	18269.0	3486.6
7566.0	18259.0	3486.6
7568.0	18233.0	3483.4
7570.0	18207.0	3480.2
7572.0	18197.0	3480.2
7574.0	18171.0	3477.0
7576.0	18161.0	3477.0
7578.0	18135.0	3473.8
7580.0	18125.0	3473.8
7582.0	18099.0	3470.6
7584.0	18073.0	3467.4
7586.0	18063.0	3467.4
7588.0	18037.0	3464.2
7590.0	18028.0	3464.2
7592.0	18001.0	3461.0
7594.0	17992.0	3461.0
7596.0	17966.0	3457.8
7598.0	17957.0	3457.8
7600.0	17931.0	3454.6
7602.0	17921.0	3454.6
7604.0	17895.0	3451.4
7606.0	17886.0	3451.4
7608.0	17860.0	3448.3
7610.0	17851.0	3448.3
7612.0	17825.0	3445.1
7614.0	17815.0	3445.1
7616.0	17790.0	3441.9
7618.0	17780.0	3441.9
7620.0	17755.0	3438.7
7622.0	17745.0	3438.7
7624.0	17736.0	3438.7
7626.0	17710.0	3435.6
7628.0	17701.0	3435.6
7630.0	17676.0	3432.4
7632.0	17666.0	3432.4
7634.0	17641.0	3429.3
7636.0	17632.0	3429.3
7638.0	17622.0	3429.3
7640.0	17597.0	3426.1
7642.0	17588.0	3426.1
7644.0	17578.0	3426.1
7646.0	17553.0	3422.9
7648.0	17544.0	3422.9
7650.0	17518.0	3419.8
7652.0	17509.0	3419.8
7654.0	17500.0	3419.8
7656.0	17475.0	3416.6
7658.0	17466.0	3416.6
7660.0	17457.0	3416.6
7662.0	17432.0	3413.5
7664.0	17422.0	3413.5
7666.0	17413.0	3413.5
7668.0	17388.0	3410.4
7670.0	17379.0	3410.4
7672.0	17370.0	3410.4
7674.0	17345.0	3407.2
7676.0	17336.0	3407.2
7678.0	17327.0	3407.2
7680.0	17302.0	3404.1
7682.0	17293.0	3404.1
7684.0	17284.0	3404.1
7686.0	17275.0	3404.1
7688.0	17250.0	3400.9
7690.0	17241.0	3400.9
7692.0	17201.0	3394.7
7694.0	17192.0	3394.7
7696.0	17183.0	3394.7
7698.0	17174.0	3394.7
7700.0	17165.0	3394.7
7702.0	17156.0	3394.7
7704.0	17147.0	3394.7
7706.0	17138.0	3394.7
7708.0	17129.0	3394.7
7710.0	17120.0	3394.7
7712.0	17111.0	3394.7
7714.0	17103.0	3394.7
7716.0	17078.0	3391.6
7718.0	17069.0	3391.6
7720.0	17045.0	3388.4
7722.0	17036.0	3388.4
7724.0	17011.0	3385.3
7726.0	17002.0	3385.3
7728.0	16978.0	3382.2
7730.0	16954.0	3379.1
7732.0	16945.0	3379.1
7734.0	16905.0	3372.9
7736.0	16881.0	3369.8
7738.0	16872.0	3369.8
7740.0	16863.0	3369.8
7742.0	16839.0	3366.7
7744.0	16830.0	3366.7
7746.0	16822.0	3366.7
7748.0	16813.0	3366.7
7750.0	16804.0	3366.7
7752.0	16796.0	3366.7
7754.0	16787.0	3366.7
7756.0	16778.0	3366.7
7758.0	16770.0	3366.7
7760.0	16761.0	3366.7
7762.0	16737.0	3363.6
7764.0	16713.0	3360.5
7766.0	16704.0	3360.5
7768.0	16665.0	3354.3
7770.0	16656.0	3354.3
7772.0	16632.0	3351.2
7774.0	16624.0	3351.2
7776.0	16615.0	3351.2
7778.0	16591.0	3348.1
7780.0	16583.0	3348.1
7782.0	16574.0	3348.1
7784.0	16551.0	3345.0
7786.0	16542.0	3345.0
7788.0	16534.0	3345.0
7790.0	16525.0	3345.0
7792.0	16517.0	3345.0
7794.0	16493.0	3342.0
7796.0	16469.0	3338.9
7798.0	16431.0	3332.7
7800.0	16422.0	3332.7
7802.0	16399.0	3329.7
7804.0	16375.0	3326.6
7806.0	16367.0	3326.6
7808.0	16343.0	3323.5
7810.0	16320.0	3320.5
7812.0	16297.0	3317.4
7814.0	16258.0	3311.3
7816.0	16235.0	3308.3
7818.0	16212.0	3305.2
7820.0	16203.0	3305.2
7822.0	16195.0	3305.2
7824.0	16187.0	3305.2
7826.0	16179.0	3305.2
7828.0	16155.0	3302.2
7830.0	16147.0	3302.2
7832.0	16124.0	3299.1
7834.0	16116.0	3299.1
7836.0	16108.0	3299.1
7838.0	16070.0	3293.1
7840.0	16062.0	3293.1
7842.0	16053.0	3293.1
7844.0	16045.0	3293.1
7846.0	16037.0	3293.1
7848.0	16014.0	3290.0
7850.0	16006.0	3290.0
7852.0	15998.0	3290.0
7854.0	15990.0	3290.0
7856.0	15967.0	3287.0
7858.0	15959.0	3287.0
7860.0	15951.0	3287.0
7862.0	15942.0	3287.0
7864.0	15934.0	3287.0
7866.0	15926.0	3287.0
7868.0	15918.0	3287.0
7870.0	15910.0	3287.0
7872.0	15887.0	3284.0
7874.0	15879.0	3284.0
7876.0	15871.0	3284.0
7878.0	15849.0	3281.0
7880.0	15841.0	3281.0
7882.0	15818.0	3277.9
7884.0	15781.0	3271.9
7886.0	15773.0	3271.9
7888.0	15750.0	3268.9
7890.0	15728.0	3265.9
7892.0	15720.0	3265.9
7894.0	15712.0	3265.9
7896.0	15689.0	3262.9
7898.0	15667.0	3259.9
7900.0	15659.0	3259.9
7902.0	15622.0	3253.9
7904.0	15614.0	3253.9
7906.0	15607.0	3253.9
7908.0	15599.0	3253.9
7910.0	15576.0	3250.9
7912.0	15569.0	3250.9
7914.0	15561.0	3250.9
7916.0	15553.0	3250.9
7918.0	15531.0	3247.9
7920.0	15523.0	3247.9
7922.0	15515.0	3247.9
7924.0	15507.0	3247.9
7926.0	15485.0	3244.9
7928.0	15477.0	3244.9
7930.0	15469.0	3244.9
7932.0	15462.0	3244.9
7934.0	15454.0	3244.9
7936.0	15446.0	3244.9
7938.0	15438.0	3244.9
7940.0	15431.0	3244.9
7942.0	15423.0	3244.9
7944.0	15415.0	3244.9
7946.0	15407.0	3244.9
7948.0	15385.0	3241.9
7950.0	15378.0	3241.9
7952.0	15356.0	3238.9
7954.0	15348.0	3238.9
7956.0	15312.0	3233.0
7958.0	15290.0	3230.0
7960.0	15282.0	3230.0
7962.0	15261.0	3227.0
7964.0	15253.0	3227.0
7966.0	15245.0	3227.0
7968.0	15224.0	3224.0
7970.0	15202.0	3221.1
7972.0	15166.0	3215.1
7974.0	15159.0	3215.1
7976.0	15137.0	3212.2
7978.0	15116.0	3209.2
7980.0	15108.0	3209.2
7982.0	15087.0	3206.3
7984.0	15079.0	3206.3
7986.0	15072.0	3206.3
7988.0	15050.0	3203.3
7990.0	15043.0	3203.3
7992.0	15021.0	3200.4
7994.0	15014.0	3200.4
7996.0	15006.0	3200.4
7998.0	14971.0	3194.5
8000.0	14964.0	3194.5
8002.0	14956.0	3194.5
8004.0	14949.0	3194.5
8006.0	14941.0	3194.5
8008.0	14934.0	3194.5
8010.0	14926.0	3194.5
8012.0	14919.0	3194.5
8014.0	14912.0	3194.5
8016.0	14890.0	3191.5
8018.0	14883.0	3191.5
8020.0	14862.0	3188.6
8022.0	14854.0	3188.6
8024.0	14847.0	3188.6
8026.0	14826.0	3185.7
8028.0	14805.0	3182.7
8030.0	14798.0	3182.7
8032.0	14777.0	3179.8
8034.0	14742.0	3173.9
8036.0	14735.0	3173.9
8038.0	14714.0	3171.0
8040.0	14693.0	3168.1
8042.0	14686.0	3168.1
8044.0	14678.0	3168.1
8046.0	14671.0	3168.1
8048.0	14664.0	3168.1
8050.0	14643.0	3165.2
8052.0	14636.0	3165.2
8054.0	14628.0	3165.2
8056.0	14621.0	3165.2
8058.0	14614.0	3165.2
8060.0	14593.0	3162.3
8062.0	14586.0	3162.3
8064.0	14579.0	3162.3
8066.0	14545.0	3156.5
8068.0	14538.0	3156.5
8070.0	14530.0	3156.5
8072.0	14523.0	3156.5
8074.0	14516.0	3156.5
8076.0	14509.0	3156.5
8078.0	14488.0	3153.6
8080.0	14481.0	3153.6
8082.0	14474.0	3153.6
8084.0	14467.0	3153.6
8086.0	14460.0	3153.6
8088.0	14439.0	3150.6
8090.0	14432.0	3150.6
8092.0	14425.0	3150.6
8094.0	14404.0	3147.7
8096.0	14397.0	3147.7
8098.0	14390.0	3147.7
8100.0	14383.0	3147.7
8102.0	14376.0	3147.7
8104.0	14369.0	3147.7
8106.0	14362.0	3147.7
8108.0	14355.0	3147.7
8110.0	14334.0	3144.8
8112.0	14327.0	3144.8
8114.0	14320.0	3144.8
8116.0	14313.0	3144.8
8118.0	14293.0	3142.0
8120.0	14286.0	3142.0
8122.0	14253.0	3136.2
8124.0	14246.0	3136.2
8126.0	14239.0	3136.2
8128.0	14218.0	3133.3
8130.0	14211.0	3133.3
8132.0	14204.0	3133.3
8134.0	14197.0	3133.3
8136.0	14204.0	3136.2
8138.0	14197.0	3136.2
8140.0	14190.0	3136.2
8142.0	14209.0	3142.0
8144.0	14202.0	3142.0
8146.0	14195.0	3142.0
8148.0	14188.0	3142.0
8150.0	14181.0	3142.0
8152.0	14174.0	3142.0
8154.0	14167.0	3142.0
8156.0	14160.0	3142.0
8158.0	14127.0	3136.2
8160.0	14120.0	3136.2
8162.0	14100.0	3133.3
8164.0	14080.0	3130.4
8166.0	14074.0	3130.4
8168.0	14067.0	3130.4
8170.0	14047.0	3127.5
8172.0	14027.0	3124.6
8174.0	14020.0	3124.6
8176.0	13987.0	3118.9
8178.0	13981.0	3118.9
8180.0	13961.0	3116.0
8182.0	13954.0	3116.0
8184.0	13934.0	3113.2
8186.0	13915.0	3110.3
8188.0	13908.0	3110.3
8190.0	13901.0	3110.3
8192.0	13894.0	3110.3
8194.0	13875.0	3107.4
8196.0	13868.0	3107.4
8198.0	13849.0	3104.6
8200.0	13842.0	3104.6
8202.0	13810.0	3098.8
8204.0	13803.0	3098.8
8206.0	13796.0	3098.8
8208.0	13789.0	3098.8
8210.0	13783.0	3098.8
8212.0	13801.0	3104.6
8214.0	13795.0	3104.6
8216.0	13788.0	3104.6
8218.0	13794.0	3107.4
8220.0	13749.0	3098.8
8222.0	13730.0	3096.0
8224.0	13711.0	3093.1
8226.0	13679.0	3087.4
8228.0	13634.0	3078.9
8230.0	13603.0	3073.3
8232.0	13596.0	3073.3
8234.0	13577.0	3070.4
8236.0	13558.0	3067.6
8238.0	13551.0	3067.6
8240.0	13557.0	3070.4
8242.0	13563.0	3073.3
8244.0	13556.0	3073.3
8246.0	13550.0	3073.3
8248.0	13543.0	3073.3
8250.0	13537.0	3073.3
8252.0	13530.0	3073.3
8254.0	13511.0	3070.4
8256.0	13492.0	3067.6
8258.0	13461.0	3062.0
8260.0	13442.0	3059.1
8262.0	13423.0	3056.3
8264.0	13417.0	3056.3
8266.0	13410.0	3056.3
8268.0	13404.0	3056.3
8270.0	13397.0	3056.3
8272.0	13403.0	3059.1
8274.0	13384.0	3056.3
8276.0	13378.0	3056.3
8278.0	13371.0	3056.3
8280.0	13365.0	3056.3
8282.0	13346.0	3053.5
8284.0	13327.0	3050.7
8286.0	13321.0	3050.7
8288.0	13314.0	3050.7
8290.0	13296.0	3047.9
8292.0	13289.0	3047.9
8294.0	13258.0	3042.3
8296.0	13240.0	3039.5
8298.0	13233.0	3039.5
8300.0	13227.0	3039.5
8302.0	13209.0	3036.7
8304.0	13202.0	3036.7
8306.0	13196.0	3036.7
8308.0	13190.0	3036.7
8310.0	13183.0	3036.7
8312.0	13177.0	3036.7
8314.0	13170.0	3036.7
8316.0	13164.0	3036.7
8318.0	13158.0	3036.7
8320.0	13152.0	3036.7
8322.0	13133.0	3033.9
8324.0	13127.0	3033.9
8326.0	13108.0	3031.1
8328.0	13078.0	3025.5
8330.0	13072.0	3025.5
8332.0	13053.0	3022.7
8334.0	13035.0	3019.9
8336.0	13017.0	3017.2
8338.0	12999.0	3014.4
8340.0	12957.0	3006.1
8342.0	12938.0	3003.3
8344.0	12920.0	3000.5
8346.0	12914.0	3000.5
8348.0	12908.0	3000.5
8350.0	12890.0	2997.8
8352.0	12872.0	2995.0
8354.0	12842.0	2989.5
8356.0	12824.0	2986.7
8358.0	12806.0	2984.0
8360.0	12788.0	2981.3
8362.0	12782.0	2981.3
8364.0	12764.0	2978.5
8366.0	12758.0	2978.5
8368.0	12764.0	2981.3
8370.0	12758.0	2981.3
8372.0	12752.0	2981.3
8374.0	12745.0	2981.3
8376.0	12739.0	2981.3
8378.0	12733.0	2981.3
8380.0	12727.0	2981.3
8382.0	12709.0	2978.5
8384.0	12703.0	2978.5
8386.0	12686.0	2975.8
8388.0	12680.0	2975.8
8390.0	12650.0	2970.3
8392.0	12644.0	2970.3
8394.0	12626.0	2967.6
8396.0	12609.0	2964.8
8398.0	12603.0	2964.8
8400.0	12597.0	2964.8
8402.0	12591.0	2964.8
8404.0	12573.0	2962.1
8406.0	12567.0	2962.1
8408.0	12561.0	2962.1
8410.0	12555.0	2962.1
8412.0	12549.0	2962.1
8414.0	12543.0	2962.1
8416.0	12537.0	2962.1
8418.0	12520.0	2959.4
8420.0	12514.0	2959.4
8422.0	12497.0	2956.7
8424.0	12468.0	2951.2
8426.0	12462.0	2951.2
8428.0	12444.0	2948.5
8430.0	12427.0	2945.8
8432.0	12421.0	2945.8
8434.0	12415.0	2945.8
8436.0	12409.0	2945.8
8438.0	12392.0	2943.1
8440.0	12375.0	2940.4
8442.0	12369.0	2940.4
8444.0	12340.0	2934.9
8446.0	12334.0	2934.9
8448.0	12317.0	2932.2
8450.0	12311.0	2932.2
8452.0	12294.0	2929.5
8454.0	12288.0	2929.5
8456.0	12283.0	2929.5
8458.0	12277.0	2929.5
8460.0	12271.0	2929.5
8462.0	12265.0	2929.5
8464.0	12259.0	2929.5
8466.0	12254.0	2929.5
8468.0	12259.0	2932.2
8470.0	12253.0	2932.2
8472.0	12248.0	2932.2
8474.0	12253.0	2934.9
8476.0	12247.0	2934.9
8478.0	12241.0	2934.9
8480.0	12236.0	2934.9
8482.0	12219.0	2932.2
8484.0	12213.0	2932.2
8486.0	12207.0	2932.2
8488.0	12201.0	2932.2
8490.0	12196.0	2932.2
8492.0	12190.0	2932.2
8494.0	12173.0	2929.5
8496.0	12167.0	2929.5
8498.0	12161.0	2929.5
8500.0	12156.0	2929.5
8502.0	12139.0	2926.8
8504.0	12133.0	2926.8
8506.0	12116.0	2924.1
8508.0	12099.0	2921.5
8510.0	12094.0	2921.5
8512.0	12088.0	2921.5
8514.0	12082.0	2921.5
8516.0	12088.0	2924.1
8518.0	12093.0	2926.8
8520.0	12099.0	2929.5
8522.0	12093.0	2929.5
8524.0	12110.0	2934.9
8526.0	12126.0	2940.4
8528.0	12143.0	2945.8
8530.0	12148.0	2948.5
8532.0	12154.0	2951.2
8534.0	12182.0	2959.4
8536.0	12187.0	2962.1
8538.0	12182.0	2962.1
8540.0	12176.0	2962.1
8542.0	12159.0	2959.4
8544.0	12142.0	2956.7
8546.0	12103.0	2948.5
8548.0	12086.0	2945.8
8550.0	12058.0	2940.4
8552.0	12019.0	2932.2
8554.0	11992.0	2926.8
8556.0	11964.0	2921.5
8558.0	11925.0	2913.4
8560.0	11909.0	2910.7
8562.0	11881.0	2905.4
8564.0	11843.0	2897.3
8566.0	11827.0	2894.7
8568.0	11810.0	2892.0
8570.0	11805.0	2892.0
8572.0	11778.0	2886.7
8574.0	11750.0	2881.4
8576.0	11734.0	2878.7
8578.0	11718.0	2876.1
8580.0	11691.0	2870.8
8582.0	11653.0	2862.8
8584.0	11637.0	2860.2
8586.0	11621.0	2857.6
8588.0	11594.0	2852.3
8590.0	11567.0	2847.1
8592.0	11551.0	2844.5
8594.0	11535.0	2841.8
8596.0	11530.0	2841.8
8598.0	11525.0	2841.8
8600.0	11519.0	2841.8
8602.0	11514.0	2841.8
8604.0	11509.0	2841.8
8606.0	11514.0	2844.5
8608.0	11519.0	2847.1
8610.0	11546.0	2855.0
8612.0	11551.0	2857.6
8614.0	11545.0	2857.6
8616.0	11561.0	2862.8
8618.0	11567.0	2865.5
8620.0	11583.0	2870.8
8622.0	11588.0	2873.4
8624.0	11593.0	2876.1
8626.0	11588.0	2876.1
8628.0	11582.0	2876.1
8630.0	11577.0	2876.1
8632.0	11572.0	2876.1
8634.0	11566.0	2876.1
8636.0	11561.0	2876.1
8638.0	11556.0	2876.1
8640.0	11550.0	2876.1
8642.0	11534.0	2873.4
8644.0	11529.0	2873.4
8646.0	11524.0	2873.4
8648.0	11508.0	2870.8
8650.0	11502.0	2870.8
8652.0	11476.0	2865.5
8654.0	11460.0	2862.8
8656.0	11444.0	2860.2
8658.0	11428.0	2857.6
8660.0	11423.0	2857.6
8662.0	11407.0	2855.0
8664.0	11392.0	2852.3
8666.0	11355.0	2844.5
8668.0	11339.0	2841.8
8670.0	11334.0	2841.8
8672.0	11329.0	2841.8
8674.0	11313.0	2839.2
8676.0	11308.0	2839.2
8678.0	11313.0	2841.8
8680.0	11308.0	2841.8
8682.0	11303.0	2841.8
8684.0	11308.0	2844.5
8686.0	11313.0	2847.1
8688.0	11329.0	2852.3
8690.0	11334.0	2855.0
8692.0	11339.0	2857.6
8694.0	11334.0	2857.6
8696.0	11329.0	2857.6
8698.0	11324.0	2857.6
8700.0	11318.0	2857.6
8702.0	11313.0	2857.6
8704.0	11308.0	2857.6
8706.0	11303.0	2857.6
8708.0	11298.0	2857.6
8710.0	11292.0	2857.6
8712.0	11277.0	2855.0
8714.0	11261.0	2852.3
8716.0	11235.0	2847.1
8718.0	11210.0	2841.8
8720.0	11194.0	2839.2
8722.0	11148.0	2828.8
8724.0	11122.0	2823.6
8726.0	11097.0	2818.4
8728.0	11051.0	2808.0
8730.0	11025.0	2802.8
8732.0	10980.0	2792.5
8734.0	10944.0	2784.8
8736.0	10899.0	2774.6
8738.0	10884.0	2772.0
8740.0	10839.0	2761.9
8742.0	10814.0	2756.8
8744.0	10799.0	2754.2
8746.0	10785.0	2751.7
8748.0	10750.0	2744.1
8750.0	10735.0	2741.6
8752.0	10720.0	2739.1
8754.0	10715.0	2739.1
8756.0	10711.0	2739.1
8758.0	10715.0	2741.6
8760.0	10720.0	2744.1
8762.0	10735.0	2749.2
8764.0	10740.0	2751.7
8766.0	10745.0	2754.2
8768.0	10750.0	2756.8
8770.0	10765.0	2761.9
8772.0	10780.0	2766.9
8774.0	10795.0	2772.0
8776.0	10800.0	2774.6
8778.0	10805.0	2777.2
8780.0	10830.0	2784.8
8782.0	10835.0	2787.4
8784.0	10840.0	2790.0
8786.0	10845.0	2792.5
8788.0	10850.0	2795.1
8790.0	10865.0	2800.3
8792.0	10870.0	2802.8
8794.0	10875.0	2805.4
8796.0	10871.0	2805.4
8798.0	10866.0	2805.4
8800.0	10861.0	2805.4
8802.0	10856.0	2805.4
8804.0	10851.0	2805.4
8806.0	10846.0	2805.4
8808.0	10841.0	2805.4
8810.0	10836.0	2805.4
8812.0	10831.0	2805.4
8814.0	10826.0	2805.4
8816.0	10811.0	2802.8
8818.0	10796.0	2800.3
8820.0	10772.0	2795.1
8822.0	10757.0	2792.5
8824.0	10742.0	2790.0
8826.0	10727.0	2787.4
8828.0	10713.0	2784.8
8830.0	10688.0	2779.7
8832.0	10664.0	2774.6
8834.0	10649.0	2772.0
8836.0	10634.0	2769.5
8838.0	10620.0	2766.9
8840.0	10576.0	2756.8
8842.0	10552.0	2751.7
8844.0	10518.0	2744.1
8846.0	10484.0	2736.5
8848.0	10431.0	2724.0
8850.0	10398.0	2716.4
8852.0	10355.0	2706.4
8854.0	10312.0	2696.5
8856.0	10279.0	2689.1
8858.0	10255.0	2684.1
8860.0	10232.0	2679.2
8862.0	10208.0	2674.2
8864.0	10204.0	2674.2
8866.0	10209.0	2676.7
8868.0	10213.0	2679.2
8870.0	10237.0	2686.6
8872.0	10251.0	2691.5
8874.0	10266.0	2696.5
8876.0	10299.0	2706.4
8878.0	10313.0	2711.4
8880.0	10356.0	2724.0
8882.0	10370.0	2729.0
8884.0	10404.0	2739.1
8886.0	10419.0	2744.1
8888.0	10452.0	2754.2
8890.0	10457.0	2756.8
8892.0	10472.0	2761.9
8894.0	10486.0	2766.9
8896.0	10491.0	2769.5
8898.0	10496.0	2772.0
8900.0	10492.0	2772.0
8902.0	10468.0	2766.9
8904.0	10444.0	2761.9
8906.0	10420.0	2756.8
8908.0	10405.0	2754.2
8910.0	10382.0	2749.2
8912.0	10348.0	2741.6
8914.0	10334.0	2739.1
8916.0	10311.0	2734.0
8918.0	10277.0	2726.5
8920.0	10263.0	2724.0
8922.0	10249.0	2721.4
8924.0	10226.0	2716.4
8926.0	10202.0	2711.4
8928.0	10189.0	2708.9
8930.0	10175.0	2706.4
8932.0	10161.0	2704.0
8934.0	10147.0	2701.5
8936.0	10124.0	2696.5
8938.0	10110.0	2694.0
8940.0	10087.0	2689.1
8942.0	10082.0	2689.1
8944.0	10068.0	2686.6
8946.0	10055.0	2684.1
8948.0	10022.0	2676.7
8950.0	10009.0	2674.2
8952.0	10004.0	2674.2
8954.0	9990.5	2671.8
8956.0	9976.9	2669.3
8958.0	9972.4	2669.3
8960.0	9949.6	2664.4
8962.0	9936.0	2661.9
8964.0	9922.4	2659.5
8966.0	9918.0	2659.5
8968.0	9904.4	2657.1
8970.0	9900.0	2657.1
8972.0	9895.6	2657.1
8974.0	9882.1	2654.6
8976.0	9868.6	2652.2
8978.0	9846.0	2647.3
8980.0	9832.6	2644.8
8982.0	9819.2	2642.4
8984.0	9796.7	2637.5
8986.0	9756.4	2627.8
8988.0	9734.1	2623.0
8990.0	9685.0	2611.0
8992.0	9662.9	2606.2
8994.0	9623.1	2596.6
8996.0	9601.1	2591.8
8998.0	9561.5	2582.3
9000.0	9539.7	2577.5
9002.0	9500.4	2568.0
9004.0	9470.0	2560.9
9006.0	9422.3	2549.2
9008.0	9400.8	2544.5
9010.0	9362.0	2535.1
9012.0	9340.7	2530.5
9014.0	9302.1	2521.1
9016.0	9298.0	2521.1
9018.0	9293.9	2521.1
9020.0	9281.3	2518.8
9022.0	9285.7	2521.1
9024.0	9281.6	2521.1
9026.0	9294.6	2525.8
9028.0	9299.0	2528.1
9030.0	9294.9	2528.1
9032.0	9299.4	2530.5
9034.0	9303.8	2532.8
9036.0	9299.7	2532.8
9038.0	9304.1	2535.1
9040.0	9308.6	2537.5
9042.0	9304.5	2537.5
9044.0	9317.5	2542.1
9046.0	9313.4	2542.1
9048.0	9317.8	2544.5
9050.0	9322.3	2546.8
9052.0	9326.8	2549.2
9054.0	9339.8	2553.9
9056.0	9352.9	2558.6
9058.0	9366.1	2563.3
9060.0	9370.5	2565.7
9062.0	9375.0	2568.0
9064.0	9396.8	2575.1
9066.0	9401.3	2577.5
9068.0	9405.9	2579.9
9070.0	9410.3	2582.3
9072.0	9414.9	2584.6
9074.0	9428.1	2589.4
9076.0	9432.6	2591.8
9078.0	9437.1	2594.2
9080.0	9441.7	2596.6
9082.0	9446.2	2599.0
9084.0	9459.5	2603.8
9086.0	9472.7	2608.5
9088.0	9477.3	2611.0
9090.0	9473.1	2611.0
9092.0	9486.4	2615.8
9094.0	9499.7	2620.6
9096.0	9495.5	2620.6
9098.0	9491.4	2620.6
9100.0	9495.9	2623.0
9102.0	9483.0	2620.6
9104.0	9461.4	2615.8
9106.0	9457.2	2615.8
9108.0	9453.1	2615.8
9110.0	9448.9	2615.8
9112.0	9462.2	2620.6
9114.0	9466.8	2623.0
9116.0	9471.3	2625.4
9118.0	9467.2	2625.4
9120.0	9463.0	2625.4
9122.0	9467.6	2627.8
9124.0	9463.5	2627.8
9126.0	9468.0	2630.3
9128.0	9481.4	2635.1
9130.0	9477.2	2635.1
9132.0	9481.8	2637.5
9134.0	9486.4	2640.0
9136.0	9490.9	2642.4
9138.0	9486.8	2642.4
9140.0	9482.6	2642.4
9142.0	9487.2	2644.8
9144.0	9491.8	2647.3
9146.0	9505.1	2652.2
9148.0	9501.0	2652.2
9150.0	9496.8	2652.2
9152.0	9492.7	2652.2
9154.0	9488.5	2652.2
9156.0	9493.1	2654.6
9158.0	9489.0	2654.6
9160.0	9493.6	2657.1
9162.0	9498.2	2659.5
9164.0	9511.5	2664.4
9166.0	9533.7	2671.8
9168.0	9529.5	2671.8
9170.0	9525.4	2671.8
9172.0	9521.2	2671.8
9174.0	9508.3	2669.3
9176.0	9486.7	2664.4
9178.0	9473.8	2661.9
9180.0	9460.9	2659.5
9182.0	9448.1	2657.1
9184.0	9444.0	2657.1
9186.0	9431.2	2654.6
9188.0	9427.1	2654.6
9190.0	9414.3	2652.2
9192.0	9392.9	2647.3
9194.0	9388.8	2647.3
9196.0	9376.1	2644.8
9198.0	9363.4	2642.4
9200.0	9350.7	2640.0
