3300.0	598950.0	21757.0
3316.0	598120.0	21938.0
3332.0	589670.0	21837.0
3348.0	591090.0	22100.0
3364.0	584400.0	22060.0
3380.0	583160.0	22223.0
3396.0	583560.0	22449.0
3412.0	581840.0	22594.0
3428.0	575890.0	22574.0
3444.0	568980.0	22511.0
3460.0	562170.0	22449.0
3476.0	561130.0	22615.0
3492.0	554970.0	22574.0
3508.0	556550.0	22845.0
3524.0	563310.0	23334.0
3540.0	562880.0	23529.0
3556.0	556800.0	23486.0
3572.0	553860.0	23572.0
3588.0	554010.0	23790.0
3604.0	555710.0	24077.0
3620.0	557960.0	24389.0
3636.0	561270.0	24751.0
3652.0	562550.0	25026.0
3668.0	561770.0	25211.0
3684.0	569350.0	25775.0
3700.0	596510.0	27240.0
3716.0	649630.0	29923.0
3732.0	715380.0	33235.0
3748.0	792170.0	37119.0
3764.0	882920.0	41725.0
3780.0	1010700.0	48173.0
3796.0	1008700.0	48484.0
3812.0	1211500.0	58722.0
3828.0	1039600.0	50816.0
3844.0	1270700.0	62633.0
3860.0	1453600.0	72244.0
3876.0	1176100.0	58939.0
3892.0	1123200.0	56754.0
3908.0	1471300.0	74955.0
3924.0	1516900.0	77911.0
3940.0	1432900.0	74199.0
3956.0	1162800.0	60701.0
3972.0	1042300.0	54853.0
3988.0	1411600.0	74886.0
4004.0	1539700.0	82338.0
4020.0	1555900.0	83869.0
4036.0	1553500.0	84411.0
4052.0	1524300.0	83483.0
4068.0	1445600.0	79800.0
4084.0	1193000.0	66374.0
4100.0	955990.0	53604.0
4116.0	1232200.0	69630.0
4132.0	1422000.0	80984.0
4148.0	1462700.0	83946.0
4164.0	1438100.0	83176.0
4180.0	1419300.0	82718.0
4196.0	1409800.0	82794.0
4212.0	1391400.0	82338.0
4228.0	1364400.0	81358.0
4244.0	1346700.0	80909.0
4260.0	1334100.0	80760.0
4276.0	1309600.0	79873.0
4292.0	1265600.0	77768.0
4308.0	1194200.0	73926.0
4324.0	992310.0	61887.0
4340.0	802860.0	50443.0
4356.0	1035300.0	65524.0
4372.0	1184300.0	75509.0
4388.0	1197500.0	76913.0
4404.0	1200900.0	77696.0
4420.0	1200000.0	78199.0
4436.0	1190200.0	78127.0
4452.0	1168700.0	77268.0
4468.0	1151800.0	76700.0
4484.0	1139400.0	76419.0
4500.0	1145000.0	77339.0
4516.0	1131700.0	76984.0
4532.0	1119500.0	76700.0
4548.0	1103500.0	76138.0
4564.0	1100900.0	76489.0
4580.0	1091200.0	76348.0
4596.0	1087600.0	76630.0
4612.0	1083000.0	76842.0
4628.0	1070600.0	76489.0
4644.0	1067200.0	76772.0
4660.0	1055000.0	76419.0
4676.0	1043900.0	76138.0
4692.0	1036800.0	76138.0
4708.0	1023200.0	75648.0
4724.0	1016300.0	75648.0
4740.0	1003800.0	75232.0
4756.0	991600.0	74817.0
4772.0	975930.0	74131.0
4788.0	973000.0	74404.0
4804.0	959440.0	73859.0
4820.0	935680.0	72510.0
4836.0	866660.0	67608.0
4852.0	677610.0	53211.0
4868.0	633460.0	50073.0
4884.0	821240.0	65343.0
4900.0	889670.0	71253.0
4916.0	896180.0	72244.0
4932.0	892840.0	72444.0
4948.0	891170.0	72778.0
4964.0	882990.0	72577.0
4980.0	871690.0	72111.0
4996.0	860550.0	71647.0
5012.0	843330.0	70664.0
5028.0	836430.0	70534.0
5044.0	828840.0	70340.0
5060.0	824360.0	70404.0
5076.0	816920.0	70210.0
5092.0	814040.0	70404.0
5108.0	808940.0	70404.0
5124.0	800940.0	70145.0
5140.0	793040.0	69888.0
5156.0	782340.0	69374.0
5172.0	767550.0	68486.0
5188.0	765630.0	68738.0
5204.0	764440.0	69056.0
5220.0	758370.0	68929.0
5236.0	749590.0	68549.0
5252.0	746400.0	68675.0
5268.0	734390.0	67983.0
5284.0	731300.0	68108.0
5300.0	732940.0	68675.0
5316.0	720530.0	67920.0
5332.0	713580.0	67671.0
5348.0	714560.0	68171.0
5364.0	710960.0	68234.0
5380.0	704130.0	67983.0
5396.0	698680.0	67858.0
5412.0	690720.0	67484.0
5428.0	683500.0	67174.0
5444.0	683260.0	67546.0
5460.0	678630.0	67484.0
5476.0	672190.0	67236.0
5492.0	667050.0	67112.0
5508.0	661350.0	66927.0
5524.0	653900.0	66558.0
5540.0	648930.0	66435.0
5556.0	645800.0	66497.0
5572.0	639730.0	66252.0
5588.0	633730.0	66008.0
5604.0	627800.0	65766.0
5620.0	623090.0	65645.0
5636.0	617280.0	65403.0
5652.0	611530.0	65163.0
5668.0	603060.0	64625.0
5684.0	598570.0	64506.0
5700.0	593570.0	64328.0
5716.0	587540.0	64032.0
5732.0	583190.0	63914.0
5748.0	577810.0	63679.0
5764.0	573020.0	63504.0
5780.0	570380.0	63562.0
5796.0	567240.0	63562.0
5812.0	565680.0	63738.0
5828.0	563610.0	63856.0
5844.0	561050.0	63914.0
5860.0	554400.0	63504.0
5876.0	547340.0	63038.0
5892.0	536410.0	62115.0
5908.0	534000.0	62173.0
5924.0	533570.0	62460.0
5940.0	526800.0	62001.0
5956.0	522050.0	61773.0
5972.0	519740.0	61830.0
5988.0	515530.0	61659.0
6004.0	511370.0	61489.0
6020.0	507720.0	61376.0
6036.0	503640.0	61207.0
6052.0	501440.0	61263.0
6068.0	497890.0	61150.0
6084.0	493900.0	60982.0
6100.0	490410.0	60869.0
6116.0	486060.0	60646.0
6132.0	482630.0	60534.0
6148.0	475720.0	59979.0
6164.0	471510.0	59758.0
6180.0	473420.0	60311.0
6196.0	469680.0	60145.0
6212.0	465540.0	59924.0
6228.0	459330.0	59429.0
6244.0	453620.0	58993.0
6260.0	451720.0	59047.0
6276.0	440410.0	57863.0
6292.0	436960.0	57703.0
6308.0	436760.0	57970.0
6324.0	436550.0	58237.0
6340.0	432750.0	58023.0
6356.0	430580.0	58023.0
6372.0	428420.0	58023.0
6388.0	427450.0	58183.0
6404.0	424150.0	58023.0
6420.0	420100.0	57756.0
6436.0	418010.0	57756.0
6452.0	412890.0	57332.0
6468.0	407830.0	56911.0
6484.0	403960.0	56650.0
6500.0	401230.0	56546.0
6516.0	395600.0	56027.0
6532.0	383290.0	54551.0
6548.0	344040.0	49204.0
6564.0	299840.0	43092.0
6580.0	343530.0	49613.0
6596.0	375540.0	54500.0
6612.0	382780.0	55821.0
6628.0	383050.0	56131.0
6644.0	381910.0	56234.0
6660.0	380080.0	56234.0
6676.0	377210.0	56079.0
6692.0	375760.0	56131.0
6708.0	373620.0	56079.0
6724.0	371160.0	55976.0
6740.0	369060.0	55924.0
6756.0	365960.0	55718.0
6772.0	363900.0	55667.0
6788.0	360530.0	55412.0
6804.0	357840.0	55259.0
6820.0	355840.0	55208.0
6836.0	352870.0	55005.0
6852.0	345450.0	54100.0
6868.0	301410.0	47424.0
6884.0	300290.0	47468.0
6900.0	310690.0	49340.0
6916.0	323230.0	51570.0
6932.0	328020.0	52578.0
6948.0	328020.0	52820.0
6964.0	329230.0	53260.0
6980.0	328030.0	53309.0
6996.0	322940.0	52723.0
7012.0	320580.0	52578.0
7028.0	319710.0	52674.0
7044.0	318550.0	52723.0
7060.0	316240.0	52578.0
7076.0	315100.0	52626.0
7092.0	312520.0	52432.0
7108.0	309970.0	52239.0
7124.0	307450.0	52048.0
7140.0	305230.0	51904.0
7156.0	300250.0	51286.0
7172.0	284930.0	48888.0
7188.0	272650.0	46989.0
7204.0	277250.0	47995.0
7220.0	286120.0	49751.0
7236.0	276330.0	48261.0
7252.0	273590.0	47995.0
7268.0	274150.0	48306.0
7284.0	273200.0	48350.0
7300.0	272760.0	48484.0
7316.0	274330.0	48978.0
7332.0	277960.0	49842.0
7348.0	277260.0	49934.0
7364.0	275540.0	49842.0
7380.0	275360.0	50026.0
7396.0	273920.0	49981.0
7412.0	272740.0	49981.0
7428.0	271320.0	49934.0
7444.0	269650.0	49842.0
7460.0	268010.0	49751.0
7476.0	266120.0	49613.0
7492.0	265480.0	49705.0
7508.0	264590.0	49751.0
7524.0	262740.0	49613.0
7540.0	261140.0	49522.0
7556.0	259080.0	49340.0
7572.0	255860.0	48933.0
7588.0	214470.0	41191.0
7604.0	110850.0	21380.0
7620.0	141290.0	27365.0
7636.0	147060.0	28602.0
7652.0	185380.0	36208.0
7668.0	220930.0	43331.0
7684.0	237710.0	46816.0
7700.0	242910.0	48040.0
7716.0	243460.0	48350.0
7732.0	242910.0	48440.0
7748.0	241460.0	48350.0
7764.0	237160.0	47687.0
7780.0	232730.0	46989.0
7796.0	236520.0	47951.0
7812.0	235770.0	47995.0
7828.0	234380.0	47907.0
7844.0	232990.0	47819.0
7860.0	231190.0	47643.0
7876.0	228560.0	47293.0
7892.0	225760.0	46903.0
7908.0	225470.0	47033.0
7924.0	224560.0	47033.0
7940.0	223660.0	47033.0
7956.0	221530.0	46774.0
7972.0	220840.0	46816.0
7988.0	219760.0	46774.0
8004.0	217870.0	46559.0
8020.0	216410.0	46430.0
8036.0	215350.0	46387.0
8052.0	214490.0	46387.0
8068.0	213450.0	46345.0
8084.0	212020.0	46217.0
8100.0	210020.0	45962.0
8116.0	206890.0	45457.0
8132.0	201010.0	44340.0
8148.0	194230.0	43013.0
8164.0	188550.0	41918.0
8180.0	188670.0	42111.0
8196.0	190550.0	42697.0
8212.0	192630.0	43331.0
8228.0	181570.0	41002.0
8244.0	189040.0	42855.0
8260.0	191280.0	43531.0
8276.0	187920.0	42934.0
8292.0	186850.0	42855.0
8308.0	187860.0	43251.0
8324.0	186100.0	43013.0
8340.0	187280.0	43451.0
8356.0	188460.0	43893.0
8372.0	188090.0	43974.0
8388.0	187540.0	44015.0
8404.0	187000.0	44055.0
8420.0	185610.0	43893.0
8436.0	183550.0	43571.0
8452.0	181680.0	43291.0
8468.0	181660.0	43451.0
8484.0	184000.0	44177.0
8500.0	177820.0	42855.0
8516.0	181780.0	43974.0
8532.0	180600.0	43853.0
8548.0	170720.0	41610.0
8564.0	182250.0	44586.0
8580.0	182580.0	44833.0
8596.0	166970.0	41153.0
8612.0	173700.0	42973.0
8628.0	186470.0	46302.0
8644.0	182220.0	45415.0
8660.0	161210.0	40327.0
8676.0	162100.0	40700.0
8692.0	180710.0	45541.0
8708.0	186290.0	47119.0
8724.0	181210.0	46004.0
8740.0	161810.0	41229.0
8756.0	150040.0	38371.0
8772.0	170700.0	43813.0
8788.0	183250.0	47206.0
8804.0	184610.0	47731.0
8820.0	182590.0	47381.0
8836.0	175030.0	45583.0
8852.0	154720.0	40439.0
8868.0	140720.0	36915.0
8884.0	161140.0	42423.0
8900.0	174280.0	46047.0
8916.0	176070.0	46687.0
8932.0	175280.0	46644.0
8948.0	171300.0	45751.0
8964.0	163310.0	43772.0
8980.0	154550.0	41572.0
8996.0	138910.0	37497.0
9012.0	121440.0	32900.0
9028.0	131470.0	35744.0
9044.0	155060.0	42306.0
9060.0	155510.0	42579.0
9076.0	150600.0	41381.0
9092.0	150070.0	41381.0
9108.0	152890.0	42306.0
9124.0	152920.0	42462.0
9140.0	150980.0	42073.0
9156.0	149900.0	41918.0
9172.0	148970.0	41802.0
9188.0	148590.0	41841.0
9204.0	143640.0	40588.0
9220.0	123640.0	35059.0
9236.0	115840.0	32961.0
9252.0	132780.0	37914.0
9268.0	140490.0	40253.0
9284.0	137960.0	39664.0
9300.0	127720.0	36847.0
9316.0	110350.0	31945.0
9332.0	97650.0	28366.0
9348.0	92765.0	27040.0
9364.0	97342.0	28471.0
9380.0	102430.0	30061.0
9396.0	121490.0	35777.0
9412.0	117880.0	34834.0
9428.0	107340.0	31827.0
9444.0	103680.0	30846.0
9460.0	105550.0	31506.0
9476.0	107940.0	32330.0
9492.0	106000.0	31857.0
9508.0	107510.0	32419.0
9524.0	98443.0	29785.0
9540.0	88578.0	26891.0
9556.0	85875.0	26158.0
9572.0	103280.0	31565.0
9588.0	107590.0	32991.0
9604.0	112590.0	34642.0
9620.0	114620.0	35383.0
9636.0	116370.0	36041.0
9652.0	118350.0	36779.0
9668.0	121720.0	37949.0
9684.0	128090.0	40068.0
9700.0	129320.0	40588.0
9716.0	128190.0	40364.0
9732.0	124970.0	39482.0
9748.0	122630.0	38869.0
9764.0	122790.0	39048.0
9780.0	124550.0	39737.0
9796.0	123910.0	39664.0
9812.0	126740.0	40700.0
9828.0	126440.0	40738.0
9844.0	126960.0	41039.0
9860.0	127960.0	41495.0
9876.0	128840.0	41918.0
9892.0	127250.0	41534.0
9908.0	128130.0	41956.0
9924.0	127360.0	41841.0
9940.0	126250.0	41610.0
9956.0	127010.0	41995.0
9972.0	125100.0	41495.0
9988.0	123330.0	41039.0
10004.0	121470.0	40551.0
10020.0	116270.0	38940.0
10036.0	105800.0	35547.0
10052.0	96720.0	32599.0
10068.0	107780.0	36442.0
10084.0	117590.0	39884.0
10100.0	119060.0	40513.0
10116.0	119020.0	40626.0
10132.0	120180.0	41153.0
10148.0	121360.0	41687.0
10164.0	120310.0	41457.0
10180.0	120150.0	41534.0
10196.0	118350.0	41039.0
10212.0	119840.0	41687.0
10228.0	117830.0	41115.0
10244.0	117240.0	41039.0
10260.0	117200.0	41153.0
10276.0	118240.0	41649.0
10292.0	116790.0	41267.0
10308.0	115790.0	41039.0
10324.0	110030.0	39120.0
10340.0	107000.0	38159.0
10356.0	107660.0	38512.0
10372.0	105070.0	37705.0
10388.0	108480.0	39048.0
10404.0	108550.0	39192.0
10420.0	103630.0	37532.0
10436.0	105910.0	38477.0
