3300.0	4.1339999999999995	16.0
3316.0	4.129	16.0
3332.0	4.12	16.0
3348.0	4.112	16.0
3364.0	4.102	16.0
3380.0	4.109	16.0
3396.0	4.104	16.0
3412.0	4.114	16.0
3428.0	4.122	16.0
3444.0	4.129	16.0
3460.0	4.129	16.0
3476.0	4.127	16.0
3492.0	4.122	16.0
3508.0	4.111000000000001	16.0
3524.0	4.105	16.0
3540.0	4.099	16.0
3556.0	4.093999999999999	16.0
3572.0	4.083	16.0
3588.0	4.081	16.0
3604.0	4.079	16.0
3620.0	4.073	16.0
3636.0	4.069	16.0
3652.0	4.067	16.0
3668.0	4.07	16.0
3684.0	4.061	16.0
3700.0	4.023	16.0
3716.0	3.938	16.0
3732.0	3.818	16.0
3748.0	3.697	16.0
3764.0	3.591	16.0
3780.0	3.457	16.0
3796.0	3.463	16.0
3812.0	3.275	16.0
3828.0	3.409	16.0
3844.0	3.275	16.0
3860.0	3.112	16.0
3876.0	3.281	16.0
3892.0	3.3739999999999997	16.0
3908.0	3.105	16.0
3924.0	3.053	16.0
3940.0	3.0869999999999997	16.0
3956.0	3.2760000000000002	16.0
3972.0	3.412	16.0
3988.0	3.141	16.0
4004.0	3.074	16.0
4020.0	3.06	16.0
4036.0	3.042	16.0
4052.0	3.042	16.0
4068.0	3.073	16.0
4084.0	3.214	16.0
4100.0	3.465	16.0
4116.0	3.222	16.0
4132.0	3.105	16.0
4148.0	3.0810000000000004	16.0
4164.0	3.082	16.0
4180.0	3.0869999999999997	16.0
4196.0	3.0869999999999997	16.0
4212.0	3.09	16.0
4228.0	3.095	16.0
4244.0	3.1010000000000004	16.0
4260.0	3.113	16.0
4276.0	3.1180000000000003	16.0
4292.0	3.128	16.0
4308.0	3.161	16.0
4324.0	3.303	16.0
4340.0	3.542	16.0
4356.0	3.278	16.0
4372.0	3.1710000000000003	16.0
4388.0	3.1639999999999997	16.0
4404.0	3.155	16.0
4420.0	3.157	16.0
4436.0	3.158	16.0
4452.0	3.161	16.0
4468.0	3.181	16.0
4484.0	3.1889999999999996	16.0
4500.0	3.178	16.0
4516.0	3.185	16.0
4532.0	3.1839999999999997	16.0
4548.0	3.193	16.0
4564.0	3.195	16.0
4580.0	3.2	16.0
4596.0	3.2039999999999997	16.0
4612.0	3.207	16.0
4628.0	3.216	16.0
4644.0	3.214	16.0
4660.0	3.219	16.0
4676.0	3.2260000000000004	16.0
4692.0	3.227	16.0
4708.0	3.234	16.0
4724.0	3.239	16.0
4740.0	3.245	16.0
4756.0	3.2510000000000003	16.0
4772.0	3.2560000000000002	16.0
4788.0	3.26	16.0
4804.0	3.263	16.0
4820.0	3.279	16.0
4836.0	3.327	16.0
4852.0	3.557	16.0
4868.0	3.6	16.0
4884.0	3.342	16.0
4900.0	3.287	16.0
4916.0	3.284	16.0
4932.0	3.282	16.0
4948.0	3.282	16.0
4964.0	3.286	16.0
4980.0	3.2889999999999997	16.0
4996.0	3.2939999999999996	16.0
5012.0	3.306	16.0
5028.0	3.313	16.0
5044.0	3.3160000000000003	16.0
5060.0	3.32	16.0
5076.0	3.3139999999999996	16.0
5092.0	3.321	16.0
5108.0	3.321	16.0
5124.0	3.323	16.0
5140.0	3.326	16.0
5156.0	3.3339999999999996	16.0
5172.0	3.34	16.0
5188.0	3.342	16.0
5204.0	3.344	16.0
5220.0	3.3489999999999998	16.0
5236.0	3.3560000000000003	16.0
5252.0	3.3569999999999998	16.0
5268.0	3.363	16.0
5284.0	3.364	16.0
5300.0	3.366	16.0
5316.0	3.3760000000000003	16.0
5332.0	3.377	16.0
5348.0	3.3739999999999997	16.0
5364.0	3.378	16.0
5380.0	3.383	16.0
5396.0	3.388	16.0
5412.0	3.395	16.0
5428.0	3.3960000000000004	16.0
5444.0	3.398	16.0
5460.0	3.398	16.0
5476.0	3.407	16.0
5492.0	3.41	16.0
5508.0	3.41	16.0
5524.0	3.4139999999999997	16.0
5540.0	3.4210000000000003	16.0
5556.0	3.423	16.0
5572.0	3.4219999999999997	16.0
5588.0	3.431	16.0
5604.0	3.429	16.0
5620.0	3.437	16.0
5636.0	3.44	16.0
5652.0	3.446	16.0
5668.0	3.448	16.0
5684.0	3.457	16.0
5700.0	3.4589999999999996	16.0
5716.0	3.466	16.0
5732.0	3.47	16.0
5748.0	3.4739999999999998	16.0
5764.0	3.477	16.0
5780.0	3.4789999999999996	16.0
5796.0	3.4789999999999996	16.0
5812.0	3.475	16.0
5828.0	3.4730000000000003	16.0
5844.0	3.4739999999999998	16.0
5860.0	3.4789999999999996	16.0
5876.0	3.489	16.0
5892.0	3.497	16.0
5908.0	3.4939999999999998	16.0
5924.0	3.4960000000000004	16.0
5940.0	3.503	16.0
5956.0	3.509	16.0
5972.0	3.512	16.0
5988.0	3.5180000000000002	16.0
6004.0	3.517	16.0
6020.0	3.5210000000000004	16.0
6036.0	3.5269999999999997	16.0
6052.0	3.53	16.0
6068.0	3.533	16.0
6084.0	3.537	16.0
6100.0	3.54	16.0
6116.0	3.5439999999999996	16.0
6132.0	3.549	16.0
6148.0	3.556	16.0
6164.0	3.5589999999999997	16.0
6180.0	3.5589999999999997	16.0
6196.0	3.56	16.0
6212.0	3.563	16.0
6228.0	3.57	16.0
6244.0	3.576	16.0
6260.0	3.5810000000000004	16.0
6276.0	3.5980000000000003	16.0
6292.0	3.6060000000000003	16.0
6308.0	3.6	16.0
6324.0	3.595	16.0
6340.0	3.5989999999999998	16.0
6356.0	3.602	16.0
6372.0	3.6039999999999996	16.0
6388.0	3.602	16.0
6404.0	3.602	16.0
6420.0	3.6060000000000003	16.0
6436.0	3.608	16.0
6452.0	3.613	16.0
6468.0	3.616	16.0
6484.0	3.62	16.0
6500.0	3.6239999999999997	16.0
6516.0	3.634	16.0
6532.0	3.653	16.0
6548.0	3.759	16.0
6564.0	3.928	16.0
6580.0	3.745	16.0
6596.0	3.658	16.0
6612.0	3.6439999999999997	16.0
6628.0	3.6439999999999997	16.0
6644.0	3.645	16.0
6660.0	3.6460000000000004	16.0
6676.0	3.65	16.0
6692.0	3.648	16.0
6708.0	3.6489999999999996	16.0
6724.0	3.653	16.0
6740.0	3.657	16.0
6756.0	3.66	16.0
6772.0	3.665	16.0
6788.0	3.6689999999999996	16.0
6804.0	3.673	16.0
6820.0	3.677	16.0
6836.0	3.68	16.0
6852.0	3.697	16.0
6868.0	3.835	16.0
6884.0	3.85	16.0
6900.0	3.8089999999999997	16.0
6916.0	3.7560000000000002	16.0
6932.0	3.73	16.0
6948.0	3.7230000000000003	16.0
6964.0	3.714	16.0
6980.0	3.716	16.0
6996.0	3.725	16.0
7012.0	3.7260000000000004	16.0
7028.0	3.7289999999999996	16.0
7044.0	3.7319999999999998	16.0
7060.0	3.736	16.0
7076.0	3.738	16.0
7092.0	3.738	16.0
7108.0	3.741	16.0
7124.0	3.745	16.0
7140.0	3.75	16.0
7156.0	3.76	16.0
7172.0	3.7960000000000003	16.0
7188.0	3.8289999999999997	16.0
7204.0	3.819	16.0
7220.0	3.787	16.0
7236.0	3.815	16.0
7252.0	3.821	16.0
7268.0	3.819	16.0
7284.0	3.818	16.0
7300.0	3.812	16.0
7316.0	3.8089999999999997	16.0
7332.0	3.798	16.0
7348.0	3.799	16.0
7364.0	3.8	16.0
7380.0	3.801	16.0
7396.0	3.802	16.0
7412.0	3.804	16.0
7428.0	3.807	16.0
7444.0	3.81	16.0
7460.0	3.8139999999999996	16.0
7476.0	3.818	16.0
7492.0	3.8169999999999997	16.0
7508.0	3.818	16.0
7524.0	3.824	16.0
7540.0	3.826	16.0
7556.0	3.8289999999999997	16.0
7572.0	3.835	16.0
7588.0	4.006	16.0
7604.0	4.776	16.0
7620.0	4.493	16.0
7636.0	4.452	16.0
7652.0	4.1819999999999995	16.0
7668.0	3.978	16.0
7684.0	3.89	16.0
7700.0	3.864	16.0
7716.0	3.858	16.0
7732.0	3.8560000000000003	16.0
7748.0	3.86	16.0
7764.0	3.8760000000000003	16.0
7780.0	3.888	16.0
7796.0	3.8689999999999998	16.0
7812.0	3.8689999999999998	16.0
7828.0	3.8739999999999997	16.0
7844.0	3.875	16.0
7860.0	3.878	16.0
7876.0	3.888	16.0
7892.0	3.895	16.0
7908.0	3.8939999999999997	16.0
7924.0	3.892	16.0
7940.0	3.8930000000000002	16.0
7956.0	3.9010000000000002	16.0
7972.0	3.9019999999999997	16.0
7988.0	3.9	16.0
8004.0	3.908	16.0
8020.0	3.908	16.0
8036.0	3.912	16.0
8052.0	3.912	16.0
8068.0	3.915	16.0
8084.0	3.92	16.0
8100.0	3.924	16.0
8116.0	3.931	16.0
8132.0	3.957	16.0
8148.0	3.986	16.0
8164.0	4.01	16.0
8180.0	4.004	16.0
8196.0	3.992	16.0
8212.0	3.978	16.0
8228.0	4.0360000000000005	16.0
8244.0	3.99	16.0
8260.0	3.9760000000000004	16.0
8276.0	3.995	16.0
8292.0	4.001	16.0
8308.0	3.99	16.0
8324.0	3.991	16.0
8340.0	3.9819999999999998	16.0
8356.0	3.98	16.0
8372.0	3.978	16.0
8388.0	3.9819999999999998	16.0
8404.0	3.9810000000000003	16.0
8420.0	3.9819999999999998	16.0
8436.0	3.998	16.0
8452.0	4.003	16.0
8468.0	4.003	16.0
8484.0	3.984	16.0
8500.0	4.019	16.0
8516.0	3.984	16.0
8532.0	3.991	16.0
8548.0	4.053999999999999	16.0
8564.0	3.967	16.0
8580.0	3.967	16.0
8596.0	4.0760000000000005	16.0
8612.0	4.013	16.0
8628.0	3.928	16.0
8644.0	3.957	16.0
8660.0	4.099	16.0
8676.0	4.073	16.0
8692.0	3.943	16.0
8708.0	3.91	16.0
8724.0	3.94	16.0
8740.0	4.073	16.0
8756.0	4.152	16.0
8772.0	3.99	16.0
8788.0	3.9189999999999996	16.0
8804.0	3.908	16.0
8820.0	3.918	16.0
8836.0	3.9610000000000003	16.0
8852.0	4.102	16.0
8868.0	4.2	16.0
8884.0	4.024	16.0
8900.0	3.949	16.0
8916.0	3.9339999999999997	16.0
8932.0	3.943	16.0
8948.0	3.9619999999999997	16.0
8964.0	4.003	16.0
8980.0	4.05	16.0
8996.0	4.157	16.0
9012.0	4.325	16.0
9028.0	4.21	16.0
9044.0	4.035	16.0
9060.0	4.019	16.0
9076.0	4.048	16.0
9092.0	4.0489999999999995	16.0
9108.0	4.038	16.0
9124.0	4.0360000000000005	16.0
9140.0	4.053999999999999	16.0
9156.0	4.061	16.0
9172.0	4.062	16.0
9188.0	4.056	16.0
9204.0	4.083	16.0
9220.0	4.247	16.0
9236.0	4.31	16.0
9252.0	4.147	16.0
9268.0	4.09	16.0
9284.0	4.1	16.0
9300.0	4.173	16.0
9316.0	4.305	16.0
9332.0	4.422	16.0
9348.0	4.476	16.0
9364.0	4.4239999999999995	16.0
9380.0	4.377	16.0
9396.0	4.208	16.0
9412.0	4.228	16.0
9428.0	4.327	16.0
9444.0	4.36	16.0
9460.0	4.334	16.0
9476.0	4.314	16.0
9492.0	4.334	16.0
9508.0	4.3069999999999995	16.0
9524.0	4.4	16.0
9540.0	4.531000000000001	16.0
9556.0	4.541	16.0
9572.0	4.332	16.0
9588.0	4.295	16.0
9604.0	4.249	16.0
9620.0	4.2330000000000005	16.0
9636.0	4.223	16.0
9652.0	4.195	16.0
9668.0	4.173	16.0
9684.0	4.127	16.0
9700.0	4.1160000000000005	16.0
9716.0	4.126	16.0
9732.0	4.147	16.0
9748.0	4.162	16.0
9764.0	4.1530000000000005	16.0
9780.0	4.138	16.0
9796.0	4.147	16.0
9812.0	4.127	16.0
9828.0	4.122	16.0
9844.0	4.124	16.0
9860.0	4.11	16.0
9876.0	4.114	16.0
9892.0	4.112	16.0
9908.0	4.112	16.0
9924.0	4.0969999999999995	16.0
9940.0	4.106	16.0
9956.0	4.113	16.0
9972.0	4.114	16.0
9988.0	4.124	16.0
10004.0	4.13	16.0
10020.0	4.155	16.0
10036.0	4.2780000000000005	16.0
10052.0	4.408	16.0
10068.0	4.245	16.0
10084.0	4.162	16.0
10100.0	4.14	16.0
10116.0	4.131	16.0
10132.0	4.118	16.0
10148.0	4.126	16.0
10164.0	4.119	16.0
10180.0	4.13	16.0
10196.0	4.125	16.0
10212.0	4.121	16.0
10228.0	4.114	16.0
10244.0	4.118	16.0
10260.0	4.129	16.0
10276.0	4.125	16.0
10292.0	4.1	16.0
10308.0	4.11	16.0
10324.0	4.143	16.0
10340.0	4.17	16.0
10356.0	4.173	16.0
10372.0	4.173	16.0
10388.0	4.173	16.0
10404.0	4.158	16.0
10420.0	4.167	16.0
