3300.0	12.373	50.0
3350.0	12.345999999999998	50.0
3400.0	12.367	50.0
3450.0	12.389000000000001	50.0
3500.0	12.401	50.0
3550.0	12.397	50.0
3600.0	12.389000000000001	50.0
3650.0	12.388	50.0
3700.0	12.415	50.0
3750.0	12.422	50.0
3800.0	12.419	50.0
3850.0	12.402000000000001	50.0
3900.0	12.397	50.0
3950.0	12.407	50.0
4000.0	12.267999999999999	50.0
4050.0	12.12	50.0
4100.0	12.532	50.0
4150.0	12.129000000000001	50.0
4200.0	11.964	50.0
4250.0	11.993	50.0
4300.0	12.235999999999999	50.0
4350.0	12.57	50.0
4400.0	12.140999999999998	50.0
4450.0	12.004000000000001	50.0
4500.0	11.98	50.0
4550.0	11.987	50.0
4600.0	12.002	50.0
4650.0	12.022	50.0
4700.0	12.047	50.0
4750.0	12.103	50.0
4800.0	12.245999999999999	50.0
4850.0	12.655999999999999	50.0
4900.0	12.414000000000001	50.0
4950.0	12.192	50.0
5000.0	12.144	50.0
5050.0	12.137	50.0
5100.0	12.135	50.0
5150.0	12.14	50.0
5200.0	12.151	50.0
5250.0	12.169	50.0
5300.0	12.182	50.0
5350.0	12.195	50.0
5400.0	12.207	50.0
5450.0	12.219000000000001	50.0
5500.0	12.234000000000002	50.0
5550.0	12.245	50.0
5600.0	12.257	50.0
5650.0	12.275	50.0
5700.0	12.294	50.0
5750.0	12.308	50.0
5800.0	12.315	50.0
5850.0	12.319	50.0
5900.0	12.338	50.0
5950.0	12.352	50.0
6000.0	12.365	50.0
6050.0	12.378	50.0
6100.0	12.389000000000001	50.0
6150.0	12.397	50.0
6200.0	12.405	50.0
6250.0	12.423	50.0
6300.0	12.45	50.0
6350.0	12.452	50.0
6400.0	12.468	50.0
6450.0	12.511	50.0
6500.0	12.61	50.0
6550.0	12.878	50.0
6600.0	12.741	50.0
6650.0	12.587	50.0
6700.0	12.544	50.0
6750.0	12.538	50.0
6800.0	12.542	50.0
6850.0	12.595999999999998	50.0
6900.0	12.665	50.0
6950.0	12.585	50.0
7000.0	12.59	50.0
7050.0	12.597999999999999	50.0
7100.0	12.607999999999999	50.0
7150.0	12.630999999999998	50.0
7200.0	12.684000000000001	50.0
7250.0	12.689	50.0
7300.0	12.687000000000001	50.0
7350.0	12.669	50.0
7400.0	12.671	50.0
7450.0	12.68	50.0
7500.0	12.693	50.0
7550.0	12.704	50.0
7600.0	13.19	50.0
7650.0	13.083	50.0
7700.0	12.749	50.0
7750.0	12.747	50.0
7800.0	12.752	50.0
7850.0	12.764000000000001	50.0
7900.0	12.776	50.0
7950.0	12.786	50.0
8000.0	12.792	50.0
8050.0	12.806	50.0
8100.0	12.821	50.0
8150.0	12.883	50.0
8200.0	12.88	50.0
8250.0	12.886	50.0
8300.0	12.887	50.0
8350.0	12.88	50.0
8400.0	12.875	50.0
8450.0	12.892000000000001	50.0
8500.0	12.902999999999999	50.0
8550.0	12.909	50.0
8600.0	12.918	50.0
8650.0	12.918	50.0
8700.0	12.93	50.0
8750.0	12.957	50.0
8800.0	12.96	50.0
8850.0	12.992	50.0
8900.0	12.992	50.0
8950.0	13.027000000000001	50.0
9000.0	13.103	50.0
9050.0	13.078	50.0
9100.0	13.103	50.0
9150.0	13.119000000000002	50.0
9200.0	13.112	50.0
9250.0	13.128	50.0
9300.0	13.234000000000002	50.0
9350.0	13.479000000000001	50.0
9400.0	13.325	50.0
9450.0	13.404000000000002	50.0
9500.0	13.369000000000002	50.0
9550.0	13.42	50.0
9600.0	13.308	50.0
9650.0	13.24	50.0
9700.0	13.161	50.0
9750.0	13.172	50.0
9800.0	13.202	50.0
9850.0	13.132	50.0
9900.0	13.212	50.0
9950.0	13.216	50.0
10000.0	13.175	50.0
