#wave	flux
1150.0	168.676208
1155.0	133.073959
1160.0	113.73732
1165.0	111.82681299999999
1170.0	99.95800799999999
1175.0	79.515594
1180.0	86.660614
1185.0	96.530807
1190.0	89.22269399999999
1195.0	79.401352
1200.0	79.88230899999999
1205.0	73.226616
1210.0	58.262592000000005
1215.0	33.695015000000005
1220.0	53.025375
1225.0	83.70742
1230.0	90.966011
1235.0	93.970375
1240.0	93.16544300000001
1245.0	89.924446
1250.0	86.548447
1255.0	87.089844
1260.0	89.849701
1265.0	94.026787
1270.0	93.423546
1275.0	92.871849
1280.0	92.54357900000001
1285.0	90.534103
1290.0	91.355659
1295.0	86.10208100000001
1300.0	80.671089
1305.0	83.86725600000001
1310.0	92.127243
1315.0	89.050255
1320.0	88.100487
1325.0	83.684067
1330.0	84.50185400000001
1335.0	78.060562
1340.0	76.939613
1345.0	76.758209
1350.0	76.892059
1355.0	77.445564
1360.0	75.202354
1365.0	74.610458
1370.0	74.100189
1375.0	71.746628
1380.0	70.37269599999999
1385.0	66.70450600000001
1390.0	59.94300500000001
1395.0	50.103031
1400.0	52.738991000000006
1405.0	54.312225
1410.0	60.012531
1415.0	61.452968999999996
1420.0	59.305641
1425.0	56.955635
1430.0	55.779633
1435.0	59.296753
1440.0	58.54101899999999
1445.0	58.128235
1450.0	57.637035
1455.0	56.331577
1460.0	55.91129300000001
1465.0	55.878322999999995
1470.0	56.346790000000006
1475.0	56.58309200000001
1480.0	55.878654000000004
1485.0	55.892426
1490.0	57.050807999999996
1495.0	54.875122
1500.0	51.270939
1505.0	50.574753
1510.0	51.588127
1515.0	51.134132
1520.0	51.989243
1525.0	48.221321
1530.0	44.027851
1535.0	42.31197
1540.0	42.003341999999996
1545.0	35.908291
1550.0	30.613894000000002
1555.0	38.497719000000004
1560.0	41.829384000000005
1565.0	40.695652
1570.0	41.436749
1575.0	42.118565000000004
1580.0	41.630573
1585.0	43.12254
1590.0	42.972858
1595.0	40.950474
1600.0	40.213570000000004
1605.0	38.583034999999995
1610.0	36.62574
1615.0	36.961899
1620.0	36.426613
1625.0	36.448105
1630.0	36.243759000000004
1635.0	36.642345
1640.0	35.883747
1645.0	37.114666
1650.0	39.098278
1655.0	37.094318
1660.0	35.598927
1665.0	36.358475
1670.0	35.429489000000004
1675.0	35.643135
1680.0	37.25639
1685.0	37.011951
1690.0	35.464096000000005
1695.0	35.513259999999995
1700.0	35.282494
1705.0	34.823437
1710.0	35.136864
1715.0	34.150096999999995
1720.0	31.360159000000003
1725.0	31.257393
1730.0	32.901249
1735.0	34.096474
1740.0	33.529358
1745.0	33.538074
1750.0	32.858585
1755.0	33.239677
1760.0	34.124428
1765.0	33.969868
1770.0	33.506454
1775.0	32.991158
1780.0	32.808456
1785.0	31.892338
1790.0	29.174871000000003
1795.0	29.939695
1800.0	31.508415000000003
1805.0	30.794138
1810.0	30.565256
1815.0	31.002948999999997
1820.0	31.079384
1825.0	31.061528999999997
1830.0	31.320990000000002
1835.0	31.199097
1840.0	29.781871999999996
1845.0	28.468446999999998
1850.0	28.101298999999997
1855.0	27.903095
1860.0	28.001213
1865.0	28.255426
1870.0	27.822668
1875.0	27.600434999999997
1880.0	27.458911999999998
1885.0	26.015541
1890.0	25.259911
1895.0	25.389442000000003
1900.0	25.612517999999998
1905.0	25.209770000000002
1910.0	24.944689
1915.0	24.403837
1920.0	23.241129
1925.0	22.91062
1930.0	23.882998
1935.0	24.863585999999998
1940.0	24.520283
1945.0	24.678238
1950.0	24.389515
1955.0	23.721693
1960.0	22.488934
1965.0	22.304169
1970.0	22.657324
1975.0	22.888111
1980.0	22.977465
1985.0	22.687084
1990.0	21.923159
1995.0	21.50613
2000.0	21.317299
2005.0	21.695354000000002
2010.0	21.361055
2015.0	21.660103
2020.0	21.900597
2025.0	22.229357
2030.0	22.097231
2035.0	22.050694
2040.0	21.783779
2045.0	21.481226
2050.0	21.666586
2055.0	20.469343
2060.0	18.650339000000002
2065.0	19.426329
2070.0	20.68166
2075.0	20.990429000000002
2080.0	20.398628
2085.0	20.591026
2090.0	20.478413
2095.0	19.854063
2100.0	19.081132999999998
2105.0	19.33061
2110.0	19.348226999999998
2115.0	19.908888
2120.0	19.719687
2125.0	19.482634
2130.0	20.370943
2135.0	19.427751999999998
2140.0	19.294806
2145.0	19.419487
2150.0	18.757816000000002
2155.0	18.690893
2160.0	18.731297
2165.0	18.240723000000003
2170.0	18.229401
2175.0	17.861237
2180.0	17.914452
2185.0	17.534904
2190.0	17.737318
2195.0	17.998594
2200.0	17.851961
2205.0	17.406822000000002
2210.0	16.8417
2215.0	16.643559
2220.0	16.347572
2225.0	15.934520000000001
2230.0	15.761248000000002
2235.0	16.046997
2240.0	16.358173
2245.0	16.117451000000003
2250.0	15.756803
2255.0	15.610353
2260.0	15.835551999999998
2265.0	15.819354999999998
2270.0	15.397172
2275.0	15.192964000000002
2280.0	15.48434
2285.0	15.384804999999998
2290.0	15.038617000000002
2295.0	14.893688000000001
2300.0	14.158429
2305.0	13.953891
2310.0	14.633996
2315.0	14.778889999999999
2320.0	14.932195000000002
2325.0	14.567329999999998
2330.0	14.651675
2335.0	15.000704999999998
2340.0	14.226335999999998
2345.0	14.01583
2350.0	14.015253
2355.0	14.323827
2360.0	14.755285
2365.0	14.486556
2370.0	14.241610999999999
2375.0	14.206848
2380.0	13.638237
2385.0	13.422464999999999
2390.0	13.0606
2395.0	13.121196
2400.0	13.205726
2405.0	13.725746
2410.0	13.459264000000001
2415.0	13.260592
2420.0	13.298338000000001
2425.0	12.846428999999999
2430.0	13.255814
2435.0	13.651361999999999
2440.0	13.544851000000001
2445.0	12.821916
2450.0	12.998624000000001
2455.0	13.384038
2460.0	13.314862
2465.0	13.667468
2470.0	13.026196
2475.0	12.418026
2480.0	12.647516
2485.0	12.861524000000001
2490.0	12.999614
2495.0	12.718307000000001
2500.0	12.906437
2505.0	12.822398
2510.0	12.59864
2515.0	11.882224
2520.0	12.18165
2525.0	11.962828
2530.0	12.453394
2535.0	12.802843
2540.0	12.034976
2545.0	11.859047
2550.0	12.048911
2555.0	12.155331
2560.0	12.015216
2565.0	11.861504
2570.0	11.856549000000001
2575.0	12.335585
2580.0	10.894052
2585.0	10.171527000000001
2590.0	11.001884
2595.0	11.493814
2600.0	11.990821
2605.0	11.394158000000001
2610.0	11.533431
2615.0	12.000045
2620.0	11.786891
2625.0	11.69416
2630.0	11.730783
2635.0	11.805766
2640.0	11.898255
2645.0	11.508194999999999
2650.0	11.403275
2655.0	11.37612
2660.0	11.001623
2665.0	10.634272
2670.0	10.727424000000001
2675.0	10.896825999999999
2680.0	10.736894
2685.0	10.589250999999999
2690.0	10.847764
2695.0	10.427205
2700.0	9.838823
2705.0	9.913877000000001
2710.0	10.404584
2715.0	10.142188
2720.0	10.022675999999999
2725.0	9.671182
2730.0	9.872523
2735.0	9.896183
2740.0	9.821778
2745.0	9.668783
2750.0	10.265132000000001
2755.0	10.009524
2760.0	9.935475
2765.0	10.453932
2770.0	9.922393
2775.0	9.477789
2780.0	9.330807
2785.0	9.099065
2790.0	8.808767999999999
2795.0	8.953258
2800.0	8.57403
2805.0	8.530501
2810.0	8.890686
2815.0	9.175457000000002
2820.0	9.419779
2825.0	9.198934
2830.0	8.546555999999999
2835.0	8.489123
2840.0	8.863146
2845.0	8.761878999999999
2850.0	8.546806
2855.0	8.271831
2860.0	8.45893
2865.0	8.664534
2870.0	8.546612
2875.0	8.396941
2880.0	8.516872
2885.0	8.441046
2890.0	8.40472
2895.0	8.506192
2900.0	8.508092
2905.0	8.265896000000001
2910.0	8.131021
2915.0	8.096036
2920.0	8.046744
2925.0	8.078801
2930.0	8.159557000000001
2935.0	8.135537
2940.0	8.01028
2945.0	8.031668
2950.0	7.853178
2955.0	7.8855710000000006
2960.0	8.040728999999999
2965.0	7.889819999999999
2970.0	7.877368
2975.0	7.664664999999999
2980.0	7.735933999999999
2985.0	7.709094
2990.0	7.510391
2995.0	7.5199679999999995
3000.0	7.612624
3005.0	7.538553
3010.0	7.533672
3015.0	7.384174000000001
3020.0	7.264305
3025.0	7.055397999999999
3030.0	6.833874000000001
3035.0	7.022564
3040.0	7.062594
3045.0	7.040758
3050.0	7.073119
3055.0	7.085497
3060.0	6.883447
3065.0	6.781521000000001
3070.0	6.8809309999999995
3075.0	6.773262
3080.0	6.855884
3085.0	6.959884
3090.0	6.9013979999999995
3095.0	6.902532000000001
3100.0	6.800437
3105.0	6.940436
3110.0	6.716189999999999
3115.0	6.534683
3120.0	6.456958
3125.0	6.6691199999999995
3130.0	6.744267999999999
3135.0	6.833908999999999
3140.0	6.792827000000001
3145.0	6.655507000000001
3150.0	6.607846
3155.0	6.485168
3160.0	6.351046
3165.0	6.425536
3170.0	6.43056
3175.0	6.486612999999999
3180.0	6.1645769999999995
3185.0	6.060675
3190.0	6.174104
3195.0	6.131474
3200.0	6.2362589999999996
3205.0	6.281854
3210.0	6.268495
3215.0	6.129916000000001
3220.0	6.003278
3225.0	6.0282849999999994
3230.0	6.151373
3235.0	6.2749120000000005
3240.0	6.318242
3245.0	6.2345690000000005
3250.0	6.095592
3255.0	5.990251
3260.0	5.957955
3265.0	5.995595
3270.0	5.979501
3275.0	5.813116
3280.0	5.628894
3285.0	5.570061
3290.0	5.59394
3295.0	5.62256
3300.0	5.6226910000000005
3305.0	5.583503
3310.0	5.539026
3315.0	5.524466
3320.0	5.534868
3325.0	5.555666
3330.0	5.574004
3335.0	5.5767
3340.0	5.547575
3345.0	5.482377
3350.0	5.427569999999999
3355.0	5.423023000000001
3360.0	5.431508
3365.0	5.404949
3370.0	5.328969
3375.0	5.215537
3380.0	5.14829
3385.0	5.191789
3390.0	5.2626029999999995
3395.0	5.269007
3400.0	5.234084999999999
3405.0	5.200116
3410.0	5.1713629999999995
3415.0	5.143159
3420.0	5.11315
3425.0	5.078469999999999
3430.0	5.031895
3435.0	4.972872
3440.0	4.931908
3445.0	4.933601
3450.0	4.94787
3455.0	4.9421
3460.0	4.928219
3465.0	4.921255
3470.0	4.9040669999999995
3475.0	4.8606419999999995
3480.0	4.811632
3485.0	4.780476999999999
3490.0	4.765103
3495.0	4.754212
3500.0	4.725098
3505.0	4.664042
3510.0	4.590724
3515.0	4.615899
3520.0	4.626901
3525.0	4.605589
3530.0	4.562861
3535.0	4.5423279999999995
3540.0	4.540615
3545.0	4.508038
3550.0	4.434271
3555.0	4.443241
3560.0	4.417793
3565.0	4.363271
3570.0	4.313292
3575.0	4.270181
3580.0	4.199955999999999
3585.0	4.155543
3590.0	4.133392
3595.0	4.150284
3600.0	4.136426999999999
3605.0	4.094139
3610.0	4.038498000000001
3615.0	4.0278339999999995
3620.0	4.049402
3625.0	4.012951999999999
3630.0	3.946717
3635.0	3.956111
3640.0	3.9867769999999996
3645.0	4.008061
3650.0	4.025969
3655.0	4.087308999999999
3660.0	4.09096
3665.0	4.000875
3670.0	3.9615980000000004
3675.0	3.9168760000000002
3680.0	3.9299190000000004
3685.0	3.941929
3690.0	3.9457370000000003
3695.0	3.8904940000000003
3700.0	3.8074980000000003
3705.0	3.729032
3710.0	3.8000269999999996
3715.0	3.852556
3720.0	3.85788
3725.0	3.843374
3730.0	3.8791230000000003
3735.0	3.8592489999999997
3740.0	3.932654
3745.0	3.8519639999999997
3750.0	3.6982769999999996
3755.0	3.764999
3760.0	3.8479919999999996
3765.0	3.837884
3770.0	3.6564919999999996
3775.0	3.8379879999999997
3780.0	4.156175
3785.0	4.239368
3790.0	4.095716
3795.0	3.7714489999999996
3800.0	3.781272
3805.0	4.108153
3810.0	4.31232
3815.0	4.287132
3820.0	4.231123
3825.0	4.251493
3830.0	3.9569629999999996
3835.0	3.638875
3840.0	3.8622650000000003
3845.0	4.186396
3850.0	4.275269000000001
3855.0	4.297747
3860.0	4.287555
3865.0	4.214367
3870.0	4.132408
3875.0	4.077787
3880.0	3.867404
3885.0	3.510681
3890.0	3.3432510000000004
3895.0	3.6900470000000003
3900.0	3.971993
3905.0	4.051330999999999
3910.0	4.052249
3915.0	4.035048000000001
3920.0	3.9500029999999997
3925.0	3.873775
3930.0	3.869964
3935.0	3.792871
3940.0	3.8743160000000003
3945.0	3.885875
3950.0	3.8649989999999996
3955.0	3.790621
3960.0	3.584599
3965.0	3.18794
3970.0	2.958443
3975.0	3.2392950000000003
3980.0	3.528085
3985.0	3.630838
3990.0	3.670715
3995.0	3.6544790000000003
4000.0	3.606175
4005.0	3.5778559999999997
4010.0	3.5494589999999997
4015.0	3.5452760000000003
4020.0	3.435
4025.0	3.2738169999999998
4030.0	3.323613
4035.0	3.429131
4040.0	3.448806
4045.0	3.469649
4050.0	3.498493
4055.0	3.467455
4060.0	3.4484
4065.0	3.4160220000000003
4070.0	3.311603
4075.0	3.3137160000000003
4080.0	3.325674
4085.0	3.271762
4090.0	3.146587
4095.0	2.9342
4100.0	2.653553
4105.0	2.719296
4110.0	2.987609
4115.0	3.100204
4120.0	3.150913
4125.0	3.187439
4130.0	3.1957470000000003
4135.0	3.166944
4140.0	3.118255
4145.0	3.0530939999999998
4150.0	3.069235
4155.0	3.072231
4160.0	3.071479
4165.0	3.082179
4170.0	3.035287
4175.0	3.023213
4180.0	3.005003
4185.0	2.95575
4190.0	2.93122
4195.0	2.901751
4200.0	2.862948
4205.0	2.891851
4210.0	2.905329
4215.0	2.893809
4220.0	2.901809
4225.0	2.908706
4230.0	2.8642819999999998
4235.0	2.8713740000000003
4240.0	2.8559400000000004
4245.0	2.821599
4250.0	2.809776
4255.0	2.791397
4260.0	2.765939
4265.0	2.780628
4270.0	2.777313
4275.0	2.738635
4280.0	2.754893
4285.0	2.759624
4290.0	2.754608
4295.0	2.767895
4300.0	2.749548
4305.0	2.709111
4310.0	2.692544
4315.0	2.668254
4320.0	2.642617
4325.0	2.620142
4330.0	2.511204
4335.0	2.307716
4340.0	2.089051
4345.0	2.180815
4350.0	2.385496
4355.0	2.51044
4360.0	2.554441
4365.0	2.553836
4370.0	2.542505
4375.0	2.523327
4380.0	2.51769
4385.0	2.450392
4390.0	2.4095020000000003
4395.0	2.482081
4400.0	2.4818700000000002
4405.0	2.452777
4410.0	2.419502
4415.0	2.376792
4420.0	2.3592049999999998
4425.0	2.316749
4430.0	2.277707
4435.0	2.283891
4440.0	2.310176
4445.0	2.337371
4450.0	2.346074
4455.0	2.35508
4460.0	2.335341
4465.0	2.246588
4470.0	2.124277
4475.0	2.161334
4480.0	2.2385610000000002
4485.0	2.270234
4490.0	2.294145
4495.0	2.285724
4500.0	2.266348
4505.0	2.249806
4510.0	2.237483
4515.0	2.216368
4520.0	2.236069
4525.0	2.212018
4530.0	2.1856259999999996
4535.0	2.156772
4540.0	2.1330560000000003
4545.0	2.1496419999999996
4550.0	2.144886
4555.0	2.159566
4560.0	2.16226
4565.0	2.151809
4570.0	2.125585
4575.0	2.1237049999999997
4580.0	2.122347
4585.0	2.108295
4590.0	2.070329
4595.0	2.062774
4600.0	2.07048
4605.0	2.060053
4610.0	2.0281599999999997
4615.0	2.021241
4620.0	2.0356959999999997
4625.0	2.0153220000000003
4630.0	1.981459
4635.0	1.96386
4640.0	1.9292779999999998
4645.0	1.8887779999999998
4650.0	1.867317
4655.0	1.926714
4660.0	1.945573
4665.0	1.948352
4670.0	1.9618740000000001
4675.0	1.920462
4680.0	1.878049
4685.0	1.8315299999999999
4690.0	1.8649959999999999
4695.0	1.891509
4700.0	1.88125
4705.0	1.865384
4710.0	1.836436
4715.0	1.835345
4720.0	1.842844
4725.0	1.837425
4730.0	1.8273240000000002
4735.0	1.825029
4740.0	1.8199319999999999
4745.0	1.807698
4750.0	1.791736
4755.0	1.779955
4760.0	1.7666669999999998
4765.0	1.763154
4770.0	1.762132
4775.0	1.749813
4780.0	1.7506540000000002
4785.0	1.756646
4790.0	1.767825
4795.0	1.7599040000000001
4800.0	1.741675
4805.0	1.7255099999999999
4810.0	1.704522
4815.0	1.694336
4820.0	1.6950490000000002
4825.0	1.6937939999999998
4830.0	1.6853069999999999
4835.0	1.702339
4840.0	1.685273
4845.0	1.653407
4850.0	1.578983
4855.0	1.439992
4860.0	1.3141639999999999
4865.0	1.386351
4870.0	1.514745
4875.0	1.5561129999999999
4880.0	1.569405
4885.0	1.563352
4890.0	1.581779
4895.0	1.585029
4900.0	1.588172
4905.0	1.577481
4910.0	1.565733
4915.0	1.553698
4920.0	1.494477
4925.0	1.505223
4930.0	1.5618020000000001
4935.0	1.559655
4940.0	1.564685
4945.0	1.567488
4950.0	1.560049
4955.0	1.55116
4960.0	1.542235
4965.0	1.531008
4970.0	1.5284790000000001
4975.0	1.515263
4980.0	1.512937
4985.0	1.503396
4990.0	1.507016
4995.0	1.511469
5000.0	1.493758
5005.0	1.480677
5010.0	1.473595
5015.0	1.453467
5020.0	1.4539360000000001
5025.0	1.456754
5030.0	1.450854
5035.0	1.44435
5040.0	1.442073
5045.0	1.417166
5050.0	1.410623
5055.0	1.4222920000000001
5060.0	1.417992
5065.0	1.420962
5070.0	1.42113
5075.0	1.4119629999999999
5080.0	1.4044809999999999
5085.0	1.3886399999999999
5090.0	1.381086
5095.0	1.376234
5100.0	1.379891
5105.0	1.379699
5110.0	1.370584
5115.0	1.365245
5120.0	1.355998
5125.0	1.353831
5130.0	1.345106
5135.0	1.350099
5140.0	1.349491
5145.0	1.331481
5150.0	1.327575
5155.0	1.31463
5160.0	1.310972
5165.0	1.312642
5170.0	1.3102690000000001
5175.0	1.3118940000000001
5180.0	1.311653
5185.0	1.300591
5190.0	1.292756
5195.0	1.2950979999999999
5200.0	1.288513
5205.0	1.275881
5210.0	1.272507
5215.0	1.264475
5220.0	1.262282
5225.0	1.264983
5230.0	1.255153
5235.0	1.252504
5240.0	1.250652
5245.0	1.244281
5250.0	1.231222
5255.0	1.226049
5260.0	1.229364
5265.0	1.2185540000000001
5270.0	1.212405
5275.0	1.209616
5280.0	1.211272
5285.0	1.205625
5290.0	1.20054
5295.0	1.20341
5300.0	1.205385
5305.0	1.189529
5310.0	1.182131
5315.0	1.180026
5320.0	1.180398
5325.0	1.183893
5330.0	1.175741
5335.0	1.169355
5340.0	1.164974
5345.0	1.166323
5350.0	1.167325
5355.0	1.1585969999999999
5360.0	1.147612
5365.0	1.1424459999999999
5370.0	1.1366
5375.0	1.129246
5380.0	1.129981
5385.0	1.125542
5390.0	1.1193950000000001
5395.0	1.114846
5400.0	1.111791
5405.0	1.0972469999999999
5410.0	1.072655
5415.0	1.078651
5420.0	1.0966790000000002
5425.0	1.095912
5430.0	1.095715
5435.0	1.0871979999999999
5440.0	1.079656
5445.0	1.068561
5450.0	1.0600129999999999
5455.0	1.057848
5460.0	1.061554
5465.0	1.058608
5470.0	1.054738
5475.0	1.054504
5480.0	1.045368
5485.0	1.036624
5490.0	1.032818
5495.0	1.039919
5500.0	1.046011
5505.0	1.03902
5510.0	1.0352370000000002
5515.0	1.0291709999999998
5520.0	1.024913
5525.0	1.017522
5530.0	1.01183
5535.0	1.003013
5540.0	0.996676
5545.0	0.999812
5550.0	1.006901
5555.0	1.008881
5560.0	1.0021799999999998
5565.0	0.997924
5570.0	0.9978290000000001
5575.0	1.00301
5580.0	0.9908110000000001
5585.0	0.9755780000000001
5590.0	0.969025
5595.0	0.972292
5600.0	0.9679700000000001
5605.0	0.9706309999999999
5610.0	0.968551
5615.0	0.9636530000000001
5620.0	0.9608979999999999
5625.0	0.959937
5630.0	0.948398
5635.0	0.9470540000000001
5640.0	0.9483659999999999
5645.0	0.941377
5650.0	0.9367409999999999
5655.0	0.930753
5660.0	0.932053
5665.0	0.926977
5670.0	0.9214959999999999
5675.0	0.919316
5680.0	0.91722
5685.0	0.9166770000000001
5690.0	0.915542
5695.0	0.905766
5700.0	0.895869
5705.0	0.890287
5710.0	0.896826
5715.0	0.892395
5720.0	0.8851620000000001
5725.0	0.8888469999999999
5730.0	0.882125
5735.0	0.876316
5740.0	0.8679540000000001
5745.0	0.8682280000000001
5750.0	0.8734870000000001
5755.0	0.873851
5760.0	0.865241
5765.0	0.8570190000000001
5770.0	0.8469770000000001
5775.0	0.8306790000000001
5780.0	0.810022
5785.0	0.823235
5790.0	0.83405
5795.0	0.823709
5800.0	0.818203
5805.0	0.8267899999999999
5810.0	0.829514
5815.0	0.8297950000000001
5820.0	0.8326540000000001
5825.0	0.834118
5830.0	0.8302780000000001
5835.0	0.8261379999999999
5840.0	0.8212809999999999
5845.0	0.810149
5850.0	0.813839
5855.0	0.8124600000000001
5860.0	0.818145
5865.0	0.810474
5870.0	0.7773100000000001
5875.0	0.743704
5880.0	0.765468
5885.0	0.753898
5890.0	0.7128359999999999
5895.0	0.72397
5900.0	0.760721
5905.0	0.787502
5910.0	0.78459
5915.0	0.780083
5920.0	0.77089
5925.0	0.77883
5930.0	0.7834
5935.0	0.766659
5940.0	0.765408
5945.0	0.753444
5950.0	0.7588199999999999
5955.0	0.758265
5960.0	0.753075
5965.0	0.7417159999999999
5970.0	0.7422380000000001
5975.0	0.746157
5980.0	0.745922
5985.0	0.741693
5990.0	0.7412920000000001
5995.0	0.740976
6000.0	0.737117
6005.0	0.729887
6010.0	0.7271989999999999
6015.0	0.726115
6020.0	0.7271350000000001
6025.0	0.722823
6030.0	0.719052
6035.0	0.716041
6040.0	0.709828
6045.0	0.719584
6050.0	0.719295
6055.0	0.717716
6060.0	0.711088
6065.0	0.704944
6070.0	0.704866
6075.0	0.702565
6080.0	0.70397
6085.0	0.700785
6090.0	0.701227
6095.0	0.695706
6100.0	0.693892
6105.0	0.6895060000000001
6110.0	0.686815
6115.0	0.687896
6120.0	0.685499
6125.0	0.684696
6130.0	0.681478
6135.0	0.676078
6140.0	0.674603
6145.0	0.672847
6150.0	0.671773
6155.0	0.667858
6160.0	0.666065
6165.0	0.660513
6170.0	0.653694
6175.0	0.650929
6180.0	0.6528430000000001
6185.0	0.6522680000000001
6190.0	0.650309
6195.0	0.648935
6200.0	0.641097
6205.0	0.640387
6210.0	0.643645
6215.0	0.6444770000000001
6220.0	0.646741
6225.0	0.646804
6230.0	0.644964
6235.0	0.6403989999999999
6240.0	0.63645
6245.0	0.636832
6250.0	0.636269
6255.0	0.6323
6260.0	0.623475
6265.0	0.616812
6270.0	0.6138399999999999
6275.0	0.600921
6280.0	0.576685
6285.0	0.5822
6290.0	0.602617
6295.0	0.6076779999999999
6300.0	0.604495
6305.0	0.601116
6310.0	0.5956899999999999
6315.0	0.596264
6320.0	0.601661
6325.0	0.6054430000000001
6330.0	0.605801
6335.0	0.603418
6340.0	0.60188
6345.0	0.595426
6350.0	0.594943
6355.0	0.59319
6360.0	0.592116
6365.0	0.5888359999999999
6370.0	0.5865859999999999
6375.0	0.58481
6380.0	0.581205
6385.0	0.580992
6390.0	0.58118
6395.0	0.58099
6400.0	0.581291
6405.0	0.577972
6410.0	0.574403
6415.0	0.5728340000000001
6420.0	0.564576
6425.0	0.566702
6430.0	0.569332
6435.0	0.5696220000000001
6440.0	0.5711470000000001
6445.0	0.566092
6450.0	0.560646
6455.0	0.560886
6460.0	0.560042
6465.0	0.561575
6470.0	0.556588
6475.0	0.5492670000000001
6480.0	0.550294
6485.0	0.548462
6490.0	0.5434359999999999
6495.0	0.545117
6500.0	0.549669
6505.0	0.545945
6510.0	0.54688
6515.0	0.541458
6520.0	0.539098
6525.0	0.534408
6530.0	0.530945
6535.0	0.531573
6540.0	0.533605
6545.0	0.5291600000000001
6550.0	0.513252
6555.0	0.48768500000000004
6560.0	0.45108100000000007
6565.0	0.44618199999999997
6570.0	0.485731
6575.0	0.512528
6580.0	0.523044
6585.0	0.52273
6590.0	0.520392
6595.0	0.52127
6600.0	0.522854
6605.0	0.525362
6610.0	0.518417
6615.0	0.514979
6620.0	0.514426
6625.0	0.514863
6630.0	0.5088699999999999
6635.0	0.5066970000000001
6640.0	0.50664
6645.0	0.50639
6650.0	0.504532
6655.0	0.5043
6660.0	0.503927
6665.0	0.501069
6670.0	0.49528
6675.0	0.476571
6680.0	0.465762
6685.0	0.48660299999999995
6690.0	0.493598
6695.0	0.49255600000000005
6700.0	0.49003199999999997
6705.0	0.49154799999999993
6710.0	0.490775
6715.0	0.487307
6720.0	0.488883
6725.0	0.486688
6730.0	0.483204
6735.0	0.48034799999999994
6740.0	0.480671
6745.0	0.479509
6750.0	0.47993
6755.0	0.47724099999999997
6760.0	0.471487
6765.0	0.473062
6770.0	0.471249
6775.0	0.471467
6780.0	0.47052700000000003
6785.0	0.468638
6790.0	0.46758500000000003
6795.0	0.467814
6800.0	0.46646899999999997
6805.0	0.4663
6810.0	0.46509300000000003
6815.0	0.46311899999999995
6820.0	0.46319499999999997
6825.0	0.46107700000000007
6830.0	0.45898999999999995
6835.0	0.455467
6840.0	0.460509
6845.0	0.45943999999999996
6850.0	0.458372
6855.0	0.45730299999999996
6860.0	0.45623400000000003
6865.0	0.45516599999999996
6870.0	0.45409700000000003
6875.0	0.453028
6880.0	0.45196000000000003
6885.0	0.450891
6890.0	0.449822
6895.0	0.448754
6900.0	0.44768500000000006
6905.0	0.446616
6910.0	0.44554799999999994
6915.0	0.444479
6920.0	0.44341
6925.0	0.442342
6930.0	0.44127299999999997
6935.0	0.440204
6940.0	0.43913599999999997
6945.0	0.438067
6950.0	0.43699799999999994
6955.0	0.43593000000000004
6960.0	0.43486099999999994
6965.0	0.433792
6970.0	0.432724
6975.0	0.430458
6980.0	0.43094
6985.0	0.426828
6990.0	0.420313
6995.0	0.42100200000000004
7000.0	0.422508
7005.0	0.4207
7010.0	0.421591
7015.0	0.42104600000000003
7020.0	0.42091999999999996
7025.0	0.416768
7030.0	0.41932700000000006
7035.0	0.4198
7040.0	0.415343
7045.0	0.41745699999999997
7050.0	0.41674399999999995
7055.0	0.41408100000000003
7060.0	0.405079
7065.0	0.387689
7070.0	0.39464
7075.0	0.407708
7080.0	0.407717
7085.0	0.404989
7090.0	0.404102
7095.0	0.406697
7100.0	0.40571799999999997
7105.0	0.402818
7110.0	0.404821
7115.0	0.405787
7120.0	0.40580700000000003
7125.0	0.403409
7130.0	0.403049
7135.0	0.402927
7140.0	0.396936
7145.0	0.396538
7150.0	0.399792
7155.0	0.398932
7160.0	0.392449
7165.0	0.38648000000000005
7170.0	0.378682
7175.0	0.371231
7180.0	0.37151300000000004
7185.0	0.3661
7190.0	0.366137
7195.0	0.369121
7200.0	0.368812
7205.0	0.371339
7210.0	0.37832
7215.0	0.381203
7220.0	0.38248699999999997
7225.0	0.37785799999999997
7230.0	0.374092
7235.0	0.367662
7240.0	0.365555
7245.0	0.366703
7250.0	0.365215
7255.0	0.363327
7260.0	0.363741
7265.0	0.361575
7270.0	0.363207
7275.0	0.355011
7280.0	0.355912
7285.0	0.359117
7290.0	0.356715
7295.0	0.359094
7300.0	0.357011
7305.0	0.352687
7310.0	0.35546500000000003
7315.0	0.351617
7320.0	0.352356
7325.0	0.35752
7330.0	0.354292
7335.0	0.35428200000000004
7340.0	0.35380100000000003
7345.0	0.351514
7350.0	0.350944
7355.0	0.351231
7360.0	0.350298
7365.0	0.350079
7370.0	0.344378
7375.0	0.344959
7380.0	0.342954
7385.0	0.341712
7390.0	0.340312
7395.0	0.341937
7400.0	0.34058
7405.0	0.33584899999999995
7410.0	0.333457
7415.0	0.332735
7420.0	0.333059
7425.0	0.336532
7430.0	0.33615700000000004
7435.0	0.33553099999999997
7440.0	0.335864
7445.0	0.334911
7450.0	0.335052
7455.0	0.33410700000000004
7460.0	0.332431
7465.0	0.33172199999999996
7470.0	0.331198
7475.0	0.32964299999999996
7480.0	0.32936
7485.0	0.327243
7490.0	0.326772
7495.0	0.326992
7500.0	0.32513000000000003
7505.0	0.324102
7510.0	0.32463200000000003
7515.0	0.323128
7520.0	0.323824
7525.0	0.322361
7530.0	0.32100100000000004
7535.0	0.319884
7540.0	0.319279
7545.0	0.318459
7550.0	0.316712
7555.0	0.315893
7560.0	0.315075
7565.0	0.314256
7570.0	0.313438
7575.0	0.312619
7580.0	0.311801
7585.0	0.31098200000000004
7590.0	0.310164
7595.0	0.309345
7600.0	0.308527
7605.0	0.307708
7610.0	0.30689
7615.0	0.306071
7620.0	0.305252
7625.0	0.30443400000000004
7630.0	0.303615
7635.0	0.302797
7640.0	0.301978
7645.0	0.30116
7650.0	0.30034099999999997
7655.0	0.299523
7660.0	0.29870399999999997
7665.0	0.29788600000000004
7670.0	0.297067
7675.0	0.296249
7680.0	0.29543
7685.0	0.294612
7690.0	0.29379299999999997
7695.0	0.292975
7700.0	0.29215599999999997
7705.0	0.291337
7710.0	0.290519
7715.0	0.2897
7720.0	0.288882
7725.0	0.288063
7730.0	0.287245
7735.0	0.286576
7740.0	0.28474099999999997
7745.0	0.284411
7750.0	0.28551
7755.0	0.284206
7760.0	0.282663
7765.0	0.282013
7770.0	0.28128200000000003
7775.0	0.280202
7780.0	0.279916
7785.0	0.279934
7790.0	0.27960799999999997
7795.0	0.278428
7800.0	0.278597
7805.0	0.278281
7810.0	0.277183
7815.0	0.27572800000000003
7820.0	0.27591
7825.0	0.275045
7830.0	0.273281
7835.0	0.272508
7840.0	0.27308499999999997
7845.0	0.271947
7850.0	0.27199
7855.0	0.271378
7860.0	0.270602
7865.0	0.268815
7870.0	0.268683
7875.0	0.268012
7880.0	0.267485
7885.0	0.26698299999999997
7890.0	0.26512399999999997
7895.0	0.263733
7900.0	0.262943
7905.0	0.262745
7910.0	0.264448
7915.0	0.263406
7920.0	0.260731
7925.0	0.25933
7930.0	0.260297
7935.0	0.260428
7940.0	0.259679
7945.0	0.259305
7950.0	0.25804099999999996
7955.0	0.25859699999999997
7960.0	0.258067
7965.0	0.256642
7970.0	0.25621900000000003
7975.0	0.2555
7980.0	0.255179
7985.0	0.25442600000000004
7990.0	0.253911
7995.0	0.253806
8000.0	0.251917
8005.0	0.252751
8010.0	0.251929
8015.0	0.251465
8020.0	0.250792
8025.0	0.250855
8030.0	0.250758
8035.0	0.250299
8040.0	0.249888
8045.0	0.249677
8050.0	0.249164
8055.0	0.248599
8060.0	0.24842199999999998
8065.0	0.24808000000000002
8070.0	0.248123
8075.0	0.247838
8080.0	0.247998
8085.0	0.247092
8090.0	0.246263
8095.0	0.244475
8100.0	0.243876
8105.0	0.243731
8110.0	0.24270799999999998
8115.0	0.241892
8120.0	0.241734
8125.0	0.24154499999999998
8130.0	0.241015
8135.0	0.23950900000000003
8140.0	0.23888099999999998
8145.0	0.237527
8150.0	0.236139
8155.0	0.23425
8160.0	0.23344099999999998
8165.0	0.23148000000000002
8170.0	0.233141
8175.0	0.23379899999999998
8180.0	0.23371799999999998
8185.0	0.23565999999999998
8190.0	0.235911
8195.0	0.235407
8200.0	0.23487399999999997
8205.0	0.23507199999999998
8210.0	0.233908
8215.0	0.23231500000000002
8220.0	0.230044
8225.0	0.22742300000000001
8230.0	0.224165
8235.0	0.226892
8240.0	0.229008
8245.0	0.229244
8250.0	0.230161
8255.0	0.228475
8260.0	0.22771100000000002
8265.0	0.226832
8270.0	0.22580100000000003
8275.0	0.22431500000000001
8280.0	0.22368400000000002
8285.0	0.223492
8290.0	0.222807
8295.0	0.22220700000000002
8300.0	0.22216799999999998
8305.0	0.22128499999999998
8310.0	0.220838
8315.0	0.220183
8320.0	0.219196
8325.0	0.21860300000000002
8330.0	0.218231
8335.0	0.216811
8340.0	0.215642
8345.0	0.21602800000000003
8350.0	0.21547600000000003
8355.0	0.21485700000000002
8360.0	0.21457800000000002
8365.0	0.21436599999999997
8370.0	0.21488000000000002
8375.0	0.214956
8380.0	0.21376900000000001
8385.0	0.21276199999999998
8390.0	0.211344
8395.0	0.209765
8400.0	0.20859299999999997
8405.0	0.207461
8410.0	0.20760599999999998
8415.0	0.208391
8420.0	0.209369
8425.0	0.21038099999999998
8430.0	0.20980900000000002
8435.0	0.20859
8440.0	0.207502
8445.0	0.207081
8450.0	0.20724800000000002
8455.0	0.205362
8460.0	0.204965
8465.0	0.204253
8470.0	0.202998
8475.0	0.201675
8480.0	0.202405
8485.0	0.202327
8490.0	0.202702
8495.0	0.20156400000000002
8500.0	0.199967
8505.0	0.200521
8510.0	0.20153
8515.0	0.20103800000000002
8520.0	0.200962
8525.0	0.20089
8530.0	0.200476
8535.0	0.20006500000000002
8540.0	0.19889
8545.0	0.197944
8550.0	0.19781500000000002
8555.0	0.19815
8560.0	0.197188
8565.0	0.196969
8570.0	0.195997
8575.0	0.194796
8580.0	0.193907
8585.0	0.192727
8590.0	0.191651
8595.0	0.190371
8600.0	0.19031900000000002
8605.0	0.191022
8610.0	0.19228800000000001
8615.0	0.192675
8620.0	0.19275499999999998
8625.0	0.193182
8630.0	0.193046
8635.0	0.192338
8640.0	0.190302
8645.0	0.18992699999999998
8650.0	0.188557
8655.0	0.187013
8660.0	0.185997
8665.0	0.184293
8670.0	0.18501900000000002
8675.0	0.185885
8680.0	0.18767999999999999
8685.0	0.188667
8690.0	0.189503
8695.0	0.189817
8700.0	0.190156
8705.0	0.190696
8710.0	0.190492
8715.0	0.190473
8720.0	0.189548
8725.0	0.187609
8730.0	0.184746
8735.0	0.18274100000000001
8740.0	0.180371
8745.0	0.177774
8750.0	0.175119
8755.0	0.175928
8760.0	0.178642
8765.0	0.181062
8770.0	0.18137999999999999
8775.0	0.181722
8780.0	0.182837
8785.0	0.1831
8790.0	0.182803
8795.0	0.182403
8800.0	0.18229
8805.0	0.18188800000000002
8810.0	0.180974
8815.0	0.180739
8820.0	0.180205
8825.0	0.179448
8830.0	0.177171
8835.0	0.173718
8840.0	0.17098
8845.0	0.168658
8850.0	0.166194
8855.0	0.164437
8860.0	0.162031
8865.0	0.163819
8870.0	0.167378
8875.0	0.170772
8880.0	0.173867
8885.0	0.176822
8890.0	0.176321
8895.0	0.17588499999999999
8900.0	0.173353
8905.0	0.17737999999999998
8910.0	0.176948
8915.0	0.173298
8920.0	0.177319
8925.0	0.175323
8930.0	0.18065699999999998
8935.0	0.179393
8940.0	0.177612
8945.0	0.17594300000000002
8950.0	0.17414300000000002
8955.0	0.172119
8960.0	0.171819
8965.0	0.167466
8970.0	0.169772
8975.0	0.169337
8980.0	0.167451
8985.0	0.164436
8990.0	0.16053599999999998
8995.0	0.161468
9000.0	0.16098900000000002
9005.0	0.158276
9010.0	0.157648
9015.0	0.156628
9020.0	0.159828
9025.0	0.162046
9030.0	0.16748
9035.0	0.171105
9040.0	0.173266
9045.0	0.17433900000000002
9050.0	0.17390999999999998
9055.0	0.170969
9060.0	0.16993
9065.0	0.168379
9070.0	0.16789500000000002
9075.0	0.167797
9080.0	0.16715
9085.0	0.16733
9090.0	0.167376
9095.0	0.16780699999999998
9100.0	0.16631600000000002
9105.0	0.166741
9110.0	0.168103
9115.0	0.169167
9120.0	0.167971
9125.0	0.166177
9130.0	0.163957
9135.0	0.162588
9140.0	0.163476
9145.0	0.16334500000000002
9150.0	0.160428
9155.0	0.158813
9160.0	0.160688
9165.0	0.161128
9170.0	0.159329
9175.0	0.15726099999999998
9180.0	0.158775
9185.0	0.15854000000000001
9190.0	0.157838
9195.0	0.156343
9200.0	0.15704500000000002
9205.0	0.15604300000000002
9210.0	0.153594
9215.0	0.15043900000000002
9220.0	0.149448
9225.0	0.147313
9230.0	0.14571900000000002
9235.0	0.14640799999999998
9240.0	0.149251
9245.0	0.15121500000000002
9250.0	0.15402000000000002
9255.0	0.154096
9260.0	0.156809
9265.0	0.158619
9270.0	0.162106
9275.0	0.163028
9280.0	0.162826
9285.0	0.162801
9290.0	0.160415
9295.0	0.157434
9300.0	0.15488
9305.0	0.151573
9310.0	0.149796
9315.0	0.146266
9320.0	0.14618399999999998
9325.0	0.144499
9330.0	0.146955
9335.0	0.14429
9340.0	0.142305
9345.0	0.140237
9350.0	0.148472
9355.0	0.14263900000000002
9360.0	0.143968
9365.0	0.149568
9370.0	0.14785399999999999
9375.0	0.150301
9380.0	0.15021500000000002
9385.0	0.154091
9390.0	0.161226
9395.0	0.164578
9400.0	0.162961
9405.0	0.158153
9410.0	0.15678699999999998
9415.0	0.156318
9420.0	0.153092
9425.0	0.148152
9430.0	0.14256
9435.0	0.14993499999999998
9440.0	0.141138
9445.0	0.141041
9450.0	0.143896
9455.0	0.140519
9460.0	0.13910799999999998
9465.0	0.14263199999999998
9470.0	0.144996
9475.0	0.144453
9480.0	0.141913
9485.0	0.146087
9490.0	0.14518599999999998
9495.0	0.137844
9500.0	0.1341
9505.0	0.14084000000000002
9510.0	0.148668
9515.0	0.14186700000000002
9520.0	0.136541
9525.0	0.13378199999999998
9530.0	0.136183
9535.0	0.133554
9540.0	0.13028399999999998
9545.0	0.12358499999999999
9550.0	0.127885
9555.0	0.127904
9560.0	0.137655
9565.0	0.13631
9570.0	0.141671
9575.0	0.14341600000000002
9580.0	0.141851
9585.0	0.139355
9590.0	0.134898
9595.0	0.135188
9600.0	0.139903
9605.0	0.138567
9610.0	0.13751
9615.0	0.136614
9620.0	0.134739
9625.0	0.13508199999999998
9630.0	0.132864
9635.0	0.133414
9640.0	0.132799
9645.0	0.13363
9650.0	0.135156
9655.0	0.135034
9660.0	0.134402
9665.0	0.134049
9670.0	0.138906
9675.0	0.138296
9680.0	0.134401
9685.0	0.13575399999999999
9690.0	0.13602
9695.0	0.136652
9700.0	0.132441
9705.0	0.132993
9710.0	0.133047
9715.0	0.134383
9720.0	0.13283499999999998
9725.0	0.130897
9730.0	0.131497
9735.0	0.129427
9740.0	0.133804
9745.0	0.12915
9750.0	0.12953
9755.0	0.128425
9760.0	0.1292
9765.0	0.129993
9770.0	0.128554
9775.0	0.129753
9780.0	0.13111199999999998
9785.0	0.129465
9790.0	0.128443
9795.0	0.125782
9800.0	0.127934
9805.0	0.126755
9810.0	0.12754200000000002
9815.0	0.124404
9820.0	0.126607
9825.0	0.124493
9830.0	0.124449
9835.0	0.12454000000000001
9840.0	0.125049
9845.0	0.12486099999999999
9850.0	0.126345
9855.0	0.127538
9860.0	0.122019
9865.0	0.125405
9870.0	0.124426
9875.0	0.12238099999999999
9880.0	0.12040999999999999
9885.0	0.12157799999999999
9890.0	0.123331
9895.0	0.118959
9900.0	0.121599
9905.0	0.121999
9910.0	0.121359
9915.0	0.12066199999999999
9920.0	0.121199
9925.0	0.119191
9930.0	0.118559
9935.0	0.117997
9940.0	0.117022
9945.0	0.116628
9950.0	0.119583
9955.0	0.11980999999999999
9960.0	0.12708
9965.0	0.11880399999999999
9970.0	0.11536700000000001
9975.0	0.120593
9980.0	0.111723
9985.0	0.115398
9990.0	0.11502799999999999
9995.0	0.11707999999999999
10000.0	0.11602799999999999
10005.0	0.110081
10010.0	0.11406300000000001
10015.0	0.113666
10020.0	0.111631
10025.0	0.10880799999999999
10030.0	0.108127
10035.0	0.106832
10040.0	0.10371199999999998
10045.0	0.10554200000000001
10050.0	0.10289200000000001
10055.0	0.105031
10060.0	0.108378
10065.0	0.10255299999999999
10070.0	0.106522
10075.0	0.105099
10080.0	0.11570699999999999
10085.0	0.11803399999999999
10090.0	0.11040699999999999
10095.0	0.110752
10100.0	0.113473
10105.0	0.11021700000000001
10110.0	0.11134200000000001
10115.0	0.107618
10120.0	0.11024400000000001
10125.0	0.104735
10130.0	0.109098
10135.0	0.10608800000000002
10140.0	0.10952200000000001
10145.0	0.10906700000000001
10150.0	0.10793299999999999
10155.0	0.10658800000000002
10160.0	0.10549700000000001
10165.0	0.104976
10170.0	0.104743
10175.0	0.104367
10180.0	0.10341600000000001
10185.0	0.101661
10190.0	0.099676
10195.0	0.098238
10200.0	0.098123
10205.0	0.099829
10210.0	0.102737
10215.0	0.10595299999999999
10220.0	0.108579
10225.0	0.109904
10230.0	0.109946
10235.0	0.10890999999999999
10240.0	0.10699600000000001
10245.0	0.104467
10250.0	0.10180499999999999
10255.0	0.09955399999999999
10260.0	0.098255
10265.0	0.098251
10270.0	0.09908600000000001
10275.0	0.100106
10280.0	0.10065700000000001
10285.0	0.100261
10290.0	0.099136
10295.0	0.09767999999999999
10300.0	0.096288
10305.0	0.09667
10310.0	0.09629
10315.0	0.096092
10320.0	0.09605
10325.0	0.09613300000000001
10330.0	0.09626799999999999
10335.0	0.096377
10340.0	0.09638
10345.0	0.096234
10350.0	0.096042
10355.0	0.095944
10360.0	0.09608
10365.0	0.096524
10370.0	0.097083
10375.0	0.097501
10380.0	0.097518
10385.0	0.096971
10390.0	0.096078
10395.0	0.095153
10400.0	0.09450800000000001
10405.0	0.094363
10410.0	0.09457
10415.0	0.094886
10420.0	0.09507
10425.0	0.094941
10430.0	0.094563
10435.0	0.094065
10440.0	0.093572
10445.0	0.09319
10450.0	0.092932
10455.0	0.092795
10460.0	0.09277200000000001
10465.0	0.09285
10470.0	0.092986
10475.0	0.09312899999999999
10480.0	0.09322899999999999
10485.0	0.09324
10490.0	0.093128
10495.0	0.092864
10500.0	0.09242
10505.0	0.09178
10510.0	0.090985
10515.0	0.09009299999999999
10520.0	0.089159
10525.0	0.088253
10530.0	0.087495
10535.0	0.087014
10540.0	0.08694400000000001
10545.0	0.087357
10550.0	0.08807999999999999
10555.0	0.088883
10560.0	0.089535
10565.0	0.08985499999999999
10570.0	0.089861
10575.0	0.089621
10580.0	0.08920499999999999
10585.0	0.088688
10590.0	0.088171
10595.0	0.087766
10600.0	0.08758200000000001
10605.0	0.08769400000000001
10610.0	0.088055
10615.0	0.08857999999999999
10620.0	0.089188
10625.0	0.088022
10630.0	0.087872
10635.0	0.08772200000000001
10640.0	0.087573
10645.0	0.087423
10650.0	0.087274
10655.0	0.087125
10660.0	0.086977
10665.0	0.086828
10670.0	0.08668
10675.0	0.08653200000000001
10680.0	0.086384
10685.0	0.086237
10690.0	0.086089
10695.0	0.08594199999999999
10700.0	0.08579500000000001
10705.0	0.085649
10710.0	0.085502
10715.0	0.085356
10720.0	0.08520900000000001
10725.0	0.085064
10730.0	0.084918
10735.0	0.084772
10740.0	0.084627
10745.0	0.084482
10750.0	0.084337
10755.0	0.08419199999999999
10760.0	0.084048
10765.0	0.08390399999999999
10770.0	0.083759
10775.0	0.083616
10780.0	0.083472
10785.0	0.083329
10790.0	0.08318500000000001
10795.0	0.08304199999999999
10800.0	0.082899
10805.0	0.08275700000000001
10810.0	0.08261399999999999
10815.0	0.082472
10820.0	0.08233
10825.0	0.082188
10830.0	0.08204700000000001
10835.0	0.08190499999999999
10840.0	0.081764
10845.0	0.081623
10850.0	0.081482
10855.0	0.081342
10860.0	0.081201
10865.0	0.08106100000000001
10870.0	0.080921
10875.0	0.08078099999999999
10880.0	0.08064199999999999
10885.0	0.080502
10890.0	0.080363
10895.0	0.080224
10900.0	0.080086
10905.0	0.079947
10910.0	0.079809
10915.0	0.079671
10920.0	0.079533
10925.0	0.07939500000000001
10930.0	0.07925700000000001
10935.0	0.07912000000000001
10940.0	0.078983
10945.0	0.078846
10950.0	0.078709
10955.0	0.078573
10960.0	0.078436
10965.0	0.0783
10970.0	0.078164
10975.0	0.078029
10980.0	0.07789299999999999
10985.0	0.07775800000000001
10990.0	0.077623
10995.0	0.077488
11000.0	0.07735299999999999
11005.0	0.077218
11010.0	0.077084
11015.0	0.07695
11020.0	0.076816
11025.0	0.076682
11030.0	0.076549
11035.0	0.076415
11040.0	0.076282
11045.0	0.076149
11050.0	0.076017
11055.0	0.07588400000000001
11060.0	0.075752
11065.0	0.07562
11070.0	0.075488
11075.0	0.07535599999999999
11080.0	0.075224
11085.0	0.075093
11090.0	0.074962
11095.0	0.074831
11100.0	0.0747
11105.0	0.07457000000000001
11110.0	0.074439
11115.0	0.074309
11120.0	0.074179
11125.0	0.074049
11130.0	0.07392
11135.0	0.073791
11140.0	0.073661
11145.0	0.073532
11150.0	0.073404
11155.0	0.073275
11160.0	0.073147
11165.0	0.073019
11170.0	0.072891
11175.0	0.072763
11180.0	0.072635
11185.0	0.072508
11190.0	0.072381
11195.0	0.072254
11200.0	0.072127
11205.0	0.072
11210.0	0.07187400000000001
11215.0	0.071747
11220.0	0.071621
11225.0	0.071496
11230.0	0.07137
11235.0	0.071245
11240.0	0.071119
11245.0	0.070994
11250.0	0.070869
11255.0	0.070745
11260.0	0.07062
11265.0	0.070496
11270.0	0.070372
11275.0	0.070248
11280.0	0.070124
11285.0	0.070001
11290.0	0.069877
11295.0	0.069754
11300.0	0.069631
11305.0	0.069509
11310.0	0.069386
11315.0	0.06926399999999999
11320.0	0.069142
11325.0	0.06902
11330.0	0.068898
11335.0	0.068776
11340.0	0.068655
11345.0	0.068534
11350.0	0.068413
11355.0	0.06829199999999999
11360.0	0.06817100000000001
11365.0	0.068051
11370.0	0.06792999999999999
11375.0	0.06781000000000001
11380.0	0.067691
11385.0	0.067571
11390.0	0.067451
11395.0	0.067332
11400.0	0.067213
11405.0	0.067094
11410.0	0.066975
11415.0	0.066857
11420.0	0.06673899999999999
11425.0	0.06662
11430.0	0.06650199999999999
11435.0	0.066385
11440.0	0.06626699999999999
11445.0	0.06615
11450.0	0.06603200000000001
11455.0	0.065915
11460.0	0.065799
11465.0	0.065682
11470.0	0.065566
11475.0	0.06544900000000001
11480.0	0.065333
11485.0	0.065217
11490.0	0.065102
11495.0	0.064986
11500.0	0.064871
11505.0	0.064756
11510.0	0.06464099999999999
11515.0	0.064526
11520.0	0.064411
11525.0	0.064297
11530.0	0.064183
11535.0	0.064069
11540.0	0.063955
11545.0	0.063841
11550.0	0.06372799999999999
11555.0	0.06361499999999999
11560.0	0.063502
11565.0	0.063389
11570.0	0.063276
11575.0	0.063164
11580.0	0.063051
11585.0	0.062939
11590.0	0.062827
11595.0	0.06271499999999999
11600.0	0.06260399999999999
11605.0	0.062492
11610.0	0.06238099999999999
11615.0	0.062270000000000006
11620.0	0.062159000000000006
11625.0	0.062049
11630.0	0.061938
11635.0	0.061827999999999994
11640.0	0.061717999999999995
11645.0	0.061608
11650.0	0.061498000000000004
11655.0	0.061389
11660.0	0.06127899999999999
11665.0	0.06117
11670.0	0.061061000000000004
11675.0	0.060952
11680.0	0.060844
11685.0	0.060735000000000004
11690.0	0.060627
11695.0	0.060519
11700.0	0.060411
11705.0	0.060302999999999995
11710.0	0.060196000000000006
11715.0	0.060088
11720.0	0.05998099999999999
11725.0	0.059874000000000004
11730.0	0.059766999999999994
11735.0	0.059661
11740.0	0.059553999999999996
11745.0	0.059448
11750.0	0.059342
11755.0	0.059236000000000004
11760.0	0.059129999999999995
11765.0	0.059025
11770.0	0.058919000000000006
11775.0	0.058814
11780.0	0.058709000000000004
11785.0	0.058603999999999996
11790.0	0.0585
11795.0	0.058395
11800.0	0.058290999999999996
11805.0	0.058187
11810.0	0.058083
11815.0	0.057978999999999996
11820.0	0.057876
11825.0	0.057773000000000005
11830.0	0.057669000000000005
11835.0	0.057566
11840.0	0.057464
11845.0	0.057361
11850.0	0.057258
11855.0	0.05715599999999999
11860.0	0.057053999999999994
11865.0	0.056951999999999996
11870.0	0.05685
11875.0	0.056749
11880.0	0.056647
11885.0	0.056546000000000006
11890.0	0.056445
11895.0	0.056344000000000005
11900.0	0.056244
11905.0	0.056143
11910.0	0.056042999999999996
11915.0	0.05594299999999999
11920.0	0.055843
11925.0	0.055742999999999994
11930.0	0.055643
11935.0	0.055544
11940.0	0.05544400000000001
11945.0	0.055345000000000005
11950.0	0.055246
11955.0	0.055148
11960.0	0.055049
11965.0	0.054951
11970.0	0.054853
11975.0	0.054755
11980.0	0.054657000000000004
11985.0	0.054559
11990.0	0.054462
11995.0	0.054363999999999996
12000.0	0.054266999999999996
12005.0	0.05417
12010.0	0.054073
12015.0	0.053977
12020.0	0.05388
12025.0	0.053784000000000005
12030.0	0.053688
12035.0	0.053591999999999994
12040.0	0.053496
12045.0	0.053401
12050.0	0.053305
12055.0	0.05321
12060.0	0.053114999999999996
12065.0	0.053020000000000005
12070.0	0.052925
12075.0	0.052830999999999996
12080.0	0.052736
12085.0	0.052641999999999994
12090.0	0.052548000000000004
12095.0	0.052453999999999994
12100.0	0.052361000000000005
12105.0	0.052266999999999994
12110.0	0.052174
12115.0	0.052080999999999995
12120.0	0.051988
12125.0	0.051895000000000004
12130.0	0.051802
12135.0	0.05171
12140.0	0.051618
12145.0	0.051526
12150.0	0.051434
12155.0	0.051342
12160.0	0.05125
12165.0	0.051158999999999996
12170.0	0.051068
12175.0	0.050976
12180.0	0.050886
12185.0	0.050795
12190.0	0.050704
12195.0	0.050614
12200.0	0.050524
12205.0	0.050434
12210.0	0.050344
12215.0	0.050254
12220.0	0.050164
12225.0	0.050075
12230.0	0.049986
12235.0	0.049897000000000004
12240.0	0.049808
12245.0	0.049719
12250.0	0.049631
12255.0	0.049542
12260.0	0.049454000000000005
12265.0	0.049366
12270.0	0.049277999999999995
12275.0	0.049191000000000006
12280.0	0.049102999999999994
12285.0	0.049016000000000004
12290.0	0.048928
12295.0	0.048841
12300.0	0.048755
12305.0	0.048668
12310.0	0.048581
12315.0	0.048494999999999996
12320.0	0.048409
12325.0	0.048323000000000005
12330.0	0.048237
12335.0	0.048151
12340.0	0.048066000000000005
12345.0	0.04798
12350.0	0.047895
12355.0	0.047810000000000005
12360.0	0.047725
12365.0	0.047641
12370.0	0.047556
12375.0	0.047472
12380.0	0.047387
12385.0	0.047303
12390.0	0.04722
12395.0	0.047136000000000004
12400.0	0.047052
12405.0	0.046969
12410.0	0.046886000000000004
12415.0	0.046803
12420.0	0.04672
12425.0	0.046637
12430.0	0.046554000000000005
12435.0	0.046472
12440.0	0.04639
12445.0	0.046307999999999995
12450.0	0.046225999999999996
12455.0	0.046144
12460.0	0.046062
12465.0	0.045981
12470.0	0.045899
12475.0	0.045818
12480.0	0.045737
12485.0	0.045656999999999996
12490.0	0.045576
12495.0	0.045495
12500.0	0.045415
12505.0	0.045335
12510.0	0.045255000000000004
12515.0	0.045175
12520.0	0.045094999999999996
12525.0	0.045016
12530.0	0.044936000000000004
12535.0	0.044857
12540.0	0.044778
12545.0	0.044699
12550.0	0.04462
12555.0	0.044542
12560.0	0.044463
12565.0	0.044385
12570.0	0.044307
12575.0	0.044229000000000004
12580.0	0.044150999999999996
12585.0	0.044073
12590.0	0.043996
12595.0	0.043919
12600.0	0.043841000000000005
12605.0	0.043764
12610.0	0.043688
12615.0	0.043611000000000004
12620.0	0.043533999999999996
12625.0	0.043458
12630.0	0.043382
12635.0	0.043305
12640.0	0.043229000000000004
12645.0	0.043154000000000005
12650.0	0.043078
12655.0	0.043003
12660.0	0.042927
12665.0	0.042852
12670.0	0.042776999999999996
12675.0	0.042702
12680.0	0.042627
12685.0	0.042553
12690.0	0.042477999999999995
12695.0	0.042404000000000004
12700.0	0.04233
12705.0	0.042256
12710.0	0.042182
12715.0	0.042108
12720.0	0.042035
12725.0	0.041962
12730.0	0.041888
12735.0	0.041815
12740.0	0.041742
12745.0	0.04167
12750.0	0.041597
12755.0	0.041524
12760.0	0.041451999999999996
12765.0	0.04138
12770.0	0.041308
12775.0	0.041236
12780.0	0.041164
12785.0	0.041093
12790.0	0.041020999999999995
12795.0	0.04095
12800.0	0.040879
12805.0	0.040808
12810.0	0.040737
12815.0	0.040666
12820.0	0.040596
12825.0	0.040525
12830.0	0.040455
12835.0	0.040385000000000004
12840.0	0.040315
12845.0	0.040244999999999996
12850.0	0.040175999999999996
12855.0	0.040106
12860.0	0.040037
12865.0	0.039967
12870.0	0.039898
12875.0	0.039829
12880.0	0.039761000000000005
12885.0	0.039692000000000005
12890.0	0.039623
12895.0	0.039555
12900.0	0.039487
12905.0	0.039419
12910.0	0.039351
12915.0	0.039283
12920.0	0.039215
12925.0	0.039148
12930.0	0.039081
12935.0	0.039013
12940.0	0.038945999999999995
12945.0	0.038879000000000004
12950.0	0.038813
12955.0	0.038745999999999996
12960.0	0.038679000000000005
12965.0	0.038613
12970.0	0.038547000000000005
12975.0	0.038481
12980.0	0.038415
12985.0	0.038349
12990.0	0.038283
12995.0	0.038218
13000.0	0.038152
13005.0	0.038087
13010.0	0.038022
13015.0	0.037957
13020.0	0.037892
13025.0	0.037827
13030.0	0.037763
13035.0	0.037699
13040.0	0.037634
13045.0	0.03757
13050.0	0.037506
13055.0	0.037442
13060.0	0.037379
13065.0	0.037315
13070.0	0.037251
13075.0	0.037188
13080.0	0.037125
13085.0	0.037062
13090.0	0.036999000000000004
13095.0	0.036936000000000004
13100.0	0.036874000000000004
13105.0	0.036811
13110.0	0.036749000000000004
13115.0	0.036687
13120.0	0.036625
13125.0	0.036563
13130.0	0.036501
13135.0	0.036439
13140.0	0.036378
13145.0	0.036316
13150.0	0.036255
13155.0	0.036194
13160.0	0.036133
13165.0	0.036072
13170.0	0.036011
13175.0	0.03595
13180.0	0.03589
13185.0	0.03583
13190.0	0.035769
13195.0	0.035709
13200.0	0.035649
13205.0	0.03559
13210.0	0.03553
13215.0	0.03547
13220.0	0.035411
13225.0	0.035352
13230.0	0.035292000000000004
13235.0	0.035233
13240.0	0.035175
13245.0	0.035116
13250.0	0.035057
13255.0	0.034999
13260.0	0.03494
13265.0	0.034881999999999996
13270.0	0.034824
13275.0	0.034766000000000005
13280.0	0.034707999999999996
13285.0	0.03465
13290.0	0.034593
13295.0	0.034535
13300.0	0.034477999999999995
13305.0	0.034421
13310.0	0.034364
13315.0	0.034307
13320.0	0.03425
13325.0	0.034193
13330.0	0.034137
13335.0	0.03408
13340.0	0.034024
13345.0	0.033968
13350.0	0.033912
13355.0	0.033856
13360.0	0.0338
13365.0	0.033744
13370.0	0.033688
13375.0	0.033632999999999996
13380.0	0.033578
13385.0	0.033523000000000004
13390.0	0.033467000000000004
13395.0	0.033413
13400.0	0.033358
13405.0	0.033303
13410.0	0.033248
13415.0	0.033194
13420.0	0.033139999999999996
13425.0	0.033086000000000004
13430.0	0.033031
13435.0	0.032978
13440.0	0.032924
13445.0	0.032869999999999996
13450.0	0.032816000000000005
13455.0	0.032763
13460.0	0.03271
13465.0	0.032656
13470.0	0.032603
13475.0	0.03255
13480.0	0.032497000000000005
13485.0	0.032445
13490.0	0.032392000000000004
13495.0	0.03234
13500.0	0.032287
13505.0	0.032235
13510.0	0.032182999999999996
13515.0	0.032131
13520.0	0.032079
13525.0	0.032027
13530.0	0.031976
13535.0	0.031924
13540.0	0.031873
13545.0	0.031820999999999995
13550.0	0.03177
13555.0	0.031719
13560.0	0.031668
13565.0	0.031617
13570.0	0.031567000000000005
13575.0	0.031516
13580.0	0.031466
13585.0	0.031415
13590.0	0.031365
13595.0	0.031314999999999996
13600.0	0.031265
13605.0	0.031214999999999996
13610.0	0.031164999999999998
13615.0	0.031116
13620.0	0.031066000000000003
13625.0	0.031017000000000003
13630.0	0.030968
13635.0	0.030918
13640.0	0.030869
13645.0	0.03082
13650.0	0.030772000000000004
13655.0	0.030723
13660.0	0.030674
13665.0	0.030626
13670.0	0.030576999999999997
13675.0	0.030529
13680.0	0.030481
13685.0	0.030432999999999998
13690.0	0.030385000000000002
13695.0	0.030337
13700.0	0.030289999999999997
13705.0	0.030242
13710.0	0.030194
13715.0	0.030147000000000004
13720.0	0.0301
13725.0	0.030052999999999996
13730.0	0.030006
13735.0	0.029958999999999996
13740.0	0.029912
13745.0	0.029865
13750.0	0.029819
13755.0	0.029772000000000003
13760.0	0.029726
13765.0	0.02968
13770.0	0.029633999999999997
13775.0	0.029588
13780.0	0.029542000000000002
13785.0	0.029495999999999998
13790.0	0.02945
13795.0	0.029405
13800.0	0.029358999999999996
13805.0	0.029314
13810.0	0.029268000000000002
13815.0	0.029223000000000002
13820.0	0.029177999999999996
13825.0	0.029133
13830.0	0.029089
13835.0	0.029044
13840.0	0.028999
13845.0	0.028955
13850.0	0.02891
13855.0	0.028866000000000003
13860.0	0.028822000000000004
13865.0	0.028777999999999998
13870.0	0.028734
13875.0	0.028689999999999997
13880.0	0.028645999999999998
13885.0	0.028602999999999996
13890.0	0.028558999999999998
13895.0	0.028516000000000003
13900.0	0.028472000000000004
13905.0	0.028429000000000003
13910.0	0.028386
13915.0	0.028343
13920.0	0.0283
13925.0	0.028257
13930.0	0.028214
13935.0	0.028172000000000003
13940.0	0.028129
13945.0	0.028087
13950.0	0.028045
13955.0	0.028002999999999997
13960.0	0.027960000000000002
13965.0	0.027918000000000002
13970.0	0.027877
13975.0	0.027835000000000002
13980.0	0.027793
13985.0	0.027752
13990.0	0.027710000000000002
13995.0	0.027669
14000.0	0.027627
14005.0	0.027586000000000003
14010.0	0.027545
14015.0	0.027504
14020.0	0.027462999999999998
14025.0	0.027423000000000003
14030.0	0.027382
14035.0	0.027341000000000004
14040.0	0.027301
14045.0	0.027261
14050.0	0.027219999999999998
14055.0	0.027180000000000003
14060.0	0.027139999999999997
14065.0	0.0271
14070.0	0.02706
14075.0	0.027020999999999996
14080.0	0.026981
14085.0	0.026941000000000003
14090.0	0.026902
14095.0	0.026862
14100.0	0.026823000000000003
14105.0	0.026784
14110.0	0.026744999999999998
14115.0	0.026706
14120.0	0.026667000000000003
14125.0	0.026628
14130.0	0.02659
14135.0	0.026550999999999998
14140.0	0.026512
14145.0	0.026474
14150.0	0.026436
14155.0	0.026398
14160.0	0.026358999999999997
14165.0	0.026320999999999997
14170.0	0.026282999999999997
14175.0	0.026246
14180.0	0.026208
14185.0	0.02617
14190.0	0.026133
14195.0	0.026095
14200.0	0.026057999999999998
14205.0	0.026021
14210.0	0.025983
14215.0	0.025945999999999997
14220.0	0.025908999999999998
14225.0	0.025872000000000003
14230.0	0.025836
14235.0	0.025799000000000002
14240.0	0.025762
14245.0	0.025726
14250.0	0.025689
14255.0	0.025653
14260.0	0.025617
14265.0	0.025581
14270.0	0.025544999999999998
14275.0	0.025509
14280.0	0.025473
14285.0	0.025437
14290.0	0.025401
14295.0	0.025366
14300.0	0.025330000000000002
14305.0	0.02509
14310.0	0.024829
14315.0	0.024591
14320.0	0.024465
14325.0	0.024527
14330.0	0.024725
14335.0	0.024999
14340.0	0.025235
14345.0	0.025335
14350.0	0.025263
14355.0	0.025063
14360.0	0.024822999999999998
14365.0	0.024627
14370.0	0.02453
14375.0	0.024541
14380.0	0.024628
14385.0	0.024732
14390.0	0.024791999999999998
14395.0	0.024774
14400.0	0.024684
14405.0	0.024567
14410.0	0.024477000000000002
14415.0	0.024453
14420.0	0.024501
14425.0	0.024585
14430.0	0.02465
14435.0	0.02461
14440.0	0.024465999999999998
14445.0	0.024241
14450.0	0.024013
14455.0	0.023862
14460.0	0.023841
14465.0	0.023964
14470.0	0.024191999999999998
14475.0	0.024436000000000003
14480.0	0.02458
14485.0	0.024536000000000002
14490.0	0.0243
14495.0	0.023954
14500.0	0.023254
14505.0	0.022827
14510.0	0.022713
14515.0	0.022919
14520.0	0.023363
14525.0	0.023884
14530.0	0.024293000000000002
14535.0	0.024453
14540.0	0.024352000000000002
14545.0	0.024083
14550.0	0.023772
14555.0	0.023544
14560.0	0.023444
14565.0	0.023474000000000002
14570.0	0.023586000000000003
14575.0	0.023714
14580.0	0.023797
14585.0	0.023798
14590.0	0.023715
14595.0	0.023571
14600.0	0.023406
14605.0	0.023263
14610.0	0.023176
14615.0	0.023161
14620.0	0.023213
14625.0	0.023306
14630.0	0.023397
14635.0	0.023441999999999998
14640.0	0.023407
14645.0	0.023288
14650.0	0.023118
14655.0	0.022952
14660.0	0.022849
14665.0	0.022838999999999998
14670.0	0.022885
14675.0	0.022936
14680.0	0.022915
14685.0	0.02276
14690.0	0.022443
14695.0	0.021988
14700.0	0.021477
14705.0	0.021037
14710.0	0.020789
14715.0	0.020801
14720.0	0.021066
14725.0	0.021505
14730.0	0.021996
14735.0	0.022428999999999998
14740.0	0.022728
14745.0	0.022858
14750.0	0.022835
14755.0	0.022706999999999998
14760.0	0.022539
14765.0	0.02239
14770.0	0.022295
14775.0	0.02225
14780.0	0.022248
14785.0	0.022256
14790.0	0.022261000000000003
14795.0	0.022257
14800.0	0.022249
14805.0	0.022247
14810.0	0.022258
14815.0	0.022281
14820.0	0.022303
14825.0	0.022302000000000002
14830.0	0.022258
14835.0	0.022152
14840.0	0.02198
14845.0	0.02175
14850.0	0.021488
14855.0	0.021234
14860.0	0.021028
14865.0	0.020903
14870.0	0.020874
14875.0	0.020933
14880.0	0.021059
14885.0	0.021219
14890.0	0.02138
14895.0	0.021522
14900.0	0.021627
14905.0	0.021705000000000002
14910.0	0.021759
14915.0	0.021796
14920.0	0.021818999999999998
14925.0	0.021825999999999998
14930.0	0.021813
14935.0	0.021777
14940.0	0.021719
14945.0	0.021644999999999998
14950.0	0.021563
14955.0	0.021483000000000002
14960.0	0.021411000000000003
14965.0	0.021351
14970.0	0.021304
14975.0	0.021275
14980.0	0.021266
14985.0	0.021279
14990.0	0.021314
14995.0	0.021363
15000.0	0.021415
15005.0	0.021449
15010.0	0.021445
15015.0	0.021397
15020.0	0.021293
15025.0	0.021163
15030.0	0.021028
15035.0	0.020916
15040.0	0.020846
15045.0	0.020826
15050.0	0.020850999999999998
15055.0	0.020902
15060.0	0.020958
15065.0	0.020999
15070.0	0.02101
15075.0	0.02099
15080.0	0.020943
15085.0	0.020878999999999998
15090.0	0.020807
15095.0	0.020735
15100.0	0.020669999999999997
15105.0	0.020617
15110.0	0.020582
15115.0	0.020574000000000002
15120.0	0.02059
15125.0	0.020624
15130.0	0.020661000000000002
15135.0	0.020687
15140.0	0.020681
15145.0	0.020624
15150.0	0.020527
15155.0	0.020451
15160.0	0.020146
15165.0	0.019801
15170.0	0.019563
15175.0	0.019463
15180.0	0.0195
15185.0	0.019646
15190.0	0.019844999999999998
15195.0	0.020038999999999998
15200.0	0.020194999999999998
15205.0	0.020306
15210.0	0.020380000000000002
15215.0	0.020413
15220.0	0.020391
15225.0	0.020321000000000002
15230.0	0.020211
15235.0	0.020069
15240.0	0.019913
15245.0	0.01977
15250.0	0.01966
15255.0	0.019594
15260.0	0.019576
15265.0	0.019607
15270.0	0.019663
15275.0	0.019709
15280.0	0.019753
15285.0	0.0198
15290.0	0.019855
15295.0	0.019916
15300.0	0.019962999999999998
15305.0	0.019961000000000003
15310.0	0.019896
15315.0	0.019791
15320.0	0.019668
15325.0	0.019563999999999998
15330.0	0.019505
15335.0	0.019504
15340.0	0.019561000000000002
15345.0	0.019651
15350.0	0.019735
15355.0	0.019758
15360.0	0.019708
15365.0	0.019615
15370.0	0.019528999999999998
15375.0	0.019492
15380.0	0.019522
15385.0	0.019605
15390.0	0.019704
15395.0	0.019765
15400.0	0.019767
15405.0	0.019666
15410.0	0.019479
15415.0	0.019249000000000002
15420.0	0.019037000000000002
15425.0	0.018895
15430.0	0.01885
15435.0	0.0189
15440.0	0.01901
15445.0	0.019136
15450.0	0.019241
15455.0	0.0193
15460.0	0.019306999999999998
15465.0	0.019272
15470.0	0.019218
15475.0	0.019163
15480.0	0.019129
15485.0	0.019125
15490.0	0.019147
15495.0	0.019185
15500.0	0.01923
15505.0	0.019261
15510.0	0.019247
15515.0	0.019178999999999998
15520.0	0.019056
15525.0	0.018887
15530.0	0.018715
15535.0	0.018569
15540.0	0.018479
15545.0	0.018461
15550.0	0.018518
15555.0	0.018628
15560.0	0.018743
15565.0	0.018819
15570.0	0.018831
15575.0	0.018779
15580.0	0.018695
15585.0	0.018628
15590.0	0.018619999999999998
15595.0	0.018687
15600.0	0.018811
15605.0	0.018944
15610.0	0.019025
15615.0	0.019012
15620.0	0.018893
15625.0	0.018699
15630.0	0.018489
15635.0	0.018330000000000003
15640.0	0.018274000000000002
15645.0	0.018331999999999998
15650.0	0.018472
15655.0	0.01864
15660.0	0.018763
15665.0	0.01879
15670.0	0.018701
15675.0	0.018532
15680.0	0.018337
15685.0	0.018164
15690.0	0.018036
15695.0	0.017942
15700.0	0.017853
15705.0	0.017740000000000002
15710.0	0.017602
15715.0	0.017467
15720.0	0.01737
15725.0	0.01734
15730.0	0.01741
15735.0	0.017605000000000003
15740.0	0.017894
15745.0	0.018259
15750.0	0.018552000000000003
15755.0	0.018444
15760.0	0.018453
15765.0	0.018275
15770.0	0.018144
15775.0	0.018005
15780.0	0.017971
15785.0	0.017891
15790.0	0.017866
15795.0	0.018018
15800.0	0.018086
15805.0	0.018165999999999998
15810.0	0.018142
15815.0	0.018024000000000002
15820.0	0.018055
15825.0	0.017981999999999998
15830.0	0.017931
15835.0	0.017998
15840.0	0.018022
15845.0	0.01797
15850.0	0.017833
15855.0	0.017687
15860.0	0.017567
15865.0	0.017488
15870.0	0.017299000000000002
15875.0	0.0173
15880.0	0.017315
15885.0	0.017266999999999998
15890.0	0.017351
15895.0	0.017332
15900.0	0.017391
15905.0	0.017443
15910.0	0.017522
15915.0	0.017497
15920.0	0.017397
15925.0	0.017355000000000002
15930.0	0.017365000000000002
15935.0	0.017377
15940.0	0.017377
15945.0	0.017319
15950.0	0.017256
15955.0	0.017146
15960.0	0.017217
15965.0	0.017276
15970.0	0.017274
15975.0	0.01738
15980.0	0.017498
15985.0	0.017501
15990.0	0.017503
15995.0	0.017351
16000.0	0.017161000000000003
16005.0	0.016926
16010.0	0.016853
16015.0	0.016687999999999998
16020.0	0.016628
16025.0	0.016776
16030.0	0.016857
16035.0	0.017013
16040.0	0.017127
16045.0	0.017175
16050.0	0.017218
16055.0	0.017188
16060.0	0.017001
16065.0	0.016845
16070.0	0.016693
16075.0	0.016437
16080.0	0.01624
16085.0	0.016084
16090.0	0.016005000000000002
16095.0	0.015944999999999997
16100.0	0.015944999999999997
16105.0	0.015880000000000002
16110.0	0.015928
16115.0	0.016025
16120.0	0.016153
16125.0	0.016395
16130.0	0.016390000000000002
16135.0	0.016367
16140.0	0.016281999999999998
16145.0	0.016336
16150.0	0.016313
16155.0	0.016224000000000002
16160.0	0.016222
16165.0	0.016301
16170.0	0.016399
16175.0	0.016413
16180.0	0.016302
16185.0	0.016298
16190.0	0.016237
16195.0	0.016076
16200.0	0.016162
16205.0	0.016231
16210.0	0.01619
16215.0	0.016268
16220.0	0.016261
16225.0	0.016225999999999997
16230.0	0.016312
16235.0	0.016130000000000002
16240.0	0.016062
16245.0	0.015957
16250.0	0.015887000000000002
16255.0	0.015872
16260.0	0.015891
16265.0	0.015986
16270.0	0.015933000000000003
16275.0	0.016041999999999997
16280.0	0.016012000000000002
16285.0	0.016082
16290.0	0.016066
16295.0	0.015972999999999998
16300.0	0.015943000000000002
16305.0	0.016002000000000002
16310.0	0.016114
16315.0	0.016188
16320.0	0.016181
16325.0	0.016028999999999998
16330.0	0.016051
16335.0	0.015927
16340.0	0.015847999999999998
16345.0	0.015776
16350.0	0.015663999999999997
16355.0	0.015776
16360.0	0.015984
16365.0	0.016105
16370.0	0.016123
16375.0	0.016
16380.0	0.015857
16385.0	0.015649
16390.0	0.015387
16395.0	0.015156999999999999
16400.0	0.015003
16405.0	0.014955000000000001
16410.0	0.015016999999999999
16415.0	0.014513
16420.0	0.014898
16425.0	0.015249
16430.0	0.015491999999999999
16435.0	0.015591999999999998
16440.0	0.015568
16445.0	0.015475999999999998
16450.0	0.015387999999999999
16455.0	0.015361000000000001
16460.0	0.015421
16465.0	0.01555
16470.0	0.01569
16475.0	0.015777
16480.0	0.015769
16485.0	0.015666
16490.0	0.015465999999999999
16495.0	0.015253000000000001
16500.0	0.015085
16505.0	0.015007
16510.0	0.015034
16515.0	0.015144
16520.0	0.015287
16525.0	0.015404
16530.0	0.015452
16535.0	0.015419
16540.0	0.015324
16545.0	0.01521
16550.0	0.015125999999999999
16555.0	0.015108000000000002
16560.0	0.015162
16565.0	0.015263999999999998
16570.0	0.015373
16575.0	0.015438999999999998
16580.0	0.015424
16585.0	0.015318
16590.0	0.015144999999999999
16595.0	0.014957
16600.0	0.014815
16605.0	0.014768
16610.0	0.014838999999999998
16615.0	0.015006
16620.0	0.015216
16625.0	0.015393
16630.0	0.015491999999999999
16635.0	0.015451
16640.0	0.015241999999999999
16645.0	0.014950999999999999
16650.0	0.014625
16655.0	0.014351
16660.0	0.014202000000000001
16665.0	0.014215
16670.0	0.014379
16675.0	0.014639
16680.0	0.01492
16685.0	0.015147
16690.0	0.015268
16695.0	0.015263999999999998
16700.0	0.015151
16705.0	0.014967
16710.0	0.014766
16715.0	0.014587000000000001
16720.0	0.014469999999999998
16725.0	0.014438
16730.0	0.014482
16735.0	0.014568000000000001
16740.0	0.01466
16745.0	0.014726
16750.0	0.014745
16755.0	0.014712000000000001
16760.0	0.014633000000000002
16765.0	0.014528999999999999
16770.0	0.014402000000000002
16775.0	0.014254
16780.0	0.014094999999999998
16785.0	0.013932
16790.0	0.013775
16795.0	0.013630000000000001
16800.0	0.013507
16805.0	0.013415999999999999
16810.0	0.013366
16815.0	0.013364
16820.0	0.013411000000000001
16825.0	0.013503999999999999
16830.0	0.013633000000000001
16835.0	0.013786000000000001
16840.0	0.013949000000000001
16845.0	0.014108
16850.0	0.014253
16855.0	0.014367
16860.0	0.014444
16865.0	0.014486
16870.0	0.014493
16875.0	0.014464
16880.0	0.014399
16885.0	0.014306999999999999
16890.0	0.014200999999999998
16895.0	0.014099
16900.0	0.014019
16905.0	0.013980000000000001
16910.0	0.013987000000000001
16915.0	0.014025999999999999
16920.0	0.014078
16925.0	0.014124000000000001
16930.0	0.014154
16935.0	0.014144
16940.0	0.014098
16945.0	0.014034
16950.0	0.013963999999999999
16955.0	0.013912
16960.0	0.013890000000000001
16965.0	0.013906
16970.0	0.013947999999999999
16975.0	0.013999000000000001
16980.0	0.014031
16985.0	0.014022999999999999
16990.0	0.013962
16995.0	0.013853
17000.0	0.013719
17005.0	0.013594
17010.0	0.013512
17015.0	0.0135
17020.0	0.013565
17025.0	0.01369
17030.0	0.013843000000000001
17035.0	0.013981
17040.0	0.014063999999999998
17045.0	0.014065000000000001
17050.0	0.013981
17055.0	0.013829
17060.0	0.013646
17065.0	0.013477000000000001
17070.0	0.013365
17075.0	0.013336
17080.0	0.013391
17085.0	0.013511000000000002
17090.0	0.013654
17095.0	0.013775999999999998
17100.0	0.01384
17105.0	0.013826
17110.0	0.013736000000000002
17115.0	0.013591999999999998
17120.0	0.013433
17125.0	0.0133
17130.0	0.013225
17135.0	0.013224000000000001
17140.0	0.013294
17145.0	0.013409
17150.0	0.013537
17155.0	0.013642
17160.0	0.013699000000000001
17165.0	0.013696000000000002
17170.0	0.013637
17175.0	0.013538
17180.0	0.013423
17185.0	0.013316
17190.0	0.013236000000000001
17195.0	0.013189
17200.0	0.013172
17205.0	0.013178
17210.0	0.013193999999999999
17215.0	0.013209
17220.0	0.013217
17225.0	0.013219
17230.0	0.013218
17235.0	0.013218
17240.0	0.013222999999999999
17245.0	0.013231
17250.0	0.013235
17255.0	0.013228
17260.0	0.013202
17265.0	0.013153999999999999
17270.0	0.013087999999999999
17275.0	0.013015
17280.0	0.01295
17285.0	0.012911
17290.0	0.012907
17295.0	0.012941
17300.0	0.013002000000000001
17305.0	0.013062
17310.0	0.013093
17315.0	0.013073
17320.0	0.01299
17325.0	0.012838999999999998
17330.0	0.012633
17335.0	0.012389
17340.0	0.012133
17345.0	0.011885
17350.0	0.011668000000000001
17355.0	0.0115
17360.0	0.011395
17365.0	0.011353
17370.0	0.01137
17375.0	0.011441
17380.0	0.011559999999999999
17385.0	0.011720999999999999
17390.0	0.011917
17395.0	0.01214
17400.0	0.012373
17405.0	0.012595
17410.0	0.012781
17415.0	0.012916
17420.0	0.012999
17425.0	0.013013999999999998
17430.0	0.012958
17435.0	0.012843
17440.0	0.012691
17445.0	0.012534
17450.0	0.012403
17455.0	0.012326
17460.0	0.012320000000000001
17465.0	0.012375
17470.0	0.012457
17475.0	0.012543
17480.0	0.012607
17485.0	0.012633
17490.0	0.012613
17495.0	0.012555
17500.0	0.012475
17505.0	0.012395
17510.0	0.012336
17515.0	0.012312
17520.0	0.012326
17525.0	0.012368
17530.0	0.012423
17535.0	0.012467
17540.0	0.012484
17545.0	0.012462
17550.0	0.0124
17555.0	0.012309
17560.0	0.012206
17565.0	0.012115
17570.0	0.012048999999999999
17575.0	0.01202
17580.0	0.012043
17585.0	0.012092
17590.0	0.012155
17595.0	0.012218000000000001
17600.0	0.012265999999999999
17605.0	0.012292
17610.0	0.012295
17615.0	0.01228
17620.0	0.012255
17625.0	0.012228
17630.0	0.012201
17635.0	0.012176000000000001
17640.0	0.012145999999999999
17645.0	0.012107999999999999
17650.0	0.012056
17655.0	0.011991
17660.0	0.01192
17665.0	0.011855
17670.0	0.01181
17675.0	0.011798000000000001
17680.0	0.011824
17685.0	0.011885
17690.0	0.011968000000000001
17695.0	0.012054
17700.0	0.012121
17705.0	0.012151
17710.0	0.012133
17715.0	0.012068
17720.0	0.011969
17725.0	0.011855
17730.0	0.011753
17735.0	0.011686
17740.0	0.011658
17745.0	0.011682
17750.0	0.011748999999999999
17755.0	0.011823
17760.0	0.011885
17765.0	0.011913
17770.0	0.011894
17775.0	0.011829000000000001
17780.0	0.011734
17785.0	0.011633
17790.0	0.011554
17795.0	0.011519
17800.0	0.011541
17805.0	0.011615
17810.0	0.011720999999999999
17815.0	0.01183
17820.0	0.011908
17825.0	0.011928
17830.0	0.011873
17835.0	0.011743
17840.0	0.011563
17845.0	0.011358
17850.0	0.011178
17855.0	0.011161
17860.0	0.011223
17865.0	0.011274
17870.0	0.011323
17875.0	0.011396
17880.0	0.011478
17885.0	0.011551
17890.0	0.011604000000000001
17895.0	0.011623999999999999
17900.0	0.011611
17905.0	0.011566
17910.0	0.011501
17915.0	0.011429
17920.0	0.011364
17925.0	0.011311
17930.0	0.011279
17935.0	0.011268
17940.0	0.011276999999999999
17945.0	0.011302
17950.0	0.011336
17955.0	0.011371
17960.0	0.011401999999999999
17965.0	0.011422
17970.0	0.011427
17975.0	0.011415
17980.0	0.011387000000000001
17985.0	0.011345000000000001
17990.0	0.011293000000000001
17995.0	0.011235
18000.0	0.011177
18005.0	0.011124
18010.0	0.011084
18015.0	0.011059000000000001
18020.0	0.011052
18025.0	0.011061
18030.0	0.011082999999999999
18035.0	0.011114
18040.0	0.011146
18045.0	0.011172
18050.0	0.011188
18055.0	0.011191
18060.0	0.011182
18065.0	0.011165000000000001
18070.0	0.011147
18075.0	0.011133
18080.0	0.011129
18085.0	0.011134
18090.0	0.011146
18095.0	0.011156000000000001
18100.0	0.011154
18105.0	0.011129
18110.0	0.011075
18115.0	0.010993000000000001
18120.0	0.010892
18125.0	0.010787999999999999
18130.0	0.010702
18135.0	0.010655
18140.0	0.010662
18145.0	0.01073
18150.0	0.010855
18155.0	0.011021
18160.0	0.011198
18165.0	0.011344
18170.0	0.011413
18175.0	0.011363
18180.0	0.011172
18185.0	0.010854
18190.0	0.010462
18195.0	0.010066
18200.0	0.009737
18205.0	0.009524
18210.0	0.009455
18215.0	0.009541
18220.0	0.009779000000000001
18225.0	0.010145
18230.0	0.010589
18235.0	0.011032
18240.0	0.011387000000000001
18245.0	0.011584
18250.0	0.011585999999999999
18255.0	0.011401999999999999
18260.0	0.011077
18265.0	0.010671
18270.0	0.010283
18275.0	0.009988
18280.0	0.009807999999999999
18285.0	0.009770000000000001
18290.0	0.009873999999999999
18295.0	0.010095
18300.0	0.010395
18305.0	0.010714
18310.0	0.010981999999999999
18315.0	0.011132
18320.0	0.011124
18325.0	0.010961
18330.0	0.010689
18335.0	0.010381999999999999
18340.0	0.010118
18345.0	0.009954000000000001
18350.0	0.009917
18355.0	0.010001000000000001
18360.0	0.010168
18365.0	0.010352
18370.0	0.010476000000000001
18375.0	0.010466
18380.0	0.010292
18385.0	0.00998
18390.0	0.009599
18395.0	0.00923
18400.0	0.008939
18405.0	0.008777
18410.0	0.008784
18415.0	0.00899
18420.0	0.009396999999999999
18425.0	0.009956999999999999
18430.0	0.010570999999999999
18435.0	0.011105
18440.0	0.011425
18445.0	0.011492
18450.0	0.011271999999999999
18455.0	0.010695
18460.0	0.009966
18465.0	0.009256
18470.0	0.008655
18475.0	0.008251
18480.0	0.008068
18485.0	0.008102
18490.0	0.00834
18495.0	0.008767
18500.0	0.009334
18505.0	0.009954000000000001
18510.0	0.010501
18515.0	0.010858
18520.0	0.010976
18525.0	0.010876
18530.0	0.010628
18535.0	0.010316
18540.0	0.010015999999999999
18545.0	0.009781999999999999
18550.0	0.009641
18555.0	0.009597
18560.0	0.009636
18565.0	0.009729999999999999
18570.0	0.009840999999999999
18575.0	0.009931
18580.0	0.009967
18585.0	0.009932999999999999
18590.0	0.009837
18595.0	0.009704
18600.0	0.009567
18605.0	0.009463
18610.0	0.009420999999999999
18615.0	0.009461
18620.0	0.009587
18625.0	0.009788
18630.0	0.010042
18635.0	0.010315000000000001
18640.0	0.010548
18645.0	0.010711
18650.0	0.010782
18655.0	0.010733
18660.0	0.010553
18665.0	0.01024
18670.0	0.0098
18675.0	0.009256
18680.0	0.008655
18685.0	0.008074
18690.0	0.007615
18695.0	0.0073739999999999995
18700.0	0.007381
18705.0	0.007573000000000001
18710.0	0.007795999999999999
18715.0	0.007895000000000001
18720.0	0.007818
18725.0	0.007626000000000001
18730.0	0.007422
18735.0	0.007234999999999999
18740.0	0.007034
18745.0	0.006770999999999999
18750.0	0.0064730000000000005
18755.0	0.006252000000000001
18760.0	0.006267
18765.0	0.006612000000000001
18770.0	0.007240000000000001
18775.0	0.008008
18780.0	0.008765
18785.0	0.009419
18790.0	0.009922
18795.0	0.01026
18800.0	0.010431999999999999
18805.0	0.010444
18810.0	0.010312
18815.0	0.010068
18820.0	0.00975
18825.0	0.009412
18830.0	0.009119
18835.0	0.0089
18840.0	0.008775
18845.0	0.008766
18850.0	0.008872
18855.0	0.009082
18860.0	0.009368000000000001
18865.0	0.009687000000000001
18870.0	0.009977
18875.0	0.010176000000000001
18880.0	0.010228000000000001
18885.0	0.010104
18890.0	0.009812999999999999
18895.0	0.009401999999999999
18900.0	0.00895
18905.0	0.008536
18910.0	0.008223000000000001
18915.0	0.008045
18920.0	0.008018
18925.0	0.008145
18930.0	0.008421
18935.0	0.008819
18940.0	0.009290000000000001
18945.0	0.009753
18950.0	0.010115
18955.0	0.010296
18960.0	0.010243
18965.0	0.00995
18970.0	0.009463
18975.0	0.008874
18980.0	0.008302
18985.0	0.007853
18990.0	0.007586
18995.0	0.007517
19000.0	0.007634
19005.0	0.007906
19010.0	0.0083
19015.0	0.008777
19020.0	0.009231999999999999
19025.0	0.00955
19030.0	0.009673000000000001
19035.0	0.009569
19040.0	0.009269
19045.0	0.008874
19050.0	0.008482
19055.0	0.008171
19060.0	0.00799
19065.0	0.007969
19070.0	0.008119
19075.0	0.008429
19080.0	0.00886
19085.0	0.009332
19090.0	0.009742
19095.0	0.009981
19100.0	0.009975
19105.0	0.009704
19110.0	0.009219
19115.0	0.008625
19120.0	0.00804
19125.0	0.007559000000000001
19130.0	0.007228
19135.0	0.0070680000000000005
19140.0	0.007081999999999999
19145.0	0.007273999999999999
19150.0	0.007634
19155.0	0.008133
19160.0	0.008695
19165.0	0.009214
19170.0	0.009587
19175.0	0.009753
19180.0	0.009706999999999999
19185.0	0.009489000000000001
19190.0	0.009167
19195.0	0.008809
19200.0	0.008481
19205.0	0.008231
19210.0	0.008068
19215.0	0.008002
19220.0	0.008078
19225.0	0.008256999999999999
19230.0	0.008487999999999999
19235.0	0.008754999999999999
19240.0	0.009013
19245.0	0.00921
19250.0	0.009314
19255.0	0.009309
19260.0	0.009203
19265.0	0.009023
19270.0	0.008804000000000001
19275.0	0.008581
19280.0	0.008386
19285.0	0.00824
19290.0	0.008154
19295.0	0.008135
19300.0	0.008178
19305.0	0.008274
19310.0	0.008409
19315.0	0.008563
19320.0	0.008713
19325.0	0.00884
19330.0	0.008931999999999999
19335.0	0.008984
19340.0	0.008995999999999999
19345.0	0.008975
19350.0	0.008927
19355.0	0.008862
19360.0	0.008787
19365.0	0.008708
19370.0	0.00863
19375.0	0.008558
19380.0	0.008497
19385.0	0.008448
19390.0	0.008417000000000001
19395.0	0.008402
19400.0	0.008406
19405.0	0.008426000000000001
19410.0	0.008459
19415.0	0.008501
19420.0	0.008545
19425.0	0.008583
19430.0	0.008609
19435.0	0.008618
19440.0	0.008606
19445.0	0.008574
19450.0	0.008525
19455.0	0.008467
19460.0	0.008409
19465.0	0.008361
19470.0	0.008331999999999999
19475.0	0.008329000000000001
19480.0	0.008355
19485.0	0.008408
19490.0	0.008484
19495.0	0.008573
19500.0	0.008661
19505.0	0.008732
19510.0	0.008767
19515.0	0.008751
19520.0	0.008673
19525.0	0.00853
19530.0	0.008329999999999999
19535.0	0.008094
19540.0	0.00785
19545.0	0.007626999999999999
19550.0	0.007449
19555.0	0.007333
19560.0	0.007286
19565.0	0.007311
19570.0	0.007403
19575.0	0.007556
19580.0	0.0077540000000000005
19585.0	0.007974
19590.0	0.008190000000000001
19595.0	0.008374
19600.0	0.008508
19605.0	0.008582
19610.0	0.008595
19615.0	0.008558
19620.0	0.008486
19625.0	0.008389
19630.0	0.008279
19635.0	0.008173
19640.0	0.008079000000000001
19645.0	0.008002
19650.0	0.007945
19655.0	0.007909999999999999
19660.0	0.007895000000000001
19665.0	0.007899
19670.0	0.007917
19675.0	0.007945
19680.0	0.007978
19685.0	0.008012
19690.0	0.008043999999999999
19695.0	0.008071
19700.0	0.008091
19705.0	0.008103
19710.0	0.008106
19715.0	0.008103
19720.0	0.008092
19725.0	0.008076999999999999
19730.0	0.008058
19735.0	0.008038
19740.0	0.008019
19745.0	0.008003
19750.0	0.007991
19755.0	0.007984
19760.0	0.007982
19765.0	0.007984999999999999
19770.0	0.00799
19775.0	0.007995
19780.0	0.008
19785.0	0.008001000000000001
19790.0	0.007997
19795.0	0.007989
19800.0	0.007976
19805.0	0.007959
19810.0	0.007940000000000001
19815.0	0.007922
19820.0	0.007906
19825.0	0.007894
19830.0	0.007886
19835.0	0.007884
19840.0	0.007886
19845.0	0.007890000000000001
19850.0	0.007893
19855.0	0.007892
19860.0	0.007887
19865.0	0.007875
19870.0	0.007857
19875.0	0.007833
19880.0	0.0078049999999999994
19885.0	0.007776999999999999
19890.0	0.007753
19895.0	0.007735
19900.0	0.0077269999999999995
19905.0	0.00773
19910.0	0.007744
19915.0	0.007769
19920.0	0.007803
19925.0	0.007842
19930.0	0.007881
19935.0	0.007918000000000001
19940.0	0.007947
19945.0	0.007965
19950.0	0.00797
19955.0	0.007961
19960.0	0.007940000000000001
19965.0	0.007906
19970.0	0.007861
19975.0	0.007808
19980.0	0.007745
19985.0	0.007672
19990.0	0.007585
19995.0	0.007478
20000.0	0.007345
20005.0	0.007181
20010.0	0.006987
20015.0	0.006773
20020.0	0.006559000000000001
20025.0	0.006369
20030.0	0.006226
20035.0	0.006146
20040.0	0.00613
20045.0	0.00617
20050.0	0.006287
20055.0	0.0064849999999999994
20060.0	0.006729000000000001
20065.0	0.007006999999999999
20070.0	0.007308
20075.0	0.007597
20080.0	0.007840999999999999
20085.0	0.008013
20090.0	0.008095999999999999
20095.0	0.008088
20100.0	0.007997
20105.0	0.007840999999999999
20110.0	0.007644
20115.0	0.0074329999999999995
20120.0	0.0072310000000000004
20125.0	0.007059
20130.0	0.006929
20135.0	0.006848000000000001
20140.0	0.006818
20145.0	0.006833
20150.0	0.006889
20155.0	0.006973999999999999
20160.0	0.007075
20165.0	0.007175
20170.0	0.007259999999999999
20175.0	0.00732
20180.0	0.007349
20185.0	0.00735
20190.0	0.00733
20195.0	0.007298000000000001
20200.0	0.0072629999999999995
20205.0	0.007234999999999999
20210.0	0.00722
20215.0	0.007219
20220.0	0.007233
20225.0	0.007259999999999999
20230.0	0.007294
20235.0	0.0073290000000000004
20240.0	0.007361
20245.0	0.007384
20250.0	0.007397
20255.0	0.007396
20260.0	0.007386
20265.0	0.007367
20270.0	0.0073420000000000004
20275.0	0.007316
20280.0	0.007292
20285.0	0.007273999999999999
20290.0	0.007261
20295.0	0.007256
20300.0	0.0072569999999999996
20305.0	0.007262
20310.0	0.007268000000000001
20315.0	0.007273999999999999
20320.0	0.007276
20325.0	0.007273999999999999
20330.0	0.007265000000000001
20335.0	0.0072510000000000005
20340.0	0.0072310000000000004
20345.0	0.007209
20350.0	0.007186
20355.0	0.007164
20360.0	0.007145
20365.0	0.00713
20370.0	0.007121
20375.0	0.007116
20380.0	0.007114
20385.0	0.007115000000000001
20390.0	0.007116
20395.0	0.007115000000000001
20400.0	0.0071129999999999995
20405.0	0.007107
20410.0	0.007098999999999999
20415.0	0.007088
20420.0	0.007077
20425.0	0.007067
20430.0	0.0070599999999999994
20435.0	0.007058
20440.0	0.007061
20445.0	0.007069
20450.0	0.0070810000000000005
20455.0	0.007097
20460.0	0.007112
20465.0	0.007126
20470.0	0.007134000000000001
20475.0	0.007135
20480.0	0.007123999999999999
20485.0	0.007104000000000001
20490.0	0.007073
20495.0	0.0070290000000000005
20500.0	0.006975
20505.0	0.0069180000000000005
20510.0	0.006861
20515.0	0.006804999999999999
20520.0	0.006755
20525.0	0.006714
20530.0	0.006683
20535.0	0.006664
20540.0	0.0066560000000000005
20545.0	0.006659999999999999
20550.0	0.006673999999999999
20555.0	0.006696
20560.0	0.006725
20565.0	0.006758
20570.0	0.006794
20575.0	0.00683
20580.0	0.0068650000000000004
20585.0	0.0068969999999999995
20590.0	0.006926000000000001
20595.0	0.00695
20600.0	0.0069689999999999995
20605.0	0.00698
20610.0	0.006983
20615.0	0.006977
20620.0	0.006959999999999999
20625.0	0.006933
20630.0	0.006895999999999999
20635.0	0.006851
20640.0	0.006801000000000001
20645.0	0.006749
20650.0	0.006698999999999999
20655.0	0.006654
20660.0	0.0066170000000000005
20665.0	0.006591
20670.0	0.0065769999999999995
20675.0	0.006575
20680.0	0.0065840000000000004
20685.0	0.006601999999999999
20690.0	0.006626000000000001
20695.0	0.006652
20700.0	0.006678
20705.0	0.006698999999999999
20710.0	0.006712
20715.0	0.006719
20720.0	0.006718000000000001
20725.0	0.006706999999999999
20730.0	0.006690000000000001
20735.0	0.006672
20740.0	0.006654
20745.0	0.006640000000000001
20750.0	0.00663
20755.0	0.006626999999999999
20760.0	0.006631000000000001
20765.0	0.006640000000000001
20770.0	0.0066549999999999995
20775.0	0.006672
20780.0	0.006690000000000001
20785.0	0.006705
20790.0	0.006714
20795.0	0.006717
20800.0	0.006712
20805.0	0.0067
20810.0	0.006679000000000001
20815.0	0.006653
20820.0	0.006623
20825.0	0.006592
20830.0	0.006561
20835.0	0.006534000000000001
20840.0	0.006511
20845.0	0.006494
20850.0	0.006483
20855.0	0.006478
20860.0	0.006479
20865.0	0.006484
20870.0	0.006492
20875.0	0.006501000000000001
20880.0	0.006509
20885.0	0.006516
20890.0	0.006520000000000001
20895.0	0.006520999999999999
20900.0	0.006518
20905.0	0.006513
20910.0	0.0065049999999999995
20915.0	0.006495
20920.0	0.006484
20925.0	0.0064730000000000005
20930.0	0.006461
20935.0	0.00645
20940.0	0.006439
20945.0	0.006429000000000001
20950.0	0.00642
20955.0	0.006412
20960.0	0.006404000000000001
20965.0	0.006398
20970.0	0.006391
20975.0	0.006386
20980.0	0.006382
20985.0	0.006378
20990.0	0.006376
20995.0	0.006376
21000.0	0.006377000000000001
21005.0	0.006379
21010.0	0.006382
21015.0	0.006386
21020.0	0.006389
21025.0	0.006392
21030.0	0.0063950000000000005
21035.0	0.006396
21040.0	0.006393
21045.0	0.00639
21050.0	0.00639
21055.0	0.0063880000000000004
21060.0	0.006381
21065.0	0.006362
21070.0	0.006335
21075.0	0.006308
21080.0	0.006281
21085.0	0.006254
21090.0	0.006227
21095.0	0.006202
21100.0	0.00618
21105.0	0.0061600000000000005
21110.0	0.006144
21115.0	0.0061329999999999996
21120.0	0.006128
21125.0	0.006128
21130.0	0.0061340000000000006
21135.0	0.006146
21140.0	0.006163
21145.0	0.006182
21150.0	0.006201
21155.0	0.006218
21160.0	0.006229999999999999
21165.0	0.006235
21170.0	0.006231
21175.0	0.006217
21180.0	0.006195
21185.0	0.006164
21190.0	0.006129
21195.0	0.006092
21200.0	0.00606
21205.0	0.006035
21210.0	0.006021
21215.0	0.00602
21220.0	0.006034
21225.0	0.006062
21230.0	0.006101
21235.0	0.006143
21240.0	0.006183
21245.0	0.006215999999999999
21250.0	0.006235
21255.0	0.006236
21260.0	0.006217
21265.0	0.006176
21270.0	0.006116
21275.0	0.00604
21280.0	0.005953
21285.0	0.005863
21290.0	0.005778
21295.0	0.005704
21300.0	0.005647
21305.0	0.005611
21310.0	0.005598
21315.0	0.00561
21320.0	0.005644
21325.0	0.005698
21330.0	0.005767
21335.0	0.005843999999999999
21340.0	0.005922
21345.0	0.005991
21350.0	0.006046
21355.0	0.0060799999999999995
21360.0	0.006091
21365.0	0.006078
21370.0	0.006044
21375.0	0.005992
21380.0	0.0059310000000000005
21385.0	0.005868
21390.0	0.00581
21395.0	0.005764
21400.0	0.005739
21405.0	0.005737
21410.0	0.005756
21415.0	0.005796
21420.0	0.00585
21425.0	0.005911
21430.0	0.005974
21435.0	0.006035
21440.0	0.006084
21445.0	0.006111999999999999
21450.0	0.006118
21455.0	0.006109000000000001
21460.0	0.006083
21465.0	0.0060409999999999995
21470.0	0.005989
21475.0	0.005932
21480.0	0.005875
21485.0	0.005821
21490.0	0.0057740000000000005
21495.0	0.005737
21500.0	0.005713
21505.0	0.0057020000000000005
21510.0	0.0057020000000000005
21515.0	0.005712
21520.0	0.005727
21525.0	0.0057469999999999995
21530.0	0.005768
21535.0	0.005789
21540.0	0.005808
21545.0	0.005825
21550.0	0.005841
21555.0	0.005855
21560.0	0.005868
21565.0	0.00588
21570.0	0.00589
21575.0	0.005898
21580.0	0.005901
21585.0	0.0059
21590.0	0.0058909999999999995
21595.0	0.005872
21600.0	0.005841
21605.0	0.005795000000000001
21610.0	0.005737
21615.0	0.005668
21620.0	0.0055899999999999995
21625.0	0.005507
21630.0	0.005425
21635.0	0.005347
21640.0	0.005279
21645.0	0.005224
21650.0	0.005187
21655.0	0.005168
21660.0	0.005169
21665.0	0.005188
21670.0	0.005222999999999999
21675.0	0.005268
21680.0	0.00532
21685.0	0.005374
21690.0	0.005423
21695.0	0.005465
21700.0	0.005497999999999999
21705.0	0.005521
21710.0	0.005534000000000001
21715.0	0.005535
21720.0	0.005527000000000001
21725.0	0.0055130000000000005
21730.0	0.005497999999999999
21735.0	0.005485
21740.0	0.005477
21745.0	0.005478
21750.0	0.005488
21755.0	0.0055060000000000005
21760.0	0.005531
21765.0	0.005561
21770.0	0.005591
21775.0	0.005619
21780.0	0.005639
21785.0	0.00565
21790.0	0.00565
21795.0	0.005638000000000001
21800.0	0.005615
21805.0	0.005582
21810.0	0.0055450000000000004
21815.0	0.005507
21820.0	0.005475
21825.0	0.005452
21830.0	0.005439
21835.0	0.005439
21840.0	0.005451
21845.0	0.005472
21850.0	0.005499
21855.0	0.005529
21860.0	0.005556
21865.0	0.005577
21870.0	0.005588
21875.0	0.005586
21880.0	0.005571
21885.0	0.005543
21890.0	0.0055049999999999995
21895.0	0.0054600000000000004
21900.0	0.005414
21905.0	0.005370000000000001
21910.0	0.005334
21915.0	0.0053100000000000005
21920.0	0.005301
21925.0	0.005308
21930.0	0.005331
21935.0	0.005365999999999999
21940.0	0.00541
21945.0	0.005461
21950.0	0.005511
21955.0	0.0055520000000000005
21960.0	0.005581
21965.0	0.005594
21970.0	0.005589
21975.0	0.005564
21980.0	0.005521
21985.0	0.005465
21990.0	0.005398
21995.0	0.005328
22000.0	0.005261
22005.0	0.005202
22010.0	0.005156
22015.0	0.0051270000000000005
22020.0	0.005118
22025.0	0.0051270000000000005
22030.0	0.005154
22035.0	0.005193
22040.0	0.005242
22045.0	0.005293
22050.0	0.005340999999999999
22055.0	0.005381
22060.0	0.00541
22065.0	0.005424
22070.0	0.005423
22075.0	0.005407
22080.0	0.005379999999999999
22085.0	0.005344
22090.0	0.005304
22095.0	0.0052640000000000004
22100.0	0.005229
22105.0	0.005201
22110.0	0.005184
22115.0	0.005178
22120.0	0.005183
22125.0	0.005197
22130.0	0.0052179999999999995
22135.0	0.005243
22140.0	0.005268999999999999
22145.0	0.005291
22150.0	0.005307
22155.0	0.005315
22160.0	0.005314
22165.0	0.005304
22170.0	0.005286
22175.0	0.005261999999999999
22180.0	0.005234
22185.0	0.0052049999999999996
22190.0	0.005179
22195.0	0.005155
22200.0	0.005137
22205.0	0.0051270000000000005
22210.0	0.0051270000000000005
22215.0	0.005131
22220.0	0.005139
22225.0	0.005149
22230.0	0.005159
22235.0	0.005167000000000001
22240.0	0.005171
22245.0	0.005169
22250.0	0.005162
22255.0	0.005148
22260.0	0.005129
22265.0	0.005107
22270.0	0.005084
22275.0	0.005062
22280.0	0.005044
22285.0	0.005031
22290.0	0.005024
22295.0	0.005024
22300.0	0.00503
22305.0	0.0050420000000000005
22310.0	0.005058
22315.0	0.005076
22320.0	0.005093
22325.0	0.005108
22330.0	0.005118999999999999
22335.0	0.005124
22340.0	0.005124
22345.0	0.005117
22350.0	0.005106
22355.0	0.005091
22360.0	0.005075
22365.0	0.005059
22370.0	0.005044
22375.0	0.005034
22380.0	0.005027
22385.0	0.005026
22390.0	0.005029
22395.0	0.005035
22400.0	0.005044
22405.0	0.005052
22410.0	0.005059
22415.0	0.005062
22420.0	0.005059
22425.0	0.0050490000000000005
22430.0	0.005033
22435.0	0.0050100000000000006
22440.0	0.004982
22445.0	0.004951
22450.0	0.004919
22455.0	0.00489
22460.0	0.004864
22465.0	0.004843
22470.0	0.00483
22475.0	0.004829
22480.0	0.004841
22485.0	0.00486
22490.0	0.004884
22495.0	0.004913
22500.0	0.004944
22505.0	0.004974
22510.0	0.005
22515.0	0.005019
22520.0	0.005029
22525.0	0.005029
22530.0	0.005018
22535.0	0.004998
22540.0	0.0049700000000000005
22545.0	0.004935
22550.0	0.004898
22555.0	0.00486
22560.0	0.004825
22565.0	0.004796
22570.0	0.0047729999999999995
22575.0	0.004759
22580.0	0.004755
22585.0	0.004758
22590.0	0.00477
22595.0	0.004787
22600.0	0.004808
22605.0	0.004829
22610.0	0.00485
22615.0	0.004868
22620.0	0.004881
22625.0	0.004888
22630.0	0.004889
22635.0	0.004884
22640.0	0.004874
22645.0	0.00486
22650.0	0.004843999999999999
22655.0	0.0048270000000000006
22660.0	0.004811
22665.0	0.004796
22670.0	0.004784
22675.0	0.004776
22680.0	0.004769
22685.0	0.004765
22690.0	0.004763
22695.0	0.004761
22700.0	0.004758
22705.0	0.0047539999999999995
22710.0	0.0047469999999999995
22715.0	0.004739
22720.0	0.004728
22725.0	0.004717
22730.0	0.0047090000000000005
22735.0	0.004704
22740.0	0.0047020000000000005
22745.0	0.0047020000000000005
22750.0	0.004704
22755.0	0.00471
22760.0	0.004717
22765.0	0.004726
22770.0	0.004736
22775.0	0.004746
22780.0	0.004755
22785.0	0.004762
22790.0	0.004765999999999999
22795.0	0.004767
22800.0	0.004763
22805.0	0.004755
22810.0	0.0047420000000000006
22815.0	0.004725
22820.0	0.004705
22825.0	0.004681
22830.0	0.004656
22835.0	0.00463
22840.0	0.004606
22845.0	0.004584
22850.0	0.004566
22855.0	0.004553
22860.0	0.004545
22865.0	0.004543
22870.0	0.004546
22875.0	0.004555
22880.0	0.004568
22885.0	0.004584
22890.0	0.004602
22895.0	0.00462
22900.0	0.004638000000000001
22905.0	0.004654
22910.0	0.004666
22915.0	0.004675
22920.0	0.004679
22925.0	0.004678
22930.0	0.004673
22935.0	0.004664
22940.0	0.004652
22945.0	0.004638000000000001
22950.0	0.004622
22955.0	0.004606
22960.0	0.0045899999999999995
22965.0	0.004575
22970.0	0.004561
22975.0	0.004549
22980.0	0.004538
22985.0	0.004528
22990.0	0.004518
22995.0	0.004509
23000.0	0.004499
23005.0	0.004489
23010.0	0.004478
23015.0	0.0044659999999999995
23020.0	0.004454
23025.0	0.004441
23030.0	0.004429
23035.0	0.004419
23040.0	0.004411
23045.0	0.004407
23050.0	0.004407
23055.0	0.004411
23060.0	0.0044210000000000005
23065.0	0.004437
23070.0	0.004457
23075.0	0.004482
23080.0	0.00451
23085.0	0.00454
23090.0	0.00457
23095.0	0.004598
23100.0	0.004621
23105.0	0.004639
23110.0	0.004649
23115.0	0.004649
23120.0	0.00464
23125.0	0.004621
23130.0	0.004592000000000001
23135.0	0.004555
23140.0	0.00451
23145.0	0.00446
23150.0	0.004407
23155.0	0.004354
23160.0	0.004305
23165.0	0.00426
23170.0	0.004222999999999999
23175.0	0.004195
23180.0	0.004178
23185.0	0.004173
23190.0	0.0041789999999999996
23195.0	0.004195
23200.0	0.004220000000000001
23205.0	0.004253
23210.0	0.004291
23215.0	0.004331000000000001
23220.0	0.004371
23225.0	0.004408
23230.0	0.004441
23235.0	0.0044670000000000005
23240.0	0.004485
23245.0	0.004495
23250.0	0.004497
23255.0	0.00449
23260.0	0.004476
23265.0	0.004457
23270.0	0.0044340000000000004
23275.0	0.004408
23280.0	0.004383
23285.0	0.00436
23290.0	0.004339
23295.0	0.004323
23300.0	0.004311
23305.0	0.004305
23310.0	0.004303
23315.0	0.004304
23320.0	0.004309
23325.0	0.004315
23330.0	0.004323
23335.0	0.00433
23340.0	0.004334
23345.0	0.004336
23350.0	0.004334
23355.0	0.004328
23360.0	0.004318
23365.0	0.004305
23370.0	0.004289
23375.0	0.0042710000000000005
23380.0	0.004253
23385.0	0.004235
23390.0	0.004218
23395.0	0.004204
23400.0	0.004192
23405.0	0.004185
23410.0	0.004181
23415.0	0.004181
23420.0	0.004185
23425.0	0.00419
23430.0	0.004197
23435.0	0.0042049999999999995
23440.0	0.004213000000000001
23445.0	0.004220000000000001
23450.0	0.004225
23455.0	0.004227000000000001
23460.0	0.004227000000000001
23465.0	0.004224
23470.0	0.004219
23475.0	0.004212
23480.0	0.004204
23485.0	0.004195
23490.0	0.004187
23495.0	0.0041789999999999996
23500.0	0.004173
23505.0	0.004168
23510.0	0.004164999999999999
23515.0	0.004164
23520.0	0.004164
23525.0	0.004164
23530.0	0.004164999999999999
23535.0	0.004164999999999999
23540.0	0.004164
23545.0	0.004162
23550.0	0.004157
23555.0	0.004151
23560.0	0.004143
23565.0	0.0041329999999999995
23570.0	0.004122
23575.0	0.004111
23580.0	0.004102000000000001
23585.0	0.0040939999999999995
23590.0	0.004089
23595.0	0.0040880000000000005
23600.0	0.004091
23605.0	0.004099
23610.0	0.00411
23615.0	0.004125
23620.0	0.004144
23625.0	0.004164999999999999
23630.0	0.004186
23635.0	0.0042049999999999995
23640.0	0.004221
23645.0	0.004231
23650.0	0.004236
23655.0	0.004233
23660.0	0.004222
23665.0	0.004202
23670.0	0.004175
23675.0	0.004141
23680.0	0.004101
23685.0	0.004058
23690.0	0.004013
23695.0	0.0039689999999999994
23700.0	0.003928
23705.0	0.003892
23710.0	0.0038640000000000002
23715.0	0.0038439999999999998
23720.0	0.003834
23725.0	0.003833
23730.0	0.0038420000000000004
23735.0	0.0038590000000000005
23740.0	0.0038829999999999997
23745.0	0.003913000000000001
23750.0	0.003946
23755.0	0.003979
23760.0	0.004012
23765.0	0.0040409999999999995
23770.0	0.004064
23775.0	0.004082
23780.0	0.004092
23785.0	0.0040950000000000005
23790.0	0.00409
23795.0	0.004079
23800.0	0.004062
23805.0	0.0040420000000000005
23810.0	0.00402
23815.0	0.003997
23820.0	0.0039759999999999995
23825.0	0.0039570000000000004
23830.0	0.003942
23835.0	0.003932
23840.0	0.003926
23845.0	0.003924
23850.0	0.003927
23855.0	0.003933
23860.0	0.00394
23865.0	0.003948
23870.0	0.003956
23875.0	0.003961999999999999
23880.0	0.003965
23885.0	0.003965
23890.0	0.003961
23895.0	0.003954
23900.0	0.003943
23905.0	0.003929
23910.0	0.003914
23915.0	0.0038979999999999996
23920.0	0.0038810000000000003
23925.0	0.003867
23930.0	0.003856
23935.0	0.003849
23940.0	0.0038450000000000003
23945.0	0.0038450000000000003
23950.0	0.003849
23955.0	0.003857
23960.0	0.003868
23965.0	0.0038810000000000003
23970.0	0.003894
23975.0	0.003908
23980.0	0.00392
23985.0	0.003929
23990.0	0.003935
23995.0	0.003936
24000.0	0.003933
24005.0	0.003926
24010.0	0.003914
24015.0	0.003899
24020.0	0.0038810000000000003
24025.0	0.0038619999999999995
24030.0	0.003841
24035.0	0.003821
24040.0	0.003803
24045.0	0.003788
24050.0	0.003776
24055.0	0.003768
24060.0	0.003764
24065.0	0.003764
24070.0	0.0037689999999999998
24075.0	0.003776
24080.0	0.003786
24085.0	0.0037979999999999997
24090.0	0.00381
24095.0	0.003822
24100.0	0.003833
24105.0	0.0038420000000000004
24110.0	0.003848
24115.0	0.0038520000000000004
24120.0	0.0038520000000000004
24125.0	0.003848
24130.0	0.0038420000000000004
24135.0	0.003832
24140.0	0.0038200000000000005
24145.0	0.0038060000000000004
24150.0	0.0037909999999999997
24155.0	0.003775
24160.0	0.0037579999999999996
24165.0	0.003742
24170.0	0.0037270000000000003
24175.0	0.003713
24180.0	0.0037
24185.0	0.003689
24190.0	0.0036799999999999997
24195.0	0.003674
24200.0	0.003669
24205.0	0.003667
24210.0	0.0036659999999999996
24215.0	0.003669
24220.0	0.0036729999999999996
24225.0	0.0036799999999999997
24230.0	0.003689
24235.0	0.003699
24240.0	0.0037119999999999996
24245.0	0.0037259999999999997
24250.0	0.0037409999999999995
24255.0	0.0037560000000000002
24260.0	0.0037700000000000003
24265.0	0.003783
24270.0	0.0037939999999999996
24275.0	0.0038020000000000003
24280.0	0.003807
24285.0	0.003807
24290.0	0.0038009999999999997
24295.0	0.0037909999999999997
24300.0	0.003775
24305.0	0.0037549999999999997
24310.0	0.003729
24315.0	0.0037
24320.0	0.003669
24325.0	0.003636
24330.0	0.003602
24335.0	0.003571
24340.0	0.003543
24345.0	0.0035189999999999996
24350.0	0.0035009999999999998
24355.0	0.00349
24360.0	0.0034869999999999996
24365.0	0.0034920000000000003
24370.0	0.0035039999999999997
24375.0	0.0035240000000000002
24380.0	0.00355
24385.0	0.00358
24390.0	0.003614
24395.0	0.00365
24400.0	0.003684
24405.0	0.0037159999999999997
24410.0	0.003744
24415.0	0.0037649999999999997
24420.0	0.003778
24425.0	0.0037840000000000005
24430.0	0.0037799999999999995
24435.0	0.0037670000000000004
24440.0	0.003746
24445.0	0.0037170000000000003
24450.0	0.003682
24455.0	0.003643
24460.0	0.0036009999999999996
24465.0	0.0035600000000000002
24470.0	0.0035189999999999996
24475.0	0.003482
24480.0	0.00345
24485.0	0.003425
24490.0	0.003407
24495.0	0.003397
24500.0	0.003394
24505.0	0.003399
24510.0	0.003411
24515.0	0.0034289999999999998
24520.0	0.00345
24525.0	0.003475
24530.0	0.0035020000000000003
24535.0	0.003527
24540.0	0.0035520000000000005
24545.0	0.0035740000000000004
24550.0	0.003593
24555.0	0.0036079999999999997
24560.0	0.003618
24565.0	0.003621
24570.0	0.003619
24575.0	0.003614
24580.0	0.003607
24585.0	0.0035979999999999996
24590.0	0.0035859999999999998
24595.0	0.0035740000000000004
24600.0	0.003563
24605.0	0.0035520000000000005
24610.0	0.003542
24615.0	0.0035340000000000002
24620.0	0.0035280000000000003
24625.0	0.0035240000000000002
24630.0	0.00352
24635.0	0.003518
24640.0	0.0035159999999999996
24645.0	0.003514
24650.0	0.003511
24655.0	0.003507
24660.0	0.0035020000000000003
24665.0	0.003496
24670.0	0.0034869999999999996
24675.0	0.003478
24680.0	0.003467
24685.0	0.0034549999999999997
24690.0	0.003443
24695.0	0.003431
24700.0	0.0034189999999999997
24705.0	0.003409
24710.0	0.003401
24715.0	0.003396
24720.0	0.003392
24725.0	0.003392
24730.0	0.003394
24735.0	0.0033979999999999995
24740.0	0.0034049999999999996
24745.0	0.0034130000000000002
24750.0	0.003423
24755.0	0.003433
24760.0	0.003442
24765.0	0.0034509999999999996
24770.0	0.0034590000000000003
24775.0	0.0034649999999999998
24780.0	0.003469
24785.0	0.003471
24790.0	0.003471
24795.0	0.003469
24800.0	0.003464
24805.0	0.0034579999999999997
24810.0	0.00345
24815.0	0.0034409999999999996
24820.0	0.003432
24825.0	0.0034219999999999997
24830.0	0.0034119999999999997
24835.0	0.0034020000000000005
24840.0	0.003392
24845.0	0.0033829999999999997
24850.0	0.0033740000000000003
24855.0	0.0033659999999999996
24860.0	0.003358
24865.0	0.0033490000000000004
24870.0	0.003341
24875.0	0.003333
24880.0	0.003325
24885.0	0.0033159999999999995
24890.0	0.0033079999999999997
24895.0	0.0033
24900.0	0.0032920000000000002
24905.0	0.003285
24910.0	0.003279
24915.0	0.003274
24920.0	0.0032700000000000003
24925.0	0.003268
24930.0	0.003268
24935.0	0.0032700000000000003
24940.0	0.003273
24945.0	0.003279
24950.0	0.003286
24955.0	0.0032939999999999996
24960.0	0.0033020000000000002
24965.0	0.0033079999999999997
24970.0	0.003314
24975.0	0.003322
24980.0	0.003333
24985.0	0.003343
24990.0	0.0
24995.0	0.0
25000.0	0.0
