#wave	flux
1150.0	0.017546
1155.0	0.005564
1160.0	0.0
1165.0	0.0009939999999999999
1170.0	0.0
1175.0	0.0
1180.0	0.0
1185.0	0.0
1190.0	0.0
1195.0	0.0
1200.0	0.000878
1205.0	0.004509
1210.0	0.0065060000000000005
1215.0	0.003204
1220.0	0.00042199999999999996
1225.0	0.0004969999999999999
1230.0	0.001112
1235.0	0.001392
1240.0	0.001193
1245.0	0.000482
1250.0	0.000915
1255.0	0.000192
1260.0	0.001303
1265.0	0.0008810000000000001
1270.0	0.000592
1275.0	0.0006129999999999999
1280.0	0.000576
1285.0	0.000131
1290.0	0.0
1295.0	0.000101
1300.0	0.000401
1305.0	0.000602
1310.0	0.000392
1315.0	0.00032
1320.0	0.000653
1325.0	0.00027
1330.0	0.000528
1335.0	0.000481
1340.0	0.00044
1345.0	0.000394
1350.0	0.000697
1355.0	0.0007059999999999999
1360.0	0.000466
1365.0	0.0
1370.0	0.001468
1375.0	0.001413
1380.0	0.000286
1385.0	2.9999999999999997e-05
1390.0	0.000217
1395.0	9.6e-05
1400.0	0.000213
1405.0	5.6000000000000006e-05
1410.0	9.8e-05
1415.0	0.0006490000000000001
1420.0	0.00018600000000000002
1425.0	0.000343
1430.0	0.000824
1435.0	0.000674
1440.0	0.000377
1445.0	0.001225
1450.0	0.000916
1455.0	0.000259
1460.0	4.1e-05
1465.0	0.00034700000000000003
1470.0	0.000212
1475.0	0.000656
1480.0	0.000463
1485.0	0.000713
1490.0	0.001426
1495.0	0.000965
1500.0	0.0007650000000000001
1505.0	0.00091
1510.0	0.000867
1515.0	0.00021899999999999998
1520.0	0.000321
1525.0	0.0006230000000000001
1530.0	0.0019199999999999998
1535.0	0.0019850000000000002
1540.0	0.0014869999999999998
1545.0	0.000377
1550.0	0.000642
1555.0	0.0014320000000000001
1560.0	0.0019030000000000002
1565.0	0.0012699999999999999
1570.0	0.000615
1575.0	0.001334
1580.0	0.001517
1585.0	0.00053
1590.0	0.001302
1595.0	0.001224
1600.0	0.000799
1605.0	0.000796
1610.0	0.001449
1615.0	0.0008900000000000001
1620.0	0.000484
1625.0	0.000296
1630.0	0.000798
1635.0	0.00041799999999999997
1640.0	0.000146
1645.0	0.000343
1650.0	0.000837
1655.0	0.001267
1660.0	0.001598
1665.0	0.0014470000000000002
1670.0	0.001374
1675.0	0.0016120000000000002
1680.0	0.001632
1685.0	0.0012619999999999999
1690.0	0.001423
1695.0	0.002721
1700.0	0.002761
1705.0	0.0027429999999999998
1710.0	0.003368
1715.0	0.0035259999999999996
1720.0	0.003594
1725.0	0.005142
1730.0	0.004837
1735.0	0.005351
1740.0	0.0074
1745.0	0.008485
1750.0	0.010095
1755.0	0.011038
1760.0	0.010634000000000001
1765.0	0.013006
1770.0	0.016978999999999998
1775.0	0.019219
1780.0	0.01859
1785.0	0.016280000000000003
1790.0	0.017129
1795.0	0.019971
1800.0	0.020069
1805.0	0.018621000000000002
1810.0	0.020321000000000002
1815.0	0.022662
1820.0	0.026802
1825.0	0.02688
1830.0	0.026306
1835.0	0.022861000000000003
1840.0	0.01735
1845.0	0.014787999999999999
1850.0	0.019671
1855.0	0.023957
1860.0	0.029222
1865.0	0.035601
1870.0	0.034946
1875.0	0.035211
1880.0	0.040818
1885.0	0.039595
1890.0	0.037159
1895.0	0.03524
1900.0	0.039456
1905.0	0.045114999999999995
1910.0	0.048699
1915.0	0.050869
1920.0	0.046493
1925.0	0.033016000000000004
1930.0	0.025368
1935.0	0.040101
1940.0	0.059234
1945.0	0.063703
1950.0	0.06046
1955.0	0.049781
1960.0	0.052884
1965.0	0.044626
1970.0	0.051557000000000006
1975.0	0.071674
1980.0	0.050589999999999996
1985.0	0.067312
1990.0	0.058253
1995.0	0.027687
2000.0	0.058115999999999994
2005.0	0.074874
2010.0	0.050076999999999997
2015.0	0.07079099999999999
2020.0	0.074678
2025.0	0.06430599999999999
2030.0	0.056813
2035.0	0.07954299999999999
2040.0	0.099492
2045.0	0.082069
2050.0	0.090124
2055.0	0.11452999999999999
2060.0	0.100037
2065.0	0.07005
2070.0	0.104749
2075.0	0.127149
2080.0	0.144673
2085.0	0.142973
2090.0	0.130649
2095.0	0.114647
2100.0	0.134888
2105.0	0.155203
2110.0	0.15292
2115.0	0.15876800000000002
2120.0	0.144002
2125.0	0.154746
2130.0	0.157025
2135.0	0.14290799999999998
2140.0	0.136168
2145.0	0.153729
2150.0	0.15146400000000002
2155.0	0.15044000000000002
2160.0	0.15267999999999998
2165.0	0.13683599999999999
2170.0	0.14239200000000002
2175.0	0.117248
2180.0	0.125147
2185.0	0.15193199999999998
2190.0	0.173514
2195.0	0.190825
2200.0	0.203158
2205.0	0.19451500000000002
2210.0	0.15743900000000002
2215.0	0.133622
2220.0	0.127724
2225.0	0.14268
2230.0	0.15138800000000002
2235.0	0.160352
2240.0	0.171191
2245.0	0.161133
2250.0	0.169596
2255.0	0.17711400000000002
2260.0	0.16381400000000002
2265.0	0.146233
2270.0	0.134217
2275.0	0.120173
2280.0	0.126585
2285.0	0.14233900000000002
2290.0	0.165885
2295.0	0.16383399999999998
2300.0	0.156591
2305.0	0.146202
2310.0	0.15462
2315.0	0.14926199999999998
2320.0	0.14199900000000001
2325.0	0.137093
2330.0	0.12678
2335.0	0.12623800000000002
2340.0	0.099713
2345.0	0.1069
2350.0	0.09866799999999999
2355.0	0.12133599999999999
2360.0	0.140692
2365.0	0.0987
2370.0	0.11252100000000001
2375.0	0.14016199999999998
2380.0	0.136678
2385.0	0.089793
2390.0	0.08764
2395.0	0.103327
2400.0	0.095712
2405.0	0.087335
2410.0	0.07239
2415.0	0.080136
2420.0	0.11253699999999998
2425.0	0.15679500000000002
2430.0	0.179345
2435.0	0.167856
2440.0	0.145196
2445.0	0.163471
2450.0	0.151344
2455.0	0.130922
2460.0	0.144433
2465.0	0.150353
2470.0	0.15204
2475.0	0.150604
2480.0	0.152006
2485.0	0.127663
2490.0	0.10873599999999999
2495.0	0.109876
2500.0	0.16397
2505.0	0.16146300000000002
2510.0	0.130814
2515.0	0.120778
2520.0	0.091237
2525.0	0.07958
2530.0	0.094871
2535.0	0.102724
2540.0	0.11373699999999999
2545.0	0.119227
2550.0	0.115717
2555.0	0.135916
2560.0	0.15655
2565.0	0.175156
2570.0	0.203306
2575.0	0.218433
2580.0	0.196499
2585.0	0.184753
2590.0	0.191858
2595.0	0.205614
2600.0	0.16880599999999998
2605.0	0.156887
2610.0	0.156353
2615.0	0.144206
2620.0	0.17698699999999998
2625.0	0.198121
2630.0	0.172326
2635.0	0.219925
2640.0	0.393978
2645.0	0.46303199999999994
2650.0	0.403352
2655.0	0.378008
2660.0	0.441586
2665.0	0.374231
2670.0	0.328639
2675.0	0.354147
2680.0	0.356668
2685.0	0.361764
2690.0	0.35332600000000003
2695.0	0.34981100000000004
2700.0	0.417405
2705.0	0.415538
2710.0	0.338723
2715.0	0.323216
2720.0	0.349916
2725.0	0.353704
2730.0	0.43960699999999997
2735.0	0.378865
2740.0	0.261228
2745.0	0.19217599999999999
2750.0	0.197574
2755.0	0.23835599999999998
2760.0	0.232212
2765.0	0.27915100000000004
2770.0	0.303197
2775.0	0.335158
2780.0	0.306244
2785.0	0.228404
2790.0	0.179767
2795.0	0.109607
2800.0	0.072523
2805.0	0.0759
2810.0	0.13815999999999998
2815.0	0.273095
2820.0	0.44776800000000005
2825.0	0.476492
2830.0	0.484283
2835.0	0.488469
2840.0	0.389736
2845.0	0.38268800000000003
2850.0	0.34863
2855.0	0.229016
2860.0	0.321538
2865.0	0.37482
2870.0	0.384273
2875.0	0.430608
2880.0	0.403478
2885.0	0.37658600000000003
2890.0	0.402989
2895.0	0.39955
2900.0	0.39148299999999997
2905.0	0.412998
2910.0	0.46875100000000003
2915.0	0.526463
2920.0	0.48084399999999994
2925.0	0.432539
2930.0	0.42532700000000007
2935.0	0.45121400000000006
2940.0	0.44817799999999997
2945.0	0.45520200000000005
2950.0	0.459992
2955.0	0.46492100000000003
2960.0	0.499471
2965.0	0.5046
2970.0	0.512582
2975.0	0.472862
2980.0	0.48492700000000005
2985.0	0.502343
2990.0	0.516893
2995.0	0.520202
3000.0	0.47781899999999994
3005.0	0.460421
3010.0	0.477126
3015.0	0.4708
3020.0	0.469919
3025.0	0.54275
3030.0	0.594194
3035.0	0.5821029999999999
3040.0	0.629134
3045.0	0.556008
3050.0	0.524996
3055.0	0.558715
3060.0	0.49900900000000004
3065.0	0.456959
3070.0	0.49541899999999994
3075.0	0.503158
3080.0	0.522123
3085.0	0.49340500000000004
3090.0	0.478625
3095.0	0.424166
3100.0	0.402291
3105.0	0.45161599999999996
3110.0	0.525622
3115.0	0.5455439999999999
3120.0	0.47632299999999994
3125.0	0.46402299999999996
3130.0	0.49370600000000003
3135.0	0.517833
3140.0	0.522211
3145.0	0.5060319999999999
3150.0	0.526924
3155.0	0.5080180000000001
3160.0	0.475803
3165.0	0.518442
3170.0	0.561796
3175.0	0.5581109999999999
3180.0	0.531697
3185.0	0.535118
3190.0	0.5522630000000001
3195.0	0.560875
3200.0	0.5819449999999999
3205.0	0.647008
3210.0	0.660149
3215.0	0.656504
3220.0	0.6307020000000001
3225.0	0.588227
3230.0	0.566334
3235.0	0.59335
3240.0	0.630106
3245.0	0.637645
3250.0	0.645355
3255.0	0.685063
3260.0	0.7300180000000001
3265.0	0.746156
3270.0	0.728733
3275.0	0.6868890000000001
3280.0	0.655961
3285.0	0.6670699999999999
3290.0	0.708264
3295.0	0.754965
3300.0	0.775154
3305.0	0.74857
3310.0	0.709415
3315.0	0.6948350000000001
3320.0	0.6993060000000001
3325.0	0.7078369999999999
3330.0	0.71026
3335.0	0.701946
3340.0	0.695597
3345.0	0.702055
3350.0	0.7074060000000001
3355.0	0.6966899999999999
3360.0	0.6755369999999999
3365.0	0.655192
3370.0	0.64878
3375.0	0.664244
3380.0	0.68693
3385.0	0.7005520000000001
3390.0	0.704902
3395.0	0.7031229999999999
3400.0	0.6956979999999999
3405.0	0.684467
3410.0	0.679343
3415.0	0.68785
3420.0	0.699869
3425.0	0.702671
3430.0	0.6907369999999999
3435.0	0.664697
3440.0	0.6425649999999999
3445.0	0.6406
3450.0	0.650666
3455.0	0.660824
3460.0	0.6683439999999999
3465.0	0.67218
3470.0	0.6688270000000001
3475.0	0.6566810000000001
3480.0	0.6442140000000001
3485.0	0.639993
3490.0	0.642881
3495.0	0.6508189999999999
3500.0	0.667745
3505.0	0.6939029999999999
3510.0	0.717513
3515.0	0.709288
3520.0	0.689107
3525.0	0.679936
3530.0	0.700207
3535.0	0.727878
3540.0	0.753031
3545.0	0.76928
3550.0	0.775917
3555.0	0.764201
3560.0	0.739179
3565.0	0.6994600000000001
3570.0	0.659621
3575.0	0.648167
3580.0	0.637617
3585.0	0.615791
3590.0	0.638267
3595.0	0.704865
3600.0	0.74188
3605.0	0.706254
3610.0	0.669126
3615.0	0.665555
3620.0	0.67805
3625.0	0.7133
3630.0	0.7222529999999999
3635.0	0.705516
3640.0	0.719024
3645.0	0.709965
3650.0	0.711956
3655.0	0.771516
3660.0	0.816337
3665.0	0.810519
3670.0	0.791132
3675.0	0.787734
3680.0	0.77084
3685.0	0.761674
3690.0	0.782792
3695.0	0.822522
3700.0	0.834694
3705.0	0.7850659999999999
3710.0	0.771537
3715.0	0.8030430000000001
3720.0	0.792201
3725.0	0.792208
3730.0	0.7858310000000001
3735.0	0.73398
3740.0	0.738426
3745.0	0.714006
3750.0	0.696345
3755.0	0.787892
3760.0	0.830318
3765.0	0.8205
3770.0	0.795554
3775.0	0.87213
3780.0	0.98224
3785.0	0.9899530000000001
3790.0	0.9048950000000001
3795.0	0.808779
3800.0	0.811884
3805.0	0.926686
3810.0	0.998965
3815.0	0.963508
3820.0	0.883034
3825.0	0.797528
3830.0	0.7062579999999999
3835.0	0.640407
3840.0	0.705688
3845.0	0.8718309999999999
3850.0	0.9839629999999999
3855.0	0.9943280000000001
3860.0	0.9700770000000001
3865.0	0.999993
3870.0	1.001095
3875.0	0.972454
3880.0	0.9182370000000001
3885.0	0.811593
3890.0	0.7554109999999999
3895.0	0.845463
3900.0	0.940543
3905.0	0.9768379999999999
3910.0	1.008401
3915.0	1.022486
3920.0	0.972578
3925.0	0.82814
3930.0	0.602014
3935.0	0.508812
3940.0	0.652143
3945.0	0.835838
3950.0	0.9637549999999999
3955.0	0.990815
3960.0	0.8786780000000001
3965.0	0.6319279999999999
3970.0	0.516993
3975.0	0.707709
3980.0	0.9505540000000001
3985.0	1.0714290000000002
3990.0	1.1268209999999999
3995.0	1.155222
4000.0	1.1630770000000001
4005.0	1.167282
4010.0	1.1853989999999999
4015.0	1.211568
4020.0	1.230885
4025.0	1.226818
4030.0	1.198799
4035.0	1.203199
4040.0	1.2264959999999998
4045.0	1.195434
4050.0	1.1864940000000002
4055.0	1.1710459999999998
4060.0	1.155214
4065.0	1.154993
4070.0	1.1598549999999999
4075.0	1.132154
4080.0	1.12648
4085.0	1.167349
4090.0	1.170859
4095.0	1.0622610000000001
4100.0	0.932308
4105.0	0.961666
4110.0	1.0857510000000001
4115.0	1.170013
4120.0	1.192922
4125.0	1.184102
4130.0	1.169224
4135.0	1.195281
4140.0	1.233047
4145.0	1.228164
4150.0	1.214558
4155.0	1.201781
4160.0	1.222412
4165.0	1.239538
4170.0	1.206036
4175.0	1.1660760000000001
4180.0	1.1695959999999999
4185.0	1.183084
4190.0	1.194073
4195.0	1.181574
4200.0	1.161729
4205.0	1.18794
4210.0	1.227211
4215.0	1.228987
4220.0	1.2067649999999999
4225.0	1.154364
4230.0	1.140734
4235.0	1.156259
4240.0	1.1697899999999999
4245.0	1.173826
4250.0	1.170701
4255.0	1.173563
4260.0	1.166844
4265.0	1.176516
4270.0	1.156519
4275.0	1.1566379999999998
4280.0	1.1720899999999999
4285.0	1.14052
4290.0	1.09619
4295.0	1.058235
4300.0	0.997134
4305.0	0.9675299999999999
4310.0	0.99229
4315.0	1.09455
4320.0	1.172268
4325.0	1.145006
4330.0	1.1031309999999999
4335.0	1.0121280000000001
4340.0	0.9037629999999999
4345.0	0.965993
4350.0	1.081956
4355.0	1.151366
4360.0	1.200661
4365.0	1.224896
4370.0	1.216401
4375.0	1.1995120000000001
4380.0	1.174539
4385.0	1.1334629999999999
4390.0	1.152557
4395.0	1.181062
4400.0	1.193332
4405.0	1.199476
4410.0	1.206785
4415.0	1.2148700000000001
4420.0	1.228659
4425.0	1.23771
4430.0	1.235377
4435.0	1.221178
4440.0	1.226948
4445.0	1.230692
4450.0	1.2304760000000001
4455.0	1.1923540000000001
4460.0	1.16723
4465.0	1.18507
4470.0	1.216035
4475.0	1.246099
4480.0	1.242561
4485.0	1.2401950000000002
4490.0	1.236809
4495.0	1.243702
4500.0	1.268313
4505.0	1.299898
4510.0	1.307137
4515.0	1.287871
4520.0	1.255433
4525.0	1.209756
4530.0	1.1773879999999999
4535.0	1.196927
4540.0	1.228826
4545.0	1.21061
4550.0	1.191463
4555.0	1.214076
4560.0	1.245227
4565.0	1.2512159999999999
4570.0	1.255291
4575.0	1.250685
4580.0	1.227595
4585.0	1.202874
4590.0	1.207116
4595.0	1.211383
4600.0	1.210575
4605.0	1.222703
4610.0	1.2387299999999999
4615.0	1.2410299999999999
4620.0	1.239416
4625.0	1.236116
4630.0	1.234883
4635.0	1.225968
4640.0	1.214866
4645.0	1.202958
4650.0	1.197584
4655.0	1.211423
4660.0	1.22289
4665.0	1.187641
4670.0	1.168436
4675.0	1.2005290000000002
4680.0	1.214401
4685.0	1.213929
4690.0	1.21242
4695.0	1.211373
4700.0	1.188728
4705.0	1.17181
4710.0	1.1744370000000002
4715.0	1.200383
4720.0	1.216593
4725.0	1.2085540000000001
4730.0	1.191308
4735.0	1.189241
4740.0	1.198036
4745.0	1.207943
4750.0	1.200386
4755.0	1.186368
4760.0	1.175914
4765.0	1.163322
4770.0	1.1719700000000002
4775.0	1.20133
4780.0	1.202176
4785.0	1.185344
4790.0	1.181152
4795.0	1.193349
4800.0	1.191732
4805.0	1.1868530000000002
4810.0	1.182688
4815.0	1.1935639999999998
4820.0	1.19754
4825.0	1.179901
4830.0	1.168069
4835.0	1.161689
4840.0	1.150988
4845.0	1.145232
4850.0	1.102668
4855.0	0.9817239999999999
4860.0	0.8648549999999999
4865.0	0.8950969999999999
4870.0	1.0041930000000001
4875.0	1.067796
4880.0	1.105214
4885.0	1.099609
4890.0	1.097041
4895.0	1.133743
4900.0	1.161891
4905.0	1.1615950000000002
4910.0	1.139251
4915.0	1.1150790000000002
4920.0	1.0959
4925.0	1.119222
4930.0	1.146992
4935.0	1.133052
4940.0	1.124193
4945.0	1.149267
4950.0	1.163214
4955.0	1.1461299999999999
4960.0	1.138268
4965.0	1.150253
4970.0	1.1469479999999999
4975.0	1.137645
4980.0	1.1128850000000001
4985.0	1.104902
4990.0	1.126205
4995.0	1.128625
5000.0	1.117772
5005.0	1.102514
5010.0	1.087883
5015.0	1.066966
5020.0	1.069639
5025.0	1.098122
5030.0	1.1154629999999999
5035.0	1.100717
5040.0	1.0797889999999999
5045.0	1.093468
5050.0	1.115412
5055.0	1.133765
5060.0	1.1451879999999999
5065.0	1.1253090000000001
5070.0	1.103326
5075.0	1.08548
5080.0	1.076742
5085.0	1.099405
5090.0	1.126109
5095.0	1.1126280000000002
5100.0	1.091066
5105.0	1.0963319999999999
5110.0	1.105267
5115.0	1.119707
5120.0	1.112858
5125.0	1.089169
5130.0	1.07469
5135.0	1.066446
5140.0	1.0560379999999998
5145.0	1.059491
5150.0	1.071526
5155.0	1.085505
5160.0	1.077257
5165.0	1.001152
5170.0	0.947416
5175.0	0.9929479999999999
5180.0	1.03303
5185.0	1.015507
5190.0	1.015209
5195.0	1.033264
5200.0	1.04767
5205.0	1.046914
5210.0	1.0525120000000001
5215.0	1.061715
5220.0	1.060778
5225.0	1.0334510000000001
5230.0	1.022149
5235.0	1.0438379999999998
5240.0	1.068327
5245.0	1.074704
5250.0	1.067069
5255.0	1.06817
5260.0	1.045399
5265.0	0.9920680000000001
5270.0	0.9753379999999999
5275.0	0.9988379999999999
5280.0	1.032983
5285.0	1.060217
5290.0	1.078274
5295.0	1.0597530000000002
5300.0	1.0483120000000001
5305.0	1.065503
5310.0	1.077972
5315.0	1.0682909999999999
5320.0	1.043773
5325.0	1.021217
5330.0	1.013698
5335.0	1.028664
5340.0	1.033344
5345.0	1.035524
5350.0	1.045197
5355.0	1.06744
5360.0	1.067879
5365.0	1.0342200000000001
5370.0	1.019625
5375.0	1.0365149999999999
5380.0	1.045791
5385.0	1.0423120000000001
5390.0	1.0352379999999999
5395.0	1.022308
5400.0	1.007491
5405.0	0.998877
5410.0	1.002793
5415.0	1.019041
5420.0	1.028672
5425.0	1.026103
5430.0	1.023279
5435.0	1.028672
5440.0	1.043501
5445.0	1.035328
5450.0	1.026973
5455.0	1.0226950000000001
5460.0	1.023777
5465.0	1.025596
5470.0	1.028873
5475.0	1.013926
5480.0	1.002905
5485.0	1.0154969999999999
5490.0	1.021717
5495.0	1.023109
5500.0	1.020901
5505.0	1.008549
5510.0	1.008972
5515.0	1.023751
5520.0	1.030733
5525.0	1.0141129999999998
5530.0	0.9985059999999999
5535.0	1.0041010000000001
5540.0	1.016529
5545.0	1.019841
5550.0	1.022586
5555.0	1.015893
5560.0	1.0065709999999999
5565.0	0.994748
5570.0	0.9883290000000001
5575.0	0.999208
5580.0	1.001326
5585.0	0.9834280000000001
5590.0	0.9626290000000001
5595.0	0.9596469999999999
5600.0	0.9655100000000001
5605.0	0.987418
5610.0	1.005109
5615.0	0.988534
5620.0	0.9792420000000001
5625.0	0.9879030000000001
5630.0	0.9971549999999999
5635.0	0.9919290000000001
5640.0	0.981991
5645.0	0.985088
5650.0	0.987506
5655.0	0.967382
5660.0	0.9517260000000001
5665.0	0.963817
5670.0	0.983002
5675.0	0.9868020000000001
5680.0	0.973931
5685.0	0.961061
5690.0	0.9656030000000001
5695.0	0.9722459999999999
5700.0	0.967965
5705.0	0.949234
5710.0	0.9371520000000001
5715.0	0.9536450000000001
5720.0	0.9744520000000001
5725.0	0.981604
5730.0	0.978941
5735.0	0.978892
5740.0	0.9812129999999999
5745.0	0.97406
5750.0	0.964159
5755.0	0.958677
5760.0	0.961623
5765.0	0.9694200000000001
5770.0	0.973075
5775.0	0.9668889999999999
5780.0	0.954566
5785.0	0.9500649999999999
5790.0	0.954606
5795.0	0.954843
5800.0	0.959656
5805.0	0.961491
5810.0	0.9616030000000001
5815.0	0.962276
5820.0	0.967359
5825.0	0.973909
5830.0	0.972483
5835.0	0.9680350000000001
5840.0	0.966535
5845.0	0.9629040000000001
5850.0	0.953343
5855.0	0.935609
5860.0	0.933667
5865.0	0.94701
5870.0	0.9604940000000001
5875.0	0.959584
5880.0	0.947925
5885.0	0.920667
5890.0	0.8860290000000001
5895.0	0.884943
5900.0	0.913959
5905.0	0.93758
5910.0	0.941679
5915.0	0.9404959999999999
5920.0	0.94029
5925.0	0.9372879999999999
5930.0	0.9329860000000001
5935.0	0.934608
5940.0	0.934992
5945.0	0.928592
5950.0	0.92263
5955.0	0.925154
5960.0	0.9288780000000001
5965.0	0.930875
5970.0	0.9301
5975.0	0.921899
5980.0	0.917048
5985.0	0.9118350000000001
5990.0	0.9144329999999999
5995.0	0.9159959999999999
6000.0	0.9127879999999999
6005.0	0.901273
6010.0	0.898733
6015.0	0.8950450000000001
6020.0	0.887065
6025.0	0.890948
6030.0	0.8993459999999999
6035.0	0.904632
6040.0	0.902457
6045.0	0.902633
6050.0	0.897883
6055.0	0.897338
6060.0	0.8974850000000001
6065.0	0.894633
6070.0	0.8954200000000001
6075.0	0.8915209999999999
6080.0	0.885755
6085.0	0.884915
6090.0	0.883901
6095.0	0.8788819999999999
6100.0	0.871714
6105.0	0.873274
6110.0	0.883775
6115.0	0.880767
6120.0	0.871124
6125.0	0.870129
6130.0	0.869508
6135.0	0.855174
6140.0	0.8518979999999999
6145.0	0.858883
6150.0	0.860712
6155.0	0.852081
6160.0	0.839417
6165.0	0.835939
6170.0	0.845707
6175.0	0.8577389999999999
6180.0	0.8645459999999999
6185.0	0.860102
6190.0	0.8557620000000001
6195.0	0.860358
6200.0	0.863883
6205.0	0.867858
6210.0	0.866233
6215.0	0.858086
6220.0	0.852208
6225.0	0.852857
6230.0	0.8459979999999999
6235.0	0.8423870000000001
6240.0	0.839404
6245.0	0.8338540000000001
6250.0	0.831161
6255.0	0.830253
6260.0	0.83667
6265.0	0.841277
6270.0	0.842823
6275.0	0.8305950000000001
6280.0	0.816879
6285.0	0.830044
6290.0	0.8346600000000001
6295.0	0.825536
6300.0	0.8227969999999999
6305.0	0.8243870000000001
6310.0	0.8279559999999999
6315.0	0.820041
6320.0	0.818221
6325.0	0.8283370000000001
6330.0	0.832706
6335.0	0.8238770000000001
6340.0	0.821225
6345.0	0.825456
6350.0	0.829857
6355.0	0.8264299999999999
6360.0	0.817295
6365.0	0.819218
6370.0	0.822543
6375.0	0.824418
6380.0	0.8243010000000001
6385.0	0.8245030000000001
6390.0	0.8206979999999999
6395.0	0.8162510000000001
6400.0	0.812926
6405.0	0.812859
6410.0	0.808509
6415.0	0.8051020000000001
6420.0	0.802979
6425.0	0.811046
6430.0	0.810211
6435.0	0.807951
6440.0	0.80855
6445.0	0.810242
6450.0	0.8059609999999999
6455.0	0.8007810000000001
6460.0	0.794955
6465.0	0.7959649999999999
6470.0	0.800257
6475.0	0.799927
6480.0	0.800298
6485.0	0.797096
6490.0	0.7825840000000001
6495.0	0.765651
6500.0	0.780877
6505.0	0.797474
6510.0	0.803563
6515.0	0.7934479999999999
6520.0	0.79118
6525.0	0.791964
6530.0	0.790253
6535.0	0.788628
6540.0	0.7850189999999999
6545.0	0.771565
6550.0	0.746346
6555.0	0.688172
6560.0	0.603662
6565.0	0.6106739999999999
6570.0	0.700158
6575.0	0.744354
6580.0	0.762742
6585.0	0.765921
6590.0	0.765783
6595.0	0.769179
6600.0	0.7791560000000001
6605.0	0.780656
6610.0	0.7807029999999999
6615.0	0.783676
6620.0	0.782536
6625.0	0.780573
6630.0	0.77432
6635.0	0.770613
6640.0	0.773931
6645.0	0.775787
6650.0	0.776722
6655.0	0.774359
6660.0	0.767994
6665.0	0.764867
6670.0	0.769247
6675.0	0.7656350000000001
6680.0	0.765371
6685.0	0.7694880000000001
6690.0	0.7681720000000001
6695.0	0.765097
6700.0	0.76352
6705.0	0.761093
6710.0	0.758357
6715.0	0.751246
6720.0	0.74938
6725.0	0.753935
6730.0	0.7545310000000001
6735.0	0.75327
6740.0	0.75151
6745.0	0.750834
6750.0	0.749235
6755.0	0.747683
6760.0	0.748591
6765.0	0.749199
6770.0	0.747406
6775.0	0.748375
6780.0	0.7474729999999999
6785.0	0.74465
6790.0	0.744058
6795.0	0.7421949999999999
6800.0	0.745951
6805.0	0.744462
6810.0	0.745675
6815.0	0.74562
6820.0	0.743498
6825.0	0.7419279999999999
6830.0	0.741205
6835.0	0.738073
6840.0	0.737213
6845.0	0.736401
6850.0	0.735604
6855.0	0.7348140000000001
6860.0	0.73398
6865.0	0.733165
6870.0	0.732305
6875.0	0.731467
6880.0	0.7306520000000001
6885.0	0.7298279999999999
6890.0	0.728967
6895.0	0.728126
6900.0	0.7273109999999999
6905.0	0.726494
6910.0	0.725672
6915.0	0.724891
6920.0	0.7241
6925.0	0.723249
6930.0	0.722375
6935.0	0.721498
6940.0	0.720679
6945.0	0.719899
6950.0	0.71905
6955.0	0.718242
6960.0	0.717407
6965.0	0.7165520000000001
6970.0	0.71585
6975.0	0.713692
6980.0	0.710461
6985.0	0.712771
6990.0	0.713298
6995.0	0.713184
7000.0	0.707295
7005.0	0.701603
7010.0	0.7033229999999999
7015.0	0.700094
7020.0	0.6994640000000001
7025.0	0.70062
7030.0	0.704314
7035.0	0.703029
7040.0	0.704708
7045.0	0.7091810000000001
7050.0	0.707916
7055.0	0.704345
7060.0	0.7023729999999999
7065.0	0.7026789999999999
7070.0	0.7016979999999999
7075.0	0.702488
7080.0	0.700814
7085.0	0.696933
7090.0	0.693852
7095.0	0.695187
7100.0	0.6971
7105.0	0.6954640000000001
7110.0	0.6916100000000001
7115.0	0.6884399999999999
7120.0	0.686783
7125.0	0.686732
7130.0	0.6864399999999999
7135.0	0.68906
7140.0	0.690915
7145.0	0.68504
7150.0	0.680743
7155.0	0.6827840000000001
7160.0	0.681084
7165.0	0.67215
7170.0	0.667764
7175.0	0.660931
7180.0	0.653809
7185.0	0.642181
7190.0	0.641487
7195.0	0.645921
7200.0	0.64717
7205.0	0.650051
7210.0	0.6593899999999999
7215.0	0.665492
7220.0	0.6658810000000001
7225.0	0.66506
7230.0	0.662068
7235.0	0.6538579999999999
7240.0	0.651529
7245.0	0.651641
7250.0	0.653034
7255.0	0.654569
7260.0	0.656474
7265.0	0.654351
7270.0	0.6557189999999999
7275.0	0.648505
7280.0	0.646516
7285.0	0.641319
7290.0	0.635475
7295.0	0.646046
7300.0	0.650795
7305.0	0.645656
7310.0	0.643726
7315.0	0.6478520000000001
7320.0	0.650038
7325.0	0.648332
7330.0	0.6473260000000001
7335.0	0.651741
7340.0	0.6559
7345.0	0.653285
7350.0	0.647702
7355.0	0.644977
7360.0	0.646419
7365.0	0.646831
7370.0	0.647367
7375.0	0.6472939999999999
7380.0	0.645899
7385.0	0.635519
7390.0	0.631583
7395.0	0.6394569999999999
7400.0	0.6407010000000001
7405.0	0.636358
7410.0	0.628236
7415.0	0.626346
7420.0	0.6294420000000001
7425.0	0.633428
7430.0	0.640964
7435.0	0.6413449999999999
7440.0	0.637305
7445.0	0.631035
7450.0	0.63244
7455.0	0.636213
7460.0	0.6345890000000001
7465.0	0.634996
7470.0	0.637651
7475.0	0.634679
7480.0	0.632522
7485.0	0.631746
7490.0	0.629775
7495.0	0.625373
7500.0	0.628364
7505.0	0.626736
7510.0	0.619358
7515.0	0.622714
7520.0	0.625021
7525.0	0.622317
7530.0	0.621368
7535.0	0.6227060000000001
7540.0	0.6265229999999999
7545.0	0.624271
7550.0	0.621632
7555.0	0.620848
7560.0	0.620027
7565.0	0.619246
7570.0	0.618445
7575.0	0.617594
7580.0	0.6168170000000001
7585.0	0.616024
7590.0	0.615226
7595.0	0.614424
7600.0	0.613648
7605.0	0.612896
7610.0	0.612114
7615.0	0.611329
7620.0	0.610545
7625.0	0.6097600000000001
7630.0	0.6089760000000001
7635.0	0.608191
7640.0	0.607406
7645.0	0.6066199999999999
7650.0	0.605833
7655.0	0.6050449999999999
7660.0	0.6042569999999999
7665.0	0.6034689999999999
7670.0	0.602657
7675.0	0.6018180000000001
7680.0	0.601011
7685.0	0.6002529999999999
7690.0	0.5994970000000001
7695.0	0.598676
7700.0	0.597835
7705.0	0.596997
7710.0	0.596234
7715.0	0.595548
7720.0	0.594791
7725.0	0.593901
7730.0	0.5938979999999999
7735.0	0.5969409999999999
7740.0	0.594396
7745.0	0.587054
7750.0	0.583955
7755.0	0.589364
7760.0	0.592604
7765.0	0.591838
7770.0	0.584206
7775.0	0.575453
7780.0	0.576513
7785.0	0.5829439999999999
7790.0	0.586199
7795.0	0.583469
7800.0	0.580529
7805.0	0.5810770000000001
7810.0	0.580617
7815.0	0.583619
7820.0	0.584657
7825.0	0.583146
7830.0	0.577025
7835.0	0.57335
7840.0	0.577383
7845.0	0.5787899999999999
7850.0	0.576874
7855.0	0.577307
7860.0	0.578978
7865.0	0.5773229999999999
7870.0	0.5765560000000001
7875.0	0.5736829999999999
7880.0	0.5721470000000001
7885.0	0.5740890000000001
7890.0	0.5734279999999999
7895.0	0.570364
7900.0	0.568789
7905.0	0.572581
7910.0	0.572293
7915.0	0.568194
7920.0	0.564325
7925.0	0.563488
7930.0	0.5593020000000001
7935.0	0.557692
7940.0	0.558525
7945.0	0.555545
7950.0	0.56021
7955.0	0.563291
7960.0	0.563017
7965.0	0.564275
7970.0	0.564453
7975.0	0.564013
7980.0	0.563125
7985.0	0.5642699999999999
7990.0	0.562738
7995.0	0.557657
8000.0	0.551443
8005.0	0.553555
8010.0	0.554804
8015.0	0.555941
8020.0	0.5560579999999999
8025.0	0.55201
8030.0	0.548888
8035.0	0.552243
8040.0	0.554379
8045.0	0.547547
8050.0	0.544851
8055.0	0.549701
8060.0	0.5524819999999999
8065.0	0.552304
8070.0	0.550983
8075.0	0.550362
8080.0	0.5498390000000001
8085.0	0.5467770000000001
8090.0	0.5460189999999999
8095.0	0.543949
8100.0	0.543198
8105.0	0.547309
8110.0	0.547798
8115.0	0.5465800000000001
8120.0	0.546441
8125.0	0.545369
8130.0	0.542335
8135.0	0.539389
8140.0	0.537845
8145.0	0.533896
8150.0	0.531466
8155.0	0.530195
8160.0	0.525756
8165.0	0.5221359999999999
8170.0	0.5240739999999999
8175.0	0.5230319999999999
8180.0	0.519727
8185.0	0.523157
8190.0	0.5223899999999999
8195.0	0.5150899999999999
8200.0	0.517736
8205.0	0.5313869999999999
8210.0	0.534625
8215.0	0.529821
8220.0	0.5230779999999999
8225.0	0.510045
8230.0	0.499015
8235.0	0.5150939999999999
8240.0	0.5276109999999999
8245.0	0.527001
8250.0	0.526204
8255.0	0.5218149999999999
8260.0	0.5246970000000001
8265.0	0.5261279999999999
8270.0	0.526126
8275.0	0.518967
8280.0	0.515371
8285.0	0.515901
8290.0	0.515205
8295.0	0.5157149999999999
8300.0	0.5164300000000001
8305.0	0.514026
8310.0	0.514714
8315.0	0.514853
8320.0	0.512538
8325.0	0.513213
8330.0	0.509243
8335.0	0.50498
8340.0	0.504645
8345.0	0.5089739999999999
8350.0	0.512141
8355.0	0.512996
8360.0	0.51234
8365.0	0.5120939999999999
8370.0	0.512774
8375.0	0.512096
8380.0	0.511653
8385.0	0.508063
8390.0	0.505788
8395.0	0.5076390000000001
8400.0	0.508624
8405.0	0.50757
8410.0	0.507666
8415.0	0.507889
8420.0	0.506206
8425.0	0.506495
8430.0	0.5043810000000001
8435.0	0.500374
8440.0	0.497885
8445.0	0.49573900000000004
8450.0	0.49810299999999996
8455.0	0.503196
8460.0	0.504473
8465.0	0.49889399999999995
8470.0	0.49435200000000007
8475.0	0.49526000000000003
8480.0	0.499914
8485.0	0.501726
8490.0	0.49583599999999994
8495.0	0.469704
8500.0	0.448038
8505.0	0.473951
8510.0	0.48755200000000004
8515.0	0.484166
8520.0	0.484584
8525.0	0.48327
8530.0	0.47927700000000006
8535.0	0.461614
8540.0	0.41813999999999996
8545.0	0.398196
8550.0	0.43091499999999994
8555.0	0.455092
8560.0	0.473624
8565.0	0.480487
8570.0	0.477994
8575.0	0.476179
8580.0	0.47468
8585.0	0.472839
8590.0	0.46933500000000006
8595.0	0.462732
8600.0	0.46775600000000006
8605.0	0.472103
8610.0	0.470497
8615.0	0.47150600000000004
8620.0	0.473416
8625.0	0.47606099999999996
8630.0	0.477246
8635.0	0.47616800000000004
8640.0	0.475131
8645.0	0.471145
8650.0	0.46424399999999993
8655.0	0.450524
8660.0	0.409078
8665.0	0.398135
8670.0	0.438551
8675.0	0.455534
8680.0	0.46138
8685.0	0.463368
8690.0	0.462884
8695.0	0.46905399999999997
8700.0	0.47103500000000004
8705.0	0.473875
8710.0	0.470466
8715.0	0.46859700000000004
8720.0	0.4698
8725.0	0.466958
8730.0	0.46047200000000005
8735.0	0.457218
8740.0	0.45225299999999996
8745.0	0.45045100000000005
8750.0	0.44509099999999996
8755.0	0.448877
8760.0	0.456453
8765.0	0.45959700000000003
8770.0	0.459642
8775.0	0.459237
8780.0	0.46145699999999995
8785.0	0.45869399999999994
8790.0	0.45561999999999997
8795.0	0.454079
8800.0	0.457246
8805.0	0.44927700000000004
8810.0	0.447428
8815.0	0.45718000000000003
8820.0	0.459217
8825.0	0.45669099999999996
8830.0	0.45501199999999997
8835.0	0.452359
8840.0	0.44901499999999994
8845.0	0.448612
8850.0	0.44773100000000005
8855.0	0.440693
8860.0	0.430571
8865.0	0.427044
8870.0	0.43527
8875.0	0.442801
8880.0	0.446071
8885.0	0.449568
8890.0	0.45060500000000003
8895.0	0.44963500000000006
8900.0	0.450049
8905.0	0.45331000000000005
8910.0	0.44951599999999997
8915.0	0.446704
8920.0	0.451096
8925.0	0.44286000000000003
8930.0	0.445583
8935.0	0.45174
8940.0	0.452855
8945.0	0.450671
8950.0	0.445558
8955.0	0.444238
8960.0	0.443659
8965.0	0.441629
8970.0	0.43818999999999997
8975.0	0.43867
8980.0	0.436989
8985.0	0.426234
8990.0	0.41071
8995.0	0.430382
9000.0	0.418283
9005.0	0.413857
9010.0	0.40725700000000004
9015.0	0.397726
9020.0	0.406375
9025.0	0.41869700000000004
9030.0	0.439352
9035.0	0.455112
9040.0	0.45627399999999996
9045.0	0.452006
9050.0	0.45504300000000003
9055.0	0.452234
9060.0	0.43786099999999994
9065.0	0.42876400000000003
9070.0	0.42537600000000003
9075.0	0.42296300000000003
9080.0	0.41586599999999996
9085.0	0.41483400000000004
9090.0	0.40815100000000004
9095.0	0.41306000000000004
9100.0	0.418811
9105.0	0.422206
9110.0	0.423616
9115.0	0.422469
9120.0	0.423904
9125.0	0.429307
9130.0	0.417843
9135.0	0.410525
9140.0	0.424896
9145.0	0.430073
9150.0	0.41641000000000006
9155.0	0.40734000000000004
9160.0	0.41754399999999997
9165.0	0.42456000000000005
9170.0	0.419864
9175.0	0.408386
9180.0	0.41852700000000004
9185.0	0.425584
9190.0	0.428399
9195.0	0.42061499999999996
9200.0	0.42429300000000003
9205.0	0.421466
9210.0	0.41558500000000004
9215.0	0.409062
9220.0	0.403933
9225.0	0.399696
9230.0	0.395988
9235.0	0.401072
9240.0	0.406246
9245.0	0.407064
9250.0	0.40625900000000004
9255.0	0.406593
9260.0	0.407395
9265.0	0.414612
9270.0	0.418908
9275.0	0.42353599999999997
9280.0	0.42319700000000005
9285.0	0.422166
9290.0	0.422188
9295.0	0.418357
9300.0	0.408883
9305.0	0.399729
9310.0	0.39573800000000003
9315.0	0.390113
9320.0	0.39024899999999996
9325.0	0.392459
9330.0	0.401202
9335.0	0.39923200000000003
9340.0	0.39364099999999996
9345.0	0.3894
9350.0	0.39363200000000004
9355.0	0.37900500000000004
9360.0	0.377838
9365.0	0.382143
9370.0	0.381385
9375.0	0.390032
9380.0	0.397951
9385.0	0.41747399999999996
9390.0	0.427904
9395.0	0.433475
9400.0	0.42644099999999996
9405.0	0.417745
9410.0	0.402706
9415.0	0.391478
9420.0	0.385262
9425.0	0.36795300000000003
9430.0	0.363063
9435.0	0.37446999999999997
9440.0	0.365814
9445.0	0.37907399999999997
9450.0	0.392445
9455.0	0.391734
9460.0	0.390863
9465.0	0.39621999999999996
9470.0	0.395256
9475.0	0.392334
9480.0	0.379616
9485.0	0.38808200000000004
9490.0	0.382024
9495.0	0.37446199999999996
9500.0	0.37685
9505.0	0.39212199999999997
9510.0	0.398262
9515.0	0.38967199999999996
9520.0	0.380418
9525.0	0.386504
9530.0	0.382716
9535.0	0.38046599999999997
9540.0	0.37091399999999997
9545.0	0.362656
9550.0	0.371004
9555.0	0.375687
9560.0	0.38318
9565.0	0.384846
9570.0	0.387886
9575.0	0.39052800000000004
9580.0	0.384527
9585.0	0.378905
9590.0	0.376639
9595.0	0.377255
9600.0	0.377272
9605.0	0.371521
9610.0	0.37229
9615.0	0.365671
9620.0	0.375235
9625.0	0.365863
9630.0	0.37246399999999996
9635.0	0.371417
9640.0	0.367904
9645.0	0.365537
9650.0	0.369684
9655.0	0.369825
9660.0	0.370393
9665.0	0.369384
9670.0	0.375377
9675.0	0.369685
9680.0	0.375044
9685.0	0.377865
9690.0	0.375248
9695.0	0.380567
9700.0	0.374947
9705.0	0.36899
9710.0	0.372404
9715.0	0.369475
9720.0	0.367925
9725.0	0.363195
9730.0	0.361277
9735.0	0.354634
9740.0	0.361127
9745.0	0.363238
9750.0	0.36125
9755.0	0.35583000000000004
9760.0	0.364792
9765.0	0.369963
9770.0	0.35528000000000004
9775.0	0.35689099999999996
9780.0	0.357562
9785.0	0.365166
9790.0	0.36459600000000003
9795.0	0.358196
9800.0	0.362713
9805.0	0.365894
9810.0	0.37042600000000003
9815.0	0.364501
9820.0	0.35723499999999997
9825.0	0.35573499999999997
9830.0	0.35536
9835.0	0.356222
9840.0	0.356277
9845.0	0.360734
9850.0	0.362415
9855.0	0.361894
9860.0	0.358721
9865.0	0.357939
9870.0	0.353593
9875.0	0.362133
9880.0	0.34744200000000003
9885.0	0.352187
9890.0	0.354504
9895.0	0.343059
9900.0	0.34472600000000003
9905.0	0.360623
9910.0	0.353024
9915.0	0.357281
9920.0	0.342061
9925.0	0.35068699999999997
9930.0	0.335899
9935.0	0.341946
9940.0	0.33907800000000005
9945.0	0.342886
9950.0	0.342942
9955.0	0.34688800000000003
9960.0	0.35142199999999996
9965.0	0.347973
9970.0	0.34686
9975.0	0.350177
9980.0	0.353051
9985.0	0.338836
9990.0	0.34527199999999997
9995.0	0.350909
10000.0	0.35336799999999996
10005.0	0.344441
10010.0	0.341897
10015.0	0.344051
10020.0	0.33981100000000003
10025.0	0.336789
10030.0	0.33805
10035.0	0.3353
10040.0	0.323517
10045.0	0.31446799999999997
10050.0	0.315889
10055.0	0.312347
10060.0	0.330825
10065.0	0.330604
10070.0	0.31810900000000003
10075.0	0.33481
10080.0	0.34070300000000003
10085.0	0.337866
10090.0	0.337471
10095.0	0.325961
10100.0	0.341317
10105.0	0.329615
10110.0	0.327947
10115.0	0.321235
10120.0	0.34531100000000003
10125.0	0.32963899999999996
10130.0	0.335003
10135.0	0.33129899999999995
10140.0	0.31911300000000004
10145.0	0.33269499999999996
10150.0	0.337554
10155.0	0.335374
10160.0	0.34377399999999997
10165.0	0.332727
10170.0	0.328775
10175.0	0.319681
10180.0	0.320527
10185.0	0.320575
10190.0	0.317846
10195.0	0.313692
10200.0	0.303152
10205.0	0.329583
10210.0	0.33725700000000003
10215.0	0.329573
10220.0	0.320267
10225.0	0.320519
10230.0	0.320338
10235.0	0.3198
10240.0	0.318977
10245.0	0.317974
10250.0	0.317006
10255.0	0.316319
10260.0	0.316158
10265.0	0.316654
10270.0	0.317479
10275.0	0.31819000000000003
10280.0	0.318345
10285.0	0.317679
10290.0	0.316635
10295.0	0.315834
10300.0	0.315895
10305.0	0.31753000000000003
10310.0	0.318384
10315.0	0.319257
10320.0	0.319784
10325.0	0.319709
10330.0	0.319193
10335.0	0.31850100000000003
10340.0	0.317898
10345.0	0.31758200000000003
10350.0	0.317481
10355.0	0.317456
10360.0	0.317366
10365.0	0.31708800000000004
10370.0	0.31655500000000003
10375.0	0.315716
10380.0	0.314519
10385.0	0.31296799999999997
10390.0	0.31129
10395.0	0.309764
10400.0	0.308673
10405.0	0.308209
10410.0	0.308214
10415.0	0.30844099999999997
10420.0	0.308643
10425.0	0.308609
10430.0	0.308266
10435.0	0.30757399999999996
10440.0	0.30649499999999996
10445.0	0.305053
10450.0	0.303529
10455.0	0.302268
10460.0	0.301614
10465.0	0.301789
10470.0	0.302532
10475.0	0.30345700000000003
10480.0	0.304182
10485.0	0.30440500000000004
10490.0	0.304155
10495.0	0.30354200000000003
10500.0	0.302678
10505.0	0.301705
10510.0	0.30088200000000004
10515.0	0.300498
10520.0	0.300842
10525.0	0.302044
10530.0	0.303587
10535.0	0.304795
10540.0	0.30499299999999996
10545.0	0.303738
10550.0	0.301521
10555.0	0.29907
10560.0	0.297111
10565.0	0.296189
10570.0	0.296133
10575.0	0.29659
10580.0	0.29720599999999997
10585.0	0.297693
10590.0	0.298019
10595.0	0.298214
10600.0	0.298308
10605.0	0.29833200000000004
10610.0	0.298304
10615.0	0.298241
10620.0	0.298162
10625.0	0.295058
10630.0	0.294715
10635.0	0.294373
10640.0	0.294032
10645.0	0.293691
10650.0	0.29335
10655.0	0.29301
10660.0	0.29267
10665.0	0.29233000000000003
10670.0	0.291991
10675.0	0.291653
10680.0	0.29131399999999996
10685.0	0.290976
10690.0	0.290639
10695.0	0.290302
10700.0	0.28996500000000003
10705.0	0.28962899999999997
10710.0	0.28929299999999997
10715.0	0.288958
10720.0	0.288623
10725.0	0.288288
10730.0	0.287954
10735.0	0.287621
10740.0	0.287287
10745.0	0.286954
10750.0	0.286622
10755.0	0.28629
10760.0	0.285958
10765.0	0.28562600000000005
10770.0	0.285296
10775.0	0.284965
10780.0	0.28463499999999997
10785.0	0.28430500000000003
10790.0	0.283976
10795.0	0.283647
10800.0	0.283319
10805.0	0.28299
10810.0	0.282663
10815.0	0.282335
10820.0	0.282009
10825.0	0.28168200000000004
10830.0	0.281356
10835.0	0.28103
10840.0	0.28070500000000004
10845.0	0.28038
10850.0	0.28005599999999997
10855.0	0.27973200000000004
10860.0	0.279408
10865.0	0.27908499999999997
10870.0	0.278762
10875.0	0.278439
10880.0	0.278117
10885.0	0.27779499999999996
10890.0	0.277474
10895.0	0.27715300000000004
10900.0	0.276833
10905.0	0.276513
10910.0	0.27619299999999997
10915.0	0.275873
10920.0	0.275555
10925.0	0.27523600000000004
10930.0	0.274918
10935.0	0.2746
10940.0	0.274283
10945.0	0.273966
10950.0	0.273649
10955.0	0.273333
10960.0	0.273017
10965.0	0.272702
10970.0	0.272387
10975.0	0.272072
10980.0	0.271758
10985.0	0.271444
10990.0	0.271131
10995.0	0.270818
11000.0	0.270505
11005.0	0.27019299999999996
11010.0	0.269881
11015.0	0.269569
11020.0	0.269258
11025.0	0.268948
11030.0	0.268637
11035.0	0.268327
11040.0	0.268018
11045.0	0.267708
11050.0	0.2674
11055.0	0.26709099999999997
11060.0	0.266783
11065.0	0.26647600000000005
11070.0	0.26616799999999996
11075.0	0.265862
11080.0	0.26555500000000004
11085.0	0.26524899999999996
11090.0	0.264943
11095.0	0.264638
11100.0	0.264333
11105.0	0.26402800000000004
11110.0	0.26372399999999996
11115.0	0.26342
11120.0	0.263117
11125.0	0.262814
11130.0	0.262511
11135.0	0.262209
11140.0	0.261907
11145.0	0.261606
11150.0	0.261304
11155.0	0.261004
11160.0	0.260703
11165.0	0.260403
11170.0	0.260104
11175.0	0.259805
11180.0	0.259506
11185.0	0.259207
11190.0	0.258909
11195.0	0.25861100000000004
11200.0	0.258314
11205.0	0.258017
11210.0	0.25772
11215.0	0.257424
11220.0	0.257128
11225.0	0.256833
11230.0	0.256538
11235.0	0.256243
11240.0	0.255949
11245.0	0.255655
11250.0	0.255361
11255.0	0.25506799999999996
11260.0	0.254775
11265.0	0.25448200000000004
11270.0	0.25419
11275.0	0.253899
11280.0	0.253607
11285.0	0.253316
11290.0	0.253025
11295.0	0.252735
11300.0	0.252445
11305.0	0.252156
11310.0	0.251867
11315.0	0.251578
11320.0	0.251289
11325.0	0.25100100000000003
11330.0	0.250714
11335.0	0.25042600000000004
11340.0	0.250139
11345.0	0.24985300000000002
11350.0	0.24956599999999998
11355.0	0.249281
11360.0	0.248995
11365.0	0.24871
11370.0	0.248425
11375.0	0.24814099999999997
11380.0	0.24785700000000002
11385.0	0.24757300000000002
11390.0	0.24729
11395.0	0.247007
11400.0	0.24672399999999997
11405.0	0.246442
11410.0	0.24616
11415.0	0.245879
11420.0	0.245598
11425.0	0.245317
11430.0	0.245036
11435.0	0.244756
11440.0	0.244477
11445.0	0.24419699999999997
11450.0	0.243918
11455.0	0.24364
11460.0	0.24336100000000002
11465.0	0.24308400000000002
11470.0	0.242806
11475.0	0.242529
11480.0	0.242252
11485.0	0.24197600000000002
11490.0	0.24169899999999997
11495.0	0.24142399999999997
11500.0	0.241148
11505.0	0.240873
11510.0	0.24059899999999998
11515.0	0.24032399999999998
11520.0	0.24005
11525.0	0.239777
11530.0	0.23950300000000002
11535.0	0.23923000000000003
11540.0	0.238958
11545.0	0.238686
11550.0	0.238414
11555.0	0.23814200000000002
11560.0	0.237871
11565.0	0.2376
11570.0	0.23733
11575.0	0.23706
11580.0	0.23679
11585.0	0.236521
11590.0	0.236252
11595.0	0.235983
11600.0	0.235715
11605.0	0.235447
11610.0	0.235179
11615.0	0.23491199999999998
11620.0	0.234645
11625.0	0.23437800000000003
11630.0	0.234112
11635.0	0.233846
11640.0	0.23358099999999998
11645.0	0.23331500000000002
11650.0	0.233051
11655.0	0.23278600000000002
11660.0	0.23252199999999998
11665.0	0.232258
11670.0	0.23199499999999998
11675.0	0.231731
11680.0	0.231469
11685.0	0.231206
11690.0	0.230944
11695.0	0.23068200000000003
11700.0	0.23042100000000001
11705.0	0.23016
11710.0	0.22989899999999996
11715.0	0.22963899999999998
11720.0	0.229379
11725.0	0.22911900000000002
11730.0	0.22885999999999998
11735.0	0.22860100000000003
11740.0	0.22834200000000002
11745.0	0.228084
11750.0	0.22782600000000003
11755.0	0.227568
11760.0	0.227311
11765.0	0.227054
11770.0	0.22679699999999997
11775.0	0.226541
11780.0	0.226285
11785.0	0.226029
11790.0	0.22577399999999997
11795.0	0.225519
11800.0	0.225264
11805.0	0.22501
11810.0	0.22475599999999998
11815.0	0.224502
11820.0	0.22424899999999998
11825.0	0.223996
11830.0	0.223744
11835.0	0.223491
11840.0	0.223239
11845.0	0.22298800000000002
11850.0	0.222737
11855.0	0.22248600000000002
11860.0	0.222235
11865.0	0.221985
11870.0	0.221735
11875.0	0.221485
11880.0	0.22123600000000002
11885.0	0.220987
11890.0	0.22073800000000002
11895.0	0.22049000000000002
11900.0	0.22024200000000002
11905.0	0.21999499999999997
11910.0	0.21974699999999997
11915.0	0.2195
11920.0	0.219254
11925.0	0.219007
11930.0	0.218761
11935.0	0.218516
11940.0	0.21827
11945.0	0.218025
11950.0	0.217781
11955.0	0.217536
11960.0	0.217292
11965.0	0.217049
11970.0	0.21680500000000003
11975.0	0.21656199999999998
11980.0	0.216319
11985.0	0.216077
11990.0	0.215835
11995.0	0.21559299999999998
12000.0	0.215352
12005.0	0.21511100000000002
12010.0	0.21486999999999998
12015.0	0.214629
12020.0	0.214389
12025.0	0.21415
12030.0	0.21391
12035.0	0.213671
12040.0	0.213432
12045.0	0.213193
12050.0	0.212955
12055.0	0.21271700000000002
12060.0	0.21248000000000003
12065.0	0.212243
12070.0	0.212006
12075.0	0.211769
12080.0	0.211533
12085.0	0.21129699999999998
12090.0	0.21106100000000003
12095.0	0.210826
12100.0	0.21059099999999997
12105.0	0.210356
12110.0	0.21012199999999998
12115.0	0.209887
12120.0	0.209654
12125.0	0.20942
12130.0	0.20918699999999998
12135.0	0.208954
12140.0	0.208722
12145.0	0.20849
12150.0	0.208258
12155.0	0.20802600000000002
12160.0	0.20779499999999998
12165.0	0.207564
12170.0	0.207333
12175.0	0.207103
12180.0	0.206873
12185.0	0.206643
12190.0	0.206414
12195.0	0.20618499999999998
12200.0	0.205956
12205.0	0.20572800000000002
12210.0	0.205499
12215.0	0.20527199999999998
12220.0	0.205044
12225.0	0.204817
12230.0	0.20459000000000002
12235.0	0.20436300000000002
12240.0	0.20413699999999999
12245.0	0.20391099999999998
12250.0	0.20368499999999998
12255.0	0.20346
12260.0	0.203235
12265.0	0.20301
12270.0	0.202786
12275.0	0.202562
12280.0	0.20233800000000002
12285.0	0.20211400000000002
12290.0	0.20189100000000001
12295.0	0.20166800000000001
12300.0	0.201445
12305.0	0.201223
12310.0	0.20100099999999999
12315.0	0.20077899999999999
12320.0	0.200558
12325.0	0.200337
12330.0	0.20011600000000002
12335.0	0.199896
12340.0	0.199675
12345.0	0.199455
12350.0	0.199236
12355.0	0.199016
12360.0	0.198797
12365.0	0.198579
12370.0	0.19835999999999998
12375.0	0.198142
12380.0	0.197924
12385.0	0.197707
12390.0	0.19749
12395.0	0.197273
12400.0	0.19705599999999998
12405.0	0.19684000000000001
12410.0	0.196624
12415.0	0.196408
12420.0	0.196193
12425.0	0.19597799999999999
12430.0	0.19576300000000002
12435.0	0.195548
12440.0	0.19533399999999998
12445.0	0.19512000000000002
12450.0	0.194906
12455.0	0.194693
12460.0	0.19448
12465.0	0.194267
12470.0	0.194055
12475.0	0.19384200000000001
12480.0	0.193631
12485.0	0.193419
12490.0	0.193208
12495.0	0.192997
12500.0	0.19278599999999999
12505.0	0.192575
12510.0	0.192365
12515.0	0.192155
12520.0	0.191946
12525.0	0.191737
12530.0	0.191528
12535.0	0.19131900000000002
12540.0	0.19111
12545.0	0.190902
12550.0	0.190695
12555.0	0.190487
12560.0	0.19028
12565.0	0.190073
12570.0	0.189866
12575.0	0.18966
12580.0	0.18945399999999998
12585.0	0.189248
12590.0	0.18904200000000002
12595.0	0.18883699999999998
12600.0	0.188632
12605.0	0.188427
12610.0	0.188223
12615.0	0.188019
12620.0	0.187815
12625.0	0.187611
12630.0	0.187408
12635.0	0.18720499999999998
12640.0	0.187003
12645.0	0.1868
12650.0	0.186598
12655.0	0.186396
12660.0	0.186195
12665.0	0.18599300000000002
12670.0	0.185792
12675.0	0.185592
12680.0	0.185391
12685.0	0.185191
12690.0	0.18499100000000002
12695.0	0.184791
12700.0	0.184592
12705.0	0.184393
12710.0	0.184194
12715.0	0.183996
12720.0	0.183798
12725.0	0.1836
12730.0	0.183402
12735.0	0.183205
12740.0	0.183008
12745.0	0.182811
12750.0	0.182614
12755.0	0.182418
12760.0	0.182222
12765.0	0.182026
12770.0	0.181831
12775.0	0.181636
12780.0	0.18144100000000002
12785.0	0.181246
12790.0	0.181052
12795.0	0.180858
12800.0	0.18066400000000002
12805.0	0.18047
12810.0	0.180277
12815.0	0.180084
12820.0	0.179891
12825.0	0.179699
12830.0	0.179507
12835.0	0.179315
12840.0	0.179123
12845.0	0.17893199999999998
12850.0	0.178741
12855.0	0.17855
12860.0	0.178359
12865.0	0.178169
12870.0	0.177979
12875.0	0.177789
12880.0	0.1776
12885.0	0.17740999999999998
12890.0	0.177222
12895.0	0.177033
12900.0	0.176844
12905.0	0.176656
12910.0	0.176468
12915.0	0.176281
12920.0	0.176093
12925.0	0.175906
12930.0	0.17572000000000002
12935.0	0.175533
12940.0	0.175347
12945.0	0.17516099999999998
12950.0	0.174975
12955.0	0.174789
12960.0	0.174604
12965.0	0.17441900000000002
12970.0	0.174234
12975.0	0.17405
12980.0	0.17386600000000002
12985.0	0.173682
12990.0	0.173498
12995.0	0.173315
13000.0	0.17313199999999998
13005.0	0.172949
13010.0	0.172766
13015.0	0.172584
13020.0	0.172402
13025.0	0.17222
13030.0	0.17203800000000002
13035.0	0.17185699999999998
13040.0	0.171676
13045.0	0.171495
13050.0	0.17131400000000002
13055.0	0.17113399999999998
13060.0	0.170954
13065.0	0.170774
13070.0	0.170595
13075.0	0.170415
13080.0	0.170236
13085.0	0.170058
13090.0	0.169879
13095.0	0.169701
13100.0	0.169523
13105.0	0.169345
13110.0	0.169168
13115.0	0.16899
13120.0	0.16881300000000002
13125.0	0.16863699999999998
13130.0	0.16846
13135.0	0.168284
13140.0	0.16810799999999998
13145.0	0.167932
13150.0	0.167757
13155.0	0.16758199999999998
13160.0	0.167407
13165.0	0.167232
13170.0	0.16705699999999998
13175.0	0.166883
13180.0	0.166709
13185.0	0.166535
13190.0	0.16636199999999998
13195.0	0.166189
13200.0	0.166016
13205.0	0.16584300000000002
13210.0	0.16567
13215.0	0.165498
13220.0	0.165326
13225.0	0.165155
13230.0	0.164983
13235.0	0.164812
13240.0	0.164641
13245.0	0.16447
13250.0	0.164299
13255.0	0.164129
13260.0	0.163959
13265.0	0.16378900000000002
13270.0	0.16362000000000002
13275.0	0.163451
13280.0	0.16328099999999998
13285.0	0.163113
13290.0	0.162944
13295.0	0.162776
13300.0	0.162608
13305.0	0.16244
13310.0	0.162272
13315.0	0.162105
13320.0	0.161938
13325.0	0.161771
13330.0	0.161604
13335.0	0.161438
13340.0	0.161272
13345.0	0.161106
13350.0	0.16094
13355.0	0.160775
13360.0	0.160609
13365.0	0.160444
13370.0	0.16028
13375.0	0.160115
13380.0	0.159951
13385.0	0.15978699999999998
13390.0	0.15962300000000001
13395.0	0.15946
13400.0	0.159296
13405.0	0.159133
13410.0	0.15897
13415.0	0.158808
13420.0	0.158645
13425.0	0.15848299999999998
13430.0	0.15832100000000002
13435.0	0.15816
13440.0	0.157998
13445.0	0.15783699999999998
13450.0	0.157676
13455.0	0.15751500000000002
13460.0	0.157355
13465.0	0.157194
13470.0	0.15703399999999998
13475.0	0.156875
13480.0	0.15671500000000002
13485.0	0.156556
13490.0	0.156397
13495.0	0.15623800000000002
13500.0	0.156079
13505.0	0.155921
13510.0	0.15576199999999998
13515.0	0.155604
13520.0	0.155447
13525.0	0.155289
13530.0	0.155132
13535.0	0.154975
13540.0	0.154818
13545.0	0.154661
13550.0	0.154505
13555.0	0.15434900000000001
13560.0	0.154193
13565.0	0.15403699999999998
13570.0	0.153882
13575.0	0.153726
13580.0	0.153571
13585.0	0.153416
13590.0	0.15326199999999998
13595.0	0.153108
13600.0	0.152953
13605.0	0.152799
13610.0	0.152646
13615.0	0.15249200000000002
13620.0	0.152339
13625.0	0.152186
13630.0	0.152033
13635.0	0.151881
13640.0	0.151728
13645.0	0.151576
13650.0	0.151424
13655.0	0.151272
13660.0	0.151121
13665.0	0.15097
13670.0	0.150819
13675.0	0.150668
13680.0	0.150517
13685.0	0.150367
13690.0	0.15021700000000002
13695.0	0.150067
13700.0	0.149917
13705.0	0.149767
13710.0	0.149618
13715.0	0.14946900000000002
13720.0	0.14932
13725.0	0.149172
13730.0	0.149023
13735.0	0.148875
13740.0	0.148727
13745.0	0.148579
13750.0	0.148431
13755.0	0.148284
13760.0	0.148137
13765.0	0.14799
13770.0	0.147843
13775.0	0.147697
13780.0	0.14755
13785.0	0.147404
13790.0	0.147258
13795.0	0.14711300000000002
13800.0	0.14696700000000001
13805.0	0.146822
13810.0	0.146677
13815.0	0.146532
13820.0	0.14638800000000002
13825.0	0.146243
13830.0	0.146099
13835.0	0.145955
13840.0	0.145811
13845.0	0.14566800000000002
13850.0	0.14552400000000001
13855.0	0.14538099999999998
13860.0	0.145238
13865.0	0.145095
13870.0	0.144953
13875.0	0.14481
13880.0	0.14466800000000002
13885.0	0.144526
13890.0	0.14438499999999999
13895.0	0.144243
13900.0	0.144102
13905.0	0.14396099999999998
13910.0	0.14382
13915.0	0.143679
13920.0	0.143539
13925.0	0.143398
13930.0	0.143258
13935.0	0.143118
13940.0	0.142979
13945.0	0.14283900000000002
13950.0	0.1427
13955.0	0.142561
13960.0	0.142422
13965.0	0.142283
13970.0	0.142145
13975.0	0.142007
13980.0	0.141868
13985.0	0.141731
13990.0	0.141593
13995.0	0.141455
14000.0	0.141318
14005.0	0.141181
14010.0	0.141044
14015.0	0.140907
14020.0	0.140771
14025.0	0.14063499999999998
14030.0	0.140499
14035.0	0.14036300000000002
14040.0	0.140227
14045.0	0.140092
14050.0	0.139956
14055.0	0.139821
14060.0	0.13968599999999998
14065.0	0.139551
14070.0	0.139417
14075.0	0.139283
14080.0	0.139148
14085.0	0.139014
14090.0	0.138881
14095.0	0.138747
14100.0	0.13861400000000001
14105.0	0.138481
14110.0	0.138348
14115.0	0.138215
14120.0	0.13808199999999998
14125.0	0.13795
14130.0	0.137818
14135.0	0.137685
14140.0	0.137554
14145.0	0.13742200000000002
14150.0	0.13729
14155.0	0.137159
14160.0	0.137028
14165.0	0.136897
14170.0	0.136766
14175.0	0.13663599999999998
14180.0	0.136506
14185.0	0.136375
14190.0	0.136245
14195.0	0.13611600000000001
14200.0	0.135986
14205.0	0.135857
14210.0	0.135727
14215.0	0.135598
14220.0	0.13547
14225.0	0.13534100000000002
14230.0	0.135212
14235.0	0.13508399999999998
14240.0	0.134956
14245.0	0.134828
14250.0	0.1347
14255.0	0.134573
14260.0	0.134445
14265.0	0.134318
14270.0	0.134191
14275.0	0.13406400000000002
14280.0	0.133938
14285.0	0.13381099999999999
14290.0	0.133685
14295.0	0.13355899999999998
14300.0	0.133433
14305.0	0.133961
14310.0	0.133295
14315.0	0.132407
14320.0	0.131496
14325.0	0.13106099999999998
14330.0	0.131274
14335.0	0.131944
14340.0	0.132698
14345.0	0.133294
14350.0	0.133614
14355.0	0.133602
14360.0	0.133273
14365.0	0.13273800000000002
14370.0	0.1322
14375.0	0.131858
14380.0	0.13176600000000002
14385.0	0.13182
14390.0	0.13188
14395.0	0.13184500000000002
14400.0	0.131678
14405.0	0.131416
14410.0	0.131158
14415.0	0.130985
14420.0	0.130883
14425.0	0.13075
14430.0	0.130498
14435.0	0.12997999999999998
14440.0	0.12922999999999998
14445.0	0.128332
14450.0	0.127627
14455.0	0.12757000000000002
14460.0	0.12828
14465.0	0.129352
14470.0	0.13029300000000002
14475.0	0.13086099999999998
14480.0	0.131002
14485.0	0.130735
14490.0	0.130107
14495.0	0.129253
14500.0	0.12842
14505.0	0.1278
14510.0	0.127911
14515.0	0.128152
14520.0	0.128163
14525.0	0.127896
14530.0	0.127418
14535.0	0.12684600000000001
14540.0	0.12634700000000001
14545.0	0.126137
14550.0	0.126411
14555.0	0.126948
14560.0	0.12739
14565.0	0.127416
14570.0	0.12701300000000001
14575.0	0.126382
14580.0	0.125788
14585.0	0.125474
14590.0	0.125608
14595.0	0.12619
14600.0	0.12697
14605.0	0.127501
14610.0	0.127413
14615.0	0.126666
14620.0	0.12553599999999998
14625.0	0.12440899999999999
14630.0	0.1236
14635.0	0.12329000000000001
14640.0	0.123502
14645.0	0.124097
14650.0	0.12480799999999999
14655.0	0.125322
14660.0	0.125418
14665.0	0.12500899999999998
14670.0	0.124377
14675.0	0.123715
14680.0	0.12321700000000001
14685.0	0.122994
14690.0	0.12310499999999999
14695.0	0.123563
14700.0	0.124293
14705.0	0.125056
14710.0	0.125443
14715.0	0.125116
14720.0	0.12411300000000001
14725.0	0.122829
14730.0	0.121708
14735.0	0.121075
14740.0	0.121124
14745.0	0.12193399999999999
14750.0	0.1234
14755.0	0.125101
14760.0	0.12626700000000002
14765.0	0.12613
14770.0	0.124501
14775.0	0.12193699999999999
14780.0	0.119381
14785.0	0.117623
14790.0	0.11720599999999999
14795.0	0.11833800000000001
14800.0	0.12085
14805.0	0.12359
14810.0	0.12545699999999999
14815.0	0.125743
14820.0	0.124431
14825.0	0.12218499999999999
14830.0	0.119823
14835.0	0.11817000000000001
14840.0	0.11734800000000001
14845.0	0.116743
14850.0	0.116138
14855.0	0.115927
14860.0	0.11574100000000001
14865.0	0.115201
14870.0	0.114521
14875.0	0.11406
14880.0	0.114152
14885.0	0.11498399999999999
14890.0	0.116542
14895.0	0.118566
14900.0	0.120374
14905.0	0.12142599999999999
14910.0	0.122074
14915.0	0.121873
14920.0	0.121026
14925.0	0.119872
14930.0	0.118774
14935.0	0.11798399999999999
14940.0	0.117568
14945.0	0.117401
14950.0	0.11726700000000001
14955.0	0.116993
14960.0	0.11654400000000001
14965.0	0.115997
14970.0	0.115524
14975.0	0.115275
14980.0	0.115318
14985.0	0.115415
14990.0	0.11551700000000001
14995.0	0.116319
15000.0	0.117013
15005.0	0.117505
15010.0	0.116586
15015.0	0.11418900000000001
15020.0	0.11066600000000001
15025.0	0.10705999999999999
15030.0	0.104117
15035.0	0.102577
15040.0	0.102806
15045.0	0.10465899999999999
15050.0	0.10778199999999999
15055.0	0.111372
15060.0	0.11349200000000001
15065.0	0.114816
15070.0	0.114829
15075.0	0.114402
15080.0	0.114167
15085.0	0.113482
15090.0	0.112653
15095.0	0.111946
15100.0	0.111627
15105.0	0.11180599999999999
15110.0	0.11240699999999999
15115.0	0.11320999999999999
15120.0	0.113915
15125.0	0.11424100000000001
15130.0	0.11401800000000001
15135.0	0.113283
15140.0	0.11225
15145.0	0.111246
15150.0	0.11059000000000001
15155.0	0.110427
15160.0	0.11073599999999999
15165.0	0.11135199999999999
15170.0	0.11198599999999999
15175.0	0.11238900000000002
15180.0	0.112505
15185.0	0.11222
15190.0	0.111675
15195.0	0.11111300000000002
15200.0	0.11061800000000001
15205.0	0.110297
15210.0	0.11043199999999999
15215.0	0.110805
15220.0	0.111205
15225.0	0.11146500000000001
15230.0	0.11143299999999999
15235.0	0.111079
15240.0	0.110509
15245.0	0.10984000000000001
15250.0	0.109273
15255.0	0.108949
15260.0	0.108885
15265.0	0.10902200000000001
15270.0	0.109213
15275.0	0.109274
15280.0	0.10910299999999999
15285.0	0.10868499999999999
15290.0	0.108124
15295.0	0.107602
15300.0	0.10731500000000001
15305.0	0.10738699999999998
15310.0	0.10782699999999999
15315.0	0.108518
15320.0	0.10925399999999999
15325.0	0.10981600000000001
15330.0	0.11004000000000001
15335.0	0.10983499999999999
15340.0	0.109241
15345.0	0.108422
15350.0	0.10759
15355.0	0.106932
15360.0	0.106553
15365.0	0.106457
15370.0	0.10656600000000001
15375.0	0.106762
15380.0	0.106929
15385.0	0.10698599999999998
15390.0	0.10691300000000001
15395.0	0.106689
15400.0	0.10641600000000001
15405.0	0.10615799999999999
15410.0	0.105965
15415.0	0.105847
15420.0	0.1058
15425.0	0.105805
15430.0	0.105841
15435.0	0.105895
15440.0	0.105955
15445.0	0.10600699999999999
15450.0	0.106031
15455.0	0.10600599999999999
15460.0	0.105921
15465.0	0.10578299999999999
15470.0	0.105621
15475.0	0.10545999999999998
15480.0	0.105327
15485.0	0.105243
15490.0	0.105206
15495.0	0.10519200000000001
15500.0	0.10516400000000001
15505.0	0.105083
15510.0	0.10493
15515.0	0.104717
15520.0	0.104499
15525.0	0.10435599999999999
15530.0	0.10432899999999999
15535.0	0.10442799999999999
15540.0	0.104591
15545.0	0.10471199999999999
15550.0	0.104682
15555.0	0.10443800000000002
15560.0	0.103985
15565.0	0.103399
15570.0	0.10282000000000001
15575.0	0.10241700000000001
15580.0	0.102335
15585.0	0.102629
15590.0	0.103235
15595.0	0.103975
15600.0	0.10461500000000001
15605.0	0.104941
15610.0	0.10482899999999999
15615.0	0.10429200000000001
15620.0	0.103479
15625.0	0.102625
15630.0	0.101983
15635.0	0.10173600000000001
15640.0	0.101935
15645.0	0.10249000000000001
15650.0	0.10318900000000002
15655.0	0.103755
15660.0	0.103999
15665.0	0.103748
15670.0	0.10286700000000001
15675.0	0.101517
15680.0	0.100123
15685.0	0.09879500000000001
15690.0	0.097925
15695.0	0.097756
15700.0	0.097803
15705.0	0.098094
15710.0	0.098436
15715.0	0.098687
15720.0	0.098746
15725.0	0.098595
15730.0	0.09828300000000001
15735.0	0.09787699999999999
15740.0	0.097446
15745.0	0.096999
15750.0	0.096606
15755.0	0.09642
15760.0	0.096461
15765.0	0.096727
15770.0	0.09717100000000001
15775.0	0.09782300000000001
15780.0	0.09863200000000001
15785.0	0.099478
15790.0	0.100108
15795.0	0.10007100000000001
15800.0	0.099539
15805.0	0.09904299999999999
15810.0	0.098617
15815.0	0.098346
15820.0	0.09825
15825.0	0.098301
15830.0	0.098617
15835.0	0.099063
15840.0	0.099338
15845.0	0.099387
15850.0	0.09912
15855.0	0.098531
15860.0	0.09771200000000001
15865.0	0.096697
15870.0	0.095428
15875.0	0.09409400000000001
15880.0	0.093001
15885.0	0.092338
15890.0	0.092188
15895.0	0.092541
15900.0	0.0933
15905.0	0.094319
15910.0	0.095425
15915.0	0.09647599999999999
15920.0	0.097336
15925.0	0.097618
15930.0	0.097443
15935.0	0.097515
15940.0	0.09753400000000001
15945.0	0.097467
15950.0	0.097023
15955.0	0.096277
15960.0	0.09592200000000001
15965.0	0.09566000000000001
15970.0	0.09559400000000001
15975.0	0.09573200000000001
15980.0	0.096035
15985.0	0.09641
15990.0	0.09673999999999999
15995.0	0.096915
16000.0	0.096862
16005.0	0.096559
16010.0	0.096054
16015.0	0.095463
16020.0	0.09493
16025.0	0.094587
16030.0	0.09450599999999999
16035.0	0.094676
16040.0	0.09502000000000001
16045.0	0.095414
16050.0	0.09601799999999999
16055.0	0.096479
16060.0	0.09640499999999999
16065.0	0.095916
16070.0	0.095093
16075.0	0.09400399999999999
16080.0	0.092829
16085.0	0.09175499999999999
16090.0	0.090954
16095.0	0.090539
16100.0	0.090542
16105.0	0.090914
16110.0	0.091538
16115.0	0.092267
16120.0	0.092956
16125.0	0.093501
16130.0	0.093847
16135.0	0.094002
16140.0	0.09400800000000001
16145.0	0.09389299999999999
16150.0	0.093778
16155.0	0.09377
16160.0	0.093804
16165.0	0.09376
16170.0	0.093559
16175.0	0.093189
16180.0	0.092706
16185.0	0.092209
16190.0	0.09182
16195.0	0.091593
16200.0	0.091651
16205.0	0.091963
16210.0	0.092422
16215.0	0.092937
16220.0	0.093352
16225.0	0.093542
16230.0	0.093438
16235.0	0.093051
16240.0	0.092463
16245.0	0.091796
16250.0	0.091182
16255.0	0.09073200000000001
16260.0	0.090512
16265.0	0.090536
16270.0	0.090757
16275.0	0.09108200000000001
16280.0	0.091394
16285.0	0.09158999999999999
16290.0	0.091613
16295.0	0.091461
16300.0	0.09118
16305.0	0.090851
16310.0	0.090558
16315.0	0.090373
16320.0	0.090327
16325.0	0.090413
16330.0	0.090533
16335.0	0.090502
16340.0	0.090336
16345.0	0.090282
16350.0	0.090658
16355.0	0.090529
16360.0	0.090054
16365.0	0.08935599999999999
16370.0	0.088479
16375.0	0.087548
16380.0	0.086661
16385.0	0.085878
16390.0	0.085281
16395.0	0.084941
16400.0	0.08484900000000001
16405.0	0.084983
16410.0	0.08530499999999999
16415.0	0.085772
16420.0	0.086337
16425.0	0.086854
16430.0	0.087413
16435.0	0.08803
16440.0	0.08856900000000001
16445.0	0.088926
16450.0	0.089063
16455.0	0.088975
16460.0	0.088733
16465.0	0.088313
16470.0	0.087778
16475.0	0.0875
16480.0	0.08734700000000001
16485.0	0.08727
16490.0	0.087241
16495.0	0.08719199999999999
16500.0	0.087077
16505.0	0.086883
16510.0	0.086631
16515.0	0.086367
16520.0	0.08619600000000001
16525.0	0.086319
16530.0	0.08659700000000001
16535.0	0.086629
16540.0	0.086742
16545.0	0.08716499999999999
16550.0	0.087549
16555.0	0.0878
16560.0	0.087895
16565.0	0.08783400000000001
16570.0	0.087697
16575.0	0.087489
16580.0	0.087561
16585.0	0.087963
16590.0	0.087871
16595.0	0.087359
16600.0	0.087073
16605.0	0.086842
16610.0	0.08654099999999999
16615.0	0.086147
16620.0	0.085904
16625.0	0.085364
16630.0	0.08440800000000001
16635.0	0.083524
16640.0	0.082842
16645.0	0.082402
16650.0	0.082251
16655.0	0.082349
16660.0	0.082623
16665.0	0.082962
16670.0	0.083399
16675.0	0.084012
16680.0	0.084222
16685.0	0.084036
16690.0	0.084143
16695.0	0.084199
16700.0	0.084018
16705.0	0.084094
16710.0	0.084387
16715.0	0.08479400000000001
16720.0	0.085199
16725.0	0.08546000000000001
16730.0	0.085469
16735.0	0.085163
16740.0	0.08458500000000001
16745.0	0.083801
16750.0	0.082803
16755.0	0.082066
16760.0	0.081637
16765.0	0.081447
16770.0	0.081475
16775.0	0.081612
16780.0	0.08187799999999999
16785.0	0.081876
16790.0	0.080996
16795.0	0.080353
16800.0	0.07965900000000001
16805.0	0.078973
16810.0	0.07842400000000001
16815.0	0.078054
16820.0	0.077973
16825.0	0.07827
16830.0	0.078898
16835.0	0.07976799999999999
16840.0	0.08074400000000001
16845.0	0.081674
16850.0	0.08241699999999999
16855.0	0.082868
16860.0	0.08298
16865.0	0.082772
16870.0	0.082324
16875.0	0.08175700000000001
16880.0	0.081209
16885.0	0.08079
16890.0	0.08041799999999999
16895.0	0.080359
16900.0	0.080696
16905.0	0.081205
16910.0	0.081688
16915.0	0.082008
16920.0	0.082067
16925.0	0.081836
16930.0	0.08137899999999999
16935.0	0.080778
16940.0	0.080177
16945.0	0.079726
16950.0	0.079502
16955.0	0.079537
16960.0	0.07979
16965.0	0.080162
16970.0	0.080527
16975.0	0.080765
16980.0	0.080792
16985.0	0.080586
16990.0	0.080183
16995.0	0.079674
17000.0	0.07917
17005.0	0.078784
17010.0	0.078592
17015.0	0.078639
17020.0	0.078858
17025.0	0.07914199999999999
17030.0	0.07947
17035.0	0.079766
17040.0	0.07990499999999999
17045.0	0.079845
17050.0	0.079601
17055.0	0.079216
17060.0	0.078762
17065.0	0.078316
17070.0	0.077942
17075.0	0.077679
17080.0	0.077538
17085.0	0.07749400000000001
17090.0	0.077517
17095.0	0.077571
17100.0	0.07760399999999999
17105.0	0.077599
17110.0	0.077547
17115.0	0.077452
17120.0	0.077328
17125.0	0.077192
17130.0	0.077068
17135.0	0.07696900000000001
17140.0	0.07689700000000001
17145.0	0.07685499999999999
17150.0	0.076836
17155.0	0.07687100000000001
17160.0	0.076984
17165.0	0.077122
17170.0	0.07721900000000001
17175.0	0.07732
17180.0	0.077404
17185.0	0.07743799999999999
17190.0	0.07739299999999999
17195.0	0.07724500000000001
17200.0	0.07698200000000001
17205.0	0.076616
17210.0	0.076178
17215.0	0.075715
17220.0	0.075295
17225.0	0.07498300000000001
17230.0	0.074824
17235.0	0.07483200000000001
17240.0	0.074987
17245.0	0.075239
17250.0	0.075523
17255.0	0.075771
17260.0	0.07593
17265.0	0.07597000000000001
17270.0	0.075887
17275.0	0.075709
17280.0	0.07545299999999999
17285.0	0.075059
17290.0	0.07459299999999999
17295.0	0.074277
17300.0	0.074103
17305.0	0.074023
17310.0	0.073949
17315.0	0.073781
17320.0	0.073437
17325.0	0.072874
17330.0	0.072103
17335.0	0.07119099999999999
17340.0	0.070245
17345.0	0.069391
17350.0	0.068748
17355.0	0.068401
17360.0	0.068388
17365.0	0.06869600000000001
17370.0	0.069252
17375.0	0.070018
17380.0	0.071012
17385.0	0.072086
17390.0	0.072783
17395.0	0.073236
17400.0	0.073524
17405.0	0.07375599999999999
17410.0	0.07375599999999999
17415.0	0.073155
17420.0	0.072806
17425.0	0.07268
17430.0	0.072643
17435.0	0.072686
17440.0	0.072746
17445.0	0.07278
17450.0	0.072754
17455.0	0.072652
17460.0	0.072474
17465.0	0.072241
17470.0	0.07198099999999999
17475.0	0.071729
17480.0	0.071518
17485.0	0.071373
17490.0	0.07130800000000001
17495.0	0.071328
17500.0	0.071424
17505.0	0.07158300000000001
17510.0	0.071788
17515.0	0.072019
17520.0	0.072246
17525.0	0.072438
17530.0	0.072558
17535.0	0.072572
17540.0	0.072453
17545.0	0.072189
17550.0	0.07179400000000001
17555.0	0.07130399999999999
17560.0	0.070776
17565.0	0.070289
17570.0	0.069885
17575.0	0.069622
17580.0	0.069594
17585.0	0.069731
17590.0	0.070016
17595.0	0.070412
17600.0	0.070844
17605.0	0.071239
17610.0	0.07153
17615.0	0.071666
17620.0	0.071623
17625.0	0.071409
17630.0	0.071063
17635.0	0.070654
17640.0	0.070252
17645.0	0.069901
17650.0	0.069635
17655.0	0.069486
17660.0	0.06944199999999999
17665.0	0.069475
17670.0	0.069548
17675.0	0.069624
17680.0	0.069673
17685.0	0.06967899999999999
17690.0	0.069642
17695.0	0.069577
17700.0	0.069507
17705.0	0.069457
17710.0	0.06944
17715.0	0.069457
17720.0	0.069494
17725.0	0.069523
17730.0	0.069518
17735.0	0.069454
17740.0	0.069332
17745.0	0.069147
17750.0	0.06891699999999999
17755.0	0.068689
17760.0	0.068492
17765.0	0.068353
17770.0	0.06829400000000001
17775.0	0.068316
17780.0	0.06840299999999999
17785.0	0.068525
17790.0	0.068641
17795.0	0.068716
17800.0	0.068722
17805.0	0.06865
17810.0	0.068516
17815.0	0.068346
17820.0	0.06816699999999999
17825.0	0.068006
17830.0	0.067893
17835.0	0.067848
17840.0	0.067859
17845.0	0.067902
17850.0	0.067946
17855.0	0.067955
17860.0	0.06790299999999999
17865.0	0.06778200000000001
17870.0	0.067607
17875.0	0.06740700000000001
17880.0	0.067211
17885.0	0.06704700000000001
17890.0	0.066933
17895.0	0.06687699999999999
17900.0	0.066881
17905.0	0.066937
17910.0	0.06703300000000001
17915.0	0.067142
17920.0	0.067226
17925.0	0.067254
17930.0	0.067203
17935.0	0.067072
17940.0	0.066887
17945.0	0.066688
17950.0	0.066508
17955.0	0.066359
17960.0	0.066238
17965.0	0.066137
17970.0	0.06604700000000001
17975.0	0.065964
17980.0	0.06589099999999999
17985.0	0.065833
17990.0	0.06579600000000001
17995.0	0.06579600000000001
18000.0	0.065785
18005.0	0.065722
18010.0	0.065665
18015.0	0.06561
18020.0	0.065553
18025.0	0.065496
18030.0	0.06544
18035.0	0.065384
18040.0	0.065327
18045.0	0.06527100000000001
18050.0	0.065215
18055.0	0.06515900000000001
18060.0	0.065102
18065.0	0.065046
18070.0	0.06498999999999999
18075.0	0.064934
18080.0	0.06487799999999999
18085.0	0.064822
18090.0	0.06476599999999999
18095.0	0.06471
18100.0	0.064654
18105.0	0.064598
18110.0	0.064542
18115.0	0.064486
18120.0	0.06443
18125.0	0.064374
18130.0	0.064319
18135.0	0.064263
18140.0	0.064207
18145.0	0.064151
18150.0	0.064096
18155.0	0.06404
18160.0	0.063985
18165.0	0.063929
18170.0	0.063873
18175.0	0.063818
18180.0	0.063762
18185.0	0.063707
18190.0	0.063652
18195.0	0.063596
18200.0	0.063541
18205.0	0.063486
18210.0	0.06343
18215.0	0.063375
18220.0	0.06332
18225.0	0.063265
18230.0	0.063209
18235.0	0.063154
18240.0	0.063099
18245.0	0.063044
18250.0	0.062989
18255.0	0.062934
18260.0	0.06287899999999999
18265.0	0.062824
18270.0	0.062769
18275.0	0.06271399999999999
18280.0	0.062659
18285.0	0.062605
18290.0	0.06255
18295.0	0.062495
18300.0	0.062439999999999996
18305.0	0.062386000000000004
18310.0	0.062331
18315.0	0.062276
18320.0	0.062222
18325.0	0.06216699999999999
18330.0	0.062112
18335.0	0.062058
18340.0	0.062002999999999996
18345.0	0.061949000000000004
18350.0	0.061894000000000005
18355.0	0.06184
18360.0	0.061786
18365.0	0.061730999999999994
18370.0	0.061676999999999996
18375.0	0.061623000000000004
18380.0	0.061568
18385.0	0.061514
18390.0	0.06146
18395.0	0.061405999999999995
18400.0	0.061352
18405.0	0.061297000000000004
18410.0	0.06124299999999999
18415.0	0.061189
18420.0	0.061135
18425.0	0.061080999999999996
18430.0	0.061027
18435.0	0.060973
18440.0	0.06091900000000001
18445.0	0.060864999999999995
18450.0	0.060812
18455.0	0.060758000000000006
18460.0	0.060703999999999994
18465.0	0.06065
18470.0	0.060596000000000004
18475.0	0.06054299999999999
18480.0	0.060489
18485.0	0.060435
18490.0	0.060382000000000005
18495.0	0.060328
18500.0	0.060275
18505.0	0.060221000000000004
18510.0	0.06016799999999999
18515.0	0.060114
18520.0	0.060061
18525.0	0.060007000000000005
18530.0	0.05995399999999999
18535.0	0.0599
18540.0	0.059847000000000004
18545.0	0.05979400000000001
18550.0	0.059739999999999994
18555.0	0.059687
18560.0	0.059634000000000006
18565.0	0.059580999999999995
18570.0	0.059528
18575.0	0.059475
18580.0	0.059421
18585.0	0.059368
18590.0	0.059315
18595.0	0.059262
18600.0	0.059209000000000005
18605.0	0.05915599999999999
18610.0	0.059102999999999996
18615.0	0.05905
18620.0	0.058998
18625.0	0.058945000000000004
18630.0	0.05889199999999999
18635.0	0.058838999999999995
18640.0	0.058786
18645.0	0.058734
18650.0	0.058681
18655.0	0.058628
18660.0	0.058575999999999996
18665.0	0.058523
18670.0	0.05847
18675.0	0.058418
18680.0	0.058365
18685.0	0.058313
18690.0	0.05826
18695.0	0.058208
18700.0	0.058155
18705.0	0.058102999999999995
18710.0	0.058051
18715.0	0.057998
18720.0	0.057946000000000004
18725.0	0.05789400000000001
18730.0	0.057841
18735.0	0.057789
18740.0	0.057737000000000004
18745.0	0.057685
18750.0	0.057633000000000004
18755.0	0.05757999999999999
18760.0	0.057527999999999996
18765.0	0.057476
18770.0	0.057424
18775.0	0.057372
18780.0	0.05732
18785.0	0.05726799999999999
18790.0	0.057215999999999996
18795.0	0.057164
18800.0	0.057113
18805.0	0.057061
18810.0	0.057009000000000004
18815.0	0.05695700000000001
18820.0	0.056905
18825.0	0.056853999999999995
18830.0	0.056802
18835.0	0.05675
18840.0	0.056699
18845.0	0.056647
18850.0	0.056595000000000006
18855.0	0.056544000000000004
18860.0	0.056491999999999994
18865.0	0.056441
18870.0	0.056389
18875.0	0.056338
18880.0	0.056286
18885.0	0.056235
18890.0	0.056184000000000005
18895.0	0.05613200000000001
18900.0	0.05608099999999999
18905.0	0.056029999999999996
18910.0	0.055978
18915.0	0.055927
18920.0	0.055876
18925.0	0.055825
18930.0	0.055773
18935.0	0.055722
18940.0	0.055671000000000005
18945.0	0.05562
18950.0	0.05556900000000001
18955.0	0.055518
18960.0	0.055466999999999995
18965.0	0.055416
18970.0	0.055365
18975.0	0.055314
18980.0	0.055263
18985.0	0.055212
18990.0	0.055162
18995.0	0.055111
19000.0	0.055060000000000005
19005.0	0.055009
19010.0	0.054959
19015.0	0.054908000000000005
19020.0	0.054857
19025.0	0.054805999999999994
19030.0	0.05475599999999999
19035.0	0.054705
19040.0	0.054654999999999995
19045.0	0.054604
19050.0	0.054554
19055.0	0.054502999999999996
19060.0	0.054452999999999994
19065.0	0.054402
19070.0	0.054352
19075.0	0.054301
19080.0	0.054251
19085.0	0.054201
19090.0	0.05415
19095.0	0.0541
19100.0	0.05405
19105.0	0.054
19110.0	0.053949000000000004
19115.0	0.053899
19120.0	0.053849
19125.0	0.053799
19130.0	0.053749
19135.0	0.053699000000000004
19140.0	0.053649
19145.0	0.053599
19150.0	0.053549
19155.0	0.053499
19160.0	0.053449
19165.0	0.053399
19170.0	0.053349
19175.0	0.053299
19180.0	0.053249
19185.0	0.0532
19190.0	0.05315
19195.0	0.0531
19200.0	0.05305
19205.0	0.053001
19210.0	0.052951
19215.0	0.052901
19220.0	0.052851999999999996
19225.0	0.052801999999999995
19230.0	0.052752
19235.0	0.052703
19240.0	0.052653
19245.0	0.052604
19250.0	0.052554
19255.0	0.052504999999999996
19260.0	0.052454999999999995
19265.0	0.052405999999999994
19270.0	0.05235700000000001
19275.0	0.052307000000000006
19280.0	0.052258000000000006
19285.0	0.052209000000000005
19290.0	0.052159000000000004
19295.0	0.052110000000000004
19300.0	0.052061
19305.0	0.052012
19310.0	0.051963
19315.0	0.051913
19320.0	0.051864
19325.0	0.051815
19330.0	0.051766
19335.0	0.051717
19340.0	0.05166799999999999
19345.0	0.051619000000000005
19350.0	0.051570000000000005
19355.0	0.051521000000000004
19360.0	0.051472000000000004
19365.0	0.051423
19370.0	0.051375
19375.0	0.051326
19380.0	0.051276999999999996
19385.0	0.051227999999999996
19390.0	0.051179
19395.0	0.051131
19400.0	0.051082
19405.0	0.051032999999999995
19410.0	0.050985
19415.0	0.050936
19420.0	0.050887
19425.0	0.050838999999999995
19430.0	0.050789999999999995
19435.0	0.050742
19440.0	0.050693
19445.0	0.050644999999999996
19450.0	0.050595999999999995
19455.0	0.050548
19460.0	0.050499
19465.0	0.050450999999999996
19470.0	0.050402999999999996
19475.0	0.050354
19480.0	0.050306000000000003
19485.0	0.050258
19490.0	0.050207999999999996
19495.0	0.050163
19500.0	0.050115
19505.0	0.050051
19510.0	0.050039
19515.0	0.050084
19520.0	0.050061
19525.0	0.049948
19530.0	0.049757
19535.0	0.049476
19540.0	0.049101
19545.0	0.048632999999999996
19550.0	0.048083
19555.0	0.04749
19560.0	0.046923
19565.0	0.046478
19570.0	0.046232999999999996
19575.0	0.046229
19580.0	0.046443
19585.0	0.046820999999999995
19590.0	0.04729
19595.0	0.047786
19600.0	0.048262
19605.0	0.048683
19610.0	0.049019
19615.0	0.049263999999999995
19620.0	0.049424
19625.0	0.049451
19630.0	0.049333999999999996
19635.0	0.049129
19640.0	0.048853
19645.0	0.048520999999999995
19650.0	0.048174
19655.0	0.047846
19660.0	0.047560000000000005
19665.0	0.047327999999999995
19670.0	0.047149
19675.0	0.047019
19680.0	0.046929000000000005
19685.0	0.046873000000000005
19690.0	0.046846
19695.0	0.046846
19700.0	0.046872000000000004
19705.0	0.046924
19710.0	0.047
19715.0	0.047095
19720.0	0.0472
19725.0	0.047300999999999996
19730.0	0.047383
19735.0	0.047431
19740.0	0.047438
19745.0	0.047399000000000004
19750.0	0.047286
19755.0	0.047112
19760.0	0.046919999999999996
19765.0	0.046731
19770.0	0.046551
19775.0	0.046387
19780.0	0.046254
19785.0	0.046172000000000005
19790.0	0.046152
19795.0	0.046198
19800.0	0.046306
19805.0	0.046458
19810.0	0.046633
19815.0	0.046799
19820.0	0.046926
19825.0	0.046995999999999996
19830.0	0.047007
19835.0	0.046926
19840.0	0.046747000000000004
19845.0	0.046516
19850.0	0.046249
19855.0	0.045959
19860.0	0.045676999999999995
19865.0	0.045431
19870.0	0.045247
19875.0	0.045146
19880.0	0.045139
19885.0	0.045226999999999996
19890.0	0.045397
19895.0	0.045630000000000004
19900.0	0.0459
19905.0	0.046167
19910.0	0.046404
19915.0	0.046651
19920.0	0.04691
19925.0	0.04712
19930.0	0.047161
19935.0	0.047007
19940.0	0.046794
19945.0	0.046556
19950.0	0.046283
19955.0	0.045995
19960.0	0.045705
19965.0	0.045419
19970.0	0.045137000000000004
19975.0	0.044860000000000004
19980.0	0.044581
19985.0	0.044288
19990.0	0.043967
19995.0	0.0436
20000.0	0.043169
20005.0	0.042664
20010.0	0.042091
20015.0	0.041486
20020.0	0.04092
20025.0	0.040498
20030.0	0.040326
20035.0	0.040457
20040.0	0.040863
20045.0	0.041442
20050.0	0.042069
20055.0	0.042656
20060.0	0.043172
20065.0	0.043608
20070.0	0.043963999999999996
20075.0	0.044243
20080.0	0.044447
20085.0	0.044578
20090.0	0.044636
20095.0	0.044627
20100.0	0.044558999999999994
20105.0	0.044447
20110.0	0.04431
20115.0	0.044173000000000004
20120.0	0.04406
20125.0	0.043991
20130.0	0.043636
20135.0	0.043680000000000004
20140.0	0.045029
20145.0	0.0462
20150.0	0.044561
20155.0	0.044837
20160.0	0.044892
20165.0	0.044329
20170.0	0.04426
20175.0	0.043245
20180.0	0.043454
20185.0	0.044293
20190.0	0.043664999999999995
20195.0	0.044155
20200.0	0.04395
20205.0	0.042918
20210.0	0.043618000000000004
20215.0	0.042428
20220.0	0.042996
20225.0	0.043812000000000004
20230.0	0.043879
20235.0	0.043841000000000005
20240.0	0.044438
20245.0	0.042598000000000004
20250.0	0.043945
20255.0	0.043876
20260.0	0.043903
20265.0	0.043974
20270.0	0.043877
20275.0	0.043697
20280.0	0.043669
20285.0	0.042539
20290.0	0.041941
20295.0	0.042617
20300.0	0.042223000000000004
20305.0	0.042319
20310.0	0.042927999999999994
20315.0	0.043116
20320.0	0.042805
20325.0	0.042651
20330.0	0.042901
20335.0	0.042668
20340.0	0.04252
20345.0	0.042945
20350.0	0.042522000000000004
20355.0	0.042325
20360.0	0.042449
20365.0	0.042960000000000005
20370.0	0.042539
20375.0	0.042722
20380.0	0.042411000000000004
20385.0	0.042283999999999995
20390.0	0.042755
20395.0	0.042541
20400.0	0.042563
20405.0	0.042736
20410.0	0.042095
20415.0	0.042276
20420.0	0.042319
20425.0	0.042614
20430.0	0.042722
20435.0	0.042587
20440.0	0.042585000000000005
20445.0	0.041769
20450.0	0.041694
20455.0	0.041848
20460.0	0.041712
20465.0	0.041916
20470.0	0.041578
20475.0	0.041171
20480.0	0.041743999999999996
20485.0	0.041678
20490.0	0.041631
20495.0	0.041248
20500.0	0.040382999999999995
20505.0	0.040662000000000004
20510.0	0.041165
20515.0	0.040784
20520.0	0.040849
20525.0	0.041023000000000004
20530.0	0.041433
20535.0	0.04108
20540.0	0.04096
20545.0	0.041013
20550.0	0.040855
20555.0	0.040994
20560.0	0.041198
20565.0	0.040349
20570.0	0.040389
20575.0	0.040847
20580.0	0.040418
20585.0	0.040435000000000006
20590.0	0.040261
20595.0	0.040563999999999996
20600.0	0.040162
20605.0	0.040177
20610.0	0.040432
20615.0	0.040962
20620.0	0.040747000000000005
20625.0	0.040842
20630.0	0.040816000000000005
20635.0	0.040149000000000004
20640.0	0.040066000000000004
20645.0	0.040647
20650.0	0.039826
20655.0	0.040089
20660.0	0.040884
20665.0	0.040544
20670.0	0.040417
20675.0	0.040119999999999996
20680.0	0.039708
20685.0	0.039764
20690.0	0.040035
20695.0	0.039672000000000006
20700.0	0.038986
20705.0	0.038995
20710.0	0.03967
20715.0	0.039592
20720.0	0.039083
20725.0	0.038959
20730.0	0.039307
20735.0	0.039545
20740.0	0.038635
20745.0	0.039217
20750.0	0.039475
20755.0	0.039691000000000004
20760.0	0.040088
20765.0	0.039568
20770.0	0.039485
20775.0	0.039830000000000004
20780.0	0.03967
20785.0	0.039804
20790.0	0.039885000000000004
20795.0	0.039008999999999995
20800.0	0.038812
20805.0	0.038555
20810.0	0.038468
20815.0	0.039018000000000004
20820.0	0.038688
20825.0	0.038889
20830.0	0.039224
20835.0	0.038895
20840.0	0.03891
20845.0	0.038506
20850.0	0.038135
20855.0	0.038267
20860.0	0.038504000000000004
20865.0	0.03899
20870.0	0.038978
20875.0	0.038935000000000004
20880.0	0.038654
20885.0	0.038756
20890.0	0.038791
20895.0	0.038708
20900.0	0.038615
20905.0	0.038345
20910.0	0.037941
20915.0	0.038323
20920.0	0.038241000000000004
20925.0	0.038178
20930.0	0.03829
20935.0	0.038275
20940.0	0.038141
20945.0	0.038069
20950.0	0.038312
20955.0	0.037683999999999995
20960.0	0.037252
20965.0	0.037691
20970.0	0.037647
20975.0	0.037556
20980.0	0.037738
20985.0	0.03822
20990.0	0.037620999999999995
20995.0	0.037456
21000.0	0.037981
21005.0	0.038138
21010.0	0.037749
21015.0	0.037217
21020.0	0.037101999999999996
21025.0	0.037349
21030.0	0.037386
21035.0	0.037705
21040.0	0.037811000000000004
21045.0	0.037482999999999995
21050.0	0.037011
21055.0	0.037279
21060.0	0.036920999999999995
21065.0	0.035504
21070.0	0.036146
21075.0	0.036832
21080.0	0.037143
21085.0	0.036744
21090.0	0.036575
21095.0	0.036403
21100.0	0.035941
21105.0	0.03705
21110.0	0.037051
21115.0	0.036667
21120.0	0.036594999999999996
21125.0	0.036709
21130.0	0.036395
21135.0	0.036631
21140.0	0.036747
21145.0	0.036331
21150.0	0.036275999999999996
21155.0	0.036126
21160.0	0.036272000000000006
21165.0	0.035557
21170.0	0.034804
21175.0	0.036073
21180.0	0.036196
21185.0	0.036113
21190.0	0.036185
21195.0	0.036059
21200.0	0.036011
21205.0	0.035702
21210.0	0.03535
21215.0	0.035529000000000005
21220.0	0.035931
21225.0	0.036439
21230.0	0.036156
21235.0	0.036388
21240.0	0.036319
21245.0	0.035889
21250.0	0.035926
21255.0	0.03607
21260.0	0.036487
21265.0	0.036195
21270.0	0.036188
21275.0	0.036497
21280.0	0.036166000000000004
21285.0	0.036107
21290.0	0.036043
21295.0	0.035972000000000004
21300.0	0.036101999999999995
21305.0	0.036379
21310.0	0.036274
21315.0	0.035883
21320.0	0.036023
21325.0	0.035722000000000004
21330.0	0.035562
21335.0	0.035718
21340.0	0.035605
21345.0	0.035343
21350.0	0.035526
21355.0	0.035445
21360.0	0.034811
21365.0	0.035646
21370.0	0.03575
21375.0	0.035492
21380.0	0.035539
21385.0	0.035592
21390.0	0.035171
21395.0	0.035257
21400.0	0.035532999999999995
21405.0	0.035212
21410.0	0.035502
21415.0	0.035579
21420.0	0.035200999999999996
21425.0	0.035273
21430.0	0.035137
21435.0	0.034837
21440.0	0.034884
21445.0	0.034904000000000004
21450.0	0.034677
21455.0	0.034257
21460.0	0.034379
21465.0	0.034991
21470.0	0.035073
21475.0	0.034955
21480.0	0.035019
21485.0	0.034801
21490.0	0.034135000000000006
21495.0	0.033807
21500.0	0.034361
21505.0	0.034825
21510.0	0.034727
21515.0	0.034645
21520.0	0.034599
21525.0	0.034485
21530.0	0.034002
21535.0	0.034181
21540.0	0.034223
21545.0	0.033934
21550.0	0.034172
21555.0	0.034393
21560.0	0.034176
21565.0	0.033875999999999996
21570.0	0.033287
21575.0	0.033874
21580.0	0.034354
21585.0	0.034457999999999996
21590.0	0.034255
21595.0	0.034063
21600.0	0.033686
21605.0	0.033975
21610.0	0.034036000000000004
21615.0	0.033553
21620.0	0.033088
21625.0	0.033069
21630.0	0.032553
21635.0	0.032427
21640.0	0.032601
21645.0	0.032587
21650.0	0.032330000000000005
21655.0	0.031376999999999995
21660.0	0.031376999999999995
21665.0	0.032562
21670.0	0.032544
21675.0	0.031874
21680.0	0.032298
21685.0	0.032808
21690.0	0.033132
21695.0	0.033093
21700.0	0.03313
21705.0	0.033043
21710.0	0.032952999999999996
21715.0	0.03333
21720.0	0.033637
21725.0	0.033474000000000004
21730.0	0.033207
21735.0	0.032820999999999996
21740.0	0.032897
21745.0	0.033283
21750.0	0.033195999999999996
21755.0	0.033117
21760.0	0.032805
21765.0	0.032525
21770.0	0.032458
21775.0	0.032563999999999996
21780.0	0.032996
21785.0	0.032032
21790.0	0.03157
21795.0	0.032302
21800.0	0.03261
21805.0	0.033114
21810.0	0.033306999999999996
21815.0	0.032882999999999996
21820.0	0.032297
21825.0	0.032152
21830.0	0.032492
21835.0	0.032805
21840.0	0.032961000000000004
21845.0	0.032735
21850.0	0.032293999999999996
21855.0	0.032248
21860.0	0.032428
21865.0	0.032451
21870.0	0.032356
21875.0	0.032204
21880.0	0.031810000000000005
21885.0	0.031257
21890.0	0.031923
21895.0	0.032237
21900.0	0.031272
21905.0	0.031243
21910.0	0.032356
21915.0	0.032414
21920.0	0.032531
21925.0	0.03259
21930.0	0.032779
21935.0	0.032799
21940.0	0.032514
21945.0	0.032323000000000005
21950.0	0.032451999999999995
21955.0	0.032595
21960.0	0.032667
21965.0	0.032543
21970.0	0.032418
21975.0	0.032431
21980.0	0.032089
21985.0	0.03199
21990.0	0.031798
21995.0	0.031722
22000.0	0.031957
22005.0	0.031722
22010.0	0.031063999999999998
22015.0	0.031580000000000004
22020.0	0.031747000000000004
22025.0	0.031528
22030.0	0.031065
22035.0	0.031785
22040.0	0.032045
22045.0	0.031907
22050.0	0.031758999999999996
22055.0	0.030393
22060.0	0.029407
22065.0	0.030139
22070.0	0.030032
22075.0	0.030492000000000002
22080.0	0.031208999999999997
22085.0	0.031199
22090.0	0.030524000000000003
22095.0	0.030662000000000002
22100.0	0.031058999999999996
22105.0	0.031431
22110.0	0.031642
22115.0	0.031715
22120.0	0.031721
22125.0	0.031861
22130.0	0.031772
22135.0	0.031699
22140.0	0.031611
22145.0	0.031598
22150.0	0.031525
22155.0	0.0314
22160.0	0.03149
22165.0	0.031411
22170.0	0.031447
22175.0	0.031376
22180.0	0.031338
22185.0	0.031279
22190.0	0.031223
22195.0	0.031160000000000004
22200.0	0.031037000000000002
22205.0	0.031009
22210.0	0.030770999999999996
22215.0	0.030102999999999998
22220.0	0.030448000000000003
22225.0	0.031134
22230.0	0.031266
22235.0	0.030677999999999997
22240.0	0.030195
22245.0	0.030807
22250.0	0.030808
22255.0	0.030882
22260.0	0.030496
22265.0	0.029761000000000003
22270.0	0.029773
22275.0	0.029625
22280.0	0.02938
22285.0	0.029856
22290.0	0.030251
22295.0	0.030397000000000004
22300.0	0.030244
22305.0	0.030117
22310.0	0.030213999999999998
22315.0	0.029802
22320.0	0.030107
22325.0	0.030669
22330.0	0.030664
22335.0	0.030691000000000003
22340.0	0.030588999999999998
22345.0	0.030496
22350.0	0.030374
22355.0	0.030277999999999996
22360.0	0.030269
22365.0	0.030287
22370.0	0.030299
22375.0	0.030218000000000002
22380.0	0.030022000000000004
22385.0	0.029416
22390.0	0.029396
22395.0	0.029462000000000002
22400.0	0.028983
22405.0	0.029629000000000003
22410.0	0.030050999999999998
22415.0	0.029893
22420.0	0.029720999999999997
22425.0	0.029622000000000002
22430.0	0.029752999999999998
22435.0	0.03
22440.0	0.030215
22445.0	0.030045999999999996
22450.0	0.029632
22455.0	0.030054
22460.0	0.030052999999999996
22465.0	0.030019
22470.0	0.030077999999999997
22475.0	0.029914
22480.0	0.029452
22485.0	0.029731999999999998
22490.0	0.029686
22495.0	0.029358999999999996
22500.0	0.029417000000000002
22505.0	0.029466000000000003
22510.0	0.029459
22515.0	0.029247000000000002
22520.0	0.029155
22525.0	0.029120999999999998
22530.0	0.029213999999999997
22535.0	0.029444
22540.0	0.029162
22545.0	0.029088
22550.0	0.029426
22555.0	0.029501999999999997
22560.0	0.029456
22565.0	0.029525
22570.0	0.029382
22575.0	0.029237
22580.0	0.029146
22585.0	0.029122000000000002
22590.0	0.029206
22595.0	0.02913
22600.0	0.028966000000000002
22605.0	0.029026999999999997
22610.0	0.028858999999999996
22615.0	0.028383999999999996
22620.0	0.028356
22625.0	0.027475
22630.0	0.027049
22635.0	0.027711000000000003
22640.0	0.028086
22645.0	0.028522000000000002
22650.0	0.028816
22655.0	0.028124
22660.0	0.027264
22665.0	0.027877999999999997
22670.0	0.028604
22675.0	0.028813
22680.0	0.028881999999999998
22685.0	0.028916000000000004
22690.0	0.029060000000000002
22695.0	0.028850999999999998
22700.0	0.028576
22705.0	0.028488
22710.0	0.028498000000000002
22715.0	0.02852
22720.0	0.02851
22725.0	0.028529000000000002
22730.0	0.028502999999999997
22735.0	0.02841
22740.0	0.028261
22745.0	0.027947000000000003
22750.0	0.028093
22755.0	0.02841
22760.0	0.028429000000000003
22765.0	0.028239
22770.0	0.028399
22775.0	0.028548
22780.0	0.02851
22785.0	0.028421
22790.0	0.028341
22795.0	0.028261
22800.0	0.028161000000000002
22805.0	0.028338
22810.0	0.027975
22815.0	0.027401
22820.0	0.027882999999999998
22825.0	0.027807
22830.0	0.027767
22835.0	0.027832
22840.0	0.027913999999999998
22845.0	0.028112
22850.0	0.027788
22855.0	0.027755000000000002
22860.0	0.027780000000000003
22865.0	0.027703
22870.0	0.027906999999999998
22875.0	0.027866000000000002
22880.0	0.02793
22885.0	0.027943
22890.0	0.027651
22895.0	0.027339
22900.0	0.027658
22905.0	0.028002
22910.0	0.027929000000000002
22915.0	0.027804000000000002
22920.0	0.027652999999999997
22925.0	0.027610000000000003
22930.0	0.026941000000000003
22935.0	0.023481000000000002
22940.0	0.021394
22945.0	0.022502
22950.0	0.023366
22955.0	0.023821000000000002
22960.0	0.024084
22965.0	0.024045
22970.0	0.023975
22975.0	0.024686000000000003
22980.0	0.025126
22985.0	0.025197
22990.0	0.024711
22995.0	0.024697
23000.0	0.025568
23005.0	0.025841000000000003
23010.0	0.026154000000000004
23015.0	0.02638
23020.0	0.026235
23025.0	0.026168
23030.0	0.026006
23035.0	0.026008
23040.0	0.025975
23045.0	0.025639999999999996
23050.0	0.025565
23055.0	0.025945999999999997
23060.0	0.025556
23065.0	0.025896
23070.0	0.025835000000000004
23075.0	0.026027999999999996
23080.0	0.025605000000000003
23085.0	0.026133999999999998
23090.0	0.025747000000000003
23095.0	0.026121
23100.0	0.025749
23105.0	0.026072
23110.0	0.026064999999999998
23115.0	0.025660000000000002
23120.0	0.026047000000000004
23125.0	0.025373
23130.0	0.025744
23135.0	0.025812
23140.0	0.025388
23145.0	0.025606999999999998
23150.0	0.025182
23155.0	0.025636000000000003
23160.0	0.025775
23165.0	0.025240000000000002
23170.0	0.025297
23175.0	0.025412
23180.0	0.025216
23185.0	0.02534
23190.0	0.025176
23195.0	0.025268000000000002
23200.0	0.025555
23205.0	0.025164
23210.0	0.025452000000000002
23215.0	0.025688
23220.0	0.024808
23225.0	0.022187000000000002
23230.0	0.019762000000000002
23235.0	0.020297
23240.0	0.021499
23245.0	0.022286
23250.0	0.022361000000000002
23255.0	0.022744999999999998
23260.0	0.023237
23265.0	0.023208000000000003
23270.0	0.023547
23275.0	0.023954
23280.0	0.023754
23285.0	0.023208000000000003
23290.0	0.023655000000000002
23295.0	0.024116
23300.0	0.02393
23305.0	0.024162
23310.0	0.024355
23315.0	0.024
23320.0	0.024048
23325.0	0.024587
23330.0	0.024569999999999998
23335.0	0.024124
23340.0	0.024208
23345.0	0.024978999999999998
23350.0	0.024662
23355.0	0.023831
23360.0	0.024332
23365.0	0.024701
23370.0	0.024166
23375.0	0.024153
23380.0	0.024061000000000003
23385.0	0.02425
23390.0	0.023605
23395.0	0.023999
23400.0	0.024728999999999998
23405.0	0.024201
23410.0	0.023547
23415.0	0.023125
23420.0	0.024536000000000002
23425.0	0.024531999999999998
23430.0	0.023857
23435.0	0.024279
23440.0	0.024177
23445.0	0.023155000000000002
23450.0	0.021269
23455.0	0.020901
23460.0	0.022224
23465.0	0.02271
23470.0	0.022716
23475.0	0.0233
23480.0	0.023014
23485.0	0.022983
23490.0	0.023069
23495.0	0.022281
23500.0	0.022539
23505.0	0.023347
23510.0	0.023111000000000003
23515.0	0.022521
23520.0	0.022199
23525.0	0.020069999999999998
23530.0	0.018906
23535.0	0.019724000000000002
23540.0	0.019857
23545.0	0.020454
23550.0	0.021332
23555.0	0.021591
23560.0	0.020981
23565.0	0.021231
23570.0	0.021602
23575.0	0.02161
23580.0	0.02186
23585.0	0.022177000000000002
23590.0	0.022067
23595.0	0.021957
23600.0	0.022201
23605.0	0.022187000000000002
23610.0	0.021915
23615.0	0.022352
23620.0	0.022965
23625.0	0.022306
23630.0	0.021534
23635.0	0.021639
23640.0	0.022785
23645.0	0.022128000000000002
23650.0	0.021741999999999997
23655.0	0.022219
23660.0	0.022752
23665.0	0.022375
23670.0	0.022713999999999998
23675.0	0.022699
23680.0	0.022671
23685.0	0.022895
23690.0	0.02292
23695.0	0.023222
23700.0	0.022196
23705.0	0.021727
23710.0	0.022338999999999998
23715.0	0.02301
23720.0	0.022785
23725.0	0.02147
23730.0	0.021724
23735.0	0.022147
23740.0	0.020873
23745.0	0.020654
23750.0	0.021006999999999998
23755.0	0.021029
23760.0	0.021493
23765.0	0.021975
23770.0	0.022163
23775.0	0.021868000000000002
23780.0	0.021041999999999998
23785.0	0.020769
23790.0	0.02077
23795.0	0.021031
23800.0	0.021922999999999998
23805.0	0.022195
23810.0	0.021197
23815.0	0.020972
23820.0	0.021698
23825.0	0.020997
23830.0	0.018923
23835.0	0.017585
23840.0	0.017933
23845.0	0.019006
23850.0	0.019997
23855.0	0.019871
23860.0	0.01961
23865.0	0.020131
23870.0	0.020333
23875.0	0.020325
23880.0	0.020471
23885.0	0.020967
23890.0	0.020593
23895.0	0.020543000000000002
23900.0	0.021197999999999998
23905.0	0.021223
23910.0	0.021024
23915.0	0.020885
23920.0	0.020797
23925.0	0.020415
23930.0	0.020661000000000002
23935.0	0.021371
23940.0	0.021845
23945.0	0.021335
23950.0	0.020295
23955.0	0.020566
23960.0	0.021325
23965.0	0.021297
23970.0	0.021109
23975.0	0.020943
23980.0	0.020531
23985.0	0.02137
23990.0	0.021333
23995.0	0.021795
24000.0	0.021727
24005.0	0.020358
24010.0	0.020555
24015.0	0.021544999999999998
24020.0	0.021951
24025.0	0.021893
24030.0	0.021491
24035.0	0.021
24040.0	0.019599000000000002
24045.0	0.019482
24050.0	0.01984
24055.0	0.019625
24060.0	0.020562999999999998
24065.0	0.021159999999999998
24070.0	0.019951
24075.0	0.019881
24080.0	0.0206
24085.0	0.019844
24090.0	0.020274
24095.0	0.02075
24100.0	0.022878
24105.0	0.022784
24110.0	0.022709
24115.0	0.022654
24120.0	0.022621000000000002
24125.0	0.022611000000000003
24130.0	0.022622
24135.0	0.022653
24140.0	0.022699
24145.0	0.022757
24150.0	0.022822
24155.0	0.022888
24160.0	0.022949
24165.0	0.022999000000000002
24170.0	0.023034
24175.0	0.023048
24180.0	0.023037000000000002
24185.0	0.023001
24190.0	0.022940000000000002
24195.0	0.022855
24200.0	0.022751
24205.0	0.022632
24210.0	0.022507
24215.0	0.022384
24220.0	0.022268
24225.0	0.022162
24230.0	0.022068
24235.0	0.021997
24240.0	0.021957
24245.0	0.021947
24250.0	0.021957
24255.0	0.021981999999999998
24260.0	0.022022
24265.0	0.022078
24270.0	0.022144999999999998
24275.0	0.022218
24280.0	0.022293
24285.0	0.022366
24290.0	0.022432
24295.0	0.022489
24300.0	0.022531
24305.0	0.022555000000000002
24310.0	0.022558
24315.0	0.02254
24320.0	0.022498
24325.0	0.022433
24330.0	0.022349
24335.0	0.022249
24340.0	0.02214
24345.0	0.022028
24350.0	0.021921
24355.0	0.021825999999999998
24360.0	0.021748
24365.0	0.021691
24370.0	0.021659
24375.0	0.021651
24380.0	0.021665
24385.0	0.0217
24390.0	0.021751
24395.0	0.021815
24400.0	0.021887
24405.0	0.021963999999999997
24410.0	0.022042
24415.0	0.022118000000000002
24420.0	0.022187000000000002
24425.0	0.022249
24430.0	0.022299
24435.0	0.022337
24440.0	0.022359999999999998
24445.0	0.022369
24450.0	0.022363
24455.0	0.022341
24460.0	0.022307
24465.0	0.02226
24470.0	0.022203999999999998
24475.0	0.022143
24480.0	0.022081
24485.0	0.022022
24490.0	0.021971
24495.0	0.02193
24500.0	0.021903
24505.0	0.021891
24510.0	0.021893
24515.0	0.021908
24520.0	0.021934
24525.0	0.021968
24530.0	0.022006
24535.0	0.022043
24540.0	0.022077
24545.0	0.022105
24550.0	0.022127
24555.0	0.022137999999999998
24560.0	0.022131
24565.0	0.022103
24570.0	0.022061
24575.0	0.022006
24580.0	0.02194
24585.0	0.021861000000000002
24590.0	0.021769999999999998
24595.0	0.021671
24600.0	0.021567
24605.0	0.021461
24610.0	0.021357
24615.0	0.021258000000000003
24620.0	0.021168
24625.0	0.021089
24630.0	0.021024
24635.0	0.020975
24640.0	0.020944
24645.0	0.020931
24650.0	0.020937
24655.0	0.02096
24660.0	0.021
24665.0	0.021053
24670.0	0.021119
24675.0	0.021194
24680.0	0.021275
24685.0	0.021359
24690.0	0.021442
24695.0	0.021521000000000002
24700.0	0.021591
24705.0	0.02165
24710.0	0.021694
24715.0	0.021721
24720.0	0.021728
24725.0	0.021716
24730.0	0.021684000000000002
24735.0	0.021632
24740.0	0.021564
24745.0	0.021480000000000003
24750.0	0.021386000000000002
24755.0	0.021284
24760.0	0.021179
24765.0	0.021074000000000002
24770.0	0.020973
24775.0	0.020878999999999998
24780.0	0.020794
24785.0	0.020721
24790.0	0.020659999999999998
24795.0	0.020613
24800.0	0.020581
24805.0	0.020562
24810.0	0.020558
24815.0	0.020566
24820.0	0.020585
24825.0	0.020612000000000002
24830.0	0.020647
24835.0	0.020684
24840.0	0.020722
24845.0	0.020756
24850.0	0.020783000000000003
24855.0	0.020798
24860.0	0.020799
24865.0	0.020783000000000003
24870.0	0.020748
24875.0	0.020697999999999998
24880.0	0.020632
24885.0	0.020554
24890.0	0.020464
24895.0	0.020366
24900.0	0.020268
24905.0	0.020177
24910.0	0.020097
24915.0	0.020031
24920.0	0.019983
24925.0	0.019954
24930.0	0.019949
24935.0	0.019966
24940.0	0.020007
24945.0	0.020069999999999998
24950.0	0.020153
24955.0	0.020253999999999998
24960.0	0.020371
24965.0	0.020502
24970.0	0.020641
24975.0	0.02077
24980.0	0.020873
24985.0	0.020942
24990.0	0.0
24995.0	0.0
25000.0	0.0
