#wave	flux
1150.0	0.005568
1155.0	0.006261999999999999
1160.0	0.005137
1165.0	0.000393
1170.0	0.0
1175.0	0.0
1180.0	0.001373
1185.0	0.000916
1190.0	0.0
1195.0	0.0
1200.0	0.0010710000000000001
1205.0	0.0037549999999999997
1210.0	0.015969
1215.0	0.028102999999999996
1220.0	0.017297999999999997
1225.0	0.002997
1230.0	0.00039
1235.0	0.00041
1240.0	0.000359
1245.0	0.00023700000000000001
1250.0	0.000183
1255.0	0.00019099999999999998
1260.0	0.000184
1265.0	0.0
1270.0	0.0
1275.0	9e-05
1280.0	0.000333
1285.0	0.000305
1290.0	6.1e-05
1295.0	5.9e-05
1300.0	0.000183
1305.0	0.0
1310.0	0.000138
1315.0	0.00028700000000000004
1320.0	0.000218
1325.0	0.000136
1330.0	0.00021
1335.0	0.000178
1340.0	6.4e-05
1345.0	8e-06
1350.0	8.6e-05
1355.0	0.000169
1360.0	0.000196
1365.0	0.00025299999999999997
1370.0	0.000148
1375.0	0.000233
1380.0	0.000304
1385.0	0.00027
1390.0	7.4e-05
1395.0	0.00022400000000000002
1400.0	0.000319
1405.0	0.00043200000000000004
1410.0	0.000359
1415.0	9.2e-05
1420.0	0.0
1425.0	0.00014099999999999998
1430.0	0.000302
1435.0	0.00021899999999999998
1440.0	0.000376
1445.0	0.000779
1450.0	0.0006190000000000001
1455.0	0.000301
1460.0	0.00014
1465.0	0.000196
1470.0	0.00036
1475.0	0.00041799999999999997
1480.0	0.000417
1485.0	0.000301
1490.0	0.000321
1495.0	0.00036
1500.0	0.000356
1505.0	0.000341
1510.0	0.000338
1515.0	0.000335
1520.0	0.0003
1525.0	0.000315
1530.0	0.00038500000000000003
1535.0	0.000468
1540.0	0.000508
1545.0	0.0007610000000000001
1550.0	0.000739
1555.0	0.00043
1560.0	0.000547
1565.0	0.0005740000000000001
1570.0	0.000571
1575.0	0.000676
1580.0	0.000515
1585.0	0.0005070000000000001
1590.0	0.000536
1595.0	0.000377
1600.0	0.000307
1605.0	0.00047599999999999997
1610.0	0.000453
1615.0	0.000252
1620.0	0.000205
1625.0	0.00031800000000000003
1630.0	0.0004980000000000001
1635.0	0.000576
1640.0	0.00035
1645.0	0.00046399999999999995
1650.0	0.000585
1655.0	0.0005110000000000001
1660.0	0.000742
1665.0	0.000773
1670.0	0.000642
1675.0	0.0005059999999999999
1680.0	0.000727
1685.0	0.000714
1690.0	0.000683
1695.0	0.000779
1700.0	0.0009109999999999999
1705.0	0.0007509999999999999
1710.0	0.0006230000000000001
1715.0	0.000687
1720.0	0.0008179999999999999
1725.0	0.000907
1730.0	0.000893
1735.0	0.001041
1740.0	0.00109
1745.0	0.001294
1750.0	0.001299
1755.0	0.001227
1760.0	0.0013369999999999999
1765.0	0.001547
1770.0	0.001632
1775.0	0.001912
1780.0	0.0016879999999999998
1785.0	0.0015019999999999999
1790.0	0.00106
1795.0	0.001234
1800.0	0.001607
1805.0	0.001778
1810.0	0.0020670000000000003
1815.0	0.002287
1820.0	0.002464
1825.0	0.002345
1830.0	0.002334
1835.0	0.0024010000000000004
1840.0	0.002359
1845.0	0.002176
1850.0	0.002165
1855.0	0.00236
1860.0	0.002684
1865.0	0.002867
1870.0	0.003029
1875.0	0.003133
1880.0	0.003246
1885.0	0.00345
1890.0	0.0036090000000000002
1895.0	0.0036299999999999995
1900.0	0.003279
1905.0	0.003357
1910.0	0.003703
1915.0	0.0038380000000000003
1920.0	0.004118
1925.0	0.003953
1930.0	0.003675
1935.0	0.003522
1940.0	0.003972
1945.0	0.0050030000000000005
1950.0	0.005490999999999999
1955.0	0.009854
1960.0	0.011015
1965.0	0.005379999999999999
1970.0	0.000323
1975.0	0.0
1980.0	0.003551
1985.0	0.016503
1990.0	0.017093999999999998
1995.0	0.009922
2000.0	0.008479
2005.0	0.0
2010.0	0.0
2015.0	0.000767
2020.0	0.0
2025.0	0.0
2030.0	0.0
2035.0	0.0
2040.0	0.0
2045.0	0.000373
2050.0	0.005816
2055.0	0.007197
2060.0	0.010819
2065.0	0.00527
2070.0	0.004503
2075.0	0.013024
2080.0	0.022061
2085.0	0.017165
2090.0	0.013358000000000002
2095.0	0.009614
2100.0	0.023675
2105.0	0.034581
2110.0	0.034888
2115.0	0.028743
2120.0	0.032316000000000004
2125.0	0.032005
2130.0	0.010763
2135.0	0.027299
2140.0	0.031674
2145.0	0.033861
2150.0	0.036645
2155.0	0.031603
2160.0	0.028944
2165.0	0.010309
2170.0	0.0
2175.0	0.013487
2180.0	0.034719
2185.0	0.03725
2190.0	0.027126
2195.0	0.021703999999999998
2200.0	0.032443
2205.0	0.029835000000000004
2210.0	0.038823
2215.0	0.018809
2220.0	0.02706
2225.0	0.029675
2230.0	0.02055
2235.0	0.029067000000000003
2240.0	0.037738
2245.0	0.037
2250.0	0.020309999999999998
2255.0	0.038488999999999995
2260.0	0.038941
2265.0	0.023029
2270.0	0.017175
2275.0	0.017909
2280.0	0.019181
2285.0	0.014816999999999999
2290.0	0.025586
2295.0	0.02814
2300.0	0.029322000000000004
2305.0	0.026618
2310.0	0.03107
2315.0	0.02383
2320.0	0.033672
2325.0	0.048272
2330.0	0.037627999999999995
2335.0	0.02852
2340.0	0.032935
2345.0	0.027579000000000003
2350.0	0.027517000000000003
2355.0	0.030736000000000003
2360.0	0.034547
2365.0	0.032288
2370.0	0.036801
2375.0	0.032979
2380.0	0.031603
2385.0	0.027427999999999998
2390.0	0.031485
2395.0	0.030483999999999997
2400.0	0.02613
2405.0	0.025533
2410.0	0.027364999999999997
2415.0	0.03094
2420.0	0.04413
2425.0	0.054071
2430.0	0.059264
2435.0	0.059087
2440.0	0.05864
2445.0	0.049586
2450.0	0.029322000000000004
2455.0	0.020891
2460.0	0.03071
2465.0	0.035729000000000004
2470.0	0.034178
2475.0	0.034779000000000004
2480.0	0.036509
2485.0	0.029697
2490.0	0.022668999999999998
2495.0	0.035861000000000004
2500.0	0.051847000000000004
2505.0	0.052269
2510.0	0.045548000000000005
2515.0	0.03477
2520.0	0.02899
2525.0	0.028073
2530.0	0.035563
2535.0	0.039225
2540.0	0.03829
2545.0	0.041406
2550.0	0.046537
2555.0	0.055625
2560.0	0.05781699999999999
2565.0	0.06758600000000001
2570.0	0.08203400000000001
2575.0	0.08620599999999999
2580.0	0.093775
2585.0	0.088422
2590.0	0.082902
2595.0	0.06880900000000001
2600.0	0.06250800000000001
2605.0	0.06055700000000001
2610.0	0.057619000000000004
2615.0	0.06423
2620.0	0.075573
2625.0	0.070124
2630.0	0.07467599999999999
2635.0	0.12681900000000002
2640.0	0.172825
2645.0	0.169926
2650.0	0.160393
2655.0	0.18274200000000002
2660.0	0.178673
2665.0	0.165413
2670.0	0.173931
2675.0	0.16815
2680.0	0.167933
2685.0	0.168133
2690.0	0.1563
2695.0	0.15018099999999998
2700.0	0.166547
2705.0	0.17638
2710.0	0.167305
2715.0	0.156358
2720.0	0.122404
2725.0	0.13359000000000001
2730.0	0.143249
2735.0	0.12291500000000001
2740.0	0.09363099999999999
2745.0	0.08394800000000001
2750.0	0.095076
2755.0	0.10661500000000002
2760.0	0.129156
2765.0	0.153599
2770.0	0.166201
2775.0	0.14541700000000002
2780.0	0.11995
2785.0	0.103618
2790.0	0.070346
2795.0	0.049093
2800.0	0.049770999999999996
2805.0	0.063799
2810.0	0.090759
2815.0	0.14441199999999998
2820.0	0.176345
2825.0	0.188719
2830.0	0.201244
2835.0	0.199941
2840.0	0.187501
2845.0	0.152344
2850.0	0.102288
2855.0	0.120733
2860.0	0.191419
2865.0	0.216792
2870.0	0.21128400000000003
2875.0	0.209221
2880.0	0.188852
2885.0	0.22511
2890.0	0.246785
2895.0	0.251988
2900.0	0.27321999999999996
2905.0	0.28205
2910.0	0.292369
2915.0	0.300272
2920.0	0.289217
2925.0	0.275402
2930.0	0.279604
2935.0	0.288561
2940.0	0.293069
2945.0	0.298673
2950.0	0.298728
2955.0	0.31085100000000004
2960.0	0.31057399999999996
2965.0	0.28276799999999996
2970.0	0.290084
2975.0	0.31338499999999997
2980.0	0.28867800000000005
2985.0	0.269023
2990.0	0.296222
2995.0	0.29823299999999997
3000.0	0.27152600000000005
3005.0	0.28279899999999997
3010.0	0.308869
3015.0	0.29874
3020.0	0.295041
3025.0	0.332219
3030.0	0.36846999999999996
3035.0	0.36585
3040.0	0.352478
3045.0	0.36383499999999996
3050.0	0.37097199999999997
3055.0	0.344519
3060.0	0.34066
3065.0	0.360718
3070.0	0.38865700000000003
3075.0	0.39150100000000004
3080.0	0.401776
3085.0	0.418184
3090.0	0.35121399999999997
3095.0	0.31662199999999996
3100.0	0.333154
3105.0	0.39507
3110.0	0.426091
3115.0	0.40755
3120.0	0.369228
3125.0	0.373465
3130.0	0.417637
3135.0	0.417209
3140.0	0.388024
3145.0	0.36027800000000004
3150.0	0.36732600000000004
3155.0	0.35349200000000003
3160.0	0.36254000000000003
3165.0	0.389469
3170.0	0.42406000000000005
3175.0	0.42348500000000006
3180.0	0.387392
3185.0	0.37605900000000003
3190.0	0.37262199999999995
3195.0	0.38714699999999996
3200.0	0.44801899999999995
3205.0	0.461038
3210.0	0.45925200000000005
3215.0	0.44728500000000004
3220.0	0.427595
3225.0	0.40424
3230.0	0.389809
3235.0	0.394509
3240.0	0.410469
3245.0	0.42752700000000005
3250.0	0.44443699999999997
3255.0	0.463442
3260.0	0.491824
3265.0	0.530784
3270.0	0.552139
3275.0	0.533801
3280.0	0.507433
3285.0	0.5075029999999999
3290.0	0.525929
3295.0	0.545273
3300.0	0.553203
3305.0	0.543759
3310.0	0.531371
3315.0	0.530359
3320.0	0.534235
3325.0	0.533369
3330.0	0.526375
3335.0	0.516278
3340.0	0.5154989999999999
3345.0	0.531784
3350.0	0.544798
3355.0	0.535573
3360.0	0.518725
3365.0	0.5115649999999999
3370.0	0.5086069999999999
3375.0	0.50258
3380.0	0.5018600000000001
3385.0	0.51503
3390.0	0.5358430000000001
3395.0	0.555027
3400.0	0.56606
3405.0	0.565189
3410.0	0.556986
3415.0	0.548759
3420.0	0.550415
3425.0	0.565996
3430.0	0.5734670000000001
3435.0	0.553534
3440.0	0.523949
3445.0	0.5075970000000001
3450.0	0.510849
3455.0	0.531249
3460.0	0.54756
3465.0	0.54199
3470.0	0.529327
3475.0	0.526497
3480.0	0.526418
3485.0	0.520517
3490.0	0.518282
3495.0	0.529591
3500.0	0.54784
3505.0	0.562895
3510.0	0.609416
3515.0	0.582495
3520.0	0.572505
3525.0	0.557657
3530.0	0.597805
3535.0	0.6306109999999999
3540.0	0.6428560000000001
3545.0	0.6447689999999999
3550.0	0.638829
3555.0	0.628145
3560.0	0.625595
3565.0	0.576757
3570.0	0.5213810000000001
3575.0	0.5296890000000001
3580.0	0.506145
3585.0	0.473992
3590.0	0.528528
3595.0	0.6137600000000001
3600.0	0.64431
3605.0	0.597921
3610.0	0.568421
3615.0	0.584967
3620.0	0.56802
3625.0	0.607272
3630.0	0.623025
3635.0	0.596521
3640.0	0.618668
3645.0	0.621209
3650.0	0.62287
3655.0	0.685649
3660.0	0.7186939999999999
3665.0	0.716878
3670.0	0.70575
3675.0	0.706447
3680.0	0.680284
3685.0	0.669552
3690.0	0.691695
3695.0	0.712317
3700.0	0.7187680000000001
3705.0	0.692926
3710.0	0.679275
3715.0	0.716155
3720.0	0.67011
3725.0	0.64452
3730.0	0.63784
3735.0	0.574591
3740.0	0.5946
3745.0	0.610571
3750.0	0.597213
3755.0	0.6723779999999999
3760.0	0.6794939999999999
3765.0	0.676222
3770.0	0.6936359999999999
3775.0	0.762471
3780.0	0.828209
3785.0	0.833101
3790.0	0.7660680000000001
3795.0	0.7022149999999999
3800.0	0.6856140000000001
3805.0	0.762785
3810.0	0.791941
3815.0	0.741149
3820.0	0.674114
3825.0	0.600589
3830.0	0.529918
3835.0	0.50375
3840.0	0.551216
3845.0	0.653235
3850.0	0.7245020000000001
3855.0	0.737271
3860.0	0.724377
3865.0	0.755563
3870.0	0.741151
3875.0	0.733485
3880.0	0.7055520000000001
3885.0	0.659655
3890.0	0.647641
3895.0	0.713554
3900.0	0.7602800000000001
3905.0	0.7245
3910.0	0.792062
3915.0	0.815554
3920.0	0.758655
3925.0	0.6475310000000001
3930.0	0.478491
3935.0	0.402814
3940.0	0.509812
3945.0	0.637358
3950.0	0.739544
3955.0	0.760263
3960.0	0.683491
3965.0	0.5261100000000001
3970.0	0.44241899999999995
3975.0	0.557305
3980.0	0.728125
3985.0	0.848686
3990.0	0.9511370000000001
3995.0	1.005971
4000.0	1.013685
4005.0	1.007308
4010.0	1.017449
4015.0	1.045503
4020.0	1.0656379999999999
4025.0	1.0704040000000001
4030.0	1.035609
4035.0	1.025292
4040.0	1.040209
4045.0	1.0087840000000001
4050.0	1.028027
4055.0	1.010548
4060.0	0.972773
4065.0	0.951492
4070.0	0.958357
4075.0	0.9677450000000001
4080.0	0.998547
4085.0	1.041582
4090.0	1.040886
4095.0	0.9721709999999999
4100.0	0.8733139999999999
4105.0	0.886497
4110.0	0.967773
4115.0	1.0307540000000002
4120.0	1.0587950000000002
4125.0	1.063785
4130.0	1.042245
4135.0	1.039341
4140.0	1.051877
4145.0	1.0415290000000001
4150.0	1.042037
4155.0	1.0301129999999998
4160.0	1.039251
4165.0	1.050921
4170.0	1.031409
4175.0	1.003315
4180.0	1.015107
4185.0	1.016308
4190.0	1.0165170000000001
4195.0	1.007674
4200.0	0.9845790000000001
4205.0	1.017699
4210.0	1.058301
4215.0	1.06055
4220.0	1.047615
4225.0	0.9932270000000001
4230.0	0.9819049999999999
4235.0	0.999093
4240.0	1.0045469999999999
4245.0	1.035714
4250.0	1.038147
4255.0	1.044367
4260.0	1.025799
4265.0	1.017607
4270.0	0.9822850000000001
4275.0	0.963666
4280.0	1.008319
4285.0	1.005076
4290.0	0.9701559999999999
4295.0	0.9212549999999999
4300.0	0.829759
4305.0	0.777975
4310.0	0.788151
4315.0	0.900393
4320.0	1.014618
4325.0	1.002634
4330.0	1.020015
4335.0	0.995935
4340.0	0.905359
4345.0	0.927689
4350.0	0.9998540000000001
4355.0	1.03949
4360.0	1.0830879999999998
4365.0	1.113047
4370.0	1.090442
4375.0	1.052032
4380.0	1.028671
4385.0	0.9791489999999999
4390.0	1.008329
4395.0	1.039954
4400.0	1.056632
4405.0	1.050614
4410.0	1.0846280000000001
4415.0	1.1069930000000001
4420.0	1.1186200000000002
4425.0	1.143214
4430.0	1.139138
4435.0	1.134496
4440.0	1.1537680000000001
4445.0	1.149637
4450.0	1.150061
4455.0	1.097579
4460.0	1.077826
4465.0	1.107579
4470.0	1.12737
4475.0	1.161453
4480.0	1.153133
4485.0	1.166762
4490.0	1.1704729999999999
4495.0	1.176563
4500.0	1.208707
4505.0	1.251845
4510.0	1.26732
4515.0	1.231766
4520.0	1.196352
4525.0	1.140371
4530.0	1.104848
4535.0	1.127205
4540.0	1.163286
4545.0	1.1712360000000002
4550.0	1.15593
4555.0	1.163252
4560.0	1.177508
4565.0	1.173604
4570.0	1.187192
4575.0	1.198236
4580.0	1.173677
4585.0	1.156675
4590.0	1.159335
4595.0	1.156013
4600.0	1.159833
4605.0	1.16634
4610.0	1.1764059999999998
4615.0	1.190448
4620.0	1.210731
4625.0	1.2142819999999999
4630.0	1.196706
4635.0	1.178348
4640.0	1.159961
4645.0	1.1365319999999999
4650.0	1.132796
4655.0	1.1518629999999999
4660.0	1.154312
4665.0	1.1178139999999999
4670.0	1.11348
4675.0	1.1275819999999999
4680.0	1.135522
4685.0	1.147642
4690.0	1.144088
4695.0	1.132308
4700.0	1.099933
4705.0	1.084767
4710.0	1.102082
4715.0	1.125416
4720.0	1.1496309999999998
4725.0	1.163144
4730.0	1.152892
4735.0	1.152483
4740.0	1.160086
4745.0	1.173897
4750.0	1.176366
4755.0	1.1624299999999999
4760.0	1.146407
4765.0	1.127259
4770.0	1.134103
4775.0	1.168332
4780.0	1.178307
4785.0	1.169235
4790.0	1.165435
4795.0	1.175766
4800.0	1.171554
4805.0	1.164877
4810.0	1.153734
4815.0	1.166095
4820.0	1.1769610000000001
4825.0	1.152037
4830.0	1.153152
4835.0	1.150475
4840.0	1.129039
4845.0	1.1190799999999999
4850.0	1.079234
4855.0	0.997864
4860.0	0.9147700000000001
4865.0	0.94094
4870.0	0.9789549999999999
4875.0	1.0165790000000001
4880.0	1.0655780000000001
4885.0	1.072394
4890.0	1.09237
4895.0	1.133019
4900.0	1.141143
4905.0	1.127558
4910.0	1.102811
4915.0	1.09212
4920.0	1.058081
4925.0	1.070455
4930.0	1.1012170000000001
4935.0	1.098719
4940.0	1.107051
4945.0	1.139912
4950.0	1.140384
4955.0	1.121417
4960.0	1.113479
4965.0	1.123812
4970.0	1.1205889999999998
4975.0	1.119477
4980.0	1.092578
4985.0	1.065187
4990.0	1.0877940000000001
4995.0	1.0854979999999999
5000.0	1.05609
5005.0	1.0283719999999998
5010.0	1.0334729999999999
5015.0	1.025415
5020.0	1.035773
5025.0	1.05932
5030.0	1.077359
5035.0	1.068115
5040.0	1.033955
5045.0	1.048555
5050.0	1.069173
5055.0	1.083857
5060.0	1.106486
5065.0	1.095425
5070.0	1.074727
5075.0	1.061102
5080.0	1.0458
5085.0	1.059548
5090.0	1.087775
5095.0	1.0919219999999998
5100.0	1.078383
5105.0	1.082467
5110.0	1.074985
5115.0	1.096215
5120.0	1.092309
5125.0	1.0554290000000002
5130.0	1.041375
5135.0	1.036117
5140.0	1.023933
5145.0	1.03909
5150.0	1.0444719999999998
5155.0	1.039285
5160.0	1.0203200000000001
5165.0	0.948492
5170.0	0.8983129999999999
5175.0	0.9357850000000001
5180.0	0.962065
5185.0	0.946739
5190.0	0.983844
5195.0	1.000982
5200.0	1.0190379999999999
5205.0	1.014343
5210.0	1.027292
5215.0	1.039763
5220.0	1.047221
5225.0	1.018319
5230.0	1.014001
5235.0	1.035156
5240.0	1.062371
5245.0	1.070863
5250.0	1.061899
5255.0	1.058717
5260.0	1.023201
5265.0	0.9507200000000001
5270.0	0.933969
5275.0	0.977806
5280.0	1.021283
5285.0	1.044824
5290.0	1.079353
5295.0	1.065169
5300.0	1.057424
5305.0	1.073852
5310.0	1.083525
5315.0	1.0765770000000001
5320.0	1.059611
5325.0	1.020443
5330.0	0.9977600000000001
5335.0	1.019395
5340.0	1.0333649999999999
5345.0	1.0539399999999999
5350.0	1.069061
5355.0	1.0838510000000001
5360.0	1.06876
5365.0	1.034357
5370.0	1.015556
5375.0	1.036478
5380.0	1.047942
5385.0	1.046844
5390.0	1.036182
5395.0	1.014987
5400.0	1.002398
5405.0	0.983873
5410.0	0.994129
5415.0	1.01204
5420.0	1.0219260000000001
5425.0	1.027289
5430.0	1.019786
5435.0	1.016522
5440.0	1.030337
5445.0	1.025506
5450.0	1.036769
5455.0	1.036269
5460.0	1.038646
5465.0	1.0255020000000001
5470.0	1.016206
5475.0	0.996389
5480.0	0.993368
5485.0	1.0156040000000002
5490.0	1.0230299999999999
5495.0	1.0241069999999999
5500.0	1.019751
5505.0	1.009326
5510.0	1.005249
5515.0	1.006934
5520.0	1.012559
5525.0	1.002843
5530.0	1.000546
5535.0	1.0143360000000001
5540.0	1.0199049999999998
5545.0	1.025421
5550.0	1.033542
5555.0	1.0274290000000001
5560.0	1.018458
5565.0	1.006519
5570.0	0.9957799999999999
5575.0	0.992315
5580.0	0.992727
5585.0	0.973166
5590.0	0.9559280000000001
5595.0	0.9663209999999999
5600.0	0.9701120000000001
5605.0	0.986498
5610.0	1.007785
5615.0	0.9887959999999999
5620.0	0.988231
5625.0	0.9930950000000001
5630.0	0.998662
5635.0	0.9994049999999999
5640.0	0.9943770000000001
5645.0	0.9936719999999999
5650.0	0.989497
5655.0	0.975418
5660.0	0.965405
5665.0	0.971525
5670.0	0.9846440000000001
5675.0	0.993923
5680.0	0.9941049999999999
5685.0	0.981081
5690.0	0.9701629999999999
5695.0	0.962625
5700.0	0.954145
5705.0	0.9480299999999999
5710.0	0.941775
5715.0	0.95852
5720.0	0.9836520000000001
5725.0	1.002025
5730.0	1.0103209999999998
5735.0	1.011307
5740.0	1.0028920000000001
5745.0	0.9911709999999999
5750.0	0.975023
5755.0	0.968158
5760.0	0.968485
5765.0	0.9725799999999999
5770.0	0.979722
5775.0	0.9849479999999999
5780.0	0.970691
5785.0	0.953081
5790.0	0.956816
5795.0	0.966809
5800.0	0.965591
5805.0	0.9662930000000001
5810.0	0.975764
5815.0	0.976983
5820.0	0.9854629999999999
5825.0	0.9935120000000001
5830.0	1.001167
5835.0	0.996617
5840.0	0.997991
5845.0	0.978182
5850.0	0.9692459999999999
5855.0	0.9580879999999999
5860.0	0.959549
5865.0	0.966878
5870.0	0.969131
5875.0	0.9644459999999999
5880.0	0.9491219999999999
5885.0	0.911623
5890.0	0.8762
5895.0	0.8906120000000001
5900.0	0.931781
5905.0	0.945428
5910.0	0.9498559999999999
5915.0	0.950485
5920.0	0.9532450000000001
5925.0	0.9508129999999999
5930.0	0.941779
5935.0	0.9405209999999999
5940.0	0.9405190000000001
5945.0	0.936831
5950.0	0.934767
5955.0	0.9379040000000001
5960.0	0.9406760000000001
5965.0	0.943045
5970.0	0.942433
5975.0	0.9347030000000001
5980.0	0.928825
5985.0	0.923991
5990.0	0.9323889999999999
5995.0	0.934364
6000.0	0.929124
6005.0	0.9227280000000001
6010.0	0.918481
6015.0	0.914617
6020.0	0.9098350000000001
6025.0	0.917034
6030.0	0.9269139999999999
6035.0	0.9330940000000001
6040.0	0.9325620000000001
6045.0	0.932372
6050.0	0.9289129999999999
6055.0	0.925319
6060.0	0.9283040000000001
6065.0	0.9274399999999999
6070.0	0.929407
6075.0	0.9238270000000001
6080.0	0.916967
6085.0	0.915056
6090.0	0.90854
6095.0	0.9019950000000001
6100.0	0.885867
6105.0	0.8930819999999999
6110.0	0.906533
6115.0	0.911552
6120.0	0.898875
6125.0	0.896961
6130.0	0.898216
6135.0	0.8825379999999999
6140.0	0.8837200000000001
6145.0	0.885972
6150.0	0.887401
6155.0	0.8787379999999999
6160.0	0.8656010000000001
6165.0	0.8637309999999999
6170.0	0.8716200000000001
6175.0	0.887918
6180.0	0.896682
6185.0	0.898703
6190.0	0.898603
6195.0	0.899158
6200.0	0.904905
6205.0	0.901803
6210.0	0.8925649999999999
6215.0	0.884653
6220.0	0.8849940000000001
6225.0	0.879208
6230.0	0.8760180000000001
6235.0	0.8757010000000001
6240.0	0.870607
6245.0	0.866761
6250.0	0.866165
6255.0	0.8606719999999999
6260.0	0.867042
6265.0	0.86545
6270.0	0.874492
6275.0	0.8576940000000001
6280.0	0.849835
6285.0	0.864943
6290.0	0.869082
6295.0	0.8645709999999999
6300.0	0.8540549999999999
6305.0	0.8609959999999999
6310.0	0.85715
6315.0	0.8444719999999999
6320.0	0.8546090000000001
6325.0	0.863719
6330.0	0.8626790000000001
6335.0	0.8539620000000001
6340.0	0.852849
6345.0	0.856873
6350.0	0.85593
6355.0	0.851384
6360.0	0.847894
6365.0	0.853993
6370.0	0.8622709999999999
6375.0	0.862758
6380.0	0.858124
6385.0	0.860431
6390.0	0.8539680000000001
6395.0	0.844609
6400.0	0.838944
6405.0	0.839412
6410.0	0.830886
6415.0	0.8340700000000001
6420.0	0.8345610000000001
6425.0	0.84216
6430.0	0.8434450000000001
6435.0	0.83906
6440.0	0.8411649999999999
6445.0	0.8438370000000001
6450.0	0.8373889999999999
6455.0	0.8357709999999999
6460.0	0.829716
6465.0	0.82799
6470.0	0.8289059999999999
6475.0	0.8297329999999999
6480.0	0.828255
6485.0	0.8224809999999999
6490.0	0.805121
6495.0	0.793562
6500.0	0.814709
6505.0	0.834267
6510.0	0.837735
6515.0	0.829413
6520.0	0.8282719999999999
6525.0	0.8244950000000001
6530.0	0.819018
6535.0	0.82081
6540.0	0.8229280000000001
6545.0	0.80896
6550.0	0.786666
6555.0	0.741951
6560.0	0.6708
6565.0	0.687102
6570.0	0.743526
6575.0	0.7810060000000001
6580.0	0.79674
6585.0	0.804246
6590.0	0.803271
6595.0	0.795896
6600.0	0.807305
6605.0	0.812301
6610.0	0.813856
6615.0	0.821428
6620.0	0.817005
6625.0	0.8085220000000001
6630.0	0.797471
6635.0	0.791971
6640.0	0.799049
6645.0	0.802683
6650.0	0.811086
6655.0	0.81187
6660.0	0.807826
6665.0	0.807417
6670.0	0.804207
6675.0	0.7974979999999999
6680.0	0.802655
6685.0	0.8097300000000001
6690.0	0.809585
6695.0	0.800461
6700.0	0.79999
6705.0	0.799921
6710.0	0.796574
6715.0	0.786805
6720.0	0.784858
6725.0	0.7921819999999999
6730.0	0.793048
6735.0	0.794301
6740.0	0.7919510000000001
6745.0	0.793143
6750.0	0.786043
6755.0	0.787883
6760.0	0.787661
6765.0	0.788446
6770.0	0.788188
6775.0	0.792107
6780.0	0.790975
6785.0	0.789402
6790.0	0.793049
6795.0	0.792704
6800.0	0.7927930000000001
6805.0	0.789316
6810.0	0.787412
6815.0	0.786299
6820.0	0.787806
6825.0	0.788738
6830.0	0.788537
6835.0	0.78299
6840.0	0.783317
6845.0	0.77864
6850.0	0.7781520000000001
6855.0	0.7809550000000001
6860.0	0.784395
6865.0	0.785957
6870.0	0.784493
6875.0	0.7808350000000001
6880.0	0.776517
6885.0	0.773193
6890.0	0.771935
6895.0	0.773234
6900.0	0.7762979999999999
6905.0	0.779327
6910.0	0.7802520000000001
6915.0	0.7781060000000001
6920.0	0.77308
6925.0	0.767411
6930.0	0.7633949999999999
6935.0	0.762209
6940.0	0.76355
6945.0	0.765921
6950.0	0.767822
6955.0	0.7685850000000001
6960.0	0.767989
6965.0	0.7665890000000001
6970.0	0.766085
6975.0	0.753793
6980.0	0.751119
6985.0	0.7566149999999999
6990.0	0.76245
6995.0	0.762764
7000.0	0.753659
7005.0	0.7471399999999999
7010.0	0.746495
7015.0	0.741776
7020.0	0.737869
7025.0	0.740776
7030.0	0.740943
7035.0	0.734893
7040.0	0.740879
7045.0	0.749572
7050.0	0.747748
7055.0	0.743785
7060.0	0.744819
7065.0	0.739291
7070.0	0.7425470000000001
7075.0	0.746657
7080.0	0.743092
7085.0	0.7373890000000001
7090.0	0.733946
7095.0	0.7364069999999999
7100.0	0.740149
7105.0	0.736736
7110.0	0.730888
7115.0	0.732643
7120.0	0.728697
7125.0	0.729033
7130.0	0.731667
7135.0	0.7445109999999999
7140.0	0.745576
7145.0	0.738474
7150.0	0.734524
7155.0	0.7393890000000001
7160.0	0.728387
7165.0	0.7143609999999999
7170.0	0.7124119999999999
7175.0	0.705417
7180.0	0.694584
7185.0	0.6828529999999999
7190.0	0.691301
7195.0	0.697385
7200.0	0.70692
7205.0	0.7110390000000001
7210.0	0.725921
7215.0	0.728114
7220.0	0.726959
7225.0	0.731337
7230.0	0.722955
7235.0	0.716879
7240.0	0.709245
7245.0	0.708002
7250.0	0.703439
7255.0	0.709918
7260.0	0.71044
7265.0	0.7121810000000001
7270.0	0.706133
7275.0	0.692847
7280.0	0.695137
7285.0	0.690765
7290.0	0.698116
7295.0	0.72187
7300.0	0.7236670000000001
7305.0	0.719549
7310.0	0.7126319999999999
7315.0	0.704198
7320.0	0.702782
7325.0	0.707654
7330.0	0.718064
7335.0	0.727592
7340.0	0.72635
7345.0	0.720662
7350.0	0.711991
7355.0	0.711453
7360.0	0.711881
7365.0	0.7165060000000001
7370.0	0.717312
7375.0	0.71596
7380.0	0.711428
7385.0	0.7026060000000001
7390.0	0.70543
7395.0	0.705105
7400.0	0.700943
7405.0	0.6954199999999999
7410.0	0.696275
7415.0	0.7053729999999999
7420.0	0.712525
7425.0	0.721367
7430.0	0.72114
7435.0	0.713056
7440.0	0.702377
7445.0	0.69562
7450.0	0.702489
7455.0	0.704946
7460.0	0.706292
7465.0	0.710055
7470.0	0.706266
7475.0	0.6990569999999999
7480.0	0.6937409999999999
7485.0	0.692492
7490.0	0.689359
7495.0	0.694249
7500.0	0.6977939999999999
7505.0	0.693611
7510.0	0.6922729999999999
7515.0	0.694203
7520.0	0.688268
7525.0	0.6826479999999999
7530.0	0.67875
7535.0	0.678953
7540.0	0.680067
7545.0	0.6823100000000001
7550.0	0.684663
7555.0	0.681979
7560.0	0.677592
7565.0	0.676566
7570.0	0.681779
7575.0	0.69033
7580.0	0.693854
7585.0	0.684527
7590.0	0.6629649999999999
7595.0	0.639258
7600.0	0.626127
7605.0	0.62964
7610.0	0.645051
7615.0	0.660338
7620.0	0.6654800000000001
7625.0	0.659855
7630.0	0.650795
7635.0	0.646234
7640.0	0.648055
7645.0	0.6512020000000001
7650.0	0.649371
7655.0	0.641961
7660.0	0.635107
7665.0	0.636582
7670.0	0.649184
7675.0	0.667715
7680.0	0.682422
7685.0	0.685723
7690.0	0.67703
7695.0	0.662736
7700.0	0.651393
7705.0	0.6481819999999999
7710.0	0.6528
7715.0	0.66065
7720.0	0.666625
7725.0	0.668273
7730.0	0.66692
7735.0	0.663628
7740.0	0.654528
7745.0	0.6481899999999999
7750.0	0.65005
7755.0	0.651302
7760.0	0.6509699999999999
7765.0	0.650638
7770.0	0.6448550000000001
7775.0	0.644717
7780.0	0.651796
7785.0	0.6551640000000001
7790.0	0.658373
7795.0	0.656415
7800.0	0.653339
7805.0	0.647888
7810.0	0.642599
7815.0	0.6419189999999999
7820.0	0.644783
7825.0	0.647093
7830.0	0.644718
7835.0	0.641302
7840.0	0.636203
7845.0	0.628104
7850.0	0.627603
7855.0	0.634764
7860.0	0.6432640000000001
7865.0	0.6463869999999999
7870.0	0.639796
7875.0	0.627436
7880.0	0.617537
7885.0	0.612345
7890.0	0.612585
7895.0	0.6185039999999999
7900.0	0.627202
7905.0	0.631724
7910.0	0.629085
7915.0	0.627267
7920.0	0.622162
7925.0	0.617448
7930.0	0.610394
7935.0	0.611167
7940.0	0.611065
7945.0	0.616075
7950.0	0.621156
7955.0	0.6182449999999999
7960.0	0.613527
7965.0	0.610848
7970.0	0.608526
7975.0	0.607823
7980.0	0.605586
7985.0	0.60749
7990.0	0.6032689999999999
7995.0	0.596395
8000.0	0.610193
8005.0	0.613093
8010.0	0.61265
8015.0	0.613278
8020.0	0.609848
8025.0	0.602718
8030.0	0.610664
8035.0	0.609588
8040.0	0.604241
8045.0	0.598125
8050.0	0.605266
8055.0	0.6102350000000001
8060.0	0.6096560000000001
8065.0	0.606921
8070.0	0.605792
8075.0	0.602608
8080.0	0.602266
8085.0	0.5977439999999999
8090.0	0.6011569999999999
8095.0	0.597882
8100.0	0.6054970000000001
8105.0	0.608935
8110.0	0.60747
8115.0	0.608825
8120.0	0.608441
8125.0	0.608247
8130.0	0.598917
8135.0	0.5982430000000001
8140.0	0.597841
8145.0	0.589579
8150.0	0.582508
8155.0	0.5822229999999999
8160.0	0.56892
8165.0	0.572048
8170.0	0.586353
8175.0	0.572092
8180.0	0.57121
8185.0	0.578448
8190.0	0.57182
8195.0	0.569558
8200.0	0.5912390000000001
8205.0	0.602178
8210.0	0.593461
8215.0	0.586663
8220.0	0.57626
8225.0	0.545383
8230.0	0.547744
8235.0	0.5828909999999999
8240.0	0.590164
8245.0	0.591065
8250.0	0.5931029999999999
8255.0	0.585013
8260.0	0.5915199999999999
8265.0	0.5932189999999999
8270.0	0.579149
8275.0	0.569395
8280.0	0.572952
8285.0	0.571865
8290.0	0.5659310000000001
8295.0	0.574127
8300.0	0.568913
8305.0	0.568126
8310.0	0.56866
8315.0	0.566766
8320.0	0.560549
8325.0	0.5623520000000001
8330.0	0.558846
8335.0	0.555516
8340.0	0.56123
8345.0	0.563732
8350.0	0.5716100000000001
8355.0	0.568167
8360.0	0.566163
8365.0	0.568786
8370.0	0.568647
8375.0	0.565674
8380.0	0.565191
8385.0	0.55785
8390.0	0.564144
8395.0	0.563866
8400.0	0.56097
8405.0	0.5597449999999999
8410.0	0.55808
8415.0	0.555138
8420.0	0.5541689999999999
8425.0	0.553211
8430.0	0.5512319999999999
8435.0	0.547568
8440.0	0.549096
8445.0	0.5501
8450.0	0.557642
8455.0	0.553998
8460.0	0.54947
8465.0	0.543609
8470.0	0.544773
8475.0	0.5508069999999999
8480.0	0.5532229999999999
8485.0	0.551656
8490.0	0.533875
8495.0	0.49828100000000003
8500.0	0.520467
8505.0	0.538532
8510.0	0.535096
8515.0	0.535914
8520.0	0.5392640000000001
8525.0	0.528971
8530.0	0.5158520000000001
8535.0	0.47171199999999996
8540.0	0.426339
8545.0	0.48873900000000003
8550.0	0.517962
8555.0	0.5281140000000001
8560.0	0.5347069999999999
8565.0	0.538065
8570.0	0.533511
8575.0	0.536484
8580.0	0.530452
8585.0	0.534104
8590.0	0.53005
8595.0	0.526629
8600.0	0.530579
8605.0	0.5299189999999999
8610.0	0.5245989999999999
8615.0	0.525667
8620.0	0.5286489999999999
8625.0	0.53233
8630.0	0.531428
8635.0	0.532934
8640.0	0.528041
8645.0	0.520388
8650.0	0.512081
8655.0	0.473825
8660.0	0.438284
8665.0	0.47889899999999996
8670.0	0.505681
8675.0	0.5152760000000001
8680.0	0.519044
8685.0	0.512663
8690.0	0.522117
8695.0	0.525389
8700.0	0.5280590000000001
8705.0	0.5279010000000001
8710.0	0.5247649999999999
8715.0	0.526325
8720.0	0.5273720000000001
8725.0	0.520702
8730.0	0.515992
8735.0	0.5141060000000001
8740.0	0.5139279999999999
8745.0	0.512125
8750.0	0.508842
8755.0	0.509255
8760.0	0.514826
8765.0	0.516838
8770.0	0.5150899999999999
8775.0	0.5186569999999999
8780.0	0.5209159999999999
8785.0	0.5135029999999999
8790.0	0.507404
8795.0	0.5119520000000001
8800.0	0.505127
8805.0	0.496596
8810.0	0.50989
8815.0	0.513318
8820.0	0.504997
8825.0	0.50769
8830.0	0.512504
8835.0	0.512865
8840.0	0.505864
8845.0	0.508286
8850.0	0.506065
8855.0	0.497565
8860.0	0.49026899999999995
8865.0	0.49014300000000005
8870.0	0.500276
8875.0	0.502273
8880.0	0.5034890000000001
8885.0	0.503652
8890.0	0.5048050000000001
8895.0	0.503039
8900.0	0.506512
8905.0	0.50655
8910.0	0.500908
8915.0	0.506089
8920.0	0.5028060000000001
8925.0	0.498759
8930.0	0.50617
8935.0	0.511827
8940.0	0.50585
8945.0	0.500775
8950.0	0.499709
8955.0	0.500955
8960.0	0.492088
8965.0	0.488083
8970.0	0.48769799999999996
8975.0	0.49121499999999996
8980.0	0.48596000000000006
8985.0	0.459855
8990.0	0.45786499999999997
8995.0	0.47205699999999995
9000.0	0.46177799999999997
9005.0	0.46246400000000004
9010.0	0.458797
9015.0	0.455791
9020.0	0.472918
9025.0	0.48357700000000003
9030.0	0.504955
9035.0	0.515097
9040.0	0.517145
9045.0	0.514302
9050.0	0.508012
9055.0	0.504459
9060.0	0.485104
9065.0	0.48452
9070.0	0.47185600000000005
9075.0	0.46792
9080.0	0.46178100000000005
9085.0	0.45409099999999997
9090.0	0.465221
9095.0	0.469905
9100.0	0.472009
9105.0	0.47768900000000003
9110.0	0.48644899999999996
9115.0	0.475476
9120.0	0.48902399999999996
9125.0	0.48369399999999996
9130.0	0.46473100000000006
9135.0	0.466095
9140.0	0.48269300000000004
9145.0	0.48215699999999995
9150.0	0.456006
9155.0	0.45467799999999997
9160.0	0.475505
9165.0	0.48039499999999996
9170.0	0.45431099999999996
9175.0	0.457495
9180.0	0.469474
9185.0	0.480242
9190.0	0.48281
9195.0	0.479379
9200.0	0.486967
9205.0	0.47625200000000006
9210.0	0.46534200000000003
9215.0	0.46331300000000003
9220.0	0.46535200000000004
9225.0	0.45952299999999996
9230.0	0.463445
9235.0	0.466292
9240.0	0.47058999999999995
9245.0	0.472063
9250.0	0.47828000000000004
9255.0	0.47804300000000005
9260.0	0.48990900000000004
9265.0	0.503033
9270.0	0.502159
9275.0	0.485515
9280.0	0.491674
9285.0	0.49360600000000004
9290.0	0.48878699999999997
9295.0	0.476804
9300.0	0.47275600000000007
9305.0	0.46197
9310.0	0.44787200000000005
9315.0	0.417759
9320.0	0.421626
9325.0	0.40775100000000003
9330.0	0.409434
9335.0	0.381227
9340.0	0.359435
9345.0	0.383554
9350.0	0.41943800000000003
9355.0	0.387952
9360.0	0.43440100000000004
9365.0	0.41625200000000007
9370.0	0.413129
9375.0	0.427199
9380.0	0.440115
9385.0	0.47853999999999997
9390.0	0.5223760000000001
9395.0	0.528095
9400.0	0.504749
9405.0	0.488116
9410.0	0.463975
9415.0	0.475812
9420.0	0.47311499999999995
9425.0	0.42516000000000004
9430.0	0.42752299999999993
9435.0	0.426021
9440.0	0.38722199999999996
9445.0	0.43556000000000006
9450.0	0.445745
9455.0	0.415209
9460.0	0.408744
9465.0	0.45492299999999997
9470.0	0.459095
9475.0	0.44656599999999996
9480.0	0.432775
9485.0	0.471081
9490.0	0.45946800000000004
9495.0	0.409803
9500.0	0.416625
9505.0	0.467359
9510.0	0.486757
9515.0	0.429709
9520.0	0.407792
9525.0	0.42839099999999997
9530.0	0.44437299999999996
9535.0	0.442089
9540.0	0.43772700000000003
9545.0	0.40670700000000004
9550.0	0.416572
9555.0	0.413983
9560.0	0.42627200000000004
9565.0	0.41706499999999996
9570.0	0.44923100000000005
9575.0	0.449696
9580.0	0.438378
9585.0	0.43605
9590.0	0.406447
9595.0	0.425178
9600.0	0.43776899999999996
9605.0	0.42024399999999995
9610.0	0.42815
9615.0	0.41250200000000004
9620.0	0.408156
9625.0	0.41258199999999995
9630.0	0.420105
9635.0	0.411963
9640.0	0.410384
9645.0	0.40560999999999997
9650.0	0.414492
9655.0	0.408382
9660.0	0.40542399999999995
9665.0	0.413023
9670.0	0.422441
9675.0	0.43200900000000003
9680.0	0.43134399999999995
9685.0	0.431896
9690.0	0.433684
9695.0	0.43528100000000003
9700.0	0.433295
9705.0	0.432488
9710.0	0.42890500000000004
9715.0	0.424328
9720.0	0.41948599999999997
9725.0	0.41671400000000003
9730.0	0.411405
9735.0	0.40467600000000004
9740.0	0.402138
9745.0	0.399262
9750.0	0.39552800000000005
9755.0	0.391523
9760.0	0.388885
9765.0	0.40051
9770.0	0.396049
9775.0	0.393048
9780.0	0.39098099999999997
9785.0	0.39252800000000004
9790.0	0.400954
9795.0	0.400161
9800.0	0.40273000000000003
9805.0	0.400484
9810.0	0.40026100000000003
9815.0	0.400388
9820.0	0.395165
9825.0	0.39672199999999996
9830.0	0.399149
9835.0	0.39963699999999996
9840.0	0.396438
9845.0	0.395385
9850.0	0.399903
9855.0	0.39353499999999997
9860.0	0.392804
9865.0	0.397894
9870.0	0.399331
9875.0	0.395204
9880.0	0.39779499999999995
9885.0	0.39818899999999996
9890.0	0.396878
9895.0	0.39509
9900.0	0.390276
9905.0	0.394393
9910.0	0.390867
9915.0	0.393277
9920.0	0.39731
9925.0	0.389411
9930.0	0.39215900000000004
9935.0	0.39834
9940.0	0.397373
9945.0	0.387942
9950.0	0.389606
9955.0	0.393232
9960.0	0.39257800000000004
9965.0	0.390144
9970.0	0.39761599999999997
9975.0	0.383858
9980.0	0.39103899999999997
9985.0	0.391579
9990.0	0.386207
9995.0	0.381384
10000.0	0.386374
10005.0	0.392817
10010.0	0.389623
10015.0	0.381732
10020.0	0.387303
10025.0	0.39708499999999997
10030.0	0.389185
10035.0	0.37550700000000004
10040.0	0.373774
10045.0	0.353064
10050.0	0.363768
10055.0	0.37111900000000003
10060.0	0.366973
10065.0	0.36691599999999996
10070.0	0.37056500000000003
10075.0	0.381605
10080.0	0.36996399999999996
10085.0	0.372688
10090.0	0.382075
10095.0	0.383223
10100.0	0.37497199999999997
10105.0	0.359715
10110.0	0.374028
10115.0	0.374754
10120.0	0.373591
10125.0	0.372077
10130.0	0.370237
10135.0	0.370237
10140.0	0.36935
10145.0	0.36946100000000004
10150.0	0.364465
10155.0	0.372882
10160.0	0.377186
10165.0	0.3679
10170.0	0.36175300000000005
10175.0	0.365755
10180.0	0.351961
10185.0	0.349906
10190.0	0.34797
10195.0	0.346749
10200.0	0.346839
10205.0	0.348551
10210.0	0.351032
10215.0	0.353146
10220.0	0.353752
10225.0	0.352084
10230.0	0.34886500000000004
10235.0	0.34519
10240.0	0.342156
10245.0	0.34065500000000004
10250.0	0.340767
10255.0	0.34237
10260.0	0.345341
10265.0	0.349436
10270.0	0.35392199999999996
10275.0	0.357942
10280.0	0.360644
10285.0	0.361385
10290.0	0.36038400000000004
10295.0	0.358075
10300.0	0.354891
10305.0	0.355819
10310.0	0.35385900000000003
10315.0	0.352243
10320.0	0.35125300000000004
10325.0	0.351079
10330.0	0.351539
10335.0	0.35235900000000003
10340.0	0.35326399999999997
10345.0	0.354024
10350.0	0.354584
10355.0	0.354931
10360.0	0.355054
10365.0	0.35494699999999996
10370.0	0.354634
10375.0	0.354144
10380.0	0.353504
10385.0	0.35277
10390.0	0.352095
10395.0	0.35165599999999997
10400.0	0.351632
10405.0	0.352122
10410.0	0.352906
10415.0	0.353684
10420.0	0.35416
10425.0	0.354112
10430.0	0.35364
10435.0	0.35292199999999996
10440.0	0.352139
10445.0	0.351418
10450.0	0.350689
10455.0	0.349833
10460.0	0.348729
10465.0	0.34735900000000003
10470.0	0.346111
10475.0	0.34547100000000003
10480.0	0.345928
10485.0	0.34772800000000004
10490.0	0.350155
10495.0	0.352249
10500.0	0.353051
10505.0	0.351901
10510.0	0.34933200000000003
10515.0	0.346174
10520.0	0.34325900000000004
10525.0	0.34124299999999996
10530.0	0.34007800000000005
10535.0	0.339542
10540.0	0.339412
10545.0	0.339473
10550.0	0.339537
10555.0	0.339423
10560.0	0.338949
10565.0	0.338006
10570.0	0.33676300000000003
10575.0	0.335463
10580.0	0.334345
10585.0	0.333606
10590.0	0.333255
10595.0	0.333257
10600.0	0.333577
10605.0	0.334173
10610.0	0.33498
10615.0	0.335928
10620.0	0.336948
10625.0	0.333305
10630.0	0.332898
10635.0	0.332491
10640.0	0.33208499999999996
10645.0	0.331679
10650.0	0.331273
10655.0	0.330868
10660.0	0.330464
10665.0	0.33005999999999996
10670.0	0.329656
10675.0	0.329253
10680.0	0.32885
10685.0	0.328448
10690.0	0.328046
10695.0	0.32764499999999996
10700.0	0.327244
10705.0	0.326844
10710.0	0.326444
10715.0	0.326045
10720.0	0.325646
10725.0	0.32524699999999995
10730.0	0.324849
10735.0	0.324452
10740.0	0.32405500000000004
10745.0	0.323658
10750.0	0.323262
10755.0	0.322866
10760.0	0.322471
10765.0	0.32207600000000003
10770.0	0.321682
10775.0	0.321288
10780.0	0.320895
10785.0	0.320502
10790.0	0.32010900000000003
10795.0	0.31971700000000003
10800.0	0.319326
10805.0	0.31893499999999997
10810.0	0.318544
10815.0	0.318154
10820.0	0.317765
10825.0	0.31737600000000005
10830.0	0.31698699999999996
10835.0	0.31659899999999996
10840.0	0.316211
10845.0	0.315823
10850.0	0.31543699999999997
10855.0	0.31505
10860.0	0.314664
10865.0	0.314279
10870.0	0.313894
10875.0	0.31350900000000004
10880.0	0.313125
10885.0	0.312742
10890.0	0.312359
10895.0	0.31197600000000003
10900.0	0.311594
10905.0	0.311212
10910.0	0.31083099999999997
10915.0	0.31045
10920.0	0.31006999999999996
10925.0	0.30969
10930.0	0.30931
10935.0	0.308931
10940.0	0.308553
10945.0	0.308175
10950.0	0.307797
10955.0	0.30741999999999997
10960.0	0.307043
10965.0	0.306667
10970.0	0.306292
10975.0	0.30591599999999997
10980.0	0.305542
10985.0	0.305167
10990.0	0.304793
10995.0	0.30441999999999997
11000.0	0.30404699999999996
11005.0	0.303675
11010.0	0.30330300000000004
11015.0	0.302931
11020.0	0.30256
11025.0	0.302189
11030.0	0.301819
11035.0	0.30144899999999997
11040.0	0.30108
11045.0	0.300711
11050.0	0.30034299999999997
11055.0	0.299975
11060.0	0.299608
11065.0	0.299241
11070.0	0.298874
11075.0	0.298508
11080.0	0.298143
11085.0	0.29777800000000004
11090.0	0.29741300000000004
11095.0	0.29704899999999995
11100.0	0.296685
11105.0	0.296322
11110.0	0.295959
11115.0	0.295597
11120.0	0.29523499999999997
11125.0	0.29487399999999997
11130.0	0.294513
11135.0	0.294152
11140.0	0.293792
11145.0	0.293433
11150.0	0.293074
11155.0	0.292715
11160.0	0.29235700000000003
11165.0	0.29199899999999995
11170.0	0.291642
11175.0	0.291285
11180.0	0.290929
11185.0	0.290573
11190.0	0.290217
11195.0	0.289862
11200.0	0.289508
11205.0	0.289154
11210.0	0.2888
11215.0	0.28844699999999995
11220.0	0.288095
11225.0	0.287742
11230.0	0.287391
11235.0	0.287039
11240.0	0.286688
11245.0	0.28633800000000004
11250.0	0.285988
11255.0	0.285639
11260.0	0.28529
11265.0	0.284941
11270.0	0.284593
11275.0	0.284246
11280.0	0.283898
11285.0	0.28355199999999997
11290.0	0.283206
11295.0	0.28286
11300.0	0.282514
11305.0	0.28217
11310.0	0.281825
11315.0	0.281481
11320.0	0.281138
11325.0	0.28079499999999996
11330.0	0.280452
11335.0	0.28010999999999997
11340.0	0.27976799999999996
11345.0	0.279427
11350.0	0.279086
11355.0	0.278746
11360.0	0.278406
11365.0	0.278067
11370.0	0.27772800000000003
11375.0	0.27739
11380.0	0.277052
11385.0	0.27671399999999996
11390.0	0.276377
11395.0	0.27604
11400.0	0.275704
11405.0	0.275368
11410.0	0.27503299999999997
11415.0	0.274698
11420.0	0.274364
11425.0	0.27403
11430.0	0.27369699999999997
11435.0	0.273364
11440.0	0.27303099999999997
11445.0	0.27269899999999997
11450.0	0.272368
11455.0	0.272037
11460.0	0.271706
11465.0	0.271376
11470.0	0.271046
11475.0	0.270717
11480.0	0.270388
11485.0	0.270059
11490.0	0.269731
11495.0	0.269404
11500.0	0.269077
11505.0	0.26875
11510.0	0.268424
11515.0	0.268098
11520.0	0.267773
11525.0	0.267448
11530.0	0.267124
11535.0	0.2668
11540.0	0.266477
11545.0	0.266154
11550.0	0.265831
11555.0	0.265509
11560.0	0.26518800000000003
11565.0	0.264867
11570.0	0.264546
11575.0	0.264226
11580.0	0.263906
11585.0	0.263587
11590.0	0.263268
11595.0	0.262949
11600.0	0.26263200000000003
11605.0	0.262314
11610.0	0.261997
11615.0	0.26168
11620.0	0.261364
11625.0	0.261049
11630.0	0.260733
11635.0	0.260419
11640.0	0.260104
11645.0	0.25979
11650.0	0.259477
11655.0	0.259164
11660.0	0.25885199999999997
11665.0	0.25854
11670.0	0.258228
11675.0	0.257917
11680.0	0.257606
11685.0	0.257296
11690.0	0.256986
11695.0	0.256677
11700.0	0.256368
11705.0	0.25606
11710.0	0.255752
11715.0	0.255444
11720.0	0.255137
11725.0	0.25483
11730.0	0.254524
11735.0	0.25421900000000003
11740.0	0.253913
11745.0	0.253608
11750.0	0.253304
11755.0	0.253
11760.0	0.252697
11765.0	0.252394
11770.0	0.252091
11775.0	0.251789
11780.0	0.251488
11785.0	0.251186
11790.0	0.250886
11795.0	0.250585
11800.0	0.250286
11805.0	0.249986
11810.0	0.249687
11815.0	0.249389
11820.0	0.24909099999999998
11825.0	0.248793
11830.0	0.248496
11835.0	0.24819899999999998
11840.0	0.247903
11845.0	0.24760700000000002
11850.0	0.24731199999999998
11855.0	0.24701700000000001
11860.0	0.246723
11865.0	0.246429
11870.0	0.246135
11875.0	0.245842
11880.0	0.24555
11885.0	0.245257
11890.0	0.244966
11895.0	0.24467399999999997
11900.0	0.24438400000000002
11905.0	0.24409299999999998
11910.0	0.24380300000000002
11915.0	0.24351399999999998
11920.0	0.243225
11925.0	0.242936
11930.0	0.242648
11935.0	0.24236100000000002
11940.0	0.242073
11945.0	0.241787
11950.0	0.2415
11955.0	0.24121399999999998
11960.0	0.240929
11965.0	0.240644
11970.0	0.24035900000000002
11975.0	0.240075
11980.0	0.239792
11985.0	0.23950900000000003
11990.0	0.23922600000000002
11995.0	0.23894400000000002
12000.0	0.23866199999999999
12005.0	0.23838
12010.0	0.2381
12015.0	0.237819
12020.0	0.237539
12025.0	0.23725900000000003
12030.0	0.23698000000000002
12035.0	0.236702
12040.0	0.236423
12045.0	0.236146
12050.0	0.235868
12055.0	0.235591
12060.0	0.235315
12065.0	0.235039
12070.0	0.234763
12075.0	0.234488
12080.0	0.23421399999999998
12085.0	0.23393899999999998
12090.0	0.23366599999999998
12095.0	0.23339200000000002
12100.0	0.233119
12105.0	0.23284699999999997
12110.0	0.232575
12115.0	0.23230399999999998
12120.0	0.23203200000000002
12125.0	0.231762
12130.0	0.231492
12135.0	0.23122199999999998
12140.0	0.23095300000000002
12145.0	0.23068400000000003
12150.0	0.230415
12155.0	0.230147
12160.0	0.22988000000000003
12165.0	0.229613
12170.0	0.229346
12175.0	0.22908
12180.0	0.228814
12185.0	0.22854899999999997
12190.0	0.22828400000000001
12195.0	0.22801999999999997
12200.0	0.227756
12205.0	0.227492
12210.0	0.227229
12215.0	0.226967
12220.0	0.22670500000000002
12225.0	0.22644299999999998
12230.0	0.22618200000000002
12235.0	0.225921
12240.0	0.225661
12245.0	0.22540100000000002
12250.0	0.22514099999999998
12255.0	0.22488200000000003
12260.0	0.224623
12265.0	0.224365
12270.0	0.224108
12275.0	0.22385
12280.0	0.223593
12285.0	0.22333699999999998
12290.0	0.223081
12295.0	0.222825
12300.0	0.22257
12305.0	0.22231599999999999
12310.0	0.22206199999999998
12315.0	0.221808
12320.0	0.221554
12325.0	0.22130100000000003
12330.0	0.22104899999999997
12335.0	0.220797
12340.0	0.220545
12345.0	0.22029400000000002
12350.0	0.220043
12355.0	0.219793
12360.0	0.219543
12365.0	0.21929400000000002
12370.0	0.219045
12375.0	0.218796
12380.0	0.218548
12385.0	0.2183
12390.0	0.21805300000000002
12395.0	0.217806
12400.0	0.217559
12405.0	0.217313
12410.0	0.21706799999999998
12415.0	0.216822
12420.0	0.21657800000000002
12425.0	0.216333
12430.0	0.21608899999999998
12435.0	0.215846
12440.0	0.21560300000000002
12445.0	0.21536
12450.0	0.21511799999999998
12455.0	0.214876
12460.0	0.214635
12465.0	0.214394
12470.0	0.214153
12475.0	0.21391300000000002
12480.0	0.213673
12485.0	0.213434
12490.0	0.213195
12495.0	0.212957
12500.0	0.21271900000000002
12505.0	0.212481
12510.0	0.21224400000000002
12515.0	0.21200700000000003
12520.0	0.21176999999999999
12525.0	0.21153400000000003
12530.0	0.211299
12535.0	0.21106399999999997
12540.0	0.210829
12545.0	0.21059499999999998
12550.0	0.21036100000000002
12555.0	0.210127
12560.0	0.209894
12565.0	0.20966100000000001
12570.0	0.209429
12575.0	0.20919699999999997
12580.0	0.20896599999999999
12585.0	0.208735
12590.0	0.208504
12595.0	0.208274
12600.0	0.208044
12605.0	0.207814
12610.0	0.207585
12615.0	0.207357
12620.0	0.207128
12625.0	0.20690100000000003
12630.0	0.206673
12635.0	0.206446
12640.0	0.206219
12645.0	0.20599299999999998
12650.0	0.205767
12655.0	0.205542
12660.0	0.205317
12665.0	0.205092
12670.0	0.204868
12675.0	0.204644
12680.0	0.204421
12685.0	0.204198
12690.0	0.203975
12695.0	0.203753
12700.0	0.203531
12705.0	0.203309
12710.0	0.20308800000000002
12715.0	0.202868
12720.0	0.202647
12725.0	0.202427
12730.0	0.202208
12735.0	0.201989
12740.0	0.20177
12745.0	0.201552
12750.0	0.20133399999999999
12755.0	0.20111600000000002
12760.0	0.200899
12765.0	0.200682
12770.0	0.200466
12775.0	0.20025
12780.0	0.200034
12785.0	0.199819
12790.0	0.199604
12795.0	0.199389
12800.0	0.199175
12805.0	0.198962
12810.0	0.198748
12815.0	0.198535
12820.0	0.198323
12825.0	0.19811099999999998
12830.0	0.197899
12835.0	0.197687
12840.0	0.197476
12845.0	0.197266
12850.0	0.197055
12855.0	0.196846
12860.0	0.19663599999999998
12865.0	0.196427
12870.0	0.196218
12875.0	0.19601
12880.0	0.195802
12885.0	0.19559400000000002
12890.0	0.19538699999999998
12895.0	0.19518
12900.0	0.194973
12905.0	0.194767
12910.0	0.19456099999999998
12915.0	0.194356
12920.0	0.194151
12925.0	0.193946
12930.0	0.193742
12935.0	0.19353800000000002
12940.0	0.19333399999999998
12945.0	0.193131
12950.0	0.192928
12955.0	0.192726
12960.0	0.192524
12965.0	0.192322
12970.0	0.19212100000000001
12975.0	0.19192
12980.0	0.191719
12985.0	0.191519
12990.0	0.19131900000000002
12995.0	0.191119
13000.0	0.19092
13005.0	0.190721
13010.0	0.190523
13015.0	0.190325
13020.0	0.190127
13025.0	0.18993
13030.0	0.18973299999999998
13035.0	0.18953599999999998
13040.0	0.18934
13045.0	0.189144
13050.0	0.188948
13055.0	0.188753
13060.0	0.188558
13065.0	0.188364
13070.0	0.188169
13075.0	0.187976
13080.0	0.187782
13085.0	0.187589
13090.0	0.187396
13095.0	0.187204
13100.0	0.18701199999999998
13105.0	0.18682
13110.0	0.186629
13115.0	0.18643800000000002
13120.0	0.186247
13125.0	0.186057
13130.0	0.185867
13135.0	0.185677
13140.0	0.18548800000000001
13145.0	0.185299
13150.0	0.185111
13155.0	0.184923
13160.0	0.18473499999999998
13165.0	0.18454700000000002
13170.0	0.18436
13175.0	0.184173
13180.0	0.18398699999999998
13185.0	0.183801
13190.0	0.183615
13195.0	0.183429
13200.0	0.18324400000000002
13205.0	0.183059
13210.0	0.182875
13215.0	0.18269100000000002
13220.0	0.182507
13225.0	0.182324
13230.0	0.182141
13235.0	0.18195799999999998
13240.0	0.181776
13245.0	0.181593
13250.0	0.181412
13255.0	0.18123
13260.0	0.181049
13265.0	0.180869
13270.0	0.18068800000000002
13275.0	0.180508
13280.0	0.180328
13285.0	0.180149
13290.0	0.17997
13295.0	0.179791
13300.0	0.17961300000000002
13305.0	0.17943499999999998
13310.0	0.179257
13315.0	0.17908
13320.0	0.178903
13325.0	0.178726
13330.0	0.178549
13335.0	0.178373
13340.0	0.178198
13345.0	0.178022
13350.0	0.177847
13355.0	0.177672
13360.0	0.177498
13365.0	0.177324
13370.0	0.17715
13375.0	0.176976
13380.0	0.176803
13385.0	0.17663
13390.0	0.176458
13395.0	0.176285
13400.0	0.17611400000000002
13405.0	0.17594200000000002
13410.0	0.175771
13415.0	0.1756
13420.0	0.175429
13425.0	0.175259
13430.0	0.17508900000000002
13435.0	0.17491900000000002
13440.0	0.17475
13445.0	0.174581
13450.0	0.17441199999999998
13455.0	0.174244
13460.0	0.174076
13465.0	0.17390799999999998
13470.0	0.17374
13475.0	0.173573
13480.0	0.173406
13485.0	0.17324
13490.0	0.173074
13495.0	0.172908
13500.0	0.172742
13505.0	0.172577
13510.0	0.17241199999999998
13515.0	0.172247
13520.0	0.17208299999999999
13525.0	0.17191900000000002
13530.0	0.171755
13535.0	0.171592
13540.0	0.171428
13545.0	0.171266
13550.0	0.171103
13555.0	0.170941
13560.0	0.170779
13565.0	0.17061700000000002
13570.0	0.170456
13575.0	0.170295
13580.0	0.17013399999999998
13585.0	0.16997400000000001
13590.0	0.16981400000000002
13595.0	0.169654
13600.0	0.169494
13605.0	0.16933499999999999
13610.0	0.169176
13615.0	0.169018
13620.0	0.16885899999999998
13625.0	0.168701
13630.0	0.168544
13635.0	0.16838599999999998
13640.0	0.168229
13645.0	0.168072
13650.0	0.167916
13655.0	0.167759
13660.0	0.167603
13665.0	0.167448
13670.0	0.167292
13675.0	0.16713699999999998
13680.0	0.166982
13685.0	0.166828
13690.0	0.166674
13695.0	0.16652
13700.0	0.166366
13705.0	0.166213
13710.0	0.16605999999999999
13715.0	0.165907
13720.0	0.16575399999999998
13725.0	0.165602
13730.0	0.16545
13735.0	0.165298
13740.0	0.16514700000000002
13745.0	0.164996
13750.0	0.164845
13755.0	0.164695
13760.0	0.164544
13765.0	0.164395
13770.0	0.164245
13775.0	0.164095
13780.0	0.163946
13785.0	0.163798
13790.0	0.163649
13795.0	0.163501
13800.0	0.163353
13805.0	0.163205
13810.0	0.16305799999999998
13815.0	0.16291
13820.0	0.16276300000000002
13825.0	0.162617
13830.0	0.162471
13835.0	0.162324
13840.0	0.162179
13845.0	0.16203299999999998
13850.0	0.161888
13855.0	0.161743
13860.0	0.161598
13865.0	0.161454
13870.0	0.16130999999999998
13875.0	0.161166
13880.0	0.161022
13885.0	0.160879
13890.0	0.160736
13895.0	0.160593
13900.0	0.16045
13905.0	0.160308
13910.0	0.160166
13915.0	0.160024
13920.0	0.159883
13925.0	0.159742
13930.0	0.159601
13935.0	0.15946
13940.0	0.15931900000000002
13945.0	0.159179
13950.0	0.159039
13955.0	0.1589
13960.0	0.15875999999999998
13965.0	0.158621
13970.0	0.15848199999999998
13975.0	0.158344
13980.0	0.15820499999999998
13985.0	0.158067
13990.0	0.15792899999999999
13995.0	0.15779200000000002
14000.0	0.157655
14005.0	0.15751800000000002
14010.0	0.157381
14015.0	0.157244
14020.0	0.157108
14025.0	0.156972
14030.0	0.156836
14035.0	0.1567
14040.0	0.156565
14045.0	0.15642999999999999
14050.0	0.15629500000000002
14055.0	0.156161
14060.0	0.156027
14065.0	0.155893
14070.0	0.15575899999999998
14075.0	0.155625
14080.0	0.15549200000000002
14085.0	0.155359
14090.0	0.155226
14095.0	0.155094
14100.0	0.154961
14105.0	0.154829
14110.0	0.154697
14115.0	0.154566
14120.0	0.154435
14125.0	0.154303
14130.0	0.154173
14135.0	0.154042
14140.0	0.153912
14145.0	0.153782
14150.0	0.153652
14155.0	0.153522
14160.0	0.153393
14165.0	0.153264
14170.0	0.153135
14175.0	0.153006
14180.0	0.152878
14185.0	0.152749
14190.0	0.152621
14195.0	0.15249400000000002
14200.0	0.152366
14205.0	0.152239
14210.0	0.152112
14215.0	0.15198499999999998
14220.0	0.151858
14225.0	0.151732
14230.0	0.151606
14235.0	0.15148
14240.0	0.151355
14245.0	0.151229
14250.0	0.151104
14255.0	0.150979
14260.0	0.150854
14265.0	0.15073
14270.0	0.150606
14275.0	0.150482
14280.0	0.150358
14285.0	0.15023399999999998
14290.0	0.150111
14295.0	0.149988
14300.0	0.149865
14305.0	0.149343
14310.0	0.148253
14315.0	0.147681
14320.0	0.147956
14325.0	0.149086
14330.0	0.15016
14335.0	0.15078699999999998
14340.0	0.150949
14345.0	0.150777
14350.0	0.150419
14355.0	0.15005
14360.0	0.149821
14365.0	0.149729
14370.0	0.149567
14375.0	0.14919000000000002
14380.0	0.148677
14385.0	0.148123
14390.0	0.14754
14395.0	0.146947
14400.0	0.14643299999999998
14405.0	0.146142
14410.0	0.14616600000000002
14415.0	0.146447
14420.0	0.14682
14425.0	0.14713900000000002
14430.0	0.14733800000000002
14435.0	0.147313
14440.0	0.147099
14445.0	0.14668699999999998
14450.0	0.146109
14455.0	0.145476
14460.0	0.145064
14465.0	0.14511300000000002
14470.0	0.145573
14475.0	0.14620999999999998
14480.0	0.146815
14485.0	0.147271
14490.0	0.147499
14495.0	0.147332
14500.0	0.147759
14505.0	0.144611
14510.0	0.141674
14515.0	0.140655
14520.0	0.141448
14525.0	0.143068
14530.0	0.144727
14535.0	0.146003
14540.0	0.146653
14545.0	0.146452
14550.0	0.145178
14555.0	0.14338599999999999
14560.0	0.141774
14565.0	0.140993
14570.0	0.141118
14575.0	0.141842
14580.0	0.142798
14585.0	0.143697
14590.0	0.144321
14595.0	0.144519
14600.0	0.144263
14605.0	0.143718
14610.0	0.14318
14615.0	0.14288599999999999
14620.0	0.14288599999999999
14625.0	0.143062
14630.0	0.143228
14635.0	0.14321099999999998
14640.0	0.142905
14645.0	0.142305
14650.0	0.14153
14655.0	0.140802
14660.0	0.140375
14665.0	0.14046199999999998
14670.0	0.140904
14675.0	0.141518
14680.0	0.142013
14685.0	0.14214100000000002
14690.0	0.14172300000000002
14695.0	0.140673
14700.0	0.139073
14705.0	0.137195
14710.0	0.135687
14715.0	0.135491
14720.0	0.13665
14725.0	0.13858499999999999
14730.0	0.14055499999999999
14735.0	0.142055
14740.0	0.142827
14745.0	0.142774
14750.0	0.141908
14755.0	0.140396
14760.0	0.138638
14765.0	0.137222
14770.0	0.13665
14775.0	0.136915
14780.0	0.137794
14785.0	0.138633
14790.0	0.13903800000000002
14795.0	0.138731
14800.0	0.137692
14805.0	0.13622
14810.0	0.134891
14815.0	0.134265
14820.0	0.13457
14825.0	0.135655
14830.0	0.137158
14835.0	0.138677
14840.0	0.139822
14845.0	0.140106
14850.0	0.139148
14855.0	0.136996
14860.0	0.13411700000000001
14865.0	0.131322
14870.0	0.129432
14875.0	0.128798
14880.0	0.12934
14885.0	0.130698
14890.0	0.132352
14895.0	0.133628
14900.0	0.134385
14905.0	0.134812
14910.0	0.13502
14915.0	0.135406
14920.0	0.135978
14925.0	0.136514
14930.0	0.13684100000000002
14935.0	0.136802
14940.0	0.13634300000000002
14945.0	0.13556300000000002
14950.0	0.134665
14955.0	0.133871
14960.0	0.133347
14965.0	0.133163
14970.0	0.133276
14975.0	0.133554
14980.0	0.133854
14985.0	0.134185
14990.0	0.134305
14995.0	0.134044
15000.0	0.133262
15005.0	0.132418
15010.0	0.12984600000000002
15015.0	0.125809
15020.0	0.12128199999999999
15025.0	0.117376
15030.0	0.11495
15035.0	0.11459000000000001
15040.0	0.116369
15045.0	0.11985699999999999
15050.0	0.12421300000000002
15055.0	0.128392
15060.0	0.13128199999999998
15065.0	0.132319
15070.0	0.132544
15075.0	0.132176
15080.0	0.131537
15085.0	0.13082
15090.0	0.13025899999999999
15095.0	0.130001
15100.0	0.13006099999999998
15105.0	0.130321
15110.0	0.13058599999999998
15115.0	0.130679
15120.0	0.130496
15125.0	0.130051
15130.0	0.129471
15135.0	0.128919
15140.0	0.128591
15145.0	0.128615
15150.0	0.12892
15155.0	0.12937
15160.0	0.129773
15165.0	0.129977
15170.0	0.129927
15175.0	0.129744
15180.0	0.129619
15185.0	0.129699
15190.0	0.130019
15195.0	0.130464
15200.0	0.13080799999999998
15205.0	0.130807
15210.0	0.130302
15215.0	0.129302
15220.0	0.12798800000000002
15225.0	0.126663
15230.0	0.125648
15235.0	0.12517999999999999
15240.0	0.125328
15245.0	0.125977
15250.0	0.12687
15255.0	0.127682
15260.0	0.128191
15265.0	0.1282
15270.0	0.127744
15275.0	0.127077
15280.0	0.126415
15285.0	0.126019
15290.0	0.12604200000000002
15295.0	0.126494
15300.0	0.127229
15305.0	0.128005
15310.0	0.12856199999999998
15315.0	0.12871
15320.0	0.128378
15325.0	0.127633
15330.0	0.126659
15335.0	0.125696
15340.0	0.124972
15345.0	0.12462000000000001
15350.0	0.12463800000000001
15355.0	0.124892
15360.0	0.12517
15365.0	0.125256
15370.0	0.12501500000000002
15375.0	0.12444300000000001
15380.0	0.123679
15385.0	0.12295899999999998
15390.0	0.122503
15395.0	0.12261199999999998
15400.0	0.123147
15405.0	0.124018
15410.0	0.12493800000000001
15415.0	0.125604
15420.0	0.125782
15425.0	0.125392
15430.0	0.124545
15435.0	0.12349700000000001
15440.0	0.12256600000000001
15445.0	0.122022
15450.0	0.12198599999999998
15455.0	0.122398
15460.0	0.123054
15465.0	0.12368699999999999
15470.0	0.12406500000000001
15475.0	0.12406700000000001
15480.0	0.12372000000000001
15485.0	0.123181
15490.0	0.12266300000000001
15495.0	0.12234600000000001
15500.0	0.12229000000000001
15505.0	0.12243499999999999
15510.0	0.12260599999999999
15515.0	0.122619
15520.0	0.1223
15525.0	0.121554
15530.0	0.12057799999999999
15535.0	0.119527
15540.0	0.11865999999999999
15545.0	0.11818
15550.0	0.11817899999999999
15555.0	0.11860799999999999
15560.0	0.119309
15565.0	0.12005899999999999
15570.0	0.120651
15575.0	0.120948
15580.0	0.12091600000000001
15585.0	0.120609
15590.0	0.120145
15595.0	0.11966800000000001
15600.0	0.119295
15605.0	0.119092
15610.0	0.119074
15615.0	0.119217
15620.0	0.11947200000000001
15625.0	0.119777
15630.0	0.120064
15635.0	0.120271
15640.0	0.120343
15645.0	0.120244
15650.0	0.11997100000000001
15655.0	0.119487
15660.0	0.11890099999999999
15665.0	0.118271
15670.0	0.117704
15675.0	0.11729500000000001
15680.0	0.11703
15685.0	0.11671
15690.0	0.11636700000000001
15695.0	0.11623800000000001
15700.0	0.116217
15705.0	0.116226
15710.0	0.116195
15715.0	0.11607200000000001
15720.0	0.11590999999999999
15725.0	0.115701
15730.0	0.11516900000000001
15735.0	0.114396
15740.0	0.11351300000000002
15745.0	0.11334000000000001
15750.0	0.11130999999999999
15755.0	0.113579
15760.0	0.11324000000000001
15765.0	0.10801600000000001
15770.0	0.107118
15775.0	0.11218099999999999
15780.0	0.11559000000000001
15785.0	0.11618599999999998
15790.0	0.115837
15795.0	0.11671400000000001
15800.0	0.116746
15805.0	0.116967
15810.0	0.117157
15815.0	0.11532
15820.0	0.112823
15825.0	0.11336199999999999
15830.0	0.115176
15835.0	0.112622
15840.0	0.11407300000000001
15845.0	0.116618
15850.0	0.116745
15855.0	0.116166
15860.0	0.11563
15865.0	0.114041
15870.0	0.112347
15875.0	0.111705
15880.0	0.10957599999999999
15885.0	0.106001
15890.0	0.102926
15895.0	0.10401099999999999
15900.0	0.107832
15905.0	0.110097
15910.0	0.11157
15915.0	0.112798
15920.0	0.11381
15925.0	0.11448
15930.0	0.11496700000000001
15935.0	0.11499000000000001
15940.0	0.11371700000000001
15945.0	0.112575
15950.0	0.112974
15955.0	0.11125
15960.0	0.108252
15965.0	0.10845999999999999
15970.0	0.110303
15975.0	0.112072
15980.0	0.112072
15985.0	0.112044
15990.0	0.113881
15995.0	0.11316199999999998
16000.0	0.111981
16005.0	0.10943599999999999
16010.0	0.10726
16015.0	0.108446
16020.0	0.10944200000000001
16025.0	0.10890899999999999
16030.0	0.110042
16035.0	0.110572
16040.0	0.108877
16045.0	0.10904000000000001
16050.0	0.111299
16055.0	0.11205699999999999
16060.0	0.110767
16065.0	0.110607
16070.0	0.110921
16075.0	0.108725
16080.0	0.107771
16085.0	0.10797999999999999
16090.0	0.107025
16095.0	0.104975
16100.0	0.104281
16105.0	0.10517699999999999
16110.0	0.10633499999999999
16115.0	0.107156
16120.0	0.10731600000000001
16125.0	0.108129
16130.0	0.10789000000000001
16135.0	0.108326
16140.0	0.10896900000000001
16145.0	0.10939600000000001
16150.0	0.108622
16155.0	0.106617
16160.0	0.10616500000000001
16165.0	0.10507000000000001
16170.0	0.105821
16175.0	0.106708
16180.0	0.1058
16185.0	0.10561199999999998
16190.0	0.10690899999999999
16195.0	0.10641500000000001
16200.0	0.104343
16205.0	0.10473900000000001
16210.0	0.104996
16215.0	0.10437300000000001
16220.0	0.10570299999999999
16225.0	0.10747000000000001
16230.0	0.107439
16235.0	0.107216
16240.0	0.107547
16245.0	0.106697
16250.0	0.107209
16255.0	0.10768699999999999
16260.0	0.10747999999999999
16265.0	0.107384
16270.0	0.10725
16275.0	0.106897
16280.0	0.10664900000000001
16285.0	0.10612100000000001
16290.0	0.105824
16295.0	0.10601600000000001
16300.0	0.105669
16305.0	0.105557
16310.0	0.10523199999999999
16315.0	0.10353699999999999
16320.0	0.10243
16325.0	0.10375
16330.0	0.104245
16335.0	0.10475
16340.0	0.105773
16345.0	0.10615699999999999
16350.0	0.105405
16355.0	0.10476700000000001
16360.0	0.104175
16365.0	0.102498
16370.0	0.101676
16375.0	0.101903
16380.0	0.099616
16385.0	0.098311
16390.0	0.098623
16395.0	0.099114
16400.0	0.09967100000000001
16405.0	0.100232
16410.0	0.100761
16415.0	0.09884
16420.0	0.098964
16425.0	0.099124
16430.0	0.099381
16435.0	0.09976
16440.0	0.100237
16445.0	0.100747
16450.0	0.10119
16455.0	0.101597
16460.0	0.101976
16465.0	0.10219099999999999
16470.0	0.10220800000000001
16475.0	0.10206799999999999
16480.0	0.101851
16485.0	0.101643
16490.0	0.10155700000000001
16495.0	0.101595
16500.0	0.101748
16505.0	0.101966
16510.0	0.102174
16515.0	0.102297
16520.0	0.102285
16525.0	0.102128
16530.0	0.101858
16535.0	0.101537
16540.0	0.101239
16545.0	0.10101900000000001
16550.0	0.100905
16555.0	0.10088899999999999
16560.0	0.100939
16565.0	0.101015
16570.0	0.101083
16575.0	0.10113
16580.0	0.101161
16585.0	0.10119199999999999
16590.0	0.101246
16595.0	0.10133400000000001
16600.0	0.101451
16605.0	0.101561
16610.0	0.101609
16615.0	0.10153
16620.0	0.101272
16625.0	0.100796
16630.0	0.100122
16635.0	0.09928
16640.0	0.098332
16645.0	0.097429
16650.0	0.096665
16655.0	0.09614099999999999
16660.0	0.095919
16665.0	0.096012
16670.0	0.096387
16675.0	0.096974
16680.0	0.097675
16685.0	0.098384
16690.0	0.099001
16695.0	0.09945
16700.0	0.099678
16705.0	0.09966799999999999
16710.0	0.099438
16715.0	0.099024
16720.0	0.098521
16725.0	0.097855
16730.0	0.097107
16735.0	0.096506
16740.0	0.096068
16745.0	0.095762
16750.0	0.095603
16755.0	0.095563
16760.0	0.095586
16765.0	0.095601
16770.0	0.095533
16775.0	0.095322
16780.0	0.094951
16785.0	0.094424
16790.0	0.093762
16795.0	0.093102
16800.0	0.09254
16805.0	0.092181
16810.0	0.092111
16815.0	0.092366
16820.0	0.092923
16825.0	0.09370099999999999
16830.0	0.094576
16835.0	0.09540499999999999
16840.0	0.096052
16845.0	0.09640800000000001
16850.0	0.096537
16855.0	0.096372
16860.0	0.09581100000000001
16865.0	0.095059
16870.0	0.094432
16875.0	0.093999
16880.0	0.093825
16885.0	0.093905
16890.0	0.094175
16895.0	0.094532
16900.0	0.09485700000000001
16905.0	0.095049
16910.0	0.09505599999999999
16915.0	0.09487999999999999
16920.0	0.094576
16925.0	0.094243
16930.0	0.093954
16935.0	0.093855
16940.0	0.09396499999999999
16945.0	0.094229
16950.0	0.0946
16955.0	0.094959
16960.0	0.095187
16965.0	0.095189
16970.0	0.094919
16975.0	0.09439700000000001
16980.0	0.093703
16985.0	0.092956
16990.0	0.092279
16995.0	0.09177300000000001
17000.0	0.09149299999999999
17005.0	0.091436
17010.0	0.091544
17015.0	0.091721
17020.0	0.09186699999999999
17025.0	0.0919
17030.0	0.091784
17035.0	0.091535
17040.0	0.091212
17045.0	0.090902
17050.0	0.09068999999999999
17055.0	0.09063
17060.0	0.090736
17065.0	0.090968
17070.0	0.091252
17075.0	0.091495
17080.0	0.09160800000000001
17085.0	0.09156900000000001
17090.0	0.091348
17095.0	0.090975
17100.0	0.09059
17105.0	0.090262
17110.0	0.090073
17115.0	0.090062
17120.0	0.090211
17125.0	0.09045399999999999
17130.0	0.090696
17135.0	0.090835
17140.0	0.090794
17145.0	0.090545
17150.0	0.090113
17155.0	0.08957799999999999
17160.0	0.089049
17165.0	0.088633
17170.0	0.088404
17175.0	0.088391
17180.0	0.08856499999999999
17185.0	0.08885
17190.0	0.089147
17195.0	0.089358
17200.0	0.089414
17205.0	0.08929400000000001
17210.0	0.089026
17215.0	0.088676
17220.0	0.088327
17225.0	0.08805700000000001
17230.0	0.08791399999999999
17235.0	0.087905
17240.0	0.087992
17245.0	0.088116
17250.0	0.088168
17255.0	0.08808400000000001
17260.0	0.087853
17265.0	0.087463
17270.0	0.086962
17275.0	0.086507
17280.0	0.086467
17285.0	0.086346
17290.0	0.08579500000000001
17295.0	0.08541900000000001
17300.0	0.085138
17305.0	0.08490199999999999
17310.0	0.084647
17315.0	0.08431
17320.0	0.083868
17325.0	0.083338
17330.0	0.082784
17335.0	0.08229299999999999
17340.0	0.081955
17345.0	0.081831
17350.0	0.081934
17355.0	0.082227
17360.0	0.082624
17365.0	0.08301499999999999
17370.0	0.08329600000000001
17375.0	0.0834
17380.0	0.083313
17385.0	0.083083
17390.0	0.082811
17395.0	0.08263200000000001
17400.0	0.08262699999999999
17405.0	0.082971
17410.0	0.08340700000000001
17415.0	0.083442
17420.0	0.084102
17425.0	0.084954
17430.0	0.085565
17435.0	0.085847
17440.0	0.08570599999999999
17445.0	0.085163
17450.0	0.08432200000000001
17455.0	0.083351
17460.0	0.082445
17465.0	0.08177999999999999
17470.0	0.081472
17475.0	0.081553
17480.0	0.081967
17485.0	0.082587
17490.0	0.08325199999999999
17495.0	0.08380499999999999
17500.0	0.084125
17505.0	0.084161
17510.0	0.08392999999999999
17515.0	0.083509
17520.0	0.083008
17525.0	0.082549
17530.0	0.082233
17535.0	0.08212
17540.0	0.082221
17545.0	0.08249400000000001
17550.0	0.082865
17555.0	0.08324
17560.0	0.08353200000000001
17565.0	0.083674
17570.0	0.083656
17575.0	0.083482
17580.0	0.08314400000000001
17585.0	0.082745
17590.0	0.082328
17595.0	0.08192
17600.0	0.08154700000000001
17605.0	0.081213
17610.0	0.080914
17615.0	0.080647
17620.0	0.080417
17625.0	0.080238
17630.0	0.080135
17635.0	0.08013300000000001
17640.0	0.080247
17645.0	0.080471
17650.0	0.080773
17655.0	0.08110099999999999
17660.0	0.08139
17665.0	0.081579
17670.0	0.081627
17675.0	0.081526
17680.0	0.081298
17685.0	0.08099500000000001
17690.0	0.08068600000000001
17695.0	0.080439
17700.0	0.08030599999999999
17705.0	0.080309
17710.0	0.08043600000000001
17715.0	0.080636
17720.0	0.080833
17725.0	0.080945
17730.0	0.080899
17735.0	0.08065599999999999
17740.0	0.080237
17745.0	0.079678
17750.0	0.079059
17755.0	0.07851799999999999
17760.0	0.07814299999999999
17765.0	0.078001
17770.0	0.07811699999999999
17775.0	0.078461
17780.0	0.078948
17785.0	0.07946
17790.0	0.079867
17795.0	0.080055
17800.0	0.079956
17805.0	0.079557
17810.0	0.078904
17815.0	0.078087
17820.0	0.077225
17825.0	0.076439
17830.0	0.07584199999999999
17835.0	0.07552400000000001
17840.0	0.07552400000000001
17845.0	0.07583200000000001
17850.0	0.076389
17855.0	0.07709099999999999
17860.0	0.077822
17865.0	0.078437
17870.0	0.07881200000000001
17875.0	0.078921
17880.0	0.078811
17885.0	0.078543
17890.0	0.078175
17895.0	0.077751
17900.0	0.077309
17905.0	0.076892
17910.0	0.076519
17915.0	0.07624
17920.0	0.076139
17925.0	0.076186
17930.0	0.07637000000000001
17935.0	0.07666
17940.0	0.07698300000000001
17945.0	0.077279
17950.0	0.07750800000000001
17955.0	0.07765
17960.0	0.077696
17965.0	0.077641
17970.0	0.07748200000000001
17975.0	0.07722000000000001
17980.0	0.076863
17985.0	0.076433
17990.0	0.075968
17995.0	0.075494
18000.0	0.075129
18005.0	0.074961
18010.0	0.074909
18015.0	0.07497100000000001
18020.0	0.07512
18025.0	0.075296
18030.0	0.075442
18035.0	0.075511
18040.0	0.075476
18045.0	0.075331
18050.0	0.07509600000000001
18055.0	0.074812
18060.0	0.074533
18065.0	0.074318
18070.0	0.07421
18075.0	0.074226
18080.0	0.074347
18085.0	0.074539
18090.0	0.074735
18095.0	0.074853
18100.0	0.074863
18105.0	0.07472999999999999
18110.0	0.074439
18115.0	0.074014
18120.0	0.073514
18125.0	0.073032
18130.0	0.072673
18135.0	0.072529
18140.0	0.07263700000000001
18145.0	0.072965
18150.0	0.073426
18155.0	0.07391
18160.0	0.074311
18165.0	0.074546
18170.0	0.074554
18175.0	0.074298
18180.0	0.073763
18185.0	0.072973
18190.0	0.072013
18195.0	0.071049
18200.0	0.070309
18205.0	0.070007
18210.0	0.070221
18215.0	0.07086
18220.0	0.071714
18225.0	0.07256699999999999
18230.0	0.073265
18235.0	0.073725
18240.0	0.073914
18245.0	0.07382899999999999
18250.0	0.07347999999999999
18255.0	0.0729
18260.0	0.072142
18265.0	0.071272
18270.0	0.070466
18275.0	0.069904
18280.0	0.06966599999999999
18285.0	0.06981799999999999
18290.0	0.07029500000000001
18295.0	0.070935
18300.0	0.071565
18305.0	0.07205299999999999
18310.0	0.072322
18315.0	0.072349
18320.0	0.072145
18325.0	0.071751
18330.0	0.071232
18335.0	0.070675
18340.0	0.070181
18345.0	0.06984800000000001
18350.0	0.069735
18355.0	0.069846
18360.0	0.070111
18365.0	0.07041
18370.0	0.070607
18375.0	0.07057999999999999
18380.0	0.070253
18385.0	0.06962
18390.0	0.068773
18395.0	0.067906
18400.0	0.067276
18405.0	0.067085
18410.0	0.067389
18415.0	0.068082
18420.0	0.068961
18425.0	0.06984
18430.0	0.070583
18435.0	0.07111
18440.0	0.071363
18445.0	0.071366
18450.0	0.071082
18455.0	0.070363
18460.0	0.069311
18465.0	0.067998
18470.0	0.066514
18475.0	0.06517200000000001
18480.0	0.064385
18485.0	0.06442300000000001
18490.0	0.06526900000000001
18495.0	0.06656000000000001
18500.0	0.06789400000000001
18505.0	0.068987
18510.0	0.06972300000000001
18515.0	0.070092
18520.0	0.070119
18525.0	0.069851
18530.0	0.069338
18535.0	0.068649
18540.0	0.067875
18545.0	0.067136
18550.0	0.06657
18555.0	0.066285
18560.0	0.066322
18565.0	0.06662799999999999
18570.0	0.06707300000000001
18575.0	0.06750700000000001
18580.0	0.067802
18585.0	0.067879
18590.0	0.067721
18595.0	0.067359
18600.0	0.066872
18605.0	0.06637799999999999
18610.0	0.066
18615.0	0.065837
18620.0	0.065932
18625.0	0.06625199999999999
18630.0	0.066728
18635.0	0.067264
18640.0	0.067742
18645.0	0.068108
18650.0	0.068316
18655.0	0.068316
18660.0	0.068076
18665.0	0.06756799999999999
18670.0	0.06676699999999999
18675.0	0.06566799999999999
18680.0	0.064325
18685.0	0.062907
18690.0	0.061725999999999996
18695.0	0.061209000000000006
18700.0	0.061621
18705.0	0.06289299999999999
18710.0	0.064569
18715.0	0.066124
18720.0	0.06717999999999999
18725.0	0.06756000000000001
18730.0	0.06722
18735.0	0.0662
18740.0	0.064651
18745.0	0.062899
18750.0	0.061449000000000004
18755.0	0.060738
18760.0	0.060945000000000006
18765.0	0.061853
18770.0	0.0631
18775.0	0.064347
18780.0	0.0654
18785.0	0.066174
18790.0	0.066647
18795.0	0.066819
18800.0	0.066699
18805.0	0.066291
18810.0	0.06561399999999999
18815.0	0.064719
18820.0	0.06365599999999999
18825.0	0.0626
18830.0	0.061863999999999995
18835.0	0.061562
18840.0	0.061737
18845.0	0.062360000000000006
18850.0	0.06321900000000001
18855.0	0.064105
18860.0	0.06485700000000001
18865.0	0.06538300000000001
18870.0	0.065639
18875.0	0.065606
18880.0	0.065275
18885.0	0.064649
18890.0	0.063751
18895.0	0.062651
18900.0	0.061502
18905.0	0.060545
18910.0	0.060033
18915.0	0.060127
18920.0	0.060766999999999995
18925.0	0.061741
18930.0	0.062774
18935.0	0.063669
18940.0	0.064318
18945.0	0.06468
18950.0	0.06475299999999999
18955.0	0.064546
18960.0	0.064075
18965.0	0.06336599999999999
18970.0	0.062471000000000006
18975.0	0.061486
18980.0	0.060565
18985.0	0.059910000000000005
18990.0	0.059689
18995.0	0.05997
19000.0	0.060652
19005.0	0.061517999999999996
19010.0	0.062341999999999995
19015.0	0.063015
19020.0	0.063342
19025.0	0.063215
19030.0	0.062788
19035.0	0.062091999999999994
19040.0	0.061186000000000004
19045.0	0.060252999999999994
19050.0	0.059511
19055.0	0.059145
19060.0	0.059252
19065.0	0.059766
19070.0	0.060529999999999994
19075.0	0.061352
19080.0	0.062082000000000005
19085.0	0.062623
19090.0	0.062925
19095.0	0.062961
19100.0	0.062718
19105.0	0.062192
19110.0	0.061392999999999996
19115.0	0.060372
19120.0	0.059247
19125.0	0.05822000000000001
19130.0	0.05754600000000001
19135.0	0.057405
19140.0	0.057826999999999996
19145.0	0.058641
19150.0	0.059612
19155.0	0.060517999999999995
19160.0	0.061225
19165.0	0.061672000000000005
19170.0	0.06184
19175.0	0.061735000000000005
19180.0	0.06136900000000001
19185.0	0.060767999999999996
19190.0	0.05998200000000001
19195.0	0.059096
19200.0	0.058246000000000006
19205.0	0.057614
19210.0	0.057288
19215.0	0.05733200000000001
19220.0	0.057825
19225.0	0.058540999999999996
19230.0	0.059235
19235.0	0.059841
19240.0	0.060285000000000005
19245.0	0.060517999999999995
19250.0	0.060534000000000004
19255.0	0.060341
19260.0	0.059954999999999994
19265.0	0.059411
19270.0	0.058763
19275.0	0.058091
19280.0	0.057497
19285.0	0.057089
19290.0	0.056936
19295.0	0.057055999999999996
19300.0	0.057388999999999996
19305.0	0.057839
19310.0	0.058299000000000004
19315.0	0.05869
19320.0	0.058960000000000005
19325.0	0.059088999999999996
19330.0	0.059077
19335.0	0.058937
19340.0	0.058694
19345.0	0.058380999999999995
19350.0	0.058034
19355.0	0.057698
19360.0	0.057412
19365.0	0.057211
19370.0	0.057113
19375.0	0.057114
19380.0	0.057191
19385.0	0.057312
19390.0	0.057437
19395.0	0.05753200000000001
19400.0	0.057574
19405.0	0.057549
19410.0	0.057461
19415.0	0.057324
19420.0	0.05714400000000001
19425.0	0.056946000000000004
19430.0	0.056764
19435.0	0.056615
19440.0	0.056510000000000005
19445.0	0.05645700000000001
19450.0	0.05645
19455.0	0.056477
19460.0	0.056522
19465.0	0.05656900000000001
19470.0	0.056606
19475.0	0.056623
19480.0	0.056617999999999995
19485.0	0.056593
19490.0	0.056552
19495.0	0.056499
19500.0	0.05644
19505.0	0.056375
19510.0	0.056303
19515.0	0.056220000000000006
19520.0	0.056117999999999994
19525.0	0.055986
19530.0	0.05581799999999999
19535.0	0.055608000000000005
19540.0	0.055359000000000005
19545.0	0.055086
19550.0	0.054814999999999996
19555.0	0.05458
19560.0	0.054417999999999994
19565.0	0.054355999999999995
19570.0	0.054404999999999995
19575.0	0.054553
19580.0	0.054770000000000006
19585.0	0.055018
19590.0	0.055258
19595.0	0.05545599999999999
19600.0	0.055587
19605.0	0.055637
19610.0	0.055596000000000007
19615.0	0.055467999999999996
19620.0	0.055271
19625.0	0.055002999999999996
19630.0	0.054684
19635.0	0.054367
19640.0	0.054085
19645.0	0.053867
19650.0	0.053737
19655.0	0.053706
19660.0	0.053762
19665.0	0.053878999999999996
19670.0	0.054023
19675.0	0.054158000000000005
19680.0	0.05425599999999999
19685.0	0.054297000000000005
19690.0	0.054270000000000006
19695.0	0.054176999999999996
19700.0	0.054028999999999994
19705.0	0.053841999999999994
19710.0	0.05364
19715.0	0.053449
19720.0	0.053292
19725.0	0.053186000000000004
19730.0	0.053140999999999994
19735.0	0.053152
19740.0	0.053205999999999996
19745.0	0.053284000000000005
19750.0	0.053364
19755.0	0.053424
19760.0	0.053449
19765.0	0.053427999999999996
19770.0	0.053358
19775.0	0.05324299999999999
19780.0	0.05309199999999999
19785.0	0.05292
19790.0	0.052748
19795.0	0.05259199999999999
19800.0	0.052472000000000005
19805.0	0.052398
19810.0	0.052373
19815.0	0.052391999999999994
19820.0	0.052441999999999996
19825.0	0.052508000000000006
19830.0	0.052576
19835.0	0.05262000000000001
19840.0	0.052622
19845.0	0.052589
19850.0	0.052516999999999994
19855.0	0.052405999999999994
19860.0	0.052266999999999994
19865.0	0.052112
19870.0	0.051958000000000004
19875.0	0.051819000000000004
19880.0	0.051708000000000004
19885.0	0.051635
19890.0	0.051601999999999995
19895.0	0.051605
19900.0	0.051634000000000006
19905.0	0.051677
19910.0	0.05172
19915.0	0.051753
19920.0	0.051766999999999994
19925.0	0.051758000000000005
19930.0	0.051726
19935.0	0.051675
19940.0	0.051611000000000004
19945.0	0.051542
19950.0	0.051476
19955.0	0.051419000000000006
19960.0	0.051375
19965.0	0.051345
19970.0	0.051324
19975.0	0.051303999999999995
19980.0	0.051275
19985.0	0.051221
19990.0	0.051127
19995.0	0.050976
20000.0	0.050755
20005.0	0.050456
20010.0	0.05008
20015.0	0.049648000000000005
20020.0	0.049198
20025.0	0.048798
20030.0	0.04852
20035.0	0.048422
20040.0	0.048539
20045.0	0.048851
20050.0	0.049185
20055.0	0.049638999999999996
20060.0	0.050646
20065.0	0.051807000000000006
20070.0	0.052568
20075.0	0.053038
20080.0	0.053304
20085.0	0.053357
20090.0	0.053229
20095.0	0.052961
20100.0	0.052583000000000005
20105.0	0.052132000000000005
20110.0	0.051649
20115.0	0.051181
20120.0	0.050771
20125.0	0.050459
20130.0	0.050267
20135.0	0.050197000000000006
20140.0	0.050227
20145.0	0.050316
20150.0	0.050417000000000003
20155.0	0.050489
20160.0	0.050506
20165.0	0.050456
20170.0	0.050343
20175.0	0.050184
20180.0	0.050004
20185.0	0.049831
20190.0	0.049697000000000005
20195.0	0.049623
20200.0	0.049628
20205.0	0.049717000000000004
20210.0	0.049883
20215.0	0.050108
20220.0	0.050368
20225.0	0.050631
20230.0	0.050869
20235.0	0.051056
20240.0	0.051174000000000004
20245.0	0.051211
20250.0	0.051160000000000004
20255.0	0.051021
20260.0	0.050808
20265.0	0.050537
20270.0	0.050213
20275.0	0.049858
20280.0	0.049512
20285.0	0.049197000000000005
20290.0	0.048931
20295.0	0.048734
20300.0	0.048617
20305.0	0.048582
20310.0	0.048624
20315.0	0.04873
20320.0	0.048882
20325.0	0.049059
20330.0	0.04924
20335.0	0.049402999999999996
20340.0	0.049529000000000004
20345.0	0.049605
20350.0	0.049618999999999996
20355.0	0.049568
20360.0	0.049454000000000005
20365.0	0.049283999999999994
20370.0	0.049075
20375.0	0.048843
20380.0	0.048611
20385.0	0.048398000000000004
20390.0	0.048223
20395.0	0.0481
20400.0	0.048034
20405.0	0.048027
20410.0	0.048073000000000005
20415.0	0.048163
20420.0	0.048282
20425.0	0.048414
20430.0	0.048541
20435.0	0.048648000000000004
20440.0	0.048721
20445.0	0.04875
20450.0	0.048733
20455.0	0.048668
20460.0	0.048563999999999996
20465.0	0.048429
20470.0	0.048274
20475.0	0.048114
20480.0	0.047958
20485.0	0.047812
20490.0	0.047681
20495.0	0.047577999999999995
20500.0	0.047498
20505.0	0.04743
20510.0	0.047368
20515.0	0.047307
20520.0	0.047236
20525.0	0.04715
20530.0	0.047043
20535.0	0.046919
20540.0	0.046786
20545.0	0.046656
20550.0	0.046547000000000005
20555.0	0.046474
20560.0	0.046448
20565.0	0.046474
20570.0	0.046551
20575.0	0.046673
20580.0	0.046827999999999995
20585.0	0.047
20590.0	0.047173
20595.0	0.047327999999999995
20600.0	0.047449
20605.0	0.047517000000000004
20610.0	0.047517000000000004
20615.0	0.047438
20620.0	0.047274000000000004
20625.0	0.047026
20630.0	0.046702
20635.0	0.046322
20640.0	0.04591
20645.0	0.045498000000000004
20650.0	0.045118
20655.0	0.044799
20660.0	0.044565
20665.0	0.044429
20670.0	0.044394
20675.0	0.044455
20680.0	0.044594999999999996
20685.0	0.044797000000000003
20690.0	0.045036
20695.0	0.045288
20700.0	0.045531999999999996
20705.0	0.045744
20710.0	0.04591
20715.0	0.04603
20720.0	0.046093
20725.0	0.046077999999999994
20730.0	0.046005000000000004
20735.0	0.045904
20740.0	0.045781999999999996
20745.0	0.045648
20750.0	0.045518
20755.0	0.045404
20760.0	0.045312
20765.0	0.045247
20770.0	0.045208
20775.0	0.045192
20780.0	0.045195
20785.0	0.04521
20790.0	0.04523
20795.0	0.045251
20800.0	0.045263
20805.0	0.045263
20810.0	0.045259
20815.0	0.04523
20820.0	0.045134
20825.0	0.044985000000000004
20830.0	0.044823
20835.0	0.044707
20840.0	0.044650999999999996
20845.0	0.044599
20850.0	0.044534
20855.0	0.044475
20860.0	0.044424
20865.0	0.04438
20870.0	0.044344
20875.0	0.044315
20880.0	0.044294
20885.0	0.044278
20890.0	0.044266
20895.0	0.044256000000000004
20900.0	0.044244
20905.0	0.044227999999999996
20910.0	0.044204
20915.0	0.044170999999999995
20920.0	0.044124000000000003
20925.0	0.044063
20930.0	0.043987
20935.0	0.043897000000000005
20940.0	0.043795
20945.0	0.043685
20950.0	0.043571
20955.0	0.043460000000000006
20960.0	0.043364
20965.0	0.043283999999999996
20970.0	0.043222000000000003
20975.0	0.043184
20980.0	0.043172
20985.0	0.043184
20990.0	0.043216000000000004
20995.0	0.043265
21000.0	0.043322
21005.0	0.043379
21010.0	0.043427999999999994
21015.0	0.043459
21020.0	0.043461
21025.0	0.043423
21030.0	0.043334
21035.0	0.043204
21040.0	0.043048
21045.0	0.042869
21050.0	0.042674000000000004
21055.0	0.042483
21060.0	0.042319999999999997
21065.0	0.042206
21070.0	0.042145999999999996
21075.0	0.042131
21080.0	0.042162
21085.0	0.042238
21090.0	0.042349
21095.0	0.042480000000000004
21100.0	0.042616
21105.0	0.042739
21110.0	0.042831
21115.0	0.042877
21120.0	0.042868
21125.0	0.042798
21130.0	0.042672
21135.0	0.042497
21140.0	0.042289999999999994
21145.0	0.042069
21150.0	0.041855
21155.0	0.041669
21160.0	0.041527999999999995
21165.0	0.041446
21170.0	0.04143
21175.0	0.041479
21180.0	0.041588
21185.0	0.041742
21190.0	0.041928
21195.0	0.042119
21200.0	0.042286000000000004
21205.0	0.042412
21210.0	0.042485
21215.0	0.042492
21220.0	0.042427
21225.0	0.042293
21230.0	0.042104
21235.0	0.041877
21240.0	0.041632999999999996
21245.0	0.041395999999999995
21250.0	0.041187
21255.0	0.041025
21260.0	0.040922
21265.0	0.040886
21270.0	0.040914
21275.0	0.041
21280.0	0.04113
21285.0	0.041283999999999994
21290.0	0.041443
21295.0	0.041583999999999996
21300.0	0.041688
21305.0	0.041742
21310.0	0.041733
21315.0	0.041661000000000004
21320.0	0.041530000000000004
21325.0	0.04135
21330.0	0.041137
21335.0	0.040912000000000004
21340.0	0.040695999999999996
21345.0	0.040507999999999995
21350.0	0.040365
21355.0	0.040279
21360.0	0.040257
21365.0	0.040298
21370.0	0.040395
21375.0	0.040535
21380.0	0.040702999999999996
21385.0	0.040879
21390.0	0.041043
21395.0	0.041179
21400.0	0.041270999999999995
21405.0	0.041308
21410.0	0.041285
21415.0	0.041201
21420.0	0.041063
21425.0	0.04088
21430.0	0.040667
21435.0	0.040434
21440.0	0.040204000000000004
21445.0	0.039998
21450.0	0.039826
21455.0	0.039692000000000005
21460.0	0.039604
21465.0	0.039564999999999996
21470.0	0.039574
21475.0	0.039620999999999996
21480.0	0.039697
21485.0	0.039788
21490.0	0.039885000000000004
21495.0	0.039979
21500.0	0.040060000000000005
21505.0	0.040121
21510.0	0.040158
21515.0	0.040168999999999996
21520.0	0.040152999999999994
21525.0	0.040113
21530.0	0.040050999999999996
21535.0	0.039972
21540.0	0.039881
21545.0	0.039787
21550.0	0.039693
21555.0	0.039604
21560.0	0.039528
21565.0	0.039472
21570.0	0.039414
21575.0	0.039341
21580.0	0.039343
21585.0	0.039481999999999996
21590.0	0.039639999999999995
21595.0	0.039694
21600.0	0.039603
21605.0	0.039376999999999995
21610.0	0.039083
21615.0	0.038751
21620.0	0.038367
21625.0	0.037938
21630.0	0.037494
21635.0	0.037058
21640.0	0.036655
21645.0	0.036307
21650.0	0.036032
21655.0	0.035844
21660.0	0.035752
21665.0	0.035762999999999996
21670.0	0.035872
21675.0	0.036063
21680.0	0.036323
21685.0	0.036657
21690.0	0.037032999999999996
21695.0	0.03739
21700.0	0.037694
21705.0	0.037942000000000004
21710.0	0.03815
21715.0	0.038347000000000006
21720.0	0.038528
21725.0	0.038676999999999996
21730.0	0.038784
21735.0	0.038844
21740.0	0.038851
21745.0	0.038805
21750.0	0.038707
21755.0	0.038566
21760.0	0.038392
21765.0	0.038197
21770.0	0.037995
21775.0	0.037799
21780.0	0.037622
21785.0	0.037473
21790.0	0.037362
21795.0	0.037291000000000005
21800.0	0.037261
21805.0	0.037269
21810.0	0.037308999999999995
21815.0	0.037374
21820.0	0.037453
21825.0	0.037537
21830.0	0.037617000000000005
21835.0	0.037685
21840.0	0.037732
21845.0	0.037756
21850.0	0.037752999999999995
21855.0	0.037723
21860.0	0.037669
21865.0	0.037599
21870.0	0.037519
21875.0	0.037436000000000004
21880.0	0.037355
21885.0	0.037286
21890.0	0.037231
21895.0	0.037196
21900.0	0.037183
21905.0	0.037191
21910.0	0.037218
21915.0	0.037259
21920.0	0.037308999999999995
21925.0	0.037364
21930.0	0.037413
21935.0	0.037448
21940.0	0.037492000000000004
21945.0	0.037548000000000005
21950.0	0.037555
21955.0	0.037471
21960.0	0.037334
21965.0	0.037177999999999996
21970.0	0.037005
21975.0	0.036816
21980.0	0.036619
21985.0	0.036420999999999995
21990.0	0.036226
21995.0	0.036039999999999996
22000.0	0.035868000000000004
22005.0	0.035715
22010.0	0.035586
22015.0	0.035483
22020.0	0.035408999999999996
22025.0	0.035365
22030.0	0.035352999999999996
22035.0	0.035367
22040.0	0.035398
22045.0	0.035463999999999996
22050.0	0.03559
22055.0	0.035766
22060.0	0.035965
22065.0	0.036131
22070.0	0.036213
22075.0	0.036238
22080.0	0.036245
22085.0	0.036226999999999995
22090.0	0.036173000000000004
22095.0	0.036085
22100.0	0.03597
22105.0	0.035835000000000006
22110.0	0.035689
22115.0	0.035539999999999995
22120.0	0.035401
22125.0	0.03528
22130.0	0.035187
22135.0	0.035129
22140.0	0.035111
22145.0	0.035134
22150.0	0.035198
22155.0	0.035298
22160.0	0.035427
22165.0	0.035574
22170.0	0.035727999999999996
22175.0	0.035875
22180.0	0.036001
22185.0	0.036091000000000005
22190.0	0.036137999999999997
22195.0	0.036144
22200.0	0.036101999999999995
22205.0	0.035994
22210.0	0.035828
22215.0	0.035632
22220.0	0.035424000000000004
22225.0	0.035209
22230.0	0.034999
22235.0	0.03481
22240.0	0.034655
22245.0	0.034539999999999994
22250.0	0.034472
22255.0	0.03445
22260.0	0.034470999999999995
22265.0	0.03453
22270.0	0.034616
22275.0	0.034717000000000005
22280.0	0.03482
22285.0	0.034913
22290.0	0.034983
22295.0	0.035021
22300.0	0.035019999999999996
22305.0	0.034977999999999995
22310.0	0.034898
22315.0	0.034785
22320.0	0.034649
22325.0	0.034501
22330.0	0.034352999999999995
22335.0	0.034216
22340.0	0.034101
22345.0	0.034013999999999996
22350.0	0.033960000000000004
22355.0	0.033939
22360.0	0.033949
22365.0	0.033983
22370.0	0.034033
22375.0	0.034089999999999995
22380.0	0.034141000000000005
22385.0	0.034178
22390.0	0.03419
22395.0	0.03417
22400.0	0.034116
22405.0	0.034026
22410.0	0.033906
22415.0	0.033763
22420.0	0.033607
22425.0	0.033451999999999996
22430.0	0.033309
22435.0	0.033191000000000005
22440.0	0.033108
22445.0	0.033068
22450.0	0.033074
22455.0	0.033125999999999996
22460.0	0.03322
22465.0	0.033348
22470.0	0.0335
22475.0	0.033666
22480.0	0.033832999999999995
22485.0	0.033985
22490.0	0.034107
22495.0	0.034189
22500.0	0.034224
22505.0	0.034206
22510.0	0.034135000000000006
22515.0	0.034013999999999996
22520.0	0.03385
22525.0	0.033655000000000004
22530.0	0.033441000000000005
22535.0	0.033223
22540.0	0.033013
22545.0	0.032823000000000005
22550.0	0.032663
22555.0	0.032538
22560.0	0.032451
22565.0	0.032401
22570.0	0.032386
22575.0	0.032398
22580.0	0.032432
22585.0	0.032478
22590.0	0.03253
22595.0	0.03258
22600.0	0.032622000000000005
22605.0	0.032652
22610.0	0.032668
22615.0	0.032671
22620.0	0.032662000000000004
22625.0	0.032645
22630.0	0.032626
22635.0	0.03261
22640.0	0.032602
22645.0	0.032607
22650.0	0.032628
22655.0	0.032666
22660.0	0.03272
22665.0	0.032787000000000004
22670.0	0.032861
22675.0	0.032938
22680.0	0.033010000000000005
22685.0	0.033070999999999996
22690.0	0.033114
22695.0	0.033134
22700.0	0.033127
22705.0	0.033092
22710.0	0.033029
22715.0	0.032941000000000005
22720.0	0.032831
22725.0	0.032706
22730.0	0.032575
22735.0	0.032442
22740.0	0.032310000000000005
22745.0	0.032186
22750.0	0.032080000000000004
22755.0	0.031997000000000005
22760.0	0.031932
22765.0	0.031881
22770.0	0.031845
22775.0	0.031824
22780.0	0.031811
22785.0	0.031803
22790.0	0.031796
22795.0	0.031788
22800.0	0.031776
22805.0	0.031760000000000004
22810.0	0.031738999999999996
22815.0	0.031714
22820.0	0.031687
22825.0	0.031658
22830.0	0.03163
22835.0	0.031605
22840.0	0.031584
22845.0	0.031568
22850.0	0.031559
22855.0	0.031553
22860.0	0.031550999999999996
22865.0	0.03155
22870.0	0.031547000000000006
22875.0	0.031538
22880.0	0.031522
22885.0	0.031495
22890.0	0.031457
22895.0	0.031407
22900.0	0.031344
22905.0	0.031272
22910.0	0.031194
22915.0	0.031113
22920.0	0.031034
22925.0	0.030962
22930.0	0.030902999999999996
22935.0	0.030860000000000002
22940.0	0.030837
22945.0	0.030835
22950.0	0.030854000000000003
22955.0	0.030889999999999997
22960.0	0.030942
22965.0	0.031002999999999996
22970.0	0.031066000000000003
22975.0	0.031125999999999997
22980.0	0.031175
22985.0	0.031208
22990.0	0.031219999999999998
22995.0	0.031208
23000.0	0.03117
23005.0	0.031107999999999997
23010.0	0.031025999999999998
23015.0	0.030927
23020.0	0.030817
23025.0	0.030701
23030.0	0.030592
23035.0	0.030501999999999998
23040.0	0.030437
23045.0	0.030397000000000004
23050.0	0.030385000000000002
23055.0	0.030404
23060.0	0.030452999999999997
23065.0	0.030529
23070.0	0.030622000000000003
23075.0	0.030726999999999997
23080.0	0.030832
23085.0	0.030930000000000003
23090.0	0.031011
23095.0	0.031068000000000002
23100.0	0.031093
23105.0	0.031083999999999997
23110.0	0.031038
23115.0	0.030954000000000002
23120.0	0.030835
23125.0	0.030686
23130.0	0.030512
23135.0	0.030320999999999997
23140.0	0.030124
23145.0	0.029927999999999996
23150.0	0.029745999999999998
23155.0	0.029586
23160.0	0.029456
23165.0	0.029363
23170.0	0.029307999999999997
23175.0	0.029294999999999998
23180.0	0.029319
23185.0	0.029375
23190.0	0.029457
23195.0	0.029555
23200.0	0.029661
23205.0	0.029764999999999996
23210.0	0.02986
23215.0	0.029938
23220.0	0.029997000000000003
23225.0	0.030032999999999997
23230.0	0.030045
23235.0	0.030036
23240.0	0.030007
23245.0	0.029963999999999998
23250.0	0.029908999999999998
23255.0	0.029848000000000003
23260.0	0.029786
23265.0	0.029726
23270.0	0.029672000000000004
23275.0	0.029626
23280.0	0.029588999999999997
23285.0	0.029561
23290.0	0.029541
23295.0	0.029526999999999998
23300.0	0.029514999999999996
23305.0	0.029505
23310.0	0.029493000000000002
23315.0	0.029479
23320.0	0.029457999999999998
23325.0	0.029429000000000004
23330.0	0.029393
23335.0	0.029352
23340.0	0.029307999999999997
23345.0	0.029263
23350.0	0.029219
23355.0	0.029177999999999996
23360.0	0.029144
23365.0	0.029117
23370.0	0.029099
23375.0	0.029089
23380.0	0.029087000000000002
23385.0	0.029089
23390.0	0.029095
23395.0	0.029099
23400.0	0.029099
23405.0	0.029089999999999998
23410.0	0.02907
23415.0	0.029037
23420.0	0.02899
23425.0	0.028928
23430.0	0.028852999999999997
23435.0	0.028768000000000002
23440.0	0.028675
23445.0	0.02858
23450.0	0.028488
23455.0	0.028402999999999998
23460.0	0.028331
23465.0	0.028275
23470.0	0.028238
23475.0	0.028221
23480.0	0.028225
23485.0	0.028248000000000002
23490.0	0.028285
23495.0	0.028331
23500.0	0.028381
23505.0	0.028426999999999997
23510.0	0.028462
23515.0	0.028480000000000002
23520.0	0.028477
23525.0	0.028449000000000002
23530.0	0.028394
23535.0	0.028312999999999998
23540.0	0.028210000000000002
23545.0	0.028089999999999997
23550.0	0.027958999999999998
23555.0	0.027826999999999998
23560.0	0.027701
23565.0	0.027592000000000002
23570.0	0.027506
23575.0	0.027451999999999997
23580.0	0.027433
23585.0	0.027451999999999997
23590.0	0.027510000000000003
23595.0	0.027601
23600.0	0.027722000000000004
23605.0	0.027864
23610.0	0.028023000000000003
23615.0	0.028186000000000003
23620.0	0.028336
23625.0	0.028463
23630.0	0.028562
23635.0	0.028629
23640.0	0.028657
23645.0	0.028638999999999998
23650.0	0.028574000000000002
23655.0	0.028464999999999997
23660.0	0.028314
23665.0	0.028130000000000002
23670.0	0.027919
23675.0	0.027694999999999997
23680.0	0.027468
23685.0	0.027252999999999996
23690.0	0.027063
23695.0	0.026910000000000003
23700.0	0.026802999999999997
23705.0	0.026751
23710.0	0.026756
23715.0	0.026818
23720.0	0.026931
23725.0	0.027086000000000002
23730.0	0.027270999999999997
23735.0	0.027473
23740.0	0.027676
23745.0	0.027868
23750.0	0.028037
23755.0	0.028172000000000003
23760.0	0.028266000000000003
23765.0	0.028317000000000002
23770.0	0.028323
23775.0	0.028285
23780.0	0.028207
23785.0	0.028096
23790.0	0.027958999999999998
23795.0	0.027804000000000002
23800.0	0.027641000000000002
23805.0	0.027476999999999998
23810.0	0.027323000000000004
23815.0	0.027187
23820.0	0.027074
23825.0	0.026991
23830.0	0.02694
23835.0	0.02692
23840.0	0.026931
23845.0	0.026966000000000004
23850.0	0.02702
23855.0	0.027083
23860.0	0.027145999999999997
23865.0	0.027201999999999997
23870.0	0.027241
23875.0	0.027257999999999998
23880.0	0.027247000000000004
23885.0	0.027208
23890.0	0.027141000000000002
23895.0	0.027047
23900.0	0.026931999999999998
23905.0	0.026801
23910.0	0.026660000000000003
23915.0	0.026513
23920.0	0.026368
23925.0	0.026241000000000004
23930.0	0.026137
23935.0	0.026057999999999998
23940.0	0.026004000000000003
23945.0	0.025979000000000002
23950.0	0.025987
23955.0	0.026027999999999996
23960.0	0.026099
23965.0	0.026195
23970.0	0.026311
23975.0	0.026438999999999997
23980.0	0.026573000000000003
23985.0	0.026704000000000002
23990.0	0.026825
23995.0	0.026929
24000.0	0.027009
24005.0	0.027063
24010.0	0.027087
24015.0	0.027081
24020.0	0.027045
24025.0	0.026983
24030.0	0.026898000000000002
24035.0	0.026794
24040.0	0.026677
24045.0	0.026552
24050.0	0.026425999999999998
24055.0	0.026302999999999997
24060.0	0.026188999999999997
24065.0	0.026088
24070.0	0.026004000000000003
24075.0	0.025939
24080.0	0.025894999999999998
24085.0	0.025869999999999997
24090.0	0.025866000000000004
24095.0	0.025877999999999998
24100.0	0.025904000000000003
24105.0	0.025941000000000002
24110.0	0.025983999999999997
24115.0	0.02603
24120.0	0.026075
24125.0	0.026114
24130.0	0.026144
24135.0	0.026163
24140.0	0.026169
24145.0	0.026160000000000003
24150.0	0.026133999999999998
24155.0	0.026093
24160.0	0.026037
24165.0	0.025967
24170.0	0.025887
24175.0	0.025799000000000002
24180.0	0.025707
24185.0	0.025617
24190.0	0.025531
24195.0	0.025456
24200.0	0.025394
24205.0	0.02535
24210.0	0.025325999999999998
24215.0	0.025322
24220.0	0.02534
24225.0	0.025375
24230.0	0.025426
24235.0	0.025491999999999997
24240.0	0.025572
24245.0	0.025662
24250.0	0.025755
24255.0	0.025844
24260.0	0.025929
24265.0	0.026005
24270.0	0.02607
24275.0	0.026119999999999997
24280.0	0.026151
24285.0	0.026161
24290.0	0.026148
24295.0	0.02611
24300.0	0.026045
24305.0	0.025954
24310.0	0.025837
24315.0	0.025695999999999997
24320.0	0.025535
24325.0	0.025359
24330.0	0.025174000000000002
24335.0	0.024988
24340.0	0.024812
24345.0	0.024653
24350.0	0.02452
24355.0	0.024419999999999997
24360.0	0.024359
24365.0	0.024336
24370.0	0.024353
24375.0	0.024404
24380.0	0.024484
24385.0	0.024587
24390.0	0.024704
24395.0	0.024829
24400.0	0.024954
24405.0	0.025072
24410.0	0.025177
24415.0	0.025265
24420.0	0.025329
24425.0	0.025368
24430.0	0.025378
24435.0	0.025358000000000002
24440.0	0.025306
24445.0	0.025223
24450.0	0.025111
24455.0	0.02497
24460.0	0.024807
24465.0	0.024625
24470.0	0.024431
24475.0	0.024235
24480.0	0.024044
24485.0	0.023869
24490.0	0.023718
24495.0	0.023597
24500.0	0.023513
24505.0	0.023467
24510.0	0.023459
24515.0	0.023485
24520.0	0.023541
24525.0	0.023618
24530.0	0.023711000000000003
24535.0	0.023809999999999998
24540.0	0.023909
24545.0	0.024003999999999998
24550.0	0.024094
24555.0	0.024171
24560.0	0.024228
24565.0	0.024263
24570.0	0.024281999999999998
24575.0	0.024288999999999998
24580.0	0.024285
24585.0	0.024271
24590.0	0.024248
24595.0	0.024222
24600.0	0.024194999999999998
24605.0	0.024172
24610.0	0.024156
24615.0	0.024148
24620.0	0.024152
24625.0	0.024168000000000002
24630.0	0.024196000000000002
24635.0	0.024234000000000002
24640.0	0.024281999999999998
24645.0	0.024335
24650.0	0.024390000000000002
24655.0	0.024443
24660.0	0.024489
24665.0	0.024525
24670.0	0.024547
24675.0	0.024552
24680.0	0.024538
24685.0	0.024503999999999998
24690.0	0.024449000000000002
24695.0	0.024374
24700.0	0.024281
24705.0	0.024174
24710.0	0.024057
24715.0	0.023933000000000003
24720.0	0.023807
24725.0	0.023686000000000002
24730.0	0.023573
24735.0	0.023474000000000002
24740.0	0.023392
24745.0	0.023331
24750.0	0.023291
24755.0	0.023273
24760.0	0.023277000000000003
24765.0	0.0233
24770.0	0.023339
24775.0	0.023391
24780.0	0.02345
24785.0	0.023513
24790.0	0.023574
24795.0	0.023629
24800.0	0.023674
24805.0	0.023705
24810.0	0.023719
24815.0	0.023714
24820.0	0.023688999999999998
24825.0	0.023643
24830.0	0.023578
24835.0	0.023493
24840.0	0.023392
24845.0	0.023278
24850.0	0.023153
24855.0	0.023022
24860.0	0.02289
24865.0	0.022763
24870.0	0.022644
24875.0	0.022536
24880.0	0.022438999999999997
24885.0	0.022361000000000002
24890.0	0.022311
24895.0	0.022289
24900.0	0.022289
24905.0	0.022300999999999998
24910.0	0.022326
24915.0	0.022361000000000002
24920.0	0.022405
24925.0	0.022453
24930.0	0.0225
24935.0	0.022545
24940.0	0.022585
24945.0	0.022619
24950.0	0.022647999999999998
24955.0	0.02267
24960.0	0.022688
24965.0	0.022703
24970.0	0.022716999999999998
24975.0	0.022731
24980.0	0.022749000000000002
24985.0	0.022771
24990.0	0.0
24995.0	0.0
25000.0	0.0
