#wave	flux
1150.0	0.005082
1155.0	0.005716
1160.0	0.0046890000000000005
1165.0	0.000359
1170.0	0.0
1175.0	0.0
1180.0	0.001253
1185.0	0.0008359999999999999
1190.0	0.0
1195.0	0.0
1200.0	0.000978
1205.0	0.0034270000000000004
1210.0	0.014575999999999999
1215.0	0.025653
1220.0	0.015790000000000002
1225.0	0.002736
1230.0	0.000356
1235.0	0.000375
1240.0	0.000328
1245.0	0.00021600000000000002
1250.0	0.000167
1255.0	0.000174
1260.0	0.000168
1265.0	0.0
1270.0	0.0
1275.0	8.2e-05
1280.0	0.000304
1285.0	0.000279
1290.0	5.5e-05
1295.0	5.4000000000000005e-05
1300.0	0.000167
1305.0	0.0
1310.0	0.000126
1315.0	0.000262
1320.0	0.000199
1325.0	0.000124
1330.0	0.000192
1335.0	0.00016299999999999998
1340.0	5.7999999999999994e-05
1345.0	8e-06
1350.0	7.8e-05
1355.0	0.000154
1360.0	0.00017900000000000001
1365.0	0.000231
1370.0	0.000135
1375.0	0.000212
1380.0	0.000277
1385.0	0.000246
1390.0	6.8e-05
1395.0	0.000204
1400.0	0.000291
1405.0	0.000394
1410.0	0.000328
1415.0	8.4e-05
1420.0	0.0
1425.0	0.000128
1430.0	0.000276
1435.0	0.0002
1440.0	0.000343
1445.0	0.000711
1450.0	0.0005650000000000001
1455.0	0.000275
1460.0	0.000128
1465.0	0.00017900000000000001
1470.0	0.00032900000000000003
1475.0	0.000381
1480.0	0.000381
1485.0	0.000275
1490.0	0.000293
1495.0	0.00032900000000000003
1500.0	0.000325
1505.0	0.00031099999999999997
1510.0	0.000308
1515.0	0.000306
1520.0	0.00027400000000000005
1525.0	0.000288
1530.0	0.00035099999999999997
1535.0	0.00042699999999999997
1540.0	0.00046399999999999995
1545.0	0.000695
1550.0	0.000675
1555.0	0.000392
1560.0	0.0005
1565.0	0.000524
1570.0	0.000521
1575.0	0.000617
1580.0	0.00047000000000000004
1585.0	0.000463
1590.0	0.000489
1595.0	0.000344
1600.0	0.00028
1605.0	0.000434
1610.0	0.000414
1615.0	0.00022999999999999998
1620.0	0.00018700000000000002
1625.0	0.00029
1630.0	0.000455
1635.0	0.000526
1640.0	0.000319
1645.0	0.000424
1650.0	0.000534
1655.0	0.000466
1660.0	0.000677
1665.0	0.0007059999999999999
1670.0	0.000586
1675.0	0.000462
1680.0	0.000664
1685.0	0.0006519999999999999
1690.0	0.0006230000000000001
1695.0	0.000711
1700.0	0.0008320000000000001
1705.0	0.000686
1710.0	0.0005690000000000001
1715.0	0.000627
1720.0	0.0007469999999999999
1725.0	0.000828
1730.0	0.0008150000000000001
1735.0	0.00095
1740.0	0.000995
1745.0	0.001181
1750.0	0.001186
1755.0	0.00112
1760.0	0.00122
1765.0	0.0014119999999999998
1770.0	0.00149
1775.0	0.001745
1780.0	0.001541
1785.0	0.001371
1790.0	0.000967
1795.0	0.001127
1800.0	0.001467
1805.0	0.001623
1810.0	0.001887
1815.0	0.002088
1820.0	0.0022489999999999997
1825.0	0.00214
1830.0	0.002131
1835.0	0.0021920000000000004
1840.0	0.002153
1845.0	0.001986
1850.0	0.0019760000000000003
1855.0	0.0021550000000000002
1860.0	0.00245
1865.0	0.002617
1870.0	0.0027649999999999997
1875.0	0.00286
1880.0	0.002963
1885.0	0.003149
1890.0	0.0032939999999999996
1895.0	0.0033130000000000004
1900.0	0.002993
1905.0	0.003064
1910.0	0.0033799999999999998
1915.0	0.003503
1920.0	0.003759
1925.0	0.0036079999999999997
1930.0	0.0033539999999999998
1935.0	0.003215
1940.0	0.003626
1945.0	0.004566
1950.0	0.005012
1955.0	0.008995
1960.0	0.010055
1965.0	0.004911
1970.0	0.000295
1975.0	0.0
1980.0	0.0032409999999999995
1985.0	0.015064
1990.0	0.015603
1995.0	0.009056999999999999
2000.0	0.00774
2005.0	0.0
2010.0	0.0
2015.0	0.0007
2020.0	0.0
2025.0	0.0
2030.0	0.0
2035.0	0.0
2040.0	0.0
2045.0	0.000341
2050.0	0.005308
2055.0	0.006569
2060.0	0.009876000000000001
2065.0	0.00481
2070.0	0.00411
2075.0	0.011889
2080.0	0.020138
2085.0	0.015668
2090.0	0.012194
2095.0	0.008776
2100.0	0.021611000000000002
2105.0	0.031566000000000004
2110.0	0.031846
2115.0	0.026237
2120.0	0.029499
2125.0	0.029214999999999998
2130.0	0.009825
2135.0	0.024919
2140.0	0.028913
2145.0	0.030909
2150.0	0.033451
2155.0	0.028848000000000002
2160.0	0.026420999999999997
2165.0	0.00941
2170.0	0.0
2175.0	0.012311
2180.0	0.031692000000000005
2185.0	0.034002
2190.0	0.024761000000000002
2195.0	0.019812
2200.0	0.029613999999999998
2205.0	0.027233999999999998
2210.0	0.035438
2215.0	0.017169
2220.0	0.024701
2225.0	0.027087
2230.0	0.018759
2235.0	0.026532999999999998
2240.0	0.034448
2245.0	0.033774
2250.0	0.018539
2255.0	0.035133
2260.0	0.035546
2265.0	0.021022
2270.0	0.015677
2275.0	0.016347999999999998
2280.0	0.017509
2285.0	0.013526
2290.0	0.023356000000000002
2295.0	0.025687
2300.0	0.026764999999999997
2305.0	0.024297
2310.0	0.028361
2315.0	0.021753
2320.0	0.030736000000000003
2325.0	0.044063
2330.0	0.034347
2335.0	0.026032999999999997
2340.0	0.030063999999999997
2345.0	0.025175
2350.0	0.025118
2355.0	0.028056
2360.0	0.031535
2365.0	0.029473000000000003
2370.0	0.033593
2375.0	0.030104000000000002
2380.0	0.028848000000000002
2385.0	0.025036000000000003
2390.0	0.028739999999999998
2395.0	0.027826
2400.0	0.023852
2405.0	0.023306999999999998
2410.0	0.024978999999999998
2415.0	0.028243
2420.0	0.040283
2425.0	0.049357
2430.0	0.054097000000000006
2435.0	0.053936000000000005
2440.0	0.053528
2445.0	0.045263
2450.0	0.026766
2455.0	0.01907
2460.0	0.028033
2465.0	0.032614
2470.0	0.031199
2475.0	0.031747000000000004
2480.0	0.033326
2485.0	0.027107999999999997
2490.0	0.020692
2495.0	0.032735
2500.0	0.047327
2505.0	0.047712
2510.0	0.041576999999999996
2515.0	0.031738
2520.0	0.026462
2525.0	0.025625
2530.0	0.032463
2535.0	0.035805000000000003
2540.0	0.034952
2545.0	0.037795999999999996
2550.0	0.042480000000000004
2555.0	0.050775
2560.0	0.052775999999999997
2565.0	0.061693
2570.0	0.074882
2575.0	0.07869
2580.0	0.085599
2585.0	0.080713
2590.0	0.075674
2595.0	0.06281
2600.0	0.057058000000000005
2605.0	0.055277999999999994
2610.0	0.052596000000000004
2615.0	0.058629999999999995
2620.0	0.068985
2625.0	0.06401
2630.0	0.06816599999999999
2635.0	0.11576199999999999
2640.0	0.15775799999999998
2645.0	0.155111
2650.0	0.14640999999999998
2655.0	0.16680999999999999
2660.0	0.16309500000000002
2665.0	0.15099200000000002
2670.0	0.15876700000000002
2675.0	0.15349000000000002
2680.0	0.153292
2685.0	0.153474
2690.0	0.142673
2695.0	0.137087
2700.0	0.152027
2705.0	0.161003
2710.0	0.152719
2715.0	0.142726
2720.0	0.111732
2725.0	0.12194300000000001
2730.0	0.13076
2735.0	0.11219900000000001
2740.0	0.08546799999999999
2745.0	0.076629
2750.0	0.086787
2755.0	0.09732
2760.0	0.117896
2765.0	0.140208
2770.0	0.15171099999999998
2775.0	0.13273900000000002
2780.0	0.109492
2785.0	0.094585
2790.0	0.064213
2795.0	0.044813
2800.0	0.045432
2805.0	0.058237
2810.0	0.082846
2815.0	0.131822
2820.0	0.160971
2825.0	0.172266
2830.0	0.183699
2835.0	0.182509
2840.0	0.171154
2845.0	0.13906300000000002
2850.0	0.09337100000000001
2855.0	0.110207
2860.0	0.17473
2865.0	0.197891
2870.0	0.192863
2875.0	0.19098099999999998
2880.0	0.17238699999999998
2885.0	0.20548400000000003
2890.0	0.225269
2895.0	0.230019
2900.0	0.2494
2905.0	0.25745999999999997
2910.0	0.266879
2915.0	0.274093
2920.0	0.264002
2925.0	0.251392
2930.0	0.255227
2935.0	0.263403
2940.0	0.267518
2945.0	0.272634
2950.0	0.272683
2955.0	0.28375
2960.0	0.283497
2965.0	0.258115
2970.0	0.264793
2975.0	0.286063
2980.0	0.26350999999999997
2985.0	0.245569
2990.0	0.270396
2995.0	0.27223200000000003
3000.0	0.24785300000000002
3005.0	0.258144
3010.0	0.28194
3015.0	0.27269499999999997
3020.0	0.26932
3025.0	0.303246
3030.0	0.33671799999999996
3035.0	0.336059
3040.0	0.325202
3045.0	0.33516999999999997
3050.0	0.340169
3055.0	0.315201
3060.0	0.312508
3065.0	0.33214099999999996
3070.0	0.357919
3075.0	0.360621
3080.0	0.371465
3085.0	0.389536
3090.0	0.329768
3095.0	0.30013
3100.0	0.318412
3105.0	0.377619
3110.0	0.405047
3115.0	0.384255
3120.0	0.345787
3125.0	0.349035
3130.0	0.392387
3135.0	0.393963
3140.0	0.362675
3145.0	0.329897
3150.0	0.32969
3155.0	0.31095300000000003
3160.0	0.330912
3165.0	0.354601
3170.0	0.383438
3175.0	0.379879
3180.0	0.34631100000000004
3185.0	0.337924
3190.0	0.339474
3195.0	0.357637
3200.0	0.434292
3205.0	0.40767600000000004
3210.0	0.395703
3215.0	0.38247600000000004
3220.0	0.365698
3225.0	0.344803
3230.0	0.335752
3235.0	0.35086
3240.0	0.371337
3245.0	0.379684
3250.0	0.39467800000000003
3255.0	0.434762
3260.0	0.480786
3265.0	0.508253
3270.0	0.508896
3275.0	0.48446300000000003
3280.0	0.460527
3285.0	0.46216199999999996
3290.0	0.488622
3295.0	0.527556
3300.0	0.5460229999999999
3305.0	0.5205850000000001
3310.0	0.48642299999999994
3315.0	0.48061400000000004
3320.0	0.48922899999999997
3325.0	0.490994
3330.0	0.48630100000000004
3335.0	0.48169300000000004
3340.0	0.48667299999999997
3345.0	0.504988
3350.0	0.514405
3355.0	0.495205
3360.0	0.46371899999999994
3365.0	0.442079
3370.0	0.439565
3375.0	0.45705500000000004
3380.0	0.47467600000000004
3385.0	0.476897
3390.0	0.486304
3395.0	0.5216970000000001
3400.0	0.548605
3405.0	0.533998
3410.0	0.5038819999999999
3415.0	0.49203100000000005
3420.0	0.5042479999999999
3425.0	0.5316069999999999
3430.0	0.534239
3435.0	0.48474300000000003
3440.0	0.436515
3445.0	0.442258
3450.0	0.471081
3455.0	0.482779
3460.0	0.483451
3465.0	0.486439
3470.0	0.48772200000000004
3475.0	0.481212
3480.0	0.46991099999999997
3485.0	0.46128
3490.0	0.47151499999999996
3495.0	0.508579
3500.0	0.5387689999999999
3505.0	0.5314979999999999
3510.0	0.51876
3515.0	0.51385
3520.0	0.50189
3525.0	0.494325
3530.0	0.525963
3535.0	0.566635
3540.0	0.590042
3545.0	0.5960989999999999
3550.0	0.5854159999999999
3555.0	0.566318
3560.0	0.545905
3565.0	0.49611700000000003
3570.0	0.455816
3575.0	0.44531800000000005
3580.0	0.412671
3585.0	0.413621
3590.0	0.473621
3595.0	0.545896
3600.0	0.571384
3605.0	0.533555
3610.0	0.48777
3615.0	0.48831800000000003
3620.0	0.5090279999999999
3625.0	0.5553560000000001
3630.0	0.555075
3635.0	0.5552060000000001
3640.0	0.571581
3645.0	0.552104
3650.0	0.567049
3655.0	0.642009
3660.0	0.687129
3665.0	0.6820470000000001
3670.0	0.660108
3675.0	0.643117
3680.0	0.612598
3685.0	0.608042
3690.0	0.631152
3695.0	0.6652600000000001
3700.0	0.670925
3705.0	0.626265
3710.0	0.626582
3715.0	0.642053
3720.0	0.575034
3725.0	0.5740430000000001
3730.0	0.552913
3735.0	0.49360600000000004
3740.0	0.512447
3745.0	0.5029
3750.0	0.515827
3755.0	0.589654
3760.0	0.592701
3765.0	0.606931
3770.0	0.645343
3775.0	0.7221270000000001
3780.0	0.768365
3785.0	0.722539
3790.0	0.639462
3795.0	0.595047
3800.0	0.6241260000000001
3805.0	0.688344
3810.0	0.682991
3815.0	0.592221
3820.0	0.50642
3825.0	0.43449099999999996
3830.0	0.390596
3835.0	0.388614
3840.0	0.453437
3845.0	0.571416
3850.0	0.619059
3855.0	0.585118
3860.0	0.555904
3865.0	0.590198
3870.0	0.589577
3875.0	0.5792609999999999
3880.0	0.571969
3885.0	0.5611659999999999
3890.0	0.58727
3895.0	0.6451140000000001
3900.0	0.667237
3905.0	0.682108
3910.0	0.7311810000000001
3915.0	0.728618
3920.0	0.645622
3925.0	0.500201
3930.0	0.338399
3935.0	0.323218
3940.0	0.462809
3945.0	0.60531
3950.0	0.7076060000000001
3955.0	0.706217
3960.0	0.586114
3965.0	0.405779
3970.0	0.37059200000000003
3975.0	0.564894
3980.0	0.7653949999999999
3985.0	0.851625
3990.0	0.881534
3995.0	0.894116
4000.0	0.9056299999999999
4005.0	0.9096920000000001
4010.0	0.9354709999999999
4015.0	0.95949
4020.0	0.968435
4025.0	0.956982
4030.0	0.931391
4035.0	0.942599
4040.0	0.9546680000000001
4045.0	0.915544
4050.0	0.925731
4055.0	0.912356
4060.0	0.8883459999999999
4065.0	0.8867379999999999
4070.0	0.9031870000000001
4075.0	0.9069940000000001
4080.0	0.930557
4085.0	0.9841059999999999
4090.0	0.997511
4095.0	0.924068
4100.0	0.838686
4105.0	0.8804069999999999
4110.0	0.9701219999999999
4115.0	1.008174
4120.0	1.002105
4125.0	0.975973
4130.0	0.9517399999999999
4135.0	0.9651559999999999
4140.0	0.9842270000000001
4145.0	0.9734290000000001
4150.0	0.97226
4155.0	0.9724709999999999
4160.0	0.993926
4165.0	0.9921760000000001
4170.0	0.958356
4175.0	0.934049
4180.0	0.940842
4185.0	0.9417469999999999
4190.0	0.946738
4195.0	0.9294879999999999
4200.0	0.912858
4205.0	0.957974
4210.0	1.0012940000000001
4215.0	0.995049
4220.0	0.9534520000000001
4225.0	0.8835850000000001
4230.0	0.896658
4235.0	0.924826
4240.0	0.942473
4245.0	0.9348059999999999
4250.0	0.9098639999999999
4255.0	0.9084200000000001
4260.0	0.915789
4265.0	0.9123899999999999
4270.0	0.864865
4275.0	0.8713879999999999
4280.0	0.902695
4285.0	0.8865120000000001
4290.0	0.845403
4295.0	0.786818
4300.0	0.69612
4305.0	0.652619
4310.0	0.6940930000000001
4315.0	0.8610209999999999
4320.0	0.9720030000000001
4325.0	0.9534440000000001
4330.0	0.9659110000000001
4335.0	0.92104
4340.0	0.8537879999999999
4345.0	0.904223
4350.0	0.9606299999999999
4355.0	0.987351
4360.0	1.016644
4365.0	1.028874
4370.0	1.0032290000000001
4375.0	0.9647709999999999
4380.0	0.923884
4385.0	0.887943
4390.0	0.9311709999999999
4395.0	0.9740850000000001
4400.0	0.9828100000000001
4405.0	0.980564
4410.0	1.019291
4415.0	1.041052
4420.0	1.064096
4425.0	1.069034
4430.0	1.0625120000000001
4435.0	1.050416
4440.0	1.062716
4445.0	1.078051
4450.0	1.074172
4455.0	1.0216399999999999
4460.0	1.007319
4465.0	1.044007
4470.0	1.091918
4475.0	1.115163
4480.0	1.102047
4485.0	1.099198
4490.0	1.100451
4495.0	1.112635
4500.0	1.141888
4505.0	1.167513
4510.0	1.168923
4515.0	1.141476
4520.0	1.119032
4525.0	1.0588870000000001
4530.0	1.0233430000000001
4535.0	1.0628799999999998
4540.0	1.106131
4545.0	1.091992
4550.0	1.0715620000000001
4555.0	1.100118
4560.0	1.131385
4565.0	1.130998
4570.0	1.136722
4575.0	1.129608
4580.0	1.10315
4585.0	1.102101
4590.0	1.106476
4595.0	1.09805
4600.0	1.095198
4605.0	1.1159
4610.0	1.130048
4615.0	1.127749
4620.0	1.1374950000000001
4625.0	1.139508
4630.0	1.133797
4635.0	1.1128069999999999
4640.0	1.101811
4645.0	1.081697
4650.0	1.078493
4655.0	1.1031469999999999
4660.0	1.118307
4665.0	1.071996
4670.0	1.0628959999999998
4675.0	1.0831950000000001
4680.0	1.091888
4685.0	1.100047
4690.0	1.099731
4695.0	1.090817
4700.0	1.058025
4705.0	1.050226
4710.0	1.06833
4715.0	1.103344
4720.0	1.129726
4725.0	1.109633
4730.0	1.0752389999999998
4735.0	1.084826
4740.0	1.108335
4745.0	1.12609
4750.0	1.12045
4755.0	1.101453
4760.0	1.092336
4765.0	1.082092
4770.0	1.1049870000000002
4775.0	1.132488
4780.0	1.135162
4785.0	1.113821
4790.0	1.1094540000000002
4795.0	1.128419
4800.0	1.130773
4805.0	1.118817
4810.0	1.112826
4815.0	1.130485
4820.0	1.132031
4825.0	1.115323
4830.0	1.108741
4835.0	1.1011090000000001
4840.0	1.090508
4845.0	1.09848
4850.0	1.077241
4855.0	0.9787459999999999
4860.0	0.871057
4865.0	0.9201379999999999
4870.0	0.9939450000000001
4875.0	1.043033
4880.0	1.071847
4885.0	1.046182
4890.0	1.034567
4895.0	1.084442
4900.0	1.114931
4905.0	1.111977
4910.0	1.084056
4915.0	1.048063
4920.0	1.00247
4925.0	1.049057
4930.0	1.097459
4935.0	1.0748659999999999
4940.0	1.066343
4945.0	1.104984
4950.0	1.1158139999999999
4955.0	1.078531
4960.0	1.067814
4965.0	1.092007
4970.0	1.09247
4975.0	1.082224
4980.0	1.039957
4985.0	1.03475
4990.0	1.0717969999999999
4995.0	1.072875
5000.0	1.050619
5005.0	1.020208
5010.0	1.013747
5015.0	0.99861
5020.0	1.0051379999999999
5025.0	1.037299
5030.0	1.059317
5035.0	1.041466
5040.0	1.009378
5045.0	1.0289700000000002
5050.0	1.0473729999999999
5055.0	1.065857
5060.0	1.0810870000000001
5065.0	1.05964
5070.0	1.043401
5075.0	1.0254
5080.0	1.012832
5085.0	1.040964
5090.0	1.068281
5095.0	1.047173
5100.0	1.02884
5105.0	1.0300770000000001
5110.0	1.0391629999999998
5115.0	1.061152
5120.0	1.048967
5125.0	1.019428
5130.0	1.0152700000000001
5135.0	1.009257
5140.0	0.9901840000000001
5145.0	0.997964
5150.0	1.016369
5155.0	1.0294290000000001
5160.0	1.00673
5165.0	0.8916440000000001
5170.0	0.8233659999999999
5175.0	0.888602
5180.0	0.9137700000000001
5185.0	0.9090379999999999
5190.0	0.957227
5195.0	0.987167
5200.0	1.008146
5205.0	0.9904620000000001
5210.0	0.993715
5215.0	1.018666
5220.0	1.024462
5225.0	0.9889399999999999
5230.0	0.976666
5235.0	1.0133940000000001
5240.0	1.054198
5245.0	1.0495809999999999
5250.0	1.030738
5255.0	1.032745
5260.0	1.005484
5265.0	0.925301
5270.0	0.913742
5275.0	0.96993
5280.0	1.0099049999999998
5285.0	1.042292
5290.0	1.0632139999999999
5295.0	1.036435
5300.0	1.017362
5305.0	1.050274
5310.0	1.0744989999999999
5315.0	1.0642399999999999
5320.0	1.03037
5325.0	0.9795969999999999
5330.0	0.984233
5335.0	1.018634
5340.0	1.016944
5345.0	1.0220049999999998
5350.0	1.037141
5355.0	1.062522
5360.0	1.057955
5365.0	1.014925
5370.0	0.994898
5375.0	1.0205819999999999
5380.0	1.0402120000000001
5385.0	1.037739
5390.0	1.021735
5395.0	1.0011729999999999
5400.0	0.9880180000000001
5405.0	0.975435
5410.0	0.9899700000000001
5415.0	1.015343
5420.0	1.022781
5425.0	1.015395
5430.0	1.0057260000000001
5435.0	1.0208840000000001
5440.0	1.045811
5445.0	1.025044
5450.0	1.0196889999999998
5455.0	1.019824
5460.0	1.022677
5465.0	1.0248469999999998
5470.0	1.024073
5475.0	1.004306
5480.0	0.9987159999999999
5485.0	1.0160280000000002
5490.0	1.023611
5495.0	1.0264469999999999
5500.0	1.0231370000000002
5505.0	1.011279
5510.0	1.007663
5515.0	1.017693
5520.0	1.027863
5525.0	1.00839
5530.0	0.9955799999999999
5535.0	1.006226
5540.0	1.014458
5545.0	1.0229110000000001
5550.0	1.035792
5555.0	1.026001
5560.0	1.009795
5565.0	0.9999870000000001
5570.0	0.9857739999999999
5575.0	0.996308
5580.0	1.003174
5585.0	0.972017
5590.0	0.9513889999999999
5595.0	0.962356
5600.0	0.968274
5605.0	0.99187
5610.0	1.014176
5615.0	0.985475
5620.0	0.9770030000000001
5625.0	0.991798
5630.0	1.0028700000000002
5635.0	0.999024
5640.0	0.9938
5645.0	1.0003549999999999
5650.0	1.003628
5655.0	0.9809899999999999
5660.0	0.96609
5665.0	0.9787899999999999
5670.0	0.9959879999999999
5675.0	1.0012940000000001
5680.0	0.9901280000000001
5685.0	0.9768870000000001
5690.0	0.983844
5695.0	0.993423
5700.0	0.9854780000000001
5705.0	0.963133
5710.0	0.946715
5715.0	0.970418
5720.0	0.998827
5725.0	1.009951
5730.0	1.007534
5735.0	1.006265
5740.0	1.004988
5745.0	0.996785
5750.0	0.9860049999999999
5755.0	0.977923
5760.0	0.9804860000000001
5765.0	0.989233
5770.0	0.998086
5775.0	0.991215
5780.0	0.972659
5785.0	0.967996
5790.0	0.978565
5795.0	0.9861190000000001
5800.0	0.99244
5805.0	0.992459
5810.0	0.989583
5815.0	0.9932850000000001
5820.0	0.998539
5825.0	1.0004680000000001
5830.0	1.0012530000000002
5835.0	1.000307
5840.0	1.0048
5845.0	0.997713
5850.0	0.983073
5855.0	0.9647110000000001
5860.0	0.9636600000000001
5865.0	0.9763059999999999
5870.0	0.990117
5875.0	0.9936510000000001
5880.0	0.9802790000000001
5885.0	0.936414
5890.0	0.8808819999999999
5895.0	0.884634
5900.0	0.936319
5905.0	0.967248
5910.0	0.9657540000000001
5915.0	0.962158
5920.0	0.9646440000000001
5925.0	0.9597389999999999
5930.0	0.954167
5935.0	0.962117
5940.0	0.963282
5945.0	0.9541059999999999
5950.0	0.945275
5955.0	0.9516209999999999
5960.0	0.956975
5965.0	0.9577319999999999
5970.0	0.9561129999999999
5975.0	0.9474540000000001
5980.0	0.942227
5985.0	0.935494
5990.0	0.9397559999999999
5995.0	0.9467180000000001
6000.0	0.941581
6005.0	0.9312549999999999
6010.0	0.928113
6015.0	0.9223870000000001
6020.0	0.915487
6025.0	0.9222940000000001
6030.0	0.9365899999999999
6035.0	0.944483
6040.0	0.942276
6045.0	0.9446
6050.0	0.943203
6055.0	0.940348
6060.0	0.9370219999999999
6065.0	0.9373020000000001
6070.0	0.9440790000000001
6075.0	0.93773
6080.0	0.923365
6085.0	0.922472
6090.0	0.9205399999999999
6095.0	0.917552
6100.0	0.9094780000000001
6105.0	0.9142899999999999
6110.0	0.925407
6115.0	0.9190659999999999
6120.0	0.908251
6125.0	0.9134530000000001
6130.0	0.9142129999999999
6135.0	0.8949879999999999
6140.0	0.8937069999999999
6145.0	0.9076860000000001
6150.0	0.91145
6155.0	0.9014610000000001
6160.0	0.877425
6165.0	0.8705040000000001
6170.0	0.8836940000000001
6175.0	0.9027290000000001
6180.0	0.914025
6185.0	0.909567
6190.0	0.8991819999999999
6195.0	0.9072110000000001
6200.0	0.918601
6205.0	0.920861
6210.0	0.911459
6215.0	0.899816
6220.0	0.89784
6225.0	0.9003709999999999
6230.0	0.890009
6235.0	0.889914
6240.0	0.891645
6245.0	0.8849950000000001
6250.0	0.882685
6255.0	0.8743629999999999
6260.0	0.880907
6265.0	0.888584
6270.0	0.8958440000000001
6275.0	0.884446
6280.0	0.87134
6285.0	0.888366
6290.0	0.8934030000000001
6295.0	0.8838729999999999
6300.0	0.8715780000000001
6305.0	0.8792469999999999
6310.0	0.8824290000000001
6315.0	0.870079
6320.0	0.872024
6325.0	0.8855870000000001
6330.0	0.888227
6335.0	0.8758299999999999
6340.0	0.874041
6345.0	0.882533
6350.0	0.886941
6355.0	0.8787229999999999
6360.0	0.8674219999999999
6365.0	0.8709479999999999
6370.0	0.883124
6375.0	0.885584
6380.0	0.8814860000000001
6385.0	0.881575
6390.0	0.878433
6395.0	0.8682620000000001
6400.0	0.864959
6405.0	0.864668
6410.0	0.8600049999999999
6415.0	0.86126
6420.0	0.8615950000000001
6425.0	0.869242
6430.0	0.8692
6435.0	0.8657950000000001
6440.0	0.867549
6445.0	0.871708
6450.0	0.863434
6455.0	0.859563
6460.0	0.854425
6465.0	0.854891
6470.0	0.85949
6475.0	0.8604
6480.0	0.860612
6485.0	0.860303
6490.0	0.844957
6495.0	0.822216
6500.0	0.8405590000000001
6505.0	0.861233
6510.0	0.8676229999999999
6515.0	0.8580559999999999
6520.0	0.8546040000000001
6525.0	0.856817
6530.0	0.8573729999999999
6535.0	0.85635
6540.0	0.85193
6545.0	0.843432
6550.0	0.827816
6555.0	0.78045
6560.0	0.69239
6565.0	0.711242
6570.0	0.788844
6575.0	0.8255030000000001
6580.0	0.840141
6585.0	0.839707
6590.0	0.833247
6595.0	0.832675
6600.0	0.843404
6605.0	0.8390139999999999
6610.0	0.839047
6615.0	0.8441209999999999
6620.0	0.846284
6625.0	0.84141
6630.0	0.8306979999999999
6635.0	0.826958
6640.0	0.830757
6645.0	0.8315290000000001
6650.0	0.8357399999999999
6655.0	0.835794
6660.0	0.82945
6665.0	0.8264530000000001
6670.0	0.829759
6675.0	0.823324
6680.0	0.8218
6685.0	0.828
6690.0	0.828885
6695.0	0.8240729999999999
6700.0	0.821649
6705.0	0.8216389999999999
6710.0	0.820694
6715.0	0.812485
6720.0	0.810858
6725.0	0.815696
6730.0	0.817796
6735.0	0.818808
6740.0	0.81775
6745.0	0.815413
6750.0	0.812663
6755.0	0.814398
6760.0	0.8159350000000001
6765.0	0.8119569999999999
6770.0	0.807737
6775.0	0.811292
6780.0	0.812913
6785.0	0.812185
6790.0	0.8125560000000001
6795.0	0.8093600000000001
6800.0	0.808936
6805.0	0.806182
6810.0	0.8072159999999999
6815.0	0.808478
6820.0	0.807398
6825.0	0.8073819999999999
6830.0	0.8048350000000001
6835.0	0.800275
6840.0	0.795609
6845.0	0.7945369999999999
6850.0	0.796489
6855.0	0.794921
6860.0	0.793806
6865.0	0.795883
6870.0	0.795046
6875.0	0.796145
6880.0	0.795985
6885.0	0.793245
6890.0	0.7931699999999999
6895.0	0.793507
6900.0	0.7936949999999999
6905.0	0.793928
6910.0	0.7931199999999999
6915.0	0.7902060000000001
6920.0	0.7891699999999999
6925.0	0.790324
6930.0	0.790505
6935.0	0.791335
6940.0	0.789982
6945.0	0.7877350000000001
6950.0	0.788032
6955.0	0.788212
6960.0	0.789064
6965.0	0.790837
6970.0	0.791169
6975.0	0.782555
6980.0	0.779749
6985.0	0.78641
6990.0	0.785492
6995.0	0.783309
7000.0	0.776015
7005.0	0.770033
7010.0	0.7730199999999999
7015.0	0.767284
7020.0	0.7685850000000001
7025.0	0.767883
7030.0	0.7732439999999999
7035.0	0.770708
7040.0	0.774885
7045.0	0.7833859999999999
7050.0	0.779925
7055.0	0.773857
7060.0	0.771932
7065.0	0.770422
7070.0	0.7727109999999999
7075.0	0.7762060000000001
7080.0	0.773112
7085.0	0.76494
7090.0	0.764888
7095.0	0.7702680000000001
7100.0	0.774676
7105.0	0.77371
7110.0	0.7681560000000001
7115.0	0.765904
7120.0	0.767442
7125.0	0.765305
7130.0	0.7646390000000001
7135.0	0.770658
7140.0	0.775775
7145.0	0.764908
7150.0	0.7587470000000001
7155.0	0.767353
7160.0	0.7643810000000001
7165.0	0.747413
7170.0	0.74343
7175.0	0.7360479999999999
7180.0	0.72828
7185.0	0.706308
7190.0	0.699458
7195.0	0.708488
7200.0	0.715763
7205.0	0.721104
7210.0	0.737996
7215.0	0.752626
7220.0	0.75249
7225.0	0.751857
7230.0	0.7475189999999999
7235.0	0.7330270000000001
7240.0	0.73121
7245.0	0.734263
7250.0	0.737737
7255.0	0.7333529999999999
7260.0	0.734414
7265.0	0.7339979999999999
7270.0	0.734189
7275.0	0.722197
7280.0	0.720528
7285.0	0.71727
7290.0	0.705044
7295.0	0.716439
7300.0	0.729109
7305.0	0.7198060000000001
7310.0	0.717306
7315.0	0.727355
7320.0	0.7314579999999999
7325.0	0.726928
7330.0	0.723875
7335.0	0.730554
7340.0	0.7385149999999999
7345.0	0.735201
7350.0	0.7261850000000001
7355.0	0.720442
7360.0	0.722637
7365.0	0.72329
7370.0	0.726164
7375.0	0.727337
7380.0	0.724242
7385.0	0.7070420000000001
7390.0	0.6984739999999999
7395.0	0.708286
7400.0	0.713472
7405.0	0.711745
7410.0	0.701639
7415.0	0.6992649999999999
7420.0	0.7031609999999999
7425.0	0.713703
7430.0	0.7230880000000001
7435.0	0.725638
7440.0	0.7184550000000001
7445.0	0.7094689999999999
7450.0	0.7143619999999999
7455.0	0.720681
7460.0	0.718446
7465.0	0.720477
7470.0	0.724471
7475.0	0.720318
7480.0	0.716198
7485.0	0.715309
7490.0	0.7106140000000001
7495.0	0.703404
7500.0	0.706395
7505.0	0.705196
7510.0	0.697315
7515.0	0.70398
7520.0	0.707967
7525.0	0.702271
7530.0	0.70002
7535.0	0.705758
7540.0	0.710571
7545.0	0.708382
7550.0	0.7050930000000001
7555.0	0.7022109999999999
7560.0	0.7011109999999999
7565.0	0.7014779999999999
7570.0	0.699346
7575.0	0.699283
7580.0	0.698186
7585.0	0.696916
7590.0	0.7010460000000001
7595.0	0.704924
7600.0	0.704533
7605.0	0.699822
7610.0	0.693765
7615.0	0.690196
7620.0	0.691631
7625.0	0.694484
7630.0	0.694886
7635.0	0.696026
7640.0	0.6957439999999999
7645.0	0.694091
7650.0	0.692129
7655.0	0.688083
7660.0	0.683185
7665.0	0.682113
7670.0	0.686186
7675.0	0.689467
7680.0	0.688437
7685.0	0.686372
7690.0	0.685257
7695.0	0.682882
7700.0	0.683669
7705.0	0.68543
7710.0	0.684312
7715.0	0.6812199999999999
7720.0	0.6808
7725.0	0.6790689999999999
7730.0	0.678383
7735.0	0.682685
7740.0	0.680344
7745.0	0.668805
7750.0	0.6647649999999999
7755.0	0.674443
7760.0	0.679326
7765.0	0.680625
7770.0	0.67597
7775.0	0.66899
7780.0	0.666127
7785.0	0.669086
7790.0	0.671058
7795.0	0.670165
7800.0	0.667622
7805.0	0.667474
7810.0	0.667013
7815.0	0.671796
7820.0	0.673455
7825.0	0.672676
7830.0	0.6639079999999999
7835.0	0.657882
7840.0	0.6635340000000001
7845.0	0.6657689999999999
7850.0	0.664377
7855.0	0.665293
7860.0	0.6668350000000001
7865.0	0.6655409999999999
7870.0	0.663438
7875.0	0.662049
7880.0	0.658992
7885.0	0.664705
7890.0	0.663347
7895.0	0.656459
7900.0	0.653854
7905.0	0.656381
7910.0	0.65638
7915.0	0.652558
7920.0	0.647379
7925.0	0.646199
7930.0	0.642579
7935.0	0.637595
7940.0	0.636736
7945.0	0.633067
7950.0	0.639264
7955.0	0.645642
7960.0	0.646332
7965.0	0.648742
7970.0	0.650563
7975.0	0.650891
7980.0	0.650396
7985.0	0.650655
7990.0	0.6489090000000001
7995.0	0.639733
8000.0	0.632408
8005.0	0.637529
8010.0	0.640617
8015.0	0.642993
8020.0	0.64223
8025.0	0.633929
8030.0	0.630272
8035.0	0.6354810000000001
8040.0	0.637217
8045.0	0.628279
8050.0	0.625676
8055.0	0.633726
8060.0	0.639763
8065.0	0.636563
8070.0	0.6326350000000001
8075.0	0.632108
8080.0	0.633137
8085.0	0.628983
8090.0	0.62673
8095.0	0.621499
8100.0	0.621456
8105.0	0.627417
8110.0	0.630883
8115.0	0.627897
8120.0	0.6266970000000001
8125.0	0.628785
8130.0	0.6263989999999999
8135.0	0.622677
8140.0	0.618581
8145.0	0.6127670000000001
8150.0	0.608805
8155.0	0.608553
8160.0	0.606221
8165.0	0.599255
8170.0	0.598151
8175.0	0.598969
8180.0	0.5961890000000001
8185.0	0.593318
8190.0	0.5930880000000001
8195.0	0.582209
8200.0	0.5843470000000001
8205.0	0.603927
8210.0	0.611909
8215.0	0.6087859999999999
8220.0	0.595491
8225.0	0.583771
8230.0	0.573048
8235.0	0.588109
8240.0	0.602611
8245.0	0.606225
8250.0	0.606182
8255.0	0.601318
8260.0	0.603953
8265.0	0.610054
8270.0	0.608629
8275.0	0.597766
8280.0	0.592641
8285.0	0.593902
8290.0	0.591942
8295.0	0.592002
8300.0	0.5928720000000001
8305.0	0.591201
8310.0	0.5904689999999999
8315.0	0.589907
8320.0	0.588485
8325.0	0.587144
8330.0	0.581086
8335.0	0.577415
8340.0	0.5776060000000001
8345.0	0.5812470000000001
8350.0	0.589313
8355.0	0.594596
8360.0	0.592246
8365.0	0.589839
8370.0	0.589367
8375.0	0.589758
8380.0	0.588394
8385.0	0.580767
8390.0	0.579495
8395.0	0.586767
8400.0	0.5901529999999999
8405.0	0.587659
8410.0	0.585979
8415.0	0.584813
8420.0	0.582816
8425.0	0.581878
8430.0	0.582306
8435.0	0.577615
8440.0	0.576943
8445.0	0.578018
8450.0	0.581426
8455.0	0.586382
8460.0	0.586966
8465.0	0.5804
8470.0	0.5749770000000001
8475.0	0.578963
8480.0	0.581099
8485.0	0.5824779999999999
8490.0	0.575734
8495.0	0.541112
8500.0	0.5189189999999999
8505.0	0.548519
8510.0	0.5669069999999999
8515.0	0.561876
8520.0	0.562967
8525.0	0.56072
8530.0	0.556593
8535.0	0.533104
8540.0	0.470578
8545.0	0.4552
8550.0	0.493179
8555.0	0.528126
8560.0	0.548589
8565.0	0.557109
8570.0	0.5560649999999999
8575.0	0.554502
8580.0	0.551658
8585.0	0.5501550000000001
8590.0	0.5498890000000001
8595.0	0.547927
8600.0	0.548112
8605.0	0.5513819999999999
8610.0	0.549207
8615.0	0.545339
8620.0	0.547508
8625.0	0.549927
8630.0	0.553501
8635.0	0.555455
8640.0	0.553612
8645.0	0.548326
8650.0	0.543854
8655.0	0.5283899999999999
8660.0	0.483386
8665.0	0.45998100000000003
8670.0	0.484862
8675.0	0.515558
8680.0	0.534187
8685.0	0.53241
8690.0	0.5288189999999999
8695.0	0.541546
8700.0	0.552242
8705.0	0.552452
8710.0	0.5471239999999999
8715.0	0.5467
8720.0	0.550689
8725.0	0.54928
8730.0	0.545693
8735.0	0.5414979999999999
8740.0	0.541167
8745.0	0.54247
8750.0	0.539118
8755.0	0.537752
8760.0	0.542509
8765.0	0.544149
8770.0	0.54262
8775.0	0.542143
8780.0	0.544172
8785.0	0.542028
8790.0	0.535469
8795.0	0.5346850000000001
8800.0	0.533454
8805.0	0.519369
8810.0	0.519803
8815.0	0.534331
8820.0	0.537004
8825.0	0.533475
8830.0	0.5370020000000001
8835.0	0.532539
8840.0	0.528836
8845.0	0.532877
8850.0	0.535338
8855.0	0.533999
8860.0	0.526584
8865.0	0.5190020000000001
8870.0	0.521219
8875.0	0.527849
8880.0	0.530812
8885.0	0.533406
8890.0	0.533253
8895.0	0.529767
8900.0	0.530621
8905.0	0.533929
8910.0	0.53185
8915.0	0.530904
8920.0	0.527219
8925.0	0.522237
8930.0	0.521325
8935.0	0.527223
8940.0	0.5272439999999999
8945.0	0.521045
8950.0	0.5186609999999999
8955.0	0.521846
8960.0	0.520934
8965.0	0.5163800000000001
8970.0	0.514718
8975.0	0.514993
8980.0	0.5197189999999999
8985.0	0.511104
8990.0	0.500889
8995.0	0.519686
9000.0	0.510414
9005.0	0.504233
9010.0	0.507196
9015.0	0.502798
9020.0	0.507463
9025.0	0.509525
9030.0	0.5207430000000001
9035.0	0.528254
9040.0	0.526047
9045.0	0.5253909999999999
9050.0	0.524824
9055.0	0.522752
9060.0	0.513013
9065.0	0.508522
9070.0	0.509038
9075.0	0.508574
9080.0	0.501736
9085.0	0.49886199999999997
9090.0	0.495238
9095.0	0.493051
9100.0	0.498726
9105.0	0.5042479999999999
9110.0	0.50713
9115.0	0.503796
9120.0	0.504595
9125.0	0.508993
9130.0	0.501844
9135.0	0.49763100000000005
9140.0	0.505696
9145.0	0.504413
9150.0	0.495708
9155.0	0.49087700000000006
9160.0	0.50313
9165.0	0.507556
9170.0	0.498205
9175.0	0.49286499999999994
9180.0	0.498245
9185.0	0.504985
9190.0	0.5039939999999999
9195.0	0.50137
9200.0	0.5054109999999999
9205.0	0.503588
9210.0	0.495978
9215.0	0.490336
9220.0	0.494961
9225.0	0.505156
9230.0	0.502255
9235.0	0.49377299999999996
9240.0	0.491874
9245.0	0.495033
9250.0	0.49485500000000004
9255.0	0.48890500000000003
9260.0	0.48938100000000007
9265.0	0.502154
9270.0	0.507256
9275.0	0.5064489999999999
9280.0	0.504406
9285.0	0.5038100000000001
9290.0	0.503213
9295.0	0.49707399999999996
9300.0	0.496119
9305.0	0.48807799999999996
9310.0	0.485696
9315.0	0.475526
9320.0	0.46452899999999997
9325.0	0.464446
9330.0	0.46886400000000006
9335.0	0.45512299999999994
9340.0	0.445558
9345.0	0.441646
9350.0	0.466603
9355.0	0.450737
9360.0	0.457718
9365.0	0.46857299999999996
9370.0	0.462417
9375.0	0.466412
9380.0	0.46943599999999996
9385.0	0.484521
9390.0	0.50317
9395.0	0.516482
9400.0	0.505362
9405.0	0.495938
9410.0	0.480549
9415.0	0.47748100000000004
9420.0	0.47806899999999997
9425.0	0.467333
9430.0	0.46243900000000004
9435.0	0.47002299999999997
9440.0	0.44300900000000004
9445.0	0.458991
9450.0	0.47858900000000004
9455.0	0.46181700000000003
9460.0	0.45443
9465.0	0.47480600000000006
9470.0	0.478944
9475.0	0.472438
9480.0	0.46542100000000003
9485.0	0.476001
9490.0	0.485216
9495.0	0.46039399999999997
9500.0	0.44587200000000005
9505.0	0.47553900000000004
9510.0	0.48756099999999997
9515.0	0.470495
9520.0	0.45124200000000003
9525.0	0.459976
9530.0	0.467631
9535.0	0.476545
9540.0	0.47742799999999996
9545.0	0.46158000000000005
9550.0	0.462153
9555.0	0.457716
9560.0	0.460379
9565.0	0.456007
9570.0	0.45712299999999995
9575.0	0.46900200000000003
9580.0	0.459083
9585.0	0.45588900000000004
9590.0	0.450201
9595.0	0.455455
9600.0	0.46273000000000003
9605.0	0.45855100000000004
9610.0	0.459004
9615.0	0.45644700000000005
9620.0	0.45239700000000005
9625.0	0.448754
9630.0	0.448661
9635.0	0.44102299999999994
9640.0	0.439934
9645.0	0.43903000000000003
9650.0	0.439194
9655.0	0.43970600000000004
9660.0	0.441959
9665.0	0.442416
9670.0	0.450579
9675.0	0.459629
9680.0	0.461718
9685.0	0.46525299999999997
9690.0	0.465917
9695.0	0.468454
9700.0	0.46294799999999997
9705.0	0.459854
9710.0	0.463764
9715.0	0.46560799999999997
9720.0	0.462434
9725.0	0.45924799999999993
9730.0	0.45886099999999996
9735.0	0.45040699999999995
9740.0	0.441496
9745.0	0.4395
9750.0	0.43717399999999995
9755.0	0.42991499999999994
9760.0	0.42694799999999994
9765.0	0.431041
9770.0	0.434496
9775.0	0.432595
9780.0	0.43748100000000006
9785.0	0.439542
9790.0	0.433
9795.0	0.429809
9800.0	0.43233
9805.0	0.435064
9810.0	0.43969600000000003
9815.0	0.434857
9820.0	0.44379300000000005
9825.0	0.43854399999999993
9830.0	0.44158800000000004
9835.0	0.44256599999999996
9840.0	0.44489799999999996
9845.0	0.43323100000000003
9850.0	0.43923199999999996
9855.0	0.44022799999999995
9860.0	0.431162
9865.0	0.43170299999999995
9870.0	0.43081400000000003
9875.0	0.43220299999999995
9880.0	0.436179
9885.0	0.431334
9890.0	0.43492
9895.0	0.433698
9900.0	0.432012
9905.0	0.43806000000000006
9910.0	0.43261400000000005
9915.0	0.42131899999999994
9920.0	0.433935
9925.0	0.429554
9930.0	0.425654
9935.0	0.424976
9940.0	0.43593000000000004
9945.0	0.434684
9950.0	0.430893
9955.0	0.43333599999999994
9960.0	0.430942
9965.0	0.43200900000000003
9970.0	0.42817
9975.0	0.42940600000000007
9980.0	0.43257799999999996
9985.0	0.423996
9990.0	0.42963999999999997
9995.0	0.431518
10000.0	0.422387
10005.0	0.428724
10010.0	0.42273299999999997
10015.0	0.42031999999999997
10020.0	0.434482
10025.0	0.425183
10030.0	0.426962
10035.0	0.420146
10040.0	0.41484099999999996
10045.0	0.409894
10050.0	0.39965500000000004
10055.0	0.406965
10060.0	0.414905
10065.0	0.41025200000000006
10070.0	0.41015799999999997
10075.0	0.421878
10080.0	0.42058199999999996
10085.0	0.41565100000000005
10090.0	0.413862
10095.0	0.407402
10100.0	0.41343599999999997
10105.0	0.41577600000000003
10110.0	0.41855600000000004
10115.0	0.415105
10120.0	0.415051
10125.0	0.406084
10130.0	0.40984899999999996
10135.0	0.410214
10140.0	0.403862
10145.0	0.41025900000000004
10150.0	0.413868
10155.0	0.41218699999999997
10160.0	0.41089200000000003
10165.0	0.414793
10170.0	0.413951
10175.0	0.401412
10180.0	0.405233
10185.0	0.40644600000000003
10190.0	0.409123
10195.0	0.41166899999999995
10200.0	0.41248900000000005
10205.0	0.41053
10210.0	0.406912
10215.0	0.403298
10220.0	0.401348
10225.0	0.40216
10230.0	0.404572
10235.0	0.406859
10240.0	0.40729099999999996
10245.0	0.404713
10250.0	0.400242
10255.0	0.395568
10260.0	0.392376
10265.0	0.391892
10270.0	0.393482
10275.0	0.396048
10280.0	0.398492
10285.0	0.399941
10290.0	0.400416
10295.0	0.400159
10300.0	0.399417
10305.0	0.398373
10310.0	0.396967
10315.0	0.395079
10320.0	0.39258899999999997
10325.0	0.389515
10330.0	0.386418
10335.0	0.383998
10340.0	0.382956
10345.0	0.383712
10350.0	0.385579
10355.0	0.387588
10360.0	0.388773
10365.0	0.388529
10370.0	0.387701
10375.0	0.387496
10380.0	0.389121
10385.0	0.39327
10390.0	0.398586
10395.0	0.403199
10400.0	0.40523899999999996
10405.0	0.403466
10410.0	0.399161
10415.0	0.394237
10420.0	0.390606
10425.0	0.38959
10430.0	0.39015500000000003
10435.0	0.390677
10440.0	0.389533
10445.0	0.38569499999999995
10450.0	0.380521
10455.0	0.37596799999999997
10460.0	0.37398899999999996
10465.0	0.375877
10470.0	0.380268
10475.0	0.38513600000000003
10480.0	0.388455
10485.0	0.388775
10490.0	0.386956
10495.0	0.38443499999999997
10500.0	0.38264899999999996
10505.0	0.380948
10510.0	0.381452
10515.0	0.382117
10520.0	0.38248499999999996
10525.0	0.382229
10530.0	0.38154299999999997
10535.0	0.38075
10540.0	0.380176
10545.0	0.38003400000000004
10550.0	0.380094
10555.0	0.38001399999999996
10560.0	0.379452
10565.0	0.378182
10570.0	0.376434
10575.0	0.374556
10580.0	0.372891
10585.0	0.371693
10590.0	0.370844
10595.0	0.370134
10600.0	0.36935
10605.0	0.368331
10610.0	0.367097
10615.0	0.365718
10620.0	0.364264
10625.0	0.366278
10630.0	0.365421
10635.0	0.364562
10640.0	0.363707
10645.0	0.36286199999999996
10650.0	0.362033
10655.0	0.361225
10660.0	0.36044299999999996
10665.0	0.359693
10670.0	0.358981
10675.0	0.35831199999999996
10680.0	0.357692
10685.0	0.357127
10690.0	0.356621
10695.0	0.35618099999999997
10700.0	0.35581199999999996
10705.0	0.355517
10710.0	0.355292
10715.0	0.355131
10720.0	0.355026
10725.0	0.35497
10730.0	0.354958
10735.0	0.354982
10740.0	0.355035
10745.0	0.355111
10750.0	0.35520300000000005
10755.0	0.35530500000000004
10760.0	0.35540900000000003
10765.0	0.355509
10770.0	0.355598
10775.0	0.355669
10780.0	0.355716
10785.0	0.355732
10790.0	0.35570999999999997
10795.0	0.355644
10800.0	0.355526
10805.0	0.35535300000000003
10810.0	0.355124
10815.0	0.354846
10820.0	0.35452100000000003
10825.0	0.35415399999999997
10830.0	0.353747
10835.0	0.35330500000000004
10840.0	0.352833
10845.0	0.352333
10850.0	0.35180900000000004
10855.0	0.351265
10860.0	0.350706
10865.0	0.350135
10870.0	0.349555
10875.0	0.34897100000000003
10880.0	0.34838600000000003
10885.0	0.34780500000000003
10890.0	0.34723000000000004
10895.0	0.346667
10900.0	0.346118
10905.0	0.345587
10910.0	0.345074
10915.0	0.344578
10920.0	0.3441
10925.0	0.343639
10930.0	0.343194
10935.0	0.342764
10940.0	0.342351
10945.0	0.341952
10950.0	0.341567
10955.0	0.341197
10960.0	0.34084000000000003
10965.0	0.340496
10970.0	0.340165
10975.0	0.339846
10980.0	0.339539
10985.0	0.339244
10990.0	0.338959
10995.0	0.33868400000000004
11000.0	0.33842
11005.0	0.338165
11010.0	0.337917
11015.0	0.337675
11020.0	0.337437
11025.0	0.3372
11030.0	0.336962
11035.0	0.33672199999999997
11040.0	0.336476
11045.0	0.336225
11050.0	0.335964
11055.0	0.33569299999999996
11060.0	0.335409
11065.0	0.33510999999999996
11070.0	0.334794
11075.0	0.33446
11080.0	0.334104
11085.0	0.333726
11090.0	0.333323
11095.0	0.332892
11100.0	0.332433
11105.0	0.331943
11110.0	0.331426
11115.0	0.330883
11120.0	0.330318
11125.0	0.329734
11130.0	0.329135
11135.0	0.328522
11140.0	0.327899
11145.0	0.32727
11150.0	0.32663600000000004
11155.0	0.32600100000000004
11160.0	0.325369
11165.0	0.324741
11170.0	0.32412199999999997
11175.0	0.323513
11180.0	0.322919
11185.0	0.322342
11190.0	0.321785
11195.0	0.321251
11200.0	0.32074400000000003
11205.0	0.320264
11210.0	0.319812
11215.0	0.319384
11220.0	0.31898000000000004
11225.0	0.318596
11230.0	0.318231
11235.0	0.317882
11240.0	0.317548
11245.0	0.317226
11250.0	0.316914
11255.0	0.31661100000000003
11260.0	0.316314
11265.0	0.31601999999999997
11270.0	0.315729
11275.0	0.31543699999999997
11280.0	0.315143
11285.0	0.314844
11290.0	0.314539
11295.0	0.314225
11300.0	0.31390100000000004
11305.0	0.313564
11310.0	0.313218
11315.0	0.312863
11320.0	0.312504
11325.0	0.31214200000000003
11330.0	0.31178
11335.0	0.311422
11340.0	0.311068
11345.0	0.310723
11350.0	0.310388
11355.0	0.310067
11360.0	0.309761
11365.0	0.30947399999999997
11370.0	0.309208
11375.0	0.308965
11380.0	0.308749
11385.0	0.308562
11390.0	0.308406
11395.0	0.308284
11400.0	0.308199
11405.0	0.308152
11410.0	0.308139
11415.0	0.308155
11420.0	0.308195
11425.0	0.308254
11430.0	0.308327
11435.0	0.308408
11440.0	0.30849299999999996
11445.0	0.308576
11450.0	0.308652
11455.0	0.308717
11460.0	0.308764
11465.0	0.308789
11470.0	0.308787
11475.0	0.30875199999999997
11480.0	0.30868
11485.0	0.30856500000000003
11490.0	0.30840300000000004
11495.0	0.308187
11500.0	0.30791399999999997
11505.0	0.307579
11510.0	0.307187
11515.0	0.306743
11520.0	0.306252
11525.0	0.305722
11530.0	0.305157
11535.0	0.30456300000000003
11540.0	0.30394499999999997
11545.0	0.30330999999999997
11550.0	0.302664
11555.0	0.30201100000000003
11560.0	0.30135700000000004
11565.0	0.300709
11570.0	0.300071
11575.0	0.29945
11580.0	0.298852
11585.0	0.298281
11590.0	0.297745
11595.0	0.297247
11600.0	0.296795
11605.0	0.296392
11610.0	0.296037
11615.0	0.295727
11620.0	0.29546
11625.0	0.295234
11630.0	0.29504400000000003
11635.0	0.294889
11640.0	0.294766
11645.0	0.294672
11650.0	0.294605
11655.0	0.294562
11660.0	0.294539
11665.0	0.294536
11670.0	0.294548
11675.0	0.29457300000000003
11680.0	0.294608
11685.0	0.294651
11690.0	0.294699
11695.0	0.294749
11700.0	0.294799
11705.0	0.294846
11710.0	0.294888
11715.0	0.29492399999999996
11720.0	0.294953
11725.0	0.29497199999999996
11730.0	0.29498
11735.0	0.294976
11740.0	0.294957
11745.0	0.29492399999999996
11750.0	0.294873
11755.0	0.294804
11760.0	0.294714
11765.0	0.294603
11770.0	0.294469
11775.0	0.29431
11780.0	0.294124
11785.0	0.29391100000000003
11790.0	0.293668
11795.0	0.29339499999999996
11800.0	0.293088
11805.0	0.292749
11810.0	0.292378
11815.0	0.291978
11820.0	0.291553
11825.0	0.291104
11830.0	0.290635
11835.0	0.290147
11840.0	0.289645
11845.0	0.28913099999999997
11850.0	0.288606
11855.0	0.288075
11860.0	0.287539
11865.0	0.287002
11870.0	0.286466
11875.0	0.285933
11880.0	0.285407
11885.0	0.284891
11890.0	0.284386
11895.0	0.283896
11900.0	0.283423
11905.0	0.28297
11910.0	0.282536
11915.0	0.28212
11920.0	0.28171999999999997
11925.0	0.281337
11930.0	0.280968
11935.0	0.280613
11940.0	0.280271
11945.0	0.279941
11950.0	0.279621
11955.0	0.27931100000000003
11960.0	0.279009
11965.0	0.278715
11970.0	0.278428
11975.0	0.278146
11980.0	0.277868
11985.0	0.277594
11990.0	0.27732199999999996
11995.0	0.27705100000000005
12000.0	0.27678
12005.0	0.276509
12010.0	0.276238
12015.0	0.275969
12020.0	0.27570100000000003
12025.0	0.275437
12030.0	0.275177
12035.0	0.274922
12040.0	0.274673
12045.0	0.274432
12050.0	0.274198
12055.0	0.273974
12060.0	0.27376
12065.0	0.273557
12070.0	0.273366
12075.0	0.273188
12080.0	0.273025
12085.0	0.272876
12090.0	0.272744
12095.0	0.272629
12100.0	0.272532
12105.0	0.272454
12110.0	0.272393
12115.0	0.272348
12120.0	0.272316
12125.0	0.272295
12130.0	0.272285
12135.0	0.272283
12140.0	0.27228600000000003
12145.0	0.272294
12150.0	0.272305
12155.0	0.272316
12160.0	0.272325
12165.0	0.272332
12170.0	0.272334
12175.0	0.272328
12180.0	0.272314
12185.0	0.272289
12190.0	0.272252
12195.0	0.272201
12200.0	0.272133
12205.0	0.272048
12210.0	0.271945
12215.0	0.27182399999999995
12220.0	0.27168600000000004
12225.0	0.27153
12230.0	0.271358
12235.0	0.271169
12240.0	0.270964
12245.0	0.270742
12250.0	0.270504
12255.0	0.27025
12260.0	0.26998
12265.0	0.26969499999999996
12270.0	0.269395
12275.0	0.26908000000000004
12280.0	0.26875
12285.0	0.268405
12290.0	0.268047
12295.0	0.267673
12300.0	0.267286
12305.0	0.266886
12310.0	0.266474
12315.0	0.26605300000000004
12320.0	0.26562600000000003
12325.0	0.265194
12330.0	0.26476
12335.0	0.264326
12340.0	0.263895
12345.0	0.263469
12350.0	0.26305100000000003
12355.0	0.262642
12360.0	0.262245
12365.0	0.261863
12370.0	0.261498
12375.0	0.261151
12380.0	0.260826
12385.0	0.260525
12390.0	0.26025
12395.0	0.260004
12400.0	0.259788
12405.0	0.25960500000000003
12410.0	0.25945100000000004
12415.0	0.259325
12420.0	0.25922399999999995
12425.0	0.25914299999999996
12430.0	0.259081
12435.0	0.25903400000000004
12440.0	0.258999
12445.0	0.258973
12450.0	0.258954
12455.0	0.258938
12460.0	0.258922
12465.0	0.258904
12470.0	0.25888
12475.0	0.258847
12480.0	0.258802
12485.0	0.258743
12490.0	0.258666
12495.0	0.258569
12500.0	0.258448
12505.0	0.258301
12510.0	0.25813
12515.0	0.257936
12520.0	0.257722
12525.0	0.25749
12530.0	0.257243
12535.0	0.256981
12540.0	0.256707
12545.0	0.256424
12550.0	0.25613400000000003
12555.0	0.255838
12560.0	0.25553899999999996
12565.0	0.255239
12570.0	0.25494
12575.0	0.254644
12580.0	0.25435399999999997
12585.0	0.254071
12590.0	0.253797
12595.0	0.253535
12600.0	0.253288
12605.0	0.25305500000000003
12610.0	0.252836
12615.0	0.25263
12620.0	0.252433
12625.0	0.252245
12630.0	0.25206300000000004
12635.0	0.251884
12640.0	0.251708
12645.0	0.25153200000000003
12650.0	0.251354
12655.0	0.251173
12660.0	0.250985
12665.0	0.25079
12670.0	0.250585
12675.0	0.250368
12680.0	0.250138
12685.0	0.249892
12690.0	0.24962800000000002
12695.0	0.24934499999999998
12700.0	0.24904
12705.0	0.248712
12710.0	0.248362
12715.0	0.247993
12720.0	0.247606
12725.0	0.247204
12730.0	0.24678899999999998
12735.0	0.246362
12740.0	0.24592600000000003
12745.0	0.24548299999999998
12750.0	0.245034
12755.0	0.244583
12760.0	0.24413
12765.0	0.24367800000000003
12770.0	0.24323000000000003
12775.0	0.242786
12780.0	0.24234899999999998
12785.0	0.24192199999999997
12790.0	0.24150500000000003
12795.0	0.241102
12800.0	0.240715
12805.0	0.240344
12810.0	0.23999
12815.0	0.239654
12820.0	0.239335
12825.0	0.239033
12830.0	0.238749
12835.0	0.238481
12840.0	0.238231
12845.0	0.237997
12850.0	0.237781
12855.0	0.23758200000000002
12860.0	0.2374
12865.0	0.237235
12870.0	0.237087
12875.0	0.23695500000000003
12880.0	0.236841
12885.0	0.236744
12890.0	0.236663
12895.0	0.23659899999999998
12900.0	0.23655199999999998
12905.0	0.236521
12910.0	0.23650500000000002
12915.0	0.236502
12920.0	0.23650900000000002
12925.0	0.23652399999999998
12930.0	0.23654499999999998
12935.0	0.23656999999999997
12940.0	0.23659699999999997
12945.0	0.23662399999999997
12950.0	0.23664899999999997
12955.0	0.23666900000000002
12960.0	0.236682
12965.0	0.23668699999999998
12970.0	0.23668000000000003
12975.0	0.236661
12980.0	0.236627
12985.0	0.236575
12990.0	0.236504
12995.0	0.236411
13000.0	0.23629499999999998
13005.0	0.236154
13010.0	0.23598899999999998
13015.0	0.235803
13020.0	0.23559699999999997
13025.0	0.235375
13030.0	0.23513699999999998
13035.0	0.234886
13040.0	0.23462399999999997
13045.0	0.234354
13050.0	0.234077
13055.0	0.233796
13060.0	0.233512
13065.0	0.233229
13070.0	0.232947
13075.0	0.23267
13080.0	0.23239899999999997
13085.0	0.232136
13090.0	0.231884
13095.0	0.231645
13100.0	0.23142
13105.0	0.231212
13110.0	0.23101799999999997
13115.0	0.23083800000000002
13120.0	0.230669
13125.0	0.23051
13130.0	0.230357
13135.0	0.23021
13140.0	0.230067
13145.0	0.229925
13150.0	0.229783
13155.0	0.229638
13160.0	0.229489
13165.0	0.229334
13170.0	0.229171
13175.0	0.228998
13180.0	0.228812
13185.0	0.228613
13190.0	0.228398
13195.0	0.22816599999999998
13200.0	0.227913
13205.0	0.22764
13210.0	0.227347
13215.0	0.22703600000000002
13220.0	0.22671
13225.0	0.22637
13230.0	0.226018
13235.0	0.225656
13240.0	0.22528600000000001
13245.0	0.224911
13250.0	0.224532
13255.0	0.22415
13260.0	0.223769
13265.0	0.22339
13270.0	0.22301500000000002
13275.0	0.22264499999999998
13280.0	0.222284
13285.0	0.22193200000000002
13290.0	0.22159299999999998
13295.0	0.22126700000000002
13300.0	0.22095700000000001
13305.0	0.220664
13310.0	0.220388
13315.0	0.22012800000000002
13320.0	0.21988200000000002
13325.0	0.219651
13330.0	0.21943200000000002
13335.0	0.21922600000000003
13340.0	0.21903000000000003
13345.0	0.21884499999999998
13350.0	0.218669
13355.0	0.2185
13360.0	0.21833899999999998
13365.0	0.21818400000000002
13370.0	0.21803499999999998
13375.0	0.217889
13380.0	0.21774699999999997
13385.0	0.217608
13390.0	0.217469
13395.0	0.21733200000000003
13400.0	0.217193
13405.0	0.21705300000000002
13410.0	0.216912
13415.0	0.21676900000000002
13420.0	0.216625
13425.0	0.216479
13430.0	0.21633200000000002
13435.0	0.216182
13440.0	0.21603200000000003
13445.0	0.215879
13450.0	0.215725
13455.0	0.215569
13460.0	0.21541100000000002
13465.0	0.215252
13470.0	0.21509099999999998
13475.0	0.214928
13480.0	0.214763
13485.0	0.21459699999999998
13490.0	0.214428
13495.0	0.214258
13500.0	0.21408600000000003
13505.0	0.21391100000000002
13510.0	0.21373499999999998
13515.0	0.21355700000000002
13520.0	0.213377
13525.0	0.213195
13530.0	0.21300999999999998
13535.0	0.212823
13540.0	0.212635
13545.0	0.212444
13550.0	0.21225
13555.0	0.212054
13560.0	0.211856
13565.0	0.21165599999999998
13570.0	0.211452
13575.0	0.211247
13580.0	0.21103899999999998
13585.0	0.21082800000000002
13590.0	0.210615
13595.0	0.210398
13600.0	0.21018
13605.0	0.209958
13610.0	0.209735
13615.0	0.20951
13620.0	0.209286
13625.0	0.209062
13630.0	0.20884
13635.0	0.20861999999999997
13640.0	0.208404
13645.0	0.20819200000000002
13650.0	0.207985
13655.0	0.20778400000000002
13660.0	0.207589
13665.0	0.20740300000000003
13670.0	0.207225
13675.0	0.20705700000000002
13680.0	0.20689899999999997
13685.0	0.206752
13690.0	0.206617
13695.0	0.206496
13700.0	0.20638800000000002
13705.0	0.206294
13710.0	0.20621399999999998
13715.0	0.206146
13720.0	0.20608800000000002
13725.0	0.206039
13730.0	0.20599800000000001
13735.0	0.205963
13740.0	0.205933
13745.0	0.205906
13750.0	0.20588099999999998
13755.0	0.20585599999999998
13760.0	0.20583
13765.0	0.20580199999999998
13770.0	0.20576999999999998
13775.0	0.205733
13780.0	0.20568899999999998
13785.0	0.205637
13790.0	0.205576
13795.0	0.20550300000000002
13800.0	0.205418
13805.0	0.20531999999999997
13810.0	0.205208
13815.0	0.20508200000000001
13820.0	0.204943
13825.0	0.204791
13830.0	0.204626
13835.0	0.204447
13840.0	0.204256
13845.0	0.20405299999999998
13850.0	0.203837
13855.0	0.20360899999999998
13860.0	0.203368
13865.0	0.20311600000000002
13870.0	0.202852
13875.0	0.202576
13880.0	0.202289
13885.0	0.20199
13890.0	0.20168
13895.0	0.20135999999999998
13900.0	0.20102799999999998
13905.0	0.200686
13910.0	0.20033499999999999
13915.0	0.199978
13920.0	0.19961800000000002
13925.0	0.199255
13930.0	0.19889300000000001
13935.0	0.198533
13940.0	0.198179
13945.0	0.19783199999999998
13950.0	0.197494
13955.0	0.197168
13960.0	0.196855
13965.0	0.19655899999999998
13970.0	0.19628099999999998
13975.0	0.196024
13980.0	0.19579000000000002
13985.0	0.195581
13990.0	0.195399
13995.0	0.195247
14000.0	0.195126
14005.0	0.19503900000000002
14010.0	0.194982
14015.0	0.194953
14020.0	0.194948
14025.0	0.194965
14030.0	0.194999
14035.0	0.195047
14040.0	0.195107
14045.0	0.195175
14050.0	0.195248
14055.0	0.195322
14060.0	0.195395
14065.0	0.195463
14070.0	0.195522
14075.0	0.19557
14080.0	0.195604
14085.0	0.19561900000000002
14090.0	0.195613
14095.0	0.19558299999999998
14100.0	0.195525
14105.0	0.195437
14110.0	0.19532
14115.0	0.195176
14120.0	0.19500599999999998
14125.0	0.19481199999999999
14130.0	0.194597
14135.0	0.19436199999999998
14140.0	0.194108
14145.0	0.193838
14150.0	0.193554
14155.0	0.19325599999999998
14160.0	0.192948
14165.0	0.192631
14170.0	0.192306
14175.0	0.191976
14180.0	0.191643
14185.0	0.191307
14190.0	0.190972
14195.0	0.190638
14200.0	0.190308
14205.0	0.18998299999999999
14210.0	0.189663
14215.0	0.189348
14220.0	0.18903699999999998
14225.0	0.18873
14230.0	0.188426
14235.0	0.188126
14240.0	0.187828
14245.0	0.187533
14250.0	0.18723900000000002
14255.0	0.186947
14260.0	0.186656
14265.0	0.186366
14270.0	0.186076
14275.0	0.18578599999999998
14280.0	0.185495
14285.0	0.185204
14290.0	0.184911
14295.0	0.184617
14300.0	0.184321
14305.0	0.186152
14310.0	0.18901400000000002
14315.0	0.191104
14320.0	0.19173199999999999
14325.0	0.190641
14330.0	0.188526
14335.0	0.185911
14340.0	0.18371400000000002
14345.0	0.182583
14350.0	0.182513
14355.0	0.18304
14360.0	0.183594
14365.0	0.18376900000000002
14370.0	0.183416
14375.0	0.182621
14380.0	0.181659
14385.0	0.1809
14390.0	0.180607
14395.0	0.180778
14400.0	0.181187
14405.0	0.181551
14410.0	0.181676
14415.0	0.18149200000000001
14420.0	0.181026
14425.0	0.180399
14430.0	0.179767
14435.0	0.17934
14440.0	0.179152
14445.0	0.179214
14450.0	0.179455
14455.0	0.179774
14460.0	0.18003
14465.0	0.180126
14470.0	0.180084
14475.0	0.180055
14480.0	0.180229
14485.0	0.18070999999999998
14490.0	0.181472
14495.0	0.182315
14500.0	0.184876
14505.0	0.18551199999999998
14510.0	0.185367
14515.0	0.184275
14520.0	0.182219
14525.0	0.179637
14530.0	0.177253
14535.0	0.175652
14540.0	0.17499800000000001
14545.0	0.175191
14550.0	0.176071
14555.0	0.177279
14560.0	0.178637
14565.0	0.179764
14570.0	0.180257
14575.0	0.179925
14580.0	0.178931
14585.0	0.17768
14590.0	0.176616
14595.0	0.176063
14600.0	0.17617
14605.0	0.17691600000000002
14610.0	0.178064
14615.0	0.17916700000000002
14620.0	0.179705
14625.0	0.179283
14630.0	0.177796
14635.0	0.175463
14640.0	0.172777
14645.0	0.17038499999999998
14650.0	0.168909
14655.0	0.168713
14660.0	0.169759
14665.0	0.171779
14670.0	0.173904
14675.0	0.175621
14680.0	0.176521
14685.0	0.176528
14690.0	0.175844
14695.0	0.17483800000000002
14700.0	0.17388599999999999
14705.0	0.173237
14710.0	0.172979
14715.0	0.173073
14720.0	0.173381
14725.0	0.17373
14730.0	0.174045
14735.0	0.17443699999999998
14740.0	0.17513099999999998
14745.0	0.176243
14750.0	0.177579
14755.0	0.178625
14760.0	0.178784
14765.0	0.177705
14770.0	0.175413
14775.0	0.17229
14780.0	0.168803
14785.0	0.165688
14790.0	0.16353099999999998
14795.0	0.162686
14800.0	0.16312100000000002
14805.0	0.164454
14810.0	0.16614500000000001
14815.0	0.167729
14820.0	0.168986
14825.0	0.169932
14830.0	0.170702
14835.0	0.171399
14840.0	0.171985
14845.0	0.172241
14850.0	0.17183299999999999
14855.0	0.170454
14860.0	0.168001
14865.0	0.164718
14870.0	0.161221
14875.0	0.158353
14880.0	0.156879
14885.0	0.157186
14890.0	0.159152
14895.0	0.162181
14900.0	0.165579
14905.0	0.16842100000000002
14910.0	0.170175
14915.0	0.170601
14920.0	0.16988399999999998
14925.0	0.168535
14930.0	0.167182
14935.0	0.16632
14940.0	0.16614400000000001
14945.0	0.166533
14950.0	0.167154
14955.0	0.167648
14960.0	0.16778099999999999
14965.0	0.167516
14970.0	0.16700399999999999
14975.0	0.166515
14980.0	0.16633299999999998
14985.0	0.166607
14990.0	0.167237
14995.0	0.167872
15000.0	0.168028
15005.0	0.16727899999999998
15010.0	0.165354
15015.0	0.162353
15020.0	0.158226
15025.0	0.153774
15030.0	0.149599
15035.0	0.14648699999999998
15040.0	0.145029
15045.0	0.145483
15050.0	0.147742
15055.0	0.15142
15060.0	0.155925
15065.0	0.160525
15070.0	0.164444
15075.0	0.167017
15080.0	0.16786700000000002
15085.0	0.16702999999999998
15090.0	0.164954
15095.0	0.16238
15100.0	0.160149
15105.0	0.158944
15110.0	0.159083
15115.0	0.16042599999999999
15120.0	0.162436
15125.0	0.164392
15130.0	0.165615
15135.0	0.165786
15140.0	0.16481099999999999
15145.0	0.16303299999999998
15150.0	0.16125499999999998
15155.0	0.16003499999999998
15160.0	0.15981199999999998
15165.0	0.160619
15170.0	0.162115
15175.0	0.163724
15180.0	0.164864
15185.0	0.165122
15190.0	0.164373
15195.0	0.162831
15200.0	0.160938
15205.0	0.159193
15210.0	0.157966
15215.0	0.157399
15220.0	0.157413
15225.0	0.157807
15230.0	0.158389
15235.0	0.159065
15240.0	0.159852
15245.0	0.160822
15250.0	0.161995
15255.0	0.16325699999999999
15260.0	0.164398
15265.0	0.1649
15270.0	0.164374
15275.0	0.162736
15280.0	0.16004000000000002
15285.0	0.15691300000000002
15290.0	0.15398599999999998
15295.0	0.151863
15300.0	0.15098699999999998
15305.0	0.151474
15310.0	0.153069
15315.0	0.155121
15320.0	0.156932
15325.0	0.158119
15330.0	0.15851700000000002
15335.0	0.15826600000000002
15340.0	0.157747
15345.0	0.157421
15350.0	0.157626
15355.0	0.158408
15360.0	0.15950799999999998
15365.0	0.160478
15370.0	0.160838
15375.0	0.160261
15380.0	0.15870599999999999
15385.0	0.156454
15390.0	0.15402000000000002
15395.0	0.152159
15400.0	0.151226
15405.0	0.151509
15410.0	0.153029
15415.0	0.155339
15420.0	0.15775799999999998
15425.0	0.159576
15430.0	0.160306
15435.0	0.15984500000000001
15440.0	0.158323
15445.0	0.156193
15450.0	0.154111
15455.0	0.152648
15460.0	0.152121
15465.0	0.152522
15470.0	0.153559
15475.0	0.15479300000000001
15480.0	0.155778
15485.0	0.156197
15490.0	0.155928
15495.0	0.15507
15500.0	0.15388
15505.0	0.15268099999999998
15510.0	0.151753
15515.0	0.151222
15520.0	0.151123
15525.0	0.15143199999999998
15530.0	0.151602
15535.0	0.151256
15540.0	0.15073
15545.0	0.15029700000000001
15550.0	0.150057
15555.0	0.150232
15560.0	0.150674
15565.0	0.152362
15570.0	0.15523399999999998
15575.0	0.155309
15580.0	0.154068
15585.0	0.15274200000000002
15590.0	0.15123499999999998
15595.0	0.149804
15600.0	0.148671
15605.0	0.148033
15610.0	0.147978
15615.0	0.148465
15620.0	0.14936300000000002
15625.0	0.150503
15630.0	0.1517
15635.0	0.15276900000000002
15640.0	0.15353699999999998
15645.0	0.153905
15650.0	0.153885
15655.0	0.153445
15660.0	0.152738
15665.0	0.151382
15670.0	0.14946600000000002
15675.0	0.148161
15680.0	0.147492
15685.0	0.147316
15690.0	0.147399
15695.0	0.14752300000000002
15700.0	0.147554
15705.0	0.14746199999999998
15710.0	0.147324
15715.0	0.14731
15720.0	0.147555
15725.0	0.148028
15730.0	0.148525
15735.0	0.148887
15740.0	0.147945
15745.0	0.14538099999999998
15750.0	0.143182
15755.0	0.141521
15760.0	0.140491
15765.0	0.140352
15770.0	0.14124
15775.0	0.14313299999999998
15780.0	0.145636
15785.0	0.148203
15790.0	0.150342
15795.0	0.15174100000000001
15800.0	0.152187
15805.0	0.151675
15810.0	0.150355
15815.0	0.148498
15820.0	0.14644300000000002
15825.0	0.144538
15830.0	0.143091
15835.0	0.142263
15840.0	0.142242
15845.0	0.143016
15850.0	0.143817
15855.0	0.144097
15860.0	0.143809
15865.0	0.142853
15870.0	0.14136700000000002
15875.0	0.139622
15880.0	0.137975
15885.0	0.136738
15890.0	0.13631500000000002
15895.0	0.136809
15900.0	0.13783
15905.0	0.139435
15910.0	0.140787
15915.0	0.141255
15920.0	0.141953
15925.0	0.142763
15930.0	0.143433
15935.0	0.143777
15940.0	0.14363
15945.0	0.142941
15950.0	0.141822
15955.0	0.140548
15960.0	0.139473
15965.0	0.138902
15970.0	0.138987
15975.0	0.139685
15980.0	0.140786
15985.0	0.141968
15990.0	0.142874
15995.0	0.143199
16000.0	0.142763
16005.0	0.141566
16010.0	0.139818
16015.0	0.137899
16020.0	0.13626300000000002
16025.0	0.135302
16030.0	0.135228
16035.0	0.13601400000000002
16040.0	0.137408
16045.0	0.139024
16050.0	0.140406
16055.0	0.14132999999999998
16060.0	0.141399
16065.0	0.140802
16070.0	0.139825
16075.0	0.138379
16080.0	0.136941
16085.0	0.135893
16090.0	0.135256
16095.0	0.135099
16100.0	0.135378
16105.0	0.136006
16110.0	0.13687
16115.0	0.13784200000000002
16120.0	0.13880499999999998
16125.0	0.13961700000000002
16130.0	0.140248
16135.0	0.140375
16140.0	0.138992
16145.0	0.137243
16150.0	0.136071
16155.0	0.135245
16160.0	0.134659
16165.0	0.134178
16170.0	0.1337
16175.0	0.133196
16180.0	0.132725
16185.0	0.132415
16190.0	0.132431
16195.0	0.13281700000000002
16200.0	0.133717
16205.0	0.134984
16210.0	0.13633499999999998
16215.0	0.137535
16220.0	0.138297
16225.0	0.138452
16230.0	0.137973
16235.0	0.136983
16240.0	0.135713
16245.0	0.134446
16250.0	0.133466
16255.0	0.132985
16260.0	0.13308299999999998
16265.0	0.133667
16270.0	0.134475
16275.0	0.135155
16280.0	0.13538499999999998
16285.0	0.13497699999999999
16290.0	0.133928
16295.0	0.132405
16300.0	0.130694
16305.0	0.129137
16310.0	0.128076
16315.0	0.12779100000000002
16320.0	0.12842
16325.0	0.129909
16330.0	0.131962
16335.0	0.134144
16340.0	0.135994
16345.0	0.136764
16350.0	0.136517
16355.0	0.135169
16360.0	0.132947
16365.0	0.130268
16370.0	0.127668
16375.0	0.12550899999999998
16380.0	0.12355899999999999
16385.0	0.12226
16390.0	0.12224600000000001
16395.0	0.123332
16400.0	0.12525799999999998
16405.0	0.12759
16410.0	0.12991
16415.0	0.131826
16420.0	0.13309
16425.0	0.134941
16430.0	0.13522
16435.0	0.133653
16440.0	0.131916
16445.0	0.130634
16450.0	0.129794
16455.0	0.129418
16460.0	0.129355
16465.0	0.129389
16470.0	0.12928599999999998
16475.0	0.1289
16480.0	0.128235
16485.0	0.12743800000000002
16490.0	0.12681199999999998
16495.0	0.12653
16500.0	0.126718
16505.0	0.127369
16510.0	0.128338
16515.0	0.129393
16520.0	0.130246
16525.0	0.13061199999999998
16530.0	0.130275
16535.0	0.129169
16540.0	0.12743
16545.0	0.125379
16550.0	0.123427
16555.0	0.121945
16560.0	0.12118699999999999
16565.0	0.121251
16570.0	0.122092
16575.0	0.123551
16580.0	0.125375
16585.0	0.12725899999999998
16590.0	0.128898
16595.0	0.130064
16600.0	0.130674
16605.0	0.1308
16610.0	0.13061199999999998
16615.0	0.130301
16620.0	0.13001400000000002
16625.0	0.12980799999999998
16630.0	0.129674
16635.0	0.129502
16640.0	0.129141
16645.0	0.12851500000000002
16650.0	0.127564
16655.0	0.126357
16660.0	0.125059
16665.0	0.12387000000000001
16670.0	0.122978
16675.0	0.122478
16680.0	0.122503
16685.0	0.12302
16690.0	0.123448
16695.0	0.123374
16700.0	0.12333499999999999
16705.0	0.12330899999999999
16710.0	0.123276
16715.0	0.12318599999999999
16720.0	0.12296900000000001
16725.0	0.12256700000000001
16730.0	0.12195399999999999
16735.0	0.12116099999999999
16740.0	0.120271
16745.0	0.119406
16750.0	0.118699
16755.0	0.11826099999999999
16760.0	0.11815
16765.0	0.118346
16770.0	0.11875999999999999
16775.0	0.119255
16780.0	0.119709
16785.0	0.11996300000000001
16790.0	0.119877
16795.0	0.119585
16800.0	0.119164
16805.0	0.118782
16810.0	0.118625
16815.0	0.11882999999999999
16820.0	0.11945599999999999
16825.0	0.120451
16830.0	0.12166500000000001
16835.0	0.122874
16840.0	0.12384200000000001
16845.0	0.12437100000000001
16850.0	0.124357
16855.0	0.12381500000000001
16860.0	0.12287000000000001
16865.0	0.121733
16870.0	0.120628
16875.0	0.119775
16880.0	0.11929000000000001
16885.0	0.119046
16890.0	0.120334
16895.0	0.12105899999999999
16900.0	0.120305
16905.0	0.119173
16910.0	0.118057
16915.0	0.11685799999999999
16920.0	0.115625
16925.0	0.114445
16930.0	0.113375
16935.0	0.112666
16940.0	0.112401
16945.0	0.11257
16950.0	0.113206
16955.0	0.114176
16960.0	0.11529400000000001
16965.0	0.11632999999999999
16970.0	0.117065
16975.0	0.11733900000000001
16980.0	0.11708099999999999
16985.0	0.116336
16990.0	0.11526099999999999
16995.0	0.114095
17000.0	0.11311600000000001
17005.0	0.112576
17010.0	0.11263900000000002
17015.0	0.113347
17020.0	0.114601
17025.0	0.11617100000000001
17030.0	0.117746
17035.0	0.11899900000000001
17040.0	0.11966500000000001
17045.0	0.119602
17050.0	0.11882000000000001
17055.0	0.117468
17060.0	0.115799
17065.0	0.114113
17070.0	0.112703
17075.0	0.11179800000000001
17080.0	0.11154000000000001
17085.0	0.111872
17090.0	0.11272
17095.0	0.113875
17100.0	0.114899
17105.0	0.11556500000000001
17110.0	0.11568099999999999
17115.0	0.11520699999999999
17120.0	0.114247
17125.0	0.11300299999999999
17130.0	0.11171700000000001
17135.0	0.110622
17140.0	0.10990899999999999
17145.0	0.109695
17150.0	0.11001500000000002
17155.0	0.110805
17160.0	0.111919
17165.0	0.11315599999999999
17170.0	0.114304
17175.0	0.11518199999999999
17180.0	0.11567899999999999
17185.0	0.11575899999999999
17190.0	0.11545599999999999
17195.0	0.114854
17200.0	0.11406
17205.0	0.113185
17210.0	0.112325
17215.0	0.111545
17220.0	0.110884
17225.0	0.11035
17230.0	0.10993599999999999
17235.0	0.109625
17240.0	0.10940899999999999
17245.0	0.109266
17250.0	0.10923
17255.0	0.109303
17260.0	0.109464
17265.0	0.109722
17270.0	0.110045
17275.0	0.110325
17280.0	0.11028699999999998
17285.0	0.11003299999999999
17290.0	0.10982
17295.0	0.10961099999999999
17300.0	0.109394
17305.0	0.10913900000000001
17310.0	0.10882
17315.0	0.108424
17320.0	0.107956
17325.0	0.10744300000000001
17330.0	0.10692
17335.0	0.106429
17340.0	0.106004
17345.0	0.10566199999999999
17350.0	0.105403
17355.0	0.10521300000000001
17360.0	0.10507000000000001
17365.0	0.10495299999999999
17370.0	0.104853
17375.0	0.104775
17380.0	0.104736
17385.0	0.10476099999999999
17390.0	0.104876
17395.0	0.105082
17400.0	0.105421
17405.0	0.10550799999999999
17410.0	0.10510599999999999
17415.0	0.104754
17420.0	0.10460599999999999
17425.0	0.10463800000000001
17430.0	0.104801
17435.0	0.105049
17440.0	0.105351
17445.0	0.105678
17450.0	0.106004
17455.0	0.106313
17460.0	0.106591
17465.0	0.10683599999999999
17470.0	0.107045
17475.0	0.107208
17480.0	0.10731099999999999
17485.0	0.107329
17490.0	0.10724000000000002
17495.0	0.107029
17500.0	0.106699
17505.0	0.106269
17510.0	0.105772
17515.0	0.105254
17520.0	0.10475799999999999
17525.0	0.104323
17530.0	0.103975
17535.0	0.103725
17540.0	0.10356900000000001
17545.0	0.10349000000000001
17550.0	0.10346500000000002
17555.0	0.103467
17560.0	0.103473
17565.0	0.10346099999999998
17570.0	0.103422
17575.0	0.103344
17580.0	0.10319600000000001
17585.0	0.10299000000000001
17590.0	0.102718
17595.0	0.102379
17600.0	0.101988
17605.0	0.101569
17610.0	0.101158
17615.0	0.10079099999999999
17620.0	0.100508
17625.0	0.100348
17630.0	0.100345
17635.0	0.100518
17640.0	0.10087
17645.0	0.101375
17650.0	0.101977
17655.0	0.10258699999999998
17660.0	0.1031
17665.0	0.103414
17670.0	0.10345499999999999
17675.0	0.103203
17680.0	0.102692
17685.0	0.102006
17690.0	0.101256
17695.0	0.100553
17700.0	0.099996
17705.0	0.09965299999999999
17710.0	0.099553
17715.0	0.099686
17720.0	0.099997
17725.0	0.100397
17730.0	0.10077
17735.0	0.100991
17740.0	0.101022
17745.0	0.10076
17750.0	0.100209
17755.0	0.09955499999999999
17760.0	0.098876
17765.0	0.098291
17770.0	0.097903
17775.0	0.09776599999999999
17780.0	0.097887
17785.0	0.098225
17790.0	0.098695
17795.0	0.09918400000000001
17800.0	0.099565
17805.0	0.099723
17810.0	0.099587
17815.0	0.09915
17820.0	0.098472
17825.0	0.09767100000000001
17830.0	0.09689500000000001
17835.0	0.09629
17840.0	0.095968
17845.0	0.09599099999999999
17850.0	0.096358
17855.0	0.09700800000000001
17860.0	0.097822
17865.0	0.098649
17870.0	0.099334
17875.0	0.099748
17880.0	0.09981699999999999
17885.0	0.09954
17890.0	0.098974
17895.0	0.098226
17900.0	0.09742200000000001
17905.0	0.096696
17910.0	0.096113
17915.0	0.095747
17920.0	0.095691
17925.0	0.095815
17930.0	0.09604700000000001
17935.0	0.096315
17940.0	0.096502
17945.0	0.09651799999999999
17950.0	0.096317
17955.0	0.0959
17960.0	0.095324
17965.0	0.09468700000000001
17970.0	0.094108
17975.0	0.093706
17980.0	0.09358
17985.0	0.09378
17990.0	0.09429
17995.0	0.095124
18000.0	0.095944
18005.0	0.096445
18010.0	0.096827
18015.0	0.096997
18020.0	0.096886
18025.0	0.09650299999999999
18030.0	0.095885
18035.0	0.095121
18040.0	0.094333
18045.0	0.093639
18050.0	0.093137
18055.0	0.092874
18060.0	0.09284500000000001
18065.0	0.093
18070.0	0.093263
18075.0	0.093543
18080.0	0.09374199999999999
18085.0	0.09382
18090.0	0.093721
18095.0	0.09338099999999999
18100.0	0.092921
18105.0	0.092429
18110.0	0.091988
18115.0	0.091705
18120.0	0.091638
18125.0	0.091793
18130.0	0.092132
18135.0	0.092592
18140.0	0.09309500000000001
18145.0	0.09356
18150.0	0.09391000000000001
18155.0	0.094079
18160.0	0.094036
18165.0	0.093796
18170.0	0.093422
18175.0	0.09300900000000001
18180.0	0.09264800000000001
18185.0	0.092389
18190.0	0.092224
18195.0	0.092101
18200.0	0.091959
18205.0	0.09175599999999999
18210.0	0.09146900000000001
18215.0	0.091081
18220.0	0.090581
18225.0	0.08997000000000001
18230.0	0.089289
18235.0	0.08863
18240.0	0.088119
18245.0	0.087884
18250.0	0.088023
18255.0	0.088571
18260.0	0.089482
18265.0	0.090633
18270.0	0.091784
18275.0	0.092723
18280.0	0.09335399999999999
18285.0	0.093579
18290.0	0.093346
18295.0	0.09264
18300.0	0.09147999999999999
18305.0	0.089962
18310.0	0.088282
18315.0	0.08670499999999999
18320.0	0.085504
18325.0	0.084886
18330.0	0.084951
18335.0	0.085672
18340.0	0.086887
18345.0	0.088352
18350.0	0.089816
18355.0	0.091074
18360.0	0.091975
18365.0	0.09242
18370.0	0.092359
18375.0	0.091821
18380.0	0.09094
18385.0	0.08993200000000001
18390.0	0.089003
18395.0	0.088287
18400.0	0.08783200000000001
18405.0	0.087623
18410.0	0.087614
18415.0	0.087729
18420.0	0.087862
18425.0	0.087885
18430.0	0.08769500000000001
18435.0	0.087259
18440.0	0.086653
18445.0	0.08595900000000001
18450.0	0.085332
18455.0	0.085022
18460.0	0.08509
18465.0	0.08552799999999999
18470.0	0.086234
18475.0	0.086966
18480.0	0.087594
18485.0	0.08807100000000001
18490.0	0.088383
18495.0	0.088494
18500.0	0.088327
18505.0	0.087791
18510.0	0.086857
18515.0	0.08567999999999999
18520.0	0.08450099999999999
18525.0	0.083538
18530.0	0.082897
18535.0	0.082622
18540.0	0.0827
18545.0	0.08307200000000001
18550.0	0.083638
18555.0	0.084288
18560.0	0.084924
18565.0	0.085461
18570.0	0.08582000000000001
18575.0	0.08593200000000001
18580.0	0.085752
18585.0	0.085279
18590.0	0.084589
18595.0	0.083799
18600.0	0.083038
18605.0	0.08240399999999999
18610.0	0.081947
18615.0	0.081686
18620.0	0.081612
18625.0	0.081703
18630.0	0.08191799999999999
18635.0	0.082207
18640.0	0.08252000000000001
18645.0	0.082812
18650.0	0.083075
18655.0	0.083346
18660.0	0.08372
18665.0	0.084366
18670.0	0.085372
18675.0	0.08654400000000001
18680.0	0.087326
18685.0	0.087506
18690.0	0.087352
18695.0	0.087027
18700.0	0.086601
18705.0	0.086064
18710.0	0.085344
18715.0	0.084323
18720.0	0.083175
18725.0	0.082363
18730.0	0.082203
18735.0	0.082446
18740.0	0.082661
18745.0	0.082729
18750.0	0.08267100000000001
18755.0	0.082522
18760.0	0.08227999999999999
18765.0	0.08191699999999999
18770.0	0.081386
18775.0	0.080699
18780.0	0.08001
18785.0	0.079515
18790.0	0.079297
18795.0	0.079288
18800.0	0.079401
18805.0	0.079576
18810.0	0.07977000000000001
18815.0	0.079948
18820.0	0.080094
18825.0	0.080198
18830.0	0.08024500000000001
18835.0	0.08025299999999999
18840.0	0.08023200000000001
18845.0	0.08018099999999999
18850.0	0.080108
18855.0	0.080029
18860.0	0.07996900000000001
18865.0	0.079955
18870.0	0.08000700000000001
18875.0	0.080126
18880.0	0.080295
18885.0	0.080471
18890.0	0.080601
18895.0	0.08064099999999999
18900.0	0.08058
18905.0	0.080424
18910.0	0.080188
18915.0	0.079877
18920.0	0.079492
18925.0	0.079036
18930.0	0.078526
18935.0	0.077999
18940.0	0.07749
18945.0	0.07702300000000001
18950.0	0.076593
18955.0	0.076201
18960.0	0.07587100000000001
18965.0	0.075664
18970.0	0.075642
18975.0	0.075837
18980.0	0.07622999999999999
18985.0	0.076779
18990.0	0.077445
18995.0	0.078199
19000.0	0.07901699999999999
19005.0	0.079846
19010.0	0.08062000000000001
19015.0	0.081294
19020.0	0.081653
19025.0	0.081545
19030.0	0.081098
19035.0	0.080358
19040.0	0.079386
19045.0	0.078325
19050.0	0.07725900000000001
19055.0	0.07624500000000001
19060.0	0.075325
19065.0	0.074546
19070.0	0.07396900000000001
19075.0	0.073659
19080.0	0.073658
19085.0	0.073942
19090.0	0.074442
19095.0	0.075073
19100.0	0.075765
19105.0	0.07644400000000001
19110.0	0.07701000000000001
19115.0	0.07736699999999999
19120.0	0.077476
19125.0	0.077365
19130.0	0.077088
19135.0	0.076687
19140.0	0.076188
19145.0	0.07560399999999999
19150.0	0.074965
19155.0	0.07432899999999999
19160.0	0.073809
19165.0	0.073504
19170.0	0.073464
19175.0	0.073665
19180.0	0.074056
19185.0	0.074574
19190.0	0.075139
19195.0	0.075669
19200.0	0.076087
19205.0	0.076333
19210.0	0.076414
19215.0	0.07631900000000001
19220.0	0.075971
19225.0	0.07542599999999999
19230.0	0.074757
19235.0	0.073973
19240.0	0.073155
19245.0	0.072408
19250.0	0.07183400000000001
19255.0	0.071515
19260.0	0.0715
19265.0	0.07180299999999999
19270.0	0.072388
19275.0	0.073183
19280.0	0.074089
19285.0	0.07500599999999999
19290.0	0.075847
19295.0	0.076541
19300.0	0.07703099999999999
19305.0	0.07726799999999999
19310.0	0.07721499999999999
19315.0	0.076863
19320.0	0.076238
19325.0	0.075406
19330.0	0.074461
19335.0	0.073495
19340.0	0.07259
19345.0	0.071805
19350.0	0.071177
19355.0	0.07072200000000001
19360.0	0.070441
19365.0	0.07032000000000001
19370.0	0.07033400000000001
19375.0	0.07044700000000001
19380.0	0.070621
19385.0	0.07081799999999999
19390.0	0.070998
19395.0	0.071128
19400.0	0.071184
19405.0	0.071151
19410.0	0.07103200000000001
19415.0	0.070845
19420.0	0.070601
19425.0	0.070332
19430.0	0.07008400000000001
19435.0	0.069883
19440.0	0.069747
19445.0	0.06969
19450.0	0.069713
19455.0	0.06980700000000001
19460.0	0.069952
19465.0	0.070124
19470.0	0.070298
19475.0	0.07044500000000001
19480.0	0.07054500000000001
19485.0	0.070578
19490.0	0.07053200000000001
19495.0	0.070413
19500.0	0.070217
19505.0	0.06994
19510.0	0.069712
19515.0	0.06963899999999999
19520.0	0.069708
19525.0	0.06992000000000001
19530.0	0.070278
19535.0	0.070758
19540.0	0.071314
19545.0	0.071884
19550.0	0.072385
19555.0	0.072749
19560.0	0.07292799999999999
19565.0	0.072915
19570.0	0.072727
19575.0	0.072396
19580.0	0.07195
19585.0	0.071412
19590.0	0.0708
19595.0	0.070119
19600.0	0.06945599999999999
19605.0	0.068939
19610.0	0.068479
19615.0	0.068034
19620.0	0.067688
19625.0	0.067479
19630.0	0.067413
19635.0	0.06747
19640.0	0.067639
19645.0	0.06789500000000001
19650.0	0.06819
19655.0	0.068476
19660.0	0.068718
19665.0	0.068898
19670.0	0.069003
19675.0	0.069024
19680.0	0.068967
19685.0	0.068852
19690.0	0.068705
19695.0	0.06856
19700.0	0.068448
19705.0	0.06839400000000001
19710.0	0.06841
19715.0	0.068492
19720.0	0.068625
19725.0	0.06878300000000001
19730.0	0.068936
19735.0	0.069051
19740.0	0.069103
19745.0	0.06907
19750.0	0.06894
19755.0	0.068712
19760.0	0.06839500000000001
19765.0	0.068013
19770.0	0.067599
19775.0	0.067196
19780.0	0.066844
19785.0	0.066577
19790.0	0.066413
19795.0	0.066354
19800.0	0.066381
19805.0	0.06646
19810.0	0.06655499999999999
19815.0	0.06662699999999999
19820.0	0.06664500000000001
19825.0	0.066597
19830.0	0.066487
19835.0	0.06629700000000001
19840.0	0.06602999999999999
19845.0	0.065734
19850.0	0.065439
19855.0	0.065169
19860.0	0.06496299999999999
19865.0	0.064856
19870.0	0.064873
19875.0	0.06502000000000001
19880.0	0.065289
19885.0	0.06565
19890.0	0.06606000000000001
19895.0	0.066469
19900.0	0.066827
19905.0	0.067092
19910.0	0.067232
19915.0	0.067231
19920.0	0.067089
19925.0	0.066819
19930.0	0.066451
19935.0	0.066024
19940.0	0.065585
19945.0	0.065184
19950.0	0.06486900000000001
19955.0	0.064678
19960.0	0.06463200000000001
19965.0	0.064743
19970.0	0.065
19975.0	0.065376
19980.0	0.065828
19985.0	0.066295
19990.0	0.066704
19995.0	0.066973
20000.0	0.06702999999999999
20005.0	0.066819
20010.0	0.066335
20015.0	0.065622
20020.0	0.064789
20025.0	0.06399500000000001
20030.0	0.063416
20035.0	0.063198
20040.0	0.063374
20045.0	0.06387000000000001
20050.0	0.06451599999999999
20055.0	0.06513200000000001
20060.0	0.065579
20065.0	0.06581000000000001
20070.0	0.065841
20075.0	0.065713
20080.0	0.065467
20085.0	0.06514400000000001
20090.0	0.064772
20095.0	0.064381
20100.0	0.064002
20105.0	0.063676
20110.0	0.063448
20115.0	0.06336599999999999
20120.0	0.063468
20125.0	0.063775
20130.0	0.064728
20135.0	0.066018
20140.0	0.063795
20145.0	0.065872
20150.0	0.0674
20155.0	0.06689500000000001
20160.0	0.066211
20165.0	0.065403
20170.0	0.064153
20175.0	0.06336599999999999
20180.0	0.063447
20185.0	0.063
20190.0	0.06304900000000001
20195.0	0.06316000000000001
20200.0	0.062848
20205.0	0.06353099999999999
20210.0	0.063309
20215.0	0.062344000000000004
20220.0	0.06308899999999999
20225.0	0.063687
20230.0	0.063113
20235.0	0.063429
20240.0	0.063365
20245.0	0.063376
20250.0	0.064179
20255.0	0.063911
20260.0	0.06377999999999999
20265.0	0.06371900000000001
20270.0	0.063309
20275.0	0.06275800000000001
20280.0	0.062675
20285.0	0.062084
20290.0	0.061791
20295.0	0.062015999999999995
20300.0	0.061377999999999995
20305.0	0.061444000000000006
20310.0	0.061966
20315.0	0.062696
20320.0	0.062735
20325.0	0.062691
20330.0	0.062807
20335.0	0.062751
20340.0	0.06261699999999999
20345.0	0.062692
20350.0	0.062014
20355.0	0.062252999999999996
20360.0	0.062299
20365.0	0.062202
20370.0	0.06191699999999999
20375.0	0.061878999999999997
20380.0	0.06179199999999999
20385.0	0.061110000000000005
20390.0	0.061446
20395.0	0.061877999999999996
20400.0	0.061952
20405.0	0.061636
20410.0	0.061780999999999996
20415.0	0.062379
20420.0	0.06193200000000001
20425.0	0.06218200000000001
20430.0	0.062334
20435.0	0.06193099999999999
20440.0	0.061644000000000004
20445.0	0.06160499999999999
20450.0	0.061304
20455.0	0.061249
20460.0	0.06143200000000001
20465.0	0.061467999999999995
20470.0	0.061152
20475.0	0.060687
20480.0	0.060758000000000006
20485.0	0.060323
20490.0	0.060125
20495.0	0.060247
20500.0	0.059473000000000005
20505.0	0.059616999999999996
20510.0	0.059661
20515.0	0.059377
20520.0	0.059491999999999996
20525.0	0.059490999999999995
20530.0	0.060003999999999995
20535.0	0.059989
20540.0	0.059628999999999995
20545.0	0.059909000000000004
20550.0	0.059834000000000005
20555.0	0.059596
20560.0	0.060228
20565.0	0.060147000000000006
20570.0	0.06014
20575.0	0.060167
20580.0	0.059845
20585.0	0.060158
20590.0	0.059780999999999994
20595.0	0.059257000000000004
20600.0	0.058876
20605.0	0.058249
20610.0	0.05773300000000001
20615.0	0.058598000000000004
20620.0	0.05864
20625.0	0.058898
20630.0	0.057925
20635.0	0.056429999999999994
20640.0	0.057324
20645.0	0.057935
20650.0	0.057914999999999994
20655.0	0.05803099999999999
20660.0	0.058375
20665.0	0.058355
20670.0	0.058396
20675.0	0.058183000000000006
20680.0	0.057988
20685.0	0.05826900000000001
20690.0	0.058159
20695.0	0.058234
20700.0	0.057867999999999996
20705.0	0.05665599999999999
20710.0	0.05815
20715.0	0.058491999999999995
20720.0	0.05773
20725.0	0.057825
20730.0	0.058433000000000006
20735.0	0.057799
20740.0	0.057428
20745.0	0.05790700000000001
20750.0	0.05803099999999999
20755.0	0.058276
20760.0	0.058517999999999994
20765.0	0.058003
20770.0	0.058128
20775.0	0.057803
20780.0	0.057215999999999996
20785.0	0.057408
20790.0	0.057094000000000006
20795.0	0.056791999999999995
20800.0	0.056648000000000004
20805.0	0.056277999999999995
20810.0	0.055465
20815.0	0.05629
20820.0	0.056576
20825.0	0.056902
20830.0	0.05683200000000001
20835.0	0.056938
20840.0	0.057184000000000006
20845.0	0.056417999999999996
20850.0	0.056498
20855.0	0.056953
20860.0	0.057003
20865.0	0.057149
20870.0	0.057358000000000006
20875.0	0.057305999999999996
20880.0	0.056991999999999994
20885.0	0.056787
20890.0	0.056620000000000004
20895.0	0.05616
20900.0	0.056163
20905.0	0.055897
20910.0	0.055911
20915.0	0.055853
20920.0	0.054717999999999996
20925.0	0.054502999999999996
20930.0	0.055282000000000005
20935.0	0.055838
20940.0	0.055669
20945.0	0.055666999999999994
20950.0	0.055617999999999994
20955.0	0.05552000000000001
20960.0	0.055471000000000006
20965.0	0.055437
20970.0	0.055544
20975.0	0.055464
20980.0	0.055292999999999995
20985.0	0.055542999999999995
20990.0	0.055531
20995.0	0.055406
21000.0	0.055438
21005.0	0.055361
21010.0	0.055467999999999996
21015.0	0.055353
21020.0	0.055148
21025.0	0.055116
21030.0	0.055029999999999996
21035.0	0.055387
21040.0	0.055276
21045.0	0.055313
21050.0	0.054995
21055.0	0.054899
21060.0	0.05429400000000001
21065.0	0.052222000000000005
21070.0	0.05321
21075.0	0.054479999999999994
21080.0	0.05451
21085.0	0.054376
21090.0	0.053849
21095.0	0.053389
21100.0	0.052699
21105.0	0.05318200000000001
21110.0	0.053233
21115.0	0.053002
21120.0	0.052889
21125.0	0.052777
21130.0	0.052197
21135.0	0.05229299999999999
21140.0	0.052119000000000006
21145.0	0.052174
21150.0	0.052391999999999994
21155.0	0.052561000000000004
21160.0	0.053084000000000006
21165.0	0.052436
21170.0	0.051387
21175.0	0.052674
21180.0	0.053282
21185.0	0.05339
21190.0	0.053447
21195.0	0.052912
21200.0	0.052520000000000004
21205.0	0.053069000000000005
21210.0	0.05289
21215.0	0.05260700000000001
21220.0	0.052825
21225.0	0.053364999999999996
21230.0	0.05319
21235.0	0.05315399999999999
21240.0	0.05301
21245.0	0.052498
21250.0	0.052897
21255.0	0.052812
21260.0	0.052746
21265.0	0.052238
21270.0	0.052584000000000006
21275.0	0.052862
21280.0	0.05255800000000001
21285.0	0.052507000000000005
21290.0	0.05249500000000001
21295.0	0.05255
21300.0	0.052384
21305.0	0.05243300000000001
21310.0	0.05241900000000001
21315.0	0.052525999999999996
21320.0	0.052572
21325.0	0.052391
21330.0	0.052326
21335.0	0.052532
21340.0	0.05259199999999999
21345.0	0.05227999999999999
21350.0	0.05204400000000001
21355.0	0.051523
21360.0	0.050512
21365.0	0.051811
21370.0	0.051871
21375.0	0.051258000000000005
21380.0	0.051383000000000005
21385.0	0.051489
21390.0	0.051471
21395.0	0.051541
21400.0	0.051207
21405.0	0.051168
21410.0	0.051315
21415.0	0.051174000000000004
21420.0	0.051048
21425.0	0.050925
21430.0	0.050683
21435.0	0.050531
21440.0	0.050912
21445.0	0.050568
21450.0	0.050437
21455.0	0.050545
21460.0	0.050262
21465.0	0.050362
21470.0	0.050741
21475.0	0.050447000000000006
21480.0	0.050339
21485.0	0.050328
21490.0	0.049625
21495.0	0.049343
21500.0	0.04964
21505.0	0.049804
21510.0	0.049738
21515.0	0.049826
21520.0	0.049682
21525.0	0.049602
21530.0	0.049759
21535.0	0.050092000000000005
21540.0	0.050232
21545.0	0.050285
21550.0	0.050324
21555.0	0.050292
21560.0	0.050122
21565.0	0.050072000000000005
21570.0	0.05018
21575.0	0.050229
21580.0	0.050067
21585.0	0.049812999999999996
21590.0	0.049753
21595.0	0.049673
21600.0	0.049862000000000004
21605.0	0.049856
21610.0	0.049389999999999996
21615.0	0.048929
21620.0	0.048096
21625.0	0.048082
21630.0	0.048337
21635.0	0.048634
21640.0	0.048383999999999996
21645.0	0.048126
21650.0	0.047169
21655.0	0.046107999999999996
21660.0	0.045455
21665.0	0.045129
21670.0	0.045384
21675.0	0.046374
21680.0	0.047242
21685.0	0.047345
21690.0	0.047553
21695.0	0.047887
21700.0	0.047550999999999996
21705.0	0.047429
21710.0	0.047591
21715.0	0.047641
21720.0	0.047549
21725.0	0.047557
21730.0	0.047494999999999996
21735.0	0.04734
21740.0	0.047637
21745.0	0.047811
21750.0	0.047881
21755.0	0.048014
21760.0	0.047711
21765.0	0.047714
21770.0	0.047895
21775.0	0.047982
21780.0	0.048013
21785.0	0.046924
21790.0	0.047699
21795.0	0.048317
21800.0	0.048394
21805.0	0.04841
21810.0	0.048310000000000006
21815.0	0.048435
21820.0	0.0479
21825.0	0.046696
21830.0	0.046886000000000004
21835.0	0.047205000000000004
21840.0	0.047221
21845.0	0.04716
21850.0	0.047101
21855.0	0.046834
21860.0	0.04682
21865.0	0.046916
21870.0	0.047037999999999996
21875.0	0.046801
21880.0	0.04639
21885.0	0.045963
21890.0	0.046648
21895.0	0.047167
21900.0	0.046974
21905.0	0.047056
21910.0	0.047373
21915.0	0.047812
21920.0	0.047847
21925.0	0.047652999999999994
21930.0	0.047432
21935.0	0.04727
21940.0	0.047216
21945.0	0.04723
21950.0	0.047055
21955.0	0.04672
21960.0	0.04654
21965.0	0.046234
21970.0	0.046238
21975.0	0.046133
21980.0	0.045864999999999996
21985.0	0.045731
21990.0	0.045810000000000003
21995.0	0.04578
22000.0	0.045906999999999996
22005.0	0.045906999999999996
22010.0	0.045875
22015.0	0.046002999999999995
22020.0	0.046137
22025.0	0.046444
22030.0	0.046447
22035.0	0.046415
22040.0	0.046404
22045.0	0.04626
22050.0	0.046099
22055.0	0.045758999999999994
22060.0	0.04498
22065.0	0.044360000000000004
22070.0	0.044301
22075.0	0.045158
22080.0	0.04505
22085.0	0.044918
22090.0	0.044448
22095.0	0.044933
22100.0	0.045129
22105.0	0.045117000000000004
22110.0	0.044959
22115.0	0.044967
22120.0	0.045149
22125.0	0.044916000000000005
22130.0	0.044893
22135.0	0.045161
22140.0	0.045148
22145.0	0.045142
22150.0	0.045203
22155.0	0.045044
22160.0	0.044904
22165.0	0.044909
22170.0	0.045131
22175.0	0.045093
22180.0	0.04482
22185.0	0.044733999999999996
22190.0	0.044856
22195.0	0.044886
22200.0	0.044815
22205.0	0.044965
22210.0	0.044871
22215.0	0.044725
22220.0	0.044832
22225.0	0.044873
22230.0	0.044903
22235.0	0.044813
22240.0	0.044839
22245.0	0.044716000000000006
22250.0	0.044471
22255.0	0.044567
22260.0	0.044245
22265.0	0.043716000000000005
22270.0	0.044220999999999996
22275.0	0.044141
22280.0	0.04415
22285.0	0.044152
22290.0	0.043903
22295.0	0.043809
22300.0	0.043613
22305.0	0.043562000000000003
22310.0	0.043334
22315.0	0.043047
22320.0	0.042957999999999996
22325.0	0.043018
22330.0	0.043063
22335.0	0.043193
22340.0	0.043113
22345.0	0.042944
22350.0	0.043174000000000004
22355.0	0.043211
22360.0	0.042974
22365.0	0.042839
22370.0	0.042986
22375.0	0.042957
22380.0	0.042811
22385.0	0.042331
22390.0	0.042352999999999995
22395.0	0.042831
22400.0	0.042963999999999995
22405.0	0.043026
22410.0	0.043079
22415.0	0.043073
22420.0	0.042957999999999996
22425.0	0.042694
22430.0	0.042783
22435.0	0.043041
22440.0	0.043031
22445.0	0.043084
22450.0	0.043318
22455.0	0.043274
22460.0	0.043182
22465.0	0.043281
22470.0	0.043167000000000004
22475.0	0.042783
22480.0	0.042265
22485.0	0.042802999999999994
22490.0	0.043115
22495.0	0.042966000000000004
22500.0	0.042692
22505.0	0.042557
22510.0	0.042454
22515.0	0.04215
22520.0	0.042002
22525.0	0.041898000000000005
22530.0	0.041776
22535.0	0.041707
22540.0	0.041413
22545.0	0.041089999999999995
22550.0	0.041373
22555.0	0.041227
22560.0	0.040913
22565.0	0.040868
22570.0	0.040835
22575.0	0.041212
22580.0	0.041214
22585.0	0.041177
22590.0	0.041312
22595.0	0.041447000000000005
22600.0	0.041325
22605.0	0.041432
22610.0	0.041375
22615.0	0.041051
22620.0	0.04129
22625.0	0.040788
22630.0	0.040573000000000005
22635.0	0.041175
22640.0	0.04173
22645.0	0.041755
22650.0	0.04149
22655.0	0.041264
22660.0	0.041237
22665.0	0.041563
22670.0	0.041237
22675.0	0.041259
22680.0	0.041402
22685.0	0.041135000000000005
22690.0	0.041098
22695.0	0.041185
22700.0	0.041035
22705.0	0.040827999999999996
22710.0	0.040785
22715.0	0.040529
22720.0	0.040587
22725.0	0.040498
22730.0	0.040394
22735.0	0.040475
22740.0	0.040323000000000005
22745.0	0.040031
22750.0	0.040175
22755.0	0.040239
22760.0	0.040119
22765.0	0.040208
22770.0	0.040179
22775.0	0.040155
22780.0	0.040139999999999995
22785.0	0.040193
22790.0	0.040228
22795.0	0.040144
22800.0	0.039943
22805.0	0.039935000000000005
22810.0	0.039088
22815.0	0.038185000000000004
22820.0	0.039177
22825.0	0.039529
22830.0	0.039498
22835.0	0.039608
22840.0	0.039721
22845.0	0.039984
22850.0	0.039876999999999996
22855.0	0.039899000000000004
22860.0	0.039992
22865.0	0.040063
22870.0	0.040052
22875.0	0.039923
22880.0	0.039896
22885.0	0.039974
22890.0	0.039812
22895.0	0.039635000000000004
22900.0	0.039497000000000004
22905.0	0.039332
22910.0	0.039053
22915.0	0.039129000000000004
22920.0	0.039292
22925.0	0.03915
22930.0	0.038883999999999995
22935.0	0.038249
22940.0	0.037994
22945.0	0.038366000000000004
22950.0	0.038356
22955.0	0.038327999999999994
22960.0	0.038212
22965.0	0.038312
22970.0	0.038514
22975.0	0.038794
22980.0	0.038752999999999996
22985.0	0.038602
22990.0	0.03855
22995.0	0.038834
23000.0	0.038912
23005.0	0.038649
23010.0	0.038870999999999996
23015.0	0.039069
23020.0	0.038876
23025.0	0.038741000000000005
23030.0	0.03868
23035.0	0.038782
23040.0	0.038842
23045.0	0.038635
23050.0	0.038531
23055.0	0.038639
23060.0	0.038566
23065.0	0.038472000000000006
23070.0	0.038326
23075.0	0.038374
23080.0	0.038227
23085.0	0.038275
23090.0	0.038234
23095.0	0.038127999999999995
23100.0	0.038145
23105.0	0.038189
23110.0	0.037958
23115.0	0.038027
23120.0	0.037945
23125.0	0.037832
23130.0	0.037942000000000004
23135.0	0.037818
23140.0	0.037786
23145.0	0.037567
23150.0	0.037199
23155.0	0.037498000000000004
23160.0	0.037642
23165.0	0.037405
23170.0	0.037135
23175.0	0.03703
23180.0	0.036942
23185.0	0.036989
23190.0	0.037006
23195.0	0.037278
23200.0	0.037462999999999996
23205.0	0.037358999999999996
23210.0	0.037125
23215.0	0.037142
23220.0	0.036942
23225.0	0.036354000000000004
23230.0	0.036048000000000004
23235.0	0.036275
23240.0	0.036294
23245.0	0.036392
23250.0	0.036470999999999996
23255.0	0.036442
23260.0	0.036645
23265.0	0.036808999999999995
23270.0	0.036758
23275.0	0.036757
23280.0	0.036763
23285.0	0.036698
23290.0	0.036774
23295.0	0.036808
23300.0	0.036771
23305.0	0.036907
23310.0	0.036885
23315.0	0.036751
23320.0	0.036769
23325.0	0.036798000000000004
23330.0	0.036624000000000004
23335.0	0.036579
23340.0	0.036645
23345.0	0.036748
23350.0	0.036466000000000005
23355.0	0.036062000000000004
23360.0	0.03644
23365.0	0.036537
23370.0	0.036291000000000004
23375.0	0.036368
23380.0	0.03609
23385.0	0.035613
23390.0	0.035887999999999996
23395.0	0.036396
23400.0	0.03633
23405.0	0.036217
23410.0	0.03622
23415.0	0.036088999999999996
23420.0	0.036307
23425.0	0.036326
23430.0	0.036263
23435.0	0.036299
23440.0	0.036369
23445.0	0.036422
23450.0	0.036134
23455.0	0.036059
23460.0	0.036293
23465.0	0.036192
23470.0	0.035951
23475.0	0.035875
23480.0	0.035508
23485.0	0.035264
23490.0	0.035355000000000004
23495.0	0.035311
23500.0	0.035357
23505.0	0.03511
23510.0	0.034761
23515.0	0.034845
23520.0	0.034814
23525.0	0.034069
23530.0	0.033806
23535.0	0.033849000000000004
23540.0	0.033833999999999996
23545.0	0.033856
23550.0	0.034047
23555.0	0.03415
23560.0	0.034003
23565.0	0.034238
23570.0	0.034384
23575.0	0.034369
23580.0	0.034587
23585.0	0.034617
23590.0	0.034794
23595.0	0.034987
23600.0	0.035209
23605.0	0.035521
23610.0	0.035545
23615.0	0.035502
23620.0	0.035563
23625.0	0.035653
23630.0	0.035503
23635.0	0.035329
23640.0	0.035433
23645.0	0.035273
23650.0	0.035107
23655.0	0.034928
23660.0	0.034899
23665.0	0.034703
23670.0	0.034394
23675.0	0.03411
23680.0	0.034071
23685.0	0.033823
23690.0	0.033701999999999996
23695.0	0.033788
23700.0	0.033713
23705.0	0.033780000000000004
23710.0	0.033863
23715.0	0.034020999999999996
23720.0	0.034151
23725.0	0.034082999999999995
23730.0	0.034244
23735.0	0.034674
23740.0	0.034799000000000004
23745.0	0.034872
23750.0	0.035042000000000004
23755.0	0.03518
23760.0	0.03517
23765.0	0.035062
23770.0	0.034894
23775.0	0.034811
23780.0	0.034636
23785.0	0.034413
23790.0	0.034304
23795.0	0.03403
23800.0	0.033813
23805.0	0.033794
23810.0	0.033645
23815.0	0.033546
23820.0	0.033496
23825.0	0.033158
23830.0	0.032412
23835.0	0.032227
23840.0	0.032458
23845.0	0.032146
23850.0	0.031775
23855.0	0.032087
23860.0	0.032348
23865.0	0.032187
23870.0	0.032573000000000005
23875.0	0.03284
23880.0	0.032931999999999996
23885.0	0.033179
23890.0	0.033208999999999995
23895.0	0.033059
23900.0	0.033007999999999996
23905.0	0.033046
23910.0	0.032986
23915.0	0.032921
23920.0	0.032972
23925.0	0.032723
23930.0	0.032513
23935.0	0.032701
23940.0	0.032808
23945.0	0.032666
23950.0	0.032645
23955.0	0.032574
23960.0	0.032516
23965.0	0.032492
23970.0	0.032327999999999996
23975.0	0.032507999999999995
23980.0	0.032543
23985.0	0.032684
23990.0	0.03277
23995.0	0.032823000000000005
24000.0	0.032701999999999995
24005.0	0.032555
24010.0	0.032820999999999996
24015.0	0.032964999999999994
24020.0	0.032854
24025.0	0.032791
24030.0	0.032871
24035.0	0.032816000000000005
24040.0	0.032444
24045.0	0.0326
24050.0	0.032797
24055.0	0.032456
24060.0	0.03232
24065.0	0.032780000000000004
24070.0	0.032944
24075.0	0.032435000000000005
24080.0	0.0323
24085.0	0.032088
24090.0	0.032588
24095.0	0.032585
24100.0	0.033056
24105.0	0.033012
24110.0	0.032951999999999995
24115.0	0.032872000000000005
24120.0	0.032770999999999995
24125.0	0.032648
24130.0	0.032504000000000005
24135.0	0.032341
24140.0	0.032162
24145.0	0.031973
24150.0	0.031781000000000004
24155.0	0.031591
24160.0	0.031412
24165.0	0.031251999999999995
24170.0	0.031118
24175.0	0.031016000000000002
24180.0	0.030951
24185.0	0.030927999999999997
24190.0	0.030947000000000002
24195.0	0.031007999999999997
24200.0	0.031107
24205.0	0.031242000000000002
24210.0	0.031404
24215.0	0.031583
24220.0	0.031773
24225.0	0.031968
24230.0	0.032161
24235.0	0.032336000000000004
24240.0	0.032475
24245.0	0.032575
24250.0	0.032641
24255.0	0.032672
24260.0	0.032664
24265.0	0.032614
24270.0	0.032524000000000004
24275.0	0.032401
24280.0	0.032249
24285.0	0.032076
24290.0	0.031888
24295.0	0.031694
24300.0	0.031499
24305.0	0.031312
24310.0	0.031139
24315.0	0.030983
24320.0	0.03085
24325.0	0.030743
24330.0	0.030662000000000002
24335.0	0.030608
24340.0	0.030581
24345.0	0.030579000000000002
24350.0	0.0306
24355.0	0.030639999999999997
24360.0	0.030695999999999998
24365.0	0.030764
24370.0	0.030841000000000004
24375.0	0.030923000000000003
24380.0	0.031007999999999997
24385.0	0.031094
24390.0	0.031179000000000002
24395.0	0.031264
24400.0	0.03135
24405.0	0.031437
24410.0	0.031526
24415.0	0.031619
24420.0	0.031715
24425.0	0.031816000000000004
24430.0	0.031918
24435.0	0.03202
24440.0	0.032117
24445.0	0.032204
24450.0	0.032274000000000004
24455.0	0.032320999999999996
24460.0	0.03234
24465.0	0.032323000000000005
24470.0	0.032268
24475.0	0.03217
24480.0	0.032029
24485.0	0.031847
24490.0	0.031626
24495.0	0.031370999999999996
24500.0	0.031089999999999996
24505.0	0.030895999999999996
24510.0	0.030735000000000002
24515.0	0.030576999999999997
24520.0	0.030423000000000002
24525.0	0.03028
24530.0	0.03015
24535.0	0.030039
24540.0	0.029948000000000002
24545.0	0.029876
24550.0	0.029822
24555.0	0.029791
24560.0	0.029789999999999997
24565.0	0.029818
24570.0	0.029866000000000004
24575.0	0.029923
24580.0	0.029988
24585.0	0.030057999999999998
24590.0	0.03013
24595.0	0.030197
24600.0	0.030255
24605.0	0.030297
24610.0	0.030323000000000003
24615.0	0.030330000000000003
24620.0	0.030317
24625.0	0.030285000000000003
24630.0	0.030236000000000002
24635.0	0.030172000000000004
24640.0	0.030095999999999998
24645.0	0.030012
24650.0	0.029922000000000004
24655.0	0.029833
24660.0	0.029745999999999998
24665.0	0.029667000000000002
24670.0	0.029599
24675.0	0.029545
24680.0	0.029507
24685.0	0.029488999999999998
24690.0	0.02949
24695.0	0.029512
24700.0	0.029552
24705.0	0.02961
24710.0	0.029681
24715.0	0.029762
24720.0	0.029845
24725.0	0.029927
24730.0	0.030001
24735.0	0.030062000000000002
24740.0	0.030106
24745.0	0.03013
24750.0	0.030133
24755.0	0.030115
24760.0	0.030077
24765.0	0.030022000000000004
24770.0	0.029952
24775.0	0.029872000000000003
24780.0	0.029783999999999998
24785.0	0.029693999999999998
24790.0	0.029602999999999997
24795.0	0.029514999999999996
24800.0	0.029434
24805.0	0.029361
24810.0	0.029299000000000002
24815.0	0.029249
24820.0	0.029211
24825.0	0.029187
24830.0	0.029176
24835.0	0.029176
24840.0	0.029183999999999998
24845.0	0.029198
24850.0	0.029214999999999998
24855.0	0.029230000000000003
24860.0	0.029238999999999998
24865.0	0.02924
24870.0	0.029229
24875.0	0.029207
24880.0	0.029173
24885.0	0.02913
24890.0	0.029077
24895.0	0.029018000000000002
24900.0	0.028959
24905.0	0.028906
24910.0	0.028861
24915.0	0.028827999999999996
24920.0	0.028810000000000002
24925.0	0.028807999999999997
24930.0	0.028825
24935.0	0.028860000000000004
24940.0	0.028913
24945.0	0.028983999999999996
24950.0	0.029072000000000004
24955.0	0.029172000000000003
24960.0	0.029281
24965.0	0.029392
24970.0	0.029499
24975.0	0.029593
24980.0	0.029664999999999997
24985.0	0.029708
24990.0	0.029391000000000004
24995.0	0.029351
25000.0	0.029308999999999998
