#wave	flux
1150.0	0.0042380000000000004
1155.0	0.0030440000000000003
1160.0	0.001544
1165.0	0.000986
1170.0	0.0010960000000000002
1175.0	0.0010689999999999999
1180.0	0.000532
1185.0	0.000454
1190.0	0.000105
1195.0	0.001423
1200.0	0.0051719999999999995
1205.0	0.035668
1210.0	0.098756
1215.0	0.11436099999999999
1220.0	0.051312
1225.0	0.007490999999999999
1230.0	0.0008960000000000001
1235.0	0.000612
1240.0	0.000627
1245.0	0.000492
1250.0	0.000299
1255.0	0.000167
1260.0	0.000188
1265.0	0.000183
1270.0	0.00019099999999999998
1275.0	0.000299
1280.0	0.000384
1285.0	0.00031800000000000003
1290.0	0.000215
1295.0	0.000246
1300.0	0.000554
1305.0	0.0007469999999999999
1310.0	0.00031600000000000004
1315.0	0.000153
1320.0	0.000127
1325.0	0.00018700000000000002
1330.0	0.000466
1335.0	0.000936
1340.0	0.00033
1345.0	7.3e-05
1350.0	1.4999999999999999e-05
1355.0	0.000162
1360.0	0.000229
1365.0	0.000205
1370.0	0.000149
1375.0	0.000182
1380.0	0.00015
1385.0	0.000136
1390.0	0.000308
1395.0	0.000524
1400.0	0.00045
1405.0	0.0004940000000000001
1410.0	0.000295
1415.0	0.00015900000000000002
1420.0	0.000164
1425.0	0.000271
1430.0	0.00035499999999999996
1435.0	0.000226
1440.0	0.000269
1445.0	0.000393
1450.0	0.000434
1455.0	0.000379
1460.0	0.000202
1465.0	0.00034700000000000003
1470.0	0.000539
1475.0	0.00037400000000000004
1480.0	0.000281
1485.0	0.000582
1490.0	0.000647
1495.0	0.000612
1500.0	0.000454
1505.0	0.000371
1510.0	0.000489
1515.0	0.000417
1520.0	0.000424
1525.0	0.00043499999999999995
1530.0	0.0007509999999999999
1535.0	0.000699
1540.0	0.000544
1545.0	0.0013210000000000001
1550.0	0.001574
1555.0	0.000637
1560.0	0.00041
1565.0	0.00043799999999999997
1570.0	0.000338
1575.0	0.000468
1580.0	0.000526
1585.0	0.000429
1590.0	0.00028700000000000004
1595.0	0.000324
1600.0	0.00043499999999999995
1605.0	0.00043099999999999996
1610.0	0.000344
1615.0	0.000359
1620.0	0.000346
1625.0	0.000493
1630.0	0.000647
1635.0	0.000826
1640.0	0.000953
1645.0	0.000534
1650.0	0.000607
1655.0	0.001182
1660.0	0.0012029999999999999
1665.0	0.00072
1670.0	0.000625
1675.0	0.00054
1680.0	0.00058
1685.0	0.0006
1690.0	0.000676
1695.0	0.0007440000000000001
1700.0	0.0008439999999999999
1705.0	0.000918
1710.0	0.0008539999999999999
1715.0	0.000904
1720.0	0.000839
1725.0	0.0008380000000000001
1730.0	0.0009220000000000001
1735.0	0.000997
1740.0	0.001048
1745.0	0.001139
1750.0	0.001275
1755.0	0.001394
1760.0	0.0014089999999999999
1765.0	0.0013449999999999998
1770.0	0.001475
1775.0	0.001524
1780.0	0.001505
1785.0	0.001415
1790.0	0.001047
1795.0	0.001465
1800.0	0.0017690000000000002
1805.0	0.002302
1810.0	0.002741
1815.0	0.0032329999999999998
1820.0	0.003165
1825.0	0.002358
1830.0	0.00218
1835.0	0.0022760000000000002
1840.0	0.002229
1845.0	0.0020109999999999998
1850.0	0.002085
1855.0	0.002254
1860.0	0.0023710000000000003
1865.0	0.002707
1870.0	0.0030600000000000002
1875.0	0.0028989999999999997
1880.0	0.003001
1885.0	0.003078
1890.0	0.00329
1895.0	0.0033159999999999995
1900.0	0.0032770000000000004
1905.0	0.003317
1910.0	0.0034159999999999998
1915.0	0.0035299999999999997
1920.0	0.00364
1925.0	0.0035810000000000004
1930.0	0.003218
1935.0	0.0033689999999999996
1940.0	0.004136
1945.0	0.0045850000000000005
1950.0	0.005618
1955.0	0.010669
1960.0	0.007893
1965.0	0.007405
1970.0	0.010879
1975.0	0.007634999999999999
1980.0	0.009303
1985.0	0.009524
1990.0	0.006593000000000001
1995.0	0.012284999999999999
2000.0	0.011234000000000001
2005.0	0.008908
2010.0	0.006852
2015.0	0.0077069999999999994
2020.0	0.010511
2025.0	0.007959
2030.0	0.007326000000000001
2035.0	0.011014
2040.0	0.014003
2045.0	0.014446
2050.0	0.015962999999999998
2055.0	0.011241
2060.0	0.012103000000000001
2065.0	0.013161
2070.0	0.016812999999999998
2075.0	0.016791999999999998
2080.0	0.016403
2085.0	0.016589
2090.0	0.012226
2095.0	0.014896000000000001
2100.0	0.02316
2105.0	0.025896
2110.0	0.018673
2115.0	0.022975
2120.0	0.026919
2125.0	0.020566
2130.0	0.018102
2135.0	0.021946
2140.0	0.025169999999999998
2145.0	0.023233
2150.0	0.026463
2155.0	0.028834
2160.0	0.024059999999999998
2165.0	0.023106
2170.0	0.016961
2175.0	0.01878
2180.0	0.023985
2185.0	0.035072000000000006
2190.0	0.041302
2195.0	0.042045
2200.0	0.037177999999999996
2205.0	0.029247000000000002
2210.0	0.025832
2215.0	0.025241999999999997
2220.0	0.03155
2225.0	0.033687
2230.0	0.028604
2235.0	0.03248
2240.0	0.035811
2245.0	0.041252
2250.0	0.040514999999999995
2255.0	0.032918
2260.0	0.028283999999999997
2265.0	0.025593
2270.0	0.027231
2275.0	0.024015
2280.0	0.032942
2285.0	0.033519
2290.0	0.029264
2295.0	0.033022
2300.0	0.035006999999999996
2305.0	0.039965
2310.0	0.040913
2315.0	0.037716
2320.0	0.035404000000000005
2325.0	0.043767
2330.0	0.040537000000000004
2335.0	0.033068
2340.0	0.033257
2345.0	0.029925
2350.0	0.030281
2355.0	0.034626
2360.0	0.037413
2365.0	0.041019
2370.0	0.047141
2375.0	0.046978
2380.0	0.036567
2385.0	0.031152999999999997
2390.0	0.03266
2395.0	0.033658999999999994
2400.0	0.025435
2405.0	0.028933999999999998
2410.0	0.027841
2415.0	0.03117
2420.0	0.041556
2425.0	0.047396
2430.0	0.041232
2435.0	0.040146
2440.0	0.042589999999999996
2445.0	0.040583999999999995
2450.0	0.038751999999999995
2455.0	0.044827
2460.0	0.039381
2465.0	0.035184
2470.0	0.036902
2475.0	0.036802999999999995
2480.0	0.032418
2485.0	0.027433999999999997
2490.0	0.030662000000000002
2495.0	0.036858
2500.0	0.042982
2505.0	0.041306999999999996
2510.0	0.038364999999999996
2515.0	0.036613
2520.0	0.036279
2525.0	0.035865
2530.0	0.04092
2535.0	0.03937
2540.0	0.039748
2545.0	0.043217
2550.0	0.046782
2555.0	0.049694
2560.0	0.056284
2565.0	0.067364
2570.0	0.064934
2575.0	0.05867000000000001
2580.0	0.070425
2585.0	0.077225
2590.0	0.075458
2595.0	0.068949
2600.0	0.065648
2605.0	0.065932
2610.0	0.063915
2615.0	0.065558
2620.0	0.066483
2625.0	0.070141
2630.0	0.075739
2635.0	0.095959
2640.0	0.126585
2645.0	0.13537000000000002
2650.0	0.13108599999999998
2655.0	0.139286
2660.0	0.145529
2665.0	0.138284
2670.0	0.137957
2675.0	0.141004
2680.0	0.14061099999999999
2685.0	0.134873
2690.0	0.132347
2695.0	0.13508499999999998
2700.0	0.15074
2705.0	0.149676
2710.0	0.141022
2715.0	0.12821
2720.0	0.10854100000000001
2725.0	0.10966300000000001
2730.0	0.1242
2735.0	0.114199
2740.0	0.087491
2745.0	0.081576
2750.0	0.08758400000000001
2755.0	0.10535599999999999
2760.0	0.12575799999999998
2765.0	0.138174
2770.0	0.14192000000000002
2775.0	0.13834200000000002
2780.0	0.11698299999999999
2785.0	0.096678
2790.0	0.084812
2795.0	0.077053
2800.0	0.07422100000000001
2805.0	0.078748
2810.0	0.100106
2815.0	0.141991
2820.0	0.160986
2825.0	0.171466
2830.0	0.18465499999999999
2835.0	0.18375999999999998
2840.0	0.166328
2845.0	0.141967
2850.0	0.11029100000000001
2855.0	0.10929000000000001
2860.0	0.15615
2865.0	0.193023
2870.0	0.202429
2875.0	0.19860799999999998
2880.0	0.17910399999999999
2885.0	0.193031
2890.0	0.233802
2895.0	0.277857
2900.0	0.332379
2905.0	0.368557
2910.0	0.373243
2915.0	0.356535
2920.0	0.322058
2925.0	0.308612
2930.0	0.320904
2935.0	0.31857199999999997
2940.0	0.29799499999999995
2945.0	0.29149400000000003
2950.0	0.29831799999999997
2955.0	0.327152
2960.0	0.328244
2965.0	0.29622
2970.0	0.269092
2975.0	0.298976
2980.0	0.293705
2985.0	0.25201
2990.0	0.270945
2995.0	0.266788
3000.0	0.240725
3005.0	0.23290100000000002
3010.0	0.248271
3015.0	0.256742
3020.0	0.246894
3025.0	0.28281300000000004
3030.0	0.333369
3035.0	0.336681
3040.0	0.32118
3045.0	0.32600500000000004
3050.0	0.338471
3055.0	0.32357199999999997
3060.0	0.305558
3065.0	0.319341
3070.0	0.337357
3075.0	0.345385
3080.0	0.350659
3085.0	0.343149
3090.0	0.324462
3095.0	0.305723
3100.0	0.327583
3105.0	0.401389
3110.0	0.434108
3115.0	0.389308
3120.0	0.373948
3125.0	0.39467399999999997
3130.0	0.420637
3135.0	0.435512
3140.0	0.41961400000000004
3145.0	0.372104
3150.0	0.399282
3155.0	0.383836
3160.0	0.407876
3165.0	0.43371800000000005
3170.0	0.46928400000000003
3175.0	0.475033
3180.0	0.437579
3185.0	0.420266
3190.0	0.443262
3195.0	0.455849
3200.0	0.44621099999999997
3205.0	0.442053
3210.0	0.426545
3215.0	0.408558
3220.0	0.388239
3225.0	0.366994
3230.0	0.359985
3235.0	0.378127
3240.0	0.40159
3245.0	0.411904
3250.0	0.426775
3255.0	0.46458299999999997
3260.0	0.510208
3265.0	0.541949
3270.0	0.545263
3275.0	0.516311
3280.0	0.48690100000000003
3285.0	0.489457
3290.0	0.523217
3295.0	0.573137
3300.0	0.600232
3305.0	0.576306
3310.0	0.540275
3315.0	0.533382
3320.0	0.53908
3325.0	0.533918
3330.0	0.52461
3335.0	0.523305
3340.0	0.533708
3345.0	0.552704
3350.0	0.558337
3355.0	0.533387
3360.0	0.498418
3365.0	0.47857299999999997
3370.0	0.47953900000000005
3375.0	0.497924
3380.0	0.513494
3385.0	0.5122369999999999
3390.0	0.521881
3395.0	0.564538
3400.0	0.598121
3405.0	0.581854
3410.0	0.5444180000000001
3415.0	0.524806
3420.0	0.533805
3425.0	0.565056
3430.0	0.571835
3435.0	0.520191
3440.0	0.46764300000000003
3445.0	0.47233500000000006
3450.0	0.503458
3455.0	0.519284
3460.0	0.523361
3465.0	0.526985
3470.0	0.527173
3475.0	0.5198510000000001
3480.0	0.510862
3485.0	0.508316
3490.0	0.519479
3495.0	0.545791
3500.0	0.566243
3505.0	0.562473
3510.0	0.550226
3515.0	0.545287
3520.0	0.535304
3525.0	0.5228430000000001
3530.0	0.5436380000000001
3535.0	0.586575
3540.0	0.614641
3545.0	0.626584
3550.0	0.625169
3555.0	0.606857
3560.0	0.580591
3565.0	0.53608
3570.0	0.49696
3575.0	0.47558199999999995
3580.0	0.456078
3585.0	0.45350799999999997
3590.0	0.492522
3595.0	0.547192
3600.0	0.5774090000000001
3605.0	0.561002
3610.0	0.512542
3615.0	0.504827
3620.0	0.5165109999999999
3625.0	0.552844
3630.0	0.577685
3635.0	0.575792
3640.0	0.572596
3645.0	0.551983
3650.0	0.560435
3655.0	0.611283
3660.0	0.6567970000000001
3665.0	0.6568109999999999
3670.0	0.644785
3675.0	0.643295
3680.0	0.637533
3685.0	0.622196
3690.0	0.644432
3695.0	0.667004
3700.0	0.686087
3705.0	0.653566
3710.0	0.633307
3715.0	0.638959
3720.0	0.611603
3725.0	0.611413
3730.0	0.602271
3735.0	0.547349
3740.0	0.547253
3745.0	0.534767
3750.0	0.524267
3755.0	0.588313
3760.0	0.6173
3765.0	0.631105
3770.0	0.659589
3775.0	0.709897
3780.0	0.771081
3785.0	0.739835
3790.0	0.656713
3795.0	0.620783
3800.0	0.637744
3805.0	0.695407
3810.0	0.710171
3815.0	0.64803
3820.0	0.564733
3825.0	0.49641199999999996
3830.0	0.44217799999999996
3835.0	0.43481800000000004
3840.0	0.49412700000000004
3845.0	0.592699
3850.0	0.633458
3855.0	0.603321
3860.0	0.5785520000000001
3865.0	0.601467
3870.0	0.597828
3875.0	0.58635
3880.0	0.5729989999999999
3885.0	0.5838760000000001
3890.0	0.59743
3895.0	0.64186
3900.0	0.679654
3905.0	0.6942659999999999
3910.0	0.723518
3915.0	0.720687
3920.0	0.654618
3925.0	0.518018
3930.0	0.34815999999999997
3935.0	0.30856500000000003
3940.0	0.44447299999999995
3945.0	0.5985739999999999
3950.0	0.688542
3955.0	0.701235
3960.0	0.6014729999999999
3965.0	0.41175500000000004
3970.0	0.353028
3975.0	0.537837
3980.0	0.7420180000000001
3985.0	0.833899
3990.0	0.862014
3995.0	0.8795370000000001
4000.0	0.891567
4005.0	0.896948
4010.0	0.9163209999999999
4015.0	0.9342370000000001
4020.0	0.9359959999999999
4025.0	0.933301
4030.0	0.915335
4035.0	0.923285
4040.0	0.9356399999999999
4045.0	0.9075770000000001
4050.0	0.9055610000000001
4055.0	0.8972459999999999
4060.0	0.8965559999999999
4065.0	0.8897139999999999
4070.0	0.897395
4075.0	0.89481
4080.0	0.90327
4085.0	0.9547379999999999
4090.0	0.98016
4095.0	0.9234399999999999
4100.0	0.838816
4105.0	0.85608
4110.0	0.9343100000000001
4115.0	0.971726
4120.0	0.9676549999999999
4125.0	0.9513149999999999
4130.0	0.934226
4135.0	0.948724
4140.0	0.962667
4145.0	0.9556450000000001
4150.0	0.951723
4155.0	0.953204
4160.0	0.971914
4165.0	0.972418
4170.0	0.941209
4175.0	0.912364
4180.0	0.9185409999999999
4185.0	0.9313040000000001
4190.0	0.941053
4195.0	0.926984
4200.0	0.896026
4205.0	0.9253950000000001
4210.0	0.969806
4215.0	0.965363
4220.0	0.943807
4225.0	0.8901610000000001
4230.0	0.884927
4235.0	0.9048430000000001
4240.0	0.903273
4245.0	0.9033469999999999
4250.0	0.8988809999999999
4255.0	0.901486
4260.0	0.893099
4265.0	0.8897459999999999
4270.0	0.8646389999999999
4275.0	0.867132
4280.0	0.88545
4285.0	0.862459
4290.0	0.820249
4295.0	0.7724770000000001
4300.0	0.682099
4305.0	0.6322260000000001
4310.0	0.666238
4315.0	0.828156
4320.0	0.9451139999999999
4325.0	0.936623
4330.0	0.937426
4335.0	0.8947379999999999
4340.0	0.8386469999999999
4345.0	0.883416
4350.0	0.934163
4355.0	0.9552350000000001
4360.0	0.9800209999999999
4365.0	0.9916299999999999
4370.0	0.9696959999999999
4375.0	0.943423
4380.0	0.914485
4385.0	0.8910790000000001
4390.0	0.915341
4395.0	0.9388719999999999
4400.0	0.948515
4405.0	0.956218
4410.0	0.9813700000000001
4415.0	1.010162
4420.0	1.019786
4425.0	1.030997
4430.0	1.029902
4435.0	1.0174040000000002
4440.0	1.0301639999999999
4445.0	1.043015
4450.0	1.047192
4455.0	1.0012889999999999
4460.0	0.97251
4465.0	1.0004870000000001
4470.0	1.037758
4475.0	1.072203
4480.0	1.06837
4485.0	1.068554
4490.0	1.065157
4495.0	1.078518
4500.0	1.096802
4505.0	1.119643
4510.0	1.132944
4515.0	1.109466
4520.0	1.089205
4525.0	1.037566
4530.0	0.996648
4535.0	1.025018
4540.0	1.068878
4545.0	1.054822
4550.0	1.036202
4555.0	1.057336
4560.0	1.0922450000000001
4565.0	1.093351
4570.0	1.089452
4575.0	1.088515
4580.0	1.078417
4585.0	1.073357
4590.0	1.077888
4595.0	1.072299
4600.0	1.06769
4605.0	1.086007
4610.0	1.103391
4615.0	1.090358
4620.0	1.0886879999999999
4625.0	1.094373
4630.0	1.096092
4635.0	1.087933
4640.0	1.080984
4645.0	1.0745930000000001
4650.0	1.067275
4655.0	1.075668
4660.0	1.0928229999999999
4665.0	1.068455
4670.0	1.0451110000000001
4675.0	1.067898
4680.0	1.074207
4685.0	1.082745
4690.0	1.086432
4695.0	1.092522
4700.0	1.062659
4705.0	1.040753
4710.0	1.0504870000000002
4715.0	1.083361
4720.0	1.106223
4725.0	1.087704
4730.0	1.05439
4735.0	1.059884
4740.0	1.0892950000000001
4745.0	1.106982
4750.0	1.103905
4755.0	1.084065
4760.0	1.065358
4765.0	1.0568879999999998
4770.0	1.077552
4775.0	1.1005989999999999
4780.0	1.1018569999999999
4785.0	1.081534
4790.0	1.074558
4795.0	1.101086
4800.0	1.104155
4805.0	1.1031540000000002
4810.0	1.090455
4815.0	1.107686
4820.0	1.109465
4825.0	1.0969870000000002
4830.0	1.077956
4835.0	1.063887
4840.0	1.067312
4845.0	1.080608
4850.0	1.0764049999999998
4855.0	0.998541
4860.0	0.893224
4865.0	0.9197569999999999
4870.0	0.9959120000000001
4875.0	1.028558
4880.0	1.047714
4885.0	1.025564
4890.0	1.007694
4895.0	1.055208
4900.0	1.0928950000000002
4905.0	1.080618
4910.0	1.063326
4915.0	1.042157
4920.0	1.0122209999999998
4925.0	1.038684
4930.0	1.077381
4935.0	1.055151
4940.0	1.05031
4945.0	1.077741
4950.0	1.0852389999999998
4955.0	1.066753
4960.0	1.066683
4965.0	1.083106
4970.0	1.077265
4975.0	1.0670030000000001
4980.0	1.0253649999999999
4985.0	1.0206309999999998
4990.0	1.050434
4995.0	1.0479889999999998
5000.0	1.039396
5005.0	1.029382
5010.0	1.01839
5015.0	0.9962700000000001
5020.0	1.007473
5025.0	1.035503
5030.0	1.053394
5035.0	1.0296370000000001
5040.0	0.9995209999999999
5045.0	1.027207
5050.0	1.040979
5055.0	1.063269
5060.0	1.076174
5065.0	1.052047
5070.0	1.0315969999999999
5075.0	1.019871
5080.0	1.005519
5085.0	1.035974
5090.0	1.066418
5095.0	1.047502
5100.0	1.0267680000000001
5105.0	1.031628
5110.0	1.03027
5115.0	1.057405
5120.0	1.05387
5125.0	1.023443
5130.0	1.009457
5135.0	1.004788
5140.0	0.992683
5145.0	0.99416
5150.0	1.007128
5155.0	1.0294159999999999
5160.0	1.030865
5165.0	0.924263
5170.0	0.849267
5175.0	0.9052389999999999
5180.0	0.9478479999999999
5185.0	0.9313959999999999
5190.0	0.9651860000000001
5195.0	0.994016
5200.0	1.009827
5205.0	0.995159
5210.0	0.995136
5215.0	1.014996
5220.0	1.016996
5225.0	0.989841
5230.0	0.98019
5235.0	1.007177
5240.0	1.032681
5245.0	1.030791
5250.0	1.01693
5255.0	1.026746
5260.0	1.011431
5265.0	0.9450930000000001
5270.0	0.925834
5275.0	0.964151
5280.0	1.000394
5285.0	1.0247469999999999
5290.0	1.050246
5295.0	1.030459
5300.0	1.0114299999999998
5305.0	1.0325950000000002
5310.0	1.0557809999999999
5315.0	1.042286
5320.0	1.01683
5325.0	0.9836799999999999
5330.0	0.972459
5335.0	1.001659
5340.0	1.01032
5345.0	1.013016
5350.0	1.025823
5355.0	1.051584
5360.0	1.047377
5365.0	1.014165
5370.0	0.995411
5375.0	1.012631
5380.0	1.025693
5385.0	1.0270270000000001
5390.0	1.011677
5395.0	0.9924280000000001
5400.0	0.97995
5405.0	0.970968
5410.0	0.983395
5415.0	1.00494
5420.0	1.021495
5425.0	1.013636
5430.0	0.997201
5435.0	1.010048
5440.0	1.030471
5445.0	1.017336
5450.0	1.008839
5455.0	1.004485
5460.0	1.008907
5465.0	1.0143739999999999
5470.0	1.020729
5475.0	0.9995059999999999
5480.0	0.9895639999999999
5485.0	1.006216
5490.0	1.011635
5495.0	1.017924
5500.0	1.012941
5505.0	1.00304
5510.0	1.004152
5515.0	1.0178530000000001
5520.0	1.031153
5525.0	1.0087030000000001
5530.0	0.993231
5535.0	1.0055889999999998
5540.0	1.0224879999999998
5545.0	1.022062
5550.0	1.017847
5555.0	1.013835
5560.0	1.009476
5565.0	0.990308
5570.0	0.989331
5575.0	1.001952
5580.0	1.005831
5585.0	0.9800049999999999
5590.0	0.9556520000000001
5595.0	0.967203
5600.0	0.975583
5605.0	0.997732
5610.0	1.0179040000000001
5615.0	0.9985
5620.0	0.9863620000000001
5625.0	0.9931030000000001
5630.0	1.007967
5635.0	1.0008489999999999
5640.0	0.984497
5645.0	0.993067
5650.0	0.997526
5655.0	0.976656
5660.0	0.960551
5665.0	0.978591
5670.0	0.9949969999999999
5675.0	1.001019
5680.0	0.982984
5685.0	0.973037
5690.0	0.9837110000000001
5695.0	0.993402
5700.0	0.9791719999999999
5705.0	0.9567690000000001
5710.0	0.940371
5715.0	0.964593
5720.0	0.992038
5725.0	0.9980950000000001
5730.0	0.992382
5735.0	0.9940030000000001
5740.0	0.9944290000000001
5745.0	0.9819530000000001
5750.0	0.967073
5755.0	0.9671299999999999
5760.0	0.9766090000000001
5765.0	0.988102
5770.0	0.9921989999999999
5775.0	0.977226
5780.0	0.960139
5785.0	0.965458
5790.0	0.973292
5795.0	0.9676540000000001
5800.0	0.97424
5805.0	0.980985
5810.0	0.982771
5815.0	0.9821610000000001
5820.0	0.986351
5825.0	0.9894440000000001
5830.0	0.995712
5835.0	1.000129
5840.0	0.99669
5845.0	0.990175
5850.0	0.981503
5855.0	0.957685
5860.0	0.9570879999999999
5865.0	0.975305
5870.0	0.98398
5875.0	0.987049
5880.0	0.978411
5885.0	0.945168
5890.0	0.897099
5895.0	0.89931
5900.0	0.9379940000000001
5905.0	0.963356
5910.0	0.9667040000000001
5915.0	0.966334
5920.0	0.969614
5925.0	0.96857
5930.0	0.9659139999999999
5935.0	0.962779
5940.0	0.96273
5945.0	0.9554739999999999
5950.0	0.946976
5955.0	0.955469
5960.0	0.965158
5965.0	0.971046
5970.0	0.967363
5975.0	0.958075
5980.0	0.951715
5985.0	0.9524040000000001
5990.0	0.954519
5995.0	0.955939
6000.0	0.950148
6005.0	0.9457540000000001
6010.0	0.940549
6015.0	0.936491
6020.0	0.9266110000000001
6025.0	0.93452
6030.0	0.9534090000000001
6035.0	0.9548969999999999
6040.0	0.9434299999999999
6045.0	0.945409
6050.0	0.945368
6055.0	0.939011
6060.0	0.937584
6065.0	0.9360149999999999
6070.0	0.944575
6075.0	0.941867
6080.0	0.932478
6085.0	0.9300430000000001
6090.0	0.932552
6095.0	0.925308
6100.0	0.920529
6105.0	0.9215200000000001
6110.0	0.9407709999999999
6115.0	0.9346479999999999
6120.0	0.9231469999999999
6125.0	0.92669
6130.0	0.9270440000000001
6135.0	0.9062100000000001
6140.0	0.8951959999999999
6145.0	0.912475
6150.0	0.9211360000000001
6155.0	0.913877
6160.0	0.8929290000000001
6165.0	0.8821370000000001
6170.0	0.895517
6175.0	0.9056299999999999
6180.0	0.9096420000000001
6185.0	0.909444
6190.0	0.902639
6195.0	0.913356
6200.0	0.91655
6205.0	0.912183
6210.0	0.920033
6215.0	0.9100959999999999
6220.0	0.9000600000000001
6225.0	0.8954690000000001
6230.0	0.8897430000000001
6235.0	0.898
6240.0	0.9001399999999999
6245.0	0.892598
6250.0	0.8858889999999999
6255.0	0.872289
6260.0	0.878259
6265.0	0.8887440000000001
6270.0	0.891755
6275.0	0.871142
6280.0	0.850615
6285.0	0.8762700000000001
6290.0	0.888747
6295.0	0.8714139999999999
6300.0	0.8599100000000001
6305.0	0.8713709999999999
6310.0	0.878635
6315.0	0.8628459999999999
6320.0	0.864503
6325.0	0.883641
6330.0	0.88244
6335.0	0.865157
6340.0	0.862613
6345.0	0.879547
6350.0	0.8873780000000001
6355.0	0.8785950000000001
6360.0	0.869878
6365.0	0.879066
6370.0	0.8880979999999999
6375.0	0.8875629999999999
6380.0	0.890308
6385.0	0.8841979999999999
6390.0	0.877185
6395.0	0.8648299999999999
6400.0	0.8659020000000001
6405.0	0.869484
6410.0	0.8663860000000001
6415.0	0.866058
6420.0	0.864986
6425.0	0.872609
6430.0	0.869603
6435.0	0.8588530000000001
6440.0	0.861283
6445.0	0.863125
6450.0	0.8562069999999999
6455.0	0.856023
6460.0	0.8538319999999999
6465.0	0.8547459999999999
6470.0	0.857925
6475.0	0.8551719999999999
6480.0	0.8474459999999999
6485.0	0.848009
6490.0	0.837358
6495.0	0.8231959999999999
6500.0	0.842145
6505.0	0.8616870000000001
6510.0	0.8671409999999999
6515.0	0.8577870000000001
6520.0	0.857153
6525.0	0.862118
6530.0	0.862135
6535.0	0.862711
6540.0	0.86441
6545.0	0.8597370000000001
6550.0	0.8321379999999999
6555.0	0.7784979999999999
6560.0	0.711895
6565.0	0.710605
6570.0	0.788424
6575.0	0.8301459999999999
6580.0	0.838216
6585.0	0.833034
6590.0	0.8308270000000001
6595.0	0.830492
6600.0	0.83995
6605.0	0.8399139999999999
6610.0	0.8377209999999999
6615.0	0.845517
6620.0	0.846082
6625.0	0.84519
6630.0	0.8352870000000001
6635.0	0.8310200000000001
6640.0	0.831534
6645.0	0.832749
6650.0	0.83404
6655.0	0.8391209999999999
6660.0	0.832809
6665.0	0.826924
6670.0	0.8269639999999999
6675.0	0.824616
6680.0	0.820058
6685.0	0.8303010000000001
6690.0	0.8373370000000001
6695.0	0.833131
6700.0	0.8221149999999999
6705.0	0.8223729999999999
6710.0	0.820691
6715.0	0.8129069999999999
6720.0	0.8130539999999999
6725.0	0.818298
6730.0	0.820508
6735.0	0.826219
6740.0	0.8247909999999999
6745.0	0.8231639999999999
6750.0	0.8125600000000001
6755.0	0.813749
6760.0	0.810589
6765.0	0.803659
6770.0	0.797453
6775.0	0.801127
6780.0	0.810764
6785.0	0.8075319999999999
6790.0	0.803017
6795.0	0.8012520000000001
6800.0	0.80469
6805.0	0.80716
6810.0	0.808557
6815.0	0.8098920000000001
6820.0	0.805588
6825.0	0.803751
6830.0	0.800401
6835.0	0.797128
6840.0	0.787742
6845.0	0.787014
6850.0	0.786285
6855.0	0.785557
6860.0	0.784828
6865.0	0.7841
6870.0	0.783371
6875.0	0.782643
6880.0	0.781914
6885.0	0.7811859999999999
6890.0	0.780457
6895.0	0.779729
6900.0	0.779001
6905.0	0.7782720000000001
6910.0	0.777544
6915.0	0.7768149999999999
6920.0	0.776087
6925.0	0.775358
6930.0	0.77463
6935.0	0.7739010000000001
6940.0	0.773173
6945.0	0.7724439999999999
6950.0	0.771716
6955.0	0.770988
6960.0	0.770259
6965.0	0.7695310000000001
6970.0	0.7688020000000001
6975.0	0.773777
6980.0	0.759111
6985.0	0.763414
6990.0	0.765782
6995.0	0.7724270000000001
7000.0	0.762483
7005.0	0.7541479999999999
7010.0	0.768117
7015.0	0.761671
7020.0	0.761163
7025.0	0.758604
7030.0	0.770606
7035.0	0.770352
7040.0	0.769662
7045.0	0.777246
7050.0	0.773786
7055.0	0.77245
7060.0	0.771281
7065.0	0.762302
7070.0	0.76757
7075.0	0.770727
7080.0	0.768342
7085.0	0.768365
7090.0	0.764183
7095.0	0.763502
7100.0	0.765831
7105.0	0.765253
7110.0	0.764592
7115.0	0.762023
7120.0	0.76279
7125.0	0.76561
7130.0	0.768525
7135.0	0.781796
7140.0	0.7763220000000001
7145.0	0.767091
7150.0	0.755356
7155.0	0.766067
7160.0	0.760863
7165.0	0.738012
7170.0	0.720634
7175.0	0.722598
7180.0	0.718612
7185.0	0.701024
7190.0	0.698014
7195.0	0.707133
7200.0	0.716457
7205.0	0.720988
7210.0	0.735467
7215.0	0.75516
7220.0	0.7605069999999999
7225.0	0.751167
7230.0	0.742898
7235.0	0.728128
7240.0	0.724468
7245.0	0.72572
7250.0	0.721043
7255.0	0.708451
7260.0	0.711226
7265.0	0.720668
7270.0	0.7299140000000001
7275.0	0.717166
7280.0	0.7130770000000001
7285.0	0.707477
7290.0	0.688074
7295.0	0.7098140000000001
7300.0	0.717436
7305.0	0.706248
7310.0	0.708805
7315.0	0.718325
7320.0	0.714082
7325.0	0.7147060000000001
7330.0	0.7153229999999999
7335.0	0.71862
7340.0	0.7255229999999999
7345.0	0.721117
7350.0	0.714568
7355.0	0.7133109999999999
7360.0	0.7051890000000001
7365.0	0.7060649999999999
7370.0	0.706914
7375.0	0.707779
7380.0	0.7121
7385.0	0.697091
7390.0	0.689396
7395.0	0.6912560000000001
7400.0	0.690852
7405.0	0.6854680000000001
7410.0	0.6759270000000001
7415.0	0.6826770000000001
7420.0	0.686587
7425.0	0.696334
7430.0	0.702631
7435.0	0.7023119999999999
7440.0	0.6983189999999999
7445.0	0.693711
7450.0	0.694801
7455.0	0.6962619999999999
7460.0	0.691917
7465.0	0.699013
7470.0	0.7020770000000001
7475.0	0.699028
7480.0	0.695243
7485.0	0.694929
7490.0	0.691535
7495.0	0.684262
7500.0	0.688451
7505.0	0.6793
7510.0	0.674301
7515.0	0.6836270000000001
7520.0	0.683616
7525.0	0.680056
7530.0	0.678876
7535.0	0.68171
7540.0	0.687632
7545.0	0.681792
7550.0	0.678138
7555.0	0.6773899999999999
7560.0	0.6766409999999999
7565.0	0.6758930000000001
7570.0	0.675144
7575.0	0.674396
7580.0	0.673647
7585.0	0.672898
7590.0	0.67215
7595.0	0.671401
7600.0	0.6706529999999999
7605.0	0.6699039999999999
7610.0	0.669155
7615.0	0.668407
7620.0	0.667658
7625.0	0.66691
7630.0	0.666161
7635.0	0.665412
7640.0	0.664664
7645.0	0.6639149999999999
7650.0	0.6631670000000001
7655.0	0.6624180000000001
7660.0	0.661669
7665.0	0.660921
7670.0	0.660172
7675.0	0.659424
7680.0	0.658675
7685.0	0.657926
7690.0	0.6571779999999999
7695.0	0.656429
7700.0	0.6556810000000001
7705.0	0.654932
7710.0	0.654184
7715.0	0.653435
7720.0	0.652686
7725.0	0.651938
7730.0	0.651189
7735.0	0.65418
7740.0	0.652601
7745.0	0.64335
7750.0	0.639081
7755.0	0.643833
7760.0	0.6490640000000001
7765.0	0.650416
7770.0	0.645664
7775.0	0.638209
7780.0	0.6368149999999999
7785.0	0.638877
7790.0	0.641246
7795.0	0.639583
7800.0	0.636764
7805.0	0.636658
7810.0	0.6377520000000001
7815.0	0.641683
7820.0	0.644315
7825.0	0.641818
7830.0	0.6357550000000001
7835.0	0.6337520000000001
7840.0	0.635604
7845.0	0.635642
7850.0	0.637077
7855.0	0.64165
7860.0	0.638316
7865.0	0.636459
7870.0	0.633191
7875.0	0.631274
7880.0	0.630462
7885.0	0.635794
7890.0	0.630887
7895.0	0.6272340000000001
7900.0	0.625743
7905.0	0.629368
7910.0	0.628775
7915.0	0.62458
7920.0	0.618839
7925.0	0.6203930000000001
7930.0	0.6134229999999999
7935.0	0.612792
7940.0	0.615337
7945.0	0.6094470000000001
7950.0	0.615946
7955.0	0.615683
7960.0	0.616344
7965.0	0.62043
7970.0	0.618528
7975.0	0.6207630000000001
7980.0	0.62467
7985.0	0.62365
7990.0	0.6214430000000001
7995.0	0.612857
8000.0	0.60472
8005.0	0.611448
8010.0	0.615226
8015.0	0.61866
8020.0	0.616718
8025.0	0.606379
8030.0	0.607558
8035.0	0.613542
8040.0	0.614391
8045.0	0.6025699999999999
8050.0	0.602278
8055.0	0.608667
8060.0	0.612057
8065.0	0.616175
8070.0	0.613221
8075.0	0.612867
8080.0	0.6126699999999999
8085.0	0.607061
8090.0	0.604375
8095.0	0.6000989999999999
8100.0	0.5990270000000001
8105.0	0.602438
8110.0	0.606213
8115.0	0.606232
8120.0	0.604749
8125.0	0.604457
8130.0	0.603442
8135.0	0.59953
8140.0	0.5941350000000001
8145.0	0.589413
8150.0	0.586905
8155.0	0.586932
8160.0	0.585546
8165.0	0.579797
8170.0	0.574991
8175.0	0.576327
8180.0	0.580314
8185.0	0.581916
8190.0	0.578592
8195.0	0.571009
8200.0	0.57017
8205.0	0.584183
8210.0	0.5992310000000001
8215.0	0.599962
8220.0	0.586804
8225.0	0.566603
8230.0	0.55609
8235.0	0.567542
8240.0	0.585516
8245.0	0.5925239999999999
8250.0	0.590604
8255.0	0.5865
8260.0	0.586267
8265.0	0.592546
8270.0	0.595014
8275.0	0.5850770000000001
8280.0	0.574022
8285.0	0.5736319999999999
8290.0	0.577813
8295.0	0.5783510000000001
8300.0	0.576468
8305.0	0.575088
8310.0	0.57452
8315.0	0.5744859999999999
8320.0	0.574976
8325.0	0.575576
8330.0	0.573995
8335.0	0.569084
8340.0	0.566132
8345.0	0.5697270000000001
8350.0	0.575236
8355.0	0.577148
8360.0	0.575689
8365.0	0.572754
8370.0	0.571186
8375.0	0.572592
8380.0	0.572709
8385.0	0.5681930000000001
8390.0	0.5652510000000001
8395.0	0.5695439999999999
8400.0	0.574993
8405.0	0.574932
8410.0	0.57303
8415.0	0.572739
8420.0	0.571033
8425.0	0.5704779999999999
8430.0	0.5685979999999999
8435.0	0.56186
8440.0	0.5592520000000001
8445.0	0.561908
8450.0	0.567361
8455.0	0.572293
8460.0	0.5736319999999999
8465.0	0.570016
8470.0	0.565067
8475.0	0.5637909999999999
8480.0	0.564451
8485.0	0.568767
8490.0	0.562248
8495.0	0.523708
8500.0	0.5162260000000001
8505.0	0.541385
8510.0	0.55294
8515.0	0.550131
8520.0	0.547237
8525.0	0.545942
8530.0	0.545179
8535.0	0.522954
8540.0	0.472612
8545.0	0.45991800000000005
8550.0	0.473346
8555.0	0.49871400000000005
8560.0	0.5317569999999999
8565.0	0.543825
8570.0	0.540355
8575.0	0.538954
8580.0	0.5382020000000001
8585.0	0.536706
8590.0	0.533745
8595.0	0.531196
8600.0	0.533904
8605.0	0.536147
8610.0	0.5361239999999999
8615.0	0.535389
8620.0	0.535151
8625.0	0.539675
8630.0	0.5463640000000001
8635.0	0.5477609999999999
8640.0	0.5455479999999999
8645.0	0.542583
8650.0	0.54315
8655.0	0.531291
8660.0	0.48910299999999995
8665.0	0.467925
8670.0	0.467913
8675.0	0.49507399999999996
8680.0	0.526522
8685.0	0.519533
8690.0	0.516517
8695.0	0.53779
8700.0	0.513832
8705.0	0.532989
8710.0	0.521429
8715.0	0.521644
8720.0	0.529561
8725.0	0.5274760000000001
8730.0	0.518455
8735.0	0.516197
8740.0	0.515269
8745.0	0.514134
8750.0	0.510955
8755.0	0.5206529999999999
8760.0	0.524016
8765.0	0.517839
8770.0	0.5162680000000001
8775.0	0.5236930000000001
8780.0	0.526193
8785.0	0.522331
8790.0	0.5120020000000001
8795.0	0.5217890000000001
8800.0	0.510891
8805.0	0.495908
8810.0	0.512794
8815.0	0.524596
8820.0	0.5174310000000001
8825.0	0.518069
8830.0	0.52533
8835.0	0.51398
8840.0	0.515411
8845.0	0.516487
8850.0	0.522578
8855.0	0.514756
8860.0	0.504384
8865.0	0.505155
8870.0	0.519215
8875.0	0.51631
8880.0	0.525139
8885.0	0.528539
8890.0	0.52491
8895.0	0.517965
8900.0	0.527885
8905.0	0.524323
8910.0	0.518726
8915.0	0.522242
8920.0	0.52131
8925.0	0.509818
8930.0	0.511043
8935.0	0.509587
8940.0	0.509107
8945.0	0.509681
8950.0	0.51036
8955.0	0.509938
8960.0	0.507211
8965.0	0.5014310000000001
8970.0	0.49368999999999996
8975.0	0.48553500000000005
8980.0	0.47851499999999997
8985.0	0.473842
8990.0	0.47138100000000005
8995.0	0.47065799999999997
9000.0	0.4712
9005.0	0.472771
9010.0	0.47607299999999997
9015.0	0.482045
9020.0	0.49162700000000004
9025.0	0.505261
9030.0	0.521401
9035.0	0.538003
9040.0	0.553025
9045.0	0.564492
9050.0	0.570704
9055.0	0.5700270000000001
9060.0	0.560829
9065.0	0.542558
9070.0	0.518983
9075.0	0.494953
9080.0	0.475317
9085.0	0.46375299999999997
9090.0	0.45925200000000005
9095.0	0.459633
9100.0	0.462714
9105.0	0.46646400000000005
9110.0	0.469441
9115.0	0.47035299999999997
9120.0	0.467908
9125.0	0.461463
9130.0	0.452979
9135.0	0.445067
9140.0	0.44033999999999995
9145.0	0.44062399999999996
9150.0	0.44460200000000005
9155.0	0.45017399999999996
9160.0	0.455241
9165.0	0.45831099999999997
9170.0	0.460337
9175.0	0.462883
9180.0	0.467513
9185.0	0.47516899999999995
9190.0	0.484317
9195.0	0.492805
9200.0	0.49847700000000006
9205.0	0.499762
9210.0	0.49741199999999997
9215.0	0.49275699999999995
9220.0	0.487133
9225.0	0.48159399999999997
9230.0	0.476095
9235.0	0.470312
9240.0	0.463923
9245.0	0.45717299999999994
9250.0	0.452586
9255.0	0.453254
9260.0	0.462271
9265.0	0.481204
9270.0	0.5055189999999999
9275.0	0.529157
9280.0	0.54606
9285.0	0.5515720000000001
9290.0	0.546646
9295.0	0.5336350000000001
9300.0	0.514897
9305.0	0.492817
9310.0	0.469909
9315.0	0.448719
9320.0	0.43179300000000004
9325.0	0.42063500000000004
9330.0	0.41258900000000004
9335.0	0.403959
9340.0	0.391047
9345.0	0.37183299999999997
9350.0	0.350997
9355.0	0.334892
9360.0	0.329875
9365.0	0.34039
9370.0	0.36325
9375.0	0.393354
9380.0	0.425604
9385.0	0.455528
9390.0	0.48116000000000003
9395.0	0.501162
9400.0	0.514195
9405.0	0.519426
9410.0	0.518041
9415.0	0.511735
9420.0	0.5022
9425.0	0.49097299999999994
9430.0	0.47896099999999997
9435.0	0.466917
9440.0	0.45559399999999994
9445.0	0.445804
9450.0	0.438616
9455.0	0.43515699999999996
9460.0	0.43655600000000006
9465.0	0.443242
9470.0	0.45283900000000005
9475.0	0.462272
9480.0	0.46846400000000005
9485.0	0.469254
9490.0	0.466139
9495.0	0.461532
9500.0	0.45784300000000006
9505.0	0.456813
9510.0	0.45750100000000005
9515.0	0.458293
9520.0	0.457578
9525.0	0.454371
9530.0	0.450216
9535.0	0.44728199999999996
9540.0	0.44774200000000003
9545.0	0.452788
9550.0	0.45969499999999996
9555.0	0.464757
9560.0	0.464271
9565.0	0.455829
9570.0	0.442223
9575.0	0.427541
9580.0	0.415872
9585.0	0.410289
9590.0	0.409803
9595.0	0.412408
9600.0	0.416096
9605.0	0.419113
9610.0	0.420705
9615.0	0.42037299999999994
9620.0	0.417612
9625.0	0.41217
9630.0	0.404781
9635.0	0.396427
9640.0	0.38809099999999996
9645.0	0.380836
9650.0	0.376046
9655.0	0.375188
9660.0	0.379728
9665.0	0.390317
9670.0	0.404355
9675.0	0.418426
9680.0	0.429116
9685.0	0.43393400000000004
9690.0	0.43408900000000006
9695.0	0.43171400000000004
9700.0	0.42894399999999994
9705.0	0.427418
9710.0	0.42679799999999996
9715.0	0.426254
9720.0	0.42495600000000006
9725.0	0.422171
9730.0	0.417571
9735.0	0.410925
9740.0	0.402004
9745.0	0.39103000000000004
9750.0	0.380031
9755.0	0.37149099999999996
9760.0	0.367888
9765.0	0.370724
9770.0	0.377566
9775.0	0.385002
9780.0	0.38961799999999996
9785.0	0.389033
9790.0	0.384999
9795.0	0.380297
9800.0	0.377711
9805.0	0.379204
9810.0	0.383463
9815.0	0.388355
9820.0	0.391744
9825.0	0.392067
9830.0	0.390027
9835.0	0.386898
9840.0	0.38395100000000004
9845.0	0.382202
9850.0	0.381641
9855.0	0.38200100000000003
9860.0	0.38301199999999996
9865.0	0.384424
9870.0	0.386038
9875.0	0.387676
9880.0	0.389154
9885.0	0.390314
9890.0	0.391084
9895.0	0.391416
9900.0	0.39126
9905.0	0.39061
9910.0	0.38963400000000004
9915.0	0.38854299999999997
9920.0	0.387548
9925.0	0.386835
9930.0	0.386496
9935.0	0.38659699999999997
9940.0	0.387206
9945.0	0.388316
9950.0	0.38963200000000003
9955.0	0.390784
9960.0	0.391404
9965.0	0.391228
9970.0	0.390424
9975.0	0.389266
9980.0	0.388027
9985.0	0.38697600000000004
9990.0	0.386358
9995.0	0.386412
10000.0	0.387378
10005.0	0.389258
10010.0	0.391112
10015.0	0.391759
10020.0	0.39002
10025.0	0.385203
10030.0	0.37855700000000003
10035.0	0.371818
10040.0	0.366721
10045.0	0.364535
10050.0	0.364666
10055.0	0.366054
10060.0	0.367638
10065.0	0.368587
10070.0	0.36899
10075.0	0.369165
10080.0	0.369431
10085.0	0.370032
10090.0	0.37091
10095.0	0.371934
10100.0	0.37297399999999997
10105.0	0.37385799999999997
10110.0	0.374253
10115.0	0.373787
10120.0	0.37208800000000003
10125.0	0.36903
10130.0	0.365471
10135.0	0.362518
10140.0	0.36127600000000004
10145.0	0.362433
10150.0	0.365014
10155.0	0.367625
10160.0	0.368873
10165.0	0.367827
10170.0	0.365402
10175.0	0.36297399999999996
10180.0	0.361919
10185.0	0.363145
10190.0	0.365676
10195.0	0.36806700000000003
10200.0	0.368872
10205.0	0.367133
10210.0	0.36384299999999997
10215.0	0.360478
10220.0	0.35851700000000003
10225.0	0.35894699999999996
10230.0	0.360791
10235.0	0.36258
10240.0	0.362845
10245.0	0.360598
10250.0	0.35677
10255.0	0.352774
10260.0	0.350022
10265.0	0.349547
10270.0	0.350871
10275.0	0.353135
10280.0	0.355481
10285.0	0.357204
10290.0	0.358213
10295.0	0.358573
10300.0	0.35834699999999997
10305.0	0.358912
10310.0	0.358094
10315.0	0.35704
10320.0	0.355763
10325.0	0.354317
10330.0	0.35291300000000003
10335.0	0.3518
10340.0	0.35122800000000004
10345.0	0.351348
10350.0	0.351901
10355.0	0.352532
10360.0	0.35288200000000003
10365.0	0.35273499999999997
10370.0	0.35243
10375.0	0.35244699999999995
10380.0	0.35326799999999997
10385.0	0.355155
10390.0	0.357505
10395.0	0.359498
10400.0	0.360313
10405.0	0.35941100000000004
10410.0	0.35737399999999997
10415.0	0.355062
10420.0	0.35333600000000004
10425.0	0.352794
10430.0	0.352975
10435.0	0.353155
10440.0	0.35261
10445.0	0.350878
10450.0	0.348556
10455.0	0.346502
10460.0	0.345576
10465.0	0.346344
10470.0	0.3482
10475.0	0.350245
10480.0	0.351582
10485.0	0.351563
10490.0	0.35055
10495.0	0.34915999999999997
10500.0	0.348007
10505.0	0.347547
10510.0	0.347596
10515.0	0.347812
10520.0	0.347851
10525.0	0.34746900000000003
10530.0	0.346815
10535.0	0.346132
10540.0	0.345668
10545.0	0.345576
10550.0	0.34565100000000004
10555.0	0.345597
10560.0	0.345115
10565.0	0.344011
10570.0	0.342495
10575.0	0.340877
10580.0	0.339468
10585.0	0.338497
10590.0	0.337856
10595.0	0.337355
10600.0	0.336803
10605.0	0.33605300000000005
10610.0	0.335122
10615.0	0.33407
10620.0	0.332959
10625.0	0.33702
10630.0	0.33668000000000003
10635.0	0.336341
10640.0	0.336002
10645.0	0.33566399999999996
10650.0	0.335327
10655.0	0.33499
10660.0	0.334654
10665.0	0.334318
10670.0	0.333983
10675.0	0.333649
10680.0	0.333316
10685.0	0.332983
10690.0	0.33265100000000003
10695.0	0.33231900000000003
10700.0	0.331988
10705.0	0.331658
10710.0	0.331328
10715.0	0.330999
10720.0	0.330671
10725.0	0.330343
10730.0	0.330016
10735.0	0.329689
10740.0	0.329363
10745.0	0.329038
10750.0	0.32871300000000003
10755.0	0.328389
10760.0	0.32806599999999997
10765.0	0.327743
10770.0	0.327421
10775.0	0.327099
10780.0	0.326779
10785.0	0.32645799999999997
10790.0	0.326138
10795.0	0.325819
10800.0	0.32550100000000004
10805.0	0.325183
10810.0	0.324866
10815.0	0.324549
10820.0	0.324233
10825.0	0.323918
10830.0	0.32360300000000003
10835.0	0.323288
10840.0	0.322975
10845.0	0.322662
10850.0	0.322349
10855.0	0.32203699999999996
10860.0	0.321726
10865.0	0.321415
10870.0	0.32110500000000003
10875.0	0.320795
10880.0	0.320486
10885.0	0.320178
10890.0	0.31987
10895.0	0.319563
10900.0	0.319256
10905.0	0.31895
10910.0	0.31864499999999996
10915.0	0.31834
10920.0	0.318035
10925.0	0.317731
10930.0	0.31742800000000004
10935.0	0.317125
10940.0	0.316823
10945.0	0.31652199999999997
10950.0	0.31622100000000003
10955.0	0.31592
10960.0	0.31561999999999996
10965.0	0.315321
10970.0	0.31502199999999997
10975.0	0.314724
10980.0	0.31442600000000004
10985.0	0.314129
10990.0	0.313833
10995.0	0.31353600000000004
11000.0	0.313241
11005.0	0.312946
11010.0	0.312652
11015.0	0.31235799999999997
11020.0	0.312064
11025.0	0.311771
11030.0	0.311479
11035.0	0.311187
11040.0	0.310896
11045.0	0.310605
11050.0	0.310315
11055.0	0.310026
11060.0	0.309737
11065.0	0.309448
11070.0	0.30916
11075.0	0.308872
11080.0	0.308585
11085.0	0.308299
11090.0	0.30801300000000004
11095.0	0.307727
11100.0	0.307442
11105.0	0.307158
11110.0	0.306874
11115.0	0.30659000000000003
11120.0	0.306307
11125.0	0.306025
11130.0	0.305743
11135.0	0.30546100000000004
11140.0	0.30518
11145.0	0.3049
11150.0	0.30462
11155.0	0.30434
11160.0	0.304061
11165.0	0.30378299999999997
11170.0	0.303505
11175.0	0.303227
11180.0	0.30295
11185.0	0.302673
11190.0	0.30239699999999997
11195.0	0.302122
11200.0	0.301847
11205.0	0.301572
11210.0	0.301298
11215.0	0.30102399999999996
11220.0	0.30075100000000005
11225.0	0.300478
11230.0	0.300206
11235.0	0.29993400000000003
11240.0	0.299662
11245.0	0.29939099999999996
11250.0	0.299121
11255.0	0.29885100000000003
11260.0	0.298581
11265.0	0.29831199999999997
11270.0	0.29804400000000003
11275.0	0.297775
11280.0	0.297508
11285.0	0.29724
11290.0	0.29697399999999996
11295.0	0.296707
11300.0	0.296441
11305.0	0.296176
11310.0	0.29591100000000004
11315.0	0.295646
11320.0	0.29538200000000003
11325.0	0.295118
11330.0	0.29485500000000003
11335.0	0.294592
11340.0	0.29433000000000004
11345.0	0.294068
11350.0	0.293806
11355.0	0.293545
11360.0	0.293284
11365.0	0.29302399999999995
11370.0	0.29276399999999997
11375.0	0.292504
11380.0	0.292245
11385.0	0.291987
11390.0	0.291729
11395.0	0.291471
11400.0	0.291213
11405.0	0.290956
11410.0	0.2907
11415.0	0.290444
11420.0	0.290188
11425.0	0.289933
11430.0	0.28967800000000005
11435.0	0.289423
11440.0	0.289169
11445.0	0.28891500000000003
11450.0	0.288662
11455.0	0.288409
11460.0	0.28815599999999997
11465.0	0.287904
11470.0	0.287652
11475.0	0.287401
11480.0	0.28715
11485.0	0.28689899999999996
11490.0	0.286649
11495.0	0.28639899999999996
11500.0	0.28615
11505.0	0.285901
11510.0	0.285652
11515.0	0.285404
11520.0	0.285156
11525.0	0.284908
11530.0	0.284661
11535.0	0.284414
11540.0	0.284167
11545.0	0.283921
11550.0	0.283675
11555.0	0.28343
11560.0	0.28318499999999996
11565.0	0.28294
11570.0	0.282696
11575.0	0.282452
11580.0	0.282208
11585.0	0.281965
11590.0	0.281722
11595.0	0.28148
11600.0	0.281237
11605.0	0.280995
11610.0	0.280754
11615.0	0.280513
11620.0	0.28027199999999997
11625.0	0.280031
11630.0	0.279791
11635.0	0.27955100000000005
11640.0	0.279312
11645.0	0.279073
11650.0	0.278834
11655.0	0.278595
11660.0	0.278357
11665.0	0.278119
11670.0	0.277882
11675.0	0.277644
11680.0	0.277408
11685.0	0.277171
11690.0	0.276935
11695.0	0.276699
11700.0	0.276463
11705.0	0.27622800000000003
11710.0	0.275993
11715.0	0.275758
11720.0	0.275524
11725.0	0.27529000000000003
11730.0	0.27505599999999997
11735.0	0.27482199999999996
11740.0	0.27458899999999997
11745.0	0.274356
11750.0	0.274124
11755.0	0.273892
11760.0	0.27366
11765.0	0.273428
11770.0	0.273196
11775.0	0.272965
11780.0	0.272735
11785.0	0.272504
11790.0	0.27227399999999996
11795.0	0.272044
11800.0	0.271814
11805.0	0.27158499999999997
11810.0	0.271356
11815.0	0.271127
11820.0	0.270898
11825.0	0.27066999999999997
11830.0	0.270442
11835.0	0.270214
11840.0	0.269987
11845.0	0.269759
11850.0	0.26953299999999997
11855.0	0.269306
11860.0	0.269079
11865.0	0.268853
11870.0	0.268627
11875.0	0.268402
11880.0	0.268176
11885.0	0.267951
11890.0	0.267726
11895.0	0.267502
11900.0	0.267277
11905.0	0.26705300000000004
11910.0	0.266829
11915.0	0.266606
11920.0	0.266382
11925.0	0.26615900000000003
11930.0	0.265936
11935.0	0.265714
11940.0	0.265491
11945.0	0.26526900000000003
11950.0	0.265047
11955.0	0.264825
11960.0	0.264604
11965.0	0.264382
11970.0	0.26416100000000003
11975.0	0.263941
11980.0	0.26371999999999995
11985.0	0.2635
11990.0	0.263279
11995.0	0.263059
12000.0	0.26284
12005.0	0.26261999999999996
12010.0	0.262401
12015.0	0.262182
12020.0	0.261963
12025.0	0.26174400000000003
12030.0	0.26152600000000004
12035.0	0.261308
12040.0	0.26109
12045.0	0.260872
12050.0	0.260654
12055.0	0.260437
12060.0	0.260219
12065.0	0.260002
12070.0	0.259785
12075.0	0.259569
12080.0	0.25935199999999997
12085.0	0.25913600000000003
12090.0	0.25892
12095.0	0.258704
12100.0	0.258488
12105.0	0.258273
12110.0	0.25805700000000004
12115.0	0.257842
12120.0	0.257627
12125.0	0.257412
12130.0	0.257198
12135.0	0.256983
12140.0	0.256769
12145.0	0.25655500000000003
12150.0	0.256341
12155.0	0.256127
12160.0	0.255913
12165.0	0.2557
12170.0	0.255486
12175.0	0.255273
12180.0	0.25506
12185.0	0.254847
12190.0	0.254635
12195.0	0.254422
12200.0	0.25421
12205.0	0.253998
12210.0	0.253785
12215.0	0.25357399999999997
12220.0	0.253362
12225.0	0.25315
12230.0	0.25293899999999997
12235.0	0.252727
12240.0	0.25251599999999996
12245.0	0.252305
12250.0	0.252094
12255.0	0.25188299999999997
12260.0	0.251673
12265.0	0.25146199999999996
12270.0	0.251252
12275.0	0.251042
12280.0	0.250832
12285.0	0.25062199999999996
12290.0	0.25041199999999997
12295.0	0.250202
12300.0	0.249993
12305.0	0.249784
12310.0	0.249575
12315.0	0.24936599999999998
12320.0	0.24915700000000002
12325.0	0.248948
12330.0	0.248739
12335.0	0.248531
12340.0	0.248323
12345.0	0.248115
12350.0	0.24790700000000002
12355.0	0.24769899999999997
12360.0	0.247491
12365.0	0.247283
12370.0	0.24707600000000002
12375.0	0.246869
12380.0	0.246662
12385.0	0.246455
12390.0	0.246248
12395.0	0.24604099999999998
12400.0	0.245835
12405.0	0.245628
12410.0	0.24542199999999997
12415.0	0.245216
12420.0	0.24500999999999998
12425.0	0.244804
12430.0	0.244598
12435.0	0.24439299999999997
12440.0	0.244187
12445.0	0.243982
12450.0	0.243777
12455.0	0.24357199999999998
12460.0	0.243367
12465.0	0.24316300000000002
12470.0	0.24295799999999998
12475.0	0.242754
12480.0	0.24255
12485.0	0.24234499999999998
12490.0	0.242142
12495.0	0.24193800000000001
12500.0	0.241734
12505.0	0.241531
12510.0	0.24132699999999999
12515.0	0.24112399999999998
12520.0	0.240921
12525.0	0.240718
12530.0	0.240515
12535.0	0.240312
12540.0	0.24011
12545.0	0.23990799999999998
12550.0	0.23970500000000003
12555.0	0.23950300000000002
12560.0	0.239301
12565.0	0.2391
12570.0	0.238898
12575.0	0.238696
12580.0	0.23849499999999998
12585.0	0.238294
12590.0	0.23809299999999997
12595.0	0.23789200000000002
12600.0	0.23769099999999999
12605.0	0.23749
12610.0	0.23729
12615.0	0.237089
12620.0	0.236889
12625.0	0.23668899999999998
12630.0	0.23648899999999998
12635.0	0.236289
12640.0	0.23609000000000002
12645.0	0.23589000000000002
12650.0	0.23569099999999998
12655.0	0.23549099999999998
12660.0	0.235292
12665.0	0.235093
12670.0	0.234895
12675.0	0.23469600000000002
12680.0	0.23449699999999998
12685.0	0.23429899999999998
12690.0	0.23410100000000003
12695.0	0.23390300000000003
12700.0	0.23370500000000002
12705.0	0.23350700000000002
12710.0	0.23330900000000002
12715.0	0.23311199999999999
12720.0	0.23291399999999998
12725.0	0.232717
12730.0	0.23251999999999998
12735.0	0.232323
12740.0	0.23212600000000003
12745.0	0.231929
12750.0	0.231733
12755.0	0.23153600000000002
12760.0	0.23134000000000002
12765.0	0.23114400000000002
12770.0	0.23094800000000001
12775.0	0.23075199999999998
12780.0	0.23055599999999998
12785.0	0.230361
12790.0	0.230165
12795.0	0.22996999999999998
12800.0	0.229775
12805.0	0.22958
12810.0	0.22938499999999998
12815.0	0.22919
12820.0	0.228996
12825.0	0.22880100000000003
12830.0	0.228607
12835.0	0.228413
12840.0	0.228219
12845.0	0.228025
12850.0	0.227831
12855.0	0.22763699999999998
12860.0	0.227444
12865.0	0.227251
12870.0	0.227057
12875.0	0.22686399999999998
12880.0	0.226671
12885.0	0.22647899999999999
12890.0	0.22628600000000001
12895.0	0.226093
12900.0	0.22590100000000002
12905.0	0.22570900000000002
12910.0	0.225517
12915.0	0.225325
12920.0	0.225133
12925.0	0.22494099999999997
12930.0	0.22475
12935.0	0.22455799999999998
12940.0	0.224367
12945.0	0.22417600000000001
12950.0	0.223985
12955.0	0.223794
12960.0	0.22360300000000002
12965.0	0.223413
12970.0	0.22322199999999998
12975.0	0.223032
12980.0	0.222842
12985.0	0.222652
12990.0	0.222462
12995.0	0.22227199999999997
13000.0	0.222083
13005.0	0.22189299999999998
13010.0	0.22170399999999998
13015.0	0.22151500000000002
13020.0	0.22132600000000002
13025.0	0.221137
13030.0	0.220948
13035.0	0.220759
13040.0	0.22057100000000002
13045.0	0.22038200000000002
13050.0	0.220194
13055.0	0.220006
13060.0	0.21981799999999999
13065.0	0.21963000000000002
13070.0	0.21944299999999997
13075.0	0.219255
13080.0	0.21906799999999998
13085.0	0.21888000000000002
13090.0	0.21869299999999997
13095.0	0.218506
13100.0	0.218319
13105.0	0.218133
13110.0	0.217946
13115.0	0.217759
13120.0	0.217573
13125.0	0.217387
13130.0	0.21720100000000003
13135.0	0.217015
13140.0	0.216829
13145.0	0.216644
13150.0	0.21645799999999998
13155.0	0.216273
13160.0	0.216087
13165.0	0.215902
13170.0	0.21571700000000002
13175.0	0.215533
13180.0	0.215348
13185.0	0.21516300000000002
13190.0	0.214979
13195.0	0.21479499999999999
13200.0	0.21461
13205.0	0.21442600000000003
13210.0	0.214243
13215.0	0.21405900000000003
13220.0	0.213875
13225.0	0.21369200000000002
13230.0	0.213508
13235.0	0.213325
13240.0	0.213142
13245.0	0.212959
13250.0	0.21277600000000002
13255.0	0.212594
13260.0	0.21241100000000002
13265.0	0.212229
13270.0	0.212046
13275.0	0.211864
13280.0	0.211682
13285.0	0.2115
13290.0	0.211319
13295.0	0.211137
13300.0	0.210956
13305.0	0.210774
13310.0	0.21059299999999997
13315.0	0.210412
13320.0	0.210231
13325.0	0.21005
13330.0	0.20986999999999997
13335.0	0.209689
13340.0	0.209509
13345.0	0.20932800000000001
13350.0	0.209148
13355.0	0.208968
13360.0	0.208788
13365.0	0.20860900000000002
13370.0	0.208429
13375.0	0.20825
13380.0	0.20806999999999998
13385.0	0.207891
13390.0	0.20771199999999998
13395.0	0.207533
13400.0	0.20735399999999998
13405.0	0.20717600000000003
13410.0	0.206997
13415.0	0.206819
13420.0	0.20664000000000002
13425.0	0.20646199999999998
13430.0	0.20628400000000002
13435.0	0.20610599999999998
13440.0	0.205929
13445.0	0.20575100000000002
13450.0	0.20557399999999998
13455.0	0.205396
13460.0	0.205219
13465.0	0.205042
13470.0	0.20486500000000002
13475.0	0.204688
13480.0	0.204512
13485.0	0.204335
13490.0	0.20415899999999998
13495.0	0.203982
13500.0	0.203806
13505.0	0.20363
13510.0	0.203454
13515.0	0.203278
13520.0	0.203103
13525.0	0.202927
13530.0	0.202752
13535.0	0.202577
13540.0	0.202402
13545.0	0.202227
13550.0	0.202052
13555.0	0.201877
13560.0	0.201703
13565.0	0.20152799999999998
13570.0	0.201354
13575.0	0.20118
13580.0	0.201005
13585.0	0.20083199999999998
13590.0	0.200658
13595.0	0.200484
13600.0	0.200311
13605.0	0.20013699999999998
13610.0	0.199964
13615.0	0.199791
13620.0	0.19961800000000002
13625.0	0.199445
13630.0	0.199272
13635.0	0.199099
13640.0	0.198927
13645.0	0.198755
13650.0	0.19858199999999998
13655.0	0.19841
13660.0	0.198238
13665.0	0.19806600000000002
13670.0	0.19789500000000002
13675.0	0.197723
13680.0	0.197552
13685.0	0.19738
13690.0	0.197209
13695.0	0.19703800000000002
13700.0	0.19686700000000001
13705.0	0.196696
13710.0	0.196526
13715.0	0.196355
13720.0	0.196185
13725.0	0.19601400000000002
13730.0	0.19584400000000002
13735.0	0.19567400000000001
13740.0	0.19550399999999998
13745.0	0.19533399999999998
13750.0	0.195165
13755.0	0.194995
13760.0	0.194826
13765.0	0.194657
13770.0	0.194487
13775.0	0.19431800000000002
13780.0	0.194149
13785.0	0.193981
13790.0	0.19381199999999998
13795.0	0.193644
13800.0	0.193475
13805.0	0.193307
13810.0	0.193139
13815.0	0.192971
13820.0	0.192803
13825.0	0.192635
13830.0	0.192468
13835.0	0.1923
13840.0	0.192133
13845.0	0.191966
13850.0	0.191799
13855.0	0.191632
13860.0	0.191465
13865.0	0.191298
13870.0	0.191131
13875.0	0.190965
13880.0	0.190799
13885.0	0.190632
13890.0	0.190466
13895.0	0.1903
13900.0	0.190135
13905.0	0.189969
13910.0	0.189803
13915.0	0.189638
13920.0	0.189473
13925.0	0.189307
13930.0	0.189142
13935.0	0.188977
13940.0	0.18881199999999998
13945.0	0.188648
13950.0	0.18848299999999998
13955.0	0.18831900000000001
13960.0	0.188154
13965.0	0.18799000000000002
13970.0	0.187826
13975.0	0.187662
13980.0	0.187499
13985.0	0.187335
13990.0	0.187171
13995.0	0.18700799999999998
14000.0	0.186845
14005.0	0.18668099999999999
14010.0	0.18651800000000002
14015.0	0.186355
14020.0	0.186193
14025.0	0.18603
14030.0	0.185867
14035.0	0.185705
14040.0	0.185543
14045.0	0.18538
14050.0	0.185218
14055.0	0.185056
14060.0	0.184895
14065.0	0.18473299999999998
14070.0	0.184571
14075.0	0.18441
14080.0	0.184249
14085.0	0.184088
14090.0	0.183926
14095.0	0.183766
14100.0	0.183605
14105.0	0.183444
14110.0	0.183284
14115.0	0.183123
14120.0	0.18296300000000001
14125.0	0.182803
14130.0	0.182643
14135.0	0.182483
14140.0	0.182323
14145.0	0.18216300000000002
14150.0	0.182004
14155.0	0.181844
14160.0	0.18168499999999999
14165.0	0.181526
14170.0	0.181366
14175.0	0.18120799999999998
14180.0	0.181049
14185.0	0.18089
14190.0	0.180731
14195.0	0.180573
14200.0	0.18041500000000002
14205.0	0.180256
14210.0	0.180098
14215.0	0.17994000000000002
14220.0	0.179783
14225.0	0.179625
14230.0	0.17946700000000002
14235.0	0.17931
14240.0	0.179152
14245.0	0.17899500000000002
14250.0	0.17883800000000002
14255.0	0.178681
14260.0	0.178524
14265.0	0.178368
14270.0	0.17821099999999998
14275.0	0.178054
14280.0	0.177898
14285.0	0.177742
14290.0	0.177586
14295.0	0.17743
14300.0	0.177274
14305.0	0.177118
14310.0	0.17696199999999998
14315.0	0.176807
14320.0	0.176651
14325.0	0.17649600000000001
14330.0	0.176341
14335.0	0.17618599999999998
14340.0	0.176031
14345.0	0.175876
14350.0	0.175722
14355.0	0.175567
14360.0	0.175413
14365.0	0.175258
14370.0	0.175104
14375.0	0.17495
14380.0	0.174796
14385.0	0.17464200000000002
14390.0	0.174489
14395.0	0.174335
14400.0	0.174182
14405.0	0.174028
14410.0	0.173875
14415.0	0.17372200000000002
14420.0	0.173569
14425.0	0.17341600000000001
14430.0	0.173264
14435.0	0.173111
14440.0	0.172958
14445.0	0.172806
14450.0	0.172654
14455.0	0.172502
14460.0	0.17235
14465.0	0.172198
14470.0	0.172046
14475.0	0.17189400000000002
14480.0	0.171743
14485.0	0.17159100000000002
14490.0	0.17144
14495.0	0.171289
14500.0	0.171138
14505.0	0.170987
14510.0	0.170836
14515.0	0.170685
14520.0	0.170535
14525.0	0.17038399999999998
14530.0	0.170234
14535.0	0.17008399999999999
14540.0	0.169934
14545.0	0.169784
14550.0	0.16963399999999998
14555.0	0.169484
14560.0	0.16933499999999999
14565.0	0.169185
14570.0	0.169036
14575.0	0.16888599999999998
14580.0	0.168737
14585.0	0.16858800000000002
14590.0	0.168439
14595.0	0.168291
14600.0	0.168142
14605.0	0.167993
14610.0	0.167845
14615.0	0.167697
14620.0	0.167548
14625.0	0.1674
14630.0	0.167252
14635.0	0.167104
14640.0	0.166957
14645.0	0.16680899999999999
14650.0	0.16666199999999998
14655.0	0.16651400000000002
14660.0	0.16636700000000001
14665.0	0.16622
14670.0	0.166073
14675.0	0.165926
14680.0	0.165779
14685.0	0.165632
14690.0	0.165486
14695.0	0.165339
14700.0	0.165193
14705.0	0.165047
14710.0	0.164901
14715.0	0.16475499999999998
14720.0	0.164609
14725.0	0.164463
14730.0	0.16431800000000002
14735.0	0.164172
14740.0	0.164027
14745.0	0.163882
14750.0	0.163736
14755.0	0.16359100000000001
14760.0	0.163446
14765.0	0.163302
14770.0	0.163157
14775.0	0.163012
14780.0	0.162868
14785.0	0.162724
14790.0	0.162579
14795.0	0.162435
14800.0	0.16229100000000002
14805.0	0.162147
14810.0	0.162004
14815.0	0.16186
14820.0	0.161717
14825.0	0.161573
14830.0	0.16143
14835.0	0.16128699999999999
14840.0	0.161144
14845.0	0.161001
14850.0	0.160858
14855.0	0.160715
14860.0	0.160572
14865.0	0.16043
14870.0	0.160288
14875.0	0.160145
14880.0	0.160003
14885.0	0.159861
14890.0	0.159719
14895.0	0.159577
14900.0	0.159436
14905.0	0.15929400000000002
14910.0	0.159153
14915.0	0.15901099999999999
14920.0	0.15887
14925.0	0.158729
14930.0	0.158588
14935.0	0.158447
14940.0	0.158306
14945.0	0.158166
14950.0	0.158025
14955.0	0.157885
14960.0	0.157745
14965.0	0.157604
14970.0	0.15746400000000002
14975.0	0.157324
14980.0	0.157184
14985.0	0.15704500000000002
14990.0	0.156905
14995.0	0.15676600000000002
15000.0	0.156626
15005.0	0.156487
15010.0	0.15634800000000001
15015.0	0.156209
15020.0	0.15607000000000001
15025.0	0.155931
15030.0	0.155792
15035.0	0.155654
15040.0	0.15551500000000001
15045.0	0.155377
15050.0	0.15523800000000001
15055.0	0.1551
15060.0	0.154962
15065.0	0.154824
15070.0	0.154687
15075.0	0.154549
15080.0	0.154411
15085.0	0.154274
15090.0	0.154136
15095.0	0.153999
15100.0	0.153862
15105.0	0.153725
15110.0	0.153588
15115.0	0.153451
15120.0	0.153315
15125.0	0.153178
15130.0	0.153041
15135.0	0.15290499999999999
15140.0	0.15276900000000002
15145.0	0.152633
15150.0	0.152497
15155.0	0.152361
15160.0	0.152225
15165.0	0.152089
15170.0	0.151954
15175.0	0.151818
15180.0	0.15168299999999998
15185.0	0.151548
15190.0	0.15141300000000002
15195.0	0.151278
15200.0	0.151143
15205.0	0.151008
15210.0	0.150873
15215.0	0.150739
15220.0	0.150604
15225.0	0.15047
15230.0	0.150336
15235.0	0.150201
15240.0	0.150067
15245.0	0.14993399999999998
15250.0	0.1498
15255.0	0.14966600000000002
15260.0	0.149532
15265.0	0.149399
15270.0	0.149266
15275.0	0.149132
15280.0	0.148999
15285.0	0.148866
15290.0	0.148733
15295.0	0.148601
15300.0	0.14846800000000002
15305.0	0.148335
15310.0	0.148203
15315.0	0.14807
15320.0	0.14793800000000001
15325.0	0.147806
15330.0	0.147674
15335.0	0.147542
15340.0	0.14740999999999999
15345.0	0.147278
15350.0	0.147147
15355.0	0.147015
15360.0	0.146884
15365.0	0.146753
15370.0	0.146622
15375.0	0.146491
15380.0	0.14636
15385.0	0.146229
15390.0	0.146098
15395.0	0.145967
15400.0	0.145837
15405.0	0.145707
15410.0	0.145576
15415.0	0.145446
15420.0	0.145316
15425.0	0.14518599999999998
15430.0	0.145056
15435.0	0.144926
15440.0	0.144797
15445.0	0.14466700000000002
15450.0	0.144538
15455.0	0.14440799999999998
15460.0	0.144279
15465.0	0.14415
15470.0	0.144021
15475.0	0.14389200000000002
15480.0	0.143764
15485.0	0.14363499999999998
15490.0	0.143506
15495.0	0.143378
15500.0	0.143249
15505.0	0.143121
15510.0	0.142993
15515.0	0.14286500000000002
15520.0	0.142737
15525.0	0.14260899999999999
15530.0	0.142482
15535.0	0.142354
15540.0	0.142227
15545.0	0.142099
15550.0	0.14197200000000001
15555.0	0.141845
15560.0	0.141718
15565.0	0.141591
15570.0	0.141464
15575.0	0.141337
15580.0	0.141211
15585.0	0.141084
15590.0	0.140958
15595.0	0.14083099999999998
15600.0	0.140705
15605.0	0.140579
15610.0	0.140453
15615.0	0.140327
15620.0	0.140201
15625.0	0.140076
15630.0	0.13995
15635.0	0.139825
15640.0	0.139699
15645.0	0.139574
15650.0	0.139449
15655.0	0.139324
15660.0	0.139199
15665.0	0.139074
15670.0	0.138949
15675.0	0.138825
15680.0	0.1387
15685.0	0.138576
15690.0	0.138451
15695.0	0.138327
15700.0	0.138203
15705.0	0.138079
15710.0	0.137955
15715.0	0.13783199999999998
15720.0	0.137708
15725.0	0.13758399999999998
15730.0	0.137461
15735.0	0.137337
15740.0	0.137214
15745.0	0.13709100000000002
15750.0	0.136968
15755.0	0.136845
15760.0	0.136722
15765.0	0.1366
15770.0	0.136477
15775.0	0.136354
15780.0	0.136232
15785.0	0.13610999999999998
15790.0	0.135987
15795.0	0.135865
15800.0	0.135743
15805.0	0.135621
15810.0	0.1355
15815.0	0.135378
15820.0	0.135256
15825.0	0.13513499999999998
15830.0	0.13501400000000002
15835.0	0.134892
15840.0	0.134771
15845.0	0.13465
15850.0	0.134529
15855.0	0.134408
15860.0	0.134287
15865.0	0.134167
15870.0	0.134046
15875.0	0.133926
15880.0	0.133805
15885.0	0.133685
15890.0	0.13356500000000002
15895.0	0.133445
15900.0	0.133325
15905.0	0.133205
15910.0	0.13308499999999998
15915.0	0.132966
15920.0	0.132846
15925.0	0.132727
15930.0	0.132608
15935.0	0.13248800000000002
15940.0	0.13236900000000001
15945.0	0.13225
15950.0	0.132131
15955.0	0.13201300000000002
15960.0	0.131894
15965.0	0.131775
15970.0	0.131657
15975.0	0.13153800000000002
15980.0	0.13142
15985.0	0.131302
15990.0	0.131184
15995.0	0.13106600000000002
16000.0	0.130948
16005.0	0.13083
16010.0	0.130712
16015.0	0.13059500000000002
16020.0	0.130477
16025.0	0.13036
16030.0	0.130243
16035.0	0.130125
16040.0	0.13000799999999998
16045.0	0.129891
16050.0	0.129774
16055.0	0.129658
16060.0	0.12954100000000002
16065.0	0.129424
16070.0	0.129308
16075.0	0.129192
16080.0	0.129075
16085.0	0.128959
16090.0	0.128843
16095.0	0.128727
16100.0	0.128611
16105.0	0.128495
16110.0	0.12838
16115.0	0.12826400000000002
16120.0	0.128149
16125.0	0.12803299999999998
16130.0	0.127918
16135.0	0.127803
16140.0	0.12768800000000002
16145.0	0.127573
16150.0	0.127458
16155.0	0.127343
16160.0	0.127229
16165.0	0.127114
16170.0	0.126999
16175.0	0.126885
16180.0	0.126771
16185.0	0.126657
16190.0	0.12654300000000002
16195.0	0.12642899999999999
16200.0	0.126315
16205.0	0.126201
16210.0	0.12608699999999998
16215.0	0.125974
16220.0	0.12586
16225.0	0.125747
16230.0	0.125634
16235.0	0.12552
16240.0	0.125407
16245.0	0.12529400000000002
16250.0	0.125181
16255.0	0.125069
16260.0	0.124956
16265.0	0.12484300000000001
16270.0	0.124731
16275.0	0.124618
16280.0	0.12450599999999999
16285.0	0.124394
16290.0	0.12428199999999999
16295.0	0.12417
16300.0	0.12405799999999999
16305.0	0.123946
16310.0	0.12383399999999999
16315.0	0.123723
16320.0	0.12361099999999998
16325.0	0.1235
16330.0	0.12338800000000001
16335.0	0.123277
16340.0	0.12316600000000001
16345.0	0.123055
16350.0	0.12294400000000001
16355.0	0.122833
16360.0	0.122723
16365.0	0.12261199999999998
16370.0	0.122501
16375.0	0.12239100000000001
16380.0	0.122281
16385.0	0.12217
16390.0	0.12205999999999999
16395.0	0.12195
16400.0	0.12184
16405.0	0.12172999999999999
16410.0	0.121621
16415.0	0.121511
16420.0	0.121401
16425.0	0.12129200000000001
16430.0	0.121182
16435.0	0.121073
16440.0	0.12096400000000002
16445.0	0.12085499999999999
16450.0	0.120746
16455.0	0.120637
16460.0	0.120528
16465.0	0.12041900000000001
16470.0	0.12031099999999999
16475.0	0.120202
16480.0	0.120094
16485.0	0.119986
16490.0	0.119877
16495.0	0.119769
16500.0	0.11966099999999999
16505.0	0.11955299999999999
16510.0	0.11944500000000001
16515.0	0.11933800000000001
16520.0	0.11922999999999999
16525.0	0.119122
16530.0	0.11901500000000001
16535.0	0.11890799999999999
16540.0	0.1188
16545.0	0.118693
16550.0	0.11858599999999998
16555.0	0.118479
16560.0	0.118372
16565.0	0.11826500000000001
16570.0	0.11815899999999999
16575.0	0.118052
16580.0	0.11794600000000001
16585.0	0.11783900000000001
16590.0	0.11773299999999999
16595.0	0.117627
16600.0	0.11752
16605.0	0.117414
16610.0	0.117308
16615.0	0.117203
16620.0	0.117097
16625.0	0.11699100000000001
16630.0	0.11688599999999999
16635.0	0.11678
16640.0	0.116675
16645.0	0.116569
16650.0	0.11646400000000001
16655.0	0.11635899999999999
16660.0	0.116254
16665.0	0.116149
16670.0	0.11604400000000001
16675.0	0.11594000000000002
16680.0	0.115835
16685.0	0.11573
16690.0	0.11562599999999999
16695.0	0.115522
16700.0	0.115417
16705.0	0.11531300000000001
16710.0	0.11520899999999999
16715.0	0.115105
16720.0	0.115001
16725.0	0.114897
16730.0	0.11479400000000001
16735.0	0.11469000000000001
16740.0	0.114587
16745.0	0.11448299999999999
16750.0	0.11438
16755.0	0.114276
16760.0	0.114173
16765.0	0.11407
16770.0	0.11396700000000001
16775.0	0.113864
16780.0	0.11376199999999999
16785.0	0.113659
16790.0	0.11355599999999999
16795.0	0.113454
16800.0	0.113351
16805.0	0.113249
16810.0	0.113147
16815.0	0.113045
16820.0	0.112943
16825.0	0.11284100000000001
16830.0	0.112739
16835.0	0.11263699999999999
16840.0	0.112535
16845.0	0.11243399999999999
16850.0	0.11233199999999999
16855.0	0.112231
16860.0	0.11213
16865.0	0.112028
16870.0	0.111927
16875.0	0.111826
16880.0	0.111725
16885.0	0.111624
16890.0	0.111524
16895.0	0.11142300000000001
16900.0	0.111322
16905.0	0.111222
16910.0	0.111121
16915.0	0.11102100000000001
16920.0	0.110921
16925.0	0.110821
16930.0	0.110721
16935.0	0.110621
16940.0	0.11052100000000001
16945.0	0.110421
16950.0	0.110321
16955.0	0.110222
16960.0	0.110122
16965.0	0.110023
16970.0	0.109923
16975.0	0.109824
16980.0	0.109725
16985.0	0.109626
16990.0	0.109527
16995.0	0.109428
17000.0	0.109329
17005.0	0.109231
17010.0	0.10913199999999999
17015.0	0.10903399999999999
17020.0	0.10893499999999999
17025.0	0.10883699999999999
17030.0	0.10873900000000002
17035.0	0.10864000000000001
17040.0	0.10854200000000001
17045.0	0.108444
17050.0	0.108346
17055.0	0.108249
17060.0	0.108151
17065.0	0.108053
17070.0	0.107956
17075.0	0.107858
17080.0	0.107761
17085.0	0.10766400000000001
17090.0	0.10756600000000001
17095.0	0.10746900000000001
17100.0	0.10737200000000001
17105.0	0.107275
17110.0	0.107179
17115.0	0.107082
17120.0	0.106985
17125.0	0.10688900000000001
17130.0	0.10679200000000001
17135.0	0.106696
17140.0	0.106599
17145.0	0.106503
17150.0	0.10640699999999999
17155.0	0.10631099999999999
17160.0	0.106215
17165.0	0.106119
17170.0	0.106023
17175.0	0.105928
17180.0	0.105832
17185.0	0.10573699999999998
17190.0	0.10564100000000001
17195.0	0.105546
17200.0	0.10545
17205.0	0.10535499999999999
17210.0	0.10525999999999999
17215.0	0.10516500000000001
17220.0	0.10507000000000001
17225.0	0.104975
17230.0	0.10488099999999999
17235.0	0.10478599999999999
17240.0	0.10469200000000001
17245.0	0.10459700000000001
17250.0	0.104503
17255.0	0.10440799999999999
17260.0	0.104314
17265.0	0.10422000000000001
17270.0	0.104126
17275.0	0.104032
17280.0	0.10393800000000002
17285.0	0.103844
17290.0	0.103751
17295.0	0.103657
17300.0	0.10356300000000002
17305.0	0.10347
17310.0	0.103377
17315.0	0.10328299999999999
17320.0	0.10319
17325.0	0.10309700000000001
17330.0	0.103004
17335.0	0.10291099999999999
17340.0	0.102818
17345.0	0.102725
17350.0	0.10263299999999999
17355.0	0.10254
17360.0	0.102448
17365.0	0.102355
17370.0	0.10226299999999999
17375.0	0.102171
17380.0	0.102079
17385.0	0.10198600000000001
17390.0	0.10189400000000001
17395.0	0.10180299999999999
17400.0	0.101711
17405.0	0.101619
17410.0	0.10152699999999999
17415.0	0.101436
17420.0	0.101344
17425.0	0.101253
17430.0	0.101162
17435.0	0.10107000000000001
17440.0	0.100979
17445.0	0.100888
17450.0	0.100797
17455.0	0.10070599999999999
17460.0	0.100615
17465.0	0.100525
17470.0	0.10043400000000001
17475.0	0.100343
17480.0	0.100253
17485.0	0.100163
17490.0	0.10007200000000001
17495.0	0.099982
17500.0	0.099892
17505.0	0.099802
17510.0	0.099712
17515.0	0.099622
17520.0	0.09953200000000001
17525.0	0.099442
17530.0	0.099353
17535.0	0.099263
17540.0	0.099174
17545.0	0.099084
17550.0	0.098995
17555.0	0.098906
17560.0	0.098817
17565.0	0.098727
17570.0	0.098638
17575.0	0.09855
17580.0	0.098461
17585.0	0.098372
17590.0	0.09828300000000001
17595.0	0.098195
17600.0	0.098106
17605.0	0.098018
17610.0	0.09792999999999999
17615.0	0.097841
17620.0	0.09775299999999999
17625.0	0.097665
17630.0	0.097577
17635.0	0.09748899999999999
17640.0	0.097401
17645.0	0.097314
17650.0	0.09722599999999999
17655.0	0.097138
17660.0	0.097051
17665.0	0.096963
17670.0	0.096876
17675.0	0.096789
17680.0	0.096702
17685.0	0.096614
17690.0	0.096527
17695.0	0.09644
17700.0	0.096354
17705.0	0.09626699999999999
17710.0	0.09618
17715.0	0.096094
17720.0	0.09600700000000001
17725.0	0.095921
17730.0	0.095834
17735.0	0.095748
17740.0	0.095662
17745.0	0.095576
17750.0	0.095489
17755.0	0.095403
17760.0	0.095318
17765.0	0.09523200000000001
17770.0	0.09514600000000001
17775.0	0.09506
17780.0	0.094975
17785.0	0.094889
17790.0	0.094804
17795.0	0.09471900000000001
17800.0	0.09463300000000001
17805.0	0.09454800000000001
17810.0	0.094463
17815.0	0.094378
17820.0	0.094293
17825.0	0.094208
17830.0	0.094123
17835.0	0.094039
17840.0	0.093954
17845.0	0.09387000000000001
17850.0	0.09378500000000001
17855.0	0.09370099999999999
17860.0	0.09361599999999999
17865.0	0.093532
17870.0	0.093448
17875.0	0.093364
17880.0	0.09328
17885.0	0.093196
17890.0	0.093112
17895.0	0.093029
17900.0	0.092945
17905.0	0.092861
17910.0	0.092778
17915.0	0.092694
17920.0	0.092611
17925.0	0.092528
17930.0	0.092445
17935.0	0.092361
17940.0	0.092278
17945.0	0.092195
17950.0	0.092113
17955.0	0.09203
17960.0	0.091947
17965.0	0.091864
17970.0	0.091782
17975.0	0.091699
17980.0	0.09161699999999999
17985.0	0.091534
17990.0	0.09145199999999999
17995.0	0.09137
18000.0	0.091288
18005.0	0.091206
18010.0	0.091124
18015.0	0.091042
18020.0	0.09096
18025.0	0.090879
18030.0	0.090797
18035.0	0.090715
18040.0	0.090634
18045.0	0.090552
18050.0	0.09047100000000001
18055.0	0.09039
18060.0	0.090309
18065.0	0.090227
18070.0	0.090146
18075.0	0.09006499999999999
18080.0	0.089985
18085.0	0.089904
18090.0	0.089823
18095.0	0.089742
18100.0	0.089662
18105.0	0.089581
18110.0	0.089501
18115.0	0.089421
18120.0	0.08934
18125.0	0.08926
18130.0	0.08918
18135.0	0.0891
18140.0	0.08902
18145.0	0.08893999999999999
18150.0	0.08886000000000001
18155.0	0.08878
18160.0	0.088701
18165.0	0.088621
18170.0	0.088542
18175.0	0.088462
18180.0	0.088383
18185.0	0.088304
18190.0	0.088224
18195.0	0.088145
18200.0	0.08806599999999999
18205.0	0.087987
18210.0	0.087908
18215.0	0.08782899999999999
18220.0	0.087751
18225.0	0.087672
18230.0	0.08759299999999999
18235.0	0.087515
18240.0	0.087436
18245.0	0.087358
18250.0	0.08728
18255.0	0.087201
18260.0	0.087123
18265.0	0.08704500000000001
18270.0	0.086967
18275.0	0.086889
18280.0	0.086811
18285.0	0.086733
18290.0	0.086656
18295.0	0.086578
18300.0	0.0865
18305.0	0.086423
18310.0	0.086346
18315.0	0.086268
18320.0	0.086191
18325.0	0.086114
18330.0	0.086037
18335.0	0.08595900000000001
18340.0	0.085882
18345.0	0.085806
18350.0	0.085729
18355.0	0.08565199999999999
18360.0	0.085575
18365.0	0.085499
18370.0	0.085422
18375.0	0.085346
18380.0	0.08526900000000001
18385.0	0.08519299999999999
18390.0	0.085117
18395.0	0.08504
18400.0	0.084964
18405.0	0.084888
18410.0	0.084812
18415.0	0.084736
18420.0	0.08466
18425.0	0.08458500000000001
18430.0	0.084509
18435.0	0.08443300000000001
18440.0	0.084358
18445.0	0.08428200000000001
18450.0	0.084207
18455.0	0.084132
18460.0	0.08405599999999999
18465.0	0.083981
18470.0	0.083906
18475.0	0.08383099999999999
18480.0	0.083756
18485.0	0.08368099999999999
18490.0	0.083606
18495.0	0.08353200000000001
18500.0	0.083457
18505.0	0.08338200000000001
18510.0	0.08330800000000001
18515.0	0.083233
18520.0	0.083159
18525.0	0.083085
18530.0	0.08301
18535.0	0.082936
18540.0	0.082862
18545.0	0.082788
18550.0	0.082714
18555.0	0.08263999999999999
18560.0	0.082566
18565.0	0.082493
18570.0	0.082419
18575.0	0.082345
18580.0	0.082272
18585.0	0.08219800000000001
18590.0	0.082125
18595.0	0.082052
18600.0	0.081978
18605.0	0.08190499999999999
18610.0	0.081832
18615.0	0.081759
18620.0	0.081686
18625.0	0.081613
18630.0	0.08154
18635.0	0.081467
18640.0	0.08139500000000001
18645.0	0.081322
18650.0	0.081249
18655.0	0.081177
18660.0	0.081104
18665.0	0.081032
18670.0	0.08096
18675.0	0.080888
18680.0	0.080815
18685.0	0.080743
18690.0	0.080671
18695.0	0.080599
18700.0	0.080527
18705.0	0.080456
18710.0	0.080384
18715.0	0.080312
18720.0	0.08024099999999999
18725.0	0.080169
18730.0	0.080098
18735.0	0.080026
18740.0	0.079955
18745.0	0.079884
18750.0	0.079812
18755.0	0.07974099999999999
18760.0	0.07967
18765.0	0.079599
18770.0	0.079528
18775.0	0.079458
18780.0	0.079387
18785.0	0.079316
18790.0	0.07924500000000001
18795.0	0.079175
18800.0	0.079104
18805.0	0.07903400000000001
18810.0	0.078963
18815.0	0.07889299999999999
18820.0	0.078823
18825.0	0.078753
18830.0	0.078683
18835.0	0.078613
18840.0	0.078543
18845.0	0.078473
18850.0	0.078403
18855.0	0.078333
18860.0	0.078263
18865.0	0.078194
18870.0	0.078124
18875.0	0.078055
18880.0	0.077985
18885.0	0.077916
18890.0	0.077847
18895.0	0.077777
18900.0	0.077708
18905.0	0.077639
18910.0	0.07757
18915.0	0.077501
18920.0	0.077432
18925.0	0.077363
18930.0	0.077294
18935.0	0.077226
18940.0	0.077157
18945.0	0.077089
18950.0	0.07702
18955.0	0.07695199999999999
18960.0	0.076883
18965.0	0.076815
18970.0	0.07674700000000001
18975.0	0.076678
18980.0	0.07661
18985.0	0.076542
18990.0	0.076474
18995.0	0.07640599999999999
19000.0	0.076338
19005.0	0.076271
19010.0	0.07620299999999999
19015.0	0.07613500000000001
19020.0	0.076068
19025.0	0.076
19030.0	0.075933
19035.0	0.075865
19040.0	0.075798
19045.0	0.07573099999999999
19050.0	0.075663
19055.0	0.07559600000000001
19060.0	0.075529
19065.0	0.075462
19070.0	0.075395
19075.0	0.07532799999999999
19080.0	0.075262
19085.0	0.075195
19090.0	0.075128
19095.0	0.075062
19100.0	0.074995
19105.0	0.074928
19110.0	0.074862
19115.0	0.074796
19120.0	0.07472899999999999
19125.0	0.074663
19130.0	0.074597
19135.0	0.074531
19140.0	0.074465
19145.0	0.074399
19150.0	0.07433300000000001
19155.0	0.074267
19160.0	0.074201
19165.0	0.074135
19170.0	0.07407000000000001
19175.0	0.074004
19180.0	0.073939
19185.0	0.07387300000000001
19190.0	0.073808
19195.0	0.073742
19200.0	0.07367699999999999
19205.0	0.073612
19210.0	0.073547
19215.0	0.07348099999999999
19220.0	0.073416
19225.0	0.073351
19230.0	0.073287
19235.0	0.07322200000000001
19240.0	0.073157
19245.0	0.07309199999999999
19250.0	0.073027
19255.0	0.072963
19260.0	0.072898
19265.0	0.07283400000000001
19270.0	0.072769
19275.0	0.07270499999999999
19280.0	0.072641
19285.0	0.072576
19290.0	0.07251200000000001
19295.0	0.072448
19300.0	0.072384
19305.0	0.07232000000000001
19310.0	0.072256
19315.0	0.07219199999999999
19320.0	0.072129
19325.0	0.072065
19330.0	0.072001
19335.0	0.071937
19340.0	0.07187400000000001
19345.0	0.07181
19350.0	0.071747
19355.0	0.071684
19360.0	0.07162
19365.0	0.07155700000000001
19370.0	0.071494
19375.0	0.071431
19380.0	0.071368
19385.0	0.071305
19390.0	0.071242
19395.0	0.07117899999999999
19400.0	0.071116
19405.0	0.07105299999999999
19410.0	0.07099
19415.0	0.07092799999999999
19420.0	0.070865
19425.0	0.07080299999999999
19430.0	0.07074
19435.0	0.07067799999999999
19440.0	0.070615
19445.0	0.07055299999999999
19450.0	0.070491
19455.0	0.07042899999999999
19460.0	0.070367
19465.0	0.07030399999999999
19470.0	0.070243
19475.0	0.070181
19480.0	0.070119
19485.0	0.07005700000000001
19490.0	0.069995
19495.0	0.06993300000000001
19500.0	0.069872
19505.0	0.06981
19510.0	0.069749
19515.0	0.069687
19520.0	0.069626
19525.0	0.069564
19530.0	0.069503
19535.0	0.06944199999999999
19540.0	0.069381
19545.0	0.06932
19550.0	0.069259
19555.0	0.069198
19560.0	0.069137
19565.0	0.069076
19570.0	0.06901499999999999
19575.0	0.068954
19580.0	0.06889400000000001
19585.0	0.068833
19590.0	0.068772
19595.0	0.068712
19600.0	0.068651
19605.0	0.068591
19610.0	0.068531
19615.0	0.06847
19620.0	0.06841
19625.0	0.06835
19630.0	0.06829
19635.0	0.06823
19640.0	0.06817000000000001
19645.0	0.06811
19650.0	0.06805
19655.0	0.06799
19660.0	0.06792999999999999
19665.0	0.06787
19670.0	0.067811
19675.0	0.067751
19680.0	0.067692
19685.0	0.06763200000000001
19690.0	0.06757300000000001
19695.0	0.067513
19700.0	0.067454
19705.0	0.06739500000000001
19710.0	0.06733600000000001
19715.0	0.067276
19720.0	0.067217
19725.0	0.06715800000000001
19730.0	0.067099
19735.0	0.06704
19740.0	0.066981
19745.0	0.066923
19750.0	0.06686399999999999
19755.0	0.06680499999999999
19760.0	0.066747
19765.0	0.066688
19770.0	0.066629
19775.0	0.066571
19780.0	0.066513
19785.0	0.066454
19790.0	0.06639600000000001
19795.0	0.066338
19800.0	0.06627899999999999
19805.0	0.066221
19810.0	0.066163
19815.0	0.066105
19820.0	0.06604700000000001
19825.0	0.06598899999999999
19830.0	0.06593099999999999
19835.0	0.065874
19840.0	0.065816
19845.0	0.06575800000000001
19850.0	0.0657
19855.0	0.06564299999999999
19860.0	0.065585
19865.0	0.065528
19870.0	0.06547
19875.0	0.065413
19880.0	0.065356
19885.0	0.065298
19890.0	0.065241
19895.0	0.065184
19900.0	0.065127
19905.0	0.06507
19910.0	0.065013
19915.0	0.064956
19920.0	0.064899
19925.0	0.064842
19930.0	0.064786
19935.0	0.064729
19940.0	0.06467200000000001
19945.0	0.06461499999999999
19950.0	0.064559
19955.0	0.064502
19960.0	0.064446
19965.0	0.06439
19970.0	0.064333
19975.0	0.064277
19980.0	0.064221
19985.0	0.064165
19990.0	0.064108
19995.0	0.064052
20000.0	0.063996
20005.0	0.06394
20010.0	0.063884
20015.0	0.063828
20020.0	0.063773
20025.0	0.063717
20030.0	0.063661
20035.0	0.063606
20040.0	0.06355
20045.0	0.06349400000000001
20050.0	0.063439
20055.0	0.06338300000000001
20060.0	0.063328
20065.0	0.063273
20070.0	0.063217
20075.0	0.063162
20080.0	0.06310700000000001
20085.0	0.063052
20090.0	0.062997
20095.0	0.062942
20100.0	0.062887
20105.0	0.062832
20110.0	0.062777
20115.0	0.062722
20120.0	0.062667
20125.0	0.062613
20130.0	0.062558
20135.0	0.062503
20140.0	0.062449
20145.0	0.062394000000000005
20150.0	0.06234
20155.0	0.062285
20160.0	0.062230999999999995
20165.0	0.062176999999999996
20170.0	0.062122000000000004
20175.0	0.062068
20180.0	0.062014
20185.0	0.06196
20190.0	0.061905999999999996
20195.0	0.061852
20200.0	0.061798
20205.0	0.06174400000000001
20210.0	0.061689999999999995
20215.0	0.061636
20220.0	0.061583000000000006
20225.0	0.06152899999999999
20230.0	0.061475
20235.0	0.061422000000000004
20240.0	0.06136799999999999
20245.0	0.061314999999999995
20250.0	0.061261
20255.0	0.061208000000000005
20260.0	0.061154999999999994
20265.0	0.061101
20270.0	0.061048000000000005
20275.0	0.06099500000000001
20280.0	0.060941999999999996
20285.0	0.060889
20290.0	0.060835
20295.0	0.060782
20300.0	0.06072999999999999
20305.0	0.060676999999999995
20310.0	0.060624000000000004
20315.0	0.06057100000000001
20320.0	0.060517999999999995
20325.0	0.060465
20330.0	0.060413
20335.0	0.060360000000000004
20340.0	0.06030800000000001
20345.0	0.060254999999999996
20350.0	0.060203
20355.0	0.06015
20360.0	0.060098
20365.0	0.060046
20370.0	0.059993
20375.0	0.059940999999999994
20380.0	0.059889
20385.0	0.059837
20390.0	0.059785000000000005
20395.0	0.059733
20400.0	0.059681
20405.0	0.059628999999999995
20410.0	0.059577
20415.0	0.059525
20420.0	0.059473000000000005
20425.0	0.059422
20430.0	0.059370000000000006
20435.0	0.059317999999999996
20440.0	0.05926699999999999
20445.0	0.059215
20450.0	0.059164
20455.0	0.059112
20460.0	0.059061
20465.0	0.059009000000000006
20470.0	0.058958
20475.0	0.05890700000000001
20480.0	0.05885599999999999
20485.0	0.058804999999999996
20490.0	0.058753
20495.0	0.058702
20500.0	0.058651
20505.0	0.0586
20510.0	0.058549000000000004
20515.0	0.058499
20520.0	0.058448
20525.0	0.058397000000000004
20530.0	0.058346
20535.0	0.05829500000000001
20540.0	0.058245000000000005
20545.0	0.058194
20550.0	0.05814400000000001
20555.0	0.05809299999999999
20560.0	0.058043
20565.0	0.057991999999999995
20570.0	0.057941999999999994
20575.0	0.057892
20580.0	0.057841
20585.0	0.057790999999999995
20590.0	0.057740999999999994
20595.0	0.057691
20600.0	0.057641
20605.0	0.057590999999999996
20610.0	0.057540999999999995
20615.0	0.057490999999999993
20620.0	0.057441
20625.0	0.057391
20630.0	0.057340999999999996
20635.0	0.057290999999999995
20640.0	0.057241999999999994
20645.0	0.05719199999999999
20650.0	0.057142
20655.0	0.057093
20660.0	0.057042999999999996
20665.0	0.056994
20670.0	0.05694400000000001
20675.0	0.056895
20680.0	0.05684500000000001
20685.0	0.056796000000000006
20690.0	0.056747000000000006
20695.0	0.056698
20700.0	0.056648000000000004
20705.0	0.056599000000000003
20710.0	0.05655
20715.0	0.056500999999999996
20720.0	0.056451999999999995
20725.0	0.056402999999999995
20730.0	0.056353999999999994
20735.0	0.056304999999999994
20740.0	0.056255999999999994
20745.0	0.056208
20750.0	0.056159
20755.0	0.05611
20760.0	0.056062
20765.0	0.056013
20770.0	0.055964
20775.0	0.055915999999999993
20780.0	0.05586699999999999
20785.0	0.05581900000000001
20790.0	0.05577000000000001
20795.0	0.055722
20800.0	0.055674
20805.0	0.055626
20810.0	0.055577
20815.0	0.055528999999999995
20820.0	0.055480999999999996
20825.0	0.055433
20830.0	0.055385000000000004
20835.0	0.055337
20840.0	0.055289
20845.0	0.055241
20850.0	0.05519299999999999
20855.0	0.055145000000000007
20860.0	0.055097
20865.0	0.05505
20870.0	0.055001999999999995
20875.0	0.054953999999999996
20880.0	0.054907000000000004
20885.0	0.054859000000000005
20890.0	0.054812
20895.0	0.054764
20900.0	0.054716999999999995
20905.0	0.054669
20910.0	0.054622000000000004
20915.0	0.054575
20920.0	0.054527
20925.0	0.054479999999999994
20930.0	0.054433
20935.0	0.054386000000000004
20940.0	0.054339
20945.0	0.054291
20950.0	0.05424400000000001
20955.0	0.054197
20960.0	0.05415
20965.0	0.054104
20970.0	0.05405700000000001
20975.0	0.05401
20980.0	0.053963
20985.0	0.053916
20990.0	0.05387
20995.0	0.053823
21000.0	0.053776
21005.0	0.05372999999999999
21010.0	0.053683
21015.0	0.053637
21020.0	0.05359
21025.0	0.05354400000000001
21030.0	0.053497
21035.0	0.053451
21040.0	0.053404999999999994
21045.0	0.053359000000000004
21050.0	0.053312
21055.0	0.053265999999999994
21060.0	0.05322
21065.0	0.053174
21070.0	0.053127999999999995
21075.0	0.053082000000000004
21080.0	0.053036
21085.0	0.052989999999999995
21090.0	0.052944000000000005
21095.0	0.052898
21100.0	0.052851999999999996
21105.0	0.05280700000000001
21110.0	0.052761
21115.0	0.052715
21120.0	0.05267
21125.0	0.052624000000000004
21130.0	0.052578
21135.0	0.052533
21140.0	0.052487
21145.0	0.052441999999999996
21150.0	0.052396000000000005
21155.0	0.052351
21160.0	0.05230599999999999
21165.0	0.05226
21170.0	0.052215
21175.0	0.05217
21180.0	0.052125
21185.0	0.052079999999999994
21190.0	0.052034000000000004
21195.0	0.051989
21200.0	0.051944000000000004
21205.0	0.051899
21210.0	0.051854
21215.0	0.05181
21220.0	0.051765
21225.0	0.05172
21230.0	0.051675
21235.0	0.051629999999999995
21240.0	0.051586
21245.0	0.051541
21250.0	0.05149600000000001
21255.0	0.051452
21260.0	0.05140700000000001
21265.0	0.051362
21270.0	0.051317999999999996
21275.0	0.051273
21280.0	0.051229
21285.0	0.051185
21290.0	0.05114
21295.0	0.051095999999999996
21300.0	0.051052
21305.0	0.051008
21310.0	0.050963
21315.0	0.050919
21320.0	0.050875
21325.0	0.050831
21330.0	0.050787
21335.0	0.050743
21340.0	0.050699
21345.0	0.050655
21350.0	0.050611
21355.0	0.050567
21360.0	0.050523
21365.0	0.050480000000000004
21370.0	0.050436
21375.0	0.050392
21380.0	0.050348000000000004
21385.0	0.050305
21390.0	0.050261
21395.0	0.050218
21400.0	0.050174
21405.0	0.050131
21410.0	0.050087
21415.0	0.050044
21420.0	0.05
21425.0	0.049957
21430.0	0.049914
21435.0	0.04987
21440.0	0.049826999999999996
21445.0	0.049783999999999995
21450.0	0.049741
21455.0	0.049697000000000005
21460.0	0.049654000000000004
21465.0	0.049611
21470.0	0.049568
21475.0	0.049525
21480.0	0.049482
21485.0	0.049439
21490.0	0.049395999999999995
21495.0	0.049354
21500.0	0.049311
21505.0	0.049268
21510.0	0.049225
21515.0	0.049182
21520.0	0.049139999999999996
21525.0	0.049097
21530.0	0.049055
21535.0	0.049012
21540.0	0.048969
21545.0	0.048927
21550.0	0.048884
21555.0	0.048842
21560.0	0.0488
21565.0	0.048757
21570.0	0.048714999999999994
21575.0	0.048672
21580.0	0.04863
21585.0	0.048588
21590.0	0.048546
21595.0	0.048504000000000005
21600.0	0.048461000000000004
21605.0	0.048419
21610.0	0.048376999999999996
21615.0	0.048335
21620.0	0.048293
21625.0	0.048251
21630.0	0.048208999999999995
21635.0	0.048167
21640.0	0.048125
21645.0	0.048083999999999995
21650.0	0.048042
21655.0	0.048
21660.0	0.047958
21665.0	0.047917
21670.0	0.047875
21675.0	0.047833
21680.0	0.047792
21685.0	0.04775
21690.0	0.047708999999999994
21695.0	0.047667
21700.0	0.047626
21705.0	0.047583999999999994
21710.0	0.047543
21715.0	0.047501
21720.0	0.04746
21725.0	0.047419
21730.0	0.047376999999999996
21735.0	0.047336
21740.0	0.047295
21745.0	0.047254000000000004
21750.0	0.047213
21755.0	0.047171
21760.0	0.04713
21765.0	0.047089
21770.0	0.047048
21775.0	0.047007
21780.0	0.046966
21785.0	0.046925
21790.0	0.046883999999999995
21795.0	0.046844
21800.0	0.046803
21805.0	0.046762
21810.0	0.046721
21815.0	0.04668
21820.0	0.04664
21825.0	0.046599
21830.0	0.046557999999999995
21835.0	0.046518000000000004
21840.0	0.046477
21845.0	0.046436
21850.0	0.046396
21855.0	0.046355
21860.0	0.046314999999999995
21865.0	0.046275
21870.0	0.046234
21875.0	0.046194
21880.0	0.046153
21885.0	0.046113
21890.0	0.046073
21895.0	0.046033
21900.0	0.045992
21905.0	0.045952
21910.0	0.045912
21915.0	0.045872
21920.0	0.045832
21925.0	0.045792
21930.0	0.045752
21935.0	0.045712
21940.0	0.045672000000000004
21945.0	0.045632
21950.0	0.045592
21955.0	0.045551999999999995
21960.0	0.045512000000000004
21965.0	0.045472000000000005
21970.0	0.045432
21975.0	0.045392
21980.0	0.045353
21985.0	0.045313
21990.0	0.045273
21995.0	0.045233999999999996
22000.0	0.045194
22005.0	0.045154
22010.0	0.045114999999999995
22015.0	0.045075
22020.0	0.045036
22025.0	0.044996
22030.0	0.044957
22035.0	0.044917
22040.0	0.044877999999999994
22045.0	0.044839
22050.0	0.044799
22055.0	0.04476
22060.0	0.044721
22065.0	0.044682
22070.0	0.044642
22075.0	0.044603
22080.0	0.044564
22085.0	0.044525
22090.0	0.044486000000000005
22095.0	0.044447
22100.0	0.044407999999999996
22105.0	0.044369
22110.0	0.04433
22115.0	0.044291000000000004
22120.0	0.044252
22125.0	0.044213
22130.0	0.044174
22135.0	0.044135
22140.0	0.044097000000000004
22145.0	0.044058
22150.0	0.044019
22155.0	0.04398
22160.0	0.043942
22165.0	0.043903
22170.0	0.043864
22175.0	0.043826
22180.0	0.043787
22185.0	0.043749
22190.0	0.04371
22195.0	0.043672
22200.0	0.043633
22205.0	0.043595
22210.0	0.043557
22215.0	0.043518
22220.0	0.04348
22225.0	0.043442
22230.0	0.043403
22235.0	0.043365
22240.0	0.043327
22245.0	0.043289
22250.0	0.043251
22255.0	0.043212
22260.0	0.043174000000000004
22265.0	0.043136
22270.0	0.043098000000000004
22275.0	0.04306
22280.0	0.043022000000000005
22285.0	0.042983999999999994
22290.0	0.042947000000000006
22295.0	0.042908999999999996
22300.0	0.042871
22305.0	0.042832999999999996
22310.0	0.042795
22315.0	0.042756999999999996
22320.0	0.04272
22325.0	0.042682
22330.0	0.042644
22335.0	0.042607
22340.0	0.042569
22345.0	0.042531
22350.0	0.042494
22355.0	0.042456
22360.0	0.042419
22365.0	0.042381
22370.0	0.042344
22375.0	0.042307
22380.0	0.042269
22385.0	0.042232
22390.0	0.042194
22395.0	0.042157
22400.0	0.04212
22405.0	0.042082999999999995
22410.0	0.042045
22415.0	0.042008
22420.0	0.041971
22425.0	0.041934
22430.0	0.041897000000000004
22435.0	0.04186
22440.0	0.041823
22445.0	0.041786000000000004
22450.0	0.041749
22455.0	0.041712
22460.0	0.041675
22465.0	0.041638
22470.0	0.041601
22475.0	0.041564
22480.0	0.041527999999999995
22485.0	0.041491
22490.0	0.041454000000000005
22495.0	0.041417
22500.0	0.041381
22505.0	0.041344
22510.0	0.041306999999999996
22515.0	0.041270999999999995
22520.0	0.041234
22525.0	0.041198
22530.0	0.041161
22535.0	0.041125
22540.0	0.041088
22545.0	0.041052
22550.0	0.041014999999999996
22555.0	0.040979
22560.0	0.040943
22565.0	0.040906
22570.0	0.04087
22575.0	0.040833999999999995
22580.0	0.040798
22585.0	0.040761
22590.0	0.040725
22595.0	0.040688999999999996
22600.0	0.040652999999999995
22605.0	0.040617
22610.0	0.040581
22615.0	0.040545
22620.0	0.040508999999999996
22625.0	0.040473
22630.0	0.040437
22635.0	0.040401
22640.0	0.040365
22645.0	0.040329000000000004
22650.0	0.040293
22655.0	0.040257
22660.0	0.040222
22665.0	0.040186
22670.0	0.04015
22675.0	0.040115
22680.0	0.040079000000000004
22685.0	0.040043
22690.0	0.040007999999999995
22695.0	0.039972
22700.0	0.039937
22705.0	0.039901
22710.0	0.039866000000000006
22715.0	0.039830000000000004
22720.0	0.039795
22725.0	0.039758999999999996
22730.0	0.039724
22735.0	0.039689
22740.0	0.039652999999999994
22745.0	0.039618
22750.0	0.039583
22755.0	0.039547000000000006
22760.0	0.039512
22765.0	0.039477
22770.0	0.039442000000000005
22775.0	0.039407
22780.0	0.039372000000000004
22785.0	0.039337000000000004
22790.0	0.039302
22795.0	0.039267
22800.0	0.039231999999999996
22805.0	0.039197
22810.0	0.039162
22815.0	0.039126999999999995
22820.0	0.039092
22825.0	0.039057
22830.0	0.039022
22835.0	0.038987
22840.0	0.038952999999999995
22845.0	0.038918
22850.0	0.038883
22855.0	0.038849
22860.0	0.038814
22865.0	0.038779
22870.0	0.038745
22875.0	0.03871
22880.0	0.038676
22885.0	0.038641
22890.0	0.038607
22895.0	0.038572
22900.0	0.038538
22905.0	0.038502999999999996
22910.0	0.038469
22915.0	0.038435000000000004
22920.0	0.0384
22925.0	0.038366000000000004
22930.0	0.038332
22935.0	0.038298
22940.0	0.038263
22945.0	0.038229
22950.0	0.038195
22955.0	0.038161
22960.0	0.038127
22965.0	0.038093
22970.0	0.038058999999999996
22975.0	0.038025
22980.0	0.037991000000000004
22985.0	0.037957
22990.0	0.037923
22995.0	0.037889
23000.0	0.037855
23005.0	0.037821
23010.0	0.037787
23015.0	0.037754
23020.0	0.03772
23025.0	0.037686000000000004
23030.0	0.037652
23035.0	0.037619
23040.0	0.037585
23045.0	0.037551999999999995
23050.0	0.037518
23055.0	0.037483999999999996
23060.0	0.037451
23065.0	0.037417
23070.0	0.037384
23075.0	0.03735
23080.0	0.037317
23085.0	0.037284
23090.0	0.03725
23095.0	0.037217
23100.0	0.037183
23105.0	0.03715
23110.0	0.037117000000000004
23115.0	0.037084
23120.0	0.03705
23125.0	0.037017
23130.0	0.036983999999999996
23135.0	0.036951
23140.0	0.036918
23145.0	0.036885
23150.0	0.036851999999999996
23155.0	0.036819
23160.0	0.036786
23165.0	0.036752999999999994
23170.0	0.036719999999999996
23175.0	0.036687
23180.0	0.036654
23185.0	0.036621
23190.0	0.036588
23195.0	0.036556
23200.0	0.036523
23205.0	0.036489999999999995
23210.0	0.036456999999999996
23215.0	0.036425
23220.0	0.036392
23225.0	0.036358999999999995
23230.0	0.036327
23235.0	0.036294
23240.0	0.036262
23245.0	0.036229000000000004
23250.0	0.036197
23255.0	0.036164
23260.0	0.036132
23265.0	0.036099
23270.0	0.036067
23275.0	0.036034
23280.0	0.036002
23285.0	0.03597
23290.0	0.035937000000000004
23295.0	0.035905
23300.0	0.035873
23305.0	0.035841000000000005
23310.0	0.035809
23315.0	0.035776
23320.0	0.035744
23325.0	0.035712
23330.0	0.03568
23335.0	0.035648
23340.0	0.035616
23345.0	0.035584
23350.0	0.035552
23355.0	0.035519999999999996
23360.0	0.035488
23365.0	0.035456
23370.0	0.035424000000000004
23375.0	0.035393
23380.0	0.035361000000000004
23385.0	0.035329
23390.0	0.035297
23395.0	0.035266000000000006
23400.0	0.035233999999999994
23405.0	0.035202
23410.0	0.035171
23415.0	0.035139
23420.0	0.035107
23425.0	0.035075999999999996
23430.0	0.035044
23435.0	0.035013
23440.0	0.034981
23445.0	0.03495
23450.0	0.034918
23455.0	0.034887
23460.0	0.034856
23465.0	0.034824
23470.0	0.034793
23475.0	0.034762
23480.0	0.034730000000000004
23485.0	0.034699
23490.0	0.034668
23495.0	0.034637
23500.0	0.034605000000000004
23505.0	0.034574
23510.0	0.034543
23515.0	0.034512
23520.0	0.034481
23525.0	0.03445
23530.0	0.034419
23535.0	0.034388
23540.0	0.034357
23545.0	0.034326
23550.0	0.034295
23555.0	0.034263999999999996
23560.0	0.034233
23565.0	0.034203
23570.0	0.034172
23575.0	0.034141000000000005
23580.0	0.03411
23585.0	0.03408
23590.0	0.034049
23595.0	0.034018
23600.0	0.033988
23605.0	0.033957
23610.0	0.033926
23615.0	0.033895999999999996
23620.0	0.033865
23625.0	0.033835000000000004
23630.0	0.033804
23635.0	0.033774
23640.0	0.033743
23645.0	0.033713
23650.0	0.033683
23655.0	0.033652
23660.0	0.033622000000000006
23665.0	0.033592000000000004
23670.0	0.033561
23675.0	0.033531
23680.0	0.033500999999999996
23685.0	0.033471
23690.0	0.03344
23695.0	0.03341
23700.0	0.03338
23705.0	0.03335
23710.0	0.033319999999999995
23715.0	0.03329
23720.0	0.033260000000000005
23725.0	0.03323
23730.0	0.0332
23735.0	0.03317
23740.0	0.033139999999999996
23745.0	0.03311
23750.0	0.03308
23755.0	0.03305
23760.0	0.033020999999999995
23765.0	0.032991
23770.0	0.032961000000000004
23775.0	0.032931
23780.0	0.032902
23785.0	0.032872000000000005
23790.0	0.032842
23795.0	0.032813
23800.0	0.032783
23805.0	0.032754000000000005
23810.0	0.032724
23815.0	0.032694
23820.0	0.032665
23825.0	0.032635000000000004
23830.0	0.032606
23835.0	0.032576999999999995
23840.0	0.032547
23845.0	0.032518
23850.0	0.032488
23855.0	0.032458999999999995
23860.0	0.03243
23865.0	0.032401
23870.0	0.032371
23875.0	0.032342
23880.0	0.032313
23885.0	0.032284
23890.0	0.032255
23895.0	0.032225
23900.0	0.032195999999999995
23905.0	0.032167
23910.0	0.032138
23915.0	0.032109
23920.0	0.032080000000000004
23925.0	0.032050999999999996
23930.0	0.032022
23935.0	0.031993
23940.0	0.031964
23945.0	0.031936
23950.0	0.031907
23955.0	0.031878
23960.0	0.031849
23965.0	0.03182
23970.0	0.031792
23975.0	0.031763
23980.0	0.031734
23985.0	0.031706
23990.0	0.031677
23995.0	0.031648
24000.0	0.03162
24005.0	0.031591
24010.0	0.031563
24015.0	0.031534
24020.0	0.031506
24025.0	0.031477
24030.0	0.031449
24035.0	0.03142
24040.0	0.031392
24045.0	0.031363
24050.0	0.031335
24055.0	0.031307
24060.0	0.031279
24065.0	0.03125
24070.0	0.031222000000000003
24075.0	0.031194
24080.0	0.031166000000000003
24085.0	0.031137
24090.0	0.031108999999999998
24095.0	0.031081
24100.0	0.031052999999999997
24105.0	0.031025
24110.0	0.030997000000000004
24115.0	0.030969
24120.0	0.030941000000000003
24125.0	0.030913
24130.0	0.030885000000000003
24135.0	0.030857
24140.0	0.030829000000000002
24145.0	0.030801
24150.0	0.030774
24155.0	0.030746
24160.0	0.030718000000000002
24165.0	0.03069
24170.0	0.030663
24175.0	0.030635000000000003
24180.0	0.030607
24185.0	0.030579000000000002
24190.0	0.030552
24195.0	0.030524000000000003
24200.0	0.030497000000000003
24205.0	0.030469
24210.0	0.030441000000000003
24215.0	0.030414
24220.0	0.030386
24225.0	0.030358999999999997
24230.0	0.030331999999999998
24235.0	0.030304
24240.0	0.030277
24245.0	0.030249
24250.0	0.030222000000000002
24255.0	0.030195
24260.0	0.030167000000000003
24265.0	0.030139999999999997
24270.0	0.030113
24275.0	0.030086
24280.0	0.030057999999999998
24285.0	0.030031
24290.0	0.030004000000000003
24295.0	0.029976999999999997
24300.0	0.02995
24305.0	0.029923
24310.0	0.029896
24315.0	0.029869
24320.0	0.029842
24325.0	0.029814999999999998
24330.0	0.029788
24335.0	0.029761000000000003
24340.0	0.029733999999999997
24345.0	0.029707
24350.0	0.02968
24355.0	0.029653
24360.0	0.029626999999999997
24365.0	0.0296
24370.0	0.029573000000000002
24375.0	0.029546
24380.0	0.029519999999999998
24385.0	0.029493000000000002
24390.0	0.029466000000000003
24395.0	0.029439999999999997
24400.0	0.029412999999999998
24405.0	0.029386000000000002
24410.0	0.02936
24415.0	0.029332999999999998
24420.0	0.029307
24425.0	0.02928
24430.0	0.029254000000000002
24435.0	0.029227
24440.0	0.029200999999999998
24445.0	0.029175
24450.0	0.029148
24455.0	0.029122000000000002
24460.0	0.029095999999999997
24465.0	0.029069
24470.0	0.029043
24475.0	0.029017
24480.0	0.028991000000000003
24485.0	0.028964
24490.0	0.028938
24495.0	0.028912
24500.0	0.028886000000000002
24505.0	0.028860000000000004
24510.0	0.028834
24515.0	0.028807999999999997
24520.0	0.028782
24525.0	0.028756
24530.0	0.028730000000000002
24535.0	0.028704
24540.0	0.028678
24545.0	0.028651999999999997
24550.0	0.028626
24555.0	0.0286
24560.0	0.028574000000000002
24565.0	0.028548
24570.0	0.028523000000000003
24575.0	0.028497
24580.0	0.028470999999999996
24585.0	0.028444999999999998
24590.0	0.028419999999999997
24595.0	0.028394
24600.0	0.028368
24605.0	0.028343
24610.0	0.028317000000000002
24615.0	0.028291000000000004
24620.0	0.028266000000000003
24625.0	0.028239999999999998
24630.0	0.028214999999999997
24635.0	0.028189
24640.0	0.028163999999999998
24645.0	0.028138
24650.0	0.028113
24655.0	0.028088
24660.0	0.028062
24665.0	0.028037
24670.0	0.028012000000000002
24675.0	0.027986
24680.0	0.027961
24685.0	0.027936000000000002
24690.0	0.027911000000000002
24695.0	0.027885000000000004
24700.0	0.027860000000000003
24705.0	0.027835000000000002
24710.0	0.02781
24715.0	0.027785
24720.0	0.027760000000000003
24725.0	0.027735000000000003
24730.0	0.027710000000000002
24735.0	0.027685
24740.0	0.02766
24745.0	0.027635000000000003
24750.0	0.027610000000000003
24755.0	0.027585000000000002
24760.0	0.02756
24765.0	0.027535000000000004
24770.0	0.027510000000000003
24775.0	0.027485000000000002
24780.0	0.027460000000000002
24785.0	0.027436000000000002
24790.0	0.027411
24795.0	0.027386
24800.0	0.027361
24805.0	0.027337
24810.0	0.027312
24815.0	0.027287
24820.0	0.027263
24825.0	0.027238
24830.0	0.027214
24835.0	0.027188999999999998
24840.0	0.027164999999999998
24845.0	0.027139999999999997
24850.0	0.027116
24855.0	0.027091000000000004
24860.0	0.027067
24865.0	0.027042
24870.0	0.027018
24875.0	0.026994
24880.0	0.026969
24885.0	0.026945
24890.0	0.026920999999999997
24895.0	0.026895999999999996
24900.0	0.026872000000000004
24905.0	0.026848
24910.0	0.026824
24915.0	0.026799
24920.0	0.026775
24925.0	0.026751
24930.0	0.026726999999999997
24935.0	0.026702999999999998
24940.0	0.026679
24945.0	0.026655
24950.0	0.026631000000000002
24955.0	0.026607
24960.0	0.026583
24965.0	0.026558999999999996
24970.0	0.026535000000000003
24975.0	0.026511
24980.0	0.026487
24985.0	0.026463
24990.0	0.026439999999999998
24995.0	0.026416000000000002
25000.0	0.0
