#wave	flux
1150.0	0.0
1155.0	0.0
1160.0	0.0
1165.0	0.0
1170.0	0.0
1175.0	0.0
1180.0	0.0
1185.0	0.0
1190.0	0.0
1195.0	0.0
1200.0	0.0
1205.0	0.0
1210.0	0.0
1215.0	0.0
1220.0	0.0
1225.0	0.0
1230.0	0.0
1235.0	0.0
1240.0	0.0
1245.0	0.0
1250.0	0.0
1255.0	0.0
1260.0	0.0
1265.0	0.0
1270.0	0.0
1275.0	0.0
1280.0	0.0
1285.0	0.0
1290.0	0.0
1295.0	0.0
1300.0	0.0
1305.0	0.0
1310.0	0.0
1315.0	0.0
1320.0	0.0
1325.0	0.0
1330.0	0.0
1335.0	0.0
1340.0	0.0
1345.0	0.0
1350.0	0.0
1355.0	0.0
1360.0	0.0
1365.0	0.0
1370.0	0.0
1375.0	0.0
1380.0	0.0
1385.0	0.0
1390.0	0.0
1395.0	0.0
1400.0	0.0
1405.0	0.0
1410.0	0.0
1415.0	0.0
1420.0	0.0
1425.0	0.0
1430.0	0.0
1435.0	0.0
1440.0	0.0
1445.0	0.0
1450.0	0.0
1455.0	0.0
1460.0	0.0
1465.0	0.0
1470.0	0.0
1475.0	0.0
1480.0	0.0
1485.0	0.0
1490.0	0.0
1495.0	0.0
1500.0	0.0
1505.0	0.0
1510.0	0.0
1515.0	0.0
1520.0	0.0
1525.0	0.0
1530.0	0.0
1535.0	0.0
1540.0	0.0
1545.0	0.0
1550.0	0.0
1555.0	0.0
1560.0	0.0
1565.0	0.0
1570.0	0.0
1575.0	0.0
1580.0	0.0
1585.0	0.0
1590.0	0.0
1595.0	0.0
1600.0	0.0
1605.0	0.0
1610.0	0.0
1615.0	0.0
1620.0	0.0
1625.0	0.0
1630.0	0.0
1635.0	0.0
1640.0	0.0
1645.0	0.0
1650.0	0.0
1655.0	0.0
1660.0	0.0
1665.0	0.0
1670.0	0.0
1675.0	0.0
1680.0	0.0
1685.0	0.0
1690.0	0.0
1695.0	0.0
1700.0	0.0
1705.0	0.0
1710.0	0.0
1715.0	0.0
1720.0	0.0
1725.0	0.0
1730.0	0.0
1735.0	0.0
1740.0	0.0
1745.0	0.0
1750.0	0.0
1755.0	0.0
1760.0	0.0
1765.0	0.0
1770.0	0.0
1775.0	0.0
1780.0	0.0
1785.0	0.0
1790.0	0.0
1795.0	0.0
1800.0	0.0
1805.0	0.0
1810.0	0.0
1815.0	0.0
1820.0	0.0
1825.0	0.0
1830.0	0.0
1835.0	0.0
1840.0	0.0
1845.0	0.0
1850.0	0.0
1855.0	0.0
1860.0	0.0
1865.0	0.0
1870.0	0.0
1875.0	0.0
1880.0	0.0
1885.0	0.0
1890.0	0.0
1895.0	0.0
1900.0	0.0
1905.0	1e-06
1910.0	3e-06
1915.0	4e-06
1920.0	5e-06
1925.0	6e-06
1930.0	6e-06
1935.0	6e-06
1940.0	5e-06
1945.0	3e-06
1950.0	0.0
1955.0	0.0
1960.0	0.0
1965.0	0.0
1970.0	0.0
1975.0	0.0
1980.0	0.0
1985.0	0.0
1990.0	0.0
1995.0	0.0
2000.0	0.0
2005.0	1.6e-05
2010.0	3.5e-05
2015.0	5.5e-05
2020.0	7.2e-05
2025.0	8.4e-05
2030.0	9e-05
2035.0	8.7e-05
2040.0	7.3e-05
2045.0	4.4e-05
2050.0	0.0
2055.0	0.0
2060.0	0.0
2065.0	0.0
2070.0	0.0
2075.0	0.0
2080.0	0.0
2085.0	0.0
2090.0	0.0
2095.0	0.0
2100.0	0.0
2105.0	0.00023199999999999997
2110.0	0.000524
2115.0	0.000869
2120.0	0.001257
2125.0	0.00168
2130.0	0.00213
2135.0	0.0025989999999999997
2140.0	0.003078
2145.0	0.003558
2150.0	0.004031
2155.0	0.00449
2160.0	0.004935
2165.0	0.005365999999999999
2170.0	0.005785
2175.0	0.00619
2180.0	0.006585
2185.0	0.006968000000000001
2190.0	0.0073420000000000004
2195.0	0.007706
2200.0	0.008062
2205.0	0.008409
2210.0	0.008749
2215.0	0.009079
2220.0	0.0094
2225.0	0.00971
2230.0	0.010009
2235.0	0.010297
2240.0	0.010573
2245.0	0.010836
2250.0	0.011085
2255.0	0.011321
2260.0	0.011544
2265.0	0.011757
2270.0	0.011961
2275.0	0.012158
2280.0	0.01235
2285.0	0.012539
2290.0	0.012725
2295.0	0.012912
2300.0	0.0131
2305.0	0.013290999999999999
2310.0	0.013479
2315.0	0.013656999999999999
2320.0	0.013819999999999999
2325.0	0.013961000000000001
2330.0	0.014072999999999999
2335.0	0.01415
2340.0	0.014186
2345.0	0.014174
2350.0	0.014108
2355.0	0.013987000000000001
2360.0	0.013828
2365.0	0.013656999999999999
2370.0	0.013497
2375.0	0.013372
2380.0	0.013306
2385.0	0.013323
2390.0	0.013446000000000001
2395.0	0.0137
2400.0	0.014108
2405.0	0.014683000000000002
2410.0	0.015390000000000001
2415.0	0.016181
2420.0	0.01701
2425.0	0.017830000000000002
2430.0	0.018594
2435.0	0.019255
2440.0	0.019767
2445.0	0.020082
2450.0	0.020155000000000003
2455.0	0.019953
2460.0	0.019517
2465.0	0.0189
2470.0	0.018156
2475.0	0.017341
2480.0	0.01651
2485.0	0.015716
2490.0	0.015015
2495.0	0.014459999999999999
2500.0	0.014108
2505.0	0.014
2510.0	0.014127
2515.0	0.014469999999999998
2520.0	0.015007
2525.0	0.015719
2530.0	0.016583
2535.0	0.017580000000000002
2540.0	0.018690000000000002
2545.0	0.019891
2550.0	0.021162
2555.0	0.022494999999999998
2560.0	0.023924
2565.0	0.025496
2570.0	0.027255
2575.0	0.029249
2580.0	0.031523
2585.0	0.034123
2590.0	0.037094999999999996
2595.0	0.040485
2600.0	0.04434
2605.0	0.048677
2610.0	0.053403
2615.0	0.058397000000000004
2620.0	0.063539
2625.0	0.06870599999999999
2630.0	0.073778
2635.0	0.07863400000000001
2640.0	0.08315299999999999
2645.0	0.087214
2650.0	0.090695
2655.0	0.09350399999999999
2660.0	0.095658
2665.0	0.097201
2670.0	0.09817999999999999
2675.0	0.09863999999999999
2680.0	0.098625
2685.0	0.09818099999999999
2690.0	0.097353
2695.0	0.09618600000000001
2700.0	0.094726
2705.0	0.093015
2710.0	0.091079
2715.0	0.088946
2720.0	0.086639
2725.0	0.08418300000000001
2730.0	0.081603
2735.0	0.078924
2740.0	0.07617
2745.0	0.07336799999999999
2750.0	0.07054099999999999
2755.0	0.067714
2760.0	0.064913
2765.0	0.062161
2770.0	0.059483
2775.0	0.056903999999999996
2780.0	0.054449000000000004
2785.0	0.052141999999999994
2790.0	0.050006999999999996
2795.0	0.04807
2800.0	0.046355
2805.0	0.044907
2810.0	0.043847000000000004
2815.0	0.04332
2820.0	0.043467
2825.0	0.044432
2830.0	0.046356
2835.0	0.049384
2840.0	0.053657
2845.0	0.059317999999999996
2850.0	0.06651
2855.0	0.07530099999999999
2860.0	0.08546000000000001
2865.0	0.096683
2870.0	0.10866300000000001
2875.0	0.12109600000000001
2880.0	0.133678
2885.0	0.146101
2890.0	0.15806199999999998
2895.0	0.169255
2900.0	0.179375
2905.0	0.188171
2910.0	0.195609
2915.0	0.201708
2920.0	0.20648899999999998
2925.0	0.209972
2930.0	0.212175
2935.0	0.21311999999999998
2940.0	0.212825
2945.0	0.211312
2950.0	0.20859899999999998
2955.0	0.204759
2960.0	0.200067
2965.0	0.194853
2970.0	0.189445
2975.0	0.184172
2980.0	0.179361
2985.0	0.175341
2990.0	0.172441
2995.0	0.170989
3000.0	0.17131300000000002
3005.0	0.17363
3010.0	0.177703
3015.0	0.183185
3020.0	0.189728
3025.0	0.196984
3030.0	0.204605
3035.0	0.21224200000000001
3040.0	0.21954899999999997
3045.0	0.226177
3050.0	0.231777
3055.0	0.236089
3060.0	0.239202
3065.0	0.241288
3070.0	0.242524
3075.0	0.24308400000000002
3080.0	0.243142
3085.0	0.242873
3090.0	0.24245300000000003
3095.0	0.24205500000000002
3100.0	0.24185399999999999
3105.0	0.241995
3110.0	0.242495
3115.0	0.24334299999999998
3120.0	0.24452600000000002
3125.0	0.24603200000000003
3130.0	0.24784899999999999
3135.0	0.24996500000000002
3140.0	0.252366
3145.0	0.25504099999999996
3150.0	0.25797800000000004
3155.0	0.26115700000000003
3160.0	0.265231
3165.0	0.271156
3170.0	0.280051
3175.0	0.292003
3180.0	0.295858
3185.0	0.284246
3190.0	0.27620500000000003
3195.0	0.288664
3200.0	0.315231
3205.0	0.308382
3210.0	0.283058
3215.0	0.26365700000000003
3220.0	0.255357
3225.0	0.257783
3230.0	0.267572
3235.0	0.281237
3240.0	0.297794
3245.0	0.316914
3250.0	0.338408
3255.0	0.361189
3260.0	0.38045500000000004
3265.0	0.39206199999999997
3270.0	0.39819899999999997
3275.0	0.402
3280.0	0.40403
3285.0	0.405645
3290.0	0.41393500000000005
3295.0	0.43227899999999997
3300.0	0.443458
3305.0	0.432701
3310.0	0.415602
3315.0	0.40933800000000004
3320.0	0.407042
3325.0	0.399142
3330.0	0.389287
3335.0	0.384063
3340.0	0.38857800000000003
3345.0	0.403001
3350.0	0.409213
3355.0	0.392021
3360.0	0.366215
3365.0	0.350381
3370.0	0.348279
3375.0	0.358683
3380.0	0.375238
3385.0	0.391339
3390.0	0.404525
3395.0	0.41341400000000006
3400.0	0.416792
3405.0	0.41417
3410.0	0.407804
3415.0	0.401442
3420.0	0.402059
3425.0	0.411958
3430.0	0.41151400000000005
3435.0	0.384817
3440.0	0.352747
3445.0	0.340211
3450.0	0.351437
3455.0	0.380384
3460.0	0.400625
3465.0	0.39156199999999997
3470.0	0.376286
3475.0	0.37935
3480.0	0.38745100000000005
3485.0	0.385106
3490.0	0.38595999999999997
3495.0	0.405102
3500.0	0.434274
3505.0	0.45853999999999995
3510.0	0.41075900000000004
3515.0	0.392335
3520.0	0.36787
3525.0	0.356533
3530.0	0.398887
3535.0	0.44371499999999997
3540.0	0.466287
3545.0	0.459891
3550.0	0.437961
3555.0	0.404359
3560.0	0.37878
3565.0	0.34103
3570.0	0.312365
3575.0	0.29734299999999997
3580.0	0.25919899999999996
3585.0	0.260106
3590.0	0.326152
3595.0	0.357431
3600.0	0.42868100000000003
3605.0	0.403648
3610.0	0.357147
3615.0	0.36578299999999997
3620.0	0.379571
3625.0	0.423853
3630.0	0.42294899999999996
3635.0	0.415408
3640.0	0.45610100000000003
3645.0	0.441057
3650.0	0.442071
3655.0	0.516284
3660.0	0.558299
3665.0	0.543996
3670.0	0.520309
3675.0	0.511592
3680.0	0.481296
3685.0	0.46700699999999995
3690.0	0.484216
3695.0	0.524662
3700.0	0.530734
3705.0	0.47098100000000004
3710.0	0.451715
3715.0	0.45460200000000006
3720.0	0.383324
3725.0	0.373469
3730.0	0.35525999999999996
3735.0	0.311025
3740.0	0.32184
3745.0	0.31548899999999996
3750.0	0.338061
3755.0	0.40746
3760.0	0.40876
3765.0	0.43705299999999997
3770.0	0.50159
3775.0	0.5502640000000001
3780.0	0.560704
3785.0	0.5159060000000001
3790.0	0.448387
3795.0	0.42455600000000004
3800.0	0.44066000000000005
3805.0	0.462754
3810.0	0.42749799999999993
3815.0	0.346249
3820.0	0.275785
3825.0	0.23795100000000002
3830.0	0.23504499999999998
3835.0	0.250145
3840.0	0.29182199999999997
3845.0	0.363367
3850.0	0.384123
3855.0	0.348669
3860.0	0.327098
3865.0	0.353958
3870.0	0.36286799999999997
3875.0	0.376386
3880.0	0.379245
3885.0	0.39628
3890.0	0.44465600000000005
3895.0	0.48074300000000003
3900.0	0.481662
3905.0	0.49103
3910.0	0.5215
3915.0	0.498749
3920.0	0.416286
3925.0	0.33015300000000003
3930.0	0.24964899999999998
3935.0	0.251894
3940.0	0.328631
3945.0	0.41293199999999997
3950.0	0.48181999999999997
3955.0	0.48342799999999997
3960.0	0.405452
3965.0	0.30173
3970.0	0.303758
3975.0	0.44859399999999994
3980.0	0.599719
3985.0	0.672097
3990.0	0.703649
3995.0	0.717242
4000.0	0.736342
4005.0	0.747344
4010.0	0.76572
4015.0	0.785363
4020.0	0.7862899999999999
4025.0	0.7702399999999999
4030.0	0.731278
4035.0	0.74244
4040.0	0.759026
4045.0	0.7111850000000001
4050.0	0.7257170000000001
4055.0	0.715962
4060.0	0.6921579999999999
4065.0	0.694631
4070.0	0.7169479999999999
4075.0	0.732662
4080.0	0.777227
4085.0	0.83911
4090.0	0.8547819999999999
4095.0	0.7991050000000001
4100.0	0.7481220000000001
4105.0	0.770716
4110.0	0.816714
4115.0	0.8366680000000001
4120.0	0.8267680000000001
4125.0	0.8064279999999999
4130.0	0.773638
4135.0	0.777424
4140.0	0.781638
4145.0	0.771624
4150.0	0.783172
4155.0	0.791381
4160.0	0.812194
4165.0	0.806711
4170.0	0.776054
4175.0	0.754977
4180.0	0.761524
4185.0	0.764972
4190.0	0.7652760000000001
4195.0	0.745734
4200.0	0.730716
4205.0	0.77663
4210.0	0.811028
4215.0	0.80635
4220.0	0.7807109999999999
4225.0	0.6979270000000001
4230.0	0.7061729999999999
4235.0	0.741603
4240.0	0.7775489999999999
4245.0	0.791375
4250.0	0.753494
4255.0	0.73975
4260.0	0.747646
4265.0	0.761224
4270.0	0.716264
4275.0	0.718089
4280.0	0.743907
4285.0	0.7200880000000001
4290.0	0.6849770000000001
4295.0	0.655998
4300.0	0.597396
4305.0	0.563153
4310.0	0.610273
4315.0	0.783177
4320.0	0.8795129999999999
4325.0	0.8440200000000001
4330.0	0.876566
4335.0	0.873914
4340.0	0.838734
4345.0	0.8790209999999999
4350.0	0.892998
4355.0	0.901702
4360.0	0.930726
4365.0	0.940966
4370.0	0.9005799999999999
4375.0	0.8524010000000001
4380.0	0.798701
4385.0	0.7663270000000001
4390.0	0.82116
4395.0	0.867072
4400.0	0.8663860000000001
4405.0	0.838952
4410.0	0.883357
4415.0	0.912602
4420.0	0.9352030000000001
4425.0	0.940254
4430.0	0.935525
4435.0	0.9293530000000001
4440.0	0.948176
4445.0	0.9599620000000001
4450.0	0.9579139999999999
4455.0	0.905884
4460.0	0.889158
4465.0	0.9387530000000001
4470.0	0.9926450000000001
4475.0	1.030548
4480.0	1.021064
4485.0	1.026047
4490.0	1.020063
4495.0	1.029159
4500.0	1.069412
4505.0	1.099238
4510.0	1.088488
4515.0	1.061886
4520.0	1.041233
4525.0	0.975086
4530.0	0.935227
4535.0	0.9768040000000001
4540.0	1.0225440000000001
4545.0	1.018604
4550.0	1.0110620000000001
4555.0	1.039515
4560.0	1.071145
4565.0	1.069519
4570.0	1.073984
4575.0	1.067179
4580.0	1.037619
4585.0	1.0352370000000002
4590.0	1.044612
4595.0	1.027898
4600.0	1.019259
4605.0	1.0514700000000001
4610.0	1.086151
4615.0	1.08788
4620.0	1.08956
4625.0	1.09049
4630.0	1.080658
4635.0	1.052443
4640.0	1.03434
4645.0	1.012166
4650.0	1.019883
4655.0	1.051739
4660.0	1.066683
4665.0	1.0085389999999999
4670.0	1.003843
4675.0	1.033174
4680.0	1.032163
4685.0	1.0396729999999998
4690.0	1.034325
4695.0	1.029043
4700.0	0.9896
4705.0	0.9857670000000001
4710.0	1.010681
4715.0	1.049568
4720.0	1.081318
4725.0	1.059268
4730.0	1.017393
4735.0	1.033391
4740.0	1.05389
4745.0	1.076263
4750.0	1.069674
4755.0	1.049193
4760.0	1.0397889999999999
4765.0	1.0212709999999998
4770.0	1.045661
4775.0	1.079246
4780.0	1.0770629999999999
4785.0	1.050373
4790.0	1.058429
4795.0	1.086912
4800.0	1.086064
4805.0	1.0767719999999998
4810.0	1.076963
4815.0	1.096473
4820.0	1.0939940000000001
4825.0	1.075641
4830.0	1.063732
4835.0	1.0619040000000002
4840.0	1.054897
4845.0	1.056578
4850.0	1.046535
4855.0	0.97998
4860.0	0.906595
4865.0	0.932409
4870.0	0.9597969999999999
4875.0	0.984817
4880.0	1.018199
4885.0	0.988482
4890.0	0.9725520000000001
4895.0	1.037036
4900.0	1.070052
4905.0	1.053815
4910.0	1.0237399999999999
4915.0	0.9918049999999999
4920.0	0.941953
4925.0	0.991389
4930.0	1.053512
4935.0	1.0260850000000001
4940.0	1.019557
4945.0	1.062211
4950.0	1.074647
4955.0	1.030859
4960.0	1.020821
4965.0	1.0347879999999998
4970.0	1.03634
4975.0	1.042708
4980.0	0.990992
4985.0	0.9709129999999999
4990.0	1.008118
4995.0	1.013324
5000.0	0.983376
5005.0	0.9500780000000001
5010.0	0.9516450000000001
5015.0	0.9320620000000001
5020.0	0.951685
5025.0	0.974591
5030.0	1.005226
5035.0	0.9913799999999999
5040.0	0.945019
5045.0	0.9755379999999999
5050.0	0.9977889999999999
5055.0	1.025145
5060.0	1.039883
5065.0	1.0019799999999999
5070.0	0.976924
5075.0	0.965357
5080.0	0.950008
5085.0	0.975707
5090.0	1.010934
5095.0	0.9994200000000001
5100.0	0.972426
5105.0	0.971468
5110.0	0.971463
5115.0	1.002902
5120.0	0.99329
5125.0	0.945551
5130.0	0.940723
5135.0	0.9441940000000001
5140.0	0.9265760000000001
5145.0	0.9168709999999999
5150.0	0.922717
5155.0	0.952192
5160.0	0.9435889999999999
5165.0	0.802334
5170.0	0.6956869999999999
5175.0	0.756834
5180.0	0.803941
5185.0	0.806027
5190.0	0.8821760000000001
5195.0	0.9245450000000001
5200.0	0.954829
5205.0	0.9125049999999999
5210.0	0.912832
5215.0	0.964733
5220.0	0.9854940000000001
5225.0	0.94089
5230.0	0.9341450000000001
5235.0	0.9883860000000001
5240.0	1.040844
5245.0	1.02155
5250.0	0.9881459999999999
5255.0	0.9968290000000001
5260.0	0.9736879999999999
5265.0	0.871841
5270.0	0.848759
5275.0	0.9315760000000001
5280.0	0.9973489999999999
5285.0	1.0262799999999999
5290.0	1.059361
5295.0	1.0181360000000002
5300.0	0.9931270000000001
5305.0	1.038406
5310.0	1.0678299999999998
5315.0	1.055923
5320.0	1.015374
5325.0	0.9462209999999999
5330.0	0.935834
5335.0	0.993922
5340.0	1.001924
5345.0	1.0066950000000001
5350.0	1.028738
5355.0	1.063779
5360.0	1.066208
5365.0	1.008366
5370.0	0.9648260000000001
5375.0	1.0028139999999999
5380.0	1.030932
5385.0	1.0208840000000001
5390.0	0.996151
5395.0	0.962607
5400.0	0.9521299999999999
5405.0	0.936968
5410.0	0.9564309999999999
5415.0	1.00023
5420.0	1.013517
5425.0	0.998
5430.0	0.9768879999999999
5435.0	0.98761
5440.0	1.030813
5445.0	1.016727
5450.0	1.0085110000000002
5455.0	1.0055530000000001
5460.0	1.008613
5465.0	1.009681
5470.0	1.010031
5475.0	0.9818
5480.0	0.9749399999999999
5485.0	1.0047760000000001
5490.0	1.020276
5495.0	1.0237479999999999
5500.0	1.019259
5505.0	1.00454
5510.0	0.999342
5515.0	1.01045
5520.0	1.032777
5525.0	1.00892
5530.0	0.989284
5535.0	1.006542
5540.0	1.02918
5545.0	1.036514
5550.0	1.041957
5555.0	1.034519
5560.0	1.020373
5565.0	0.9946379999999999
5570.0	0.9766549999999999
5575.0	0.9977729999999999
5580.0	1.0109489999999999
5585.0	0.9655299999999999
5590.0	0.933422
5595.0	0.951938
5600.0	0.968583
5605.0	1.00101
5610.0	1.026111
5615.0	0.990232
5620.0	0.981866
5625.0	0.9921969999999999
5630.0	1.012804
5635.0	1.0149489999999999
5640.0	1.002185
5645.0	1.003034
5650.0	0.99992
5655.0	0.976453
5660.0	0.958599
5665.0	0.982692
5670.0	1.0075120000000002
5675.0	1.0181639999999998
5680.0	1.00498
5685.0	0.985485
5690.0	0.9897020000000001
5695.0	0.997993
5700.0	0.978577
5705.0	0.9496100000000001
5710.0	0.934802
5715.0	0.9760040000000001
5720.0	1.020877
5725.0	1.0279610000000001
5730.0	1.016003
5735.0	1.018377
5740.0	1.0187950000000001
5745.0	1.012681
5750.0	0.996291
5755.0	0.988927
5760.0	0.9967590000000001
5765.0	1.01039
5770.0	1.0188270000000001
5775.0	1.0039639999999999
5780.0	0.9778819999999999
5785.0	0.9642379999999999
5790.0	0.9873540000000001
5795.0	1.007659
5800.0	1.013456
5805.0	1.008705
5810.0	1.006657
5815.0	1.00857
5820.0	1.020166
5825.0	1.0272569999999999
5830.0	1.0244469999999999
5835.0	1.021823
5840.0	1.0224030000000002
5845.0	1.016246
5850.0	1.0024959999999998
5855.0	0.976435
5860.0	0.970973
5865.0	0.9895780000000001
5870.0	1.005685
5875.0	1.014209
5880.0	0.997495
5885.0	0.918963
5890.0	0.822192
5895.0	0.8366549999999999
5900.0	0.928234
5905.0	0.984135
5910.0	0.99336
5915.0	0.9874129999999999
5920.0	0.991244
5925.0	0.9911530000000001
5930.0	0.9853700000000001
5935.0	0.9889459999999999
5940.0	0.986309
5945.0	0.978082
5950.0	0.972295
5955.0	0.977686
5960.0	0.9880040000000001
5965.0	0.992419
5970.0	0.9949120000000001
5975.0	0.980608
5980.0	0.970828
5985.0	0.9694719999999999
5990.0	0.978883
5995.0	0.977453
6000.0	0.970002
6005.0	0.958694
6010.0	0.95578
6015.0	0.945902
6020.0	0.936466
6025.0	0.9545040000000001
6030.0	0.978419
6035.0	0.9864620000000001
6040.0	0.9777239999999999
6045.0	0.977331
6050.0	0.9773620000000001
6055.0	0.969301
6060.0	0.966462
6065.0	0.965832
6070.0	0.9730219999999999
6075.0	0.963276
6080.0	0.947995
6085.0	0.950507
6090.0	0.949883
6095.0	0.9431579999999999
6100.0	0.927328
6105.0	0.931692
6110.0	0.954534
6115.0	0.946044
6120.0	0.921212
6125.0	0.921324
6130.0	0.933417
6135.0	0.9109870000000001
6140.0	0.9111940000000001
6145.0	0.932694
6150.0	0.9357040000000001
6155.0	0.9166559999999999
6160.0	0.8748450000000001
6165.0	0.8736520000000001
6170.0	0.901338
6175.0	0.931424
6180.0	0.9449110000000001
6185.0	0.933385
6190.0	0.91558
6195.0	0.93515
6200.0	0.947536
6205.0	0.952833
6210.0	0.938248
6215.0	0.917166
6220.0	0.91645
6225.0	0.918803
6230.0	0.907543
6235.0	0.9136719999999999
6240.0	0.91075
6245.0	0.9028729999999999
6250.0	0.9020290000000001
6255.0	0.883073
6260.0	0.8928659999999999
6265.0	0.913035
6270.0	0.9183520000000001
6275.0	0.901382
6280.0	0.88313
6285.0	0.904632
6290.0	0.9162809999999999
6295.0	0.8986770000000001
6300.0	0.8822040000000001
6305.0	0.897257
6310.0	0.909486
6315.0	0.8874049999999999
6320.0	0.888509
6325.0	0.907774
6330.0	0.9121239999999999
6335.0	0.9002969999999999
6340.0	0.8952399999999999
6345.0	0.909874
6350.0	0.9208040000000001
6355.0	0.9102549999999999
6360.0	0.88969
6365.0	0.902185
6370.0	0.9209309999999999
6375.0	0.9243100000000001
6380.0	0.920967
6385.0	0.916156
6390.0	0.90397
6395.0	0.892401
6400.0	0.889124
6405.0	0.891317
6410.0	0.887358
6415.0	0.892016
6420.0	0.896173
6425.0	0.9024989999999999
6430.0	0.896856
6435.0	0.893594
6440.0	0.8961790000000001
6445.0	0.8967930000000001
6450.0	0.8827020000000001
6455.0	0.8856350000000001
6460.0	0.8848799999999999
6465.0	0.884704
6470.0	0.8973959999999999
6475.0	0.8998149999999999
6480.0	0.89854
6485.0	0.891318
6490.0	0.870287
6495.0	0.8422950000000001
6500.0	0.867084
6505.0	0.898275
6510.0	0.905777
6515.0	0.9007620000000001
6520.0	0.902242
6525.0	0.9075110000000001
6530.0	0.906393
6535.0	0.905525
6540.0	0.9033770000000001
6545.0	0.898965
6550.0	0.88333
6555.0	0.836298
6560.0	0.7690600000000001
6565.0	0.78174
6570.0	0.8498829999999999
6575.0	0.880489
6580.0	0.8921399999999999
6585.0	0.889365
6590.0	0.878691
6595.0	0.875933
6600.0	0.890025
6605.0	0.8907579999999999
6610.0	0.8898959999999999
6615.0	0.900291
6620.0	0.899868
6625.0	0.8924290000000001
6630.0	0.883085
6635.0	0.8754860000000001
6640.0	0.8796950000000001
6645.0	0.8850450000000001
6650.0	0.894668
6655.0	0.893776
6660.0	0.882344
6665.0	0.876994
6670.0	0.8836209999999999
6675.0	0.880318
6680.0	0.877648
6685.0	0.88726
6690.0	0.88913
6695.0	0.8815870000000001
6700.0	0.8741
6705.0	0.8742549999999999
6710.0	0.8705940000000001
6715.0	0.861007
6720.0	0.8625879999999999
6725.0	0.869625
6730.0	0.871599
6735.0	0.8689819999999999
6740.0	0.866492
6745.0	0.86446
6750.0	0.861743
6755.0	0.86845
6760.0	0.8762540000000001
6765.0	0.868818
6770.0	0.86179
6775.0	0.866381
6780.0	0.8687959999999999
6785.0	0.8654149999999999
6790.0	0.8637889999999999
6795.0	0.860617
6800.0	0.857611
6805.0	0.8589200000000001
6810.0	0.8640559999999999
6815.0	0.8686590000000001
6820.0	0.8723110000000001
6825.0	0.873559
6830.0	0.867711
6835.0	0.861241
6840.0	0.855057
6845.0	0.8519770000000001
6850.0	0.84815
6855.0	0.8439459999999999
6860.0	0.839736
6865.0	0.835895
6870.0	0.832829
6875.0	0.8309469999999999
6880.0	0.8306620000000001
6885.0	0.832169
6890.0	0.834801
6895.0	0.837677
6900.0	0.8399120000000001
6905.0	0.8408469999999999
6910.0	0.8407129999999999
6915.0	0.83996
6920.0	0.839041
6925.0	0.8383149999999999
6930.0	0.8377709999999999
6935.0	0.837303
6940.0	0.83681
6945.0	0.836198
6950.0	0.8354309999999999
6955.0	0.834485
6960.0	0.833334
6965.0	0.831988
6970.0	0.8305799999999999
6975.0	0.8298200000000001
6980.0	0.8207469999999999
6985.0	0.823787
6990.0	0.824283
6995.0	0.825635
7000.0	0.8205520000000001
7005.0	0.815012
7010.0	0.815902
7015.0	0.8131189999999999
7020.0	0.807075
7025.0	0.807656
7030.0	0.817645
7035.0	0.817926
7040.0	0.819484
7045.0	0.8234950000000001
7050.0	0.825204
7055.0	0.8262299999999999
7060.0	0.824412
7065.0	0.816434
7070.0	0.818728
7075.0	0.823526
7080.0	0.821377
7085.0	0.811686
7090.0	0.809884
7095.0	0.81523
7100.0	0.820092
7105.0	0.817998
7110.0	0.812646
7115.0	0.811022
7120.0	0.808847
7125.0	0.8113020000000001
7130.0	0.811186
7135.0	0.815242
7140.0	0.813325
7145.0	0.8054100000000001
7150.0	0.800517
7155.0	0.805521
7160.0	0.806375
7165.0	0.796164
7170.0	0.786405
7175.0	0.7750640000000001
7180.0	0.765833
7185.0	0.751183
7190.0	0.749812
7195.0	0.754807
7200.0	0.7601289999999999
7205.0	0.7639819999999999
7210.0	0.777072
7215.0	0.7885300000000001
7220.0	0.79489
7225.0	0.7916979999999999
7230.0	0.78287
7235.0	0.775868
7240.0	0.77431
7245.0	0.775483
7250.0	0.775327
7255.0	0.769877
7260.0	0.769992
7265.0	0.773588
7270.0	0.778094
7275.0	0.767975
7280.0	0.763303
7285.0	0.756451
7290.0	0.749344
7295.0	0.759951
7300.0	0.767201
7305.0	0.766256
7310.0	0.767533
7315.0	0.7694840000000001
7320.0	0.7709560000000001
7325.0	0.771805
7330.0	0.772868
7335.0	0.778563
7340.0	0.781263
7345.0	0.7759189999999999
7350.0	0.770528
7355.0	0.765103
7360.0	0.763293
7365.0	0.764548
7370.0	0.7696529999999999
7375.0	0.776288
7380.0	0.772927
7385.0	0.753423
7390.0	0.7473489999999999
7395.0	0.758616
7400.0	0.757644
7405.0	0.748989
7410.0	0.742315
7415.0	0.753448
7420.0	0.758324
7425.0	0.7613949999999999
7430.0	0.76776
7435.0	0.768884
7440.0	0.765476
7445.0	0.76054
7450.0	0.763005
7455.0	0.7660279999999999
7460.0	0.762638
7465.0	0.762829
7470.0	0.764872
7475.0	0.76253
7480.0	0.760109
7485.0	0.757024
7490.0	0.750732
7495.0	0.746454
7500.0	0.751203
7505.0	0.746881
7510.0	0.741021
7515.0	0.750424
7520.0	0.75668
7525.0	0.752152
7530.0	0.749062
7535.0	0.751491
7540.0	0.753626
7545.0	0.750365
7550.0	0.7482770000000001
7555.0	0.74768
7560.0	0.747084
7565.0	0.746488
7570.0	0.745892
7575.0	0.745296
7580.0	0.744699
7585.0	0.744103
7590.0	0.7435069999999999
7595.0	0.742911
7600.0	0.742315
7605.0	0.741718
7610.0	0.7411220000000001
7615.0	0.740526
7620.0	0.73993
7625.0	0.739333
7630.0	0.738737
7635.0	0.7381409999999999
7640.0	0.737545
7645.0	0.7369479999999999
7650.0	0.736352
7655.0	0.7357560000000001
7660.0	0.73516
7665.0	0.734564
7670.0	0.733967
7675.0	0.733371
7680.0	0.732775
7685.0	0.732179
7690.0	0.731582
7695.0	0.7309859999999999
7700.0	0.73039
7705.0	0.7297939999999999
7710.0	0.7291979999999999
7715.0	0.728601
7720.0	0.728005
7725.0	0.727409
7730.0	0.726813
7735.0	0.730152
7740.0	0.7276199999999999
7745.0	0.718267
7750.0	0.714422
7755.0	0.719653
7760.0	0.723421
7765.0	0.72358
7770.0	0.721585
7775.0	0.721123
7780.0	0.720891
7785.0	0.719965
7790.0	0.7180439999999999
7795.0	0.717264
7800.0	0.715534
7805.0	0.7143579999999999
7810.0	0.713071
7815.0	0.7167720000000001
7820.0	0.7189399999999999
7825.0	0.714658
7830.0	0.706092
7835.0	0.704904
7840.0	0.710869
7845.0	0.71235
7850.0	0.712025
7855.0	0.7125819999999999
7860.0	0.713168
7865.0	0.712669
7870.0	0.7094189999999999
7875.0	0.704498
7880.0	0.702068
7885.0	0.704493
7890.0	0.7065170000000001
7895.0	0.703346
7900.0	0.700544
7905.0	0.698912
7910.0	0.69655
7915.0	0.69393
7920.0	0.692159
7925.0	0.6904
7930.0	0.684728
7935.0	0.6801520000000001
7940.0	0.6791050000000001
7945.0	0.680754
7950.0	0.688867
7955.0	0.692959
7960.0	0.693565
7965.0	0.6970890000000001
7970.0	0.699589
7975.0	0.699209
7980.0	0.6981689999999999
7985.0	0.698112
7990.0	0.6965560000000001
7995.0	0.687174
8000.0	0.681294
8005.0	0.686579
8010.0	0.6918850000000001
8015.0	0.695882
8020.0	0.694492
8025.0	0.686682
8030.0	0.683076
8035.0	0.6869390000000001
8040.0	0.6863630000000001
8045.0	0.677091
8050.0	0.674067
8055.0	0.681077
8060.0	0.686291
8065.0	0.6853
8070.0	0.680768
8075.0	0.680234
8080.0	0.679471
8085.0	0.67735
8090.0	0.675955
8095.0	0.6718109999999999
8100.0	0.670543
8105.0	0.672599
8110.0	0.675836
8115.0	0.677688
8120.0	0.6779689999999999
8125.0	0.677031
8130.0	0.674984
8135.0	0.67191
8140.0	0.6680050000000001
8145.0	0.66342
8150.0	0.658011
8155.0	0.65208
8160.0	0.648001
8165.0	0.6473220000000001
8170.0	0.646188
8175.0	0.6414449999999999
8180.0	0.638146
8185.0	0.640537
8190.0	0.641451
8195.0	0.634845
8200.0	0.6305970000000001
8205.0	0.638087
8210.0	0.6487970000000001
8215.0	0.651455
8220.0	0.641652
8225.0	0.62128
8230.0	0.6105430000000001
8235.0	0.625637
8240.0	0.648397
8245.0	0.6578970000000001
8250.0	0.6565310000000001
8255.0	0.652075
8260.0	0.65053
8265.0	0.654526
8270.0	0.654992
8275.0	0.644471
8280.0	0.633692
8285.0	0.63381
8290.0	0.639521
8295.0	0.642965
8300.0	0.642513
8305.0	0.638733
8310.0	0.6347430000000001
8315.0	0.633261
8320.0	0.632836
8325.0	0.631595
8330.0	0.6301260000000001
8335.0	0.629509
8340.0	0.6303270000000001
8345.0	0.632741
8350.0	0.635716
8355.0	0.638139
8360.0	0.63976
8365.0	0.6406109999999999
8370.0	0.64098
8375.0	0.640912
8380.0	0.6392220000000001
8385.0	0.635604
8390.0	0.634476
8395.0	0.6393399999999999
8400.0	0.645299
8405.0	0.647003
8410.0	0.651092
8415.0	0.649832
8420.0	0.648751
8425.0	0.6464
8430.0	0.644552
8435.0	0.633857
8440.0	0.631694
8445.0	0.642221
8450.0	0.649892
8455.0	0.653308
8460.0	0.649478
8465.0	0.635423
8470.0	0.625494
8475.0	0.632322
8480.0	0.6399020000000001
8485.0	0.641497
8490.0	0.623803
8495.0	0.567625
8500.0	0.544283
8505.0	0.586488
8510.0	0.614743
8515.0	0.6094970000000001
8520.0	0.604476
8525.0	0.602228
8530.0	0.590542
8535.0	0.541851
8540.0	0.478408
8545.0	0.495752
8550.0	0.558557
8555.0	0.580852
8560.0	0.592308
8565.0	0.597002
8570.0	0.593802
8575.0	0.590522
8580.0	0.588128
8585.0	0.588133
8590.0	0.587026
8595.0	0.578339
8600.0	0.5780569999999999
8605.0	0.593495
8610.0	0.60556
8615.0	0.608554
8620.0	0.6079140000000001
8625.0	0.6123930000000001
8630.0	0.618133
8635.0	0.619257
8640.0	0.616224
8645.0	0.6073850000000001
8650.0	0.597053
8655.0	0.574984
8660.0	0.533881
8665.0	0.538754
8670.0	0.569149
8675.0	0.5762970000000001
8680.0	0.583389
8685.0	0.5755
8690.0	0.5731229999999999
8695.0	0.586314
8700.0	0.5967979999999999
8705.0	0.596534
8710.0	0.588233
8715.0	0.587932
8720.0	0.5950810000000001
8725.0	0.5952069999999999
8730.0	0.589858
8735.0	0.58424
8740.0	0.584852
8745.0	0.588113
8750.0	0.5859270000000001
8755.0	0.588512
8760.0	0.589621
8765.0	0.5891390000000001
8770.0	0.586758
8775.0	0.588341
8780.0	0.593609
8785.0	0.591015
8790.0	0.581516
8795.0	0.5811189999999999
8800.0	0.578074
8805.0	0.550507
8810.0	0.565322
8815.0	0.591179
8820.0	0.5848979999999999
8825.0	0.584259
8830.0	0.5907789999999999
8835.0	0.58917
8840.0	0.587232
8845.0	0.590553
8850.0	0.59338
8855.0	0.59292
8860.0	0.583212
8865.0	0.575746
8870.0	0.584491
8875.0	0.591379
8880.0	0.594018
8885.0	0.5979399999999999
8890.0	0.596259
8895.0	0.59387
8900.0	0.595751
8905.0	0.596745
8910.0	0.5943430000000001
8915.0	0.594982
8920.0	0.592199
8925.0	0.569196
8930.0	0.557585
8935.0	0.555631
8940.0	0.555297
8945.0	0.55721
8950.0	0.560347
8955.0	0.563277
8960.0	0.564567
8965.0	0.563183
8970.0	0.559689
8975.0	0.555048
8980.0	0.5502239999999999
8985.0	0.546084
8990.0	0.54311
8995.0	0.5416890000000001
9000.0	0.542209
9005.0	0.544887
9010.0	0.549275
9015.0	0.554755
9020.0	0.560708
9025.0	0.566524
9030.0	0.571613
9035.0	0.575392
9040.0	0.577278
9045.0	0.576797
9050.0	0.573918
9055.0	0.5687180000000001
9060.0	0.561275
9065.0	0.5519850000000001
9070.0	0.542521
9075.0	0.5348729999999999
9080.0	0.531032
9085.0	0.532269
9090.0	0.536982
9095.0	0.5428470000000001
9100.0	0.5475439999999999
9105.0	0.549289
9110.0	0.548455
9115.0	0.5459579999999999
9120.0	0.542709
9125.0	0.539423
9130.0	0.536007
9135.0	0.532173
9140.0	0.527629
9145.0	0.522329
9150.0	0.517209
9155.0	0.513451
9160.0	0.512235
9165.0	0.5142770000000001
9170.0	0.5184270000000001
9175.0	0.52307
9180.0	0.52659
9185.0	0.527835
9190.0	0.527502
9195.0	0.52675
9200.0	0.5267390000000001
9205.0	0.5282359999999999
9210.0	0.530439
9215.0	0.532153
9220.0	0.532184
9225.0	0.529702
9230.0	0.525331
9235.0	0.520063
9240.0	0.514885
9245.0	0.51064
9250.0	0.5075850000000001
9255.0	0.505827
9260.0	0.505475
9265.0	0.506352
9270.0	0.5071289999999999
9275.0	0.506192
9280.0	0.501927
9285.0	0.49333599999999994
9290.0	0.48188000000000003
9295.0	0.46963699999999997
9300.0	0.45868400000000004
9305.0	0.450888
9310.0	0.447274
9315.0	0.44865600000000005
9320.0	0.455848
9325.0	0.46873100000000006
9330.0	0.48344899999999996
9335.0	0.495217
9340.0	0.499246
9345.0	0.49253
9350.0	0.47919399999999995
9355.0	0.46514300000000003
9360.0	0.456283
9365.0	0.45704300000000003
9370.0	0.465951
9375.0	0.48005600000000004
9380.0	0.496411
9385.0	0.512143
9390.0	0.524687
9395.0	0.531557
9400.0	0.530265
9405.0	0.519343
9410.0	0.50139
9415.0	0.480026
9420.0	0.45886800000000005
9425.0	0.441125
9430.0	0.42836
9435.0	0.421724
9440.0	0.42236999999999997
9445.0	0.430647
9450.0	0.44369899999999995
9455.0	0.45786499999999997
9460.0	0.46948599999999996
9465.0	0.475786
9470.0	0.477522
9475.0	0.476336
9480.0	0.473868
9485.0	0.471602
9490.0	0.470391
9495.0	0.47093199999999996
9500.0	0.47392
9505.0	0.479707
9510.0	0.48727
9515.0	0.495242
9520.0	0.502255
9525.0	0.507088
9530.0	0.509108
9535.0	0.507825
9540.0	0.502753
9545.0	0.493888
9550.0	0.483159
9555.0	0.47298100000000004
9560.0	0.465767
9565.0	0.463269
9570.0	0.46458
9575.0	0.468131
9580.0	0.472354
9585.0	0.475951
9590.0	0.478721
9595.0	0.48073599999999994
9600.0	0.48206499999999997
9605.0	0.48273299999999997
9610.0	0.482572
9615.0	0.48136599999999996
9620.0	0.47889799999999993
9625.0	0.47522200000000003
9630.0	0.471473
9635.0	0.469052
9640.0	0.46936300000000003
9645.0	0.47326899999999994
9650.0	0.479473
9655.0	0.48613900000000004
9660.0	0.491429
9665.0	0.49395500000000003
9670.0	0.49413199999999996
9675.0	0.49282
9680.0	0.49088100000000007
9685.0	0.489037
9690.0	0.487443
9695.0	0.486116
9700.0	0.48507
9705.0	0.484279
9710.0	0.483545
9715.0	0.48263
9720.0	0.48129399999999994
9725.0	0.479425
9730.0	0.477422
9735.0	0.475811
9740.0	0.47511800000000004
9745.0	0.475634
9750.0	0.476721
9755.0	0.47750299999999996
9760.0	0.47710699999999995
9765.0	0.474958
9770.0	0.471678
9775.0	0.468189
9780.0	0.465412
9785.0	0.464005
9790.0	0.46356800000000004
9795.0	0.463442
9800.0	0.46296499999999996
9805.0	0.46170900000000004
9810.0	0.46017600000000003
9815.0	0.459104
9820.0	0.45923
9825.0	0.460983
9830.0	0.463563
9835.0	0.46586099999999997
9840.0	0.46676999999999996
9845.0	0.465524
9850.0	0.462717
9855.0	0.45928500000000005
9860.0	0.456164
9865.0	0.45416899999999993
9870.0	0.45362700000000006
9875.0	0.454744
9880.0	0.45772799999999997
9885.0	0.46252
9890.0	0.46799799999999997
9895.0	0.47277600000000003
9900.0	0.475469
9905.0	0.475099
9910.0	0.472329
9915.0	0.468228
9920.0	0.463868
9925.0	0.460171
9930.0	0.45746499999999996
9935.0	0.455928
9940.0	0.45574
9945.0	0.456904
9950.0	0.45872799999999997
9955.0	0.460346
9960.0	0.46088900000000005
9965.0	0.459858
9970.0	0.458216
9975.0	0.457295
9980.0	0.458426
9985.0	0.4624
9990.0	0.467859
9995.0	0.47290299999999996
10000.0	0.47563500000000003
10005.0	0.474724
10010.0	0.471107
10015.0	0.46628800000000004
10020.0	0.461772
10025.0	0.458758
10030.0	0.457219
10035.0	0.456825
10040.0	0.457244
10045.0	0.45815600000000006
10050.0	0.45928100000000005
10055.0	0.460351
10060.0	0.46109700000000003
10065.0	0.46133599999999997
10070.0	0.461232
10075.0	0.461031
10080.0	0.46098500000000003
10085.0	0.461214
10090.0	0.461344
10095.0	0.460872
10100.0	0.459295
10105.0	0.456349
10110.0	0.452717
10115.0	0.44931899999999997
10120.0	0.447075
10125.0	0.44657600000000003
10130.0	0.44710500000000003
10135.0	0.447614
10140.0	0.44705600000000006
10145.0	0.444745
10150.0	0.44143000000000004
10155.0	0.43821800000000005
10160.0	0.43621800000000005
10165.0	0.43618599999999996
10170.0	0.43746599999999997
10175.0	0.439051
10180.0	0.439934
10185.0	0.439425
10190.0	0.43811000000000005
10195.0	0.43688999999999995
10200.0	0.436669
10205.0	0.43802399999999997
10210.0	0.440229
10215.0	0.44223500000000004
10220.0	0.442989
10225.0	0.44178999999999996
10230.0	0.439337
10235.0	0.436675
10240.0	0.43485100000000004
10245.0	0.43460699999999997
10250.0	0.43545900000000004
10255.0	0.436616
10260.0	0.437288
10265.0	0.43686400000000003
10270.0	0.435442
10275.0	0.433302
10280.0	0.43072
10285.0	0.428001
10290.0	0.425554
10295.0	0.42381499999999994
10300.0	0.42321899999999996
10305.0	0.42969700000000005
10310.0	0.430439
10315.0	0.43148100000000006
10320.0	0.43257799999999996
10325.0	0.43349
10330.0	0.43400200000000005
10335.0	0.433904
10340.0	0.432986
10345.0	0.43118599999999996
10350.0	0.42903800000000003
10355.0	0.427225
10360.0	0.426429
10365.0	0.42710699999999996
10370.0	0.428817
10375.0	0.430889
10380.0	0.43265600000000004
10385.0	0.433568
10390.0	0.43356000000000006
10395.0	0.43268599999999996
10400.0	0.43099899999999997
10405.0	0.42866400000000004
10410.0	0.426285
10415.0	0.424576
10420.0	0.42425
10425.0	0.425696
10430.0	0.42800200000000005
10435.0	0.42993400000000004
10440.0	0.43025399999999997
10445.0	0.42813599999999996
10450.0	0.424389
10455.0	0.42023299999999997
10460.0	0.416887
10465.0	0.415289
10470.0	0.41526199999999996
10475.0	0.41634499999999997
10480.0	0.41808100000000004
10485.0	0.42003500000000005
10490.0	0.421875
10495.0	0.42328999999999994
10500.0	0.423972
10505.0	0.42373500000000003
10510.0	0.422875
10515.0	0.42181599999999997
10520.0	0.42097799999999996
10525.0	0.42063999999999996
10530.0	0.42051000000000005
10535.0	0.42015600000000003
10540.0	0.419145
10545.0	0.41722700000000007
10550.0	0.414886
10555.0	0.412787
10560.0	0.41159700000000005
10565.0	0.411771
10570.0	0.412921
10575.0	0.414448
10580.0	0.415754
10585.0	0.416372
10590.0	0.41636999999999996
10595.0	0.415947
10600.0	0.41530600000000006
10605.0	0.414613
10610.0	0.41390600000000005
10615.0	0.41318999999999995
10620.0	0.412469
10625.0	0.408341
10630.0	0.407933
10635.0	0.407525
10640.0	0.407118
10645.0	0.40671
10650.0	0.406304
10655.0	0.405898
10660.0	0.405492
10665.0	0.405086
10670.0	0.404681
10675.0	0.404277
10680.0	0.403873
10685.0	0.403469
10690.0	0.403065
10695.0	0.40266199999999996
10700.0	0.40226
10705.0	0.401858
10710.0	0.401456
10715.0	0.401055
10720.0	0.400654
10725.0	0.400254
10730.0	0.399854
10735.0	0.399454
10740.0	0.399055
10745.0	0.398656
10750.0	0.398258
10755.0	0.39786
10760.0	0.397462
10765.0	0.397065
10770.0	0.39666799999999997
10775.0	0.39627199999999996
10780.0	0.395876
10785.0	0.39548099999999997
10790.0	0.39508499999999996
10795.0	0.39469099999999996
10800.0	0.394296
10805.0	0.393903
10810.0	0.393509
10815.0	0.39311599999999997
10820.0	0.39272399999999996
10825.0	0.392331
10830.0	0.39194
10835.0	0.391548
10840.0	0.39115700000000003
10845.0	0.39076700000000003
10850.0	0.390377
10855.0	0.389987
10860.0	0.389598
10865.0	0.389209
10870.0	0.38882
10875.0	0.388432
10880.0	0.388044
10885.0	0.38765700000000003
10890.0	0.38727
10895.0	0.386884
10900.0	0.386498
10905.0	0.386112
10910.0	0.385727
10915.0	0.385342
10920.0	0.38495799999999997
10925.0	0.38457399999999997
10930.0	0.38419000000000003
10935.0	0.383807
10940.0	0.383424
10945.0	0.383042
10950.0	0.38266
10955.0	0.382278
10960.0	0.381897
10965.0	0.38151599999999997
10970.0	0.38113600000000003
10975.0	0.380756
10980.0	0.38037600000000005
10985.0	0.379997
10990.0	0.379619
10995.0	0.37924
11000.0	0.378862
11005.0	0.378485
11010.0	0.378108
11015.0	0.377731
11020.0	0.377355
11025.0	0.376979
11030.0	0.376603
11035.0	0.376228
11040.0	0.375854
11045.0	0.37548000000000004
11050.0	0.375106
11055.0	0.374732
11060.0	0.374359
11065.0	0.373987
11070.0	0.373614
11075.0	0.373243
11080.0	0.372871
11085.0	0.3725
11090.0	0.37213
11095.0	0.371759
11100.0	0.37139
11105.0	0.37101999999999996
11110.0	0.370651
11115.0	0.370283
11120.0	0.36991399999999997
11125.0	0.36954699999999996
11130.0	0.369179
11135.0	0.368812
11140.0	0.368446
11145.0	0.36808
11150.0	0.367714
11155.0	0.367348
11160.0	0.366983
11165.0	0.36661900000000003
11170.0	0.366255
11175.0	0.36589099999999997
11180.0	0.365528
11185.0	0.365165
11190.0	0.364802
11195.0	0.36444
11200.0	0.364078
11205.0	0.363717
11210.0	0.363356
11215.0	0.36299499999999996
11220.0	0.362635
11225.0	0.36227600000000004
11230.0	0.36191599999999996
11235.0	0.361557
11240.0	0.361199
11245.0	0.36084099999999997
11250.0	0.360483
11255.0	0.360126
11260.0	0.359769
11265.0	0.359412
11270.0	0.359056
11275.0	0.3587
11280.0	0.35834499999999997
11285.0	0.35799000000000003
11290.0	0.357635
11295.0	0.357281
11300.0	0.356927
11305.0	0.356574
11310.0	0.356221
11315.0	0.355869
11320.0	0.355516
11325.0	0.355165
11330.0	0.354813
11335.0	0.354462
11340.0	0.354112
11345.0	0.35376199999999997
11350.0	0.353412
11355.0	0.353063
11360.0	0.35271399999999997
11365.0	0.352365
11370.0	0.352017
11375.0	0.351669
11380.0	0.35132199999999997
11385.0	0.350975
11390.0	0.350628
11395.0	0.35028200000000004
11400.0	0.349936
11405.0	0.349591
11410.0	0.349246
11415.0	0.348901
11420.0	0.348557
11425.0	0.348213
11430.0	0.34786999999999996
11435.0	0.347527
11440.0	0.347184
11445.0	0.346842
11450.0	0.3465
11455.0	0.34615799999999997
11460.0	0.345817
11465.0	0.345477
11470.0	0.345136
11475.0	0.34479699999999996
11480.0	0.344457
11485.0	0.344118
11490.0	0.343779
11495.0	0.343441
11500.0	0.34310300000000005
11505.0	0.34276599999999996
11510.0	0.342428
11515.0	0.342092
11520.0	0.34175500000000003
11525.0	0.34141900000000003
11530.0	0.341084
11535.0	0.34074899999999997
11540.0	0.340414
11545.0	0.34008
11550.0	0.339746
11555.0	0.339412
11560.0	0.339079
11565.0	0.338746
11570.0	0.338414
11575.0	0.338082
11580.0	0.33775
11585.0	0.337419
11590.0	0.337088
11595.0	0.33675700000000003
11600.0	0.336427
11605.0	0.336098
11610.0	0.335768
11615.0	0.33544
11620.0	0.335111
11625.0	0.334783
11630.0	0.334455
11635.0	0.33412800000000004
11640.0	0.333801
11645.0	0.333474
11650.0	0.333148
11655.0	0.332822
11660.0	0.332497
11665.0	0.33217199999999997
11670.0	0.331847
11675.0	0.331523
11680.0	0.33119899999999997
11685.0	0.330876
11690.0	0.33055300000000004
11695.0	0.33023
11700.0	0.329908
11705.0	0.329586
11710.0	0.32926500000000003
11715.0	0.328943
11720.0	0.328623
11725.0	0.328302
11730.0	0.327982
11735.0	0.32766300000000004
11740.0	0.327344
11745.0	0.327025
11750.0	0.326707
11755.0	0.326389
11760.0	0.326071
11765.0	0.325754
11770.0	0.325437
11775.0	0.32511999999999996
11780.0	0.324804
11785.0	0.32448899999999997
11790.0	0.324173
11795.0	0.323858
11800.0	0.323544
11805.0	0.32323
11810.0	0.322916
11815.0	0.32260300000000003
11820.0	0.322289
11825.0	0.321977
11830.0	0.32166500000000003
11835.0	0.321353
11840.0	0.32104099999999997
11845.0	0.32073
11850.0	0.32042
11855.0	0.32010900000000003
11860.0	0.319799
11865.0	0.31949
11870.0	0.319181
11875.0	0.318872
11880.0	0.318564
11885.0	0.318256
11890.0	0.317948
11895.0	0.317641
11900.0	0.317334
11905.0	0.317027
11910.0	0.31672100000000003
11915.0	0.316416
11920.0	0.31611
11925.0	0.315805
11930.0	0.31550100000000003
11935.0	0.315197
11940.0	0.314893
11945.0	0.314589
11950.0	0.314286
11955.0	0.31398400000000004
11960.0	0.313681
11965.0	0.31338
11970.0	0.313078
11975.0	0.31277699999999997
11980.0	0.31247600000000003
11985.0	0.312176
11990.0	0.31187600000000004
11995.0	0.311576
12000.0	0.311277
12005.0	0.31097800000000003
12010.0	0.31068
12015.0	0.310382
12020.0	0.310084
12025.0	0.309787
12030.0	0.30949
12035.0	0.309193
12040.0	0.308897
12045.0	0.308601
12050.0	0.30830599999999997
12055.0	0.30801100000000003
12060.0	0.307716
12065.0	0.307422
12070.0	0.307128
12075.0	0.306834
12080.0	0.306541
12085.0	0.306248
12090.0	0.305956
12095.0	0.305664
12100.0	0.305372
12105.0	0.305081
12110.0	0.30479
12115.0	0.3045
12120.0	0.30421
12125.0	0.30391999999999997
12130.0	0.303631
12135.0	0.303342
12140.0	0.303053
12145.0	0.302765
12150.0	0.302477
12155.0	0.302189
12160.0	0.301902
12165.0	0.301616
12170.0	0.301329
12175.0	0.301043
12180.0	0.30075799999999997
12185.0	0.30047199999999996
12190.0	0.300187
12195.0	0.29990300000000003
12200.0	0.299619
12205.0	0.299335
12210.0	0.299052
12215.0	0.298769
12220.0	0.29848600000000003
12225.0	0.29820399999999997
12230.0	0.29792199999999996
12235.0	0.297641
12240.0	0.29736
12245.0	0.297079
12250.0	0.296798
12255.0	0.296518
12260.0	0.296239
12265.0	0.29596
12270.0	0.29568099999999997
12275.0	0.295402
12280.0	0.295124
12285.0	0.294846
12290.0	0.294569
12295.0	0.294292
12300.0	0.294015
12305.0	0.293739
12310.0	0.29346300000000003
12315.0	0.293187
12320.0	0.292912
12325.0	0.292637
12330.0	0.292363
12335.0	0.292089
12340.0	0.291815
12345.0	0.291542
12350.0	0.291269
12355.0	0.290996
12360.0	0.290724
12365.0	0.290452
12370.0	0.29018
12375.0	0.28990900000000003
12380.0	0.289638
12385.0	0.28936799999999996
12390.0	0.289098
12395.0	0.28882800000000003
12400.0	0.288558
12405.0	0.28828899999999996
12410.0	0.288021
12415.0	0.287752
12420.0	0.287484
12425.0	0.287217
12430.0	0.28695
12435.0	0.28668299999999997
12440.0	0.286416
12445.0	0.28615
12450.0	0.285884
12455.0	0.285619
12460.0	0.285354
12465.0	0.285089
12470.0	0.28482399999999997
12475.0	0.28456
12480.0	0.28429699999999997
12485.0	0.284033
12490.0	0.28376999999999997
12495.0	0.283508
12500.0	0.283246
12505.0	0.282984
12510.0	0.282722
12515.0	0.282461
12520.0	0.2822
12525.0	0.281939
12530.0	0.281679
12535.0	0.28141900000000003
12540.0	0.28115999999999997
12545.0	0.280901
12550.0	0.280642
12555.0	0.280383
12560.0	0.280125
12565.0	0.279868
12570.0	0.27960999999999997
12575.0	0.279353
12580.0	0.279096
12585.0	0.27884000000000003
12590.0	0.278584
12595.0	0.278328
12600.0	0.278073
12605.0	0.277818
12610.0	0.277563
12615.0	0.277309
12620.0	0.277055
12625.0	0.276802
12630.0	0.276548
12635.0	0.27629499999999996
12640.0	0.276043
12645.0	0.275791
12650.0	0.275539
12655.0	0.275287
12660.0	0.275036
12665.0	0.274785
12670.0	0.274534
12675.0	0.27428400000000003
12680.0	0.274034
12685.0	0.273785
12690.0	0.273535
12695.0	0.273287
12700.0	0.273038
12705.0	0.27279000000000003
12710.0	0.272542
12715.0	0.272294
12720.0	0.272047
12725.0	0.2718
12730.0	0.271554
12735.0	0.271308
12740.0	0.27106199999999997
12745.0	0.270816
12750.0	0.270571
12755.0	0.270326
12760.0	0.270081
12765.0	0.269837
12770.0	0.26959299999999997
12775.0	0.26935
12780.0	0.26910700000000004
12785.0	0.268864
12790.0	0.268621
12795.0	0.268379
12800.0	0.268137
12805.0	0.267895
12810.0	0.267654
12815.0	0.267413
12820.0	0.267173
12825.0	0.266932
12830.0	0.266692
12835.0	0.266453
12840.0	0.26621300000000003
12845.0	0.265974
12850.0	0.265736
12855.0	0.265497
12860.0	0.265259
12865.0	0.265022
12870.0	0.264784
12875.0	0.264547
12880.0	0.26431
12885.0	0.264074
12890.0	0.263838
12895.0	0.263602
12900.0	0.263367
12905.0	0.26313200000000003
12910.0	0.262897
12915.0	0.262662
12920.0	0.262428
12925.0	0.262194
12930.0	0.261961
12935.0	0.261727
12940.0	0.261494
12945.0	0.261262
12950.0	0.26103000000000004
12955.0	0.260798
12960.0	0.26056599999999996
12965.0	0.260335
12970.0	0.260104
12975.0	0.259873
12980.0	0.259642
12985.0	0.259412
12990.0	0.259183
12995.0	0.25895300000000004
13000.0	0.25872399999999995
13005.0	0.258495
13010.0	0.258267
13015.0	0.258038
13020.0	0.25781
13025.0	0.257583
13030.0	0.257355
13035.0	0.257128
13040.0	0.256902
13045.0	0.256675
13050.0	0.256449
13055.0	0.25622399999999995
13060.0	0.255998
13065.0	0.25577300000000003
13070.0	0.255548
13075.0	0.255324
13080.0	0.25509899999999996
13085.0	0.254875
13090.0	0.254652
13095.0	0.25442800000000004
13100.0	0.254205
13105.0	0.253983
13110.0	0.25376
13115.0	0.253538
13120.0	0.253316
13125.0	0.25309499999999996
13130.0	0.252874
13135.0	0.252653
13140.0	0.252432
13145.0	0.252212
13150.0	0.251992
13155.0	0.251772
13160.0	0.251553
13165.0	0.251334
13170.0	0.25111500000000003
13175.0	0.250896
13180.0	0.250678
13185.0	0.25046
13190.0	0.250242
13195.0	0.250025
13200.0	0.249808
13205.0	0.24959099999999998
13210.0	0.249375
13215.0	0.24915900000000002
13220.0	0.24894299999999997
13225.0	0.248727
13230.0	0.24851199999999998
13235.0	0.248297
13240.0	0.24808200000000002
13245.0	0.24786799999999998
13250.0	0.24765399999999999
13255.0	0.24744000000000002
13260.0	0.24722600000000003
13265.0	0.247013
13270.0	0.2468
13275.0	0.246587
13280.0	0.246375
13285.0	0.24616300000000002
13290.0	0.24595100000000003
13295.0	0.24574000000000001
13300.0	0.24552800000000002
13305.0	0.24531799999999998
13310.0	0.24510700000000002
13315.0	0.244896
13320.0	0.24468600000000001
13325.0	0.244477
13330.0	0.244267
13335.0	0.244058
13340.0	0.24384899999999998
13345.0	0.24364
13350.0	0.243432
13355.0	0.24322399999999997
13360.0	0.24301599999999998
13365.0	0.242808
13370.0	0.242601
13375.0	0.242394
13380.0	0.24218699999999999
13385.0	0.241981
13390.0	0.241775
13395.0	0.241569
13400.0	0.24136300000000002
13405.0	0.24115799999999998
13410.0	0.24095300000000003
13415.0	0.240748
13420.0	0.240544
13425.0	0.24034
13430.0	0.24013600000000002
13435.0	0.239932
13440.0	0.239729
13445.0	0.23952600000000002
13450.0	0.239323
13455.0	0.23911999999999997
13460.0	0.238918
13465.0	0.23871599999999998
13470.0	0.23851399999999998
13475.0	0.238313
13480.0	0.238112
13485.0	0.237911
13490.0	0.23771
13495.0	0.23751
13500.0	0.23731
13505.0	0.23711
13510.0	0.23690999999999998
13515.0	0.236711
13520.0	0.236512
13525.0	0.23631300000000002
13530.0	0.23611500000000002
13535.0	0.23591700000000002
13540.0	0.235719
13545.0	0.235521
13550.0	0.23532399999999998
13555.0	0.23512600000000003
13560.0	0.234929
13565.0	0.234733
13570.0	0.234537
13575.0	0.23434000000000002
13580.0	0.234145
13585.0	0.233949
13590.0	0.233754
13595.0	0.23355900000000002
13600.0	0.233364
13605.0	0.23316900000000002
13610.0	0.232975
13615.0	0.232781
13620.0	0.23258800000000002
13625.0	0.23239400000000002
13630.0	0.23220100000000002
13635.0	0.232008
13640.0	0.23181500000000002
13645.0	0.231623
13650.0	0.231431
13655.0	0.231239
13660.0	0.23104699999999997
13665.0	0.230856
13670.0	0.230665
13675.0	0.23047399999999998
13680.0	0.230283
13685.0	0.230093
13690.0	0.22990300000000002
13695.0	0.229713
13700.0	0.229523
13705.0	0.229334
13710.0	0.229145
13715.0	0.228956
13720.0	0.228767
13725.0	0.228579
13730.0	0.22839099999999998
13735.0	0.22820300000000002
13740.0	0.228015
13745.0	0.22782800000000003
13750.0	0.22764099999999998
13755.0	0.227454
13760.0	0.22726799999999997
13765.0	0.227081
13770.0	0.22689499999999999
13775.0	0.22670900000000002
13780.0	0.22652399999999998
13785.0	0.226338
13790.0	0.22615300000000002
13795.0	0.22596799999999997
13800.0	0.225784
13805.0	0.22559899999999997
13810.0	0.225415
13815.0	0.225231
13820.0	0.225048
13825.0	0.22486399999999998
13830.0	0.224681
13835.0	0.224498
13840.0	0.224316
13845.0	0.224133
13850.0	0.223951
13855.0	0.223769
13860.0	0.223588
13865.0	0.223406
13870.0	0.223225
13875.0	0.223044
13880.0	0.222863
13885.0	0.222683
13890.0	0.222503
13895.0	0.222323
13900.0	0.22214299999999998
13905.0	0.22196300000000002
13910.0	0.221784
13915.0	0.22160500000000002
13920.0	0.221426
13925.0	0.221248
13930.0	0.22106900000000002
13935.0	0.22089099999999998
13940.0	0.22071300000000002
13945.0	0.220536
13950.0	0.220358
13955.0	0.220181
13960.0	0.220004
13965.0	0.219827
13970.0	0.219651
13975.0	0.219475
13980.0	0.21929899999999997
13985.0	0.219123
13990.0	0.21894699999999997
13995.0	0.21877199999999997
14000.0	0.21859699999999999
14005.0	0.21842199999999998
14010.0	0.21824699999999997
14015.0	0.218073
14020.0	0.21789899999999998
14025.0	0.217725
14030.0	0.21755100000000002
14035.0	0.21737800000000002
14040.0	0.217204
14045.0	0.217031
14050.0	0.21685900000000002
14055.0	0.21668600000000002
14060.0	0.21651399999999998
14065.0	0.21634099999999998
14070.0	0.21616999999999997
14075.0	0.215998
14080.0	0.21582600000000002
14085.0	0.215655
14090.0	0.215484
14095.0	0.215313
14100.0	0.21514299999999997
14105.0	0.21497199999999997
14110.0	0.214802
14115.0	0.21463200000000002
14120.0	0.21446300000000001
14125.0	0.21429299999999998
14130.0	0.21412399999999998
14135.0	0.213955
14140.0	0.213786
14145.0	0.213617
14150.0	0.21344899999999997
14155.0	0.213281
14160.0	0.21311300000000002
14165.0	0.212945
14170.0	0.21277800000000002
14175.0	0.21261
14180.0	0.212443
14185.0	0.212277
14190.0	0.21211
14195.0	0.211943
14200.0	0.211777
14205.0	0.21161100000000002
14210.0	0.211445
14215.0	0.21128000000000002
14220.0	0.211114
14225.0	0.21094899999999997
14230.0	0.21078400000000003
14235.0	0.21061999999999997
14240.0	0.21045500000000003
14245.0	0.21029099999999998
14250.0	0.210127
14255.0	0.209963
14260.0	0.20979899999999999
14265.0	0.20963600000000002
14270.0	0.209472
14275.0	0.20930900000000002
14280.0	0.209146
14285.0	0.208984
14290.0	0.208821
14295.0	0.208659
14300.0	0.208497
14305.0	0.202403
14310.0	0.20269500000000001
14315.0	0.20466900000000002
14320.0	0.207502
14325.0	0.210042
14330.0	0.21131
14335.0	0.211052
14340.0	0.209802
14345.0	0.208406
14350.0	0.207589
14355.0	0.20781599999999997
14360.0	0.209101
14365.0	0.21081999999999998
14370.0	0.211977
14375.0	0.211736
14380.0	0.20991500000000002
14385.0	0.2071
14390.0	0.204237
14395.0	0.202172
14400.0	0.201434
14405.0	0.20205399999999998
14410.0	0.203493
14415.0	0.20486300000000002
14420.0	0.205362
14425.0	0.204688
14430.0	0.20318
14435.0	0.2015
14440.0	0.200505
14445.0	0.200746
14450.0	0.20218599999999998
14455.0	0.20414300000000002
14460.0	0.205659
14465.0	0.205954
14470.0	0.204913
14475.0	0.203032
14480.0	0.20086199999999999
14485.0	0.198757
14490.0	0.196965
14495.0	0.195747
14500.0	0.188584
14505.0	0.189936
14510.0	0.19283699999999998
14515.0	0.196578
14520.0	0.20060899999999998
14525.0	0.204664
14530.0	0.208535
14535.0	0.211746
14540.0	0.21350300000000003
14545.0	0.21306
14550.0	0.21007199999999998
14555.0	0.205996
14560.0	0.202217
14565.0	0.20027999999999999
14570.0	0.200823
14575.0	0.203321
14580.0	0.206418
14585.0	0.20848899999999998
14590.0	0.208263
14595.0	0.205454
14600.0	0.201046
14605.0	0.196902
14610.0	0.194823
14615.0	0.19559100000000001
14620.0	0.198525
14625.0	0.201817
14630.0	0.20341800000000002
14635.0	0.202003
14640.0	0.197625
14645.0	0.191831
14650.0	0.187032
14655.0	0.18535
14660.0	0.1876
14665.0	0.193477
14670.0	0.200023
14675.0	0.205211
14680.0	0.207331
14685.0	0.206019
14690.0	0.20217000000000002
14695.0	0.197552
14700.0	0.194142
14705.0	0.19327
14710.0	0.194943
14715.0	0.197925
14720.0	0.200552
14725.0	0.201706
14730.0	0.20135699999999998
14735.0	0.200348
14740.0	0.19975
14745.0	0.200258
14750.0	0.20186700000000002
14755.0	0.203828
14760.0	0.204981
14765.0	0.204394
14770.0	0.201956
14775.0	0.19843
14780.0	0.19539700000000002
14785.0	0.194071
14790.0	0.195179
14795.0	0.198384
14800.0	0.202406
14805.0	0.205479
14810.0	0.20611500000000002
14815.0	0.203795
14820.0	0.199204
14825.0	0.193894
14830.0	0.189469
14835.0	0.186657
14840.0	0.185629
14845.0	0.186166
14850.0	0.18723499999999998
14855.0	0.18733699999999998
14860.0	0.186774
14865.0	0.18595
14870.0	0.185105
14875.0	0.185345
14880.0	0.187395
14885.0	0.191301
14890.0	0.19675299999999998
14895.0	0.202715
14900.0	0.20608600000000002
14905.0	0.206812
14910.0	0.20711500000000002
14915.0	0.20611
14920.0	0.204296
14925.0	0.202156
14930.0	0.20009000000000002
14935.0	0.198273
14940.0	0.196656
14945.0	0.195035
14950.0	0.193185
14955.0	0.19096
14960.0	0.188353
14965.0	0.185543
14970.0	0.182874
14975.0	0.180799
14980.0	0.179733
14985.0	0.17986400000000002
14990.0	0.182227
14995.0	0.186197
15000.0	0.18893900000000002
15005.0	0.18970399999999998
15010.0	0.187384
15015.0	0.18205
15020.0	0.174002
15025.0	0.16576400000000002
15030.0	0.159028
15035.0	0.15551099999999998
15040.0	0.15602
15045.0	0.160234
15050.0	0.166702
15055.0	0.173677
15060.0	0.179277
15065.0	0.182008
15070.0	0.183366
15075.0	0.18399000000000001
15080.0	0.184477
15085.0	0.185202
15090.0	0.186406
15095.0	0.188021
15100.0	0.189676
15105.0	0.19083699999999998
15110.0	0.191023
15115.0	0.190019
15120.0	0.187979
15125.0	0.18540299999999998
15130.0	0.183044
15135.0	0.181527
15140.0	0.18154700000000001
15145.0	0.1833
15150.0	0.18616300000000002
15155.0	0.18956199999999998
15160.0	0.19256600000000001
15165.0	0.19436900000000001
15170.0	0.194453
15175.0	0.192722
15180.0	0.18949100000000002
15185.0	0.185385
15190.0	0.181174
15195.0	0.177576
15200.0	0.175099
15205.0	0.173948
15210.0	0.17404
15215.0	0.17508900000000002
15220.0	0.176731
15225.0	0.17863900000000002
15230.0	0.180608
15235.0	0.182566
15240.0	0.184526
15245.0	0.18648
15250.0	0.188328
15255.0	0.189805
15260.0	0.190682
15265.0	0.190456
15270.0	0.188893
15275.0	0.186154
15280.0	0.182419
15285.0	0.178312
15290.0	0.17464100000000002
15295.0	0.172237
15300.0	0.171692
15305.0	0.17317000000000002
15310.0	0.176341
15315.0	0.180472
15320.0	0.184612
15325.0	0.187838
15330.0	0.189466
15335.0	0.189243
15340.0	0.187425
15345.0	0.18471300000000002
15350.0	0.182032
15355.0	0.18023
15360.0	0.179805
15365.0	0.180781
15370.0	0.182753
15375.0	0.185047
15380.0	0.186951
15385.0	0.18794
15390.0	0.187887
15395.0	0.186717
15400.0	0.185273
15405.0	0.184052
15410.0	0.183601
15415.0	0.184105
15420.0	0.185378
15425.0	0.186906
15430.0	0.188013
15435.0	0.188072
15440.0	0.186722
15445.0	0.184016
15450.0	0.18043599999999999
15455.0	0.176755
15460.0	0.173769
15465.0	0.172034
15470.0	0.171708
15475.0	0.172522
15480.0	0.1739
15485.0	0.175157
15490.0	0.17571099999999998
15495.0	0.175258
15500.0	0.173873
15505.0	0.171978
15510.0	0.170211
15515.0	0.16908499999999999
15520.0	0.169031
15525.0	0.169964
15530.0	0.17106500000000002
15535.0	0.172352
15540.0	0.173453
15545.0	0.17411300000000002
15550.0	0.174076
15555.0	0.172923
15560.0	0.17133900000000002
15565.0	0.17014200000000002
15570.0	0.16952899999999999
15575.0	0.16995
15580.0	0.171425
15585.0	0.173086
15590.0	0.174318
15595.0	0.17453
15600.0	0.173583
15605.0	0.171536
15610.0	0.168963
15615.0	0.166597
15620.0	0.164921
15625.0	0.164143
15630.0	0.16417
15635.0	0.164675
15640.0	0.165202
15645.0	0.165501
15650.0	0.165447
15655.0	0.165352
15660.0	0.165732
15665.0	0.164705
15670.0	0.163656
15675.0	0.162725
15680.0	0.16197
15685.0	0.16129000000000002
15690.0	0.160419
15695.0	0.159268
15700.0	0.158313
15705.0	0.158225
15710.0	0.159202
15715.0	0.16089900000000001
15720.0	0.163096
15725.0	0.16485999999999998
15730.0	0.165322
15735.0	0.16458
15740.0	0.162625
15745.0	0.15879100000000002
15750.0	0.156496
15755.0	0.156203
15760.0	0.15778499999999998
15765.0	0.15448
15770.0	0.149909
15775.0	0.15454
15780.0	0.160324
15785.0	0.16232
15790.0	0.16376
15795.0	0.163858
15800.0	0.162661
15805.0	0.162055
15810.0	0.161173
15815.0	0.159605
15820.0	0.159146
15825.0	0.157699
15830.0	0.1601
15835.0	0.162544
15840.0	0.163722
15845.0	0.165075
15850.0	0.165852
15855.0	0.165148
15860.0	0.164049
15865.0	0.16228199999999998
15870.0	0.161537
15875.0	0.160104
15880.0	0.15897
15885.0	0.156968
15890.0	0.15144200000000002
15895.0	0.149099
15900.0	0.154133
15905.0	0.154644
15910.0	0.155863
15915.0	0.156649
15920.0	0.158047
15925.0	0.160452
15930.0	0.161926
15935.0	0.162571
15940.0	0.163452
15945.0	0.163472
15950.0	0.163195
15955.0	0.162225
15960.0	0.159216
15965.0	0.156796
15970.0	0.158135
15975.0	0.160018
15980.0	0.15895
15985.0	0.158549
15990.0	0.160531
15995.0	0.161659
16000.0	0.161222
16005.0	0.160682
16010.0	0.159622
16015.0	0.158343
16020.0	0.158147
16025.0	0.158682
16030.0	0.158919
16035.0	0.158308
16040.0	0.159135
16045.0	0.159642
16050.0	0.16022899999999998
16055.0	0.160581
16060.0	0.159667
16065.0	0.15862300000000001
16070.0	0.15762
16075.0	0.156803
16080.0	0.1555
16085.0	0.153879
16090.0	0.153022
16095.0	0.151695
16100.0	0.150822
16105.0	0.151604
16110.0	0.151496
16115.0	0.15198599999999998
16120.0	0.153579
16125.0	0.15411
16130.0	0.154817
16135.0	0.155805
16140.0	0.15595799999999999
16145.0	0.155724
16150.0	0.156191
16155.0	0.15575
16160.0	0.154104
16165.0	0.153561
16170.0	0.15343099999999998
16175.0	0.15426600000000001
16180.0	0.155682
16185.0	0.155584
16190.0	0.154289
16195.0	0.1539
16200.0	0.153186
16205.0	0.151614
16210.0	0.150253
16215.0	0.14966
16220.0	0.149538
16225.0	0.15041
16230.0	0.152469
16235.0	0.154185
16240.0	0.155526
16245.0	0.156419
16250.0	0.156354
16255.0	0.156025
16260.0	0.15579300000000001
16265.0	0.154908
16270.0	0.15405
16275.0	0.154334
16280.0	0.154006
16285.0	0.15426600000000001
16290.0	0.154541
16295.0	0.15445599999999998
16300.0	0.155355
16305.0	0.155347
16310.0	0.154144
16315.0	0.153879
16320.0	0.152424
16325.0	0.153013
16330.0	0.154071
16335.0	0.154396
16340.0	0.155076
16345.0	0.15606
16350.0	0.156385
16355.0	0.154858
16360.0	0.151894
16365.0	0.149519
16370.0	0.148083
16375.0	0.147706
16380.0	0.14685399999999998
16385.0	0.146503
16390.0	0.148386
16395.0	0.146149
16400.0	0.14916
16405.0	0.150903
16410.0	0.15093499999999999
16415.0	0.149327
16420.0	0.146634
16425.0	0.143707
16430.0	0.14143699999999998
16435.0	0.140492
16440.0	0.14113499999999998
16445.0	0.14314000000000002
16450.0	0.14596099999999998
16455.0	0.148489
16460.0	0.149898
16465.0	0.15019000000000002
16470.0	0.149366
16475.0	0.147558
16480.0	0.145269
16485.0	0.143333
16490.0	0.141878
16495.0	0.14105399999999998
16500.0	0.14104
16505.0	0.141756
16510.0	0.142905
16515.0	0.1441
16520.0	0.144976
16525.0	0.145299
16530.0	0.145004
16535.0	0.144189
16540.0	0.143068
16545.0	0.14189100000000002
16550.0	0.14088399999999998
16555.0	0.140194
16560.0	0.139872
16565.0	0.13989200000000002
16570.0	0.140181
16575.0	0.14066099999999998
16580.0	0.141274
16585.0	0.141983
16590.0	0.142754
16595.0	0.14353
16600.0	0.144201
16605.0	0.144616
16610.0	0.144771
16615.0	0.14432999999999999
16620.0	0.143099
16625.0	0.14122300000000002
16630.0	0.138967
16635.0	0.1368
16640.0	0.135228
16645.0	0.134467
16650.0	0.134742
16655.0	0.135971
16660.0	0.13785999999999998
16665.0	0.139965
16670.0	0.141799
16675.0	0.142978
16680.0	0.143284
16685.0	0.14287
16690.0	0.142092
16695.0	0.141033
16700.0	0.13991800000000001
16705.0	0.139648
16710.0	0.140246
16715.0	0.14144600000000002
16720.0	0.142779
16725.0	0.143673
16730.0	0.14363099999999998
16735.0	0.14239100000000002
16740.0	0.140011
16745.0	0.13693
16750.0	0.133792
16755.0	0.130893
16760.0	0.130119
16765.0	0.131483
16770.0	0.13433399999999998
16775.0	0.138076
16780.0	0.142122
16785.0	0.14546099999999998
16790.0	0.14677300000000001
16795.0	0.146621
16800.0	0.144878
16805.0	0.14195
16810.0	0.13852899999999999
16815.0	0.135353
16820.0	0.13306500000000002
16825.0	0.13206800000000002
16830.0	0.132407
16835.0	0.133623
16840.0	0.134962
16845.0	0.13613
16850.0	0.136969
16855.0	0.137227
16860.0	0.136722
16865.0	0.13558800000000001
16870.0	0.134169
16875.0	0.13271
16880.0	0.131369
16885.0	0.130365
16890.0	0.129833
16895.0	0.129801
16900.0	0.130191
16905.0	0.130854
16910.0	0.131615
16915.0	0.132319
16920.0	0.132857
16925.0	0.133171
16930.0	0.133286
16935.0	0.133156
16940.0	0.132845
16945.0	0.132448
16950.0	0.131994
16955.0	0.131557
16960.0	0.13121
16965.0	0.13103499999999998
16970.0	0.131113
16975.0	0.13151600000000002
16980.0	0.132279
16985.0	0.133381
16990.0	0.134725
16995.0	0.13613699999999998
17000.0	0.13738699999999998
17005.0	0.138236
17010.0	0.138493
17015.0	0.138068
17020.0	0.136994
17025.0	0.135419
17030.0	0.133569
17035.0	0.131699
17040.0	0.13003199999999998
17045.0	0.128718
17050.0	0.127816
17055.0	0.127299
17060.0	0.127075
17065.0	0.127025
17070.0	0.127032
17075.0	0.127019
17080.0	0.126971
17085.0	0.126903
17090.0	0.126915
17095.0	0.127106
17100.0	0.127492
17105.0	0.128102
17110.0	0.128874
17115.0	0.129693
17120.0	0.130412
17125.0	0.13089800000000001
17130.0	0.13108
17135.0	0.130959
17140.0	0.130606
17145.0	0.130155
17150.0	0.12975699999999998
17155.0	0.129526
17160.0	0.129512
17165.0	0.129684
17170.0	0.12994
17175.0	0.130132
17180.0	0.130108
17185.0	0.12975
17190.0	0.12901600000000002
17195.0	0.12795499999999999
17200.0	0.12670599999999999
17205.0	0.125467
17210.0	0.12444000000000001
17215.0	0.123768
17220.0	0.12351600000000001
17225.0	0.123652
17230.0	0.124054
17235.0	0.12454200000000001
17240.0	0.124928
17245.0	0.125128
17250.0	0.12498699999999999
17255.0	0.124553
17260.0	0.124029
17265.0	0.123608
17270.0	0.12353499999999999
17275.0	0.123322
17280.0	0.12334500000000001
17285.0	0.12394300000000001
17290.0	0.124982
17295.0	0.12627
17300.0	0.127419
17305.0	0.12793800000000002
17310.0	0.127619
17315.0	0.126413
17320.0	0.124372
17325.0	0.12177
17330.0	0.119126
17335.0	0.116975
17340.0	0.115639
17345.0	0.11529400000000001
17350.0	0.11595899999999999
17355.0	0.117442
17360.0	0.1194
17365.0	0.12141400000000001
17370.0	0.12308499999999999
17375.0	0.12409500000000001
17380.0	0.124366
17385.0	0.12406099999999999
17390.0	0.12330999999999999
17395.0	0.122326
17400.0	0.121491
17405.0	0.120896
17410.0	0.12047100000000001
17415.0	0.120351
17420.0	0.12045299999999999
17425.0	0.12075999999999999
17430.0	0.121099
17435.0	0.121446
17440.0	0.12194400000000001
17445.0	0.122503
17450.0	0.123055
17455.0	0.123527
17460.0	0.123848
17465.0	0.123956
17470.0	0.12381700000000001
17475.0	0.12343499999999999
17480.0	0.12286199999999999
17485.0	0.12219200000000001
17490.0	0.12154000000000001
17495.0	0.121023
17500.0	0.12073199999999999
17505.0	0.120723
17510.0	0.12099700000000001
17515.0	0.121493
17520.0	0.122097
17525.0	0.122656
17530.0	0.12301
17535.0	0.123022
17540.0	0.122616
17545.0	0.121794
17550.0	0.12063900000000001
17555.0	0.119299
17560.0	0.117951
17565.0	0.11678599999999999
17570.0	0.115889
17575.0	0.115336
17580.0	0.11523499999999999
17585.0	0.11536400000000001
17590.0	0.11561500000000001
17595.0	0.115873
17600.0	0.11599100000000001
17605.0	0.11588499999999999
17610.0	0.11552799999999999
17615.0	0.114951
17620.0	0.11424300000000001
17625.0	0.11352000000000001
17630.0	0.112909
17635.0	0.11251199999999999
17640.0	0.112391
17645.0	0.11255
17650.0	0.11294100000000001
17655.0	0.113476
17660.0	0.114051
17665.0	0.114569
17670.0	0.11495799999999999
17675.0	0.11517999999999999
17680.0	0.11523399999999999
17685.0	0.11514400000000001
17690.0	0.114952
17695.0	0.114699
17700.0	0.114423
17705.0	0.11414500000000001
17710.0	0.113872
17715.0	0.113599
17720.0	0.11331600000000001
17725.0	0.11301900000000001
17730.0	0.11271400000000001
17735.0	0.112418
17740.0	0.112143
17745.0	0.11193399999999999
17750.0	0.111819
17755.0	0.11178199999999999
17760.0	0.111831
17765.0	0.111955
17770.0	0.11213699999999999
17775.0	0.11236900000000001
17780.0	0.112651
17785.0	0.112997
17790.0	0.11343299999999999
17795.0	0.11398499999999999
17800.0	0.114672
17805.0	0.11549300000000001
17810.0	0.116417
17815.0	0.117371
17820.0	0.118245
17825.0	0.11890799999999999
17830.0	0.11922200000000001
17835.0	0.119084
17840.0	0.118453
17845.0	0.11736600000000001
17850.0	0.11594000000000002
17855.0	0.114351
17860.0	0.1128
17865.0	0.11146800000000001
17870.0	0.11048399999999998
17875.0	0.109902
17880.0	0.10968900000000001
17885.0	0.10974300000000001
17890.0	0.10991500000000001
17895.0	0.110044
17900.0	0.10998699999999999
17905.0	0.10964600000000001
17910.0	0.10902
17915.0	0.10816500000000001
17920.0	0.107178
17925.0	0.10628199999999999
17930.0	0.105647
17935.0	0.105394
17940.0	0.10556700000000001
17945.0	0.106093
17950.0	0.106991
17955.0	0.10754200000000001
17960.0	0.107384
17965.0	0.107313
17970.0	0.107253
17975.0	0.10716400000000001
17980.0	0.107089
17985.0	0.107031
17990.0	0.10701
17995.0	0.10704100000000001
18000.0	0.107129
18005.0	0.10727
18010.0	0.10744000000000001
18015.0	0.107609
18020.0	0.10774500000000001
18025.0	0.10782699999999999
18030.0	0.10784300000000001
18035.0	0.107794
18040.0	0.107688
18045.0	0.10753399999999999
18050.0	0.107347
18055.0	0.107136
18060.0	0.10691500000000001
18065.0	0.10669200000000001
18070.0	0.106476
18075.0	0.106273
18080.0	0.10608499999999998
18085.0	0.10591099999999999
18090.0	0.105755
18095.0	0.105624
18100.0	0.10551600000000001
18105.0	0.10544100000000001
18110.0	0.10540799999999999
18115.0	0.105426
18120.0	0.105499
18125.0	0.105618
18130.0	0.10575999999999999
18135.0	0.105887
18140.0	0.105959
18145.0	0.10595399999999999
18150.0	0.105868
18155.0	0.105717
18160.0	0.105528
18165.0	0.105325
18170.0	0.10513199999999999
18175.0	0.104967
18180.0	0.10484700000000001
18185.0	0.10478499999999999
18190.0	0.10478299999999999
18195.0	0.104825
18200.0	0.104867
18205.0	0.10484600000000001
18210.0	0.104717
18215.0	0.104474
18220.0	0.104157
18225.0	0.10381099999999999
18230.0	0.103475
18235.0	0.10316900000000001
18240.0	0.102905
18245.0	0.10268900000000002
18250.0	0.102527
18255.0	0.102425
18260.0	0.102391
18265.0	0.10241900000000001
18270.0	0.10250999999999999
18275.0	0.10264200000000001
18280.0	0.102751
18285.0	0.102802
18290.0	0.102778
18295.0	0.102692
18300.0	0.102576
18305.0	0.10246400000000001
18310.0	0.102385
18315.0	0.102354
18320.0	0.102381
18325.0	0.102461
18330.0	0.10257899999999999
18335.0	0.10270499999999999
18340.0	0.102789
18345.0	0.102778
18350.0	0.10263
18355.0	0.10233300000000001
18360.0	0.10191900000000001
18365.0	0.101452
18370.0	0.101009
18375.0	0.10066599999999999
18380.0	0.100492
18385.0	0.10054400000000001
18390.0	0.100845
18395.0	0.101354
18400.0	0.101931
18405.0	0.102373
18410.0	0.102524
18415.0	0.102342
18420.0	0.101906
18425.0	0.10133099999999999
18430.0	0.100711
18435.0	0.10011
18440.0	0.09957
18445.0	0.099093
18450.0	0.098715
18455.0	0.09852999999999999
18460.0	0.09855499999999999
18465.0	0.098874
18470.0	0.09959900000000001
18475.0	0.100726
18480.0	0.102006
18485.0	0.103027
18490.0	0.103425
18495.0	0.10320399999999999
18500.0	0.102594
18505.0	0.10184800000000001
18510.0	0.101117
18515.0	0.100471
18520.0	0.09994
18525.0	0.09954
18530.0	0.099289
18535.0	0.099209
18540.0	0.099316
18545.0	0.099609
18550.0	0.10004199999999999
18555.0	0.10051399999999999
18560.0	0.100905
18565.0	0.101109
18570.0	0.101086
18575.0	0.100857
18580.0	0.100476
18585.0	0.100005
18590.0	0.0995
18595.0	0.099008
18600.0	0.09857
18605.0	0.098222
18610.0	0.097985
18615.0	0.097857
18620.0	0.097813
18625.0	0.09780599999999999
18630.0	0.097801
18635.0	0.09776900000000001
18640.0	0.097674
18645.0	0.097526
18650.0	0.097336
18655.0	0.09710099999999999
18660.0	0.096827
18665.0	0.096525
18670.0	0.096218
18675.0	0.09595
18680.0	0.095812
18685.0	0.095962
18690.0	0.096583
18695.0	0.097759
18700.0	0.09928200000000001
18705.0	0.10076900000000001
18710.0	0.101888
18715.0	0.102611
18720.0	0.10306099999999999
18725.0	0.10339100000000001
18730.0	0.103684
18735.0	0.103951
18740.0	0.104101
18745.0	0.10393800000000002
18750.0	0.10323800000000001
18755.0	0.101979
18760.0	0.10041
18765.0	0.09891599999999999
18770.0	0.097728
18775.0	0.09689099999999999
18780.0	0.096328
18785.0	0.095957
18790.0	0.095713
18795.0	0.09555599999999999
18800.0	0.095464
18805.0	0.095425
18810.0	0.09543099999999999
18815.0	0.095473
18820.0	0.095545
18825.0	0.095605
18830.0	0.095576
18835.0	0.09543
18840.0	0.095163
18845.0	0.09479299999999999
18850.0	0.09438300000000001
18855.0	0.093984
18860.0	0.093624
18865.0	0.093316
18870.0	0.093064
18875.0	0.092876
18880.0	0.092763
18885.0	0.092752
18890.0	0.092877
18895.0	0.093177
18900.0	0.093675
18905.0	0.094317
18910.0	0.09496399999999999
18915.0	0.095413
18920.0	0.095542
18925.0	0.095353
18930.0	0.094955
18935.0	0.094462
18940.0	0.093957
18945.0	0.09348200000000001
18950.0	0.093058
18955.0	0.092701
18960.0	0.092424
18965.0	0.092248
18970.0	0.092199
18975.0	0.092301
18980.0	0.092559
18985.0	0.092923
18990.0	0.093285
18995.0	0.093513
19000.0	0.093523
19005.0	0.093319
19010.0	0.092963
19015.0	0.092527
19020.0	0.092083
19025.0	0.091684
19030.0	0.09135900000000001
19035.0	0.09114900000000001
19040.0	0.09109400000000001
19045.0	0.09121699999999999
19050.0	0.09149600000000001
19055.0	0.091849
19060.0	0.09215599999999999
19065.0	0.092316
19070.0	0.092296
19075.0	0.09212200000000001
19080.0	0.09185
19085.0	0.091529
19090.0	0.091197
19095.0	0.090879
19100.0	0.090598
19105.0	0.090373
19110.0	0.090232
19115.0	0.090205
19120.0	0.090313
19125.0	0.09055099999999999
19130.0	0.090847
19135.0	0.09109099999999999
19140.0	0.091177
19145.0	0.091083
19150.0	0.090852
19155.0	0.090559
19160.0	0.090267
19165.0	0.090017
19170.0	0.089835
19175.0	0.089741
19180.0	0.089751
19185.0	0.089878
19190.0	0.090128
19195.0	0.09048400000000001
19200.0	0.09089
19205.0	0.091227
19210.0	0.091413
19215.0	0.09136699999999999
19220.0	0.091001
19225.0	0.090463
19230.0	0.089923
19235.0	0.089425
19240.0	0.089014
19245.0	0.08872200000000001
19250.0	0.08855700000000001
19255.0	0.088521
19260.0	0.088613
19265.0	0.088822
19270.0	0.089119
19275.0	0.089447
19280.0	0.08972000000000001
19285.0	0.089836
19290.0	0.089723
19295.0	0.089365
19300.0	0.08882899999999999
19305.0	0.08821699999999999
19310.0	0.087634
19315.0	0.087148
19320.0	0.0868
19325.0	0.086603
19330.0	0.08655299999999999
19335.0	0.086639
19340.0	0.086838
19345.0	0.087117
19350.0	0.08743300000000001
19355.0	0.08772999999999999
19360.0	0.087947
19365.0	0.088033
19370.0	0.08795800000000001
19375.0	0.087733
19380.0	0.0874
19385.0	0.08702599999999999
19390.0	0.086686
19395.0	0.08644199999999999
19400.0	0.086341
19405.0	0.086409
19410.0	0.086637
19415.0	0.086993
19420.0	0.08745
19425.0	0.087935
19430.0	0.08834199999999999
19435.0	0.088591
19440.0	0.088621
19445.0	0.088388
19450.0	0.087902
19455.0	0.087207
19460.0	0.086379
19465.0	0.085508
19470.0	0.08467999999999999
19475.0	0.083972
19480.0	0.083437
19485.0	0.083108
19490.0	0.082995
19495.0	0.083084
19500.0	0.083348
19505.0	0.083741
19510.0	0.084213
19515.0	0.084708
19520.0	0.085176
19525.0	0.085573
19530.0	0.085869
19535.0	0.086047
19540.0	0.086107
19545.0	0.086064
19550.0	0.08594600000000001
19555.0	0.085789
19560.0	0.08563
19565.0	0.085495
19570.0	0.08539400000000001
19575.0	0.08532100000000001
19580.0	0.085258
19585.0	0.085186
19590.0	0.085088
19595.0	0.084959
19600.0	0.084798
19605.0	0.084611
19610.0	0.084409
19615.0	0.084204
19620.0	0.08400099999999999
19625.0	0.083826
19630.0	0.083694
19635.0	0.0836
19640.0	0.08354400000000001
19645.0	0.083525
19650.0	0.083524
19655.0	0.08352000000000001
19660.0	0.083497
19665.0	0.08344299999999999
19670.0	0.083357
19675.0	0.083244
19680.0	0.083116
19685.0	0.082986
19690.0	0.082865
19695.0	0.082762
19700.0	0.082679
19705.0	0.082612
19710.0	0.082553
19715.0	0.082485
19720.0	0.08239099999999999
19725.0	0.082255
19730.0	0.082066
19735.0	0.081823
19740.0	0.081535
19745.0	0.08122
19750.0	0.080899
19755.0	0.080597
19760.0	0.08033799999999999
19765.0	0.08014099999999999
19770.0	0.080022
19775.0	0.079987
19780.0	0.080039
19785.0	0.080165
19790.0	0.080347
19795.0	0.080553
19800.0	0.080747
19805.0	0.08089
19810.0	0.080954
19815.0	0.08091799999999999
19820.0	0.08078300000000001
19825.0	0.080562
19830.0	0.08028300000000001
19835.0	0.079976
19840.0	0.079677
19845.0	0.07941799999999999
19850.0	0.07922799999999999
19855.0	0.079127
19860.0	0.079125
19865.0	0.079223
19870.0	0.079407
19875.0	0.079648
19880.0	0.07990900000000001
19885.0	0.080144
19890.0	0.080315
19895.0	0.08039
19900.0	0.080355
19905.0	0.080212
19910.0	0.079976
19915.0	0.079676
19920.0	0.079341
19925.0	0.07900499999999999
19930.0	0.078695
19935.0	0.078437
19940.0	0.078248
19945.0	0.078137
19950.0	0.078105
19955.0	0.078144
19960.0	0.078237
19965.0	0.078364
19970.0	0.078502
19975.0	0.078628
19980.0	0.078725
19985.0	0.078783
19990.0	0.078796
19995.0	0.078769
20000.0	0.078712
20005.0	0.07864299999999999
20010.0	0.078582
20015.0	0.078552
20020.0	0.078573
20025.0	0.078651
20030.0	0.078774
20035.0	0.078898
20040.0	0.07899099999999999
20045.0	0.079024
20050.0	0.078957
20055.0	0.078793
20060.0	0.078592
20065.0	0.07837999999999999
20070.0	0.078165
20075.0	0.077968
20080.0	0.077802
20085.0	0.077675
20090.0	0.077592
20095.0	0.077555
20100.0	0.077563
20105.0	0.077609
20110.0	0.077683
20115.0	0.07776799999999999
20120.0	0.077846
20125.0	0.077896
20130.0	0.077904
20135.0	0.077861
20140.0	0.07777200000000001
20145.0	0.077651
20150.0	0.077517
20155.0	0.077387
20160.0	0.077277
20165.0	0.077192
20170.0	0.07713099999999999
20175.0	0.077089
20180.0	0.077052
20185.0	0.07700599999999999
20190.0	0.076939
20195.0	0.076839
20200.0	0.076704
20205.0	0.076534
20210.0	0.076339
20215.0	0.07612999999999999
20220.0	0.075923
20225.0	0.07572999999999999
20230.0	0.075563
20235.0	0.075429
20240.0	0.075329
20245.0	0.075262
20250.0	0.075224
20255.0	0.07520299999999999
20260.0	0.075192
20265.0	0.075178
20270.0	0.075141
20275.0	0.075072
20280.0	0.074975
20285.0	0.07485
20290.0	0.0747
20295.0	0.074538
20300.0	0.074379
20305.0	0.074238
20310.0	0.074127
20315.0	0.074059
20320.0	0.074039
20325.0	0.07406599999999999
20330.0	0.074137
20335.0	0.074237
20340.0	0.074349
20345.0	0.074448
20350.0	0.074516
20355.0	0.074537
20360.0	0.07449700000000001
20365.0	0.074389
20370.0	0.074215
20375.0	0.07398500000000001
20380.0	0.07371799999999999
20385.0	0.073434
20390.0	0.07316
20395.0	0.07291900000000001
20400.0	0.072732
20405.0	0.072611
20410.0	0.072563
20415.0	0.07258200000000001
20420.0	0.07266
20425.0	0.072779
20430.0	0.072922
20435.0	0.07306599999999999
20440.0	0.07318999999999999
20445.0	0.073273
20450.0	0.07330199999999999
20455.0	0.073271
20460.0	0.073184
20465.0	0.07305
20470.0	0.072879
20475.0	0.07269199999999999
20480.0	0.072509
20485.0	0.07234
20490.0	0.072201
20495.0	0.072132
20500.0	0.072137
20505.0	0.072197
20510.0	0.07231699999999999
20515.0	0.072494
20520.0	0.07270800000000001
20525.0	0.072935
20530.0	0.073148
20535.0	0.073321
20540.0	0.07343
20545.0	0.07345700000000001
20550.0	0.0734
20555.0	0.073264
20560.0	0.07305700000000001
20565.0	0.07280199999999999
20570.0	0.07255700000000001
20575.0	0.072286
20580.0	0.071866
20585.0	0.071396
20590.0	0.071036
20595.0	0.070789
20600.0	0.070646
20605.0	0.070618
20610.0	0.070703
20615.0	0.070893
20620.0	0.07117799999999999
20625.0	0.071543
20630.0	0.071974
20635.0	0.07245
20640.0	0.072947
20645.0	0.073435
20650.0	0.073885
20655.0	0.074263
20660.0	0.074543
20665.0	0.0747
20670.0	0.07471900000000001
20675.0	0.07459500000000001
20680.0	0.074334
20685.0	0.073951
20690.0	0.07347000000000001
20695.0	0.07292
20700.0	0.07233200000000001
20705.0	0.071742
20710.0	0.071174
20715.0	0.070638
20720.0	0.070153
20725.0	0.069745
20730.0	0.06939400000000001
20735.0	0.069069
20740.0	0.068755
20745.0	0.06844
20750.0	0.068101
20755.0	0.067722
20760.0	0.0673
20765.0	0.066837
20770.0	0.066345
20775.0	0.065847
20780.0	0.065368
20785.0	0.064939
20790.0	0.064589
20795.0	0.064348
20800.0	0.064234
20805.0	0.06426
20810.0	0.064427
20815.0	0.064721
20820.0	0.065118
20825.0	0.065579
20830.0	0.066057
20835.0	0.066501
20840.0	0.066863
20845.0	0.067097
20850.0	0.067176
20855.0	0.067085
20860.0	0.066828
20865.0	0.066426
20870.0	0.065914
20875.0	0.065335
20880.0	0.06474099999999999
20885.0	0.064176
20890.0	0.063686
20895.0	0.06329800000000001
20900.0	0.063033
20905.0	0.06289299999999999
20910.0	0.06286699999999999
20915.0	0.062932
20920.0	0.063054
20925.0	0.063198
20930.0	0.06333
20935.0	0.06342
20940.0	0.063449
20945.0	0.06341000000000001
20950.0	0.063314
20955.0	0.063173
20960.0	0.06300599999999999
20965.0	0.062846
20970.0	0.062729
20975.0	0.062677
20980.0	0.062706
20985.0	0.06282599999999999
20990.0	0.063044
20995.0	0.063355
21000.0	0.06371399999999999
21005.0	0.064066
21010.0	0.064372
21015.0	0.064595
21020.0	0.064702
21025.0	0.06466799999999999
21030.0	0.064473
21035.0	0.06411900000000001
21040.0	0.063621
21045.0	0.06303500000000001
21050.0	0.06242
21055.0	0.061824000000000004
21060.0	0.061296
21065.0	0.060887000000000004
21070.0	0.060631
21075.0	0.060551999999999995
21080.0	0.060658000000000004
21085.0	0.060938
21090.0	0.061353
21095.0	0.06185499999999999
21100.0	0.062399
21105.0	0.06294
21110.0	0.063432
21115.0	0.063831
21120.0	0.064093
21125.0	0.064199
21130.0	0.06415
21135.0	0.063974
21140.0	0.0637
21145.0	0.063348
21150.0	0.062949
21155.0	0.062539
21160.0	0.062157000000000004
21165.0	0.061841
21170.0	0.061604
21175.0	0.061453999999999995
21180.0	0.061389
21185.0	0.061398
21190.0	0.06146
21195.0	0.061563
21200.0	0.061690999999999996
21205.0	0.061824000000000004
21210.0	0.061940999999999996
21215.0	0.062037
21220.0	0.062108000000000003
21225.0	0.062153999999999994
21230.0	0.062178
21235.0	0.06218200000000001
21240.0	0.062171000000000004
21245.0	0.062143
21250.0	0.062098
21255.0	0.062028999999999994
21260.0	0.06192999999999999
21265.0	0.061791
21270.0	0.061604
21275.0	0.061363
21280.0	0.061065999999999995
21285.0	0.060716
21290.0	0.060322
21295.0	0.059902
21300.0	0.059475
21305.0	0.059067999999999996
21310.0	0.058707
21315.0	0.058421
21320.0	0.05823
21325.0	0.058155
21330.0	0.058203
21335.0	0.058376
21340.0	0.058663
21345.0	0.059046
21350.0	0.059501
21355.0	0.059994000000000006
21360.0	0.060493
21365.0	0.060962999999999996
21370.0	0.061373000000000004
21375.0	0.061697
21380.0	0.06191699999999999
21385.0	0.062025
21390.0	0.062023
21395.0	0.061923
21400.0	0.06174400000000001
21405.0	0.061514
21410.0	0.061259
21415.0	0.06101
21420.0	0.060788
21425.0	0.060611
21430.0	0.060484
21435.0	0.060402
21440.0	0.06035499999999999
21445.0	0.060330999999999996
21450.0	0.060303999999999996
21455.0	0.060247
21460.0	0.060142999999999995
21465.0	0.05998099999999999
21470.0	0.059753999999999995
21475.0	0.059466
21480.0	0.059125
21485.0	0.058751
21490.0	0.058366999999999995
21495.0	0.057997
21500.0	0.05767100000000001
21505.0	0.05741
21510.0	0.057235
21515.0	0.05715599999999999
21520.0	0.057174
21525.0	0.057277999999999996
21530.0	0.057451
21535.0	0.057676
21540.0	0.057928999999999994
21545.0	0.058187
21550.0	0.058414
21555.0	0.058572000000000006
21560.0	0.058641
21565.0	0.058614
21570.0	0.0585
21575.0	0.058312
21580.0	0.058064
21585.0	0.057773000000000005
21590.0	0.057465999999999996
21595.0	0.057187
21600.0	0.057003
21605.0	0.056913
21610.0	0.056808000000000004
21615.0	0.056669000000000004
21620.0	0.056585
21625.0	0.056594000000000005
21630.0	0.056688
21635.0	0.056839999999999995
21640.0	0.057009000000000004
21645.0	0.057165999999999995
21650.0	0.057286000000000004
21655.0	0.057346
21660.0	0.05732999999999999
21665.0	0.057235
21670.0	0.057064
21675.0	0.05683099999999999
21680.0	0.056558000000000004
21685.0	0.056274
21690.0	0.056008
21695.0	0.055787
21700.0	0.05563200000000001
21705.0	0.055555999999999994
21710.0	0.05557
21715.0	0.055672
21720.0	0.055792999999999995
21725.0	0.055873
21730.0	0.056024000000000004
21735.0	0.056344000000000005
21740.0	0.056731
21745.0	0.057076999999999996
21750.0	0.057359
21755.0	0.057558000000000005
21760.0	0.05764400000000001
21765.0	0.057602
21770.0	0.057438
21775.0	0.05717100000000001
21780.0	0.056828
21785.0	0.05644299999999999
21790.0	0.056055999999999995
21795.0	0.055702
21800.0	0.055415
21805.0	0.055217999999999996
21810.0	0.055126999999999995
21815.0	0.055142
21820.0	0.055258
21825.0	0.055452999999999995
21830.0	0.055702999999999996
21835.0	0.055975
21840.0	0.056236
21845.0	0.056455
21850.0	0.056604999999999996
21855.0	0.056665999999999994
21860.0	0.056628
21865.0	0.05649
21870.0	0.056261
21875.0	0.055958
21880.0	0.055605999999999996
21885.0	0.055232
21890.0	0.054866
21895.0	0.054533000000000005
21900.0	0.054255
21905.0	0.054049
21910.0	0.053922000000000005
21915.0	0.053873000000000004
21920.0	0.053892999999999996
21925.0	0.053969
21930.0	0.054077999999999994
21935.0	0.054196
21940.0	0.054284000000000006
21945.0	0.054315999999999996
21950.0	0.054291
21955.0	0.05421
21960.0	0.054067
21965.0	0.053862
21970.0	0.053605999999999994
21975.0	0.053318
21980.0	0.053025
21985.0	0.05275
21990.0	0.05251
21995.0	0.052315999999999994
22000.0	0.052177999999999995
22005.0	0.052098
22010.0	0.052075
22015.0	0.0521
22020.0	0.052162
22025.0	0.05224500000000001
22030.0	0.052334000000000006
22035.0	0.052412
22040.0	0.052461
22045.0	0.052478
22050.0	0.052463
22055.0	0.052414999999999996
22060.0	0.052332000000000004
22065.0	0.052207
22070.0	0.052038
22075.0	0.051847000000000004
22080.0	0.051660000000000005
22085.0	0.051503999999999994
22090.0	0.051401
22095.0	0.051354
22100.0	0.05137100000000001
22105.0	0.05147
22110.0	0.051667
22115.0	0.051962
22120.0	0.052348
22125.0	0.05279400000000001
22130.0	0.053266999999999995
22135.0	0.053734000000000004
22140.0	0.054158000000000005
22145.0	0.054505
22150.0	0.054747000000000004
22155.0	0.054861
22160.0	0.054835
22165.0	0.054666
22170.0	0.054361
22175.0	0.053939
22180.0	0.053425
22185.0	0.05285599999999999
22190.0	0.052262
22195.0	0.051661
22200.0	0.051095999999999996
22205.0	0.05063
22210.0	0.050283999999999995
22215.0	0.050042
22220.0	0.049904000000000004
22225.0	0.049886
22230.0	0.04999
22235.0	0.050198
22240.0	0.050493
22245.0	0.050856
22250.0	0.051265
22255.0	0.051697
22260.0	0.052129999999999996
22265.0	0.052542
22270.0	0.052915
22275.0	0.053235000000000005
22280.0	0.053491
22285.0	0.053676999999999996
22290.0	0.053791
22295.0	0.053834
22300.0	0.053811000000000005
22305.0	0.05372999999999999
22310.0	0.053597000000000006
22315.0	0.053421
22320.0	0.053211
22325.0	0.052972000000000005
22330.0	0.05271
22335.0	0.052428999999999996
22340.0	0.052132000000000005
22345.0	0.051821000000000006
22350.0	0.051498
22355.0	0.051167000000000004
22360.0	0.050831
22365.0	0.050492
22370.0	0.050156
22375.0	0.049829000000000005
22380.0	0.049514999999999997
22385.0	0.04922
22390.0	0.048949
22395.0	0.048706
22400.0	0.048496
22405.0	0.04832
22410.0	0.048179
22415.0	0.048075
22420.0	0.048006
22425.0	0.047969
22430.0	0.047963
22435.0	0.047983
22440.0	0.048027999999999994
22445.0	0.048093000000000004
22450.0	0.048176
22455.0	0.048277999999999995
22460.0	0.048395
22465.0	0.048524
22470.0	0.048668
22475.0	0.048832
22480.0	0.049013
22485.0	0.049203
22490.0	0.049395
22495.0	0.049588
22500.0	0.049773000000000005
22505.0	0.04994
22510.0	0.05008
22515.0	0.050184
22520.0	0.050243
22525.0	0.050251
22530.0	0.050205
22535.0	0.050104
22540.0	0.04995
22545.0	0.049749
22550.0	0.049512
22555.0	0.049250999999999996
22560.0	0.048982
22565.0	0.048721
22570.0	0.048486
22575.0	0.048296
22580.0	0.048167
22585.0	0.048112
22590.0	0.048141
22595.0	0.048257999999999995
22600.0	0.048463
22605.0	0.048747000000000006
22610.0	0.049101
22615.0	0.049503
22620.0	0.049933
22625.0	0.050365
22630.0	0.050772000000000005
22635.0	0.051128
22640.0	0.051409
22645.0	0.05159400000000001
22650.0	0.05167000000000001
22655.0	0.051628
22660.0	0.05146900000000001
22665.0	0.051200999999999997
22670.0	0.050838
22675.0	0.0504
22680.0	0.049914
22685.0	0.049408
22690.0	0.048908999999999994
22695.0	0.048447000000000004
22700.0	0.048045
22705.0	0.047722
22710.0	0.047493
22715.0	0.047362
22720.0	0.047330000000000004
22725.0	0.047387
22730.0	0.047518
22735.0	0.047707
22740.0	0.047935000000000005
22745.0	0.048175
22750.0	0.048395
22755.0	0.048572000000000004
22760.0	0.048698000000000005
22765.0	0.048764999999999996
22770.0	0.048763
22775.0	0.04869
22780.0	0.048552
22785.0	0.048362999999999996
22790.0	0.048138
22795.0	0.047896
22800.0	0.047657
22805.0	0.047439999999999996
22810.0	0.047261000000000004
22815.0	0.047133999999999995
22820.0	0.047067000000000005
22825.0	0.047064
22830.0	0.047118
22835.0	0.047222
22840.0	0.047361
22845.0	0.047516
22850.0	0.047666
22855.0	0.047788
22860.0	0.047863
22865.0	0.047871
22870.0	0.047800999999999996
22875.0	0.047644
22880.0	0.047397
22885.0	0.047067000000000005
22890.0	0.046662999999999996
22895.0	0.046202999999999994
22900.0	0.045708
22905.0	0.045202
22910.0	0.04471
22915.0	0.044258
22920.0	0.043869
22925.0	0.043561
22930.0	0.043352
22935.0	0.04325
22940.0	0.043258
22945.0	0.043371
22950.0	0.043582
22955.0	0.043873
22960.0	0.044224
22965.0	0.044612
22970.0	0.045013
22975.0	0.0454
22980.0	0.045752
22985.0	0.046049
22990.0	0.046277
22995.0	0.046426999999999996
23000.0	0.046498000000000005
23005.0	0.046492
23010.0	0.046422000000000005
23015.0	0.0463
23020.0	0.046142
23025.0	0.045964
23030.0	0.045788999999999996
23035.0	0.045641
23040.0	0.045528
23045.0	0.045452
23050.0	0.045413
23055.0	0.045415
23060.0	0.045453
23065.0	0.045514
23070.0	0.045588
23075.0	0.045658
23080.0	0.045713
23085.0	0.045738
23090.0	0.04572
23095.0	0.045653
23100.0	0.04553
23105.0	0.04535
23110.0	0.045116
23115.0	0.044837
23120.0	0.044524
23125.0	0.044192
23130.0	0.043858999999999995
23135.0	0.043544
23140.0	0.043267
23145.0	0.043046
23150.0	0.042894999999999996
23155.0	0.042827
23160.0	0.042845999999999995
23165.0	0.042956
23170.0	0.043151
23175.0	0.043422
23180.0	0.043755
23185.0	0.044132
23190.0	0.044532999999999996
23195.0	0.044937
23200.0	0.045321
23205.0	0.045665
23210.0	0.045949000000000004
23215.0	0.046159
23220.0	0.04628
23225.0	0.046307
23230.0	0.046235000000000005
23235.0	0.046067000000000004
23240.0	0.045810000000000003
23245.0	0.045477
23250.0	0.045081
23255.0	0.044641
23260.0	0.044176
23265.0	0.043706
23270.0	0.04325
23275.0	0.042825
23280.0	0.042446
23285.0	0.042124
23290.0	0.041867
23295.0	0.041681
23300.0	0.041567
23305.0	0.041523000000000004
23310.0	0.041539
23315.0	0.041604
23320.0	0.041719
23325.0	0.041884
23330.0	0.042081
23335.0	0.042288
23340.0	0.042492
23345.0	0.04269
23350.0	0.042876
23355.0	0.043039999999999995
23360.0	0.043177999999999994
23365.0	0.043286
23370.0	0.043363
23375.0	0.043410000000000004
23380.0	0.043427
23385.0	0.043418
23390.0	0.043387
23395.0	0.043338
23400.0	0.043276999999999996
23405.0	0.043207
23410.0	0.043134
23415.0	0.043061
23420.0	0.04299
23425.0	0.042924000000000004
23430.0	0.042864
23435.0	0.042808
23440.0	0.042755
23445.0	0.042705
23450.0	0.042652999999999996
23455.0	0.042597
23460.0	0.042533999999999995
23465.0	0.042462
23470.0	0.04238
23475.0	0.042285
23480.0	0.042177
23485.0	0.042058
23490.0	0.041929
23495.0	0.041793000000000004
23500.0	0.041652999999999996
23505.0	0.041513
23510.0	0.041378
23515.0	0.041252
23520.0	0.041139999999999996
23525.0	0.041046
23530.0	0.040974000000000003
23535.0	0.040926
23540.0	0.040904
23545.0	0.040909
23550.0	0.040938999999999996
23555.0	0.040993
23560.0	0.041065
23565.0	0.041152
23570.0	0.041248
23575.0	0.041345
23580.0	0.041439
23585.0	0.041524
23590.0	0.041594
23595.0	0.041644
23600.0	0.041672
23605.0	0.041676
23610.0	0.04166
23615.0	0.041622
23620.0	0.041554
23625.0	0.041458999999999996
23630.0	0.041345
23635.0	0.041221
23640.0	0.041087
23645.0	0.040942
23650.0	0.04079
23655.0	0.040633999999999997
23660.0	0.040478
23665.0	0.040322000000000004
23670.0	0.04017
23675.0	0.040025
23680.0	0.039888
23685.0	0.039761000000000005
23690.0	0.039648
23695.0	0.03955
23700.0	0.03947
23705.0	0.039411
23710.0	0.039374
23715.0	0.039363
23720.0	0.03938
23725.0	0.039427
23730.0	0.039508
23735.0	0.039624
23740.0	0.039773
23745.0	0.039957
23750.0	0.040173
23755.0	0.040416
23760.0	0.040683
23765.0	0.040967
23770.0	0.041260000000000005
23775.0	0.041556
23780.0	0.041844
23785.0	0.042113
23790.0	0.042352999999999995
23795.0	0.042553
23800.0	0.042702
23805.0	0.042791
23810.0	0.042812
23815.0	0.04276
23820.0	0.042633
23825.0	0.042432
23830.0	0.042162
23835.0	0.041832
23840.0	0.041454000000000005
23845.0	0.041042
23850.0	0.040612999999999996
23855.0	0.040184
23860.0	0.039774000000000004
23865.0	0.039397
23870.0	0.039069
23875.0	0.0388
23880.0	0.038598
23885.0	0.038468
23890.0	0.03841
23895.0	0.038423
23900.0	0.038498000000000004
23905.0	0.038627
23910.0	0.0388
23915.0	0.039006
23920.0	0.039228
23925.0	0.03945
23930.0	0.039656
23935.0	0.039837
23940.0	0.039983
23945.0	0.040086000000000004
23950.0	0.040139999999999995
23955.0	0.040141
23960.0	0.040093000000000004
23965.0	0.040001
23970.0	0.039871
23975.0	0.039715
23980.0	0.039544
23985.0	0.039369
23990.0	0.039205000000000004
23995.0	0.039060000000000004
24000.0	0.038945999999999995
24005.0	0.038868
24010.0	0.038831
24015.0	0.038836
24020.0	0.038882
24025.0	0.038961
24030.0	0.039068
24035.0	0.039192000000000005
24040.0	0.039323000000000004
24045.0	0.039447
24050.0	0.039553
24055.0	0.039628
24060.0	0.039662
24065.0	0.039647
24070.0	0.039576
24075.0	0.039445999999999995
24080.0	0.039256
24085.0	0.039008999999999995
24090.0	0.03871
24095.0	0.038367
24100.0	0.037991000000000004
24105.0	0.037591
24110.0	0.037181
24115.0	0.036772000000000006
24120.0	0.036378
24125.0	0.036008
24130.0	0.035673
24135.0	0.035383
24140.0	0.035143
24145.0	0.034961
24150.0	0.034838
24155.0	0.034776999999999995
24160.0	0.034777999999999996
24165.0	0.034838
24170.0	0.034953
24175.0	0.035117
24180.0	0.035325
24185.0	0.035567
24190.0	0.035833
24195.0	0.036114999999999994
24200.0	0.036402
24205.0	0.036685
24210.0	0.036953
24215.0	0.037195
24220.0	0.037404
24225.0	0.037583
24230.0	0.037729
24235.0	0.037826
24240.0	0.037857
24245.0	0.037825
24250.0	0.037749
24255.0	0.037638
24260.0	0.037488
24265.0	0.037297000000000004
24270.0	0.037069
24275.0	0.036812
24280.0	0.036534
24285.0	0.036241
24290.0	0.035939
24295.0	0.035638
24300.0	0.035347
24305.0	0.035075
24310.0	0.034831
24315.0	0.034624
24320.0	0.034461
24325.0	0.034351
24330.0	0.034296
24335.0	0.034299
24340.0	0.034357
24345.0	0.034468
24350.0	0.034624
24355.0	0.034814
24360.0	0.035026999999999996
24365.0	0.035251
24370.0	0.035473000000000005
24375.0	0.035679
24380.0	0.035858999999999995
24385.0	0.036001
24390.0	0.036099
24395.0	0.036147000000000006
24400.0	0.036142
24405.0	0.036084
24410.0	0.035977999999999996
24415.0	0.035828
24420.0	0.035642
24425.0	0.035432
24430.0	0.035209
24435.0	0.034987
24440.0	0.034779000000000004
24445.0	0.034598000000000004
24450.0	0.034459
24455.0	0.034372
24460.0	0.034347
24465.0	0.034388
24470.0	0.034497
24475.0	0.034669
24480.0	0.034897000000000004
24485.0	0.035164999999999995
24490.0	0.035457999999999996
24495.0	0.035754
24500.0	0.036034
24505.0	0.036277
24510.0	0.036466000000000005
24515.0	0.036584
24520.0	0.036622
24525.0	0.036572
24530.0	0.036433
24535.0	0.036211
24540.0	0.035913
24545.0	0.035552
24550.0	0.035144
24555.0	0.034710000000000005
24560.0	0.034270999999999996
24565.0	0.033847
24570.0	0.033456
24575.0	0.033115
24580.0	0.032838
24585.0	0.032639
24590.0	0.032527
24595.0	0.032507
24600.0	0.032581
24605.0	0.032746
24610.0	0.032996
24615.0	0.033319999999999995
24620.0	0.033701999999999996
24625.0	0.034126
24630.0	0.03457
24635.0	0.035012
24640.0	0.03543
24645.0	0.035804
24650.0	0.036114
24655.0	0.036345999999999996
24660.0	0.036486000000000005
24665.0	0.036529
24670.0	0.036472000000000004
24675.0	0.036321
24680.0	0.036083
24685.0	0.035769999999999996
24690.0	0.0354
24695.0	0.034991
24700.0	0.034562
24705.0	0.034132
24710.0	0.033721
24715.0	0.033344
24720.0	0.033014999999999996
24725.0	0.032742
24730.0	0.032532
24735.0	0.032388
24740.0	0.032305
24745.0	0.03228
24750.0	0.032303
24755.0	0.032363
24760.0	0.032447000000000004
24765.0	0.032542
24770.0	0.032632999999999995
24775.0	0.032707
24780.0	0.032754000000000005
24785.0	0.032764
24790.0	0.032731
24795.0	0.032652
24800.0	0.032529
24805.0	0.032364
24810.0	0.032165
24815.0	0.031943
24820.0	0.03171
24825.0	0.031479
24830.0	0.031265
24835.0	0.031083999999999997
24840.0	0.030949
24845.0	0.030871
24850.0	0.030861000000000003
24855.0	0.030926
24860.0	0.031066000000000003
24865.0	0.031278
24870.0	0.031556
24875.0	0.031889999999999995
24880.0	0.032266
24885.0	0.032663
24890.0	0.033055
24895.0	0.03342
24900.0	0.033743
24905.0	0.034008
24910.0	0.0342
24915.0	0.034304
24920.0	0.034315
24925.0	0.034231
24930.0	0.034056
24935.0	0.0338
24940.0	0.033476
24945.0	0.033099
24950.0	0.032688
24955.0	0.032263
24960.0	0.031844
24965.0	0.03145
24970.0	0.031094999999999998
24975.0	0.030788
24980.0	0.030532
24985.0	0.030322
24990.0	0.0
24995.0	0.0
25000.0	0.0
