#wave	flux
1150.0	0.000552
1155.0	0.000268
1160.0	0.001178
1165.0	0.00187
1170.0	0.0016870000000000001
1175.0	0.0019309999999999998
1180.0	0.000997
1185.0	0.000213
1190.0	0.000375
1195.0	0.000177
1200.0	0.00199
1205.0	0.0063939999999999995
1210.0	0.029827
1215.0	0.047022
1220.0	0.022877
1225.0	0.003958
1230.0	0.0008039999999999999
1235.0	0.00081
1240.0	0.000891
1245.0	0.000489
1250.0	0.000518
1255.0	0.0005740000000000001
1260.0	0.000918
1265.0	0.000646
1270.0	0.000167
1275.0	0.00020899999999999998
1280.0	0.00020899999999999998
1285.0	0.000215
1290.0	0.000332
1295.0	0.000337
1300.0	0.0014210000000000002
1305.0	0.001756
1310.0	0.000669
1315.0	0.000404
1320.0	0.000352
1325.0	0.0005139999999999999
1330.0	0.001297
1335.0	0.002449
1340.0	0.000801
1345.0	0.000256
1350.0	0.000549
1355.0	0.000563
1360.0	0.0004
1365.0	0.000334
1370.0	0.00020899999999999998
1375.0	0.00011100000000000001
1380.0	0.000248
1385.0	0.00041
1390.0	0.0007700000000000001
1395.0	0.0007480000000000001
1400.0	0.000468
1405.0	0.000596
1410.0	0.00045
1415.0	0.000453
1420.0	0.000478
1425.0	0.000491
1430.0	0.000294
1435.0	0.00028
1440.0	0.00032
1445.0	0.000388
1450.0	0.000463
1455.0	0.000315
1460.0	0.000434
1465.0	0.00054
1470.0	0.0006360000000000001
1475.0	0.000722
1480.0	0.00067
1485.0	0.000788
1490.0	0.000633
1495.0	0.000725
1500.0	0.0008210000000000001
1505.0	0.000534
1510.0	0.00041900000000000005
1515.0	0.000487
1520.0	0.000558
1525.0	0.0007059999999999999
1530.0	0.000705
1535.0	0.000717
1540.0	0.000682
1545.0	0.002203
1550.0	0.0028420000000000003
1555.0	0.0011539999999999999
1560.0	0.001102
1565.0	0.000684
1570.0	0.000537
1575.0	0.0007740000000000001
1580.0	0.000556
1585.0	0.0006360000000000001
1590.0	0.0006730000000000001
1595.0	0.000695
1600.0	0.000655
1605.0	0.0008550000000000001
1610.0	0.000535
1615.0	0.000499
1620.0	0.00038500000000000003
1625.0	0.000509
1630.0	0.000668
1635.0	0.0011769999999999999
1640.0	0.001979
1645.0	0.0009449999999999999
1650.0	0.000502
1655.0	0.001598
1660.0	0.001703
1665.0	0.001084
1670.0	0.000984
1675.0	0.000595
1680.0	0.00032599999999999996
1685.0	0.000309
1690.0	0.000408
1695.0	0.000671
1700.0	0.000629
1705.0	0.000541
1710.0	0.0007650000000000001
1715.0	0.0008710000000000001
1720.0	0.000726
1725.0	0.000542
1730.0	0.000392
1735.0	0.000537
1740.0	0.000644
1745.0	0.0006129999999999999
1750.0	0.000679
1755.0	0.000654
1760.0	0.000611
1765.0	0.0005769999999999999
1770.0	0.0005059999999999999
1775.0	0.0005780000000000001
1780.0	0.000612
1785.0	0.00056
1790.0	0.00064
1795.0	0.000678
1800.0	0.0009029999999999999
1805.0	0.001987
1810.0	0.002827
1815.0	0.004028
1820.0	0.0037840000000000005
1825.0	0.001407
1830.0	0.000983
1835.0	0.000872
1840.0	0.000889
1845.0	0.0008960000000000001
1850.0	0.000962
1855.0	0.001101
1860.0	0.001145
1865.0	0.001056
1870.0	0.00101
1875.0	0.0011099999999999999
1880.0	0.001163
1885.0	0.0012289999999999998
1890.0	0.001326
1895.0	0.001333
1900.0	0.001367
1905.0	0.001232
1910.0	0.001104
1915.0	0.001189
1920.0	0.001247
1925.0	0.001217
1930.0	0.001353
1935.0	0.001284
1940.0	0.001303
1945.0	0.001398
1950.0	0.002001
1955.0	0.004247
1960.0	0.0026739999999999997
1965.0	0.000392
1970.0	0.001655
1975.0	0.003958
1980.0	0.0020670000000000003
1985.0	0.00195
1990.0	0.000959
1995.0	0.00128
2000.0	0.003982
2005.0	0.0035520000000000005
2010.0	0.0029620000000000002
2015.0	0.004446
2020.0	0.0038009999999999997
2025.0	0.0033020000000000002
2030.0	0.001791
2035.0	0.002258
2040.0	0.001538
2045.0	0.0014609999999999998
2050.0	0.00182
2055.0	0.002708
2060.0	0.003057
2065.0	0.00293
2070.0	0.002807
2075.0	0.003715
2080.0	0.004331000000000001
2085.0	0.0031829999999999996
2090.0	0.003549
2095.0	0.0036799999999999997
2100.0	0.0034460000000000003
2105.0	0.003436
2110.0	0.005354
2115.0	0.005224
2120.0	0.0050490000000000005
2125.0	0.005878
2130.0	0.006364
2135.0	0.005535
2140.0	0.005286
2145.0	0.006559000000000001
2150.0	0.004777
2155.0	0.006118
2160.0	0.007304000000000001
2165.0	0.006268
2170.0	0.0067870000000000005
2175.0	0.006845
2180.0	0.00643
2185.0	0.00632
2190.0	0.008513
2195.0	0.009732
2200.0	0.009597
2205.0	0.007502
2210.0	0.007365000000000001
2215.0	0.008373
2220.0	0.007802
2225.0	0.00895
2230.0	0.010306000000000001
2235.0	0.011831
2240.0	0.01222
2245.0	0.011011
2250.0	0.012356
2255.0	0.013505000000000001
2260.0	0.012849000000000001
2265.0	0.010809000000000001
2270.0	0.009872
2275.0	0.009411
2280.0	0.010273000000000001
2285.0	0.013038
2290.0	0.011844
2295.0	0.011186
2300.0	0.013438999999999998
2305.0	0.014512
2310.0	0.013315
2315.0	0.012085
2320.0	0.012124
2325.0	0.014759999999999999
2330.0	0.018727
2335.0	0.019397
2340.0	0.018040999999999998
2345.0	0.01852
2350.0	0.017547
2355.0	0.015235
2360.0	0.017306000000000002
2365.0	0.020385
2370.0	0.019584
2375.0	0.019637
2380.0	0.022045
2385.0	0.022952
2390.0	0.021047999999999997
2395.0	0.018756000000000002
2400.0	0.021812
2405.0	0.020935
2410.0	0.02044
2415.0	0.018844999999999997
2420.0	0.016644
2425.0	0.018093
2430.0	0.020954
2435.0	0.020961
2440.0	0.01967
2445.0	0.022565
2450.0	0.023361
2455.0	0.022548
2460.0	0.021735
2465.0	0.020498
2470.0	0.019969999999999998
2475.0	0.020037
2480.0	0.021241
2485.0	0.019015
2490.0	0.016462
2495.0	0.019530000000000002
2500.0	0.024548
2505.0	0.025633999999999997
2510.0	0.024761000000000002
2515.0	0.022948
2520.0	0.019325
2525.0	0.018287
2530.0	0.021461
2535.0	0.025319
2540.0	0.028156
2545.0	0.028560000000000002
2550.0	0.030418
2555.0	0.034087
2560.0	0.036751
2565.0	0.039606999999999996
2570.0	0.040381
2575.0	0.036851999999999996
2580.0	0.023074
2585.0	0.028801999999999998
2590.0	0.042585000000000005
2595.0	0.045649
2600.0	0.044725
2605.0	0.043898
2610.0	0.043069
2615.0	0.042272000000000004
2620.0	0.043733999999999995
2625.0	0.044248
2630.0	0.045155
2635.0	0.044778
2640.0	0.046858
2645.0	0.048172
2650.0	0.04676
2655.0	0.047693
2660.0	0.048838
2665.0	0.047524000000000004
2670.0	0.047244
2675.0	0.046331
2680.0	0.045293
2685.0	0.046206
2690.0	0.046602
2695.0	0.045224
2700.0	0.045723
2705.0	0.046813
2710.0	0.046362
2715.0	0.04539
2720.0	0.040681999999999996
2725.0	0.038388
2730.0	0.042438
2735.0	0.04362
2740.0	0.040587
2745.0	0.040737999999999996
2750.0	0.041551
2755.0	0.042700999999999996
2760.0	0.044163
2765.0	0.045853
2770.0	0.046454
2775.0	0.048235
2780.0	0.045765
2785.0	0.043354000000000004
2790.0	0.044807
2795.0	0.048996
2800.0	0.050924000000000004
2805.0	0.049464
2810.0	0.04701
2815.0	0.047702999999999995
2820.0	0.049809
2825.0	0.04955
2830.0	0.049592000000000004
2835.0	0.050700999999999996
2840.0	0.049571
2845.0	0.046166000000000006
2850.0	0.039902999999999994
2855.0	0.035472000000000004
2860.0	0.040555
2865.0	0.046928
2870.0	0.050749
2875.0	0.051284
2880.0	0.05159
2885.0	0.054104
2890.0	0.058384000000000005
2895.0	0.060614
2900.0	0.06535
2905.0	0.067625
2910.0	0.067729
2915.0	0.06713999999999999
2920.0	0.067619
2925.0	0.067838
2930.0	0.067876
2935.0	0.068607
2940.0	0.067599
2945.0	0.068301
2950.0	0.069637
2955.0	0.072306
2960.0	0.074191
2965.0	0.073015
2970.0	0.068983
2975.0	0.071564
2980.0	0.076835
2985.0	0.07312300000000001
2990.0	0.072474
2995.0	0.073739
3000.0	0.07268
3005.0	0.071681
3010.0	0.073732
3015.0	0.073992
3020.0	0.072649
3025.0	0.077301
3030.0	0.086463
3035.0	0.090585
3040.0	0.092288
3045.0	0.092529
3050.0	0.09427100000000001
3055.0	0.094343
3060.0	0.095068
3065.0	0.09903200000000001
3070.0	0.108839
3075.0	0.114888
3080.0	0.11528800000000002
3085.0	0.116996
3090.0	0.11712
3095.0	0.11623399999999999
3100.0	0.12021400000000002
3105.0	0.130219
3110.0	0.145582
3115.0	0.14851199999999998
3120.0	0.145851
3125.0	0.14588399999999999
3130.0	0.152567
3135.0	0.157547
3140.0	0.160631
3145.0	0.16583699999999998
3150.0	0.17523699999999998
3155.0	0.18226099999999998
3160.0	0.172524
3165.0	0.18043800000000002
3170.0	0.190102
3175.0	0.200444
3180.0	0.20538800000000001
3185.0	0.201737
3190.0	0.20314100000000002
3195.0	0.20732899999999999
3200.0	0.191308
3205.0	0.188433
3210.0	0.177119
3215.0	0.164053
3220.0	0.153142
3225.0	0.14690899999999998
3230.0	0.14511400000000002
3235.0	0.147348
3240.0	0.155274
3245.0	0.170237
3250.0	0.190236
3255.0	0.21226
3260.0	0.2326
3265.0	0.24714
3270.0	0.250832
3275.0	0.24217199999999997
3280.0	0.234752
3285.0	0.24161999999999997
3290.0	0.25854699999999997
3295.0	0.276231
3300.0	0.282343
3305.0	0.269229
3310.0	0.250965
3315.0	0.242675
3320.0	0.24195300000000003
3325.0	0.242939
3330.0	0.243511
3335.0	0.243313
3340.0	0.24531599999999998
3345.0	0.251092
3350.0	0.25326
3355.0	0.244858
3360.0	0.229543
3365.0	0.21384299999999998
3370.0	0.205152
3375.0	0.20877600000000002
3380.0	0.220822
3385.0	0.235643
3390.0	0.249796
3395.0	0.26023
3400.0	0.263255
3405.0	0.257096
3410.0	0.24829600000000002
3415.0	0.24416500000000002
3420.0	0.24677800000000003
3425.0	0.253551
3430.0	0.248482
3435.0	0.220854
3440.0	0.194498
3445.0	0.193669
3450.0	0.20976999999999998
3455.0	0.227304
3460.0	0.23600300000000002
3465.0	0.23129499999999997
3470.0	0.226147
3475.0	0.23219
3480.0	0.238161
3485.0	0.233553
3490.0	0.233765
3495.0	0.253391
3500.0	0.277888
3505.0	0.288908
3510.0	0.282026
3515.0	0.26010300000000003
3520.0	0.241223
3525.0	0.242434
3530.0	0.261415
3535.0	0.28931599999999996
3540.0	0.310529
3545.0	0.31156
3550.0	0.29411
3555.0	0.26503000000000004
3560.0	0.236556
3565.0	0.217871
3570.0	0.200543
3575.0	0.177033
3580.0	0.160994
3585.0	0.16733399999999998
3590.0	0.194802
3595.0	0.234391
3600.0	0.26221700000000003
3605.0	0.26012199999999996
3610.0	0.24770799999999998
3615.0	0.24775300000000003
3620.0	0.257977
3625.0	0.270242
3630.0	0.278042
3635.0	0.278443
3640.0	0.281174
3645.0	0.296535
3650.0	0.324457
3655.0	0.360349
3660.0	0.391905
3665.0	0.406269
3670.0	0.39610700000000004
3675.0	0.362311
3680.0	0.33316100000000004
3685.0	0.333602
3690.0	0.34785
3695.0	0.354671
3700.0	0.351765
3705.0	0.34136700000000003
3710.0	0.32493299999999997
3715.0	0.30320199999999997
3720.0	0.274831
3725.0	0.24008400000000002
3730.0	0.207717
3735.0	0.18717999999999999
3740.0	0.182179
3745.0	0.19292
3750.0	0.211342
3755.0	0.22975500000000001
3760.0	0.25022300000000003
3765.0	0.276544
3770.0	0.309707
3775.0	0.345522
3780.0	0.36189099999999996
3785.0	0.341875
3790.0	0.30707399999999996
3795.0	0.283122
3800.0	0.273237
3805.0	0.272055
3810.0	0.262314
3815.0	0.23051999999999997
3820.0	0.190171
3825.0	0.159296
3830.0	0.147074
3835.0	0.156642
3840.0	0.175831
3845.0	0.190814
3850.0	0.196445
3855.0	0.192347
3860.0	0.18854300000000002
3865.0	0.193918
3870.0	0.20241099999999998
3875.0	0.207871
3880.0	0.218712
3885.0	0.242711
3890.0	0.27053
3895.0	0.291694
3900.0	0.308319
3905.0	0.289504
3910.0	0.30452199999999996
3915.0	0.313195
3920.0	0.301429
3925.0	0.262865
3930.0	0.21756999999999999
3935.0	0.193678
3940.0	0.20496999999999999
3945.0	0.248561
3950.0	0.294971
3955.0	0.311761
3960.0	0.295797
3965.0	0.26511999999999997
3970.0	0.255314
3975.0	0.295029
3980.0	0.369976
3985.0	0.448092
3990.0	0.506346
3995.0	0.533714
4000.0	0.540021
4005.0	0.544042
4010.0	0.556307
4015.0	0.576277
4020.0	0.591391
4025.0	0.58835
4030.0	0.566539
4035.0	0.5367029999999999
4040.0	0.51948
4045.0	0.527726
4050.0	0.544832
4055.0	0.548067
4060.0	0.534248
4065.0	0.512798
4070.0	0.5027689999999999
4075.0	0.520632
4080.0	0.560053
4085.0	0.602615
4090.0	0.62888
4095.0	0.627317
4100.0	0.6105729999999999
4105.0	0.598754
4110.0	0.598858
4115.0	0.6084229999999999
4120.0	0.616376
4125.0	0.610682
4130.0	0.5916819999999999
4135.0	0.567222
4140.0	0.545549
4145.0	0.5336770000000001
4150.0	0.535284
4155.0	0.5481699999999999
4160.0	0.561774
4165.0	0.567106
4170.0	0.563822
4175.0	0.554818
4180.0	0.545844
4185.0	0.541345
4190.0	0.540114
4195.0	0.542632
4200.0	0.554286
4205.0	0.575629
4210.0	0.591811
4215.0	0.586946
4220.0	0.565366
4225.0	0.541842
4230.0	0.532297
4235.0	0.5480649999999999
4240.0	0.578318
4245.0	0.60333
4250.0	0.616326
4255.0	0.615927
4260.0	0.602984
4265.0	0.5855279999999999
4270.0	0.573192
4275.0	0.570652
4280.0	0.577457
4285.0	0.5848270000000001
4290.0	0.5717800000000001
4295.0	0.529985
4300.0	0.490778
4305.0	0.48895600000000006
4310.0	0.52518
4315.0	0.584659
4320.0	0.647957
4325.0	0.69663
4330.0	0.727726
4335.0	0.746119
4340.0	0.7525569999999999
4345.0	0.75088
4350.0	0.756803
4355.0	0.778011
4360.0	0.796798
4365.0	0.793242
4370.0	0.76161
4375.0	0.709183
4380.0	0.664641
4385.0	0.65236
4390.0	0.663818
4395.0	0.681815
4400.0	0.69848
4405.0	0.711075
4410.0	0.7248760000000001
4415.0	0.745252
4420.0	0.764609
4425.0	0.775886
4430.0	0.786942
4435.0	0.804064
4440.0	0.818497
4445.0	0.819679
4450.0	0.8068890000000001
4455.0	0.788071
4460.0	0.7809689999999999
4465.0	0.799824
4470.0	0.837216
4475.0	0.8748100000000001
4480.0	0.895591
4485.0	0.893
4490.0	0.8850110000000001
4495.0	0.89497
4500.0	0.925348
4505.0	0.96305
4510.0	0.985707
4515.0	0.974865
4520.0	0.936052
4525.0	0.8898290000000001
4530.0	0.8585389999999999
4535.0	0.8556870000000001
4540.0	0.8747739999999999
4545.0	0.9003180000000001
4550.0	0.921452
4555.0	0.9347799999999999
4560.0	0.944299
4565.0	0.954332
4570.0	0.960514
4575.0	0.9567620000000001
4580.0	0.9473459999999999
4585.0	0.9394020000000001
4590.0	0.935738
4595.0	0.937543
4600.0	0.944525
4605.0	0.955678
4610.0	0.969809
4615.0	0.985223
4620.0	0.9985729999999999
4625.0	1.004383
4630.0	0.9961709999999999
4635.0	0.972809
4640.0	0.9463239999999999
4645.0	0.930251
4650.0	0.926256
4655.0	0.9287049999999999
4660.0	0.929142
4665.0	0.922696
4670.0	0.9161440000000001
4675.0	0.918216
4680.0	0.9266780000000001
4685.0	0.933357
4690.0	0.93053
4695.0	0.91551
4700.0	0.8978809999999999
4705.0	0.891142
4710.0	0.9032979999999999
4715.0	0.9324120000000001
4720.0	0.9596129999999999
4725.0	0.968283
4730.0	0.964575
4735.0	0.961976
4740.0	0.966809
4745.0	0.9779610000000001
4750.0	0.984258
4755.0	0.976087
4760.0	0.9622780000000001
4765.0	0.956254
4770.0	0.958151
4775.0	0.9638399999999999
4780.0	0.9721870000000001
4785.0	0.981345
4790.0	0.9900639999999999
4795.0	0.998999
4800.0	1.0083090000000001
4805.0	1.017009
4810.0	1.022797
4815.0	1.022557
4820.0	1.014607
4825.0	1.00125
4830.0	0.9903799999999999
4835.0	0.9881989999999999
4840.0	0.99197
4845.0	0.993614
4850.0	0.982517
4855.0	0.9539200000000001
4860.0	0.9193950000000001
4865.0	0.8943030000000001
4870.0	0.886494
4875.0	0.896233
4880.0	0.9123600000000001
4885.0	0.9245030000000001
4890.0	0.9360860000000001
4895.0	0.952124
4900.0	0.966211
4905.0	0.968835
4910.0	0.956594
4915.0	0.932541
4920.0	0.9103870000000001
4925.0	0.904861
4930.0	0.91804
4935.0	0.94263
4940.0	0.964332
4945.0	0.971115
4950.0	0.964563
4955.0	0.9541200000000001
4960.0	0.952092
4965.0	0.963031
4970.0	0.9699959999999999
4975.0	0.9567200000000001
4980.0	0.933125
4985.0	0.9155030000000001
4990.0	0.906673
4995.0	0.902659
5000.0	0.8950530000000001
5005.0	0.877965
5010.0	0.8617
5015.0	0.859187
5020.0	0.868405
5025.0	0.881125
5030.0	0.889656
5035.0	0.888983
5040.0	0.8833260000000001
5045.0	0.881136
5050.0	0.8863979999999999
5055.0	0.897282
5060.0	0.906056
5065.0	0.9045690000000001
5070.0	0.892008
5075.0	0.8748790000000001
5080.0	0.865129
5085.0	0.8697020000000001
5090.0	0.8785629999999999
5095.0	0.878927
5100.0	0.8727370000000001
5105.0	0.867743
5110.0	0.866137
5115.0	0.86705
5120.0	0.867024
5125.0	0.860722
5130.0	0.8479760000000001
5135.0	0.834044
5140.0	0.8258709999999999
5145.0	0.827472
5150.0	0.8315469999999999
5155.0	0.8241870000000001
5160.0	0.794908
5165.0	0.743503
5170.0	0.688954
5175.0	0.656027
5180.0	0.6583479999999999
5185.0	0.694943
5190.0	0.746269
5195.0	0.789764
5200.0	0.814276
5205.0	0.822041
5210.0	0.830851
5215.0	0.854015
5220.0	0.8810399999999999
5225.0	0.897359
5230.0	0.907524
5235.0	0.922883
5240.0	0.945047
5245.0	0.967893
5250.0	0.9754510000000001
5255.0	0.9525549999999999
5260.0	0.905825
5265.0	0.8566729999999999
5270.0	0.834208
5275.0	0.857651
5280.0	0.9087790000000001
5285.0	0.9563659999999999
5290.0	0.984783
5295.0	0.992557
5300.0	0.994238
5305.0	1.004751
5310.0	1.015347
5315.0	1.008974
5320.0	0.9849450000000001
5325.0	0.9526899999999999
5330.0	0.927516
5335.0	0.92504
5340.0	0.943866
5345.0	0.9709549999999999
5350.0	0.9964790000000001
5355.0	1.012743
5360.0	1.010934
5365.0	0.9930450000000001
5370.0	0.978463
5375.0	0.980547
5380.0	0.9908790000000001
5385.0	0.9941760000000001
5390.0	0.980291
5395.0	0.9500209999999999
5400.0	0.92066
5405.0	0.9098280000000001
5410.0	0.9217719999999999
5415.0	0.949506
5420.0	0.9724649999999999
5425.0	0.974942
5430.0	0.967183
5435.0	0.965347
5440.0	0.971291
5445.0	0.981243
5450.0	0.9930389999999999
5455.0	1.002898
5460.0	1.005401
5465.0	0.999035
5470.0	0.9884270000000001
5475.0	0.979987
5480.0	0.979298
5485.0	0.9874430000000001
5490.0	0.998192
5495.0	1.004541
5500.0	1.001642
5505.0	0.9898030000000001
5510.0	0.9815879999999999
5515.0	0.987192
5520.0	0.999431
5525.0	1.008493
5530.0	1.012157
5535.0	1.012399
5540.0	1.016557
5545.0	1.028925
5550.0	1.0405520000000001
5555.0	1.041674
5560.0	1.032625
5565.0	1.017935
5570.0	1.004666
5575.0	0.997132
5580.0	0.9895129999999999
5585.0	0.976557
5590.0	0.9623780000000001
5595.0	0.9544530000000001
5600.0	0.9612069999999999
5605.0	0.9843719999999999
5610.0	1.008961
5615.0	1.0200690000000001
5620.0	1.017799
5625.0	1.0100280000000001
5630.0	1.00885
5635.0	1.020619
5640.0	1.033822
5645.0	1.035276
5650.0	1.0282879999999999
5655.0	1.0213459999999999
5660.0	1.013668
5665.0	1.0045680000000001
5670.0	1.005654
5675.0	1.023103
5680.0	1.040833
5685.0	1.043299
5690.0	1.033417
5695.0	1.019356
5700.0	1.005172
5705.0	0.9942469999999999
5710.0	0.993125
5715.0	1.005818
5720.0	1.0271620000000001
5725.0	1.048506
5730.0	1.061389
5735.0	1.061114
5740.0	1.052367
5745.0	1.042866
5750.0	1.036823
5755.0	1.035305
5760.0	1.036548
5765.0	1.0377450000000001
5770.0	1.037088
5775.0	1.034418
5780.0	1.030632
5785.0	1.026778
5790.0	1.024075
5795.0	1.02379
5800.0	1.02722
5805.0	1.034875
5810.0	1.045151
5815.0	1.055392
5820.0	1.063376
5825.0	1.068498
5830.0	1.0716860000000001
5835.0	1.0732270000000002
5840.0	1.071749
5845.0	1.0653190000000001
5850.0	1.0540559999999999
5855.0	1.044666
5860.0	1.037508
5865.0	1.046527
5870.0	1.029598
5875.0	1.022634
5880.0	0.990008
5885.0	0.9438409999999999
5890.0	0.8798739999999999
5895.0	0.866877
5900.0	0.908782
5905.0	0.958667
5910.0	0.9831059999999999
5915.0	1.006177
5920.0	1.023187
5925.0	1.0396370000000001
5930.0	1.040582
5935.0	1.028685
5940.0	1.035603
5945.0	1.0276399999999999
5950.0	1.03262
5955.0	1.030804
5960.0	1.028467
5965.0	1.02709
5970.0	1.031319
5975.0	1.031854
5980.0	1.0270920000000001
5985.0	1.02191
5990.0	1.023483
5995.0	1.0249700000000002
6000.0	1.024282
6005.0	1.015448
6010.0	1.012176
6015.0	1.00591
6020.0	1.002786
6025.0	1.007317
6030.0	1.020972
6035.0	1.033752
6040.0	1.033886
6045.0	1.044558
6050.0	1.04039
6055.0	1.041313
6060.0	1.035768
6065.0	1.03346
6070.0	1.035984
6075.0	1.028618
6080.0	1.020026
6085.0	1.010775
6090.0	1.0057209999999999
6095.0	1.001282
6100.0	0.997616
6105.0	0.9932709999999999
6110.0	1.000593
6115.0	1.001823
6120.0	0.9914200000000001
6125.0	0.987036
6130.0	0.9890540000000001
6135.0	0.9781120000000001
6140.0	0.974772
6145.0	0.9899610000000001
6150.0	0.9834209999999999
6155.0	0.970404
6160.0	0.949177
6165.0	0.938224
6170.0	0.9512889999999999
6175.0	0.9652700000000001
6180.0	0.9811979999999999
6185.0	0.9897530000000001
6190.0	0.9932639999999999
6195.0	1.000677
6200.0	1.000877
6205.0	1.006086
6210.0	0.998775
6215.0	0.986828
6220.0	0.9828899999999999
6225.0	0.9859620000000001
6230.0	0.976749
6235.0	0.972893
6240.0	0.9713
6245.0	0.965838
6250.0	0.96288
6255.0	0.95749
6260.0	0.9634889999999999
6265.0	0.971375
6270.0	0.977741
6275.0	0.982426
6280.0	0.974088
6285.0	0.9827520000000001
6290.0	0.986482
6295.0	0.97982
6300.0	0.9727100000000001
6305.0	0.9735020000000001
6310.0	0.9806950000000001
6315.0	0.9725389999999999
6320.0	0.974029
6325.0	0.984786
6330.0	0.986226
6335.0	0.981208
6340.0	0.984409
6345.0	0.985381
6350.0	0.9925700000000001
6355.0	0.987207
6360.0	0.980289
6365.0	0.980397
6370.0	0.992281
6375.0	1.002322
6380.0	1.001385
6385.0	1.002821
6390.0	0.996975
6395.0	0.983728
6400.0	0.97309
6405.0	0.972382
6410.0	0.9683649999999999
6415.0	0.970514
6420.0	0.978282
6425.0	0.981836
6430.0	0.98305
6435.0	0.986237
6440.0	0.9828790000000001
6445.0	0.9833799999999999
6450.0	0.9792219999999999
6455.0	0.9788370000000001
6460.0	0.9749909999999999
6465.0	0.969766
6470.0	0.9760840000000001
6475.0	0.9757809999999999
6480.0	0.9737309999999999
6485.0	0.9682
6490.0	0.960656
6495.0	0.940852
6500.0	0.9590129999999999
6505.0	0.974511
6510.0	0.986351
6515.0	0.987099
6520.0	0.9894629999999999
6525.0	0.9887670000000001
6530.0	0.985468
6535.0	0.989542
6540.0	0.9936520000000001
6545.0	0.988567
6550.0	0.975462
6555.0	0.9569610000000001
6560.0	0.923776
6565.0	0.907381
6570.0	0.9379120000000001
6575.0	0.954299
6580.0	0.9734649999999999
6585.0	0.975562
6590.0	0.974283
6595.0	0.9689200000000001
6600.0	0.973292
6605.0	0.973074
6610.0	0.975885
6615.0	0.9818690000000001
6620.0	0.9813639999999999
6625.0	0.974965
6630.0	0.9624010000000001
6635.0	0.95895
6640.0	0.9645520000000001
6645.0	0.9690799999999999
6650.0	0.976675
6655.0	0.978991
6660.0	0.972469
6665.0	0.966094
6670.0	0.9674709999999999
6675.0	0.961736
6680.0	0.9660219999999999
6685.0	0.976534
6690.0	0.976354
6695.0	0.971058
6700.0	0.968526
6705.0	0.9665389999999999
6710.0	0.9639110000000001
6715.0	0.954434
6720.0	0.955577
6725.0	0.9583360000000001
6730.0	0.9642149999999999
6735.0	0.9617129999999999
6740.0	0.960657
6745.0	0.9590190000000001
6750.0	0.956299
6755.0	0.954918
6760.0	0.952773
6765.0	0.9546879999999999
6770.0	0.952766
6775.0	0.9586959999999999
6780.0	0.9597700000000001
6785.0	0.9576379999999999
6790.0	0.958033
6795.0	0.959648
6800.0	0.9529569999999999
6805.0	0.948017
6810.0	0.950514
6815.0	0.9533530000000001
6820.0	0.9539770000000001
6825.0	0.953469
6830.0	0.9535600000000001
6835.0	0.951993
6840.0	0.9490629999999999
6845.0	0.945633
6850.0	0.9419549999999999
6855.0	0.9377059999999999
6860.0	0.932277
6865.0	0.925618
6870.0	0.9191239999999999
6875.0	0.915007
6880.0	0.914596
6885.0	0.917457
6890.0	0.921357
6895.0	0.923709
6900.0	0.9230780000000001
6905.0	0.920127
6910.0	0.917143
6915.0	0.916285
6920.0	0.9178709999999999
6925.0	0.9198290000000001
6930.0	0.92004
6935.0	0.917459
6940.0	0.9133629999999999
6945.0	0.910118
6950.0	0.909141
6955.0	0.9102809999999999
6960.0	0.911117
6965.0	0.909431
6970.0	0.9055209999999999
6975.0	0.8966370000000001
6980.0	0.8903110000000001
6985.0	0.8970940000000001
6990.0	0.898734
6995.0	0.901466
7000.0	0.8977219999999999
7005.0	0.8920540000000001
7010.0	0.8927959999999999
7015.0	0.887632
7020.0	0.8863030000000001
7025.0	0.8853639999999999
7030.0	0.8927809999999999
7035.0	0.891076
7040.0	0.897433
7045.0	0.9060090000000001
7050.0	0.9081379999999999
7055.0	0.9081799999999999
7060.0	0.9061530000000001
7065.0	0.9049870000000001
7070.0	0.9072459999999999
7075.0	0.913834
7080.0	0.9161440000000001
7085.0	0.908593
7090.0	0.9048870000000001
7095.0	0.902918
7100.0	0.9042899999999999
7105.0	0.901732
7110.0	0.901956
7115.0	0.8990889999999999
7120.0	0.896495
7125.0	0.890798
7130.0	0.883783
7135.0	0.884509
7140.0	0.8867079999999999
7145.0	0.8844479999999999
7150.0	0.883935
7155.0	0.894302
7160.0	0.8955989999999999
7165.0	0.892083
7170.0	0.892719
7175.0	0.884973
7180.0	0.874575
7185.0	0.859994
7190.0	0.856395
7195.0	0.8559190000000001
7200.0	0.8528629999999999
7205.0	0.8495520000000001
7210.0	0.859137
7215.0	0.872604
7220.0	0.8779440000000001
7225.0	0.884733
7230.0	0.883501
7235.0	0.87495
7240.0	0.86693
7245.0	0.861138
7250.0	0.858043
7255.0	0.858505
7260.0	0.864037
7265.0	0.8642129999999999
7270.0	0.869481
7275.0	0.8647379999999999
7280.0	0.860727
7285.0	0.8535389999999999
7290.0	0.8438530000000001
7295.0	0.8493430000000001
7300.0	0.85016
7305.0	0.84535
7310.0	0.8438319999999999
7315.0	0.847464
7320.0	0.850967
7325.0	0.854252
7330.0	0.8565889999999999
7335.0	0.8594950000000001
7340.0	0.860431
7345.0	0.853865
7350.0	0.844535
7355.0	0.841834
7360.0	0.845109
7365.0	0.8534299999999999
7370.0	0.8580030000000001
7375.0	0.859088
7380.0	0.8553270000000001
7385.0	0.841933
7390.0	0.837724
7395.0	0.843074
7400.0	0.8430190000000001
7405.0	0.846662
7410.0	0.8435229999999999
7415.0	0.845556
7420.0	0.847857
7425.0	0.8552860000000001
7430.0	0.8591
7435.0	0.856532
7440.0	0.850299
7445.0	0.8411059999999999
7450.0	0.8453860000000001
7455.0	0.851721
7460.0	0.850881
7465.0	0.8540610000000001
7470.0	0.858022
7475.0	0.8505530000000001
7480.0	0.845292
7485.0	0.839091
7490.0	0.8368110000000001
7495.0	0.8336370000000001
7500.0	0.8445959999999999
7505.0	0.8460219999999999
7510.0	0.8414809999999999
7515.0	0.8492639999999999
7520.0	0.848984
7525.0	0.84286
7530.0	0.840039
7535.0	0.838427
7540.0	0.835533
7545.0	0.832584
7550.0	0.8336100000000001
7555.0	0.838184
7560.0	0.840477
7565.0	0.839456
7570.0	0.8361139999999999
7575.0	0.8338610000000001
7580.0	0.8360920000000001
7585.0	0.841774
7590.0	0.8463950000000001
7595.0	0.845148
7600.0	0.836777
7605.0	0.824909
7610.0	0.816192
7615.0	0.815912
7620.0	0.8239120000000001
7625.0	0.834627
7630.0	0.841074
7635.0	0.8394280000000001
7640.0	0.831269
7645.0	0.822152
7650.0	0.81747
7655.0	0.818966
7660.0	0.8243280000000001
7665.0	0.829536
7670.0	0.831875
7675.0	0.8315450000000001
7680.0	0.830993
7685.0	0.8320379999999999
7690.0	0.833879
7695.0	0.833675
7700.0	0.829673
7705.0	0.8225690000000001
7710.0	0.815854
7715.0	0.8133520000000001
7720.0	0.8163560000000001
7725.0	0.822109
7730.0	0.827355
7735.0	0.830076
7740.0	0.8242860000000001
7745.0	0.813912
7750.0	0.8110069999999999
7755.0	0.820731
7760.0	0.824891
7765.0	0.82688
7770.0	0.8248120000000001
7775.0	0.820465
7780.0	0.8145859999999999
7785.0	0.820418
7790.0	0.822544
7795.0	0.822218
7800.0	0.818461
7805.0	0.818416
7810.0	0.810949
7815.0	0.813006
7820.0	0.816075
7825.0	0.815635
7830.0	0.810052
7835.0	0.799112
7840.0	0.801287
7845.0	0.799482
7850.0	0.79961
7855.0	0.801303
7860.0	0.804029
7865.0	0.802566
7870.0	0.801879
7875.0	0.801924
7880.0	0.796851
7885.0	0.790709
7890.0	0.785233
7895.0	0.778226
7900.0	0.777576
7905.0	0.7747689999999999
7910.0	0.774437
7915.0	0.771644
7920.0	0.7692
7925.0	0.766986
7930.0	0.762853
7935.0	0.759313
7940.0	0.761205
7945.0	0.757981
7950.0	0.761471
7955.0	0.764397
7960.0	0.772175
7965.0	0.776075
7970.0	0.783959
7975.0	0.788742
7980.0	0.78725
7985.0	0.7820199999999999
7990.0	0.776888
7995.0	0.7733399999999999
8000.0	0.771519
8005.0	0.780434
8010.0	0.780662
8015.0	0.776737
8020.0	0.772129
8025.0	0.765139
8030.0	0.761152
8035.0	0.763352
8040.0	0.764482
8045.0	0.7578739999999999
8050.0	0.756255
8055.0	0.758387
8060.0	0.762363
8065.0	0.764258
8070.0	0.761702
8075.0	0.759464
8080.0	0.758979
8085.0	0.75474
8090.0	0.752541
8095.0	0.749988
8100.0	0.748916
8105.0	0.754
8110.0	0.7591720000000001
8115.0	0.760517
8120.0	0.765054
8125.0	0.7712760000000001
8130.0	0.773571
8135.0	0.774018
8140.0	0.7742680000000001
8145.0	0.768045
8150.0	0.76376
8155.0	0.75927
8160.0	0.75442
8165.0	0.750276
8170.0	0.753422
8175.0	0.747301
8180.0	0.736587
8185.0	0.724324
8190.0	0.72701
8195.0	0.720546
8200.0	0.731119
8205.0	0.7441720000000001
8210.0	0.742531
8215.0	0.742058
8220.0	0.733017
8225.0	0.7318100000000001
8230.0	0.72918
8235.0	0.744462
8240.0	0.75458
8245.0	0.757838
8250.0	0.7614920000000001
8255.0	0.7571260000000001
8260.0	0.757562
8265.0	0.758621
8270.0	0.755422
8275.0	0.750401
8280.0	0.751768
8285.0	0.7497659999999999
8290.0	0.745549
8295.0	0.741095
8300.0	0.7393850000000001
8305.0	0.736747
8310.0	0.73398
8315.0	0.734463
8320.0	0.726636
8325.0	0.719962
8330.0	0.713957
8335.0	0.7176060000000001
8340.0	0.718486
8345.0	0.721196
8350.0	0.722961
8355.0	0.730047
8360.0	0.7292569999999999
8365.0	0.7326020000000001
8370.0	0.732791
8375.0	0.73345
8380.0	0.729754
8385.0	0.723035
8390.0	0.723626
8395.0	0.730568
8400.0	0.733705
8405.0	0.734201
8410.0	0.73726
8415.0	0.733215
8420.0	0.721884
8425.0	0.723587
8430.0	0.716788
8435.0	0.714254
8440.0	0.7254390000000001
8445.0	0.735409
8450.0	0.742242
8455.0	0.745993
8460.0	0.746784
8465.0	0.7375430000000001
8470.0	0.733288
8475.0	0.7365079999999999
8480.0	0.7411300000000001
8485.0	0.739574
8490.0	0.73145
8495.0	0.700912
8500.0	0.672601
8505.0	0.69492
8510.0	0.71006
8515.0	0.709381
8520.0	0.711807
8525.0	0.701145
8530.0	0.675724
8535.0	0.633706
8540.0	0.578573
8545.0	0.579084
8550.0	0.640934
8555.0	0.679496
8560.0	0.699554
8565.0	0.7051850000000001
8570.0	0.7031930000000001
8575.0	0.700559
8580.0	0.700228
8585.0	0.6979569999999999
8590.0	0.698056
8595.0	0.6970890000000001
8600.0	0.698092
8605.0	0.691941
8610.0	0.684377
8615.0	0.685538
8620.0	0.686761
8625.0	0.690333
8630.0	0.696348
8635.0	0.705153
8640.0	0.706519
8645.0	0.6987399999999999
8650.0	0.6738
8655.0	0.644515
8660.0	0.60353
8665.0	0.599934
8670.0	0.644579
8675.0	0.667399
8680.0	0.686529
8685.0	0.6882590000000001
8690.0	0.675752
8695.0	0.6853020000000001
8700.0	0.685463
8705.0	0.696188
8710.0	0.6986220000000001
8715.0	0.7004670000000001
8720.0	0.7033189999999999
8725.0	0.694866
8730.0	0.693388
8735.0	0.688084
8740.0	0.6879350000000001
8745.0	0.6954560000000001
8750.0	0.69193
8755.0	0.683091
8760.0	0.678511
8765.0	0.6696979999999999
8770.0	0.669333
8775.0	0.670433
8780.0	0.67829
8785.0	0.682463
8790.0	0.675304
8795.0	0.6668350000000001
8800.0	0.667431
8805.0	0.651569
8810.0	0.656949
8815.0	0.674385
8820.0	0.6822699999999999
8825.0	0.677951
8830.0	0.686967
8835.0	0.685084
8840.0	0.682467
8845.0	0.691441
8850.0	0.690072
8855.0	0.687737
8860.0	0.677231
8865.0	0.663525
8870.0	0.6604399999999999
8875.0	0.665683
8880.0	0.6615949999999999
8885.0	0.6629619999999999
8890.0	0.664817
8895.0	0.670365
8900.0	0.6722060000000001
8905.0	0.6728729999999999
8910.0	0.6718310000000001
8915.0	0.675718
8920.0	0.671194
8925.0	0.6701159999999999
8930.0	0.666233
8935.0	0.663028
8940.0	0.6600659999999999
8945.0	0.657834
8950.0	0.6610590000000001
8955.0	0.6690229999999999
8960.0	0.6776760000000001
8965.0	0.672823
8970.0	0.668966
8975.0	0.666842
8980.0	0.661098
8985.0	0.652439
8990.0	0.6433840000000001
8995.0	0.650519
9000.0	0.646954
9005.0	0.644728
9010.0	0.6422979999999999
9015.0	0.643491
9020.0	0.650226
9025.0	0.655121
9030.0	0.664551
9035.0	0.673341
9040.0	0.6762739999999999
9045.0	0.678307
9050.0	0.676652
9055.0	0.669592
9060.0	0.667829
9065.0	0.659154
9070.0	0.648333
9075.0	0.637664
9080.0	0.629937
9085.0	0.6244569999999999
9090.0	0.622873
9095.0	0.625891
9100.0	0.628606
9105.0	0.628579
9110.0	0.629583
9115.0	0.623574
9120.0	0.620949
9125.0	0.624045
9130.0	0.621169
9135.0	0.616244
9140.0	0.618646
9145.0	0.616679
9150.0	0.611535
9155.0	0.609065
9160.0	0.615953
9165.0	0.6185229999999999
9170.0	0.615404
9175.0	0.611362
9180.0	0.618136
9185.0	0.623974
9190.0	0.623147
9195.0	0.62262
9200.0	0.622414
9205.0	0.62087
9210.0	0.611574
9215.0	0.609301
9220.0	0.613609
9225.0	0.6145390000000001
9230.0	0.611611
9235.0	0.607485
9240.0	0.600358
9245.0	0.594778
9250.0	0.589102
9255.0	0.587519
9260.0	0.5924659999999999
9265.0	0.605598
9270.0	0.619209
9275.0	0.626563
9280.0	0.6212449999999999
9285.0	0.630918
9290.0	0.6273
9295.0	0.627397
9300.0	0.6265970000000001
9305.0	0.61952
9310.0	0.613143
9315.0	0.597862
9320.0	0.593874
9325.0	0.5896779999999999
9330.0	0.590533
9335.0	0.584753
9340.0	0.580043
9345.0	0.573968
9350.0	0.589448
9355.0	0.5762430000000001
9360.0	0.5835670000000001
9365.0	0.590378
9370.0	0.590657
9375.0	0.603433
9380.0	0.614923
9385.0	0.636363
9390.0	0.661787
9395.0	0.675955
9400.0	0.659222
9405.0	0.649908
9410.0	0.6298630000000001
9415.0	0.604718
9420.0	0.5941270000000001
9425.0	0.585774
9430.0	0.5632689999999999
9435.0	0.572017
9440.0	0.550205
9445.0	0.564497
9450.0	0.580445
9455.0	0.573687
9460.0	0.576961
9465.0	0.596202
9470.0	0.600915
9475.0	0.599525
9480.0	0.596439
9485.0	0.600563
9490.0	0.599537
9495.0	0.585309
9500.0	0.576155
9505.0	0.599637
9510.0	0.62633
9515.0	0.624488
9520.0	0.621123
9525.0	0.622066
9530.0	0.6362220000000001
9535.0	0.629475
9540.0	0.6112529999999999
9545.0	0.5955560000000001
9550.0	0.599579
9555.0	0.570485
9560.0	0.601743
9565.0	0.58809
9570.0	0.593993
9575.0	0.59086
9580.0	0.585425
9585.0	0.574304
9590.0	0.575152
9595.0	0.5718300000000001
9600.0	0.582769
9605.0	0.5809380000000001
9610.0	0.579968
9615.0	0.586025
9620.0	0.5807220000000001
9625.0	0.585576
9630.0	0.583246
9635.0	0.579642
9640.0	0.573878
9645.0	0.578775
9650.0	0.582448
9655.0	0.57039
9660.0	0.56794
9665.0	0.562917
9670.0	0.57833
9675.0	0.573557
9680.0	0.563665
9685.0	0.573419
9690.0	0.572217
9695.0	0.574028
9700.0	0.559919
9705.0	0.570271
9710.0	0.573416
9715.0	0.578767
9720.0	0.5798270000000001
9725.0	0.5652560000000001
9730.0	0.563441
9735.0	0.560087
9740.0	0.5578420000000001
9745.0	0.546006
9750.0	0.546882
9755.0	0.555447
9760.0	0.560722
9765.0	0.557375
9770.0	0.555222
9775.0	0.5608479999999999
9780.0	0.561171
9785.0	0.5610350000000001
9790.0	0.560552
9795.0	0.567943
9800.0	0.571275
9805.0	0.574624
9810.0	0.568416
9815.0	0.5586220000000001
9820.0	0.5488810000000001
9825.0	0.563095
9830.0	0.55207
9835.0	0.547829
9840.0	0.544088
9845.0	0.540405
9850.0	0.543745
9855.0	0.534497
9860.0	0.5313
9865.0	0.5441060000000001
9870.0	0.546959
9875.0	0.549674
9880.0	0.534453
9885.0	0.548459
9890.0	0.565599
9895.0	0.550971
9900.0	0.542952
9905.0	0.554787
9910.0	0.570575
9915.0	0.561533
9920.0	0.574942
9925.0	0.560919
9930.0	0.574453
9935.0	0.5546449999999999
9940.0	0.549949
9945.0	0.548768
9950.0	0.548504
9955.0	0.5472739999999999
9960.0	0.5511229999999999
9965.0	0.558612
9970.0	0.541317
9975.0	0.575096
9980.0	0.558109
9985.0	0.552955
9990.0	0.539361
9995.0	0.545157
10000.0	0.586562
10005.0	0.543748
10010.0	0.553784
10015.0	0.5640109999999999
10020.0	0.547288
10025.0	0.539774
10030.0	0.5356449999999999
10035.0	0.564703
10040.0	0.5149239999999999
10045.0	0.561178
10050.0	0.53337
10055.0	0.571912
10060.0	0.5194380000000001
10065.0	0.512706
10070.0	0.557566
10075.0	0.502904
10080.0	0.5139520000000001
10085.0	0.529626
10090.0	0.549053
10095.0	0.545655
10100.0	0.5283680000000001
10105.0	0.530472
10110.0	0.573466
10115.0	0.56797
10120.0	0.550793
10125.0	0.500822
10130.0	0.48648800000000003
10135.0	0.539346
10140.0	0.49716400000000005
10145.0	0.529359
10150.0	0.5221859999999999
10155.0	0.521153
10160.0	0.55575
10165.0	0.5356989999999999
10170.0	0.48290299999999997
10175.0	0.484231
10180.0	0.512965
10185.0	0.5117010000000001
10190.0	0.509779
10195.0	0.507258
10200.0	0.5041939999999999
10205.0	0.500717
10210.0	0.49724300000000005
10215.0	0.49426000000000003
10220.0	0.492255
10225.0	0.49161499999999997
10230.0	0.492324
10235.0	0.494263
10240.0	0.49731400000000003
10245.0	0.501228
10250.0	0.505231
10255.0	0.508419
10260.0	0.509888
10265.0	0.509137
10270.0	0.507285
10275.0	0.505857
10280.0	0.506378
10285.0	0.5098199999999999
10290.0	0.5149590000000001
10295.0	0.5200199999999999
10300.0	0.523227
10305.0	0.523421
10310.0	0.521921
10315.0	0.519628
10320.0	0.5170520000000001
10325.0	0.514692
10330.0	0.513003
10335.0	0.512428
10340.0	0.513408
10345.0	0.5160939999999999
10350.0	0.519464
10355.0	0.522201
10360.0	0.522992
10365.0	0.521
10370.0	0.517304
10375.0	0.513463
10380.0	0.511035
10385.0	0.511117
10390.0	0.5129670000000001
10395.0	0.5153800000000001
10400.0	0.51715
10405.0	0.517379
10410.0	0.5163840000000001
10415.0	0.514786
10420.0	0.513209
10425.0	0.512177
10430.0	0.511821
10435.0	0.512174
10440.0	0.51327
10445.0	0.5150279999999999
10450.0	0.516901
10455.0	0.518231
10460.0	0.518355
10465.0	0.516868
10470.0	0.5143770000000001
10475.0	0.511744
10480.0	0.50983
10485.0	0.50925
10490.0	0.509627
10495.0	0.510337
10500.0	0.510756
10505.0	0.510424
10510.0	0.509525
10515.0	0.508408
10520.0	0.507421
10525.0	0.506814
10530.0	0.506443
10535.0	0.506063
10540.0	0.5054310000000001
10545.0	0.504397
10550.0	0.5031760000000001
10555.0	0.5020789999999999
10560.0	0.501417
10565.0	0.501371
10570.0	0.5016149999999999
10575.0	0.501698
10580.0	0.501165
10585.0	0.49974399999999997
10590.0	0.497884
10595.0	0.49621000000000004
10600.0	0.49535
10605.0	0.49576899999999996
10610.0	0.49726800000000004
10615.0	0.499489
10620.0	0.50207
10625.0	0.496729
10630.0	0.49632600000000004
10635.0	0.49592200000000003
10640.0	0.495519
10645.0	0.49511700000000003
10650.0	0.49471499999999996
10655.0	0.49431400000000003
10660.0	0.493913
10665.0	0.493512
10670.0	0.493112
10675.0	0.492712
10680.0	0.492313
10685.0	0.491915
10690.0	0.491516
10695.0	0.49111899999999997
10700.0	0.490721
10705.0	0.490324
10710.0	0.489928
10715.0	0.48953199999999997
10720.0	0.489137
10725.0	0.488742
10730.0	0.48834700000000003
10735.0	0.48795299999999997
10740.0	0.487559
10745.0	0.487166
10750.0	0.48677299999999996
10755.0	0.48638100000000006
10760.0	0.48598900000000006
10765.0	0.485598
10770.0	0.48520699999999994
10775.0	0.48481599999999997
10780.0	0.484426
10785.0	0.484037
10790.0	0.48364700000000005
10795.0	0.483259
10800.0	0.48286999999999997
10805.0	0.482483
10810.0	0.482095
10815.0	0.48170799999999997
10820.0	0.481322
10825.0	0.480936
10830.0	0.48055
10835.0	0.48016499999999995
10840.0	0.47978000000000004
10845.0	0.479396
10850.0	0.479012
10855.0	0.47862899999999997
10860.0	0.478246
10865.0	0.477864
10870.0	0.47748199999999996
10875.0	0.4771
10880.0	0.47671899999999995
10885.0	0.476338
10890.0	0.475958
10895.0	0.475578
10900.0	0.47519799999999995
10905.0	0.47481899999999994
10910.0	0.474441
10915.0	0.474063
10920.0	0.473685
10925.0	0.473308
10930.0	0.47293100000000005
10935.0	0.472555
10940.0	0.472179
10945.0	0.471803
10950.0	0.47142799999999996
10955.0	0.471053
10960.0	0.470679
10965.0	0.47030500000000003
10970.0	0.46993199999999996
10975.0	0.469559
10980.0	0.469186
10985.0	0.468814
10990.0	0.468442
10995.0	0.468071
11000.0	0.4677
11005.0	0.46733
11010.0	0.46696000000000004
11015.0	0.46658999999999995
11020.0	0.466221
11025.0	0.46585200000000004
11030.0	0.465484
11035.0	0.465116
11040.0	0.46474899999999997
11045.0	0.46438100000000004
11050.0	0.46401499999999996
11055.0	0.463649
11060.0	0.463283
11065.0	0.462917
11070.0	0.462552
11075.0	0.462188
11080.0	0.46182399999999996
11085.0	0.46146000000000004
11090.0	0.46109700000000003
11095.0	0.46073400000000003
11100.0	0.46037100000000003
11105.0	0.460009
11110.0	0.45964700000000003
11115.0	0.45928599999999997
11120.0	0.458925
11125.0	0.45856499999999994
11130.0	0.45820500000000003
11135.0	0.457845
11140.0	0.45748599999999995
11145.0	0.45712700000000006
11150.0	0.456769
11155.0	0.45641000000000004
11160.0	0.456053
11165.0	0.455696
11170.0	0.45533900000000005
11175.0	0.454982
11180.0	0.45462600000000003
11185.0	0.454271
11190.0	0.453916
11195.0	0.453561
11200.0	0.45320600000000005
11205.0	0.45285200000000003
11210.0	0.452499
11215.0	0.452146
11220.0	0.45179300000000006
11225.0	0.45143999999999995
11230.0	0.451088
11235.0	0.450737
11240.0	0.45038500000000004
11245.0	0.450035
11250.0	0.44968400000000003
11255.0	0.449334
11260.0	0.448984
11265.0	0.44863500000000006
11270.0	0.44828599999999996
11275.0	0.447938
11280.0	0.44759
11285.0	0.44724200000000003
11290.0	0.446895
11295.0	0.44654799999999994
11300.0	0.446201
11305.0	0.445855
11310.0	0.445509
11315.0	0.44516400000000006
11320.0	0.44481899999999996
11325.0	0.444474
11330.0	0.44413
11335.0	0.44378599999999996
11340.0	0.44344300000000003
11345.0	0.4431
11350.0	0.44275699999999996
11355.0	0.44241499999999995
11360.0	0.44207299999999994
11365.0	0.44173100000000004
11370.0	0.44138999999999995
11375.0	0.44104899999999997
11380.0	0.440709
11385.0	0.44036899999999995
11390.0	0.440029
11395.0	0.43968999999999997
11400.0	0.43935100000000005
11405.0	0.439012
11410.0	0.43867399999999995
11415.0	0.43833599999999995
11420.0	0.43799899999999997
11425.0	0.437662
11430.0	0.437325
11435.0	0.436989
11440.0	0.43665299999999996
11445.0	0.436317
11450.0	0.435982
11455.0	0.435647
11460.0	0.435313
11465.0	0.434979
11470.0	0.434645
11475.0	0.43431099999999995
11480.0	0.433978
11485.0	0.433646
11490.0	0.43331400000000003
11495.0	0.432982
11500.0	0.43265
11505.0	0.43231899999999995
11510.0	0.43198800000000004
11515.0	0.431658
11520.0	0.431328
11525.0	0.43099799999999994
11530.0	0.43066800000000005
11535.0	0.430339
11540.0	0.430011
11545.0	0.429683
11550.0	0.42935500000000004
11555.0	0.42902700000000005
11560.0	0.4287
11565.0	0.42837299999999995
11570.0	0.428046
11575.0	0.42772
11580.0	0.42739399999999994
11585.0	0.427069
11590.0	0.42674399999999996
11595.0	0.42641899999999994
11600.0	0.426095
11605.0	0.425771
11610.0	0.425447
11615.0	0.425124
11620.0	0.42480100000000004
11625.0	0.42447799999999997
11630.0	0.42415600000000003
11635.0	0.423834
11640.0	0.423512
11645.0	0.423191
11650.0	0.42286999999999997
11655.0	0.42254899999999995
11660.0	0.422229
11665.0	0.42190900000000003
11670.0	0.42158999999999996
11675.0	0.421271
11680.0	0.42095200000000005
11685.0	0.420633
11690.0	0.42031499999999994
11695.0	0.419997
11700.0	0.41968
11705.0	0.419363
11710.0	0.41904600000000003
11715.0	0.418729
11720.0	0.41841300000000003
11725.0	0.41809700000000005
11730.0	0.417782
11735.0	0.41746700000000003
11740.0	0.417152
11745.0	0.416837
11750.0	0.416523
11755.0	0.41621
11760.0	0.415896
11765.0	0.415583
11770.0	0.41527
11775.0	0.414958
11780.0	0.414645
11785.0	0.41433400000000004
11790.0	0.414022
11795.0	0.41371099999999994
11800.0	0.4134
11805.0	0.41308999999999996
11810.0	0.41278000000000004
11815.0	0.41247
11820.0	0.41216
11825.0	0.411851
11830.0	0.411542
11835.0	0.411234
11840.0	0.410925
11845.0	0.410617
11850.0	0.41031000000000006
11855.0	0.41000299999999995
11860.0	0.409696
11865.0	0.409389
11870.0	0.409083
11875.0	0.408777
11880.0	0.40847100000000003
11885.0	0.408166
11890.0	0.40786100000000003
11895.0	0.407556
11900.0	0.407252
11905.0	0.406947
11910.0	0.406644
11915.0	0.40634000000000003
11920.0	0.406037
11925.0	0.40573400000000004
11930.0	0.405432
11935.0	0.40513000000000005
11940.0	0.404828
11945.0	0.404526
11950.0	0.404225
11955.0	0.403924
11960.0	0.403623
11965.0	0.403323
11970.0	0.403023
11975.0	0.402723
11980.0	0.402424
11985.0	0.402124
11990.0	0.401826
11995.0	0.401527
12000.0	0.401229
12005.0	0.400931
12010.0	0.400633
12015.0	0.400336
12020.0	0.400039
12025.0	0.399742
12030.0	0.399446
12035.0	0.39915
12040.0	0.398854
12045.0	0.39855799999999997
12050.0	0.39826300000000003
12055.0	0.397968
12060.0	0.39767399999999997
12065.0	0.397379
12070.0	0.39708499999999997
12075.0	0.39679200000000003
12080.0	0.396498
12085.0	0.39620500000000003
12090.0	0.395912
12095.0	0.39561999999999997
12100.0	0.395327
12105.0	0.39503499999999997
12110.0	0.394744
12115.0	0.394452
12120.0	0.39416100000000004
12125.0	0.39387
12130.0	0.39358000000000004
12135.0	0.39329000000000003
12140.0	0.393
12145.0	0.39271
12150.0	0.392421
12155.0	0.392131
12160.0	0.391843
12165.0	0.391554
12170.0	0.391266
12175.0	0.39097800000000005
12180.0	0.39069
12185.0	0.390403
12190.0	0.39011599999999996
12195.0	0.389829
12200.0	0.389542
12205.0	0.389256
12210.0	0.38897
12215.0	0.38868400000000003
12220.0	0.388399
12225.0	0.388114
12230.0	0.387829
12235.0	0.387544
12240.0	0.38726
12245.0	0.38697600000000004
12250.0	0.386692
12255.0	0.386408
12260.0	0.386125
12265.0	0.385842
12270.0	0.38555900000000004
12275.0	0.385277
12280.0	0.384995
12285.0	0.384713
12290.0	0.38443099999999997
12295.0	0.38415
12300.0	0.383869
12305.0	0.383588
12310.0	0.383308
12315.0	0.38302800000000004
12320.0	0.382748
12325.0	0.382468
12330.0	0.382189
12335.0	0.381909
12340.0	0.381631
12345.0	0.381352
12350.0	0.38107399999999997
12355.0	0.380796
12360.0	0.38051799999999997
12365.0	0.38024
12370.0	0.379963
12375.0	0.379686
12380.0	0.379409
12385.0	0.379133
12390.0	0.378857
12395.0	0.378581
12400.0	0.378305
12405.0	0.37803000000000003
12410.0	0.377755
12415.0	0.37748000000000004
12420.0	0.377205
12425.0	0.376931
12430.0	0.376657
12435.0	0.37638299999999997
12440.0	0.376109
12445.0	0.375836
12450.0	0.37556300000000004
12455.0	0.375291
12460.0	0.37501799999999996
12465.0	0.374746
12470.0	0.374474
12475.0	0.374202
12480.0	0.373931
12485.0	0.37366
12490.0	0.37338899999999997
12495.0	0.373118
12500.0	0.372848
12505.0	0.372578
12510.0	0.372308
12515.0	0.37203800000000004
12520.0	0.371769
12525.0	0.3715
12530.0	0.371231
12535.0	0.370963
12540.0	0.370694
12545.0	0.37042600000000003
12550.0	0.370159
12555.0	0.36989099999999997
12560.0	0.36962399999999995
12565.0	0.369357
12570.0	0.36909000000000003
12575.0	0.368824
12580.0	0.368557
12585.0	0.368291
12590.0	0.368026
12595.0	0.36776
12600.0	0.36749499999999996
12605.0	0.36723
12610.0	0.36696599999999996
12615.0	0.366701
12620.0	0.366437
12625.0	0.366173
12630.0	0.36590900000000004
12635.0	0.365646
12640.0	0.365383
12645.0	0.36512
12650.0	0.36485700000000004
12655.0	0.364595
12660.0	0.364333
12665.0	0.364071
12670.0	0.363809
12675.0	0.363548
12680.0	0.36328699999999997
12685.0	0.363026
12690.0	0.362765
12695.0	0.362505
12700.0	0.362245
12705.0	0.361985
12710.0	0.361725
12715.0	0.361466
12720.0	0.361207
12725.0	0.360948
12730.0	0.360689
12735.0	0.360431
12740.0	0.360173
12745.0	0.359915
12750.0	0.359657
12755.0	0.3594
12760.0	0.359143
12765.0	0.35888600000000004
12770.0	0.358629
12775.0	0.358373
12780.0	0.358117
12785.0	0.35786100000000004
12790.0	0.357605
12795.0	0.35735
12800.0	0.357094
12805.0	0.35683899999999996
12810.0	0.356585
12815.0	0.35633000000000004
12820.0	0.356076
12825.0	0.35582199999999997
12830.0	0.355568
12835.0	0.355315
12840.0	0.355062
12845.0	0.35480900000000004
12850.0	0.354556
12855.0	0.35430300000000003
12860.0	0.354051
12865.0	0.353799
12870.0	0.353547
12875.0	0.353296
12880.0	0.353044
12885.0	0.35279299999999997
12890.0	0.352543
12895.0	0.352292
12900.0	0.352042
12905.0	0.351792
12910.0	0.351542
12915.0	0.351292
12920.0	0.351043
12925.0	0.35079299999999997
12930.0	0.350545
12935.0	0.350296
12940.0	0.350047
12945.0	0.34979899999999997
12950.0	0.349551
12955.0	0.349304
12960.0	0.349056
12965.0	0.34880900000000004
12970.0	0.348562
12975.0	0.348315
12980.0	0.348068
12985.0	0.34782199999999996
12990.0	0.347576
12995.0	0.34733
13000.0	0.347084
13005.0	0.346839
13010.0	0.346594
13015.0	0.34634899999999996
13020.0	0.346104
13025.0	0.34586
13030.0	0.345616
13035.0	0.34537199999999996
13040.0	0.34512800000000005
13045.0	0.344884
13050.0	0.344641
13055.0	0.344398
13060.0	0.34415500000000004
13065.0	0.343912
13070.0	0.34367
13075.0	0.343428
13080.0	0.343186
13085.0	0.342944
13090.0	0.34270300000000004
13095.0	0.342461
13100.0	0.34221999999999997
13105.0	0.34198
13110.0	0.341739
13115.0	0.341499
13120.0	0.34125900000000003
13125.0	0.341019
13130.0	0.340779
13135.0	0.34054
13140.0	0.3403
13145.0	0.340061
13150.0	0.339823
13155.0	0.339584
13160.0	0.339346
13165.0	0.33910799999999997
13170.0	0.33887
13175.0	0.33863200000000004
13180.0	0.338395
13185.0	0.338158
13190.0	0.337921
13195.0	0.33768400000000004
13200.0	0.337447
13205.0	0.33721100000000004
13210.0	0.336975
13215.0	0.336739
13220.0	0.336503
13225.0	0.336268
13230.0	0.33603299999999997
13235.0	0.335798
13240.0	0.335563
13245.0	0.335329
13250.0	0.335094
13255.0	0.33486
13260.0	0.33462600000000003
13265.0	0.334393
13270.0	0.33415900000000004
13275.0	0.333926
13280.0	0.33369299999999996
13285.0	0.33346
13290.0	0.333227
13295.0	0.332995
13300.0	0.33276300000000003
13305.0	0.332531
13310.0	0.33229899999999996
13315.0	0.332068
13320.0	0.331836
13325.0	0.33160500000000004
13330.0	0.331375
13335.0	0.331144
13340.0	0.330913
13345.0	0.330683
13350.0	0.330453
13355.0	0.330223
13360.0	0.329994
13365.0	0.329764
13370.0	0.32953499999999997
13375.0	0.329306
13380.0	0.32907800000000004
13385.0	0.328849
13390.0	0.328621
13395.0	0.328393
13400.0	0.328165
13405.0	0.327937
13410.0	0.32771
13415.0	0.327482
13420.0	0.327255
13425.0	0.327029
13430.0	0.326802
13435.0	0.326575
13440.0	0.326349
13445.0	0.326123
13450.0	0.325898
13455.0	0.32567199999999996
13460.0	0.325447
13465.0	0.325221
13470.0	0.324996
13475.0	0.324772
13480.0	0.324547
13485.0	0.32432300000000003
13490.0	0.32409899999999997
13495.0	0.323875
13500.0	0.323651
13505.0	0.323427
13510.0	0.323204
13515.0	0.322981
13520.0	0.322758
13525.0	0.322535
13530.0	0.322313
13535.0	0.32209
13540.0	0.321868
13545.0	0.321646
13550.0	0.321425
13555.0	0.321203
13560.0	0.320982
13565.0	0.320761
13570.0	0.32054
13575.0	0.320319
13580.0	0.32009899999999997
13585.0	0.319878
13590.0	0.319658
13595.0	0.319438
13600.0	0.31921900000000003
13605.0	0.318999
13610.0	0.31878
13615.0	0.31856100000000004
13620.0	0.318342
13625.0	0.318123
13630.0	0.317905
13635.0	0.317686
13640.0	0.317468
13645.0	0.31725
13650.0	0.317033
13655.0	0.316815
13660.0	0.316598
13665.0	0.31638099999999997
13670.0	0.316164
13675.0	0.315947
13680.0	0.31573
13685.0	0.31551399999999996
13690.0	0.315298
13695.0	0.31508200000000003
13700.0	0.314866
13705.0	0.314651
13710.0	0.31443499999999996
13715.0	0.31422
13720.0	0.31400500000000003
13725.0	0.31379
13730.0	0.313576
13735.0	0.313361
13740.0	0.31314699999999995
13745.0	0.312933
13750.0	0.312719
13755.0	0.31250500000000003
13760.0	0.312292
13765.0	0.312079
13770.0	0.311866
13775.0	0.311653
13780.0	0.31144
13785.0	0.311227
13790.0	0.311015
13795.0	0.310803
13800.0	0.310591
13805.0	0.310379
13810.0	0.310168
13815.0	0.309956
13820.0	0.309745
13825.0	0.30953400000000003
13830.0	0.309323
13835.0	0.309112
13840.0	0.308902
13845.0	0.308692
13850.0	0.30848200000000003
13855.0	0.308272
13860.0	0.308062
13865.0	0.307852
13870.0	0.307643
13875.0	0.30743400000000004
13880.0	0.307225
13885.0	0.307016
13890.0	0.306807
13895.0	0.30659899999999995
13900.0	0.30639099999999997
13905.0	0.306183
13910.0	0.305975
13915.0	0.305767
13920.0	0.305559
13925.0	0.305352
13930.0	0.305145
13935.0	0.304938
13940.0	0.304731
13945.0	0.30452399999999996
13950.0	0.304318
13955.0	0.304112
13960.0	0.303906
13965.0	0.3037
13970.0	0.303494
13975.0	0.303288
13980.0	0.303083
13985.0	0.30287800000000004
13990.0	0.302673
13995.0	0.30246799999999996
14000.0	0.302263
14005.0	0.302059
14010.0	0.301854
14015.0	0.30165
14020.0	0.301446
14025.0	0.301242
14030.0	0.301039
14035.0	0.30083499999999996
14040.0	0.300632
14045.0	0.300429
14050.0	0.30022600000000005
14055.0	0.300023
14060.0	0.299821
14065.0	0.299618
14070.0	0.29941599999999996
14075.0	0.299214
14080.0	0.299012
14085.0	0.29880999999999996
14090.0	0.298609
14095.0	0.29840700000000003
14100.0	0.29820599999999997
14105.0	0.298005
14110.0	0.297804
14115.0	0.297603
14120.0	0.29740300000000003
14125.0	0.297203
14130.0	0.297002
14135.0	0.296802
14140.0	0.296602
14145.0	0.296403
14150.0	0.296203
14155.0	0.296004
14160.0	0.29580500000000004
14165.0	0.295606
14170.0	0.29540700000000003
14175.0	0.29520799999999997
14180.0	0.29501
14185.0	0.294811
14190.0	0.294613
14195.0	0.294415
14200.0	0.294217
14205.0	0.29401900000000003
14210.0	0.29382199999999997
14215.0	0.293625
14220.0	0.293427
14225.0	0.29323
14230.0	0.293034
14235.0	0.292837
14240.0	0.29264
14245.0	0.292444
14250.0	0.292248
14255.0	0.292052
14260.0	0.291856
14265.0	0.29166
14270.0	0.291464
14275.0	0.291269
14280.0	0.291074
14285.0	0.290879
14290.0	0.290684
14295.0	0.290489
14300.0	0.290294
14305.0	0.2901
14310.0	0.289906
14315.0	0.289711
14320.0	0.289517
14325.0	0.28932399999999997
14330.0	0.28913
14335.0	0.288936
14340.0	0.28874299999999997
14345.0	0.28855
14350.0	0.28835700000000003
14355.0	0.288164
14360.0	0.287971
14365.0	0.287779
14370.0	0.287586
14375.0	0.287394
14380.0	0.287202
14385.0	0.28701
14390.0	0.28681799999999996
14395.0	0.286627
14400.0	0.286435
14405.0	0.286244
14410.0	0.286053
14415.0	0.28586100000000003
14420.0	0.285671
14425.0	0.28548
14430.0	0.285289
14435.0	0.285099
14440.0	0.284909
14445.0	0.284719
14450.0	0.284529
14455.0	0.284339
14460.0	0.284149
14465.0	0.28396
14470.0	0.28376999999999997
14475.0	0.28358099999999997
14480.0	0.28339200000000003
14485.0	0.28320300000000004
14490.0	0.283014
14495.0	0.282826
14500.0	0.28263699999999997
14505.0	0.282449
14510.0	0.28226100000000004
14515.0	0.282073
14520.0	0.281885
14525.0	0.281697
14530.0	0.281509
14535.0	0.28132199999999996
14540.0	0.28113499999999997
14545.0	0.280948
14550.0	0.28076100000000004
14555.0	0.280574
14560.0	0.280387
14565.0	0.2802
14570.0	0.280014
14575.0	0.279828
14580.0	0.279642
14585.0	0.279456
14590.0	0.27926999999999996
14595.0	0.279084
14600.0	0.278898
14605.0	0.278713
14610.0	0.278528
14615.0	0.278343
14620.0	0.278158
14625.0	0.277973
14630.0	0.27778800000000003
14635.0	0.27760300000000004
14640.0	0.277419
14645.0	0.277235
14650.0	0.27705
14655.0	0.276866
14660.0	0.276683
14665.0	0.276499
14670.0	0.27631500000000003
14675.0	0.27613200000000004
14680.0	0.275948
14685.0	0.275765
14690.0	0.275582
14695.0	0.275399
14700.0	0.27521599999999996
14705.0	0.275034
14710.0	0.274851
14715.0	0.274669
14720.0	0.274487
14725.0	0.274305
14730.0	0.274123
14735.0	0.273941
14740.0	0.27375900000000003
14745.0	0.27357800000000004
14750.0	0.27339600000000003
14755.0	0.273215
14760.0	0.273034
14765.0	0.272853
14770.0	0.27267199999999997
14775.0	0.272491
14780.0	0.27231
14785.0	0.27213000000000004
14790.0	0.271949
14795.0	0.271769
14800.0	0.27158899999999997
14805.0	0.271409
14810.0	0.271229
14815.0	0.27105
14820.0	0.27087
14825.0	0.27069099999999996
14830.0	0.270511
14835.0	0.270332
14840.0	0.27015300000000003
14845.0	0.269974
14850.0	0.269795
14855.0	0.26961599999999997
14860.0	0.269438
14865.0	0.26926
14870.0	0.269081
14875.0	0.268903
14880.0	0.268725
14885.0	0.268547
14890.0	0.268369
14895.0	0.268192
14900.0	0.268014
14905.0	0.267837
14910.0	0.26765900000000004
14915.0	0.267482
14920.0	0.267305
14925.0	0.26712800000000003
14930.0	0.26695100000000005
14935.0	0.266775
14940.0	0.266598
14945.0	0.266422
14950.0	0.266245
14955.0	0.266069
14960.0	0.265893
14965.0	0.265717
14970.0	0.26554099999999997
14975.0	0.265366
14980.0	0.26519000000000004
14985.0	0.265015
14990.0	0.264839
14995.0	0.264664
15000.0	0.264489
15005.0	0.264314
15010.0	0.264139
15015.0	0.263964
15020.0	0.26379
15025.0	0.263615
15030.0	0.263441
15035.0	0.26326700000000003
15040.0	0.26309299999999997
15045.0	0.262918
15050.0	0.262745
15055.0	0.262571
15060.0	0.262397
15065.0	0.26222399999999996
15070.0	0.26205
15075.0	0.26187699999999997
15080.0	0.261703
15085.0	0.26153000000000004
15090.0	0.261357
15095.0	0.261185
15100.0	0.26101199999999997
15105.0	0.260839
15110.0	0.260667
15115.0	0.260494
15120.0	0.260322
15125.0	0.26015
15130.0	0.25997800000000004
15135.0	0.259806
15140.0	0.25963400000000003
15145.0	0.25946199999999997
15150.0	0.25929
15155.0	0.259119
15160.0	0.258947
15165.0	0.258776
15170.0	0.25860500000000003
15175.0	0.258434
15180.0	0.258263
15185.0	0.258092
15190.0	0.257921
15195.0	0.25775
15200.0	0.25758000000000003
15205.0	0.257409
15210.0	0.257239
15215.0	0.257069
15220.0	0.256899
15225.0	0.256729
15230.0	0.25655900000000004
15235.0	0.256389
15240.0	0.25621900000000003
15245.0	0.25605
15250.0	0.25588
15255.0	0.255711
15260.0	0.255542
15265.0	0.255373
15270.0	0.255204
15275.0	0.255035
15280.0	0.254866
15285.0	0.254697
15290.0	0.25452800000000003
15295.0	0.25436
15300.0	0.254191
15305.0	0.254023
15310.0	0.253855
15315.0	0.253687
15320.0	0.253519
15325.0	0.25335100000000005
15330.0	0.253183
15335.0	0.253015
15340.0	0.252847
15345.0	0.25268
15350.0	0.252513
15355.0	0.252345
15360.0	0.252178
15365.0	0.252011
15370.0	0.251844
15375.0	0.251677
15380.0	0.25151
15385.0	0.251343
15390.0	0.251177
15395.0	0.25101
15400.0	0.250844
15405.0	0.250677
15410.0	0.25051100000000004
15415.0	0.250345
15420.0	0.250179
15425.0	0.250013
15430.0	0.24984699999999999
15435.0	0.249681
15440.0	0.249516
15445.0	0.24935
15450.0	0.249185
15455.0	0.24901900000000002
15460.0	0.248854
15465.0	0.248689
15470.0	0.248523
15475.0	0.248358
15480.0	0.248194
15485.0	0.248029
15490.0	0.247864
15495.0	0.24769899999999997
15500.0	0.24753499999999998
15505.0	0.24736999999999998
15510.0	0.24720599999999998
15515.0	0.247042
15520.0	0.24687699999999999
15525.0	0.24671300000000002
15530.0	0.246549
15535.0	0.246385
15540.0	0.246221
15545.0	0.246058
15550.0	0.245894
15555.0	0.24573000000000003
15560.0	0.245567
15565.0	0.24540399999999998
15570.0	0.24524
15575.0	0.245077
15580.0	0.244914
15585.0	0.24475100000000002
15590.0	0.244588
15595.0	0.244425
15600.0	0.24426199999999998
15605.0	0.24409899999999998
15610.0	0.243937
15615.0	0.243774
15620.0	0.243612
15625.0	0.24344899999999997
15630.0	0.24328699999999998
15635.0	0.243125
15640.0	0.242963
15645.0	0.24280100000000002
15650.0	0.242639
15655.0	0.242477
15660.0	0.242315
15665.0	0.242153
15670.0	0.241992
15675.0	0.24183000000000002
15680.0	0.241669
15685.0	0.24150700000000003
15690.0	0.241346
15695.0	0.24118499999999998
15700.0	0.241024
15705.0	0.24086300000000002
15710.0	0.240702
15715.0	0.24054099999999998
15720.0	0.24038
15725.0	0.24021900000000002
15730.0	0.240058
15735.0	0.239898
15740.0	0.23973699999999998
15745.0	0.234158
15750.0	0.231852
15755.0	0.236283
15760.0	0.239348
15765.0	0.228422
15770.0	0.222034
15775.0	0.23240100000000002
15780.0	0.24335900000000002
15785.0	0.24483000000000002
15790.0	0.243283
15795.0	0.242873
15800.0	0.24305500000000002
15805.0	0.243669
15810.0	0.24444699999999997
15815.0	0.240117
15820.0	0.234896
15825.0	0.236517
15830.0	0.239936
15835.0	0.23675
15840.0	0.23800100000000002
15845.0	0.243524
15850.0	0.24457800000000002
15855.0	0.243325
15860.0	0.241227
15865.0	0.239538
15870.0	0.23792600000000003
15875.0	0.23856599999999997
15880.0	0.235406
15885.0	0.22695500000000002
15890.0	0.219966
15895.0	0.222306
15900.0	0.228954
15905.0	0.232098
15910.0	0.233377
15915.0	0.23503800000000002
15920.0	0.23596599999999998
15925.0	0.23728400000000002
15930.0	0.239023
15935.0	0.23882899999999999
15940.0	0.23733200000000002
15945.0	0.236235
15950.0	0.236447
15955.0	0.23320100000000002
15960.0	0.226277
15965.0	0.22624299999999997
15970.0	0.231087
15975.0	0.233765
15980.0	0.232738
15985.0	0.23338299999999998
15990.0	0.236789
15995.0	0.23715799999999998
16000.0	0.23576599999999998
16005.0	0.23199
16010.0	0.22764600000000002
16015.0	0.23079000000000002
16020.0	0.23390999999999998
16025.0	0.234303
16030.0	0.23457600000000003
16035.0	0.23195
16040.0	0.228541
16045.0	0.229929
16050.0	0.234041
16055.0	0.23446399999999998
16060.0	0.231319
16065.0	0.230462
16070.0	0.231271
16075.0	0.22851300000000002
16080.0	0.229937
16085.0	0.231817
16090.0	0.229735
16095.0	0.22507399999999997
16100.0	0.223754
16105.0	0.226719
16110.0	0.23055799999999999
16115.0	0.230477
16120.0	0.22839
16125.0	0.22767800000000002
16130.0	0.22743000000000002
16135.0	0.22911399999999998
16140.0	0.23008699999999999
16145.0	0.23093000000000002
16150.0	0.227571
16155.0	0.22330300000000003
16160.0	0.22242800000000001
16165.0	0.22211
16170.0	0.223467
16175.0	0.22440100000000002
16180.0	0.222789
16185.0	0.222762
16190.0	0.223904
16195.0	0.22122399999999998
16200.0	0.21839899999999998
16205.0	0.219644
16210.0	0.22022399999999998
16215.0	0.22071300000000002
16220.0	0.22309099999999998
16225.0	0.224358
16230.0	0.22283899999999998
16235.0	0.22221799999999997
16240.0	0.222052
16245.0	0.222886
16250.0	0.225227
16255.0	0.226275
16260.0	0.226054
16265.0	0.226579
16270.0	0.22653
16275.0	0.22578099999999998
16280.0	0.22517600000000002
16285.0	0.22399299999999997
16290.0	0.223782
16295.0	0.22445
16300.0	0.224742
16305.0	0.22373400000000002
16310.0	0.221127
16315.0	0.218207
16320.0	0.21802399999999997
16325.0	0.22015300000000002
16330.0	0.221631
16335.0	0.22260300000000002
16340.0	0.222816
16345.0	0.22194099999999997
16350.0	0.22109
16355.0	0.22040900000000002
16360.0	0.219496
16365.0	0.216646
16370.0	0.21794899999999998
16375.0	0.217308
16380.0	0.212959
16385.0	0.21268
16390.0	0.21824899999999997
16395.0	0.21763200000000002
16400.0	0.209927
16405.0	0.21170999999999998
16410.0	0.21419000000000002
16415.0	0.21866100000000002
16420.0	0.218509
16425.0	0.218356
16430.0	0.218204
16435.0	0.21805100000000002
16440.0	0.21789899999999998
16445.0	0.21774699999999997
16450.0	0.217594
16455.0	0.217442
16460.0	0.21729
16465.0	0.217138
16470.0	0.216986
16475.0	0.21683400000000003
16480.0	0.216682
16485.0	0.21653000000000003
16490.0	0.21637800000000001
16495.0	0.21622600000000003
16500.0	0.216074
16505.0	0.21592199999999998
16510.0	0.21577
16515.0	0.215619
16520.0	0.21546700000000002
16525.0	0.21531599999999998
16530.0	0.215164
16535.0	0.21501199999999998
16540.0	0.21486100000000002
16545.0	0.21470999999999998
16550.0	0.214558
16555.0	0.21440700000000001
16560.0	0.214256
16565.0	0.214104
16570.0	0.21395300000000003
16575.0	0.213802
16580.0	0.21365100000000004
16585.0	0.2135
16590.0	0.21334899999999998
16595.0	0.213198
16600.0	0.213047
16605.0	0.212896
16610.0	0.212745
16615.0	0.21259499999999998
16620.0	0.212444
16625.0	0.21229299999999998
16630.0	0.212142
16635.0	0.211992
16640.0	0.21184099999999997
16645.0	0.211691
16650.0	0.21154
16655.0	0.21139000000000002
16660.0	0.21124
16665.0	0.211089
16670.0	0.210939
16675.0	0.21078899999999998
16680.0	0.210639
16685.0	0.210488
16690.0	0.210338
16695.0	0.210188
16700.0	0.210038
16705.0	0.20988800000000002
16710.0	0.20973899999999998
16715.0	0.209589
16720.0	0.209439
16725.0	0.20928899999999998
16730.0	0.209139
16735.0	0.20899
16740.0	0.20884
16745.0	0.20869000000000001
16750.0	0.20854099999999998
16755.0	0.208392
16760.0	0.208242
16765.0	0.20809299999999997
16770.0	0.207943
16775.0	0.207794
16780.0	0.20764499999999997
16785.0	0.207496
16790.0	0.207346
16795.0	0.207197
16800.0	0.207048
16805.0	0.20689899999999997
16810.0	0.20675
16815.0	0.20660100000000003
16820.0	0.206452
16825.0	0.206304
16830.0	0.206155
16835.0	0.206006
16840.0	0.205857
16845.0	0.205709
16850.0	0.20556
16855.0	0.20541199999999998
16860.0	0.205263
16865.0	0.20511500000000002
16870.0	0.20496599999999998
16875.0	0.20481799999999997
16880.0	0.20467
16885.0	0.204521
16890.0	0.204373
16895.0	0.204225
16900.0	0.204077
16905.0	0.203929
16910.0	0.203781
16915.0	0.20363299999999998
16920.0	0.203485
16925.0	0.203337
16930.0	0.203189
16935.0	0.203041
16940.0	0.20289400000000002
16945.0	0.202746
16950.0	0.202598
16955.0	0.202451
16960.0	0.202303
16965.0	0.202156
16970.0	0.202008
16975.0	0.20186099999999998
16980.0	0.201713
16985.0	0.201566
16990.0	0.20141900000000001
16995.0	0.201272
17000.0	0.201125
17005.0	0.200977
17010.0	0.20083
17015.0	0.200683
17020.0	0.200536
17025.0	0.200389
17030.0	0.200243
17035.0	0.200096
17040.0	0.199949
17045.0	0.199802
17050.0	0.199655
17055.0	0.199509
17060.0	0.19936199999999998
17065.0	0.199216
17070.0	0.199069
17075.0	0.198923
17080.0	0.198776
17085.0	0.19863
17090.0	0.198484
17095.0	0.19833699999999999
17100.0	0.198191
17105.0	0.198045
17110.0	0.197899
17115.0	0.19775299999999998
17120.0	0.197607
17125.0	0.197461
17130.0	0.19731500000000002
17135.0	0.197169
17140.0	0.197023
17145.0	0.196878
17150.0	0.196732
17155.0	0.19658599999999998
17160.0	0.196441
17165.0	0.196295
17170.0	0.196149
17175.0	0.19600399999999998
17180.0	0.195859
17185.0	0.195713
17190.0	0.19556800000000002
17195.0	0.195423
17200.0	0.195277
17205.0	0.195132
17210.0	0.194987
17215.0	0.19484200000000002
17220.0	0.194697
17225.0	0.194552
17230.0	0.194407
17235.0	0.194262
17240.0	0.194117
17245.0	0.193972
17250.0	0.193828
17255.0	0.193683
17260.0	0.19353800000000002
17265.0	0.193394
17270.0	0.193249
17275.0	0.193105
17280.0	0.19296
17285.0	0.19281600000000002
17290.0	0.192672
17295.0	0.192527
17300.0	0.192383
17305.0	0.19223900000000002
17310.0	0.19209500000000002
17315.0	0.191951
17320.0	0.191806
17325.0	0.191662
17330.0	0.191519
17335.0	0.191375
17340.0	0.19123099999999998
17345.0	0.19108699999999998
17350.0	0.190943
17355.0	0.1908
17360.0	0.190656
17365.0	0.190512
17370.0	0.190369
17375.0	0.190225
17380.0	0.190082
17385.0	0.18993800000000002
17390.0	0.189795
17395.0	0.189652
17400.0	0.18950799999999998
17405.0	0.189365
17410.0	0.189222
17415.0	0.189079
17420.0	0.188936
17425.0	0.18879300000000002
17430.0	0.18865
17435.0	0.18850699999999998
17440.0	0.188364
17445.0	0.188221
17450.0	0.188079
17455.0	0.187936
17460.0	0.18779300000000002
17465.0	0.187651
17470.0	0.18750799999999998
17475.0	0.187366
17480.0	0.187223
17485.0	0.187081
17490.0	0.18693800000000002
17495.0	0.186796
17500.0	0.186654
17505.0	0.18651199999999998
17510.0	0.186369
17515.0	0.186227
17520.0	0.186085
17525.0	0.185943
17530.0	0.185801
17535.0	0.185659
17540.0	0.18551800000000002
17545.0	0.18537599999999999
17550.0	0.18523399999999998
17555.0	0.185092
17560.0	0.184951
17565.0	0.184809
17570.0	0.184668
17575.0	0.184526
17580.0	0.184385
17585.0	0.18424300000000002
17590.0	0.184102
17595.0	0.18396099999999999
17600.0	0.183819
17605.0	0.183678
17610.0	0.18353699999999998
17615.0	0.183396
17620.0	0.183255
17625.0	0.183114
17630.0	0.182973
17635.0	0.182832
17640.0	0.18269100000000002
17645.0	0.18255
17650.0	0.18241
17655.0	0.18226900000000001
17660.0	0.18212799999999998
17665.0	0.181988
17670.0	0.181847
17675.0	0.181707
17680.0	0.181566
17685.0	0.181426
17690.0	0.181286
17695.0	0.181145
17700.0	0.181005
17705.0	0.180865
17710.0	0.180725
17715.0	0.180585
17720.0	0.180445
17725.0	0.180305
17730.0	0.18016500000000002
17735.0	0.180025
17740.0	0.179885
17745.0	0.17974600000000002
17750.0	0.179606
17755.0	0.17946600000000001
17760.0	0.179327
17765.0	0.17918699999999999
17770.0	0.179048
17775.0	0.17890799999999998
17780.0	0.178769
17785.0	0.178629
17790.0	0.17849
17795.0	0.178351
17800.0	0.17821199999999998
17805.0	0.178073
17810.0	0.17793399999999998
17815.0	0.177795
17820.0	0.177656
17825.0	0.177517
17830.0	0.177378
17835.0	0.177239
17840.0	0.1771
17845.0	0.17696099999999998
17850.0	0.176823
17855.0	0.17668399999999998
17860.0	0.176546
17865.0	0.17640699999999998
17870.0	0.176269
17875.0	0.17613
17880.0	0.175992
17885.0	0.17585399999999998
17890.0	0.175715
17895.0	0.175577
17900.0	0.175439
17905.0	0.175301
17910.0	0.175163
17915.0	0.175025
17920.0	0.174887
17925.0	0.174749
17930.0	0.174611
17935.0	0.174474
17940.0	0.174336
17945.0	0.174198
17950.0	0.174061
17955.0	0.173923
17960.0	0.173785
17965.0	0.173648
17970.0	0.173511
17975.0	0.173373
17980.0	0.173236
17985.0	0.173099
17990.0	0.17296199999999998
17995.0	0.172824
18000.0	0.17268699999999998
18005.0	0.17255
18010.0	0.172413
18015.0	0.172276
18020.0	0.17214000000000002
18025.0	0.172003
18030.0	0.17186600000000002
18035.0	0.171729
18040.0	0.171593
18045.0	0.171456
18050.0	0.171319
18055.0	0.171183
18060.0	0.171046
18065.0	0.17090999999999998
18070.0	0.170774
18075.0	0.17063699999999998
18080.0	0.17050099999999999
18085.0	0.17036500000000002
18090.0	0.170229
18095.0	0.170093
18100.0	0.169957
18105.0	0.169821
18110.0	0.169685
18115.0	0.169549
18120.0	0.169413
18125.0	0.169277
18130.0	0.16914200000000001
18135.0	0.169006
18140.0	0.168871
18145.0	0.168735
18150.0	0.1686
18155.0	0.168464
18160.0	0.168329
18165.0	0.168193
18170.0	0.16805799999999999
18175.0	0.167923
18180.0	0.16778800000000002
18185.0	0.167653
18190.0	0.167518
18195.0	0.167383
18200.0	0.167248
18205.0	0.167113
18210.0	0.166978
18215.0	0.16684300000000002
18220.0	0.166708
18225.0	0.166574
18230.0	0.166439
18235.0	0.166305
18240.0	0.16617
18245.0	0.166036
18250.0	0.165901
18255.0	0.165767
18260.0	0.165633
18265.0	0.165498
18270.0	0.165364
18275.0	0.16523
18280.0	0.165096
18285.0	0.164962
18290.0	0.164828
18295.0	0.164694
18300.0	0.16455999999999998
18305.0	0.164426
18310.0	0.164293
18315.0	0.164159
18320.0	0.164025
18325.0	0.163892
18330.0	0.163758
18335.0	0.163625
18340.0	0.163491
18345.0	0.163358
18350.0	0.163225
18355.0	0.163091
18360.0	0.162958
18365.0	0.162825
18370.0	0.162692
18375.0	0.16255899999999998
18380.0	0.162426
18385.0	0.162293
18390.0	0.16216
18395.0	0.162027
18400.0	0.161894
18405.0	0.161762
18410.0	0.161629
18415.0	0.161496
18420.0	0.161364
18425.0	0.16123099999999999
18430.0	0.161099
18435.0	0.160967
18440.0	0.160834
18445.0	0.160702
18450.0	0.16057000000000002
18455.0	0.160438
18460.0	0.160305
18465.0	0.160173
18470.0	0.16004100000000002
18475.0	0.159909
18480.0	0.159778
18485.0	0.159646
18490.0	0.15951400000000002
18495.0	0.159382
18500.0	0.159251
18505.0	0.159119
18510.0	0.158987
18515.0	0.158856
18520.0	0.158725
18525.0	0.158593
18530.0	0.158462
18535.0	0.158331
18540.0	0.158199
18545.0	0.15806800000000001
18550.0	0.157937
18555.0	0.157806
18560.0	0.157675
18565.0	0.15754400000000002
18570.0	0.157413
18575.0	0.157282
18580.0	0.157152
18585.0	0.157021
18590.0	0.15689
18595.0	0.15675999999999998
18600.0	0.156629
18605.0	0.156499
18610.0	0.156368
18615.0	0.15623800000000002
18620.0	0.156107
18625.0	0.155977
18630.0	0.155847
18635.0	0.155717
18640.0	0.15558699999999998
18645.0	0.15545699999999998
18650.0	0.155327
18655.0	0.155197
18660.0	0.155067
18665.0	0.154937
18670.0	0.154807
18675.0	0.154678
18680.0	0.154548
18685.0	0.154418
18690.0	0.154289
18695.0	0.154159
18700.0	0.15403
18705.0	0.153901
18710.0	0.153771
18715.0	0.153642
18720.0	0.153513
18725.0	0.153384
18730.0	0.153255
18735.0	0.153126
18740.0	0.152997
18745.0	0.152868
18750.0	0.152739
18755.0	0.15261
18760.0	0.152481
18765.0	0.152353
18770.0	0.152224
18775.0	0.152095
18780.0	0.15196700000000002
18785.0	0.151839
18790.0	0.15170999999999998
18795.0	0.151582
18800.0	0.151453
18805.0	0.151325
18810.0	0.151197
18815.0	0.151069
18820.0	0.15094100000000002
18825.0	0.150813
18830.0	0.15068499999999999
18835.0	0.150557
18840.0	0.150429
18845.0	0.150301
18850.0	0.150174
18855.0	0.150046
18860.0	0.149919
18865.0	0.149791
18870.0	0.14966400000000002
18875.0	0.149536
18880.0	0.149409
18885.0	0.149281
18890.0	0.149154
18895.0	0.149027
18900.0	0.1489
18905.0	0.148773
18910.0	0.148646
18915.0	0.148519
18920.0	0.148392
18925.0	0.148265
18930.0	0.14813800000000002
18935.0	0.148011
18940.0	0.147885
18945.0	0.147758
18950.0	0.14763199999999999
18955.0	0.147505
18960.0	0.147379
18965.0	0.147252
18970.0	0.147126
18975.0	0.147
18980.0	0.146873
18985.0	0.14674700000000002
18990.0	0.146621
18995.0	0.14649500000000001
19000.0	0.146369
19005.0	0.146243
19010.0	0.146117
19015.0	0.145992
19020.0	0.145866
19025.0	0.14574
19030.0	0.14561500000000002
19035.0	0.145489
19040.0	0.14536300000000002
19045.0	0.145238
19050.0	0.14511300000000002
19055.0	0.14498699999999998
19060.0	0.144862
19065.0	0.14473699999999998
19070.0	0.144612
19075.0	0.144486
19080.0	0.144361
19085.0	0.144236
19090.0	0.144111
19095.0	0.14398699999999998
19100.0	0.143862
19105.0	0.14373699999999998
19110.0	0.143612
19115.0	0.143488
19120.0	0.14336300000000002
19125.0	0.143239
19130.0	0.14311400000000002
19135.0	0.14299
19140.0	0.14286500000000002
19145.0	0.142741
19150.0	0.142617
19155.0	0.142493
19160.0	0.142369
19165.0	0.142244
19170.0	0.14212
19175.0	0.141997
19180.0	0.141873
19185.0	0.141749
19190.0	0.141625
19195.0	0.141501
19200.0	0.141378
19205.0	0.141254
19210.0	0.141131
19215.0	0.141007
19220.0	0.14088399999999998
19225.0	0.14076
19230.0	0.14063699999999998
19235.0	0.140514
19240.0	0.14039100000000002
19245.0	0.140268
19250.0	0.140145
19255.0	0.140022
19260.0	0.139899
19265.0	0.139776
19270.0	0.139653
19275.0	0.13953
19280.0	0.139408
19285.0	0.139285
19290.0	0.13916199999999998
19295.0	0.13904
19300.0	0.138917
19305.0	0.138795
19310.0	0.138673
19315.0	0.13855
19320.0	0.138428
19325.0	0.13830599999999998
19330.0	0.138184
19335.0	0.138062
19340.0	0.13794
19345.0	0.137818
19350.0	0.137696
19355.0	0.137574
19360.0	0.137453
19365.0	0.13733099999999998
19370.0	0.137209
19375.0	0.13708800000000002
19380.0	0.136966
19385.0	0.136845
19390.0	0.136724
19395.0	0.136602
19400.0	0.136481
19405.0	0.13635999999999998
19410.0	0.136239
19415.0	0.13611800000000002
19420.0	0.135997
19425.0	0.135876
19430.0	0.135755
19435.0	0.135634
19440.0	0.13551300000000002
19445.0	0.135392
19450.0	0.135272
19455.0	0.135151
19460.0	0.13503099999999998
19465.0	0.13491
19470.0	0.13479000000000002
19475.0	0.134669
19480.0	0.134549
19485.0	0.134429
19490.0	0.13430899999999998
19495.0	0.134189
19500.0	0.134068
19505.0	0.133948
19510.0	0.133829
19515.0	0.133709
19520.0	0.133589
19525.0	0.133469
19530.0	0.133349
19535.0	0.13323
19540.0	0.13310999999999998
19545.0	0.132991
19550.0	0.13287100000000002
19555.0	0.132752
19560.0	0.132633
19565.0	0.13251300000000002
19570.0	0.132394
19575.0	0.132275
19580.0	0.132156
19585.0	0.132037
19590.0	0.131918
19595.0	0.131799
19600.0	0.13168
19605.0	0.13156099999999998
19610.0	0.131443
19615.0	0.131324
19620.0	0.131206
19625.0	0.13108699999999998
19630.0	0.130969
19635.0	0.13085
19640.0	0.130732
19645.0	0.130614
19650.0	0.130495
19655.0	0.130377
19660.0	0.13025899999999999
19665.0	0.130141
19670.0	0.130023
19675.0	0.129905
19680.0	0.12978699999999999
19685.0	0.129669
19690.0	0.129552
19695.0	0.129434
19700.0	0.12931700000000002
19705.0	0.129199
19710.0	0.129081
19715.0	0.12896400000000002
19720.0	0.128847
19725.0	0.128729
19730.0	0.12861199999999998
19735.0	0.128495
19740.0	0.128378
19745.0	0.128261
19750.0	0.128144
19755.0	0.128027
19760.0	0.12791
19765.0	0.12779300000000002
19770.0	0.12767699999999998
19775.0	0.12755999999999998
19780.0	0.127443
19785.0	0.127327
19790.0	0.12721
19795.0	0.127094
19800.0	0.126977
19805.0	0.126861
19810.0	0.126745
19815.0	0.126629
19820.0	0.12651300000000001
19825.0	0.126397
19830.0	0.126281
19835.0	0.126165
19840.0	0.126049
19845.0	0.125933
19850.0	0.125817
19855.0	0.125701
19860.0	0.125586
19865.0	0.12547
19870.0	0.125355
19875.0	0.12523900000000002
19880.0	0.125124
19885.0	0.12500899999999998
19890.0	0.124893
19895.0	0.124778
19900.0	0.12466300000000001
19905.0	0.124548
19910.0	0.12443299999999999
19915.0	0.12431800000000001
19920.0	0.124203
19925.0	0.124089
19930.0	0.123974
19935.0	0.123859
19940.0	0.123744
19945.0	0.12362999999999999
19950.0	0.12351500000000001
19955.0	0.123401
19960.0	0.123287
19965.0	0.123172
19970.0	0.12305799999999999
19975.0	0.12294400000000001
19980.0	0.12283
19985.0	0.122716
19990.0	0.122602
19995.0	0.12248800000000001
20000.0	0.122374
20005.0	0.12226
20010.0	0.122146
20015.0	0.12203299999999999
20020.0	0.121919
20025.0	0.121806
20030.0	0.12169200000000001
20035.0	0.12157899999999999
20040.0	0.121465
20045.0	0.121352
20050.0	0.12123900000000001
20055.0	0.121126
20060.0	0.12101300000000001
20065.0	0.1209
20070.0	0.12078699999999999
20075.0	0.120674
20080.0	0.12056099999999999
20085.0	0.120448
20090.0	0.120335
20095.0	0.120223
20100.0	0.12011
20105.0	0.11999800000000001
20110.0	0.11988499999999999
20115.0	0.119773
20120.0	0.11965999999999999
20125.0	0.119548
20130.0	0.11943599999999999
20135.0	0.119324
20140.0	0.11921199999999998
20145.0	0.1191
20150.0	0.11898800000000001
20155.0	0.118876
20160.0	0.11876400000000001
20165.0	0.118652
20170.0	0.11854100000000001
20175.0	0.11842899999999999
20180.0	0.118317
20185.0	0.11820599999999999
20190.0	0.118094
20195.0	0.11798299999999999
20200.0	0.117872
20205.0	0.11775999999999999
20210.0	0.117649
20215.0	0.11753800000000002
20220.0	0.117427
20225.0	0.117316
20230.0	0.11720499999999999
20235.0	0.117094
20240.0	0.11698299999999999
20245.0	0.116873
20250.0	0.11676199999999999
20255.0	0.116651
20260.0	0.116541
20265.0	0.11642999999999999
20270.0	0.11632
20275.0	0.11621
20280.0	0.11609900000000001
20285.0	0.11598900000000001
20290.0	0.115879
20295.0	0.11576900000000001
20300.0	0.115659
20305.0	0.115549
20310.0	0.11543900000000001
20315.0	0.115329
20320.0	0.115219
20325.0	0.11510999999999999
20330.0	0.115
20335.0	0.11489100000000001
20340.0	0.114781
20345.0	0.114672
20350.0	0.11456199999999998
20355.0	0.114453
20360.0	0.114344
20365.0	0.11423499999999999
20370.0	0.114125
20375.0	0.114016
20380.0	0.113907
20385.0	0.113798
20390.0	0.11369000000000001
20395.0	0.113581
20400.0	0.113472
20405.0	0.113363
20410.0	0.113255
20415.0	0.11314600000000001
20420.0	0.11303800000000001
20425.0	0.112929
20430.0	0.112821
20435.0	0.11271300000000001
20440.0	0.112605
20445.0	0.112496
20450.0	0.11238800000000002
20455.0	0.11227999999999999
20460.0	0.11217200000000001
20465.0	0.11206500000000001
20470.0	0.11195699999999999
20475.0	0.111849
20480.0	0.11174100000000001
20485.0	0.111634
20490.0	0.111526
20495.0	0.111419
20500.0	0.111311
20505.0	0.111204
20510.0	0.111097
20515.0	0.110989
20520.0	0.110882
20525.0	0.110775
20530.0	0.110668
20535.0	0.11056099999999999
20540.0	0.110454
20545.0	0.110348
20550.0	0.110241
20555.0	0.110134
20560.0	0.110027
20565.0	0.109921
20570.0	0.10981400000000001
20575.0	0.10970799999999999
20580.0	0.109602
20585.0	0.10949500000000001
20590.0	0.10938900000000001
20595.0	0.10928299999999999
20600.0	0.109177
20605.0	0.109071
20610.0	0.108965
20615.0	0.108859
20620.0	0.108753
20625.0	0.10864700000000001
20630.0	0.10854200000000001
20635.0	0.10843599999999999
20640.0	0.10833
20645.0	0.108225
20650.0	0.108119
20655.0	0.10801400000000001
20660.0	0.10790899999999999
20665.0	0.107804
20670.0	0.107698
20675.0	0.10759300000000001
20680.0	0.10748800000000001
20685.0	0.10738299999999999
20690.0	0.107278
20695.0	0.107174
20700.0	0.10706900000000001
20705.0	0.106964
20710.0	0.106859
20715.0	0.10675499999999999
20720.0	0.10665
20725.0	0.106546
20730.0	0.10644200000000001
20735.0	0.10633699999999999
20740.0	0.106233
20745.0	0.106129
20750.0	0.106025
20755.0	0.105921
20760.0	0.10581700000000001
20765.0	0.10571300000000002
20770.0	0.105609
20775.0	0.105505
20780.0	0.105402
20785.0	0.105298
20790.0	0.10519400000000001
20795.0	0.105091
20800.0	0.10498800000000001
20805.0	0.10488399999999999
20810.0	0.104781
20815.0	0.104678
20820.0	0.104574
20825.0	0.10447100000000001
20830.0	0.104368
20835.0	0.10426500000000001
20840.0	0.10416199999999999
20845.0	0.10405999999999999
20850.0	0.103957
20855.0	0.103854
20860.0	0.103752
20865.0	0.103649
20870.0	0.103547
20875.0	0.10344400000000001
20880.0	0.103342
20885.0	0.10324000000000001
20890.0	0.10313699999999999
20895.0	0.10303499999999999
20900.0	0.102933
20905.0	0.10283099999999999
20910.0	0.102729
20915.0	0.102627
20920.0	0.102525
20925.0	0.102424
20930.0	0.102322
20935.0	0.10222
20940.0	0.102119
20945.0	0.102017
20950.0	0.10191599999999999
20955.0	0.101815
20960.0	0.101713
20965.0	0.101612
20970.0	0.101511
20975.0	0.10141
20980.0	0.101309
20985.0	0.101208
20990.0	0.101107
20995.0	0.101007
21000.0	0.100906
21005.0	0.10080499999999999
21010.0	0.10070499999999999
21015.0	0.100604
21020.0	0.100504
21025.0	0.10040299999999999
21030.0	0.100303
21035.0	0.100203
21040.0	0.100103
21045.0	0.100002
21050.0	0.099902
21055.0	0.099802
21060.0	0.099703
21065.0	0.099603
21070.0	0.099503
21075.0	0.09940299999999999
21080.0	0.09930399999999999
21085.0	0.099204
21090.0	0.099105
21095.0	0.099005
21100.0	0.098906
21105.0	0.098807
21110.0	0.098707
21115.0	0.098608
21120.0	0.098509
21125.0	0.09841
21130.0	0.098311
21135.0	0.098212
21140.0	0.09811399999999999
21145.0	0.09801499999999999
21150.0	0.097916
21155.0	0.09781799999999999
21160.0	0.097719
21165.0	0.097621
21170.0	0.097522
21175.0	0.097424
21180.0	0.097326
21185.0	0.097227
21190.0	0.097129
21195.0	0.09703099999999999
21200.0	0.096933
21205.0	0.096835
21210.0	0.096738
21215.0	0.09664
21220.0	0.096542
21225.0	0.096445
21230.0	0.096347
21235.0	0.09625
21240.0	0.096152
21245.0	0.096055
21250.0	0.095958
21255.0	0.09586
21260.0	0.095763
21265.0	0.095666
21270.0	0.095569
21275.0	0.095472
21280.0	0.095375
21285.0	0.095279
21290.0	0.095182
21295.0	0.095085
21300.0	0.094989
21305.0	0.09489199999999999
21310.0	0.094796
21315.0	0.094699
21320.0	0.09460299999999999
21325.0	0.09450700000000001
21330.0	0.094411
21335.0	0.094315
21340.0	0.09421900000000001
21345.0	0.094123
21350.0	0.094027
21355.0	0.093931
21360.0	0.093835
21365.0	0.093739
21370.0	0.093644
21375.0	0.093548
21380.0	0.093453
21385.0	0.09335800000000001
21390.0	0.093262
21395.0	0.093167
21400.0	0.093072
21405.0	0.092977
21410.0	0.092882
21415.0	0.092787
21420.0	0.092692
21425.0	0.092597
21430.0	0.092502
21435.0	0.092408
21440.0	0.092313
21445.0	0.092218
21450.0	0.092124
21455.0	0.092029
21460.0	0.091935
21465.0	0.09184099999999999
21470.0	0.09174700000000001
21475.0	0.091653
21480.0	0.091559
21485.0	0.091465
21490.0	0.09137100000000001
21495.0	0.091277
21500.0	0.091183
21505.0	0.091089
21510.0	0.09099600000000001
21515.0	0.090902
21520.0	0.090809
21525.0	0.090715
21530.0	0.09062200000000001
21535.0	0.090529
21540.0	0.090436
21545.0	0.09034199999999999
21550.0	0.090249
21555.0	0.090156
21560.0	0.090063
21565.0	0.08997100000000001
21570.0	0.089878
21575.0	0.089785
21580.0	0.089692
21585.0	0.0896
21590.0	0.089507
21595.0	0.089415
21600.0	0.089323
21605.0	0.08922999999999999
21610.0	0.089138
21615.0	0.089046
21620.0	0.08895399999999999
21625.0	0.088862
21630.0	0.08877
21635.0	0.08867799999999999
21640.0	0.088587
21645.0	0.088495
21650.0	0.088403
21655.0	0.088312
21660.0	0.08822
21665.0	0.088129
21670.0	0.088037
21675.0	0.08794600000000001
21680.0	0.08785499999999999
21685.0	0.087764
21690.0	0.087673
21695.0	0.08758200000000001
21700.0	0.087491
21705.0	0.0874
21710.0	0.087309
21715.0	0.087219
21720.0	0.087128
21725.0	0.087037
21730.0	0.086947
21735.0	0.08685599999999999
21740.0	0.086766
21745.0	0.086676
21750.0	0.086586
21755.0	0.086496
21760.0	0.086406
21765.0	0.08631599999999999
21770.0	0.086226
21775.0	0.086136
21780.0	0.086046
21785.0	0.08595599999999999
21790.0	0.085867
21795.0	0.08577699999999999
21800.0	0.085688
21805.0	0.08559800000000001
21810.0	0.085509
21815.0	0.08542000000000001
21820.0	0.08533099999999999
21825.0	0.085241
21830.0	0.08515199999999999
21835.0	0.085063
21840.0	0.084975
21845.0	0.084886
21850.0	0.084797
21855.0	0.084708
21860.0	0.08462
21865.0	0.084531
21870.0	0.08444299999999999
21875.0	0.084354
21880.0	0.084266
21885.0	0.084178
21890.0	0.08409
21895.0	0.084002
21900.0	0.083914
21905.0	0.083826
21910.0	0.08373799999999999
21915.0	0.08365
21920.0	0.083562
21925.0	0.083475
21930.0	0.083387
21935.0	0.083299
21940.0	0.083212
21945.0	0.083125
21950.0	0.083037
21955.0	0.08295
21960.0	0.082863
21965.0	0.082776
21970.0	0.082689
21975.0	0.082602
21980.0	0.08251499999999999
21985.0	0.082428
21990.0	0.082342
21995.0	0.082255
22000.0	0.08216799999999999
22005.0	0.082082
22010.0	0.081996
22015.0	0.08190900000000001
22020.0	0.081823
22025.0	0.081737
22030.0	0.081651
22035.0	0.081564
22040.0	0.081478
22045.0	0.081393
22050.0	0.081307
22055.0	0.081221
22060.0	0.081135
22065.0	0.08105
22070.0	0.080964
22075.0	0.08087899999999999
22080.0	0.08079299999999999
22085.0	0.080708
22090.0	0.080622
22095.0	0.080537
22100.0	0.080452
22105.0	0.080367
22110.0	0.080282
22115.0	0.080197
22120.0	0.080112
22125.0	0.080028
22130.0	0.079943
22135.0	0.079858
22140.0	0.079774
22145.0	0.079689
22150.0	0.079605
22155.0	0.07952000000000001
22160.0	0.079436
22165.0	0.07935199999999999
22170.0	0.07926799999999999
22175.0	0.079184
22180.0	0.0791
22185.0	0.079016
22190.0	0.078932
22195.0	0.078848
22200.0	0.078764
22205.0	0.078681
22210.0	0.078597
22215.0	0.078514
22220.0	0.07843
22225.0	0.078347
22230.0	0.078264
22235.0	0.07818
22240.0	0.078097
22245.0	0.078014
22250.0	0.077931
22255.0	0.077848
22260.0	0.077765
22265.0	0.077683
22270.0	0.0776
22275.0	0.077517
22280.0	0.077435
22285.0	0.077352
22290.0	0.07727
22295.0	0.077187
22300.0	0.07710499999999999
22305.0	0.07702300000000001
22310.0	0.076941
22315.0	0.076859
22320.0	0.076777
22325.0	0.076695
22330.0	0.076613
22335.0	0.07653099999999999
22340.0	0.076449
22345.0	0.07636799999999999
22350.0	0.076286
22355.0	0.076204
22360.0	0.076123
22365.0	0.076042
22370.0	0.07596
22375.0	0.075879
22380.0	0.075798
22385.0	0.07571699999999999
22390.0	0.075636
22395.0	0.075555
22400.0	0.075474
22405.0	0.075393
22410.0	0.075312
22415.0	0.07523200000000001
22420.0	0.075151
22425.0	0.07507
22430.0	0.07499
22435.0	0.07491
22440.0	0.07482899999999999
22445.0	0.074749
22450.0	0.074669
22455.0	0.074589
22460.0	0.074509
22465.0	0.074429
22470.0	0.074349
22475.0	0.074269
22480.0	0.074189
22485.0	0.07410900000000001
22490.0	0.07403
22495.0	0.07395
22500.0	0.073871
22505.0	0.073791
22510.0	0.073712
22515.0	0.073632
22520.0	0.073553
22525.0	0.073474
22530.0	0.073395
22535.0	0.07331599999999999
22540.0	0.073237
22545.0	0.073158
22550.0	0.07307899999999999
22555.0	0.073001
22560.0	0.072922
22565.0	0.07284299999999999
22570.0	0.072765
22575.0	0.072686
22580.0	0.072608
22585.0	0.07253
22590.0	0.072451
22595.0	0.072373
22600.0	0.072295
22605.0	0.07221699999999999
22610.0	0.072139
22615.0	0.072061
22620.0	0.071983
22625.0	0.071905
22630.0	0.071828
22635.0	0.07175
22640.0	0.071672
22645.0	0.071595
22650.0	0.071517
22655.0	0.07144
22660.0	0.071363
22665.0	0.071286
22670.0	0.07120800000000001
22675.0	0.071131
22680.0	0.07105399999999999
22685.0	0.070977
22690.0	0.0709
22695.0	0.070824
22700.0	0.070747
22705.0	0.07067000000000001
22710.0	0.07059299999999999
22715.0	0.070517
22720.0	0.07044
22725.0	0.070364
22730.0	0.070288
22735.0	0.070211
22740.0	0.070135
22745.0	0.070059
22750.0	0.069983
22755.0	0.06990700000000001
22760.0	0.06983099999999999
22765.0	0.069755
22770.0	0.06967899999999999
22775.0	0.069603
22780.0	0.06952799999999999
22785.0	0.069452
22790.0	0.069377
22795.0	0.069301
22800.0	0.069226
22805.0	0.06915
22810.0	0.069075
22815.0	0.069
22820.0	0.068925
22825.0	0.06885
22830.0	0.068775
22835.0	0.0687
22840.0	0.068625
22845.0	0.06855
22850.0	0.068475
22855.0	0.068401
22860.0	0.068326
22865.0	0.068252
22870.0	0.068177
22875.0	0.068103
22880.0	0.06802799999999999
22885.0	0.067954
22890.0	0.06788
22895.0	0.06780599999999999
22900.0	0.067732
22905.0	0.06765800000000001
22910.0	0.067584
22915.0	0.06751
22920.0	0.067436
22925.0	0.067363
22930.0	0.067289
22935.0	0.067215
22940.0	0.067142
22945.0	0.06706799999999999
22950.0	0.066995
22955.0	0.06692200000000001
22960.0	0.066848
22965.0	0.066775
22970.0	0.066702
22975.0	0.066629
22980.0	0.06655599999999999
22985.0	0.066483
22990.0	0.06641
22995.0	0.06633700000000001
23000.0	0.066265
23005.0	0.066192
23010.0	0.06611900000000001
23015.0	0.06604700000000001
23020.0	0.065974
23025.0	0.065902
23030.0	0.06583
23035.0	0.06575700000000001
23040.0	0.06568500000000001
23045.0	0.065613
23050.0	0.065541
23055.0	0.065469
23060.0	0.065397
23065.0	0.065325
23070.0	0.06525299999999999
23075.0	0.065182
23080.0	0.06511
23085.0	0.065038
23090.0	0.064967
23095.0	0.06489500000000001
23100.0	0.064824
23105.0	0.06475299999999999
23110.0	0.06468099999999999
23115.0	0.06461
23120.0	0.064539
23125.0	0.064468
23130.0	0.064397
23135.0	0.064326
23140.0	0.06425499999999999
23145.0	0.064184
23150.0	0.064113
23155.0	0.06404299999999999
23160.0	0.063972
23165.0	0.063902
23170.0	0.063831
23175.0	0.063761
23180.0	0.06369
23185.0	0.06362000000000001
23190.0	0.06355
23195.0	0.06348
23200.0	0.06340900000000001
23205.0	0.06333899999999999
23210.0	0.063269
23215.0	0.0632
23220.0	0.06312999999999999
23225.0	0.06306
23230.0	0.06299
23235.0	0.062921
23240.0	0.062851
23245.0	0.062782
23250.0	0.062712
23255.0	0.06264299999999999
23260.0	0.062573
23265.0	0.06250399999999999
23270.0	0.062435000000000004
23275.0	0.062366
23280.0	0.062297000000000005
23285.0	0.062228
23290.0	0.062159000000000006
23295.0	0.06209
23300.0	0.06202100000000001
23305.0	0.061952
23310.0	0.061884
23315.0	0.061814999999999995
23320.0	0.061747
23325.0	0.061678
23330.0	0.061610000000000005
23335.0	0.061541
23340.0	0.061473
23345.0	0.061404999999999994
23350.0	0.061337
23355.0	0.061269000000000004
23360.0	0.061201
23365.0	0.06113300000000001
23370.0	0.061064999999999994
23375.0	0.060997
23380.0	0.060929
23385.0	0.060861
23390.0	0.06079400000000001
23395.0	0.060726
23400.0	0.060659000000000005
23405.0	0.060591
23410.0	0.060524
23415.0	0.060455999999999996
23420.0	0.060389
23425.0	0.060322
23430.0	0.060254999999999996
23435.0	0.060188
23440.0	0.060121
23445.0	0.060053999999999996
23450.0	0.059987
23455.0	0.05992000000000001
23460.0	0.059852999999999996
23465.0	0.059787
23470.0	0.05972
23475.0	0.059654
23480.0	0.059587
23485.0	0.059521000000000004
23490.0	0.05945399999999999
23495.0	0.059387999999999996
23500.0	0.059322
23505.0	0.059255999999999996
23510.0	0.059189
23515.0	0.059123
23520.0	0.059057000000000005
23525.0	0.058991999999999996
23530.0	0.058926
23535.0	0.05886
23540.0	0.058794000000000006
23545.0	0.058727999999999995
23550.0	0.058663
23555.0	0.058597
23560.0	0.05853200000000001
23565.0	0.058466
23570.0	0.058401
23575.0	0.058336
23580.0	0.058271
23585.0	0.05820499999999999
23590.0	0.05814
23595.0	0.058075
23600.0	0.05801
23605.0	0.057945
23610.0	0.057879999999999994
23615.0	0.057816
23620.0	0.057751
23625.0	0.057686
23630.0	0.057622
23635.0	0.057557000000000004
23640.0	0.057492999999999995
23645.0	0.057428
23650.0	0.057364
23655.0	0.0573
23660.0	0.057235
23665.0	0.05717100000000001
23670.0	0.057107000000000005
23675.0	0.057042999999999996
23680.0	0.056978999999999995
23685.0	0.056915
23690.0	0.056851
23695.0	0.056788
23700.0	0.056724000000000004
23705.0	0.05666
23710.0	0.056597
23715.0	0.05653300000000001
23720.0	0.056470000000000006
23725.0	0.056406
23730.0	0.056343
23735.0	0.05628
23740.0	0.056215999999999995
23745.0	0.056152999999999995
23750.0	0.05609
23755.0	0.056027
23760.0	0.055964
23765.0	0.055901
23770.0	0.055838
23775.0	0.055775
23780.0	0.055713
23785.0	0.05565
23790.0	0.055587
23795.0	0.055525
23800.0	0.055462
23805.0	0.0554
23810.0	0.055338
23815.0	0.055275
23820.0	0.055213
23825.0	0.055151
23830.0	0.055089
23835.0	0.055027
23840.0	0.054965
23845.0	0.054903
23850.0	0.054840999999999994
23855.0	0.054778999999999994
23860.0	0.054716999999999995
23865.0	0.054655999999999996
23870.0	0.054594000000000004
23875.0	0.054533000000000005
23880.0	0.054471000000000006
23885.0	0.05441
23890.0	0.054348
23895.0	0.054287
23900.0	0.054225999999999996
23905.0	0.054164
23910.0	0.054103
23915.0	0.05404199999999999
23920.0	0.053980999999999994
23925.0	0.05392
23930.0	0.053859000000000004
23935.0	0.053799
23940.0	0.053738
23945.0	0.053676999999999996
23950.0	0.053616
23955.0	0.05355599999999999
23960.0	0.05349500000000001
23965.0	0.053435
23970.0	0.053374
23975.0	0.053314
23980.0	0.053253999999999996
23985.0	0.053194000000000005
23990.0	0.05313300000000001
23995.0	0.053073
24000.0	0.053013
24005.0	0.052953
24010.0	0.052892999999999996
24015.0	0.052834000000000006
24020.0	0.052774
24025.0	0.052714
24030.0	0.052654
24035.0	0.052595
24040.0	0.052535000000000005
24045.0	0.052476
24050.0	0.052416
24055.0	0.05235700000000001
24060.0	0.052298000000000004
24065.0	0.052238
24070.0	0.052178999999999996
24075.0	0.05212000000000001
24080.0	0.052061
24085.0	0.052002
24090.0	0.051942999999999996
24095.0	0.051884000000000007
24100.0	0.051825
24105.0	0.051766
24110.0	0.051708000000000004
24115.0	0.051649
24120.0	0.05159
24125.0	0.05153200000000001
24130.0	0.051473000000000005
24135.0	0.051414999999999995
24140.0	0.05135700000000001
24145.0	0.051298
24150.0	0.05124
24155.0	0.051182
24160.0	0.051124
24165.0	0.051066
24170.0	0.051008
24175.0	0.05095
24180.0	0.050892
24185.0	0.050834
24190.0	0.050776
24195.0	0.050719
24200.0	0.050661000000000005
24205.0	0.050604
24210.0	0.050546
24215.0	0.050489
24220.0	0.050431000000000004
24225.0	0.050374
24230.0	0.050316
24235.0	0.050259
24240.0	0.050202
24245.0	0.050145
24250.0	0.050088
24255.0	0.050031
24260.0	0.049974
24265.0	0.049917
24270.0	0.04986
24275.0	0.049804
24280.0	0.049747
24285.0	0.04969
24290.0	0.049634
24295.0	0.049576999999999996
24300.0	0.049520999999999996
24305.0	0.049464
24310.0	0.049408
24315.0	0.049352
24320.0	0.049295
24325.0	0.049239
24330.0	0.049183
24335.0	0.049127
24340.0	0.049071
24345.0	0.049014999999999996
24350.0	0.048958999999999996
24355.0	0.048904
24360.0	0.048848
24365.0	0.048792
24370.0	0.048737
24375.0	0.048681
24380.0	0.048625
24385.0	0.04857
24390.0	0.048514999999999996
24395.0	0.048458999999999995
24400.0	0.048404
24405.0	0.048349
24410.0	0.048294
24415.0	0.048237999999999996
24420.0	0.048183
24425.0	0.048128
24430.0	0.048073000000000005
24435.0	0.048019
24440.0	0.047964
24445.0	0.047909
24450.0	0.047854
24455.0	0.0478
24460.0	0.047744999999999996
24465.0	0.047689999999999996
24470.0	0.047636000000000005
24475.0	0.047582
24480.0	0.047527
24485.0	0.047473
24490.0	0.047419
24495.0	0.047365
24500.0	0.047310000000000005
24505.0	0.047256
24510.0	0.047202
24515.0	0.047148
24520.0	0.047094
24525.0	0.047041
24530.0	0.046987
24535.0	0.046932999999999996
24540.0	0.046879000000000004
24545.0	0.046826
24550.0	0.046772
24555.0	0.046719
24560.0	0.046665
24565.0	0.046612
24570.0	0.046558999999999996
24575.0	0.046505
24580.0	0.046452
24585.0	0.046399
24590.0	0.046346
24595.0	0.046293
24600.0	0.046239999999999996
24605.0	0.046187
24610.0	0.046133999999999994
24615.0	0.046081
24620.0	0.046029
24625.0	0.045975999999999996
24630.0	0.045923
24635.0	0.045870999999999995
24640.0	0.045818
24645.0	0.045766
24650.0	0.045713
24655.0	0.045661
24660.0	0.045609
24665.0	0.045556
24670.0	0.045504
24675.0	0.045452
24680.0	0.0454
24685.0	0.045348
24690.0	0.045295999999999996
24695.0	0.045244
24700.0	0.045192
24705.0	0.045141
24710.0	0.045089
24715.0	0.045037
24720.0	0.044986
24725.0	0.044933999999999995
24730.0	0.044883
24735.0	0.044831
24740.0	0.04478
24745.0	0.044728
24750.0	0.044677
24755.0	0.044626
24760.0	0.044575
24765.0	0.044524
24770.0	0.044473
24775.0	0.044422
24780.0	0.044371
24785.0	0.04432
24790.0	0.044269
24795.0	0.044218
24800.0	0.044167000000000005
24805.0	0.044117
24810.0	0.044066
24815.0	0.044016
24820.0	0.043965
24825.0	0.043914999999999996
24830.0	0.043864
24835.0	0.043814
24840.0	0.043764
24845.0	0.043713
24850.0	0.043663
24855.0	0.043613
24860.0	0.043563
24865.0	0.043512999999999996
24870.0	0.043463
24875.0	0.043413
24880.0	0.043364
24885.0	0.043314
24890.0	0.043264
24895.0	0.043213999999999995
24900.0	0.043164999999999995
24905.0	0.043115
24910.0	0.043066
24915.0	0.043016000000000006
24920.0	0.042967
24925.0	0.042918
24930.0	0.042868
24935.0	0.042819
24940.0	0.042769999999999996
24945.0	0.042720999999999995
24950.0	0.042672
24955.0	0.042623
24960.0	0.042574
24965.0	0.042525
24970.0	0.042476
24975.0	0.042427
24980.0	0.042379
24985.0	0.04233
24990.0	0.042281
24995.0	0.042233
25000.0	0.0
