#wave	flux
1150.0	0.0
1155.0	0.0
1160.0	0.0
1165.0	0.0
1170.0	0.0
1175.0	0.0
1180.0	0.0
1185.0	0.0
1190.0	0.0
1195.0	0.0
1200.0	0.0
1205.0	0.0
1210.0	0.0
1215.0	0.0
1220.0	0.0
1225.0	0.0
1230.0	0.0
1235.0	0.0
1240.0	0.0
1245.0	0.0
1250.0	0.0
1255.0	0.0
1260.0	0.0
1265.0	0.0
1270.0	0.0
1275.0	0.0
1280.0	0.0
1285.0	0.0
1290.0	0.0
1295.0	0.0
1300.0	0.0
1305.0	0.0
1310.0	0.0
1315.0	0.0
1320.0	0.0
1325.0	0.0
1330.0	0.0
1335.0	0.0
1340.0	0.0
1345.0	0.0
1350.0	0.0
1355.0	0.0
1360.0	0.0
1365.0	0.0
1370.0	0.0
1375.0	0.0
1380.0	0.0
1385.0	0.0
1390.0	0.0
1395.0	0.0
1400.0	0.0
1405.0	0.0
1410.0	0.0
1415.0	0.0
1420.0	0.0
1425.0	0.0
1430.0	0.0
1435.0	0.0
1440.0	0.0
1445.0	0.0
1450.0	0.0
1455.0	0.0
1460.0	0.0
1465.0	0.0
1470.0	0.0
1475.0	0.0
1480.0	0.0
1485.0	0.0
1490.0	0.0
1495.0	0.0
1500.0	0.0
1505.0	0.0
1510.0	0.0
1515.0	0.0
1520.0	0.0
1525.0	0.0
1530.0	0.0
1535.0	0.0
1540.0	0.0
1545.0	0.0
1550.0	0.0
1555.0	0.0
1560.0	0.0
1565.0	0.0
1570.0	0.0
1575.0	0.0
1580.0	0.0
1585.0	0.0
1590.0	0.0
1595.0	0.0
1600.0	0.0
1605.0	0.0
1610.0	0.0
1615.0	0.0
1620.0	0.0
1625.0	0.0
1630.0	0.0
1635.0	0.0
1640.0	0.0
1645.0	0.0
1650.0	0.0
1655.0	0.0
1660.0	0.0
1665.0	0.0
1670.0	0.0
1675.0	0.0
1680.0	0.0
1685.0	0.0
1690.0	0.0
1695.0	0.0
1700.0	0.0
1705.0	0.0
1710.0	0.0
1715.0	0.0
1720.0	0.0
1725.0	0.0
1730.0	0.0
1735.0	0.0
1740.0	0.0
1745.0	0.0
1750.0	0.0
1755.0	0.0
1760.0	0.0
1765.0	0.0
1770.0	0.0
1775.0	0.0
1780.0	0.0
1785.0	0.0
1790.0	0.0
1795.0	0.0
1800.0	0.0
1805.0	0.0
1810.0	0.0
1815.0	0.0
1820.0	0.0
1825.0	0.0
1830.0	0.0
1835.0	0.0
1840.0	0.0
1845.0	0.0
1850.0	0.0
1855.0	0.0
1860.0	0.0
1865.0	0.0
1870.0	0.0
1875.0	0.0
1880.0	0.0
1885.0	0.0
1890.0	0.0
1895.0	0.0
1900.0	0.0
1905.0	0.0
1910.0	0.0
1915.0	0.0
1920.0	0.0
1925.0	0.0
1930.0	0.0
1935.0	0.0
1940.0	0.0
1945.0	0.0
1950.0	0.0
1955.0	0.0
1960.0	0.0
1965.0	0.0
1970.0	0.0
1975.0	0.0
1980.0	0.0
1985.0	0.0
1990.0	0.0
1995.0	0.0
2000.0	0.0
2005.0	0.0
2010.0	0.0
2015.0	0.0
2020.0	0.0
2025.0	0.0
2030.0	0.0
2035.0	0.0
2040.0	0.0
2045.0	0.0
2050.0	0.0
2055.0	0.0
2060.0	0.0
2065.0	0.0
2070.0	0.0
2075.0	0.0
2080.0	0.0
2085.0	0.0
2090.0	0.0
2095.0	0.0
2100.0	0.0
2105.0	0.0
2110.0	0.0
2115.0	0.0
2120.0	0.0
2125.0	0.0
2130.0	0.0
2135.0	0.0
2140.0	0.0
2145.0	0.0
2150.0	0.0
2155.0	0.0
2160.0	0.0
2165.0	0.0
2170.0	0.0
2175.0	0.0
2180.0	0.0
2185.0	0.0
2190.0	0.0
2195.0	0.0
2200.0	0.0
2205.0	0.0
2210.0	0.0
2215.0	0.0
2220.0	0.0
2225.0	0.0
2230.0	0.0
2235.0	0.0
2240.0	0.0
2245.0	0.0
2250.0	0.0
2255.0	0.0
2260.0	0.0
2265.0	0.0
2270.0	0.0
2275.0	0.0
2280.0	0.0
2285.0	0.0
2290.0	0.0
2295.0	0.0
2300.0	0.0
2305.0	1e-06
2310.0	2e-06
2315.0	4e-06
2320.0	5e-06
2325.0	6e-06
2330.0	6e-06
2335.0	6e-06
2340.0	5e-06
2345.0	3e-06
2350.0	0.0
2355.0	0.0
2360.0	0.0
2365.0	0.0
2370.0	0.0
2375.0	0.0
2380.0	0.0
2385.0	0.0
2390.0	0.0
2395.0	0.0
2400.0	0.0
2405.0	1.6e-05
2410.0	3.3e-05
2415.0	5.2000000000000004e-05
2420.0	6.8e-05
2425.0	8e-05
2430.0	8.6e-05
2435.0	8.3e-05
2440.0	6.9e-05
2445.0	4.2e-05
2450.0	0.0
2455.0	0.0
2460.0	0.0
2465.0	0.0
2470.0	0.0
2475.0	0.0
2480.0	0.0
2485.0	0.0
2490.0	0.0
2495.0	0.0
2500.0	0.0
2505.0	0.00021899999999999998
2510.0	0.00049
2515.0	0.000801
2520.0	0.0011380000000000001
2525.0	0.0014869999999999998
2530.0	0.001837
2535.0	0.0021739999999999997
2540.0	0.002484
2545.0	0.0027559999999999998
2550.0	0.002975
2555.0	0.003134
2560.0	0.0032409999999999995
2565.0	0.003312
2570.0	0.00336
2575.0	0.003399
2580.0	0.003445
2585.0	0.00351
2590.0	0.0036090000000000002
2595.0	0.003757
2600.0	0.003967
2605.0	0.004249
2610.0	0.004594
2615.0	0.004988
2620.0	0.005416
2625.0	0.005866
2630.0	0.0063219999999999995
2635.0	0.00677
2640.0	0.007198
2645.0	0.007591
2650.0	0.007934
2655.0	0.008217
2660.0	0.008444
2665.0	0.008619
2670.0	0.008749
2675.0	0.008841
2680.0	0.008898999999999999
2685.0	0.008931
2690.0	0.008942
2695.0	0.008938
2700.0	0.008926
2705.0	0.008912
2710.0	0.008909
2715.0	0.008931
2720.0	0.00899
2725.0	0.009101999999999999
2730.0	0.009278
2735.0	0.009534
2740.0	0.009882
2745.0	0.010336
2750.0	0.010909
2755.0	0.011606
2760.0	0.012394
2765.0	0.01323
2770.0	0.014071
2775.0	0.014875999999999999
2780.0	0.015600999999999999
2785.0	0.016205
2790.0	0.016644
2795.0	0.016876
2800.0	0.01686
2805.0	0.016571000000000002
2810.0	0.016069999999999997
2815.0	0.015434999999999999
2820.0	0.014745
2825.0	0.01408
2830.0	0.013518
2835.0	0.013138
2840.0	0.013019999999999999
2845.0	0.013241999999999999
2850.0	0.013884
2855.0	0.014996
2860.0	0.01651
2865.0	0.018333000000000002
2870.0	0.020368999999999998
2875.0	0.022524000000000002
2880.0	0.024701
2885.0	0.026806
2890.0	0.028743
2895.0	0.030418
2900.0	0.031736
2905.0	0.032626
2910.0	0.033121
2915.0	0.033277999999999995
2920.0	0.033155000000000004
2925.0	0.032809
2930.0	0.032298
2935.0	0.03168
2940.0	0.031011
2945.0	0.030349
2950.0	0.029751999999999997
2955.0	0.029267
2960.0	0.028901
2965.0	0.028648000000000003
2970.0	0.028506
2975.0	0.028470999999999996
2980.0	0.028538
2985.0	0.028704
2990.0	0.028964
2995.0	0.029314999999999997
3000.0	0.029751999999999997
3005.0	0.030273
3010.0	0.030876
3015.0	0.031562
3020.0	0.032331
3025.0	0.033183
3030.0	0.034117
3035.0	0.035133
3040.0	0.036232
3045.0	0.037413999999999996
3050.0	0.038678
3055.0	0.040024000000000004
3060.0	0.041451
3065.0	0.042956
3070.0	0.044538
3075.0	0.046195
3080.0	0.047925
3085.0	0.049726
3090.0	0.051597000000000004
3095.0	0.053534000000000005
3100.0	0.055537
3105.0	0.057602
3110.0	0.059721
3115.0	0.061882000000000006
3120.0	0.064076
3125.0	0.06629299999999999
3130.0	0.068522
3135.0	0.070753
3140.0	0.072975
3145.0	0.07518
3150.0	0.077355
3155.0	0.079492
3160.0	0.102822
3165.0	0.096207
3170.0	0.093673
3175.0	0.097188
3180.0	0.10015800000000001
3185.0	0.09697
3190.0	0.094502
3195.0	0.099199
3200.0	0.111357
3205.0	0.1008
3210.0	0.081868
3215.0	0.068022
3220.0	0.064998
3225.0	0.073862
3230.0	0.084703
3235.0	0.088473
3240.0	0.090567
3245.0	0.098191
3250.0	0.111356
3255.0	0.127404
3260.0	0.140179
3265.0	0.144224
3270.0	0.14035899999999998
3275.0	0.132552
3280.0	0.13108699999999998
3285.0	0.14339100000000002
3290.0	0.159145
3295.0	0.166324
3300.0	0.16381700000000002
3305.0	0.15474300000000002
3310.0	0.148225
3315.0	0.15126199999999998
3320.0	0.156351
3325.0	0.155523
3330.0	0.153449
3335.0	0.156176
3340.0	0.16261
3345.0	0.168985
3350.0	0.167981
3355.0	0.155478
3360.0	0.143696
3365.0	0.144033
3370.0	0.148282
3375.0	0.14718399999999998
3380.0	0.14689100000000002
3385.0	0.154477
3390.0	0.165284
3395.0	0.172572
3400.0	0.173004
3405.0	0.166097
3410.0	0.159395
3415.0	0.160053
3420.0	0.165626
3425.0	0.170213
3430.0	0.16367
3435.0	0.140914
3440.0	0.121367
3445.0	0.12356900000000001
3450.0	0.138043
3455.0	0.150445
3460.0	0.15498299999999998
3465.0	0.15063900000000002
3470.0	0.14694300000000002
3475.0	0.152131
3480.0	0.158711
3485.0	0.159387
3490.0	0.163365
3495.0	0.179251
3500.0	0.196734
3505.0	0.202951
3510.0	0.176709
3515.0	0.184818
3520.0	0.165737
3525.0	0.164733
3530.0	0.206567
3535.0	0.23666399999999999
3540.0	0.247996
3545.0	0.24226199999999998
3550.0	0.224592
3555.0	0.201456
3560.0	0.183625
3565.0	0.13983299999999999
3570.0	0.125155
3575.0	0.121458
3580.0	0.099827
3585.0	0.118469
3590.0	0.142717
3595.0	0.17011099999999998
3600.0	0.17513499999999999
3605.0	0.145735
3610.0	0.151162
3615.0	0.163449
3620.0	0.18065
3625.0	0.212626
3630.0	0.167051
3635.0	0.1931
3640.0	0.228217
3645.0	0.184818
3650.0	0.22184099999999998
3655.0	0.298406
3660.0	0.327205
3665.0	0.317929
3670.0	0.300829
3675.0	0.258868
3680.0	0.199667
3685.0	0.21616999999999997
3690.0	0.264304
3695.0	0.303055
3700.0	0.282817
3705.0	0.22574299999999997
3710.0	0.205576
3715.0	0.187912
3720.0	0.161727
3725.0	0.16438
3730.0	0.143297
3735.0	0.117941
3740.0	0.12115899999999999
3745.0	0.11371700000000001
3750.0	0.13567
3755.0	0.163126
3760.0	0.162703
3765.0	0.182604
3770.0	0.226204
3775.0	0.258309
3780.0	0.270619
3785.0	0.235735
3790.0	0.205357
3795.0	0.19531500000000002
3800.0	0.21128400000000003
3805.0	0.23634499999999997
3810.0	0.224115
3815.0	0.16725399999999999
3820.0	0.122148
3825.0	0.10349100000000001
3830.0	0.107833
3835.0	0.119835
3840.0	0.141524
3845.0	0.185718
3850.0	0.188106
3855.0	0.15221700000000002
3860.0	0.142097
3865.0	0.168221
3870.0	0.18421400000000002
3875.0	0.17616700000000002
3880.0	0.166851
3885.0	0.167664
3890.0	0.194447
3895.0	0.19450499999999998
3900.0	0.190472
3905.0	0.192801
3910.0	0.211331
3915.0	0.20466199999999998
3920.0	0.177277
3925.0	0.144776
3930.0	0.111105
3935.0	0.10526400000000001
3940.0	0.127185
3945.0	0.16539
3950.0	0.20144700000000001
3955.0	0.194144
3960.0	0.159339
3965.0	0.13181099999999998
3970.0	0.137228
3975.0	0.187436
3980.0	0.244527
3985.0	0.290667
3990.0	0.320301
3995.0	0.32753699999999997
4000.0	0.33273800000000003
4005.0	0.337059
4010.0	0.358581
4015.0	0.382484
4020.0	0.40405399999999997
4025.0	0.40278200000000003
4030.0	0.36983499999999997
4035.0	0.369637
4040.0	0.356331
4045.0	0.33219
4050.0	0.367211
4055.0	0.37949099999999997
4060.0	0.373158
4065.0	0.363528
4070.0	0.350902
4075.0	0.361989
4080.0	0.41117700000000007
4085.0	0.474857
4090.0	0.500929
4095.0	0.46511
4100.0	0.428033
4105.0	0.42837
4110.0	0.435738
4115.0	0.451107
4120.0	0.458937
4125.0	0.45352200000000004
4130.0	0.42800600000000005
4135.0	0.428856
4140.0	0.409115
4145.0	0.403565
4150.0	0.426469
4155.0	0.457138
4160.0	0.484897
4165.0	0.471454
4170.0	0.44310200000000005
4175.0	0.44231400000000004
4180.0	0.453273
4185.0	0.451191
4190.0	0.456983
4195.0	0.432604
4200.0	0.416074
4205.0	0.456301
4210.0	0.48943400000000004
4215.0	0.477641
4220.0	0.409254
4225.0	0.303164
4230.0	0.293717
4235.0	0.346149
4240.0	0.42330500000000004
4245.0	0.455096
4250.0	0.42786199999999996
4255.0	0.41176999999999997
4260.0	0.41048900000000005
4265.0	0.42713599999999996
4270.0	0.412559
4275.0	0.431526
4280.0	0.44595
4285.0	0.430537
4290.0	0.409628
4295.0	0.404053
4300.0	0.384734
4305.0	0.373317
4310.0	0.415495
4315.0	0.517684
4320.0	0.568638
4325.0	0.55611
4330.0	0.578561
4335.0	0.5889909999999999
4340.0	0.60305
4345.0	0.637842
4350.0	0.631566
4355.0	0.640366
4360.0	0.663655
4365.0	0.6721
4370.0	0.649551
4375.0	0.605625
4380.0	0.5379470000000001
4385.0	0.51085
4390.0	0.5482229999999999
4395.0	0.604621
4400.0	0.614633
4405.0	0.586151
4410.0	0.604662
4415.0	0.62344
4420.0	0.662698
4425.0	0.656379
4430.0	0.651047
4435.0	0.658049
4440.0	0.695138
4445.0	0.731005
4450.0	0.713039
4455.0	0.6400819999999999
4460.0	0.618717
4465.0	0.678836
4470.0	0.750818
4475.0	0.791183
4480.0	0.800466
4485.0	0.8184239999999999
4490.0	0.8101470000000001
4495.0	0.802557
4500.0	0.838938
4505.0	0.8817520000000001
4510.0	0.903919
4515.0	0.898732
4520.0	0.860517
4525.0	0.7740560000000001
4530.0	0.710648
4535.0	0.733714
4540.0	0.784249
4545.0	0.806197
4550.0	0.831141
4555.0	0.870653
4560.0	0.896202
4565.0	0.901661
4570.0	0.898451
4575.0	0.896068
4580.0	0.881051
4585.0	0.8913399999999999
4590.0	0.8905569999999999
4595.0	0.879043
4600.0	0.8746139999999999
4605.0	0.895483
4610.0	0.918027
4615.0	0.9267540000000001
4620.0	0.937002
4625.0	0.948657
4630.0	0.941177
4635.0	0.915067
4640.0	0.894401
4645.0	0.8679979999999999
4650.0	0.864397
4655.0	0.8971680000000001
4660.0	0.924953
4665.0	0.8938719999999999
4670.0	0.883907
4675.0	0.8944340000000001
4680.0	0.9040729999999999
4685.0	0.9175530000000001
4690.0	0.906747
4695.0	0.886959
4700.0	0.8457450000000001
4705.0	0.832382
4710.0	0.8488
4715.0	0.878208
4720.0	0.9048139999999999
4725.0	0.9022979999999999
4730.0	0.8841700000000001
4735.0	0.8741459999999999
4740.0	0.8815040000000001
4745.0	0.899323
4750.0	0.9000520000000001
4755.0	0.878374
4760.0	0.8523299999999999
4765.0	0.817213
4770.0	0.792149
4775.0	0.769548
4780.0	0.758826
4785.0	0.771093
4790.0	0.807703
4795.0	0.843146
4800.0	0.8740450000000001
4805.0	0.8897
4810.0	0.9011889999999999
4815.0	0.9062469999999999
4820.0	0.8861559999999999
4825.0	0.860052
4830.0	0.8463629999999999
4835.0	0.8487889999999999
4840.0	0.8699309999999999
4845.0	0.898349
4850.0	0.9036120000000001
4855.0	0.875452
4860.0	0.841759
4865.0	0.830982
4870.0	0.8208200000000001
4875.0	0.84278
4880.0	0.8421690000000001
4885.0	0.814146
4890.0	0.810114
4895.0	0.8663280000000001
4900.0	0.9000389999999999
4905.0	0.910982
4910.0	0.882066
4915.0	0.8286120000000001
4920.0	0.787918
4925.0	0.847442
4930.0	0.896068
4935.0	0.8737209999999999
4940.0	0.856917
4945.0	0.893899
4950.0	0.9140229999999999
4955.0	0.8582290000000001
4960.0	0.837093
4965.0	0.8511049999999999
4970.0	0.860426
4975.0	0.856251
4980.0	0.8102090000000001
4985.0	0.800265
4990.0	0.803277
4995.0	0.7955800000000001
5000.0	0.781247
5005.0	0.754608
5010.0	0.739853
5015.0	0.727262
5020.0	0.742645
5025.0	0.758202
5030.0	0.774356
5035.0	0.750451
5040.0	0.717635
5045.0	0.7410680000000001
5050.0	0.757613
5055.0	0.782084
5060.0	0.785047
5065.0	0.739747
5070.0	0.70658
5075.0	0.695753
5080.0	0.6929029999999999
5085.0	0.714084
5090.0	0.732705
5095.0	0.716342
5100.0	0.688228
5105.0	0.677515
5110.0	0.684025
5115.0	0.705869
5120.0	0.7074
5125.0	0.6765720000000001
5130.0	0.670856
5135.0	0.682272
5140.0	0.6760470000000001
5145.0	0.665758
5150.0	0.662011
5155.0	0.6897270000000001
5160.0	0.695383
5165.0	0.586881
5170.0	0.49225
5175.0	0.48955
5180.0	0.49641
5185.0	0.547597
5190.0	0.6337520000000001
5195.0	0.71032
5200.0	0.724865
5205.0	0.633251
5210.0	0.648584
5215.0	0.771162
5220.0	0.856714
5225.0	0.839184
5230.0	0.841938
5235.0	0.890608
5240.0	0.940107
5245.0	0.931242
5250.0	0.9133319999999999
5255.0	0.9189879999999999
5260.0	0.875295
5265.0	0.75332
5270.0	0.718407
5275.0	0.798925
5280.0	0.8807649999999999
5285.0	0.9461370000000001
5290.0	0.9693719999999999
5295.0	0.9285889999999999
5300.0	0.917381
5305.0	0.962461
5310.0	1.0017200000000002
5315.0	1.011204
5320.0	0.964339
5325.0	0.868367
5330.0	0.8456879999999999
5335.0	0.875909
5340.0	0.895655
5345.0	0.916849
5350.0	0.950059
5355.0	1.006412
5360.0	1.011703
5365.0	0.9452940000000001
5370.0	0.9020879999999999
5375.0	0.9541639999999999
5380.0	0.999866
5385.0	0.9970399999999999
5390.0	0.962457
5395.0	0.920271
5400.0	0.89026
5405.0	0.8560030000000001
5410.0	0.872876
5415.0	0.9409489999999999
5420.0	0.987867
5425.0	0.9698110000000001
5430.0	0.9317540000000001
5435.0	0.940916
5440.0	0.966733
5445.0	0.9469639999999999
5450.0	0.9494459999999999
5455.0	0.9617760000000001
5460.0	0.9864299999999999
5465.0	1.0003739999999999
5470.0	0.995286
5475.0	0.9731040000000001
5480.0	0.969648
5485.0	0.993181
5490.0	1.0099850000000001
5495.0	1.0104229999999998
5500.0	0.997826
5505.0	0.976466
5510.0	0.9644360000000001
5515.0	0.9849629999999999
5520.0	1.0224229999999999
5525.0	1.011735
5530.0	1.005118
5535.0	1.021327
5540.0	1.038474
5545.0	1.053081
5550.0	1.064724
5555.0	1.057221
5560.0	1.03419
5565.0	0.999609
5570.0	0.9794379999999999
5575.0	0.9978950000000001
5580.0	1.010947
5585.0	0.9623440000000001
5590.0	0.926423
5595.0	0.935365
5600.0	0.959039
5605.0	1.013292
5610.0	1.04779
5615.0	1.009893
5620.0	0.9950200000000001
5625.0	1.013269
5630.0	1.0464209999999998
5635.0	1.062873
5640.0	1.065579
5645.0	1.065127
5650.0	1.0655620000000001
5655.0	1.0458020000000001
5660.0	1.027955
5665.0	1.043126
5670.0	1.0603799999999999
5675.0	1.073515
5680.0	1.066091
5685.0	1.046159
5690.0	1.042314
5695.0	1.045743
5700.0	1.0280129999999998
5705.0	1.008006
5710.0	1.001784
5715.0	1.031855
5720.0	1.071012
5725.0	1.082058
5730.0	1.07439
5735.0	1.075015
5740.0	1.074433
5745.0	1.079987
5750.0	1.083948
5755.0	1.081336
5760.0	1.085328
5765.0	1.092274
5770.0	1.101384
5775.0	1.0890360000000001
5780.0	1.056373
5785.0	1.037431
5790.0	1.050973
5795.0	1.07653
5800.0	1.098795
5805.0	1.109259
5810.0	1.116449
5815.0	1.120535
5820.0	1.12249
5825.0	1.118378
5830.0	1.120735
5835.0	1.130456
5840.0	1.142647
5845.0	1.133377
5850.0	1.103293
5855.0	1.067762
5860.0	1.066076
5865.0	1.085648
5870.0	1.11148
5875.0	1.108213
5880.0	1.041539
5885.0	0.8583879999999999
5890.0	0.684361
5895.0	0.7045710000000001
5900.0	0.838643
5905.0	0.9796370000000001
5910.0	1.070584
5915.0	1.103687
5920.0	1.104558
5925.0	1.093861
5930.0	1.091156
5935.0	1.0938
5940.0	1.0972819999999999
5945.0	1.101811
5950.0	1.095266
5955.0	1.1008950000000002
5960.0	1.110517
5965.0	1.111438
5970.0	1.113577
5975.0	1.095048
5980.0	1.086609
5985.0	1.079288
5990.0	1.088484
5995.0	1.092463
6000.0	1.0901129999999999
6005.0	1.077018
6010.0	1.069494
6015.0	1.057617
6020.0	1.051644
6025.0	1.0724200000000002
6030.0	1.091867
6035.0	1.103638
6040.0	1.111988
6045.0	1.125117
6050.0	1.121062
6055.0	1.114064
6060.0	1.106406
6065.0	1.0996270000000001
6070.0	1.108737
6075.0	1.1031879999999998
6080.0	1.092057
6085.0	1.0883559999999999
6090.0	1.077852
6095.0	1.0645149999999999
6100.0	1.047756
6105.0	1.0628879999999998
6110.0	1.071844
6115.0	1.04823
6120.0	1.0141850000000001
6125.0	1.031911
6130.0	1.049907
6135.0	1.029994
6140.0	1.0328600000000001
6145.0	1.059261
6150.0	1.06369
6155.0	1.019073
6160.0	0.946408
6165.0	0.944132
6170.0	0.981116
6175.0	1.036243
6180.0	1.0631680000000001
6185.0	1.066758
6190.0	1.058308
6195.0	1.069926
6200.0	1.081077
6205.0	1.092021
6210.0	1.077446
6215.0	1.0503069999999999
6220.0	1.038672
6225.0	1.0333860000000001
6230.0	1.024706
6235.0	1.04292
6240.0	1.049367
6245.0	1.046641
6250.0	1.028966
6255.0	1.00191
6260.0	0.9978950000000001
6265.0	1.0231860000000002
6270.0	1.0469389999999998
6275.0	1.046797
6280.0	1.0426309999999999
6285.0	1.0637290000000001
6290.0	1.06929
6295.0	1.044886
6300.0	1.028758
6305.0	1.0377100000000001
6310.0	1.0502719999999999
6315.0	1.045442
6320.0	1.0532709999999998
6325.0	1.071015
6330.0	1.075868
6335.0	1.0626149999999999
6340.0	1.060716
6345.0	1.075739
6350.0	1.0810600000000001
6355.0	1.068467
6360.0	1.055244
6365.0	1.064659
6370.0	1.08092
6375.0	1.083292
6380.0	1.073572
6385.0	1.070219
6390.0	1.058735
6395.0	1.0445440000000001
6400.0	1.038692
6405.0	1.047248
6410.0	1.0552139999999999
6415.0	1.0619040000000002
6420.0	1.062375
6425.0	1.071474
6430.0	1.072665
6435.0	1.0673549999999998
6440.0	1.060524
6445.0	1.068703
6450.0	1.067944
6455.0	1.068174
6460.0	1.0495219999999998
6465.0	1.054309
6470.0	1.067472
6475.0	1.0768209999999998
6480.0	1.083448
6485.0	1.087331
6490.0	1.060353
6495.0	1.021909
6500.0	1.028801
6505.0	1.062291
6510.0	1.094637
6515.0	1.1052540000000002
6520.0	1.106778
6525.0	1.1109879999999999
6530.0	1.113551
6535.0	1.119104
6540.0	1.116356
6545.0	1.103202
6550.0	1.08667
6555.0	1.062562
6560.0	1.024562
6565.0	1.043179
6570.0	1.070251
6575.0	1.087588
6580.0	1.1009209999999998
6585.0	1.098733
6590.0	1.0889959999999999
6595.0	1.094462
6600.0	1.104008
6605.0	1.098859
6610.0	1.1015700000000002
6615.0	1.109713
6620.0	1.1097709999999998
6625.0	1.100762
6630.0	1.089461
6635.0	1.088473
6640.0	1.094606
6645.0	1.102071
6650.0	1.1092
6655.0	1.104874
6660.0	1.093118
6665.0	1.0918860000000001
6670.0	1.089931
6675.0	1.072534
6680.0	1.07362
6685.0	1.090854
6690.0	1.098147
6695.0	1.09355
6700.0	1.088827
6705.0	1.086617
6710.0	1.079301
6715.0	1.0614569999999999
6720.0	1.066833
6725.0	1.074569
6730.0	1.081051
6735.0	1.086594
6740.0	1.081135
6745.0	1.073143
6750.0	1.068781
6755.0	1.078838
6760.0	1.0832760000000001
6765.0	1.075395
6770.0	1.070228
6775.0	1.077787
6780.0	1.07871
6785.0	1.070949
6790.0	1.063286
6795.0	1.0634139999999999
6800.0	1.066602
6805.0	1.068019
6810.0	1.068775
6815.0	1.071545
6820.0	1.0741969999999998
6825.0	1.0763559999999999
6830.0	1.077244
6835.0	1.0788659999999999
6840.0	1.073556
6845.0	1.071843
6850.0	1.069137
6855.0	1.0673030000000001
6860.0	1.066827
6865.0	1.066019
6870.0	1.062454
6875.0	1.05575
6880.0	1.048766
6885.0	1.045793
6890.0	1.049112
6895.0	1.0566149999999999
6900.0	1.062935
6905.0	1.06384
6910.0	1.059617
6915.0	1.054578
6920.0	1.053479
6925.0	1.057684
6930.0	1.064309
6935.0	1.0692700000000002
6940.0	1.0708280000000001
6945.0	1.070125
6950.0	1.069444
6955.0	1.069677
6960.0	1.068906
6965.0	1.0657940000000001
6970.0	1.061388
6975.0	1.0541049999999998
6980.0	1.0505870000000002
6985.0	1.064559
6990.0	1.071446
6995.0	1.075028
7000.0	1.071834
7005.0	1.065494
7010.0	1.067863
7015.0	1.065973
7020.0	1.0653489999999999
7025.0	1.0688799999999998
7030.0	1.071488
7035.0	1.067677
7040.0	1.074414
7045.0	1.084051
7050.0	1.086948
7055.0	1.08213
7060.0	1.0693620000000001
7065.0	1.0683610000000001
7070.0	1.076738
7075.0	1.0867639999999998
7080.0	1.083684
7085.0	1.073473
7090.0	1.0646870000000002
7095.0	1.066645
7100.0	1.0671700000000002
7105.0	1.068643
7110.0	1.070673
7115.0	1.077136
7120.0	1.074518
7125.0	1.070117
7130.0	1.0615299999999999
7135.0	1.063763
7140.0	1.050909
7145.0	1.028766
7150.0	1.02683
7155.0	1.045361
7160.0	1.0568790000000001
7165.0	1.053142
7170.0	1.047023
7175.0	1.033958
7180.0	1.017297
7185.0	0.9844209999999999
7190.0	0.977852
7195.0	0.990089
7200.0	0.995618
7205.0	0.9941120000000001
7210.0	1.009471
7215.0	1.041459
7220.0	1.06585
7225.0	1.0767200000000001
7230.0	1.073561
7235.0	1.05405
7240.0	1.0290860000000002
7245.0	1.020714
7250.0	1.020923
7255.0	1.026497
7260.0	1.042224
7265.0	1.0471540000000001
7270.0	1.049057
7275.0	1.038367
7280.0	1.03701
7285.0	1.0374079999999999
7290.0	1.0303639999999998
7295.0	1.039587
7300.0	1.041248
7305.0	1.0361790000000002
7310.0	1.038389
7315.0	1.0382280000000002
7320.0	1.039877
7325.0	1.039391
7330.0	1.048351
7335.0	1.055793
7340.0	1.058816
7345.0	1.058914
7350.0	1.056219
7355.0	1.044902
7360.0	1.0383129999999998
7365.0	1.041721
7370.0	1.054066
7375.0	1.058984
7380.0	1.053156
7385.0	1.035888
7390.0	1.0284389999999999
7395.0	1.038486
7400.0	1.0360559999999999
7405.0	1.0326030000000002
7410.0	1.030155
7415.0	1.0327629999999999
7420.0	1.035836
7425.0	1.052489
7430.0	1.0565209999999998
7435.0	1.063872
7440.0	1.068166
7445.0	1.062638
7450.0	1.053687
7455.0	1.050317
7460.0	1.050705
7465.0	1.05208
7470.0	1.056396
7475.0	1.062927
7480.0	1.066339
7485.0	1.062423
7490.0	1.0526010000000001
7495.0	1.040904
7500.0	1.029336
7505.0	1.019803
7510.0	1.01901
7515.0	1.030409
7520.0	1.042038
7525.0	1.0420610000000001
7530.0	1.037146
7535.0	1.036195
7540.0	1.034869
7545.0	1.0293729999999999
7550.0	1.025728
7555.0	1.0298120000000002
7560.0	1.035102
7565.0	1.038162
7570.0	1.038399
7575.0	1.0383930000000001
7580.0	1.041117
7585.0	1.0463149999999999
7590.0	1.0496510000000001
7595.0	1.046283
7600.0	1.035583
7605.0	1.02234
7610.0	1.013578
7615.0	1.0132290000000002
7620.0	1.018822
7625.0	1.0237379999999998
7630.0	1.022821
7635.0	1.0160040000000001
7640.0	1.007643
7645.0	1.002498
7650.0	1.001827
7655.0	1.003588
7660.0	1.005623
7665.0	1.008102
7670.0	1.012969
7675.0	1.02091
7680.0	1.028879
7685.0	1.031426
7690.0	1.025142
7695.0	1.012076
7700.0	0.9993190000000001
7705.0	0.9946780000000001
7710.0	1.0011430000000001
7715.0	1.014694
7720.0	1.02708
7725.0	1.0310030000000001
7730.0	1.024414
7735.0	1.018445
7740.0	1.0082149999999999
7745.0	0.991456
7750.0	0.984031
7755.0	0.996654
7760.0	1.012938
7765.0	1.016381
7770.0	1.011136
7775.0	1.006924
7780.0	1.007195
7785.0	1.010566
7790.0	1.013932
7795.0	1.013368
7800.0	1.0041870000000002
7805.0	0.988627
7810.0	0.979843
7815.0	0.986707
7820.0	1.002151
7825.0	1.011796
7830.0	1.0038280000000002
7835.0	0.978771
7840.0	0.9577700000000001
7845.0	0.9606870000000001
7850.0	0.9792959999999999
7855.0	0.994743
7860.0	1.001966
7865.0	1.001965
7870.0	0.993144
7875.0	0.9796389999999999
7880.0	0.972508
7885.0	0.976416
7890.0	0.9840840000000001
7895.0	0.986382
7900.0	0.9806360000000001
7905.0	0.9713360000000001
7910.0	0.967016
7915.0	0.97185
7920.0	0.980808
7925.0	0.9844940000000001
7930.0	0.975266
7935.0	0.9532149999999999
7940.0	0.9286540000000001
7945.0	0.913884
7950.0	0.9170149999999999
7955.0	0.93686
7960.0	0.957149
7965.0	0.9631799999999999
7970.0	0.958032
7975.0	0.9518129999999999
7980.0	0.951559
7985.0	0.9586790000000001
7990.0	0.9643950000000001
7995.0	0.9591559999999999
8000.0	0.948657
8005.0	0.943364
8010.0	0.943311
8015.0	0.9466829999999999
8020.0	0.9515120000000001
8025.0	0.954039
8030.0	0.9606469999999999
8035.0	0.97529
8040.0	0.9802569999999999
8045.0	0.964559
8050.0	0.951261
8055.0	0.9608059999999999
8060.0	0.976224
8065.0	0.976607
8070.0	0.968742
8075.0	0.9644379999999999
8080.0	0.961076
8085.0	0.95415
8090.0	0.9464239999999999
8095.0	0.941464
8100.0	0.940591
8105.0	0.9437
8110.0	0.9458719999999999
8115.0	0.9432870000000001
8120.0	0.942895
8125.0	0.950609
8130.0	0.957519
8135.0	0.954636
8140.0	0.947659
8145.0	0.9442649999999999
8150.0	0.944357
8155.0	0.9457559999999999
8160.0	0.943923
8165.0	0.935541
8170.0	0.929543
8175.0	0.932939
8180.0	0.931846
8185.0	0.9147649999999999
8190.0	0.8923479999999999
8195.0	0.878891
8200.0	0.8872559999999999
8205.0	0.920534
8210.0	0.9510049999999999
8215.0	0.953902
8220.0	0.9392229999999999
8225.0	0.9241719999999999
8230.0	0.9172819999999999
8235.0	0.9214870000000001
8240.0	0.93258
8245.0	0.9442790000000001
8250.0	0.949008
8255.0	0.943476
8260.0	0.9379219999999999
8265.0	0.941498
8270.0	0.946217
8275.0	0.942841
8280.0	0.938184
8285.0	0.939775
8290.0	0.9415870000000001
8295.0	0.9374020000000001
8300.0	0.929969
8305.0	0.9239440000000001
8310.0	0.923377
8315.0	0.928319
8320.0	0.9267709999999999
8325.0	0.9102629999999999
8330.0	0.8945799999999999
8335.0	0.895754
8340.0	0.904777
8345.0	0.909532
8350.0	0.912399
8355.0	0.917025
8360.0	0.918595
8365.0	0.9134110000000001
8370.0	0.9104129999999999
8375.0	0.916587
8380.0	0.91701
8385.0	0.899914
8390.0	0.8871479999999999
8395.0	0.899282
8400.0	0.9204200000000001
8405.0	0.93004
8410.0	0.926808
8415.0	0.915651
8420.0	0.9043040000000001
8425.0	0.8991
8430.0	0.8953469999999999
8435.0	0.888809
8440.0	0.8914709999999999
8445.0	0.912012
8450.0	0.933742
8455.0	0.940026
8460.0	0.9373290000000001
8465.0	0.936449
8470.0	0.93755
8475.0	0.937527
8480.0	0.935917
8485.0	0.931134
8490.0	0.916855
8495.0	0.8932100000000001
8500.0	0.879654
8505.0	0.891101
8510.0	0.908487
8515.0	0.907444
8520.0	0.894117
8525.0	0.881597
8530.0	0.867842
8535.0	0.849276
8540.0	0.810238
8545.0	0.745883
8550.0	0.724381
8555.0	0.796141
8560.0	0.8861030000000001
8565.0	0.9166209999999999
8570.0	0.9077930000000001
8575.0	0.89775
8580.0	0.892136
8585.0	0.8869459999999999
8590.0	0.8825270000000001
8595.0	0.8803139999999999
8600.0	0.877182
8605.0	0.870675
8610.0	0.865131
8615.0	0.864442
8620.0	0.8677219999999999
8625.0	0.874732
8630.0	0.8879950000000001
8635.0	0.9062049999999999
8640.0	0.9176690000000001
8645.0	0.9122129999999999
8650.0	0.896373
8655.0	0.87935
8660.0	0.8457709999999999
8665.0	0.788709
8670.0	0.7670600000000001
8675.0	0.8241280000000001
8680.0	0.895619
8685.0	0.914485
8690.0	0.896064
8695.0	0.874411
8700.0	0.8878870000000001
8705.0	0.8978799999999999
8710.0	0.909644
8715.0	0.915517
8720.0	0.912758
8725.0	0.9046700000000001
8730.0	0.8969530000000001
8735.0	0.893
8740.0	0.891709
8745.0	0.888561
8750.0	0.87884
8755.0	0.861194
8760.0	0.839567
8765.0	0.821558
8770.0	0.814055
8775.0	0.8188310000000001
8780.0	0.830895
8785.0	0.841219
8790.0	0.843145
8795.0	0.8375319999999999
8800.0	0.83188
8805.0	0.8343959999999999
8810.0	0.847792
8815.0	0.867276
8820.0	0.884475
8825.0	0.894071
8830.0	0.896809
8835.0	0.896915
8840.0	0.8972540000000001
8845.0	0.896393
8850.0	0.890165
8855.0	0.8764569999999999
8860.0	0.857934
8865.0	0.8406459999999999
8870.0	0.8300700000000001
8875.0	0.827679
8880.0	0.8308110000000001
8885.0	0.8355799999999999
8890.0	0.839849
8895.0	0.843899
8900.0	0.84911
8905.0	0.856034
8910.0	0.863426
8915.0	0.868933
8920.0	0.870659
8925.0	0.8682979999999999
8930.0	0.8633379999999999
8935.0	0.858366
8940.0	0.8557540000000001
8945.0	0.8564280000000001
8950.0	0.859535
8955.0	0.863193
8960.0	0.865721
8965.0	0.8666389999999999
8970.0	0.866827
8975.0	0.867374
8980.0	0.868561
8985.0	0.8695790000000001
8990.0	0.869
8995.0	0.865684
9000.0	0.859558
9005.0	0.851606
9010.0	0.8436370000000001
9015.0	0.8379110000000001
9020.0	0.8364209999999999
9025.0	0.839916
9030.0	0.8471360000000001
9035.0	0.8551290000000001
9040.0	0.860925
9045.0	0.863298
9050.0	0.863326
9055.0	0.863144
9060.0	0.8635959999999999
9065.0	0.8631030000000001
9070.0	0.858927
9075.0	0.849849
9080.0	0.8377450000000001
9085.0	0.8266620000000001
9090.0	0.8199709999999999
9095.0	0.817761
9100.0	0.8173600000000001
9105.0	0.8266
9110.0	0.82516
9115.0	0.822167
9120.0	0.818268
9125.0	0.813395
9130.0	0.807519
9135.0	0.800902
9140.0	0.794773
9145.0	0.7911630000000001
9150.0	0.791211
9155.0	0.79471
9160.0	0.8002520000000001
9165.0	0.80613
9170.0	0.8113239999999999
9175.0	0.815804
9180.0	0.81986
9185.0	0.823176
9190.0	0.824792
9195.0	0.824026
9200.0	0.821341
9205.0	0.818495
9210.0	0.817788
9215.0	0.819743
9220.0	0.8224379999999999
9225.0	0.8224290000000001
9230.0	0.816179
9235.0	0.802697
9240.0	0.784269
9245.0	0.7653909999999999
9250.0	0.751141
9255.0	0.744585
9260.0	0.745815
9265.0	0.752391
9270.0	0.760391
9275.0	0.766808
9280.0	0.770659
9285.0	0.772839
9290.0	0.775378
9295.0	0.779346
9300.0	0.783762
9305.0	0.786144
9310.0	0.7840600000000001
9315.0	0.776962
9320.0	0.766841
9325.0	0.757108
9330.0	0.749825
9335.0	0.7449399999999999
9340.0	0.740366
9345.0	0.733583
9350.0	0.7250840000000001
9355.0	0.7168770000000001
9360.0	0.7117829999999999
9365.0	0.7125319999999999
9370.0	0.7195550000000001
9375.0	0.732797
9380.0	0.751851
9385.0	0.774861
9390.0	0.7972060000000001
9395.0	0.812856
9400.0	0.816401
9405.0	0.805478
9410.0	0.784108
9415.0	0.758462
9420.0	0.734056
9425.0	0.714368
9430.0	0.699728
9435.0	0.690318
9440.0	0.687044
9445.0	0.690377
9450.0	0.698351
9455.0	0.707249
9460.0	0.713334
9465.0	0.714938
9470.0	0.714212
9475.0	0.7141350000000001
9480.0	0.716122
9485.0	0.71945
9490.0	0.722143
9495.0	0.723849
9500.0	0.726619
9505.0	0.733219
9510.0	0.744304
9515.0	0.757234
9520.0	0.7676689999999999
9525.0	0.772456
9530.0	0.771871
9535.0	0.768655
9540.0	0.765614
9545.0	0.763456
9550.0	0.760636
9555.0	0.755306
9560.0	0.747111
9565.0	0.7377130000000001
9570.0	0.7296729999999999
9575.0	0.724646
9580.0	0.7224229999999999
9585.0	0.7215090000000001
9590.0	0.720711
9595.0	0.720173
9600.0	0.721658
9605.0	0.727398
9610.0	0.737739
9615.0	0.750781
9620.0	0.76261
9625.0	0.7690170000000001
9630.0	0.769005
9635.0	0.764558
9640.0	0.7597149999999999
9645.0	0.758287
9650.0	0.7599819999999999
9655.0	0.76207
9660.0	0.761012
9665.0	0.7544850000000001
9670.0	0.744351
9675.0	0.733631
9680.0	0.724835
9685.0	0.719305
9690.0	0.7166020000000001
9695.0	0.716891
9700.0	0.721377
9705.0	0.7309680000000001
9710.0	0.744578
9715.0	0.758664
9720.0	0.768338
9725.0	0.7698470000000001
9730.0	0.763304
9735.0	0.751791
9740.0	0.73974
9745.0	0.73082
9750.0	0.725693
9755.0	0.7230300000000001
9760.0	0.720934
9765.0	0.7182810000000001
9770.0	0.715838
9775.0	0.7156279999999999
9780.0	0.719749
9785.0	0.728907
9790.0	0.741363
9795.0	0.753384
9800.0	0.760768
9805.0	0.7608550000000001
9810.0	0.7539399999999999
9815.0	0.743229
9820.0	0.733051
9825.0	0.726625
9830.0	0.7250949999999999
9835.0	0.727082
9840.0	0.730137
9845.0	0.732531
9850.0	0.733187
9855.0	0.732178
9860.0	0.729951
9865.0	0.7267819999999999
9870.0	0.7236670000000001
9875.0	0.721522
9880.0	0.721264
9885.0	0.723476
9890.0	0.7271489999999999
9895.0	0.730866
9900.0	0.733099
9905.0	0.734155
9910.0	0.733147
9915.0	0.731413
9920.0	0.7302930000000001
9925.0	0.730746
9930.0	0.732204
9935.0	0.7337199999999999
9940.0	0.734346
9945.0	0.733536
9950.0	0.732338
9955.0	0.732204
9960.0	0.734582
9965.0	0.740226
9970.0	0.747088
9975.0	0.752424
9980.0	0.753491
9985.0	0.748621
9990.0	0.740455
9995.0	0.7327130000000001
10000.0	0.729115
10005.0	0.732158
10010.0	0.739456
10015.0	0.747405
10020.0	0.752395
10025.0	0.751794
10030.0	0.7468520000000001
10035.0	0.739794
10040.0	0.732842
10045.0	0.7277939999999999
10050.0	0.724739
10055.0	0.723341
10060.0	0.7232609999999999
10065.0	0.724137
10070.0	0.7255010000000001
10075.0	0.7268560000000001
10080.0	0.727708
10085.0	0.727636
10090.0	0.726506
10095.0	0.724262
10100.0	0.720843
10105.0	0.71642
10110.0	0.712075
10115.0	0.709116
10120.0	0.708853
10125.0	0.711946
10130.0	0.716454
10135.0	0.7197859999999999
10140.0	0.71935
10145.0	0.713501
10150.0	0.704384
10155.0	0.695087
10160.0	0.688701
10165.0	0.687399
10170.0	0.6896939999999999
10175.0	0.693183
10180.0	0.695461
10185.0	0.69481
10190.0	0.692241
10195.0	0.68945
10200.0	0.688132
10205.0	0.689381
10210.0	0.691878
10215.0	0.693703
10220.0	0.6929350000000001
10225.0	0.68835
10230.0	0.681503
10235.0	0.6746439999999999
10240.0	0.6700229999999999
10245.0	0.669235
10250.0	0.671247
10255.0	0.674372
10260.0	0.676921
10265.0	0.677685
10270.0	0.677377
10275.0	0.67719
10280.0	0.6783140000000001
10285.0	0.681489
10290.0	0.6856439999999999
10295.0	0.689254
10300.0	0.6907949999999999
10305.0	0.694872
10310.0	0.692951
10315.0	0.691067
10320.0	0.690135
10325.0	0.690782
10330.0	0.6924819999999999
10335.0	0.694418
10340.0	0.695774
10345.0	0.695966
10350.0	0.695337
10355.0	0.694459
10360.0	0.693908
10365.0	0.694072
10370.0	0.6945979999999999
10375.0	0.694946
10380.0	0.694578
10385.0	0.693182
10390.0	0.691355
10395.0	0.689922
10400.0	0.689708
10405.0	0.6912050000000001
10410.0	0.69357
10415.0	0.6956289999999999
10420.0	0.696203
10425.0	0.694483
10430.0	0.691112
10435.0	0.6871
10440.0	0.683455
10445.0	0.680971
10450.0	0.679579
10455.0	0.678994
10460.0	0.678934
10465.0	0.679157
10470.0	0.67961
10475.0	0.680284
10480.0	0.681167
10485.0	0.682198
10490.0	0.683095
10495.0	0.683524
10500.0	0.6831520000000001
10505.0	0.681772
10510.0	0.67969
10515.0	0.677344
10520.0	0.675168
10525.0	0.6735399999999999
10530.0	0.672615
10535.0	0.672491
10540.0	0.673265
10545.0	0.674913
10550.0	0.676922
10555.0	0.678655
10560.0	0.679478
10565.0	0.678899
10570.0	0.677003
10575.0	0.674018
10580.0	0.6701739999999999
10585.0	0.6658229999999999
10590.0	0.661812
10595.0	0.6591090000000001
10600.0	0.658686
10605.0	0.661213
10610.0	0.666176
10615.0	0.672764
10620.0	0.680164
10625.0	0.663573
10630.0	0.663008
10635.0	0.6624439999999999
10640.0	0.66188
10645.0	0.661316
10650.0	0.6607529999999999
10655.0	0.660191
10660.0	0.659628
10665.0	0.659066
10670.0	0.658505
10675.0	0.657944
10680.0	0.6573829999999999
10685.0	0.656822
10690.0	0.656262
10695.0	0.655702
10700.0	0.655143
10705.0	0.654584
10710.0	0.654026
10715.0	0.653468
10720.0	0.65291
10725.0	0.652352
10730.0	0.651795
10735.0	0.651239
10740.0	0.650683
10745.0	0.650127
10750.0	0.649571
10755.0	0.649016
10760.0	0.648462
10765.0	0.647907
10770.0	0.647353
10775.0	0.6468
10780.0	0.646247
10785.0	0.645694
10790.0	0.645142
10795.0	0.64459
10800.0	0.644039
10805.0	0.6434880000000001
10810.0	0.642937
10815.0	0.642387
10820.0	0.641837
10825.0	0.6412869999999999
10830.0	0.640738
10835.0	0.6401899999999999
10840.0	0.639641
10845.0	0.6390939999999999
10850.0	0.6385460000000001
10855.0	0.637999
10860.0	0.637452
10865.0	0.6369060000000001
10870.0	0.63636
10875.0	0.635815
10880.0	0.63527
10885.0	0.634726
10890.0	0.634181
10895.0	0.633638
10900.0	0.6330939999999999
10905.0	0.632551
10910.0	0.632009
10915.0	0.631467
10920.0	0.630925
10925.0	0.630384
10930.0	0.629843
10935.0	0.629303
10940.0	0.628763
10945.0	0.628223
10950.0	0.627684
10955.0	0.627146
10960.0	0.626607
10965.0	0.62607
10970.0	0.625532
10975.0	0.624995
10980.0	0.624459
10985.0	0.623923
10990.0	0.623387
10995.0	0.6228520000000001
11000.0	0.622317
11005.0	0.621783
11010.0	0.6212489999999999
11015.0	0.620715
11020.0	0.620182
11025.0	0.619649
11030.0	0.619117
11035.0	0.618586
11040.0	0.618054
11045.0	0.6175229999999999
11050.0	0.616993
11055.0	0.616463
11060.0	0.615933
11065.0	0.615404
11070.0	0.614876
11075.0	0.614348
11080.0	0.61382
11085.0	0.6132920000000001
11090.0	0.612766
11095.0	0.612239
11100.0	0.6117130000000001
11105.0	0.6111880000000001
11110.0	0.610663
11115.0	0.610138
11120.0	0.609614
11125.0	0.6090899999999999
11130.0	0.608567
11135.0	0.6080439999999999
11140.0	0.607522
11145.0	0.607
11150.0	0.606479
11155.0	0.605958
11160.0	0.605437
11165.0	0.604917
11170.0	0.604398
11175.0	0.603878
11180.0	0.60336
11185.0	0.602842
11190.0	0.602324
11195.0	0.601807
11200.0	0.60129
11205.0	0.600774
11210.0	0.600258
11215.0	0.599742
11220.0	0.5992270000000001
11225.0	0.598713
11230.0	0.5981989999999999
11235.0	0.5976859999999999
11240.0	0.597173
11245.0	0.5966600000000001
11250.0	0.596148
11255.0	0.5956359999999999
11260.0	0.595125
11265.0	0.594615
11270.0	0.594105
11275.0	0.593595
11280.0	0.593086
11285.0	0.592577
11290.0	0.592069
11295.0	0.591561
11300.0	0.591054
11305.0	0.590547
11310.0	0.590041
11315.0	0.589535
11320.0	0.58903
11325.0	0.588525
11330.0	0.588021
11335.0	0.587517
11340.0	0.587013
11345.0	0.586511
11350.0	0.586008
11355.0	0.5855060000000001
11360.0	0.585005
11365.0	0.584504
11370.0	0.584004
11375.0	0.583504
11380.0	0.583004
11385.0	0.582505
11390.0	0.5820069999999999
11395.0	0.581509
11400.0	0.581012
11405.0	0.580515
11410.0	0.580018
11415.0	0.579522
11420.0	0.5790270000000001
11425.0	0.5785319999999999
11430.0	0.578038
11435.0	0.577544
11440.0	0.577051
11445.0	0.576558
11450.0	0.5760649999999999
11455.0	0.575574
11460.0	0.575082
11465.0	0.574591
11470.0	0.574101
11475.0	0.573611
11480.0	0.573122
11485.0	0.572633
11490.0	0.572145
11495.0	0.571657
11500.0	0.57117
11505.0	0.570684
11510.0	0.5701970000000001
11515.0	0.569712
11520.0	0.569227
11525.0	0.568742
11530.0	0.568258
11535.0	0.567774
11540.0	0.567291
11545.0	0.566809
11550.0	0.566327
11555.0	0.5658449999999999
11560.0	0.565364
11565.0	0.564884
11570.0	0.564404
11575.0	0.563925
11580.0	0.563446
11585.0	0.562968
11590.0	0.5624899999999999
11595.0	0.562013
11600.0	0.5615359999999999
11605.0	0.56106
11610.0	0.560584
11615.0	0.560109
11620.0	0.559635
11625.0	0.559161
11630.0	0.5586869999999999
11635.0	0.558214
11640.0	0.557742
11645.0	0.5572699999999999
11650.0	0.5567989999999999
11655.0	0.5563279999999999
11660.0	0.555858
11665.0	0.555388
11670.0	0.5549189999999999
11675.0	0.554451
11680.0	0.553983
11685.0	0.553515
11690.0	0.553048
11695.0	0.552582
11700.0	0.5521159999999999
11705.0	0.551651
11710.0	0.551186
11715.0	0.550722
11720.0	0.550258
11725.0	0.549795
11730.0	0.549333
11735.0	0.548871
11740.0	0.5484100000000001
11745.0	0.547949
11750.0	0.547489
11755.0	0.547029
11760.0	0.54657
11765.0	0.546111
11770.0	0.5456529999999999
11775.0	0.545196
11780.0	0.5447390000000001
11785.0	0.544283
11790.0	0.5438270000000001
11795.0	0.5433720000000001
11800.0	0.542917
11805.0	0.542463
11810.0	0.54201
11815.0	0.541557
11820.0	0.541104
11825.0	0.5406529999999999
11830.0	0.540201
11835.0	0.539751
11840.0	0.539301
11845.0	0.538851
11850.0	0.538402
11855.0	0.537954
11860.0	0.537507
11865.0	0.5370590000000001
11870.0	0.536613
11875.0	0.5361670000000001
11880.0	0.535721
11885.0	0.535277
11890.0	0.534832
11895.0	0.534389
11900.0	0.533946
11905.0	0.533503
11910.0	0.533061
11915.0	0.53262
11920.0	0.532179
11925.0	0.5317390000000001
11930.0	0.5313
11935.0	0.5308609999999999
11940.0	0.5304220000000001
11945.0	0.529985
11950.0	0.5295479999999999
11955.0	0.529111
11960.0	0.528675
11965.0	0.5282399999999999
11970.0	0.527805
11975.0	0.527371
11980.0	0.526937
11985.0	0.526504
11990.0	0.526072
11995.0	0.52564
12000.0	0.525209
12005.0	0.524778
12010.0	0.5243479999999999
12015.0	0.5239189999999999
12020.0	0.52349
12025.0	0.523062
12030.0	0.522634
12035.0	0.522207
12040.0	0.521781
12045.0	0.521355
12050.0	0.52093
12055.0	0.520506
12060.0	0.5200819999999999
12065.0	0.519659
12070.0	0.5192359999999999
12075.0	0.518814
12080.0	0.518393
12085.0	0.517972
12090.0	0.517551
12095.0	0.5171319999999999
12100.0	0.516713
12105.0	0.516295
12110.0	0.515877
12115.0	0.51546
12120.0	0.515043
12125.0	0.5146270000000001
12130.0	0.514212
12135.0	0.513798
12140.0	0.5133840000000001
12145.0	0.51297
12150.0	0.512558
12155.0	0.512145
12160.0	0.511734
12165.0	0.511323
12170.0	0.5109130000000001
12175.0	0.5105029999999999
12180.0	0.5100939999999999
12185.0	0.509686
12190.0	0.509278
12195.0	0.508871
12200.0	0.508465
12205.0	0.508059
12210.0	0.507654
12215.0	0.50725
12220.0	0.506846
12225.0	0.506443
12230.0	0.5060399999999999
12235.0	0.505638
12240.0	0.5052369999999999
12245.0	0.504836
12250.0	0.504436
12255.0	0.504037
12260.0	0.503638
12265.0	0.5032399999999999
12270.0	0.502842
12275.0	0.502445
12280.0	0.502049
12285.0	0.501653
12290.0	0.501258
12295.0	0.5008640000000001
12300.0	0.50047
12305.0	0.500077
12310.0	0.499684
12315.0	0.49929300000000004
12320.0	0.49890100000000004
12325.0	0.498511
12330.0	0.49812
12335.0	0.49773100000000003
12340.0	0.497342
12345.0	0.496954
12350.0	0.496567
12355.0	0.49618
12360.0	0.49579300000000004
12365.0	0.495407
12370.0	0.495022
12375.0	0.494638
12380.0	0.49425399999999997
12385.0	0.493871
12390.0	0.49348800000000004
12395.0	0.49310600000000004
12400.0	0.492724
12405.0	0.49234300000000003
12410.0	0.491963
12415.0	0.491584
12420.0	0.491204
12425.0	0.49082600000000004
12430.0	0.49044799999999994
12435.0	0.490071
12440.0	0.48969399999999996
12445.0	0.48931800000000003
12450.0	0.488943
12455.0	0.488568
12460.0	0.48819399999999996
12465.0	0.48782
12470.0	0.487447
12475.0	0.48707399999999995
12480.0	0.486703
12485.0	0.486331
12490.0	0.485961
12495.0	0.48558999999999997
12500.0	0.485221
12505.0	0.48485200000000006
12510.0	0.484484
12515.0	0.484116
12520.0	0.483749
12525.0	0.483382
12530.0	0.483016
12535.0	0.482651
12540.0	0.482286
12545.0	0.481922
12550.0	0.481558
12555.0	0.481195
12560.0	0.480832
12565.0	0.48047
12570.0	0.480109
12575.0	0.47974799999999995
12580.0	0.47938800000000004
12585.0	0.47902799999999995
12590.0	0.47866899999999996
12595.0	0.478311
12600.0	0.47795299999999996
12605.0	0.477596
12610.0	0.477239
12615.0	0.476883
12620.0	0.47652700000000003
12625.0	0.47617200000000004
12630.0	0.475817
12635.0	0.475463
12640.0	0.47511000000000003
12645.0	0.474757
12650.0	0.474405
12655.0	0.474053
12660.0	0.47370200000000007
12665.0	0.47335200000000005
12670.0	0.47300200000000003
12675.0	0.472652
12680.0	0.472303
12685.0	0.471955
12690.0	0.471607
12695.0	0.47126
12700.0	0.470913
12705.0	0.470567
12710.0	0.47022200000000003
12715.0	0.46987700000000004
12720.0	0.46953199999999995
12725.0	0.469189
12730.0	0.46884499999999996
12735.0	0.46850200000000003
12740.0	0.46816
12745.0	0.467818
12750.0	0.46747700000000003
12755.0	0.46713699999999997
12760.0	0.466797
12765.0	0.46645699999999995
12770.0	0.46611800000000003
12775.0	0.46578
12780.0	0.465442
12785.0	0.465105
12790.0	0.464768
12795.0	0.46443199999999996
12800.0	0.464096
12805.0	0.463761
12810.0	0.463426
12815.0	0.463092
12820.0	0.462758
12825.0	0.462425
12830.0	0.46209300000000003
12835.0	0.461761
12840.0	0.461429
12845.0	0.46109799999999995
12850.0	0.460768
12855.0	0.460438
12860.0	0.460109
12865.0	0.45978
12870.0	0.459452
12875.0	0.459124
12880.0	0.458797
12885.0	0.45847
12890.0	0.45814399999999994
12895.0	0.457818
12900.0	0.45749300000000004
12905.0	0.457168
12910.0	0.456844
12915.0	0.456521
12920.0	0.45619799999999994
12925.0	0.455875
12930.0	0.455553
12935.0	0.45523199999999997
12940.0	0.45491099999999995
12945.0	0.45458999999999994
12950.0	0.45427
12955.0	0.45395100000000005
12960.0	0.453632
12965.0	0.453313
12970.0	0.452995
12975.0	0.45267799999999997
12980.0	0.45236099999999996
12985.0	0.452045
12990.0	0.451729
12995.0	0.451413
13000.0	0.45109799999999994
13005.0	0.450784
13010.0	0.45047
13015.0	0.450157
13020.0	0.44984399999999997
13025.0	0.449531
13030.0	0.44922
13035.0	0.448908
13040.0	0.448597
13045.0	0.448287
13050.0	0.44797700000000007
13055.0	0.447668
13060.0	0.447359
13065.0	0.44705
13070.0	0.44674200000000003
13075.0	0.446435
13080.0	0.44612799999999997
13085.0	0.445821
13090.0	0.44551499999999994
13095.0	0.44521000000000005
13100.0	0.444905
13105.0	0.4446
13110.0	0.444296
13115.0	0.443993
13120.0	0.44369
13125.0	0.443387
13130.0	0.44308500000000006
13135.0	0.442783
13140.0	0.442482
13145.0	0.44218199999999996
13150.0	0.441881
13155.0	0.441582
13160.0	0.441283
13165.0	0.440984
13170.0	0.44068599999999997
13175.0	0.440388
13180.0	0.44009
13185.0	0.43979399999999996
13190.0	0.439497
13195.0	0.439201
13200.0	0.438906
13205.0	0.438611
13210.0	0.438316
13215.0	0.438022
13220.0	0.437729
13225.0	0.437436
13230.0	0.437143
13235.0	0.43685100000000004
13240.0	0.43655900000000003
13245.0	0.43626800000000004
13250.0	0.43597700000000006
13255.0	0.435687
13260.0	0.43539700000000003
13265.0	0.43510699999999997
13270.0	0.43481800000000004
13275.0	0.43453
13280.0	0.434242
13285.0	0.433954
13290.0	0.433667
13295.0	0.43338000000000004
13300.0	0.433094
13305.0	0.43280799999999997
13310.0	0.43252299999999994
13315.0	0.432238
13320.0	0.431954
13325.0	0.43167
13330.0	0.431386
13335.0	0.43110299999999996
13340.0	0.43082
13345.0	0.43053800000000003
13350.0	0.43025699999999995
13355.0	0.429975
13360.0	0.42969399999999996
13365.0	0.429414
13370.0	0.429134
13375.0	0.428854
13380.0	0.428575
13385.0	0.42829700000000004
13390.0	0.428018
13395.0	0.427741
13400.0	0.42746300000000004
13405.0	0.42718599999999995
13410.0	0.42691
13415.0	0.426634
13420.0	0.426358
13425.0	0.426083
13430.0	0.425808
13435.0	0.425534
13440.0	0.42526
13445.0	0.424986
13450.0	0.424713
13455.0	0.424441
13460.0	0.42416899999999996
13465.0	0.423897
13470.0	0.423625
13475.0	0.423354
13480.0	0.423084
13485.0	0.422814
13490.0	0.422544
13495.0	0.422275
13500.0	0.42200600000000005
13505.0	0.421738
13510.0	0.42146999999999996
13515.0	0.421202
13520.0	0.42093500000000006
13525.0	0.42066800000000004
13530.0	0.42040200000000005
13535.0	0.42013599999999995
13540.0	0.41986999999999997
13545.0	0.419605
13550.0	0.41934099999999996
13555.0	0.419076
13560.0	0.41881199999999996
13565.0	0.418549
13570.0	0.418286
13575.0	0.418023
13580.0	0.417761
13585.0	0.41749899999999995
13590.0	0.417238
13595.0	0.41697700000000004
13600.0	0.416716
13605.0	0.41645600000000005
13610.0	0.416196
13615.0	0.415936
13620.0	0.415677
13625.0	0.415419
13630.0	0.41516000000000003
13635.0	0.41490299999999997
13640.0	0.414645
13645.0	0.41438800000000003
13650.0	0.414131
13655.0	0.413875
13660.0	0.41361899999999996
13665.0	0.413364
13670.0	0.413108
13675.0	0.412854
13680.0	0.412599
13685.0	0.41234499999999996
13690.0	0.412092
13695.0	0.411839
13700.0	0.41158599999999995
13705.0	0.411333
13710.0	0.41108100000000003
13715.0	0.41083000000000003
13720.0	0.410578
13725.0	0.41032799999999997
13730.0	0.410077
13735.0	0.40982700000000005
13740.0	0.409577
13745.0	0.409328
13750.0	0.40907899999999997
13755.0	0.40883
13760.0	0.408582
13765.0	0.40833400000000003
13770.0	0.408086
13775.0	0.407839
13780.0	0.407592
13785.0	0.407346
13790.0	0.4071
13795.0	0.406854
13800.0	0.406609
13805.0	0.406364
13810.0	0.40612
13815.0	0.405875
13820.0	0.405631
13825.0	0.405388
13830.0	0.405145
13835.0	0.404902
13840.0	0.40465999999999996
13845.0	0.404418
13850.0	0.40417600000000004
13855.0	0.403935
13860.0	0.403694
13865.0	0.403453
13870.0	0.403213
13875.0	0.402973
13880.0	0.402733
13885.0	0.402494
13890.0	0.40225500000000003
13895.0	0.402017
13900.0	0.401779
13905.0	0.401541
13910.0	0.401303
13915.0	0.401066
13920.0	0.400829
13925.0	0.400593
13930.0	0.400357
13935.0	0.400121
13940.0	0.399886
13945.0	0.39965100000000003
13950.0	0.399416
13955.0	0.39918200000000004
13960.0	0.398948
13965.0	0.398714
13970.0	0.398481
13975.0	0.398248
13980.0	0.398015
13985.0	0.397783
13990.0	0.39755100000000004
13995.0	0.397319
14000.0	0.397088
14005.0	0.396857
14010.0	0.39662600000000003
14015.0	0.396396
14020.0	0.39616599999999996
14025.0	0.395936
14030.0	0.39570700000000003
14035.0	0.395478
14040.0	0.39524899999999996
14045.0	0.395021
14050.0	0.39479200000000003
14055.0	0.394565
14060.0	0.394337
14065.0	0.39411
14070.0	0.393884
14075.0	0.39365700000000003
14080.0	0.393431
14085.0	0.393205
14090.0	0.39298
14095.0	0.392754
14100.0	0.39253000000000005
14105.0	0.392305
14110.0	0.392081
14115.0	0.391857
14120.0	0.391633
14125.0	0.39141
14130.0	0.391187
14135.0	0.390964
14140.0	0.39074200000000003
14145.0	0.39052
14150.0	0.390298
14155.0	0.390077
14160.0	0.389856
14165.0	0.389635
14170.0	0.389414
14175.0	0.389194
14180.0	0.388974
14185.0	0.388754
14190.0	0.38853499999999996
14195.0	0.388316
14200.0	0.38809699999999997
14205.0	0.387879
14210.0	0.38766100000000003
14215.0	0.387443
14220.0	0.387225
14225.0	0.387008
14230.0	0.386791
14235.0	0.386575
14240.0	0.386358
14245.0	0.386142
14250.0	0.38592600000000005
14255.0	0.385711
14260.0	0.385496
14265.0	0.385281
14270.0	0.38506599999999996
14275.0	0.38485199999999997
14280.0	0.38463800000000004
14285.0	0.384424
14290.0	0.38421
14295.0	0.383997
14300.0	0.383784
14305.0	0.383571
14310.0	0.383359
14315.0	0.38314699999999996
14320.0	0.38293499999999997
14325.0	0.38272399999999995
14330.0	0.38251199999999996
14335.0	0.382301
14340.0	0.38209099999999996
14345.0	0.38188
14350.0	0.38167
14355.0	0.38145999999999997
14360.0	0.38125
14365.0	0.38104099999999996
14370.0	0.380832
14375.0	0.380623
14380.0	0.380415
14385.0	0.380206
14390.0	0.379998
14395.0	0.37979
14400.0	0.379583
14405.0	0.37937600000000005
14410.0	0.379169
14415.0	0.37896199999999997
14420.0	0.378756
14425.0	0.37854899999999997
14430.0	0.378343
14435.0	0.37813800000000003
14440.0	0.377932
14445.0	0.377727
14450.0	0.37752199999999997
14455.0	0.377318
14460.0	0.37711300000000003
14465.0	0.376909
14470.0	0.376705
14475.0	0.376502
14480.0	0.376298
14485.0	0.37609499999999996
14490.0	0.375892
14495.0	0.37569
14500.0	0.375487
14505.0	0.375285
14510.0	0.375083
14515.0	0.374881
14520.0	0.37468
14525.0	0.374479
14530.0	0.374278
14535.0	0.374077
14540.0	0.373877
14545.0	0.373677
14550.0	0.373477
14555.0	0.373277
14560.0	0.373077
14565.0	0.37287800000000004
14570.0	0.372679
14575.0	0.37248000000000003
14580.0	0.372282
14585.0	0.372083
14590.0	0.37188499999999997
14595.0	0.371687
14600.0	0.37149
14605.0	0.371292
14610.0	0.371095
14615.0	0.370898
14620.0	0.370702
14625.0	0.37050500000000003
14630.0	0.370309
14635.0	0.370113
14640.0	0.369917
14645.0	0.369721
14650.0	0.369526
14655.0	0.369331
14660.0	0.369136
14665.0	0.36894099999999996
14670.0	0.368747
14675.0	0.368552
14680.0	0.368358
14685.0	0.368164
14690.0	0.367971
14695.0	0.367777
14700.0	0.367584
14705.0	0.36739099999999997
14710.0	0.367198
14715.0	0.367006
14720.0	0.366813
14725.0	0.36662100000000003
14730.0	0.366429
14735.0	0.366237
14740.0	0.366046
14745.0	0.36585500000000004
14750.0	0.365663
14755.0	0.365473
14760.0	0.365282
14765.0	0.365091
14770.0	0.36490100000000003
14775.0	0.364711
14780.0	0.364521
14785.0	0.364331
14790.0	0.364142
14795.0	0.363952
14800.0	0.363763
14805.0	0.36357399999999995
14810.0	0.363385
14815.0	0.363197
14820.0	0.363009
14825.0	0.36282
14830.0	0.362632
14835.0	0.36244499999999996
14840.0	0.362257
14845.0	0.36207
14850.0	0.36188200000000004
14855.0	0.361695
14860.0	0.361508
14865.0	0.361322
14870.0	0.361135
14875.0	0.36094899999999996
14880.0	0.360763
14885.0	0.360577
14890.0	0.36039099999999996
14895.0	0.36020599999999997
14900.0	0.36002
14905.0	0.359835
14910.0	0.35965
14915.0	0.35946500000000003
14920.0	0.35928000000000004
14925.0	0.359096
14930.0	0.35891100000000004
14935.0	0.358727
14940.0	0.358543
14945.0	0.35835900000000004
14950.0	0.358176
14955.0	0.35799200000000003
14960.0	0.357809
14965.0	0.357626
14970.0	0.357443
14975.0	0.35725999999999997
14980.0	0.357077
14985.0	0.35689499999999996
14990.0	0.356712
14995.0	0.35653
15000.0	0.356348
15005.0	0.356166
15010.0	0.355985
15015.0	0.35580300000000004
15020.0	0.355622
15025.0	0.355441
15030.0	0.355259
15035.0	0.355078
15040.0	0.354898
15045.0	0.354717
15050.0	0.354537
15055.0	0.354356
15060.0	0.35417600000000005
15065.0	0.353996
15070.0	0.35381599999999996
15075.0	0.353637
15080.0	0.353457
15085.0	0.35327800000000004
15090.0	0.353099
15095.0	0.352919
15100.0	0.35274
15105.0	0.352562
15110.0	0.352383
15115.0	0.352204
15120.0	0.352026
15125.0	0.351848
15130.0	0.35167
15135.0	0.351492
15140.0	0.35131399999999996
15145.0	0.351136
15150.0	0.350958
15155.0	0.350781
15160.0	0.35060399999999997
15165.0	0.350427
15170.0	0.35025
15175.0	0.350073
15180.0	0.349896
15185.0	0.349719
15190.0	0.349543
15195.0	0.349366
15200.0	0.34919
15205.0	0.349014
15210.0	0.34883800000000004
15215.0	0.34866199999999997
15220.0	0.348486
15225.0	0.34831100000000004
15230.0	0.348135
15235.0	0.34796
15240.0	0.34778400000000004
15245.0	0.347609
15250.0	0.347434
15255.0	0.34725900000000004
15260.0	0.347084
15265.0	0.34691
15270.0	0.346735
15275.0	0.346561
15280.0	0.346386
15285.0	0.34621199999999996
15290.0	0.346038
15295.0	0.345864
15300.0	0.34569
15305.0	0.345516
15310.0	0.345343
15315.0	0.345169
15320.0	0.344996
15325.0	0.34482199999999996
15330.0	0.344649
15335.0	0.344476
15340.0	0.344303
15345.0	0.34413
15350.0	0.343957
15355.0	0.34378400000000003
15360.0	0.343612
15365.0	0.343439
15370.0	0.343267
15375.0	0.343094
15380.0	0.342922
15385.0	0.34275
15390.0	0.342578
15395.0	0.342406
15400.0	0.34223400000000004
15405.0	0.342062
15410.0	0.34189
15415.0	0.341719
15420.0	0.341547
15425.0	0.341376
15430.0	0.34120500000000004
15435.0	0.341033
15440.0	0.340862
15445.0	0.34069099999999997
15450.0	0.34052
15455.0	0.34034899999999996
15460.0	0.34017800000000004
15465.0	0.340008
15470.0	0.339837
15475.0	0.33966599999999997
15480.0	0.339496
15485.0	0.339325
15490.0	0.33915500000000004
15495.0	0.338985
15500.0	0.338814
15505.0	0.338644
15510.0	0.338474
15515.0	0.338304
15520.0	0.338134
15525.0	0.337965
15530.0	0.33779499999999996
15535.0	0.337625
15540.0	0.337456
15545.0	0.33728600000000003
15550.0	0.33711599999999997
15555.0	0.336947
15560.0	0.336778
15565.0	0.336608
15570.0	0.336439
15575.0	0.33626999999999996
15580.0	0.33610100000000004
15585.0	0.335932
15590.0	0.33576300000000003
15595.0	0.335594
15600.0	0.335425
15605.0	0.335256
15610.0	0.335088
15615.0	0.334919
15620.0	0.33475
15625.0	0.334582
15630.0	0.334413
15635.0	0.33424499999999996
15640.0	0.33407600000000004
15645.0	0.333908
15650.0	0.333739
15655.0	0.333571
15660.0	0.333403
15665.0	0.333235
15670.0	0.333067
15675.0	0.332899
15680.0	0.332731
15685.0	0.33256199999999997
15690.0	0.332395
15695.0	0.332227
15700.0	0.332059
15705.0	0.331891
15710.0	0.331723
15715.0	0.33155500000000004
15720.0	0.331388
15725.0	0.33121999999999996
15730.0	0.331052
15735.0	0.330885
15740.0	0.330717
15745.0	0.33055
15750.0	0.330382
15755.0	0.33021500000000004
15760.0	0.330047
15765.0	0.32988
15770.0	0.329712
15775.0	0.329545
15780.0	0.329378
15785.0	0.32921
15790.0	0.329043
15795.0	0.328876
15800.0	0.32870900000000003
15805.0	0.328542
15810.0	0.328374
15815.0	0.328207
15820.0	0.32804
15825.0	0.327873
15830.0	0.327706
15835.0	0.32753899999999997
15840.0	0.327372
15845.0	0.327205
15850.0	0.327038
15855.0	0.326871
15860.0	0.326704
15865.0	0.32653699999999997
15870.0	0.32637
15875.0	0.326203
15880.0	0.326036
15885.0	0.325869
15890.0	0.325702
15895.0	0.32553499999999996
15900.0	0.325368
15905.0	0.325201
15910.0	0.325034
15915.0	0.324867
15920.0	0.3247
15925.0	0.324534
15930.0	0.324367
15935.0	0.3242
15940.0	0.324033
15945.0	0.323866
15950.0	0.32369899999999996
15955.0	0.32353200000000004
15960.0	0.323365
15965.0	0.323198
15970.0	0.32303200000000004
15975.0	0.322865
15980.0	0.322698
15985.0	0.322531
15990.0	0.322364
15995.0	0.32219699999999996
16000.0	0.32203000000000004
16005.0	0.321863
16010.0	0.321696
16015.0	0.321529
16020.0	0.321362
16025.0	0.321195
16030.0	0.32102800000000004
16035.0	0.320861
16040.0	0.320694
16045.0	0.320527
16050.0	0.32036
16055.0	0.320193
16060.0	0.32002600000000003
16065.0	0.319858
16070.0	0.319691
16075.0	0.319524
16080.0	0.319357
16085.0	0.31919000000000003
16090.0	0.319022
16095.0	0.318855
16100.0	0.318688
16105.0	0.31851999999999997
16110.0	0.318353
16115.0	0.318185
16120.0	0.31801799999999997
16125.0	0.317851
16130.0	0.317683
16135.0	0.31751599999999996
16140.0	0.317348
16145.0	0.31718
16150.0	0.317013
16155.0	0.316845
16160.0	0.316677
16165.0	0.31651
16170.0	0.316342
16175.0	0.31617399999999996
16180.0	0.316006
16185.0	0.315838
16190.0	0.31567
16195.0	0.315502
16200.0	0.315334
16205.0	0.315166
16210.0	0.314998
16215.0	0.31483
16220.0	0.314662
16225.0	0.31449299999999997
16230.0	0.314325
16235.0	0.314157
16240.0	0.313988
16245.0	0.31382
16250.0	0.313651
16255.0	0.31348200000000004
16260.0	0.313314
16265.0	0.313145
16270.0	0.31297600000000003
16275.0	0.312808
16280.0	0.312639
16285.0	0.31246999999999997
16290.0	0.312301
16295.0	0.312132
16300.0	0.311963
16305.0	0.311794
16310.0	0.31162399999999996
16315.0	0.31145500000000004
16320.0	0.311286
16325.0	0.311116
16330.0	0.310947
16335.0	0.310777
16340.0	0.310608
16345.0	0.310438
16350.0	0.310268
16355.0	0.310098
16360.0	0.30992800000000004
16365.0	0.309758
16370.0	0.30958800000000003
16375.0	0.30941799999999997
16380.0	0.309248
16385.0	0.309078
16390.0	0.308908
16395.0	0.308737
16400.0	0.308567
16405.0	0.308397
16410.0	0.308226
16415.0	0.308056
16420.0	0.30788499999999996
16425.0	0.307714
16430.0	0.307543
16435.0	0.307373
16440.0	0.307202
16445.0	0.307031
16450.0	0.30685999999999997
16455.0	0.306689
16460.0	0.30651799999999996
16465.0	0.306346
16470.0	0.306175
16475.0	0.306004
16480.0	0.305832
16485.0	0.305661
16490.0	0.30549
16495.0	0.305318
16500.0	0.30514600000000003
16505.0	0.304975
16510.0	0.30480300000000005
16515.0	0.304631
16520.0	0.30445900000000004
16525.0	0.304287
16530.0	0.304115
16535.0	0.30394299999999996
16540.0	0.303771
16545.0	0.30359899999999995
16550.0	0.303427
16555.0	0.303255
16560.0	0.303082
16565.0	0.30291
16570.0	0.302738
16575.0	0.30256500000000003
16580.0	0.30239299999999997
16585.0	0.30222
16590.0	0.30204699999999995
16595.0	0.301875
16600.0	0.301702
16605.0	0.301529
16610.0	0.301356
16615.0	0.301183
16620.0	0.30101
16625.0	0.30083699999999997
16630.0	0.300664
16635.0	0.300491
16640.0	0.300318
16645.0	0.300144
16650.0	0.299971
16655.0	0.299798
16660.0	0.299624
16665.0	0.299451
16670.0	0.299277
16675.0	0.299104
16680.0	0.29893000000000003
16685.0	0.298756
16690.0	0.298582
16695.0	0.29840900000000004
16700.0	0.298235
16705.0	0.298061
16710.0	0.297887
16715.0	0.297713
16720.0	0.297539
16725.0	0.297365
16730.0	0.297191
16735.0	0.297016
16740.0	0.296842
16745.0	0.296668
16750.0	0.296493
16755.0	0.296319
16760.0	0.296144
16765.0	0.29596999999999996
16770.0	0.295795
16775.0	0.295621
16780.0	0.295446
16785.0	0.295271
16790.0	0.295096
16795.0	0.29492199999999996
16800.0	0.294747
16805.0	0.294572
16810.0	0.29439699999999996
16815.0	0.294222
16820.0	0.294047
16825.0	0.293871
16830.0	0.293696
16835.0	0.293521
16840.0	0.293346
16845.0	0.29317
16850.0	0.292995
16855.0	0.29281999999999997
16860.0	0.292644
16865.0	0.292469
16870.0	0.29229299999999997
16875.0	0.292117
16880.0	0.29194200000000003
16885.0	0.29176599999999997
16890.0	0.29159
16895.0	0.29141500000000004
16900.0	0.29123899999999997
16905.0	0.291063
16910.0	0.290887
16915.0	0.290711
16920.0	0.290535
16925.0	0.29035900000000003
16930.0	0.29018299999999997
16935.0	0.290006
16940.0	0.28983000000000003
16945.0	0.289654
16950.0	0.289478
16955.0	0.28930100000000003
16960.0	0.289125
16965.0	0.28894899999999996
16970.0	0.288772
16975.0	0.288596
16980.0	0.288419
16985.0	0.288242
16990.0	0.288066
16995.0	0.287889
17000.0	0.28771199999999997
17005.0	0.287536
17010.0	0.28735900000000003
17015.0	0.287182
17020.0	0.287005
17025.0	0.286828
17030.0	0.28665100000000004
17035.0	0.28647399999999995
17040.0	0.28629699999999997
17045.0	0.28612
17050.0	0.285943
17055.0	0.285765
17060.0	0.285588
17065.0	0.285411
17070.0	0.285233
17075.0	0.285056
17080.0	0.284879
17085.0	0.28470100000000004
17090.0	0.284524
17095.0	0.284346
17100.0	0.284169
17105.0	0.283991
17110.0	0.28381300000000004
17115.0	0.283636
17120.0	0.283458
17125.0	0.28328000000000003
17130.0	0.283102
17135.0	0.282925
17140.0	0.28274699999999997
17145.0	0.282569
17150.0	0.282391
17155.0	0.282213
17160.0	0.282035
17165.0	0.281857
17170.0	0.281679
17175.0	0.281501
17180.0	0.28132199999999996
17185.0	0.281144
17190.0	0.280966
17195.0	0.28078800000000004
17200.0	0.280609
17205.0	0.280431
17210.0	0.28025300000000003
17215.0	0.280074
17220.0	0.279896
17225.0	0.279717
17230.0	0.279539
17235.0	0.27936
17240.0	0.279181
17245.0	0.279003
17250.0	0.27882399999999996
17255.0	0.278645
17260.0	0.278467
17265.0	0.27828800000000004
17270.0	0.278109
17275.0	0.27793
17280.0	0.277751
17285.0	0.277572
17290.0	0.277393
17295.0	0.277215
17300.0	0.277036
17305.0	0.276856
17310.0	0.276677
17315.0	0.276498
17320.0	0.276319
17325.0	0.27614
17330.0	0.275961
17335.0	0.275781
17340.0	0.275602
17345.0	0.27542300000000003
17350.0	0.275244
17355.0	0.275064
17360.0	0.274885
17365.0	0.27470500000000003
17370.0	0.27452600000000005
17375.0	0.274346
17380.0	0.274167
17385.0	0.273987
17390.0	0.273808
17395.0	0.27362800000000004
17400.0	0.273449
17405.0	0.273269
17410.0	0.27308899999999997
17415.0	0.272909
17420.0	0.27273000000000003
17425.0	0.27255
17430.0	0.27237
17435.0	0.27219
17440.0	0.27201
17445.0	0.27183
17450.0	0.27165
17455.0	0.271471
17460.0	0.271291
17465.0	0.271111
17470.0	0.27093
17475.0	0.27075
17480.0	0.27057
17485.0	0.27039
17490.0	0.27021
17495.0	0.27003
17500.0	0.26985
17505.0	0.269669
17510.0	0.269489
17515.0	0.269309
17520.0	0.269129
17525.0	0.268948
17530.0	0.268768
17535.0	0.268588
17540.0	0.268407
17545.0	0.268227
17550.0	0.268046
17555.0	0.267866
17560.0	0.267685
17565.0	0.267505
17570.0	0.26732399999999995
17575.0	0.267144
17580.0	0.266963
17585.0	0.266782
17590.0	0.266602
17595.0	0.266421
17600.0	0.26624000000000003
17605.0	0.26605999999999996
17610.0	0.265879
17615.0	0.265698
17620.0	0.265517
17625.0	0.265337
17630.0	0.265156
17635.0	0.264975
17640.0	0.26479400000000003
17645.0	0.264613
17650.0	0.264432
17655.0	0.264251
17660.0	0.26406999999999997
17665.0	0.263889
17670.0	0.263708
17675.0	0.263527
17680.0	0.263346
17685.0	0.263165
17690.0	0.262984
17695.0	0.262803
17700.0	0.26262199999999997
17705.0	0.262441
17710.0	0.26226
17715.0	0.26207800000000003
17720.0	0.261897
17725.0	0.261716
17730.0	0.261535
17735.0	0.261354
17740.0	0.26117199999999996
17745.0	0.260991
17750.0	0.26081
17755.0	0.260628
17760.0	0.260447
17765.0	0.260266
17770.0	0.26008400000000004
17775.0	0.259903
17780.0	0.25972199999999995
17785.0	0.25954
17790.0	0.259359
17795.0	0.259177
17800.0	0.258996
17805.0	0.258814
17810.0	0.258633
17815.0	0.25845100000000004
17820.0	0.25827
17825.0	0.258088
17830.0	0.25790599999999997
17835.0	0.257725
17840.0	0.25754299999999997
17845.0	0.257362
17850.0	0.25718
17855.0	0.256998
17860.0	0.256817
17865.0	0.256635
17870.0	0.25645300000000004
17875.0	0.256272
17880.0	0.25609
17885.0	0.25590799999999997
17890.0	0.255726
17895.0	0.25554499999999997
17900.0	0.255363
17905.0	0.255181
17910.0	0.254999
17915.0	0.254818
17920.0	0.25463600000000003
17925.0	0.254454
17930.0	0.254272
17935.0	0.25409
17940.0	0.25390799999999997
17945.0	0.253726
17950.0	0.25354499999999996
17955.0	0.253363
17960.0	0.253181
17965.0	0.252999
17970.0	0.252817
17975.0	0.252635
17980.0	0.25245300000000004
17985.0	0.252271
17990.0	0.252089
17995.0	0.251907
18000.0	0.251725
18005.0	0.25154299999999996
18010.0	0.251361
18015.0	0.251179
18020.0	0.25099699999999997
18025.0	0.250815
18030.0	0.250633
18035.0	0.25045100000000003
18040.0	0.250269
18045.0	0.250087
18050.0	0.24990500000000002
18055.0	0.249723
18060.0	0.24954
18065.0	0.249358
18070.0	0.249176
18075.0	0.248994
18080.0	0.24881199999999998
18085.0	0.24863000000000002
18090.0	0.248448
18095.0	0.248266
18100.0	0.248083
18105.0	0.247901
18110.0	0.247719
18115.0	0.24753699999999998
18120.0	0.24735500000000002
18125.0	0.247173
18130.0	0.24699000000000002
18135.0	0.246808
18140.0	0.246626
18145.0	0.246444
18150.0	0.246261
18155.0	0.246079
18160.0	0.24589699999999998
18165.0	0.24571500000000002
18170.0	0.245533
18175.0	0.24535
18180.0	0.245168
18185.0	0.244986
18190.0	0.244804
18195.0	0.244621
18200.0	0.244439
18205.0	0.24425700000000003
18210.0	0.244075
18215.0	0.243892
18220.0	0.24370999999999998
18225.0	0.24352800000000002
18230.0	0.243346
18235.0	0.24316300000000002
18240.0	0.242981
18245.0	0.242799
18250.0	0.242617
18255.0	0.242434
18260.0	0.242252
18265.0	0.24206999999999998
18270.0	0.241887
18275.0	0.24170500000000003
18280.0	0.24152300000000002
18285.0	0.24134099999999997
18290.0	0.24115799999999998
18295.0	0.24097600000000002
18300.0	0.240794
18305.0	0.240612
18310.0	0.240429
18315.0	0.240247
18320.0	0.240065
18325.0	0.239882
18330.0	0.2397
18335.0	0.23951799999999998
18340.0	0.23933600000000002
18345.0	0.23915300000000003
18350.0	0.23897100000000002
18355.0	0.23878899999999997
18360.0	0.238607
18365.0	0.23842399999999997
18370.0	0.238242
18375.0	0.23806
18380.0	0.23787800000000003
18385.0	0.237695
18390.0	0.237513
18395.0	0.237331
18400.0	0.23714899999999997
18405.0	0.23696599999999998
18410.0	0.23678400000000002
18415.0	0.236602
18420.0	0.23642
18425.0	0.236238
18430.0	0.23605500000000001
18435.0	0.235873
18440.0	0.23569099999999998
18445.0	0.23550900000000002
18450.0	0.235327
18455.0	0.235144
18460.0	0.23496199999999998
18465.0	0.23478000000000002
18470.0	0.234598
18475.0	0.23441599999999999
18480.0	0.23423400000000003
18485.0	0.234051
18490.0	0.233869
18495.0	0.23368699999999998
18500.0	0.23350500000000002
18505.0	0.233323
18510.0	0.233141
18515.0	0.23295900000000003
18520.0	0.232777
18525.0	0.232594
18530.0	0.23241199999999998
18535.0	0.23223000000000002
18540.0	0.232048
18545.0	0.231866
18550.0	0.231684
18555.0	0.23150199999999999
18560.0	0.23131999999999997
18565.0	0.231138
18570.0	0.230956
18575.0	0.23077399999999998
18580.0	0.23059200000000002
18585.0	0.23041
18590.0	0.23022800000000002
18595.0	0.230046
18600.0	0.22986399999999999
18605.0	0.22968200000000003
18610.0	0.2295
18615.0	0.229318
18620.0	0.229136
18625.0	0.22895500000000002
18630.0	0.228773
18635.0	0.228591
18640.0	0.228409
18645.0	0.22822699999999999
18650.0	0.22804499999999997
18655.0	0.227863
18660.0	0.22768200000000002
18665.0	0.2275
18670.0	0.227318
18675.0	0.227136
18680.0	0.226954
18685.0	0.226773
18690.0	0.226591
18695.0	0.22640900000000003
18700.0	0.226228
18705.0	0.226046
18710.0	0.22586399999999998
18715.0	0.22568200000000002
18720.0	0.22550100000000003
18725.0	0.22531900000000002
18730.0	0.225138
18735.0	0.224956
18740.0	0.22477399999999997
18745.0	0.224593
18750.0	0.224411
18755.0	0.22423
18760.0	0.224048
18765.0	0.223867
18770.0	0.223685
18775.0	0.223504
18780.0	0.223322
18785.0	0.22314099999999998
18790.0	0.22295900000000002
18795.0	0.22277800000000003
18800.0	0.22259600000000002
18805.0	0.222415
18810.0	0.22223400000000001
18815.0	0.222052
18820.0	0.221871
18825.0	0.22169
18830.0	0.22150799999999998
18835.0	0.221327
18840.0	0.221146
18845.0	0.22096500000000002
18850.0	0.22078299999999998
18855.0	0.220602
18860.0	0.220421
18865.0	0.22024000000000002
18870.0	0.220059
18875.0	0.219877
18880.0	0.219696
18885.0	0.21951500000000002
18890.0	0.219334
18895.0	0.21915300000000001
18900.0	0.21897199999999997
18905.0	0.21879099999999999
18910.0	0.21861
18915.0	0.21842899999999998
18920.0	0.218248
18925.0	0.218067
18930.0	0.21788600000000002
18935.0	0.217705
18940.0	0.217525
18945.0	0.217344
18950.0	0.21716300000000002
18955.0	0.216982
18960.0	0.21680100000000002
18965.0	0.216621
18970.0	0.21644000000000002
18975.0	0.216259
18980.0	0.216079
18985.0	0.215898
18990.0	0.21571700000000002
18995.0	0.21553699999999998
19000.0	0.215356
19005.0	0.215175
19010.0	0.214995
19015.0	0.21481399999999998
19020.0	0.21463400000000002
19025.0	0.21445300000000003
19030.0	0.214273
19035.0	0.21409299999999998
19040.0	0.213912
19045.0	0.213732
19050.0	0.21355100000000002
19055.0	0.213371
19060.0	0.213191
19065.0	0.213011
19070.0	0.21283000000000002
19075.0	0.21265
19080.0	0.21247
19085.0	0.21229
19090.0	0.21211
19095.0	0.211929
19100.0	0.21174899999999997
19105.0	0.211569
19110.0	0.211389
19115.0	0.211209
19120.0	0.211029
19125.0	0.21084899999999998
19130.0	0.210669
19135.0	0.21049
19140.0	0.21031
19145.0	0.21013
19150.0	0.20995
19155.0	0.20976999999999998
19160.0	0.20959099999999997
19165.0	0.209411
19170.0	0.209231
19175.0	0.20905100000000001
19180.0	0.20887199999999997
19185.0	0.20869200000000002
19190.0	0.208513
19195.0	0.208333
19200.0	0.208154
19205.0	0.20797399999999996
19210.0	0.20779499999999998
19215.0	0.20761500000000002
19220.0	0.207436
19225.0	0.207256
19230.0	0.207077
19235.0	0.206898
19240.0	0.206719
19245.0	0.206539
19250.0	0.20636
19255.0	0.206181
19260.0	0.206002
19265.0	0.205823
19270.0	0.205644
19275.0	0.205465
19280.0	0.20528600000000002
19285.0	0.205107
19290.0	0.20492800000000003
19295.0	0.20474900000000001
19300.0	0.20457
19305.0	0.20439100000000002
19310.0	0.20421199999999998
19315.0	0.204034
19320.0	0.203855
19325.0	0.203676
19330.0	0.203497
19335.0	0.203319
19340.0	0.20314000000000002
19345.0	0.20296199999999998
19350.0	0.202783
19355.0	0.202605
19360.0	0.202426
19365.0	0.202248
19370.0	0.202069
19375.0	0.20189100000000001
19380.0	0.201713
19385.0	0.201534
19390.0	0.201356
19395.0	0.201178
19400.0	0.201
19405.0	0.200822
19410.0	0.20064400000000002
19415.0	0.200466
19420.0	0.20028800000000002
19425.0	0.20010999999999998
19430.0	0.199932
19435.0	0.199754
19440.0	0.199576
19445.0	0.199398
19450.0	0.19922
19455.0	0.199043
19460.0	0.19886500000000001
19465.0	0.198687
19470.0	0.19851
19475.0	0.19833199999999998
19480.0	0.198154
19485.0	0.197977
19490.0	0.197799
19495.0	0.197622
19500.0	0.197445
19505.0	0.197267
19510.0	0.19709000000000002
19515.0	0.196913
19520.0	0.196735
19525.0	0.19655799999999998
19530.0	0.196381
19535.0	0.196204
19540.0	0.196027
19545.0	0.19585
19550.0	0.195673
19555.0	0.195496
19560.0	0.195319
19565.0	0.195142
19570.0	0.194965
19575.0	0.19478900000000002
19580.0	0.19461199999999998
19585.0	0.194435
19590.0	0.194259
19595.0	0.194082
19600.0	0.193905
19605.0	0.19372899999999998
19610.0	0.193553
19615.0	0.193376
19620.0	0.1932
19625.0	0.193023
19630.0	0.192847
19635.0	0.192671
19640.0	0.192495
19645.0	0.19231900000000002
19650.0	0.192142
19655.0	0.191966
19660.0	0.19179000000000002
19665.0	0.191614
19670.0	0.191438
19675.0	0.19126300000000002
19680.0	0.19108699999999998
19685.0	0.190911
19690.0	0.190735
19695.0	0.19055999999999998
19700.0	0.190384
19705.0	0.190208
19710.0	0.19003299999999998
19715.0	0.189857
19720.0	0.189682
19725.0	0.189506
19730.0	0.189331
19735.0	0.189156
19740.0	0.18898
19745.0	0.188805
19750.0	0.18863
19755.0	0.18845499999999998
19760.0	0.18828
19765.0	0.188105
19770.0	0.18792999999999999
19775.0	0.187755
19780.0	0.18758
19785.0	0.187405
19790.0	0.18723
19795.0	0.187056
19800.0	0.186881
19805.0	0.18670599999999998
19810.0	0.186532
19815.0	0.186357
19820.0	0.186183
19825.0	0.18600799999999998
19830.0	0.185834
19835.0	0.18566
19840.0	0.18548599999999998
19845.0	0.185311
19850.0	0.185137
19855.0	0.18496300000000002
19860.0	0.184789
19865.0	0.184615
19870.0	0.18444100000000002
19875.0	0.18426700000000001
19880.0	0.184093
19885.0	0.18392
19890.0	0.183746
19895.0	0.183572
19900.0	0.183398
19905.0	0.183225
19910.0	0.183051
19915.0	0.18287799999999999
19920.0	0.182704
19925.0	0.182531
19930.0	0.182358
19935.0	0.18218499999999999
19940.0	0.18201099999999998
19945.0	0.181838
19950.0	0.18166500000000002
19955.0	0.18149200000000001
19960.0	0.181319
19965.0	0.181146
19970.0	0.180973
19975.0	0.180801
19980.0	0.180628
19985.0	0.180455
19990.0	0.180282
19995.0	0.18011
20000.0	0.17993699999999999
20005.0	0.179765
20010.0	0.179592
20015.0	0.17942
20020.0	0.179248
20025.0	0.179076
20030.0	0.178903
20035.0	0.178731
20040.0	0.178559
20045.0	0.178387
20050.0	0.178215
20055.0	0.178043
20060.0	0.177872
20065.0	0.1777
20070.0	0.177528
20075.0	0.17735599999999999
20080.0	0.17718499999999998
20085.0	0.177013
20090.0	0.176842
20095.0	0.17667
20100.0	0.176499
20105.0	0.17632799999999998
20110.0	0.17615699999999998
20115.0	0.175985
20120.0	0.175814
20125.0	0.175643
20130.0	0.175472
20135.0	0.175301
20140.0	0.17513
20145.0	0.17496
20150.0	0.174789
20155.0	0.174618
20160.0	0.174448
20165.0	0.174277
20170.0	0.17410699999999998
20175.0	0.17393599999999998
20180.0	0.173766
20185.0	0.173595
20190.0	0.173425
20195.0	0.173255
20200.0	0.173085
20205.0	0.172915
20210.0	0.172745
20215.0	0.172575
20220.0	0.172405
20225.0	0.172235
20230.0	0.172066
20235.0	0.171896
20240.0	0.171726
20245.0	0.171557
20250.0	0.17138699999999998
20255.0	0.171218
20260.0	0.171049
20265.0	0.170879
20270.0	0.17071
20275.0	0.170541
20280.0	0.170372
20285.0	0.170203
20290.0	0.170034
20295.0	0.16986500000000002
20300.0	0.169696
20305.0	0.16952799999999998
20310.0	0.16935899999999998
20315.0	0.16919
20320.0	0.169022
20325.0	0.168853
20330.0	0.168685
20335.0	0.168517
20340.0	0.168348
20345.0	0.16818
20350.0	0.168012
20355.0	0.167844
20360.0	0.167676
20365.0	0.167508
20370.0	0.16734000000000002
20375.0	0.16717200000000002
20380.0	0.167005
20385.0	0.16683699999999999
20390.0	0.166669
20395.0	0.166502
20400.0	0.16633399999999998
20405.0	0.166167
20410.0	0.166
20415.0	0.16583299999999998
20420.0	0.165665
20425.0	0.165498
20430.0	0.165331
20435.0	0.165164
20440.0	0.164998
20445.0	0.164831
20450.0	0.164664
20455.0	0.164497
20460.0	0.164331
20465.0	0.164164
20470.0	0.163998
20475.0	0.163832
20480.0	0.163665
20485.0	0.163499
20490.0	0.163333
20495.0	0.163167
20500.0	0.163001
20505.0	0.16283499999999998
20510.0	0.162669
20515.0	0.162503
20520.0	0.162338
20525.0	0.162172
20530.0	0.16200599999999998
20535.0	0.161841
20540.0	0.161676
20545.0	0.16151
20550.0	0.16134500000000002
20555.0	0.16118
20560.0	0.16101500000000002
20565.0	0.16085
20570.0	0.160685
20575.0	0.16052
20580.0	0.160355
20585.0	0.16019
20590.0	0.160026
20595.0	0.159861
20600.0	0.159697
20605.0	0.159532
20610.0	0.159368
20615.0	0.15920399999999998
20620.0	0.159039
20625.0	0.158875
20630.0	0.158711
20635.0	0.158547
20640.0	0.158384
20645.0	0.15822
20650.0	0.158056
20655.0	0.157892
20660.0	0.157729
20665.0	0.157565
20670.0	0.157402
20675.0	0.15723900000000002
20680.0	0.157075
20685.0	0.156912
20690.0	0.156749
20695.0	0.156586
20700.0	0.156423
20705.0	0.15625999999999998
20710.0	0.15609800000000001
20715.0	0.155935
20720.0	0.155772
20725.0	0.15561
20730.0	0.155447
20735.0	0.15528499999999998
20740.0	0.155123
20745.0	0.154961
20750.0	0.154799
20755.0	0.154637
20760.0	0.154475
20765.0	0.154313
20770.0	0.154151
20775.0	0.15398900000000001
20780.0	0.153828
20785.0	0.153666
20790.0	0.153505
20795.0	0.153343
20800.0	0.15318199999999998
20805.0	0.153021
20810.0	0.15286
20815.0	0.152699
20820.0	0.152538
20825.0	0.15237699999999998
20830.0	0.15221600000000002
20835.0	0.152055
20840.0	0.151895
20845.0	0.15173399999999998
20850.0	0.15157400000000001
20855.0	0.15141400000000002
20860.0	0.151253
20865.0	0.151093
20870.0	0.15093299999999998
20875.0	0.150773
20880.0	0.15061300000000002
20885.0	0.150453
20890.0	0.150294
20895.0	0.150134
20900.0	0.149974
20905.0	0.149815
20910.0	0.14965499999999998
20915.0	0.149496
20920.0	0.149337
20925.0	0.149178
20930.0	0.149019
20935.0	0.14886
20940.0	0.148701
20945.0	0.148542
20950.0	0.148383
20955.0	0.148225
20960.0	0.148066
20965.0	0.14790799999999998
20970.0	0.14775
20975.0	0.147591
20980.0	0.14743299999999998
20985.0	0.147275
20990.0	0.147117
20995.0	0.14695899999999998
21000.0	0.146801
21005.0	0.146644
21010.0	0.14648599999999998
21015.0	0.146329
21020.0	0.146171
21025.0	0.146014
21030.0	0.145857
21035.0	0.145699
21040.0	0.145542
21045.0	0.145385
21050.0	0.145228
21055.0	0.145072
21060.0	0.14491500000000002
21065.0	0.144758
21070.0	0.144602
21075.0	0.14444500000000002
21080.0	0.144289
21085.0	0.14413299999999998
21090.0	0.143977
21095.0	0.143821
21100.0	0.14366500000000001
21105.0	0.143509
21110.0	0.143353
21115.0	0.143197
21120.0	0.143042
21125.0	0.14288599999999999
21130.0	0.142731
21135.0	0.142576
21140.0	0.14242
21145.0	0.142265
21150.0	0.14211
21155.0	0.141955
21160.0	0.141801
21165.0	0.141646
21170.0	0.141491
21175.0	0.141337
21180.0	0.141182
21185.0	0.141028
21190.0	0.140874
21195.0	0.140719
21200.0	0.140565
21205.0	0.14041099999999998
21210.0	0.140258
21215.0	0.140104
21220.0	0.13995
21225.0	0.139797
21230.0	0.13964300000000002
21235.0	0.13949
21240.0	0.139337
21245.0	0.139183
21250.0	0.13903
21255.0	0.138877
21260.0	0.13872400000000001
21265.0	0.138572
21270.0	0.13841900000000001
21275.0	0.138266
21280.0	0.13811400000000001
21285.0	0.137962
21290.0	0.137809
21295.0	0.137657
21300.0	0.137505
21305.0	0.137353
21310.0	0.137201
21315.0	0.137049
21320.0	0.136898
21325.0	0.136746
21330.0	0.136595
21335.0	0.136443
21340.0	0.136292
21345.0	0.136141
21350.0	0.13599
21355.0	0.13583900000000002
21360.0	0.135688
21365.0	0.135537
21370.0	0.13538599999999998
21375.0	0.135236
21380.0	0.13508499999999998
21385.0	0.134935
21390.0	0.134785
21395.0	0.134635
21400.0	0.134485
21405.0	0.13433499999999998
21410.0	0.134185
21415.0	0.134035
21420.0	0.13388599999999998
21425.0	0.133736
21430.0	0.13358699999999998
21435.0	0.133437
21440.0	0.13328800000000002
21445.0	0.133139
21450.0	0.13299
21455.0	0.13284100000000001
21460.0	0.132692
21465.0	0.132544
21470.0	0.132395
21475.0	0.132247
21480.0	0.132098
21485.0	0.13195
21490.0	0.131802
21495.0	0.131654
21500.0	0.13150599999999998
21505.0	0.131358
21510.0	0.13121
21515.0	0.131063
21520.0	0.130915
21525.0	0.130768
21530.0	0.13062100000000001
21535.0	0.130473
21540.0	0.130326
21545.0	0.130179
21550.0	0.13003199999999998
21555.0	0.129886
21560.0	0.12973900000000002
21565.0	0.129593
21570.0	0.129446
21575.0	0.1293
21580.0	0.129154
21585.0	0.12900699999999998
21590.0	0.12886199999999998
21595.0	0.128716
21600.0	0.12857000000000002
21605.0	0.128424
21610.0	0.128279
21615.0	0.128133
21620.0	0.12798800000000002
21625.0	0.127843
21630.0	0.127698
21635.0	0.127553
21640.0	0.127408
21645.0	0.12726300000000001
21650.0	0.127118
21655.0	0.126974
21660.0	0.126829
21665.0	0.126685
21670.0	0.12654100000000001
21675.0	0.126397
21680.0	0.126253
21685.0	0.126109
21690.0	0.12596500000000002
21695.0	0.125822
21700.0	0.12567799999999998
21705.0	0.12553499999999998
21710.0	0.125391
21715.0	0.125248
21720.0	0.125105
21725.0	0.12496199999999999
21730.0	0.124819
21735.0	0.124677
21740.0	0.12453399999999999
21745.0	0.124391
21750.0	0.124249
21755.0	0.124107
21760.0	0.123965
21765.0	0.123823
21770.0	0.123681
21775.0	0.12353900000000001
21780.0	0.123397
21785.0	0.12325599999999999
21790.0	0.12311400000000002
21795.0	0.122973
21800.0	0.122832
21805.0	0.12269100000000001
21810.0	0.12255
21815.0	0.12240899999999999
21820.0	0.122268
21825.0	0.122127
21830.0	0.12198699999999998
21835.0	0.12184600000000001
21840.0	0.121706
21845.0	0.12156600000000001
21850.0	0.12142599999999999
21855.0	0.12128599999999999
21860.0	0.121146
21865.0	0.12100699999999999
21870.0	0.120867
21875.0	0.120727
21880.0	0.12058800000000001
21885.0	0.120449
21890.0	0.12030999999999999
21895.0	0.120171
21900.0	0.120032
21905.0	0.119893
21910.0	0.119755
21915.0	0.11961600000000001
21920.0	0.119478
21925.0	0.11934000000000002
21930.0	0.119201
21935.0	0.11906300000000002
21940.0	0.118926
21945.0	0.118788
21950.0	0.11865
21955.0	0.11851300000000001
21960.0	0.118375
21965.0	0.11823800000000001
21970.0	0.118101
21975.0	0.11796400000000001
21980.0	0.117827
21985.0	0.11769
21990.0	0.11755299999999999
21995.0	0.11741700000000001
22000.0	0.11728
22005.0	0.11714400000000001
22010.0	0.11700799999999999
22015.0	0.116871
22020.0	0.11673499999999999
22025.0	0.1166
22030.0	0.11646400000000001
22035.0	0.116328
22040.0	0.116193
22045.0	0.116057
22050.0	0.115922
22055.0	0.11578699999999999
22060.0	0.115652
22065.0	0.11551700000000001
22070.0	0.115382
22075.0	0.115247
22080.0	0.11511300000000001
22085.0	0.114978
22090.0	0.114844
22095.0	0.11470999999999999
22100.0	0.114576
22105.0	0.114442
22110.0	0.11430799999999999
22115.0	0.114174
22120.0	0.11404
22125.0	0.113907
22130.0	0.113773
22135.0	0.11364
22140.0	0.113507
22145.0	0.113374
22150.0	0.11324100000000001
22155.0	0.11310799999999999
22160.0	0.112976
22165.0	0.11284300000000001
22170.0	0.11270999999999999
22175.0	0.112578
22180.0	0.112446
22185.0	0.11231400000000001
22190.0	0.11218199999999999
22195.0	0.11205
22200.0	0.111918
22205.0	0.11178699999999998
22210.0	0.11165499999999999
22215.0	0.111524
22220.0	0.111392
22225.0	0.11126099999999998
22230.0	0.11112999999999999
22235.0	0.110999
22240.0	0.11086800000000001
22245.0	0.11073800000000002
22250.0	0.110607
22255.0	0.110476
22260.0	0.110346
22265.0	0.11021600000000001
22270.0	0.11008599999999999
22275.0	0.109956
22280.0	0.109826
22285.0	0.109696
22290.0	0.10956600000000001
22295.0	0.10943699999999999
22300.0	0.10930699999999999
22305.0	0.109178
22310.0	0.10904900000000001
22315.0	0.10892
22320.0	0.10879100000000001
22325.0	0.108662
22330.0	0.10853299999999999
22335.0	0.108405
22340.0	0.108276
22345.0	0.10814800000000001
22350.0	0.108019
22355.0	0.10789100000000001
22360.0	0.10776300000000001
22365.0	0.107635
22370.0	0.10750699999999999
22375.0	0.10737999999999999
22380.0	0.107252
22385.0	0.107125
22390.0	0.10699700000000001
22395.0	0.10687
22400.0	0.106743
22405.0	0.106616
22410.0	0.10648900000000001
22415.0	0.10636199999999998
22420.0	0.106235
22425.0	0.106109
22430.0	0.10598199999999999
22435.0	0.10585599999999999
22440.0	0.10572999999999999
22445.0	0.10560399999999999
22450.0	0.105478
22455.0	0.105352
22460.0	0.105226
22465.0	0.105101
22470.0	0.104975
22475.0	0.10485
22480.0	0.104724
22485.0	0.104599
22490.0	0.104474
22495.0	0.104349
22500.0	0.104224
22505.0	0.1041
22510.0	0.103975
22515.0	0.10385
22520.0	0.103726
22525.0	0.103602
22530.0	0.103478
22535.0	0.103354
22540.0	0.10323
22545.0	0.10310599999999999
22550.0	0.10298199999999999
22555.0	0.10285799999999999
22560.0	0.10273499999999999
22565.0	0.102612
22570.0	0.10248800000000001
22575.0	0.102365
22580.0	0.102242
22585.0	0.102119
22590.0	0.101996
22595.0	0.101874
22600.0	0.101751
22605.0	0.101629
22610.0	0.101506
22615.0	0.101384
22620.0	0.101262
22625.0	0.10114
22630.0	0.101018
22635.0	0.100896
22640.0	0.100775
22645.0	0.10065299999999999
22650.0	0.10053200000000001
22655.0	0.10041
22660.0	0.100289
22665.0	0.100168
22670.0	0.100047
22675.0	0.099926
22680.0	0.09980499999999999
22685.0	0.099685
22690.0	0.099564
22695.0	0.099444
22700.0	0.09932300000000001
22705.0	0.099203
22710.0	0.099083
22715.0	0.098963
22720.0	0.098843
22725.0	0.098723
22730.0	0.098604
22735.0	0.098484
22740.0	0.098365
22745.0	0.098245
22750.0	0.098126
22755.0	0.09800700000000001
22760.0	0.097888
22765.0	0.09776900000000001
22770.0	0.09765
22775.0	0.09753200000000001
22780.0	0.097413
22785.0	0.097295
22790.0	0.097176
22795.0	0.097058
22800.0	0.09694
22805.0	0.096822
22810.0	0.096704
22815.0	0.096586
22820.0	0.096469
22825.0	0.09635099999999999
22830.0	0.096234
22835.0	0.096116
22840.0	0.095999
22845.0	0.09588200000000001
22850.0	0.095765
22855.0	0.095648
22860.0	0.09553099999999999
22865.0	0.095415
22870.0	0.09529800000000001
22875.0	0.095182
22880.0	0.095066
22885.0	0.094949
22890.0	0.094833
22895.0	0.094717
22900.0	0.094601
22905.0	0.094485
22910.0	0.09437000000000001
22915.0	0.09425399999999999
22920.0	0.094139
22925.0	0.094023
22930.0	0.093908
22935.0	0.093793
22940.0	0.093678
22945.0	0.093563
22950.0	0.093448
22955.0	0.093334
22960.0	0.09321900000000001
22965.0	0.093105
22970.0	0.09299
22975.0	0.092876
22980.0	0.092762
22985.0	0.09264800000000001
22990.0	0.092534
22995.0	0.09242
23000.0	0.092307
23005.0	0.092193
23010.0	0.092079
23015.0	0.09196599999999999
23020.0	0.091853
23025.0	0.09174
23030.0	0.091627
23035.0	0.091514
23040.0	0.091401
23045.0	0.091288
23050.0	0.091176
23055.0	0.091063
23060.0	0.090951
23065.0	0.090838
23070.0	0.090726
23075.0	0.090614
23080.0	0.090502
23085.0	0.09039
23090.0	0.090279
23095.0	0.090167
23100.0	0.090055
23105.0	0.08994400000000001
23110.0	0.08983300000000001
23115.0	0.08972100000000001
23120.0	0.08961000000000001
23125.0	0.089499
23130.0	0.089389
23135.0	0.089278
23140.0	0.089167
23145.0	0.08905700000000001
23150.0	0.088946
23155.0	0.088836
23160.0	0.088725
23165.0	0.088615
23170.0	0.088505
23175.0	0.088395
23180.0	0.088286
23185.0	0.088176
23190.0	0.08806599999999999
23195.0	0.08795700000000001
23200.0	0.087848
23205.0	0.087738
23210.0	0.087629
23215.0	0.08752
23220.0	0.087411
23225.0	0.087302
23230.0	0.08719400000000001
23235.0	0.087085
23240.0	0.086976
23245.0	0.086868
23250.0	0.08676
23255.0	0.086651
23260.0	0.086543
23265.0	0.086435
23270.0	0.086328
23275.0	0.08622
23280.0	0.086112
23285.0	0.086005
23290.0	0.085897
23295.0	0.08578999999999999
23300.0	0.08568300000000001
23305.0	0.085575
23310.0	0.08546799999999999
23315.0	0.085361
23320.0	0.085255
23325.0	0.085148
23330.0	0.08504099999999999
23335.0	0.084935
23340.0	0.084828
23345.0	0.084722
23350.0	0.084616
23355.0	0.08451
23360.0	0.08440399999999999
23365.0	0.084298
23370.0	0.08419199999999999
23375.0	0.084087
23380.0	0.083981
23385.0	0.08387599999999999
23390.0	0.08377000000000001
23395.0	0.083665
23400.0	0.08356
23405.0	0.083455
23410.0	0.08335
23415.0	0.083245
23420.0	0.08314099999999999
23425.0	0.083036
23430.0	0.08293099999999999
23435.0	0.082827
23440.0	0.082723
23445.0	0.08261900000000001
23450.0	0.08251499999999999
23455.0	0.082411
23460.0	0.082307
23465.0	0.082203
23470.0	0.082099
23475.0	0.081996
23480.0	0.08189199999999999
23485.0	0.081789
23490.0	0.081686
23495.0	0.081583
23500.0	0.08148
23505.0	0.081377
23510.0	0.081274
23515.0	0.08117100000000001
23520.0	0.081069
23525.0	0.080966
23530.0	0.080864
23535.0	0.080761
23540.0	0.08065900000000001
23545.0	0.080557
23550.0	0.080455
23555.0	0.080353
23560.0	0.080251
23565.0	0.08015
23570.0	0.08004800000000001
23575.0	0.079947
23580.0	0.079845
23585.0	0.07974400000000001
23590.0	0.07964299999999999
23595.0	0.079542
23600.0	0.079441
23605.0	0.07934
23610.0	0.079239
23615.0	0.079139
23620.0	0.079038
23625.0	0.078938
23630.0	0.078837
23635.0	0.078737
23640.0	0.078637
23645.0	0.078537
23650.0	0.078437
23655.0	0.078337
23660.0	0.078238
23665.0	0.078138
23670.0	0.078039
23675.0	0.077939
23680.0	0.07783999999999999
23685.0	0.07774099999999999
23690.0	0.077642
23695.0	0.077543
23700.0	0.077444
23705.0	0.07734500000000001
23710.0	0.07724600000000001
23715.0	0.07714800000000001
23720.0	0.077049
23725.0	0.076951
23730.0	0.07685299999999999
23735.0	0.076754
23740.0	0.07665599999999999
23745.0	0.076558
23750.0	0.07646
23755.0	0.076363
23760.0	0.076265
23765.0	0.076167
23770.0	0.07607
23775.0	0.075973
23780.0	0.075875
23785.0	0.075778
23790.0	0.075681
23795.0	0.075584
23800.0	0.075487
23805.0	0.075391
23810.0	0.075294
23815.0	0.075197
23820.0	0.075101
23825.0	0.075005
23830.0	0.074908
23835.0	0.074812
23840.0	0.07471599999999999
23845.0	0.07462
23850.0	0.074524
23855.0	0.074429
23860.0	0.07433300000000001
23865.0	0.074238
23870.0	0.074142
23875.0	0.074047
23880.0	0.073952
23885.0	0.07385599999999999
23890.0	0.07376100000000001
23895.0	0.073667
23900.0	0.073572
23905.0	0.073477
23910.0	0.073382
23915.0	0.073288
23920.0	0.073193
23925.0	0.073099
23930.0	0.073005
23935.0	0.072911
23940.0	0.07281699999999999
23945.0	0.072723
23950.0	0.072629
23955.0	0.072535
23960.0	0.07244199999999999
23965.0	0.072348
23970.0	0.072255
23975.0	0.072161
23980.0	0.072068
23985.0	0.071975
23990.0	0.071882
23995.0	0.07178899999999999
24000.0	0.07169600000000001
24005.0	0.071603
24010.0	0.071511
24015.0	0.071418
24020.0	0.071326
24025.0	0.071234
24030.0	0.071141
24035.0	0.071049
24040.0	0.070957
24045.0	0.070865
24050.0	0.070773
24055.0	0.07068200000000001
24060.0	0.07059
24065.0	0.070499
24070.0	0.07040700000000001
24075.0	0.070316
24080.0	0.070225
24085.0	0.070133
24090.0	0.070042
24095.0	0.069951
24100.0	0.069861
24105.0	0.06977
24110.0	0.06967899999999999
24115.0	0.069589
24120.0	0.069498
24125.0	0.069408
24130.0	0.06931799999999999
24135.0	0.069227
24140.0	0.069137
24145.0	0.069047
24150.0	0.068958
24155.0	0.068868
24160.0	0.06877799999999999
24165.0	0.068689
24170.0	0.06859900000000001
24175.0	0.06851
24180.0	0.06842000000000001
24185.0	0.06833099999999999
24190.0	0.068242
24195.0	0.06815299999999999
24200.0	0.068064
24205.0	0.067976
24210.0	0.067887
24215.0	0.067798
24220.0	0.06771
24225.0	0.067621
24230.0	0.06753300000000001
24235.0	0.067445
24240.0	0.067357
24245.0	0.06726900000000001
24250.0	0.06718099999999999
24255.0	0.067093
24260.0	0.067006
24265.0	0.06691799999999999
24270.0	0.06683
24275.0	0.066743
24280.0	0.06665599999999999
24285.0	0.06656799999999999
24290.0	0.066481
24295.0	0.06639400000000001
24300.0	0.066307
24305.0	0.06622
24310.0	0.066134
24315.0	0.06604700000000001
24320.0	0.065961
24325.0	0.065874
24330.0	0.065788
24335.0	0.065702
24340.0	0.06561499999999999
24345.0	0.06552899999999999
24350.0	0.065443
24355.0	0.065357
24360.0	0.065272
24365.0	0.06518600000000001
24370.0	0.0651
24375.0	0.065015
24380.0	0.06493
24385.0	0.064844
24390.0	0.064759
24395.0	0.064674
24400.0	0.064589
24405.0	0.06450399999999999
24410.0	0.064419
24415.0	0.064335
24420.0	0.06425
24425.0	0.064165
24430.0	0.064081
24435.0	0.063997
24440.0	0.063912
24445.0	0.063828
24450.0	0.06374400000000001
24455.0	0.06366000000000001
24460.0	0.063576
24465.0	0.063493
24470.0	0.06340900000000001
24475.0	0.063325
24480.0	0.06324199999999999
24485.0	0.063159
24490.0	0.063075
24495.0	0.06299199999999999
24500.0	0.062909
24505.0	0.06282599999999999
24510.0	0.062743
24515.0	0.06266000000000001
24520.0	0.062577
24525.0	0.062495
24530.0	0.062412
24535.0	0.062329999999999997
24540.0	0.062248000000000005
24545.0	0.062165
24550.0	0.062083000000000006
24555.0	0.062001
24560.0	0.06191900000000001
24565.0	0.061837
24570.0	0.06175599999999999
24575.0	0.061674
24580.0	0.061591999999999994
24585.0	0.061511
24590.0	0.061429
24595.0	0.061348
24600.0	0.061266999999999995
24605.0	0.061186000000000004
24610.0	0.06110499999999999
24615.0	0.061024
24620.0	0.060943
24625.0	0.060862
24630.0	0.060782
24635.0	0.060701
24640.0	0.060621
24645.0	0.06054
24650.0	0.06046
24655.0	0.060379999999999996
24660.0	0.0603
24665.0	0.06022
24670.0	0.06014
24675.0	0.06006
24680.0	0.05998
24685.0	0.059900999999999996
24690.0	0.059821000000000006
24695.0	0.059741999999999996
24700.0	0.059662
24705.0	0.059583000000000004
24710.0	0.059503999999999994
24715.0	0.059425
24720.0	0.059346
24725.0	0.05926699999999999
24730.0	0.059188
24735.0	0.05911
24740.0	0.05903099999999999
24745.0	0.058952
24750.0	0.058874
24755.0	0.058796
24760.0	0.058717
24765.0	0.058639
24770.0	0.058561
24775.0	0.05848300000000001
24780.0	0.05840599999999999
24785.0	0.058328
24790.0	0.05825
24795.0	0.058172
24800.0	0.05809500000000001
24805.0	0.05801799999999999
24810.0	0.05794
24815.0	0.057863
24820.0	0.057786000000000004
24825.0	0.057709
24830.0	0.057632
24835.0	0.057554999999999995
24840.0	0.057477999999999994
24845.0	0.057402
24850.0	0.057325
24855.0	0.057249
24860.0	0.057172
24865.0	0.057096
24870.0	0.05702
24875.0	0.05694400000000001
24880.0	0.056867999999999995
24885.0	0.056791999999999995
24890.0	0.056715999999999996
24895.0	0.056639999999999996
24900.0	0.056563999999999996
24905.0	0.056489
24910.0	0.056413
24915.0	0.056338
24920.0	0.056263
24925.0	0.056188
24930.0	0.056112
24935.0	0.056037000000000003
24940.0	0.055963
24945.0	0.055888
24950.0	0.055813
24955.0	0.055738
24960.0	0.055664
24965.0	0.055589
24970.0	0.055514999999999995
24975.0	0.055441
24980.0	0.055366
24985.0	0.055291999999999994
24990.0	0.055217999999999996
24995.0	0.055144000000000006
25000.0	0.0
