#wave	flux
1150.0	0.0
1155.0	0.0
1160.0	0.0
1165.0	0.0
1170.0	0.0
1175.0	0.0
1180.0	0.0
1185.0	0.0
1190.0	0.0
1195.0	0.0
1200.0	0.0
1205.0	0.0
1210.0	0.0
1215.0	0.0
1220.0	0.0
1225.0	0.0
1230.0	0.0
1235.0	0.0
1240.0	0.0
1245.0	0.0
1250.0	0.0
1255.0	0.0
1260.0	0.0
1265.0	0.0
1270.0	0.0
1275.0	0.0
1280.0	0.0
1285.0	0.0
1290.0	0.0
1295.0	0.0
1300.0	0.0
1305.0	0.0
1310.0	0.0
1315.0	0.0
1320.0	0.0
1325.0	0.0
1330.0	0.0
1335.0	0.0
1340.0	0.0
1345.0	0.0
1350.0	0.0
1355.0	0.0
1360.0	0.0
1365.0	0.0
1370.0	0.0
1375.0	0.0
1380.0	0.0
1385.0	0.0
1390.0	0.0
1395.0	0.0
1400.0	0.0
1405.0	0.0
1410.0	0.0
1415.0	0.0
1420.0	0.0
1425.0	0.0
1430.0	0.0
1435.0	0.0
1440.0	0.0
1445.0	0.0
1450.0	0.0
1455.0	0.0
1460.0	0.0
1465.0	0.0
1470.0	0.0
1475.0	0.0
1480.0	0.0
1485.0	0.0
1490.0	0.0
1495.0	0.0
1500.0	0.0
1505.0	0.0
1510.0	0.0
1515.0	0.0
1520.0	0.0
1525.0	0.0
1530.0	0.0
1535.0	0.0
1540.0	0.0
1545.0	0.0
1550.0	0.0
1555.0	0.0
1560.0	0.0
1565.0	0.0
1570.0	0.0
1575.0	0.0
1580.0	0.0
1585.0	0.0
1590.0	0.0
1595.0	0.0
1600.0	0.0
1605.0	0.0
1610.0	0.0
1615.0	0.0
1620.0	0.0
1625.0	0.0
1630.0	0.0
1635.0	0.0
1640.0	0.0
1645.0	0.0
1650.0	0.0
1655.0	0.0
1660.0	0.0
1665.0	0.0
1670.0	0.0
1675.0	0.0
1680.0	0.0
1685.0	0.0
1690.0	0.0
1695.0	0.0
1700.0	0.0
1705.0	0.0
1710.0	0.0
1715.0	0.0
1720.0	0.0
1725.0	0.0
1730.0	0.0
1735.0	0.0
1740.0	0.0
1745.0	0.0
1750.0	0.0
1755.0	0.0
1760.0	0.0
1765.0	0.0
1770.0	0.0
1775.0	0.0
1780.0	0.0
1785.0	0.0
1790.0	0.0
1795.0	0.0
1800.0	0.0
1805.0	0.0
1810.0	0.0
1815.0	0.0
1820.0	0.0
1825.0	0.0
1830.0	0.0
1835.0	0.0
1840.0	0.0
1845.0	0.0
1850.0	0.0
1855.0	0.0
1860.0	0.0
1865.0	0.0
1870.0	0.0
1875.0	0.0
1880.0	0.0
1885.0	0.0
1890.0	0.0
1895.0	0.0
1900.0	0.0
1905.0	0.0
1910.0	0.0
1915.0	0.0
1920.0	0.0
1925.0	0.0
1930.0	0.0
1935.0	0.0
1940.0	0.0
1945.0	0.0
1950.0	0.0
1955.0	0.0
1960.0	0.0
1965.0	0.0
1970.0	0.0
1975.0	0.0
1980.0	0.0
1985.0	0.0
1990.0	0.0
1995.0	0.0
2000.0	0.0
2005.0	0.0
2010.0	0.0
2015.0	0.0
2020.0	0.0
2025.0	0.0
2030.0	0.0
2035.0	0.0
2040.0	0.0
2045.0	0.0
2050.0	0.0
2055.0	0.0
2060.0	0.0
2065.0	0.0
2070.0	0.0
2075.0	0.0
2080.0	0.0
2085.0	0.0
2090.0	0.0
2095.0	0.0
2100.0	0.0
2105.0	0.0
2110.0	0.0
2115.0	0.0
2120.0	0.0
2125.0	0.0
2130.0	0.0
2135.0	0.0
2140.0	0.0
2145.0	0.0
2150.0	0.0
2155.0	0.0
2160.0	0.0
2165.0	0.0
2170.0	0.0
2175.0	0.0
2180.0	0.0
2185.0	0.0
2190.0	0.0
2195.0	0.0
2200.0	0.0
2205.0	0.0
2210.0	0.0
2215.0	0.0
2220.0	0.0
2225.0	0.0
2230.0	0.0
2235.0	0.0
2240.0	0.0
2245.0	0.0
2250.0	0.0
2255.0	0.0
2260.0	0.0
2265.0	0.0
2270.0	0.0
2275.0	0.0
2280.0	0.0
2285.0	0.0
2290.0	0.0
2295.0	0.0
2300.0	0.0
2305.0	0.0
2310.0	0.0
2315.0	0.0
2320.0	0.0
2325.0	0.0
2330.0	0.0
2335.0	0.0
2340.0	0.0
2345.0	0.0
2350.0	0.0
2355.0	0.0
2360.0	0.0
2365.0	0.0
2370.0	0.0
2375.0	0.0
2380.0	0.0
2385.0	0.0
2390.0	0.0
2395.0	0.0
2400.0	0.0
2405.0	0.0
2410.0	0.0
2415.0	0.0
2420.0	0.0
2425.0	0.0
2430.0	0.0
2435.0	0.0
2440.0	0.0
2445.0	0.0
2450.0	0.0
2455.0	0.0
2460.0	0.0
2465.0	0.0
2470.0	0.0
2475.0	0.0
2480.0	0.0
2485.0	0.0
2490.0	0.0
2495.0	0.0
2500.0	0.0
2505.0	0.0
2510.0	0.0
2515.0	0.0
2520.0	0.0
2525.0	0.0
2530.0	0.0
2535.0	0.0
2540.0	0.0
2545.0	0.0
2550.0	0.0
2555.0	0.0
2560.0	0.0
2565.0	0.0
2570.0	0.0
2575.0	0.0
2580.0	0.0
2585.0	0.0
2590.0	0.0
2595.0	0.0
2600.0	0.0
2605.0	0.0
2610.0	0.0
2615.0	0.0
2620.0	0.0
2625.0	0.0
2630.0	0.0
2635.0	0.0
2640.0	0.0
2645.0	0.0
2650.0	0.0
2655.0	0.0
2660.0	0.0
2665.0	0.0
2670.0	0.0
2675.0	0.0
2680.0	0.0
2685.0	0.0
2690.0	0.0
2695.0	0.0
2700.0	0.0
2705.0	0.0
2710.0	0.0
2715.0	0.0
2720.0	0.0
2725.0	0.0
2730.0	0.0
2735.0	0.0
2740.0	0.0
2745.0	0.0
2750.0	0.0
2755.0	1e-06
2760.0	2e-06
2765.0	4e-06
2770.0	5e-06
2775.0	6e-06
2780.0	6e-06
2785.0	6e-06
2790.0	5e-06
2795.0	3e-06
2800.0	0.0
2805.0	0.0
2810.0	0.0
2815.0	0.0
2820.0	0.0
2825.0	0.0
2830.0	0.0
2835.0	0.0
2840.0	0.0
2845.0	0.0
2850.0	0.0
2855.0	1.6e-05
2860.0	3.4e-05
2865.0	5.2000000000000004e-05
2870.0	6.8e-05
2875.0	8.1e-05
2880.0	8.6e-05
2885.0	8.3e-05
2890.0	6.9e-05
2895.0	4.2e-05
2900.0	0.0
2905.0	0.0
2910.0	0.0
2915.0	0.0
2920.0	0.0
2925.0	0.0
2930.0	0.0
2935.0	0.0
2940.0	0.0
2945.0	0.0
2950.0	0.0
2955.0	0.000221
2960.0	0.0005
2965.0	0.0008300000000000001
2970.0	0.001201
2975.0	0.0016079999999999998
2980.0	0.0020399999999999997
2985.0	0.0024920000000000003
2990.0	0.002955
2995.0	0.0034219999999999997
3000.0	0.0038829999999999997
3005.0	0.004334
3010.0	0.0047729999999999995
3015.0	0.0051979999999999995
3020.0	0.005609
3025.0	0.006006
3030.0	0.006389
3035.0	0.006756999999999999
3040.0	0.007109999999999999
3045.0	0.007447
3050.0	0.0077670000000000005
3055.0	0.008072
3060.0	0.008371
3065.0	0.008671
3070.0	0.008984
3075.0	0.009318
3080.0	0.009684
3085.0	0.01009
3090.0	0.010546999999999999
3095.0	0.011064000000000001
3100.0	0.01165
3105.0	0.012314
3110.0	0.013054
3115.0	0.013866999999999999
3120.0	0.01475
3125.0	0.015701
3130.0	0.016715999999999998
3135.0	0.017792
3140.0	0.018927
3145.0	0.020117
3150.0	0.021359
3155.0	0.022646
3160.0	0.02395
3165.0	0.025237
3170.0	0.026476
3175.0	0.027635000000000003
3180.0	0.028679000000000003
3185.0	0.029577
3190.0	0.030297
3195.0	0.030804
3200.0	0.031068000000000002
3205.0	0.031070999999999998
3210.0	0.030861000000000003
3215.0	0.030501
3220.0	0.030054
3225.0	0.029586
3230.0	0.029158
3235.0	0.028834
3240.0	0.028679000000000003
3245.0	0.028755000000000003
3250.0	0.029126
3255.0	0.029837
3260.0	0.030861000000000003
3265.0	0.032149000000000004
3270.0	0.033655000000000004
3275.0	0.035332999999999996
3280.0	0.037136
3285.0	0.039017
3290.0	0.040929
3295.0	0.042825999999999996
3300.0	0.044660000000000005
3305.0	0.046395
3310.0	0.048027
3315.0	0.049565
3320.0	0.051014
3325.0	0.052383000000000006
3330.0	0.053676999999999996
3335.0	0.054903999999999994
3340.0	0.056071
3345.0	0.057185
3350.0	0.058252
3355.0	0.059279
3360.0	0.060261
3365.0	0.061196
3370.0	0.062077999999999994
3375.0	0.062903
3380.0	0.063666
3385.0	0.064364
3390.0	0.064992
3395.0	0.065545
3400.0	0.06601900000000001
3405.0	0.066415
3410.0	0.066749
3415.0	0.067044
3420.0	0.06732300000000001
3425.0	0.067608
3430.0	0.06792100000000001
3435.0	0.068285
3440.0	0.068721
3445.0	0.069253
3450.0	0.06990299999999999
3455.0	0.070686
3460.0	0.071594
3465.0	0.072612
3470.0	0.073725
3475.0	0.074918
3480.0	0.076175
3485.0	0.07748300000000001
3490.0	0.078825
3495.0	0.080187
3500.0	0.081553
3505.0	0.08290700000000001
3510.0	0.084218
3515.0	0.08545499999999999
3520.0	0.08658400000000001
3525.0	0.087575
3530.0	0.088395
3535.0	0.089012
3540.0	0.089393
3545.0	0.08950599999999999
3550.0	0.08932000000000001
3555.0	0.088821
3560.0	0.08806900000000001
3565.0	0.087145
3570.0	0.086128
3575.0	0.085097
3580.0	0.084132
3585.0	0.083313
3590.0	0.082719
3595.0	0.082429
3600.0	0.082524
3605.0	0.08306000000000001
3610.0	0.08400099999999999
3615.0	0.085288
3620.0	0.086862
3625.0	0.08744400000000001
3630.0	0.08760599999999999
3635.0	0.095303
3640.0	0.103368
3645.0	0.106098
3650.0	0.10326199999999999
3655.0	0.099384
3660.0	0.099004
3665.0	0.102743
3670.0	0.107679
3675.0	0.11073
3680.0	0.11138800000000001
3685.0	0.11155999999999999
3690.0	0.11291099999999998
3695.0	0.114569
3700.0	0.128412
3705.0	0.11749100000000001
3710.0	0.098479
3715.0	0.080761
3720.0	0.072934
3725.0	0.07660700000000001
3730.0	0.087108
3735.0	0.097858
3740.0	0.10436500000000001
3745.0	0.105323
3750.0	0.10107200000000001
3755.0	0.093454
3760.0	0.086579
3765.0	0.085996
3770.0	0.095408
3775.0	0.112687
3780.0	0.129207
3785.0	0.136016
3790.0	0.130929
3795.0	0.12074000000000001
3800.0	0.116223
3805.0	0.122999
3810.0	0.135756
3815.0	0.142347
3820.0	0.134025
3825.0	0.11250399999999999
3830.0	0.08912300000000001
3835.0	0.076833
3840.0	0.08067300000000001
3845.0	0.095224
3850.0	0.109839
3855.0	0.116546
3860.0	0.114472
3865.0	0.108598
3870.0	0.105208
3875.0	0.107358
3880.0	0.114291
3885.0	0.123356
3890.0	0.132207
3895.0	0.139712
3900.0	0.14536400000000002
3905.0	0.14868800000000001
3910.0	0.14916500000000002
3915.0	0.146606
3920.0	0.141577
3925.0	0.13536800000000002
3930.0	0.12933
3935.0	0.124258
3940.0	0.120157
3945.0	0.116601
3950.0	0.113462
3955.0	0.11146099999999999
3960.0	0.112107
3965.0	0.117301
3970.0	0.12781800000000001
3975.0	0.143025
3980.0	0.16092
3985.0	0.178504
3990.0	0.193399
3995.0	0.20449900000000001
4000.0	0.212615
4005.0	0.219694
4010.0	0.227231
4015.0	0.234748
4020.0	0.239249
4025.0	0.23749099999999998
4030.0	0.22859899999999997
4035.0	0.216383
4040.0	0.208191
4045.0	0.210277
4050.0	0.22324899999999998
4055.0	0.240119
4060.0	0.250479
4065.0	0.24747600000000003
4070.0	0.232602
4075.0	0.21518
4080.0	0.206511
4085.0	0.212011
4090.0	0.228502
4095.0	0.247417
4100.0	0.260754
4105.0	0.265529
4110.0	0.26376
4115.0	0.259283
4120.0	0.254128
4125.0	0.24833200000000002
4130.0	0.24170500000000003
4135.0	0.235341
4140.0	0.231654
4145.0	0.23256
4150.0	0.237887
4155.0	0.24566300000000002
4160.0	0.253413
4165.0	0.259139
4170.0	0.261455
4175.0	0.259812
4180.0	0.25463
4185.0	0.248049
4190.0	0.243825
4195.0	0.245234
4200.0	0.251692
4205.0	0.25759899999999997
4210.0	0.255027
4215.0	0.239094
4220.0	0.212258
4225.0	0.184263
4230.0	0.166804
4235.0	0.166113
4240.0	0.179927
4245.0	0.199796
4250.0	0.216797
4255.0	0.226796
4260.0	0.231384
4265.0	0.23443699999999998
4270.0	0.23856100000000002
4275.0	0.24386799999999997
4280.0	0.24908000000000002
4285.0	0.25332899999999997
4290.0	0.256656
4295.0	0.259121
4300.0	0.26048899999999997
4305.0	0.260729
4310.0	0.261146
4315.0	0.26476900000000003
4320.0	0.274466
4325.0	0.290693
4330.0	0.31104899999999996
4335.0	0.331967
4340.0	0.350858
4345.0	0.366825
4350.0	0.37919400000000003
4355.0	0.385911
4360.0	0.38409
4365.0	0.372553
4370.0	0.354178
4375.0	0.335748
4380.0	0.324418
4385.0	0.323382
4390.0	0.33065900000000004
4395.0	0.34122199999999997
4400.0	0.35086300000000004
4405.0	0.35884699999999997
4410.0	0.366892
4415.0	0.376798
4420.0	0.38869499999999996
4425.0	0.401196
4430.0	0.412601
4435.0	0.421858
4440.0	0.428613
4445.0	0.433118
4450.0	0.436541
4455.0	0.44128500000000004
4460.0	0.44993599999999995
4465.0	0.46309799999999995
4470.0	0.47821
4475.0	0.490968
4480.0	0.498921
4485.0	0.504288
4490.0	0.512646
4495.0	0.527822
4500.0	0.547131
4505.0	0.561645
4510.0	0.56288
4515.0	0.55038
4520.0	0.5334399999999999
4525.0	0.52513
4530.0	0.5326609999999999
4535.0	0.551167
4540.0	0.568321
4545.0	0.57445
4550.0	0.570593
4555.0	0.568476
4560.0	0.581044
4565.0	0.611459
4570.0	0.649619
4575.0	0.678683
4580.0	0.6859069999999999
4585.0	0.67071
4590.0	0.644938
4595.0	0.62461
4600.0	0.620731
4605.0	0.634632
4610.0	0.658736
4615.0	0.681334
4620.0	0.692631
4625.0	0.688839
4630.0	0.673639
4635.0	0.656403
4640.0	0.647505
4645.0	0.652482
4650.0	0.66794
4655.0	0.6828420000000001
4660.0	0.686088
4665.0	0.674283
4670.0	0.6547930000000001
4675.0	0.641474
4680.0	0.6443270000000001
4685.0	0.661881
4690.0	0.683013
4695.0	0.695799
4700.0	0.6963590000000001
4705.0	0.691062
4710.0	0.689621
4715.0	0.6956399999999999
4720.0	0.7040310000000001
4725.0	0.706751
4730.0	0.701187
4735.0	0.693862
4740.0	0.694767
4745.0	0.7061970000000001
4750.0	0.7178859999999999
4755.0	0.7125100000000001
4760.0	0.6779649999999999
4765.0	0.6181439999999999
4770.0	0.553271
4775.0	0.508324
4780.0	0.498208
4785.0	0.520361
4790.0	0.558092
4795.0	0.591475
4800.0	0.608509
4805.0	0.609685
4810.0	0.603503
4815.0	0.5986199999999999
4820.0	0.5982310000000001
4825.0	0.599562
4830.0	0.598064
4835.0	0.593129
4840.0	0.589267
4845.0	0.592839
4850.0	0.606959
4855.0	0.628181
4860.0	0.647992
4865.0	0.658704
4870.0	0.658307
4875.0	0.651411
4880.0	0.645941
4885.0	0.648065
4890.0	0.6592979999999999
4895.0	0.6773710000000001
4900.0	0.698972
4905.0	0.721192
4910.0	0.7416
4915.0	0.7582300000000001
4920.0	0.770655
4925.0	0.781189
4930.0	0.7940520000000001
4935.0	0.811317
4940.0	0.828584
4945.0	0.834499
4950.0	0.816773
4955.0	0.772061
4960.0	0.71132
4965.0	0.655587
4970.0	0.624839
4975.0	0.6265270000000001
4980.0	0.6511640000000001
4985.0	0.6791149999999999
4990.0	0.692783
4995.0	0.685391
5000.0	0.6622560000000001
5005.0	0.6352979999999999
5010.0	0.6152380000000001
5015.0	0.606992
5020.0	0.610214
5025.0	0.621729
5030.0	0.637696
5035.0	0.654632
5040.0	0.669546
5045.0	0.68009
5050.0	0.685074
5055.0	0.684898
5060.0	0.6812010000000001
5065.0	0.676031
5070.0	0.6714859999999999
5075.0	0.66932
5080.0	0.670667
5085.0	0.675142
5090.0	0.680462
5095.0	0.683362
5100.0	0.681663
5105.0	0.6769649999999999
5110.0	0.674272
5115.0	0.678484
5120.0	0.690091
5125.0	0.703383
5130.0	0.709789
5135.0	0.704983
5140.0	0.692947
5145.0	0.683079
5150.0	0.681942
5155.0	0.685895
5160.0	0.682085
5165.0	0.658664
5170.0	0.616462
5175.0	0.571493
5180.0	0.545335
5185.0	0.549614
5190.0	0.5768340000000001
5195.0	0.6063149999999999
5200.0	0.6218100000000001
5205.0	0.624548
5210.0	0.632522
5215.0	0.666141
5220.0	0.7297020000000001
5225.0	0.8056939999999999
5230.0	0.86706
5235.0	0.8951319999999999
5240.0	0.890401
5245.0	0.86954
5250.0	0.851052
5255.0	0.842007
5260.0	0.8383139999999999
5265.0	0.833614
5270.0	0.82789
5275.0	0.8286899999999999
5280.0	0.843391
5285.0	0.870975
5290.0	0.901958
5295.0	0.925688
5300.0	0.9378920000000001
5305.0	0.9424370000000001
5310.0	0.945858
5315.0	0.9499629999999999
5320.0	0.951407
5325.0	0.9471799999999999
5330.0	0.9399649999999999
5335.0	0.937975
5340.0	0.94785
5345.0	0.967068
5350.0	0.985188
5355.0	0.992763
5360.0	0.990202
5365.0	0.9891969999999999
5370.0	1.0038049999999998
5375.0	1.037272
5380.0	1.077821
5385.0	1.106989
5390.0	1.1128879999999999
5395.0	1.098907
5400.0	1.081192
5405.0	1.074922
5410.0	1.084034
5415.0	1.100825
5420.0	1.113916
5425.0	1.117621
5430.0	1.114349
5435.0	1.1086479999999999
5440.0	1.0998139999999998
5445.0	1.080958
5450.0	1.045082
5455.0	0.993518
5460.0	0.9395979999999999
5465.0	0.9029809999999999
5470.0	0.8986120000000001
5475.0	0.9278299999999999
5480.0	0.9769100000000001
5485.0	1.0238120000000002
5490.0	1.049447
5495.0	1.047045
5500.0	1.023838
5505.0	0.9949110000000001
5510.0	0.973916
5515.0	0.966074
5520.0	0.967392
5525.0	0.9707
5530.0	0.972051
5535.0	0.972884
5540.0	0.977138
5545.0	0.9863219999999999
5550.0	0.997648
5555.0	1.007594
5560.0	1.016307
5565.0	1.027767
5570.0	1.045044
5575.0	1.064517
5580.0	1.0752540000000002
5585.0	1.066066
5590.0	1.034859
5595.0	0.992341
5600.0	0.956886
5605.0	0.943593
5610.0	0.955259
5615.0	0.982339
5620.0	1.010807
5625.0	1.0305950000000001
5630.0	1.039534
5635.0	1.041739
5640.0	1.043053
5645.0	1.047453
5650.0	1.056216
5655.0	1.068603
5660.0	1.0821610000000002
5665.0	1.0928930000000001
5670.0	1.0969879999999999
5675.0	1.0932
5680.0	1.084814
5685.0	1.078139
5690.0	1.0787639999999998
5695.0	1.088135
5700.0	1.102692
5705.0	1.116905
5710.0	1.127729
5715.0	1.135947
5720.0	1.144615
5725.0	1.156241
5730.0	1.170627
5735.0	1.18587
5740.0	1.200639
5745.0	1.2146190000000001
5750.0	1.2270969999999999
5755.0	1.235142
5760.0	1.233509
5765.0	1.218258
5770.0	1.191315
5775.0	1.162034
5780.0	1.144182
5785.0	1.149022
5790.0	1.1776309999999999
5795.0	1.21896
5800.0	1.254873
5805.0	1.268881
5810.0	1.254383
5815.0	1.218064
5820.0	1.1757870000000001
5825.0	1.143627
5830.0	1.129212
5835.0	1.128447
5840.0	1.129166
5845.0	1.1193030000000002
5850.0	1.094339
5855.0	1.059088
5860.0	1.078165
5865.0	1.0932870000000001
5870.0	1.051911
5875.0	0.970733
5880.0	0.881509
5885.0	0.766752
5890.0	0.622296
5895.0	0.55783
5900.0	0.633646
5905.0	0.759232
5910.0	0.868775
5915.0	0.871396
5920.0	0.934967
5925.0	0.8250360000000001
5930.0	0.836622
5935.0	1.017182
5940.0	1.002732
5945.0	0.952708
5950.0	1.034075
5955.0	1.002802
5960.0	0.911789
5965.0	1.016254
5970.0	1.0597159999999999
5975.0	0.872072
5980.0	0.9266909999999999
5985.0	1.098266
5990.0	1.148986
5995.0	1.132694
6000.0	1.136198
6005.0	1.147999
6010.0	1.158943
6015.0	1.164412
6020.0	1.176749
6025.0	1.210621
6030.0	1.250335
6035.0	1.19811
6040.0	1.357167
6045.0	1.300617
6050.0	1.273942
6055.0	1.243997
6060.0	1.280482
6065.0	1.245219
6070.0	1.283194
6075.0	1.3393110000000001
6080.0	1.306658
6085.0	1.312561
6090.0	1.373529
6095.0	1.369353
6100.0	1.355979
6105.0	1.326274
6110.0	1.376845
6115.0	1.285512
6120.0	1.2882200000000001
6125.0	1.322284
6130.0	1.3734549999999999
6135.0	1.394095
6140.0	1.431693
6145.0	1.436683
6150.0	1.333387
6155.0	1.226903
6160.0	1.1179139999999999
6165.0	0.937125
6170.0	0.913933
6175.0	0.9779
6180.0	0.994974
6185.0	1.0020950000000002
6190.0	0.874301
6195.0	0.895056
6200.0	0.918949
6205.0	0.9147139999999999
6210.0	0.9117190000000001
6215.0	0.8483870000000001
6220.0	0.8306690000000001
6225.0	0.822783
6230.0	0.7872279999999999
6235.0	0.771558
6240.0	0.7950510000000001
6245.0	0.830034
6250.0	0.87559
6255.0	0.919043
6260.0	0.9257989999999999
6265.0	0.994554
6270.0	1.0323719999999998
6275.0	0.9783639999999999
6280.0	0.978447
6285.0	0.8610129999999999
6290.0	1.0456290000000001
6295.0	1.08538
6300.0	1.083995
6305.0	1.105607
6310.0	1.171698
6315.0	1.280549
6320.0	1.29882
6325.0	1.341083
6330.0	1.387422
6335.0	1.41489
6340.0	1.431378
6345.0	1.464639
6350.0	1.4829649999999999
6355.0	1.465154
6360.0	1.398882
6365.0	1.382687
6370.0	1.355917
6375.0	1.3839700000000001
6380.0	1.3468129999999998
6385.0	1.32702
6390.0	1.322119
6395.0	1.40184
6400.0	1.444304
6405.0	1.567431
6410.0	1.6022399999999999
6415.0	1.627052
6420.0	1.589215
6425.0	1.568271
6430.0	1.586994
6435.0	1.6124120000000002
6440.0	1.597919
6445.0	1.6785439999999998
6450.0	1.646132
6455.0	1.6599099999999998
6460.0	1.732414
6465.0	1.6770509999999998
6470.0	1.7445959999999998
6475.0	1.784932
6480.0	1.769363
6485.0	1.718071
6490.0	1.699632
6495.0	1.7125569999999999
6500.0	1.7408970000000001
6505.0	1.833768
6510.0	1.902162
6515.0	1.9638830000000003
6520.0	1.94354
6525.0	1.9795150000000001
6530.0	2.0079700000000003
6535.0	1.8865869999999998
6540.0	2.013316
6545.0	1.9151790000000002
6550.0	1.9389299999999998
6555.0	1.9444150000000002
6560.0	1.953632
6565.0	1.9423599999999999
6570.0	1.8787880000000001
6575.0	1.862114
6580.0	1.8500759999999998
6585.0	1.831292
6590.0	1.8507770000000001
6595.0	1.8445759999999998
6600.0	1.8674330000000001
6605.0	1.852325
6610.0	1.8395569999999999
6615.0	1.824401
6620.0	1.734213
6625.0	1.6884009999999998
6630.0	1.684668
6635.0	1.68963
6640.0	1.6799819999999999
6645.0	1.6769150000000002
6650.0	1.623896
6655.0	1.528335
6660.0	1.514945
6665.0	1.516083
6670.0	1.510378
6675.0	1.5126549999999999
6680.0	1.462716
6685.0	1.416808
6690.0	1.3877760000000001
6695.0	1.378
6700.0	1.439395
6705.0	1.448552
6710.0	1.452587
6715.0	1.367169
6720.0	1.286882
6725.0	1.248557
6730.0	1.283574
6735.0	1.308699
6740.0	1.333631
6745.0	1.353352
6750.0	1.291932
6755.0	1.267679
6760.0	1.231538
6765.0	1.292032
6770.0	1.346211
6775.0	1.344632
6780.0	1.336587
6785.0	1.267002
6790.0	1.281321
6795.0	1.2649709999999998
6800.0	1.2455049999999999
6805.0	1.2987309999999999
6810.0	1.286203
6815.0	1.251149
6820.0	1.230024
6825.0	1.2468549999999998
6830.0	1.31378
6835.0	1.339896
6840.0	1.357114
6845.0	1.359012
6850.0	1.3511879999999998
6855.0	1.342759
6860.0	1.3391680000000001
6865.0	1.339918
6870.0	1.342603
6875.0	1.347628
6880.0	1.3587040000000001
6885.0	1.378898
6890.0	1.406519
6895.0	1.434626
6900.0	1.455126
6905.0	1.4643680000000001
6910.0	1.465508
6915.0	1.4666059999999999
6920.0	1.476285
6925.0	1.499526
6930.0	1.5356530000000002
6935.0	1.5790629999999999
6940.0	1.6218620000000001
6945.0	1.656864
6950.0	1.680015
6955.0	1.6914810000000002
6960.0	1.694981
6965.0	1.695711
6970.0	1.6980939999999998
6975.0	1.704534
6980.0	1.69295
6985.0	1.725387
6990.0	1.680433
6995.0	1.711079
7000.0	1.776095
7005.0	1.770431
7010.0	1.8021060000000002
7015.0	1.8438279999999998
7020.0	1.851631
7025.0	1.9051799999999999
7030.0	1.975771
7035.0	2.078045
7040.0	2.143904
7045.0	2.206546
7050.0	2.139073
7055.0	1.9291310000000002
7060.0	1.705804
7065.0	1.6661
7070.0	1.6923849999999998
7075.0	1.755991
7080.0	1.7786959999999998
7085.0	1.723928
7090.0	1.5409469999999998
7095.0	1.442984
7100.0	1.435757
7105.0	1.56264
7110.0	1.619319
7115.0	1.7212040000000002
7120.0	1.7396340000000001
7125.0	1.594722
7130.0	1.34648
7135.0	1.262157
7140.0	1.280298
7145.0	1.356223
7150.0	1.4185379999999999
7155.0	1.506944
7160.0	1.509582
7165.0	1.504008
7170.0	1.508024
7175.0	1.518247
7180.0	1.532656
7185.0	1.579826
7190.0	1.634383
7195.0	1.614796
7200.0	1.546857
7205.0	1.543199
7210.0	1.570155
7215.0	1.635785
7220.0	1.61303
7225.0	1.729473
7230.0	1.731914
7235.0	1.718647
7240.0	1.732736
7245.0	1.761048
7250.0	1.8509209999999998
7255.0	1.8428669999999998
7260.0	1.867363
7265.0	1.933139
7270.0	1.9456330000000002
7275.0	1.9132939999999998
7280.0	1.9237229999999998
7285.0	1.9790029999999998
7290.0	2.0108599999999996
7295.0	2.076059
7300.0	2.076519
7305.0	2.045254
7310.0	2.096327
7315.0	2.096174
7320.0	2.114534
7325.0	2.120384
7330.0	2.115725
7335.0	2.237693
7340.0	2.206039
7345.0	2.179887
7350.0	2.166945
7355.0	2.166267
7360.0	2.189521
7365.0	2.2236700000000003
7370.0	2.276075
7375.0	2.348711
7380.0	2.335472
7385.0	2.3525840000000002
7390.0	2.380371
7395.0	2.379656
7400.0	2.3787979999999997
7405.0	2.397021
7410.0	2.417809
7415.0	2.4400049999999998
7420.0	2.450512
7425.0	2.475031
7430.0	2.496686
7435.0	2.499327
7440.0	2.50525
7445.0	2.4957290000000003
7450.0	2.459142
7455.0	2.486904
7460.0	2.5052380000000003
7465.0	2.494043
7470.0	2.507771
7475.0	2.531764
7480.0	2.558456
7485.0	2.580276
7490.0	2.5660540000000003
7495.0	2.5544689999999997
7500.0	2.562434
7505.0	2.5463869999999997
7510.0	2.536205
7515.0	2.562608
7520.0	2.56113
7525.0	2.580698
7530.0	2.590576
7535.0	2.596878
7540.0	2.625474
7545.0	2.636375
7550.0	2.625798
7555.0	2.6119470000000002
7560.0	2.602909
7565.0	2.608285
7570.0	2.6247130000000003
7575.0	2.632889
7580.0	2.608291
7585.0	2.5407490000000004
7590.0	2.449394
7595.0	2.3752560000000003
7600.0	2.3538740000000002
7605.0	2.390262
7610.0	2.453793
7615.0	2.497793
7620.0	2.4930369999999997
7625.0	2.448566
7630.0	2.401412
7635.0	2.386679
7640.0	2.410698
7645.0	2.445841
7650.0	2.4524209999999997
7655.0	2.4110259999999997
7660.0	2.337021
7665.0	2.268478
7670.0	2.239241
7675.0	2.255459
7680.0	2.2921709999999997
7685.0	2.315085
7690.0	2.306896
7695.0	2.2772240000000004
7700.0	2.252465
7705.0	2.254681
7710.0	2.285625
7715.0	2.3283419999999997
7720.0	2.361917
7725.0	2.375341
7730.0	2.371293
7735.0	2.395237
7740.0	2.3828419999999997
7745.0	2.3018110000000003
7750.0	2.257215
7755.0	2.2543490000000004
7760.0	2.308177
7765.0	2.246244
7770.0	2.3153669999999997
7775.0	2.3779209999999997
7780.0	2.392616
7785.0	2.372802
7790.0	2.357107
7795.0	2.3739790000000003
7800.0	2.387509
7805.0	2.439986
7810.0	2.454632
7815.0	2.496006
7820.0	2.501461
7825.0	2.445059
7830.0	2.388507
7835.0	2.370355
7840.0	2.4034880000000003
7845.0	2.443753
7850.0	2.446666
7855.0	2.489598
7860.0	2.503995
7865.0	2.512149
7870.0	2.525584
7875.0	2.506079
7880.0	2.569675
7885.0	2.5712919999999997
7890.0	2.565826
7895.0	2.560506
7900.0	2.550643
7905.0	2.587112
7910.0	2.550882
7915.0	2.540114
7920.0	2.544066
7925.0	2.596091
7930.0	2.598684
7935.0	2.63722
7940.0	2.650548
7945.0	2.662625
7950.0	2.645978
7955.0	2.68076
7960.0	2.6588279999999997
7965.0	2.675393
7970.0	2.722275
7975.0	2.765682
7980.0	2.771808
7985.0	2.743928
7990.0	2.758477
7995.0	2.758293
8000.0	2.691303
8005.0	2.744698
8010.0	2.7993900000000003
8015.0	2.8022259999999997
8020.0	2.799493
8025.0	2.744866
8030.0	2.766063
8035.0	2.757105
8040.0	2.786019
8045.0	2.810554
8050.0	2.840621
8055.0	2.840984
8060.0	2.869637
8065.0	2.858099
8070.0	2.800434
8075.0	2.835972
8080.0	2.863162
8085.0	2.826521
8090.0	2.831888
8095.0	2.823336
8100.0	2.8183130000000003
8105.0	2.838207
8110.0	2.854387
8115.0	2.875426
8120.0	2.872146
8125.0	2.879866
8130.0	2.836114
8135.0	2.848558
8140.0	2.818143
8145.0	2.8085310000000003
8150.0	2.869153
8155.0	2.897043
8160.0	2.887019
8165.0	2.877623
8170.0	2.9019619999999997
8175.0	2.863298
8180.0	2.708323
8185.0	2.6320490000000003
8190.0	2.558863
8195.0	2.491885
8200.0	2.627255
8205.0	2.840719
8210.0	2.877007
8215.0	2.875257
8220.0	2.899537
8225.0	2.8159919999999996
8230.0	2.76499
8235.0	2.894632
8240.0	2.953859
8245.0	2.950452
8250.0	2.930016
8255.0	2.861852
8260.0	2.824462
8265.0	2.8763549999999998
8270.0	2.9138290000000002
8275.0	2.823466
8280.0	2.814191
8285.0	2.818906
8290.0	2.772195
8295.0	2.7713080000000003
8300.0	2.7695
8305.0	2.8380669999999997
8310.0	2.859699
8315.0	2.793972
8320.0	2.767254
8325.0	2.781974
8330.0	2.79108
8335.0	2.86439
8340.0	2.824122
8345.0	2.945578
8350.0	2.9419
8355.0	2.926619
8360.0	2.885725
8365.0	2.814567
8370.0	2.863518
8375.0	2.819258
8380.0	2.7817950000000002
8385.0	2.6846509999999997
8390.0	2.72729
8395.0	2.778756
8400.0	2.8083400000000003
8405.0	2.8433770000000003
8410.0	2.864303
8415.0	2.878159
8420.0	2.906636
8425.0	2.795382
8430.0	2.781036
8435.0	2.674012
8440.0	2.697947
8445.0	2.741037
8450.0	2.741541
8455.0	2.754397
8460.0	2.764987
8465.0	2.7106939999999997
8470.0	2.666698
8475.0	2.690481
8480.0	2.720618
8485.0	2.720123
8490.0	2.685722
8495.0	2.6600040000000003
8500.0	2.576314
8505.0	2.626393
8510.0	2.655177
8515.0	2.688628
8520.0	2.70075
8525.0	2.721502
8530.0	2.7050549999999998
8535.0	2.577615
8540.0	2.498043
8545.0	2.4309790000000002
8550.0	2.5757849999999998
8555.0	2.674803
8560.0	2.725559
8565.0	2.73943
8570.0	2.768571
8575.0	2.749368
8580.0	2.78448
8585.0	2.795369
8590.0	2.798516
8595.0	2.775423
8600.0	2.807341
8605.0	2.7777849999999997
8610.0	2.763998
8615.0	2.777956
8620.0	2.77927
8625.0	2.7909479999999998
8630.0	2.8145119999999997
8635.0	2.8382709999999998
8640.0	2.855796
8645.0	2.856577
8650.0	2.843006
8655.0	2.675245
8660.0	2.519742
8665.0	2.4568939999999997
8670.0	2.5907080000000002
8675.0	2.627777
8680.0	2.641813
8685.0	2.688729
8690.0	2.660346
8695.0	2.675657
8700.0	2.745673
8705.0	2.8328729999999998
8710.0	2.893855
8715.0	2.915051
8720.0	2.8159389999999997
8725.0	2.836696
8730.0	2.8188419999999996
8735.0	2.8959509999999997
8740.0	2.90014
8745.0	2.912081
8750.0	2.924471
8755.0	2.944448
8760.0	2.8780259999999998
8765.0	2.831285
8770.0	2.814915
8775.0	2.894046
8780.0	2.8902240000000003
8785.0	2.8776509999999997
8790.0	2.893961
8795.0	2.948766
8800.0	2.9386740000000002
8805.0	2.754542
8810.0	2.778473
8815.0	2.882602
8820.0	2.88902
8825.0	2.7860110000000002
8830.0	2.830305
8835.0	2.890589
8840.0	2.883547
8845.0	2.9753830000000003
8850.0	2.8978450000000002
8855.0	2.879473
8860.0	2.889189
8865.0	2.7984310000000003
8870.0	2.764787
8875.0	2.760806
8880.0	2.776812
8885.0	2.784205
8890.0	2.788593
8895.0	2.798794
8900.0	2.827187
8905.0	2.897829
8910.0	2.8815459999999997
8915.0	2.8446759999999998
8920.0	2.88542
8925.0	2.968717
8930.0	2.881987
8935.0	2.8952150000000003
8940.0	2.817647
8945.0	2.799245
8950.0	2.777231
8955.0	2.7225650000000003
8960.0	2.735804
8965.0	2.697094
8970.0	2.781458
8975.0	2.824973
8980.0	2.834082
8985.0	2.675442
8990.0	2.648762
8995.0	2.843473
9000.0	2.6592130000000003
9005.0	2.772199
9010.0	2.800896
9015.0	2.810147
9020.0	2.808578
9025.0	2.78555
9030.0	2.874685
9035.0	2.94347
9040.0	2.9574990000000003
9045.0	2.941062
9050.0	2.9377150000000003
9055.0	2.9464200000000003
9060.0	2.895191
9065.0	2.890765
9070.0	2.842325
9075.0	2.8600470000000002
9080.0	2.825984
9085.0	2.804226
9090.0	2.77535
9095.0	2.817496
9100.0	2.796938
9105.0	2.80203
9110.0	2.82595
9115.0	2.821184
9120.0	2.795558
9125.0	2.808318
9130.0	2.771474
9135.0	2.7722569999999997
9140.0	2.808166
9145.0	2.8168330000000004
9150.0	2.785949
9155.0	2.7606900000000003
9160.0	2.823125
9165.0	2.8503580000000004
9170.0	2.812379
9175.0	2.787891
9180.0	2.8322599999999998
9185.0	2.836018
9190.0	2.853039
9195.0	2.856098
9200.0	2.876894
9205.0	2.870047
9210.0	2.843228
9215.0	2.850001
9220.0	2.836177
9225.0	2.861912
9230.0	2.812328
9235.0	2.796077
9240.0	2.810285
9245.0	2.835957
9250.0	2.845406
9255.0	2.847239
9260.0	2.836132
9265.0	2.924049
9270.0	2.932824
9275.0	2.897182
9280.0	2.862302
9285.0	2.900189
9290.0	2.875627
9295.0	2.8805650000000003
9300.0	2.840154
9305.0	2.804722
9310.0	2.8672310000000003
9315.0	2.787314
9320.0	2.759657
9325.0	2.735492
9330.0	2.752809
9335.0	2.708606
9340.0	2.6597939999999998
9345.0	2.663421
9350.0	2.71782
9355.0	2.682623
9360.0	2.7604
9365.0	2.7465599999999997
9370.0	2.7409779999999997
9375.0	2.8517770000000002
9380.0	2.7688080000000004
9385.0	2.897779
9390.0	3.037265
9395.0	3.0586580000000003
9400.0	2.991577
9405.0	2.9939310000000003
9410.0	2.933401
9415.0	2.931916
9420.0	2.865657
9425.0	2.782273
9430.0	2.729993
9435.0	2.836416
9440.0	2.755027
9445.0	2.8396310000000002
9450.0	2.8106240000000002
9455.0	2.738049
9460.0	2.8538509999999997
9465.0	2.8614479999999998
9470.0	2.808574
9475.0	2.8375220000000003
9480.0	2.8321709999999998
9485.0	2.873985
9490.0	2.90429
9495.0	2.753118
9500.0	2.7718990000000003
9505.0	2.923187
9510.0	3.018453
9515.0	2.831737
9520.0	2.741896
9525.0	2.818734
9530.0	2.889783
9535.0	2.882529
9540.0	2.82907
9545.0	2.8445669999999996
9550.0	2.80757
9555.0	2.6670599999999998
9560.0	2.844068
9565.0	2.833555
9570.0	2.854503
9575.0	2.903508
9580.0	2.833902
9585.0	2.787131
9590.0	2.765431
9595.0	2.79285
9600.0	2.8260919999999996
9605.0	2.8199
9610.0	2.828971
9615.0	2.835295
9620.0	2.799618
9625.0	2.7774400000000004
9630.0	2.829359
9635.0	2.776087
9640.0	2.757144
9645.0	2.7388529999999998
9650.0	2.780943
9655.0	2.750312
9660.0	2.7640279999999997
9665.0	2.749577
9670.0	2.782359
9675.0	2.771113
9680.0	2.746412
9685.0	2.784878
9690.0	2.783073
9695.0	2.8038380000000003
9700.0	2.695081
9705.0	2.751009
9710.0	2.738793
9715.0	2.818279
9720.0	2.778294
9725.0	2.7507610000000002
9730.0	2.765245
9735.0	2.747964
9740.0	2.872519
9745.0	2.704993
9750.0	2.711869
9755.0	2.74919
9760.0	2.774768
9765.0	2.761688
9770.0	2.708438
9775.0	2.8438849999999998
9780.0	2.851607
9785.0	2.755368
9790.0	2.77049
9795.0	2.734795
9800.0	2.747689
9805.0	2.840922
9810.0	2.822747
9815.0	2.674617
9820.0	2.692012
9825.0	2.824933
9830.0	2.73307
9835.0	2.663729
9840.0	2.6955880000000003
9845.0	2.68173
9850.0	2.6333830000000003
9855.0	2.683888
9860.0	2.685768
9865.0	2.646229
9870.0	2.6134
9875.0	2.626603
9880.0	2.6098689999999998
9885.0	2.567746
9890.0	2.6019099999999997
9895.0	2.594497
9900.0	2.579914
9905.0	2.5692150000000002
9910.0	2.60805
9915.0	2.6536470000000003
9920.0	2.62758
9925.0	2.65102
9930.0	2.739688
9935.0	2.625536
9940.0	2.709756
9945.0	2.761907
9950.0	2.759595
9955.0	2.738652
9960.0	2.794606
9965.0	2.725168
9970.0	2.740087
9975.0	2.827229
9980.0	2.7023509999999997
9985.0	2.676622
9990.0	2.6474279999999997
9995.0	2.756373
10000.0	2.737864
10005.0	2.738511
10010.0	2.739431
10015.0	2.740629
10020.0	2.742112
10025.0	2.743884
10030.0	2.745951
10035.0	2.748319
10040.0	2.7509930000000002
10045.0	2.753978
10050.0	2.757282
10055.0	2.760885
10060.0	2.764681
10065.0	2.768541
10070.0	2.772333
10075.0	2.775929
10080.0	2.779198
10085.0	2.7820099999999996
10090.0	2.784236
10095.0	2.785745
10100.0	2.786408
10105.0	2.786134
10110.0	2.784989
10115.0	2.783082
10120.0	2.7805169999999997
10125.0	2.777401
10130.0	2.7738400000000003
10135.0	2.769942
10140.0	2.765812
10145.0	2.761556
10150.0	2.757282
10155.0	2.7530759999999996
10160.0	2.7489529999999998
10165.0	2.744909
10170.0	2.74094
10175.0	2.7370400000000004
10180.0	2.733207
10185.0	2.729435
10190.0	2.725721
10195.0	2.7220590000000002
10200.0	2.7184459999999997
10205.0	2.714884
10210.0	2.711392
10215.0	2.708
10220.0	2.704734
10225.0	2.701622
10230.0	2.69869
10235.0	2.695967
10240.0	2.69348
10245.0	2.691255
10250.0	2.68932
10255.0	2.687681
10260.0	2.686255
10265.0	2.684935
10270.0	2.6836189999999998
10275.0	2.6822
10280.0	2.680575
10285.0	2.6786369999999997
10290.0	2.676282
10295.0	2.673406
10300.0	2.6699029999999997
10305.0	2.679842
10310.0	2.6768560000000003
10315.0	2.673721
10320.0	2.670547
10325.0	2.667443
10330.0	2.664516
10335.0	2.661876
10340.0	2.6596319999999998
10345.0	2.657893
10350.0	2.656767
10355.0	2.65633
10360.0	2.656524
10365.0	2.657257
10370.0	2.6584380000000003
10375.0	2.659976
10380.0	2.661778
10385.0	2.663754
10390.0	2.665813
10395.0	2.667862
10400.0	2.669811
10405.0	2.671582
10410.0	2.673156
10415.0	2.674528
10420.0	2.6756919999999997
10425.0	2.676643
10430.0	2.677377
10435.0	2.6778869999999997
10440.0	2.678169
10445.0	2.678218
10450.0	2.678028
10455.0	2.6776
10460.0	2.676952
10465.0	2.676111
10470.0	2.6750990000000003
10475.0	2.6739439999999997
10480.0	2.672668
10485.0	2.671297
10490.0	2.669855
10495.0	2.668366
10500.0	2.666857
10505.0	2.665348
10510.0	2.663841
10515.0	2.662339
10520.0	2.6608400000000003
10525.0	2.659344
10530.0	2.657852
10535.0	2.6563630000000003
10540.0	2.654879
10545.0	2.653397
10550.0	2.651918
10555.0	2.650444
10560.0	2.648973
10565.0	2.6475049999999998
10570.0	2.64604
10575.0	2.6445790000000002
10580.0	2.643122
10585.0	2.641667
10590.0	2.640216
10595.0	2.638769
10600.0	2.637325
10605.0	2.635885
10610.0	2.634448
10615.0	2.6330139999999997
10620.0	2.631583
10625.0	2.6130720000000003
10630.0	2.6118259999999998
10635.0	2.610582
10640.0	2.609338
10645.0	2.608094
10650.0	2.606851
10655.0	2.605609
10660.0	2.604367
10665.0	2.603126
10670.0	2.601885
10675.0	2.600645
10680.0	2.599406
10685.0	2.5981669999999997
10690.0	2.5969279999999997
10695.0	2.5956900000000003
10700.0	2.5944529999999997
10705.0	2.5932169999999997
10710.0	2.59198
10715.0	2.590745
10720.0	2.5895099999999998
10725.0	2.588276
10730.0	2.587043
10735.0	2.585809
10740.0	2.584577
10745.0	2.583345
10750.0	2.582113
10755.0	2.580882
10760.0	2.579652
10765.0	2.578423
10770.0	2.577194
10775.0	2.575965
10780.0	2.574737
10785.0	2.5735099999999997
10790.0	2.572283
10795.0	2.571057
10800.0	2.569831
10805.0	2.568606
10810.0	2.567381
10815.0	2.566157
10820.0	2.564934
10825.0	2.563711
10830.0	2.562489
10835.0	2.561267
10840.0	2.560046
10845.0	2.558825
10850.0	2.5576060000000003
10855.0	2.5563860000000003
10860.0	2.555167
10865.0	2.5539490000000002
10870.0	2.552731
10875.0	2.551514
10880.0	2.550297
10885.0	2.549082
10890.0	2.547866
10895.0	2.5466509999999998
10900.0	2.5454369999999997
10905.0	2.544223
10910.0	2.5430099999999998
10915.0	2.5417970000000003
10920.0	2.5405849999999996
10925.0	2.539373
10930.0	2.538162
10935.0	2.536952
10940.0	2.535742
10945.0	2.534533
10950.0	2.5333240000000004
10955.0	2.532116
10960.0	2.530908
10965.0	2.5297009999999998
10970.0	2.528495
10975.0	2.527289
10980.0	2.5260830000000003
10985.0	2.524879
10990.0	2.523674
10995.0	2.522471
11000.0	2.521267
11005.0	2.520065
11010.0	2.518863
11015.0	2.517661
11020.0	2.51646
11025.0	2.51526
11030.0	2.5140599999999997
11035.0	2.512861
11040.0	2.511662
11045.0	2.510464
11050.0	2.5092659999999998
11055.0	2.508069
11060.0	2.506872
11065.0	2.505677
11070.0	2.504481
11075.0	2.503287
11080.0	2.5020919999999998
11085.0	2.500898
11090.0	2.499705
11095.0	2.498512
11100.0	2.49732
11105.0	2.4961279999999997
11110.0	2.4949369999999997
11115.0	2.493747
11120.0	2.492557
11125.0	2.491368
11130.0	2.490179
11135.0	2.488991
11140.0	2.487803
11145.0	2.486615
11150.0	2.485429
11155.0	2.484243
11160.0	2.483057
11165.0	2.481872
11170.0	2.480687
11175.0	2.479503
11180.0	2.47832
11185.0	2.477137
11190.0	2.475955
11195.0	2.474773
11200.0	2.473592
11205.0	2.472411
11210.0	2.471231
11215.0	2.4700509999999998
11220.0	2.468872
11225.0	2.467693
11230.0	2.4665150000000002
11235.0	2.465338
11240.0	2.4641610000000003
11245.0	2.4629849999999998
11250.0	2.461809
11255.0	2.460634
11260.0	2.459458
11265.0	2.458284
11270.0	2.4571110000000003
11275.0	2.455938
11280.0	2.454765
11285.0	2.453593
11290.0	2.4524209999999997
11295.0	2.45125
11300.0	2.450079
11305.0	2.448909
11310.0	2.44774
11315.0	2.446571
11320.0	2.445402
11325.0	2.444235
11330.0	2.4430669999999997
11335.0	2.4419
11340.0	2.440734
11345.0	2.439568
11350.0	2.438403
11355.0	2.4372380000000002
11360.0	2.436074
11365.0	2.43491
11370.0	2.4337470000000003
11375.0	2.432585
11380.0	2.431422
11385.0	2.4302610000000002
11390.0	2.4291
11395.0	2.427939
11400.0	2.42678
11405.0	2.42562
11410.0	2.424461
11415.0	2.4233029999999998
11420.0	2.422145
11425.0	2.420987
11430.0	2.4198310000000003
11435.0	2.418674
11440.0	2.417519
11445.0	2.416363
11450.0	2.415209
11455.0	2.414054
11460.0	2.4129009999999997
11465.0	2.411747
11470.0	2.4105950000000003
11475.0	2.409443
11480.0	2.408291
11485.0	2.40714
11490.0	2.405989
11495.0	2.404839
11500.0	2.40369
11505.0	2.40254
11510.0	2.401392
11515.0	2.400244
11520.0	2.399096
11525.0	2.397949
11530.0	2.396803
11535.0	2.395657
11540.0	2.3945119999999998
11545.0	2.393367
11550.0	2.3922220000000003
11555.0	2.391078
11560.0	2.389935
11565.0	2.388792
11570.0	2.38765
11575.0	2.386508
11580.0	2.385366
11585.0	2.384226
11590.0	2.383085
11595.0	2.381945
11600.0	2.380806
11605.0	2.379668
11610.0	2.378529
11615.0	2.377391
11620.0	2.376254
11625.0	2.375118
11630.0	2.373981
11635.0	2.372845
11640.0	2.3717099999999998
11645.0	2.370575
11650.0	2.369441
11655.0	2.368307
11660.0	2.3671740000000003
11665.0	2.3660419999999998
11670.0	2.364909
11675.0	2.363778
11680.0	2.362646
11685.0	2.361516
11690.0	2.360385
11695.0	2.3592560000000002
11700.0	2.358126
11705.0	2.356998
11710.0	2.35587
11715.0	2.354742
11720.0	2.353615
11725.0	2.352488
11730.0	2.351362
11735.0	2.350236
11740.0	2.349111
11745.0	2.347986
11750.0	2.346862
11755.0	2.3457380000000003
11760.0	2.344615
11765.0	2.343493
11770.0	2.3423700000000003
11775.0	2.3412490000000004
11780.0	2.340127
11785.0	2.339007
11790.0	2.337887
11795.0	2.336767
11800.0	2.335648
11805.0	2.3345290000000003
11810.0	2.333411
11815.0	2.332293
11820.0	2.3311759999999997
11825.0	2.330059
11830.0	2.328943
11835.0	2.327827
11840.0	2.326711
11845.0	2.325597
11850.0	2.324482
11855.0	2.323368
11860.0	2.3222549999999997
11865.0	2.321142
11870.0	2.32003
11875.0	2.318918
11880.0	2.317806
11885.0	2.316695
11890.0	2.315585
11895.0	2.314475
11900.0	2.313366
11905.0	2.312257
11910.0	2.3111479999999998
11915.0	2.3100400000000003
11920.0	2.308933
11925.0	2.307826
11930.0	2.30672
11935.0	2.305614
11940.0	2.3045080000000002
11945.0	2.303403
11950.0	2.302298
11955.0	2.3011939999999997
11960.0	2.300091
11965.0	2.298987
11970.0	2.297884
11975.0	2.296782
11980.0	2.295681
11985.0	2.29458
11990.0	2.293479
11995.0	2.292378
12000.0	2.2912790000000003
12005.0	2.290179
12010.0	2.289081
12015.0	2.287982
12020.0	2.286884
12025.0	2.285787
12030.0	2.2846900000000003
12035.0	2.283594
12040.0	2.282498
12045.0	2.281402
12050.0	2.280307
12055.0	2.279213
12060.0	2.278119
12065.0	2.277025
12070.0	2.275932
12075.0	2.274839
12080.0	2.273747
12085.0	2.272655
12090.0	2.271564
12095.0	2.270473
12100.0	2.2693830000000004
12105.0	2.268293
12110.0	2.267204
12115.0	2.266115
12120.0	2.2650259999999998
12125.0	2.263939
12130.0	2.262851
12135.0	2.261764
12140.0	2.260678
12145.0	2.259592
12150.0	2.258506
12155.0	2.257421
12160.0	2.256336
12165.0	2.255252
12170.0	2.254168
12175.0	2.253085
12180.0	2.252002
12185.0	2.2509200000000003
12190.0	2.249838
12195.0	2.248757
12200.0	2.247676
12205.0	2.246595
12210.0	2.245515
12215.0	2.244436
12220.0	2.2433560000000003
12225.0	2.2422779999999998
12230.0	2.241199
12235.0	2.240122
12240.0	2.239045
12245.0	2.237968
12250.0	2.2368919999999997
12255.0	2.235816
12260.0	2.23474
12265.0	2.2336650000000002
12270.0	2.2325909999999998
12275.0	2.2315169999999998
12280.0	2.230443
12285.0	2.22937
12290.0	2.228297
12295.0	2.227225
12300.0	2.226153
12305.0	2.225082
12310.0	2.224011
12315.0	2.222941
12320.0	2.2218709999999997
12325.0	2.220801
12330.0	2.219732
12335.0	2.218664
12340.0	2.217596
12345.0	2.216528
12350.0	2.2154599999999998
12355.0	2.214394
12360.0	2.213327
12365.0	2.2122610000000003
12370.0	2.2111959999999997
12375.0	2.210131
12380.0	2.209066
12385.0	2.208002
12390.0	2.2069389999999998
12395.0	2.205875
12400.0	2.204813
12405.0	2.20375
12410.0	2.202688
12415.0	2.2016270000000002
12420.0	2.200566
12425.0	2.199505
12430.0	2.198445
12435.0	2.197386
12440.0	2.196326
12445.0	2.195267
12450.0	2.194209
12455.0	2.193151
12460.0	2.192093
12465.0	2.191036
12470.0	2.18998
12475.0	2.188924
12480.0	2.187868
12485.0	2.186813
12490.0	2.1857580000000003
12495.0	2.184703
12500.0	2.183649
12505.0	2.1825959999999998
12510.0	2.181543
12515.0	2.1804900000000003
12520.0	2.179438
12525.0	2.178386
12530.0	2.177334
12535.0	2.176283
12540.0	2.175233
12545.0	2.174183
12550.0	2.173133
12555.0	2.172084
12560.0	2.171035
12565.0	2.169986
12570.0	2.1689380000000003
12575.0	2.167891
12580.0	2.1668439999999998
12585.0	2.165797
12590.0	2.164751
12595.0	2.1637049999999998
12600.0	2.162659
12605.0	2.161614
12610.0	2.16057
12615.0	2.159526
12620.0	2.158482
12625.0	2.157439
12630.0	2.156396
12635.0	2.155353
12640.0	2.154311
12645.0	2.15327
12650.0	2.152228
12655.0	2.1511880000000003
12660.0	2.150147
12665.0	2.149107
12670.0	2.148068
12675.0	2.1470290000000003
12680.0	2.1459900000000003
12685.0	2.144952
12690.0	2.143914
12695.0	2.142876
12700.0	2.141839
12705.0	2.140803
12710.0	2.139767
12715.0	2.138731
12720.0	2.137696
12725.0	2.13666
12730.0	2.135626
12735.0	2.134592
12740.0	2.1335580000000003
12745.0	2.132525
12750.0	2.1314919999999997
12755.0	2.130459
12760.0	2.129427
12765.0	2.1283950000000003
12770.0	2.127364
12775.0	2.1263330000000003
12780.0	2.1253029999999997
12785.0	2.124273
12790.0	2.123243
12795.0	2.122214
12800.0	2.1211849999999997
12805.0	2.120157
12810.0	2.119128
12815.0	2.118101
12820.0	2.117074
12825.0	2.116047
12830.0	2.11502
12835.0	2.113994
12840.0	2.1129689999999997
12845.0	2.111943
12850.0	2.110919
12855.0	2.1098939999999997
12860.0	2.10887
12865.0	2.107846
12870.0	2.106823
12875.0	2.1058
12880.0	2.104778
12885.0	2.103756
12890.0	2.102734
12895.0	2.101713
12900.0	2.100692
12905.0	2.099672
12910.0	2.098651
12915.0	2.097632
12920.0	2.096612
12925.0	2.0955939999999997
12930.0	2.094575
12935.0	2.093557
12940.0	2.092539
12945.0	2.0915220000000003
12950.0	2.090505
12955.0	2.089489
12960.0	2.088473
12965.0	2.087457
12970.0	2.086442
12975.0	2.085427
12980.0	2.084412
12985.0	2.083398
12990.0	2.0823840000000002
12995.0	2.08137
13000.0	2.080357
13005.0	2.079345
13010.0	2.078332
13015.0	2.0773200000000003
13020.0	2.076309
13025.0	2.075298
13030.0	2.074287
13035.0	2.073276
13040.0	2.072266
13045.0	2.071257
13050.0	2.070248
13055.0	2.069239
13060.0	2.06823
13065.0	2.067222
13070.0	2.066215
13075.0	2.065207
13080.0	2.0642
13085.0	2.0631939999999998
13090.0	2.0621869999999998
13095.0	2.061182
13100.0	2.060176
13105.0	2.059171
13110.0	2.0581669999999996
13115.0	2.057162
13120.0	2.0561580000000004
13125.0	2.055155
13130.0	2.054151
13135.0	2.0531490000000003
13140.0	2.052146
13145.0	2.051144
13150.0	2.0501419999999997
13155.0	2.049141
13160.0	2.04814
13165.0	2.047139
13170.0	2.046139
13175.0	2.045139
13180.0	2.04414
13185.0	2.04314
13190.0	2.0421419999999997
13195.0	2.041143
13200.0	2.040145
13205.0	2.0391470000000003
13210.0	2.03815
13215.0	2.037153
13220.0	2.0361569999999998
13225.0	2.03516
13230.0	2.0341650000000002
13235.0	2.033169
13240.0	2.0321740000000004
13245.0	2.0311790000000003
13250.0	2.030185
13255.0	2.029191
13260.0	2.028197
13265.0	2.027203
13270.0	2.026211
13275.0	2.025218
13280.0	2.0242259999999996
13285.0	2.023234
13290.0	2.022242
13295.0	2.021251
13300.0	2.02026
13305.0	2.01927
13310.0	2.01828
13315.0	2.01729
13320.0	2.0163
13325.0	2.015311
13330.0	2.014322
13335.0	2.013334
13340.0	2.012346
13345.0	2.011359
13350.0	2.010371
13355.0	2.009384
13360.0	2.008397
13365.0	2.0074110000000003
13370.0	2.006425
13375.0	2.00544
13380.0	2.004455
13385.0	2.00347
13390.0	2.002485
13395.0	2.0015009999999998
13400.0	2.000517
13405.0	1.999534
13410.0	1.99855
13415.0	1.9975669999999999
13420.0	1.9965849999999998
13425.0	1.9956029999999998
13430.0	1.994621
13435.0	1.99364
13440.0	1.992659
13445.0	1.9916779999999998
13450.0	1.9906979999999999
13455.0	1.989718
13460.0	1.9887380000000001
13465.0	1.9877580000000001
13470.0	1.986779
13475.0	1.985801
13480.0	1.984822
13485.0	1.983844
13490.0	1.982867
13495.0	1.981889
13500.0	1.980912
13505.0	1.9799360000000001
13510.0	1.978959
13515.0	1.9779830000000003
13520.0	1.977008
13525.0	1.976032
13530.0	1.975057
13535.0	1.974082
13540.0	1.973108
13545.0	1.972134
13550.0	1.9711599999999998
13555.0	1.970187
13560.0	1.969214
13565.0	1.968241
13570.0	1.967269
13575.0	1.9662970000000002
13580.0	1.965325
13585.0	1.9643540000000002
13590.0	1.963383
13595.0	1.9624119999999998
13600.0	1.961442
13605.0	1.9604720000000002
13610.0	1.959502
13615.0	1.958532
13620.0	1.9575630000000002
13625.0	1.956594
13630.0	1.9556259999999999
13635.0	1.9546580000000002
13640.0	1.9536900000000001
13645.0	1.952723
13650.0	1.951755
13655.0	1.9507889999999999
13660.0	1.9498220000000002
13665.0	1.9488560000000001
13670.0	1.9478900000000001
13675.0	1.946924
13680.0	1.945959
13685.0	1.944994
13690.0	1.944029
13695.0	1.943065
13700.0	1.9421009999999999
13705.0	1.941137
13710.0	1.940174
13715.0	1.939211
13720.0	1.938248
13725.0	1.937286
13730.0	1.9363240000000002
13735.0	1.9353619999999998
13740.0	1.9344009999999998
13745.0	1.933439
13750.0	1.932478
13755.0	1.931518
13760.0	1.9305580000000002
13765.0	1.929598
13770.0	1.928638
13775.0	1.9276790000000001
13780.0	1.92672
13785.0	1.925761
13790.0	1.9248029999999998
13795.0	1.923845
13800.0	1.9228869999999998
13805.0	1.921929
13810.0	1.9209720000000001
13815.0	1.920016
13820.0	1.919059
13825.0	1.918103
13830.0	1.9171470000000002
13835.0	1.916191
13840.0	1.9152360000000002
13845.0	1.9142810000000001
13850.0	1.9133259999999999
13855.0	1.9123720000000002
13860.0	1.911417
13865.0	1.910464
13870.0	1.9095099999999998
13875.0	1.908557
13880.0	1.907604
13885.0	1.9066509999999999
13890.0	1.9056990000000003
13895.0	1.9047470000000002
13900.0	1.9037950000000001
13905.0	1.902844
13910.0	1.901893
13915.0	1.900942
13920.0	1.899991
13925.0	1.899041
13930.0	1.898091
13935.0	1.897141
13940.0	1.8961919999999999
13945.0	1.895243
13950.0	1.894294
13955.0	1.893345
13960.0	1.892397
13965.0	1.8914490000000002
13970.0	1.8905020000000001
13975.0	1.8895549999999999
13980.0	1.888608
13985.0	1.887661
13990.0	1.886714
13995.0	1.885768
14000.0	1.8848220000000002
14005.0	1.8838759999999999
14010.0	1.8829310000000001
14015.0	1.8819860000000002
14020.0	1.881041
14025.0	1.8800970000000001
14030.0	1.8791529999999999
14035.0	1.878209
14040.0	1.8772650000000002
14045.0	1.876322
14050.0	1.875378
14055.0	1.874436
14060.0	1.873493
14065.0	1.8725509999999999
14070.0	1.871609
14075.0	1.870668
14080.0	1.8697259999999998
14085.0	1.868785
14090.0	1.8678439999999998
14095.0	1.8669040000000001
14100.0	1.865963
14105.0	1.8650229999999999
14110.0	1.864084
14115.0	1.863144
14120.0	1.8622049999999999
14125.0	1.861266
14130.0	1.860327
14135.0	1.859389
14140.0	1.8584509999999999
14145.0	1.8575130000000002
14150.0	1.8565759999999998
14155.0	1.8556380000000001
14160.0	1.854701
14165.0	1.853765
14170.0	1.852828
14175.0	1.8518919999999999
14180.0	1.850956
14185.0	1.850021
14190.0	1.8490849999999999
14195.0	1.84815
14200.0	1.847215
14205.0	1.84628
14210.0	1.845346
14215.0	1.844412
14220.0	1.843478
14225.0	1.842545
14230.0	1.8416119999999998
14235.0	1.8406790000000002
14240.0	1.8397459999999999
14245.0	1.838813
14250.0	1.837881
14255.0	1.8369490000000002
14260.0	1.836018
14265.0	1.835086
14270.0	1.834155
14275.0	1.8332240000000002
14280.0	1.8322939999999999
14285.0	1.831363
14290.0	1.8304330000000002
14295.0	1.8295029999999999
14300.0	1.8285740000000001
14305.0	1.8276439999999998
14310.0	1.826715
14315.0	1.8257860000000001
14320.0	1.824858
14325.0	1.8239290000000001
14330.0	1.8230009999999999
14335.0	1.822073
14340.0	1.821146
14345.0	1.8202180000000001
14350.0	1.819291
14355.0	1.8183650000000002
14360.0	1.817438
14365.0	1.816512
14370.0	1.8155860000000001
14375.0	1.81466
14380.0	1.813734
14385.0	1.8128090000000001
14390.0	1.811884
14395.0	1.810959
14400.0	1.8100349999999998
14405.0	1.8091099999999998
14410.0	1.808186
14415.0	1.807263
14420.0	1.806339
14425.0	1.805416
14430.0	1.8044919999999998
14435.0	1.8035700000000001
14440.0	1.802647
14445.0	1.801725
14450.0	1.800803
14455.0	1.799881
14460.0	1.798959
14465.0	1.798038
14470.0	1.7971169999999999
14475.0	1.796196
14480.0	1.795275
14485.0	1.794355
14490.0	1.793434
14495.0	1.792514
14500.0	1.791595
14505.0	1.790675
14510.0	1.7897560000000001
14515.0	1.7888369999999998
14520.0	1.7879180000000001
14525.0	1.787
14530.0	1.786081
14535.0	1.785163
14540.0	1.784245
14545.0	1.7833279999999998
14550.0	1.782411
14555.0	1.781493
14560.0	1.780576
14565.0	1.7796599999999998
14570.0	1.778743
14575.0	1.777827
14580.0	1.7769110000000001
14585.0	1.775995
14590.0	1.77508
14595.0	1.7741650000000002
14600.0	1.77325
14605.0	1.7723349999999998
14610.0	1.77142
14615.0	1.7705060000000001
14620.0	1.7695919999999998
14625.0	1.768678
14630.0	1.767764
14635.0	1.76685
14640.0	1.7659369999999999
14645.0	1.7650240000000001
14650.0	1.764111
14655.0	1.763198
14660.0	1.762286
14665.0	1.7613740000000002
14670.0	1.760462
14675.0	1.75955
14680.0	1.7586389999999998
14685.0	1.757728
14690.0	1.7568169999999999
14695.0	1.7559060000000002
14700.0	1.754995
14705.0	1.754085
14710.0	1.753175
14715.0	1.7522650000000002
14720.0	1.751355
14725.0	1.750445
14730.0	1.749536
14735.0	1.7486270000000002
14740.0	1.747718
14745.0	1.746809
14750.0	1.745901
14755.0	1.744993
14760.0	1.744084
14765.0	1.743177
14770.0	1.7422689999999998
14775.0	1.7413619999999999
14780.0	1.7404540000000002
14785.0	1.7395470000000002
14790.0	1.7386409999999999
14795.0	1.7377340000000001
14800.0	1.7368279999999998
14805.0	1.7359220000000002
14810.0	1.735016
14815.0	1.7341099999999998
14820.0	1.7332040000000002
14825.0	1.7322990000000003
14830.0	1.7313939999999999
14835.0	1.730489
14840.0	1.729584
14845.0	1.72868
14850.0	1.7277759999999998
14855.0	1.7268709999999998
14860.0	1.725968
14865.0	1.725064
14870.0	1.72416
14875.0	1.723257
14880.0	1.7223540000000002
14885.0	1.7214509999999998
14890.0	1.720548
14895.0	1.719646
14900.0	1.7187430000000001
14905.0	1.717841
14910.0	1.716939
14915.0	1.7160380000000002
14920.0	1.715136
14925.0	1.714235
14930.0	1.713334
14935.0	1.712433
14940.0	1.711532
14945.0	1.7106310000000002
14950.0	1.7097310000000001
14955.0	1.7088310000000002
14960.0	1.707931
14965.0	1.7070310000000002
14970.0	1.706132
14975.0	1.705232
14980.0	1.704333
14985.0	1.7034340000000001
14990.0	1.702535
14995.0	1.7016369999999998
15000.0	1.700738
15005.0	1.6998400000000002
15010.0	1.6989419999999997
15015.0	1.6980439999999999
15020.0	1.6971459999999998
15025.0	1.6962490000000001
15030.0	1.6953509999999998
15035.0	1.6944540000000001
15040.0	1.693557
15045.0	1.692661
15050.0	1.691764
15055.0	1.690868
15060.0	1.689971
15065.0	1.689075
15070.0	1.688179
15075.0	1.687284
15080.0	1.686388
15085.0	1.6854930000000001
15090.0	1.684598
15095.0	1.683703
15100.0	1.682808
15105.0	1.681913
15110.0	1.6810189999999998
15115.0	1.680125
15120.0	1.6792310000000001
15125.0	1.678337
15130.0	1.677443
15135.0	1.67655
15140.0	1.675656
15145.0	1.674763
15150.0	1.67387
15155.0	1.672977
15160.0	1.6720849999999998
15165.0	1.6711919999999998
15170.0	1.6703
15175.0	1.6694069999999999
15180.0	1.6685159999999999
15185.0	1.6676240000000002
15190.0	1.6667319999999999
15195.0	1.665841
15200.0	1.6649490000000002
15205.0	1.6640580000000003
15210.0	1.6631669999999998
15215.0	1.6622759999999999
15220.0	1.661386
15225.0	1.660495
15230.0	1.659605
15235.0	1.6587150000000002
15240.0	1.657825
15245.0	1.6569349999999998
15250.0	1.656045
15255.0	1.655156
15260.0	1.654266
15265.0	1.653377
15270.0	1.6524880000000002
15275.0	1.6515990000000003
15280.0	1.650711
15285.0	1.6498220000000001
15290.0	1.6489340000000001
15295.0	1.648046
15300.0	1.6471580000000001
15305.0	1.6462700000000001
15310.0	1.645382
15315.0	1.644494
15320.0	1.643607
15325.0	1.6427200000000002
15330.0	1.641833
15335.0	1.640946
15340.0	1.640059
15345.0	1.639172
15350.0	1.6382860000000001
15355.0	1.6374
15360.0	1.6365129999999999
15365.0	1.635627
15370.0	1.634741
15375.0	1.633856
15380.0	1.63297
15385.0	1.632085
15390.0	1.631199
15395.0	1.630314
15400.0	1.629429
15405.0	1.628544
15410.0	1.62766
15415.0	1.626775
15420.0	1.625891
15425.0	1.6250069999999999
15430.0	1.624123
15435.0	1.6232389999999999
15440.0	1.622355
15445.0	1.6214709999999999
15450.0	1.620588
15455.0	1.619704
15460.0	1.6188209999999998
15465.0	1.6179379999999999
15470.0	1.617055
15475.0	1.616172
15480.0	1.61529
15485.0	1.614407
15490.0	1.613525
15495.0	1.612643
15500.0	1.611761
15505.0	1.6108790000000002
15510.0	1.609997
15515.0	1.609115
15520.0	1.608234
15525.0	1.6073520000000001
15530.0	1.606471
15535.0	1.60559
15540.0	1.604709
15545.0	1.603828
15550.0	1.602947
15555.0	1.602067
15560.0	1.601186
15565.0	1.600306
15570.0	1.599426
15575.0	1.598546
15580.0	1.597666
15585.0	1.596786
15590.0	1.595906
15595.0	1.595027
15600.0	1.594147
15605.0	1.5932680000000001
15610.0	1.5923889999999998
15615.0	1.59151
15620.0	1.590631
15625.0	1.589752
15630.0	1.588874
15635.0	1.587995
15640.0	1.587116
15645.0	1.5862379999999998
15650.0	1.58536
15655.0	1.584482
15660.0	1.583604
15665.0	1.582726
15670.0	1.581849
15675.0	1.580971
15680.0	1.580094
15685.0	1.579216
15690.0	1.578339
15695.0	1.5774620000000001
15700.0	1.5765850000000001
15705.0	1.575709
15710.0	1.574832
15715.0	1.573955
15720.0	1.5730790000000001
15725.0	1.572202
15730.0	1.571326
15735.0	1.57045
15740.0	1.569574
15745.0	1.524628
15750.0	1.516902
15755.0	1.5234290000000001
15760.0	1.524058
15765.0	1.4907219999999999
15770.0	1.482334
15775.0	1.508786
15780.0	1.5379040000000002
15785.0	1.560901
15790.0	1.56619
15795.0	1.563957
15800.0	1.5670549999999999
15805.0	1.5749389999999999
15810.0	1.5740020000000001
15815.0	1.554446
15820.0	1.53511
15825.0	1.540375
15830.0	1.551492
15835.0	1.544743
15840.0	1.54918
15845.0	1.5599610000000002
15850.0	1.559878
15855.0	1.560274
15860.0	1.5547870000000001
15865.0	1.548452
15870.0	1.548853
15875.0	1.5467469999999999
15880.0	1.536606
15885.0	1.506793
15890.0	1.4825110000000001
15895.0	1.4876340000000001
15900.0	1.514369
15905.0	1.53065
15910.0	1.525285
15915.0	1.521775
15920.0	1.53164
15925.0	1.541656
15930.0	1.5483129999999998
15935.0	1.551383
15940.0	1.545765
15945.0	1.542999
15950.0	1.5449110000000001
15955.0	1.5372569999999999
15960.0	1.523852
15965.0	1.515361
15970.0	1.528965
15975.0	1.536286
15980.0	1.526936
15985.0	1.530118
15990.0	1.542917
15995.0	1.5487229999999998
16000.0	1.547987
16005.0	1.529307
16010.0	1.514942
16015.0	1.5245229999999999
16020.0	1.533799
16025.0	1.537507
16030.0	1.529493
16035.0	1.519455
16040.0	1.50155
16045.0	1.512838
16050.0	1.526062
16055.0	1.5112219999999998
16060.0	1.510772
16065.0	1.5106899999999999
16070.0	1.504951
16075.0	1.498317
16080.0	1.522345
16085.0	1.54159
16090.0	1.534856
16095.0	1.518023
16100.0	1.5091700000000001
16105.0	1.511652
16110.0	1.519349
16115.0	1.522691
16120.0	1.522226
16125.0	1.515842
16130.0	1.506461
16135.0	1.504086
16140.0	1.496532
16145.0	1.508513
16150.0	1.471694
16155.0	1.433055
16160.0	1.456253
16165.0	1.4861520000000001
16170.0	1.508175
16175.0	1.51829
16180.0	1.5060959999999999
16185.0	1.491475
16190.0	1.475356
16195.0	1.4454989999999999
16200.0	1.428025
16205.0	1.4359950000000001
16210.0	1.460194
16215.0	1.487322
16220.0	1.495598
16225.0	1.499428
16230.0	1.494658
16235.0	1.498346
16240.0	1.501744
16245.0	1.487004
16250.0	1.474068
16255.0	1.475749
16260.0	1.480893
16265.0	1.4927290000000002
16270.0	1.5052219999999998
16275.0	1.503893
16280.0	1.508632
16285.0	1.502982
16290.0	1.495608
16295.0	1.497231
16300.0	1.4945
16305.0	1.491749
16310.0	1.482782
16315.0	1.4704549999999998
16320.0	1.4716850000000001
16325.0	1.483433
16330.0	1.494775
16335.0	1.502189
16340.0	1.50569
16345.0	1.508958
16350.0	1.478744
16355.0	1.4705840000000001
16360.0	1.472197
16365.0	1.46705
16370.0	1.468844
16375.0	1.47804
16380.0	1.482302
16385.0	1.4676
16390.0	1.4548860000000001
16395.0	1.450143
16400.0	1.434821
16405.0	1.43977
16410.0	1.454932
16415.0	1.4521709999999999
16420.0	1.451306
16425.0	1.450442
16430.0	1.4495770000000001
16435.0	1.448713
16440.0	1.447848
16445.0	1.446984
16450.0	1.44612
16455.0	1.4452559999999999
16460.0	1.444391
16465.0	1.443527
16470.0	1.442663
16475.0	1.441799
16480.0	1.440935
16485.0	1.4400709999999999
16490.0	1.439208
16495.0	1.438344
16500.0	1.4374799999999999
16505.0	1.436617
16510.0	1.435753
16515.0	1.43489
16520.0	1.434027
16525.0	1.433163
16530.0	1.4323
16535.0	1.431437
16540.0	1.430574
16545.0	1.429711
16550.0	1.428848
16555.0	1.427985
16560.0	1.427123
16565.0	1.42626
16570.0	1.425397
16575.0	1.424535
16580.0	1.4236719999999998
16585.0	1.4228100000000001
16590.0	1.421948
16595.0	1.421086
16600.0	1.420224
16605.0	1.419361
16610.0	1.418499
16615.0	1.417637
16620.0	1.416776
16625.0	1.415914
16630.0	1.415052
16635.0	1.414191
16640.0	1.413329
16645.0	1.412468
16650.0	1.411607
16655.0	1.4107450000000001
16660.0	1.409884
16665.0	1.409023
16670.0	1.4081620000000001
16675.0	1.407301
16680.0	1.40644
16685.0	1.4055799999999998
16690.0	1.404719
16695.0	1.403858
16700.0	1.402998
16705.0	1.4021379999999999
16710.0	1.401277
16715.0	1.400417
16720.0	1.399557
16725.0	1.3986969999999999
16730.0	1.397837
16735.0	1.3969770000000001
16740.0	1.396117
16745.0	1.395257
16750.0	1.394398
16755.0	1.393538
16760.0	1.392679
16765.0	1.3918190000000001
16770.0	1.39096
16775.0	1.390101
16780.0	1.389242
16785.0	1.388383
16790.0	1.387524
16795.0	1.386665
16800.0	1.3858059999999999
16805.0	1.3849479999999998
16810.0	1.384089
16815.0	1.3832309999999999
16820.0	1.382372
16825.0	1.381514
16830.0	1.3806559999999999
16835.0	1.3797979999999999
16840.0	1.37894
16845.0	1.378082
16850.0	1.377224
16855.0	1.3763670000000001
16860.0	1.375509
16865.0	1.374652
16870.0	1.373794
16875.0	1.372937
16880.0	1.372079
16885.0	1.371222
16890.0	1.370366
16895.0	1.369509
16900.0	1.368652
16905.0	1.367795
16910.0	1.366938
16915.0	1.366082
16920.0	1.365226
16925.0	1.364369
16930.0	1.363513
16935.0	1.362657
16940.0	1.361801
16945.0	1.360945
16950.0	1.3600889999999999
16955.0	1.359234
16960.0	1.358378
16965.0	1.357523
16970.0	1.356667
16975.0	1.355812
16980.0	1.354957
16985.0	1.3541020000000001
16990.0	1.3532469999999999
16995.0	1.352392
17000.0	1.351537
17005.0	1.350682
17010.0	1.349828
17015.0	1.348973
17020.0	1.348119
17025.0	1.347265
17030.0	1.346411
17035.0	1.345557
17040.0	1.344703
17045.0	1.343849
17050.0	1.3429959999999999
17055.0	1.342142
17060.0	1.341289
17065.0	1.340435
17070.0	1.339582
17075.0	1.338729
17080.0	1.337876
17085.0	1.3370229999999999
17090.0	1.33617
17095.0	1.335318
17100.0	1.334465
17105.0	1.333613
17110.0	1.33276
17115.0	1.331908
17120.0	1.331056
17125.0	1.3302040000000002
17130.0	1.329352
17135.0	1.328501
17140.0	1.327649
17145.0	1.326797
17150.0	1.3259459999999998
17155.0	1.3250950000000001
17160.0	1.324244
17165.0	1.323393
17170.0	1.322542
17175.0	1.321691
17180.0	1.32084
17185.0	1.31999
17190.0	1.3191389999999998
17195.0	1.318289
17200.0	1.317439
17205.0	1.316589
17210.0	1.315739
17215.0	1.314889
17220.0	1.314039
17225.0	1.3131899999999999
17230.0	1.31234
17235.0	1.311491
17240.0	1.310642
17245.0	1.309792
17250.0	1.308944
17255.0	1.308095
17260.0	1.307246
17265.0	1.306397
17270.0	1.305549
17275.0	1.3047
17280.0	1.303852
17285.0	1.303004
17290.0	1.3021559999999999
17295.0	1.301309
17300.0	1.300461
17305.0	1.299613
17310.0	1.298766
17315.0	1.2979180000000001
17320.0	1.2970709999999999
17325.0	1.296224
17330.0	1.295377
17335.0	1.2945309999999999
17340.0	1.293684
17345.0	1.292837
17350.0	1.291991
17355.0	1.291145
17360.0	1.290299
17365.0	1.289453
17370.0	1.288607
17375.0	1.2877610000000002
17380.0	1.286915
17385.0	1.28607
17390.0	1.285224
17395.0	1.2843790000000002
17400.0	1.283534
17405.0	1.282689
17410.0	1.281844
17415.0	1.281
17420.0	1.280155
17425.0	1.279311
17430.0	1.278467
17435.0	1.277623
17440.0	1.276779
17445.0	1.275935
17450.0	1.275091
17455.0	1.274247
17460.0	1.273404
17465.0	1.272561
17470.0	1.2717180000000001
17475.0	1.270875
17480.0	1.270032
17485.0	1.269189
17490.0	1.268347
17495.0	1.2675040000000002
17500.0	1.2666620000000002
17505.0	1.2658200000000002
17510.0	1.2649780000000002
17515.0	1.2641360000000001
17520.0	1.2632940000000001
17525.0	1.262453
17530.0	1.261611
17535.0	1.2607700000000002
17540.0	1.2599280000000002
17545.0	1.259088
17550.0	1.258247
17555.0	1.257406
17560.0	1.256566
17565.0	1.255725
17570.0	1.254885
17575.0	1.254045
17580.0	1.253205
17585.0	1.252365
17590.0	1.251525
17595.0	1.250686
17600.0	1.249846
17605.0	1.249007
17610.0	1.248168
17615.0	1.2473290000000001
17620.0	1.2464899999999999
17625.0	1.245652
17630.0	1.244813
17635.0	1.243975
17640.0	1.2431370000000002
17645.0	1.242299
17650.0	1.2414610000000001
17655.0	1.240623
17660.0	1.239786
17665.0	1.238948
17670.0	1.238111
17675.0	1.237274
17680.0	1.236437
17685.0	1.2356
17690.0	1.234764
17695.0	1.233927
17700.0	1.233091
17705.0	1.2322549999999999
17710.0	1.231419
17715.0	1.230583
17720.0	1.229747
17725.0	1.228912
17730.0	1.228077
17735.0	1.227242
17740.0	1.2264059999999999
17745.0	1.225571
17750.0	1.2247370000000002
17755.0	1.223902
17760.0	1.223068
17765.0	1.222234
17770.0	1.221399
17775.0	1.220565
17780.0	1.219732
17785.0	1.218898
17790.0	1.218065
17795.0	1.217231
17800.0	1.2163979999999999
17805.0	1.215565
17810.0	1.214733
17815.0	1.2139
17820.0	1.213068
17825.0	1.212235
17830.0	1.211403
17835.0	1.2105709999999998
17840.0	1.20974
17845.0	1.208908
17850.0	1.208076
17855.0	1.2072450000000001
17860.0	1.2064139999999999
17865.0	1.205583
17870.0	1.204752
17875.0	1.203922
17880.0	1.203092
17885.0	1.202261
17890.0	1.201431
17895.0	1.200601
17900.0	1.199771
17905.0	1.198942
17910.0	1.198112
17915.0	1.197283
17920.0	1.1964540000000001
17925.0	1.195625
17930.0	1.1947969999999999
17935.0	1.193968
17940.0	1.1931399999999999
17945.0	1.1923110000000001
17950.0	1.191483
17955.0	1.190656
17960.0	1.189828
17965.0	1.189
17970.0	1.188173
17975.0	1.187346
17980.0	1.186519
17985.0	1.185692
17990.0	1.184866
17995.0	1.1840389999999998
18000.0	1.1832129999999998
18005.0	1.182387
18010.0	1.181561
18015.0	1.180735
18020.0	1.17991
18025.0	1.179084
18030.0	1.178259
18035.0	1.177434
18040.0	1.17661
18045.0	1.175785
18050.0	1.17496
18055.0	1.174136
18060.0	1.1733120000000001
18065.0	1.172488
18070.0	1.171664
18075.0	1.170841
18080.0	1.170017
18085.0	1.169194
18090.0	1.1683709999999998
18095.0	1.167549
18100.0	1.166726
18105.0	1.165904
18110.0	1.165081
18115.0	1.164259
18120.0	1.163437
18125.0	1.162616
18130.0	1.161794
18135.0	1.160973
18140.0	1.160152
18145.0	1.159331
18150.0	1.15851
18155.0	1.1576899999999999
18160.0	1.1568690000000001
18165.0	1.1560489999999999
18170.0	1.155229
18175.0	1.154409
18180.0	1.15359
18185.0	1.15277
18190.0	1.151951
18195.0	1.151132
18200.0	1.150313
18205.0	1.1494950000000002
18210.0	1.148676
18215.0	1.147858
18220.0	1.14704
18225.0	1.1462219999999999
18230.0	1.145404
18235.0	1.144587
18240.0	1.1437700000000002
18245.0	1.142953
18250.0	1.142136
18255.0	1.141319
18260.0	1.140503
18265.0	1.139686
18270.0	1.13887
18275.0	1.1380540000000001
18280.0	1.1372389999999999
18285.0	1.136423
18290.0	1.135608
18295.0	1.134793
18300.0	1.1339780000000002
18305.0	1.133163
18310.0	1.132349
18315.0	1.131534
18320.0	1.1307200000000002
18325.0	1.1299059999999999
18330.0	1.1290930000000001
18335.0	1.128279
18340.0	1.127466
18345.0	1.1266530000000001
18350.0	1.12584
18355.0	1.125027
18360.0	1.124215
18365.0	1.123402
18370.0	1.12259
18375.0	1.1217780000000002
18380.0	1.120967
18385.0	1.120155
18390.0	1.1193440000000001
18395.0	1.118533
18400.0	1.1177219999999999
18405.0	1.1169120000000001
18410.0	1.116101
18415.0	1.115291
18420.0	1.114481
18425.0	1.1136709999999999
18430.0	1.112862
18435.0	1.112052
18440.0	1.111243
18445.0	1.110434
18450.0	1.109625
18455.0	1.108817
18460.0	1.108009
18465.0	1.107201
18470.0	1.106393
18475.0	1.105585
18480.0	1.1047770000000001
18485.0	1.1039700000000001
18490.0	1.103163
18495.0	1.102356
18500.0	1.10155
18505.0	1.100743
18510.0	1.0999370000000002
18515.0	1.0991309999999999
18520.0	1.098325
18525.0	1.09752
18530.0	1.096714
18535.0	1.095909
18540.0	1.095104
18545.0	1.0943
18550.0	1.093495
18555.0	1.092691
18560.0	1.091887
18565.0	1.091083
18570.0	1.09028
18575.0	1.089476
18580.0	1.088673
18585.0	1.0878700000000001
18590.0	1.087067
18595.0	1.086265
18600.0	1.0854629999999998
18605.0	1.084661
18610.0	1.083859
18615.0	1.083057
18620.0	1.0822559999999999
18625.0	1.0814549999999998
18630.0	1.080654
18635.0	1.0798530000000002
18640.0	1.079053
18645.0	1.078252
18650.0	1.077452
18655.0	1.076653
18660.0	1.0758530000000002
18665.0	1.0750540000000002
18670.0	1.074255
18675.0	1.073456
18680.0	1.072657
18685.0	1.0718590000000001
18690.0	1.0710600000000001
18695.0	1.070262
18700.0	1.0694649999999999
18705.0	1.068667
18710.0	1.06787
18715.0	1.067073
18720.0	1.066276
18725.0	1.065479
18730.0	1.064683
18735.0	1.063887
18740.0	1.063091
18745.0	1.062295
18750.0	1.0615
18755.0	1.060704
18760.0	1.059909
18765.0	1.059115
18770.0	1.0583200000000001
18775.0	1.057526
18780.0	1.056732
18785.0	1.0559379999999998
18790.0	1.055144
18795.0	1.054351
18800.0	1.053558
18805.0	1.052765
18810.0	1.051972
18815.0	1.05118
18820.0	1.0503879999999999
18825.0	1.049596
18830.0	1.048804
18835.0	1.0480129999999999
18840.0	1.047221
18845.0	1.04643
18850.0	1.04564
18855.0	1.044849
18860.0	1.044059
18865.0	1.043269
18870.0	1.0424790000000002
18875.0	1.04169
18880.0	1.0409
18885.0	1.040111
18890.0	1.0393219999999999
18895.0	1.038534
18900.0	1.0377450000000001
18905.0	1.036957
18910.0	1.03617
18915.0	1.035382
18920.0	1.0345950000000002
18925.0	1.033807
18930.0	1.033021
18935.0	1.032234
18940.0	1.031448
18945.0	1.030661
18950.0	1.029876
18955.0	1.02909
18960.0	1.028304
18965.0	1.027519
18970.0	1.026735
18975.0	1.02595
18980.0	1.025166
18985.0	1.024382
18990.0	1.023598
18995.0	1.022814
19000.0	1.02203
19005.0	1.021247
19010.0	1.020464
19015.0	1.019682
19020.0	1.018899
19025.0	1.018117
19030.0	1.017335
19035.0	1.0165540000000002
19040.0	1.015772
19045.0	1.014991
19050.0	1.01421
19055.0	1.0134299999999998
19060.0	1.012649
19065.0	1.0118690000000001
19070.0	1.011089
19075.0	1.01031
19080.0	1.0095299999999998
19085.0	1.008751
19090.0	1.0079719999999999
19095.0	1.0071940000000001
19100.0	1.006415
19105.0	1.0056370000000001
19110.0	1.004859
19115.0	1.004082
19120.0	1.003305
19125.0	1.002528
19130.0	1.001751
19135.0	1.000974
19140.0	1.000198
19145.0	0.9994219999999999
19150.0	0.9986459999999999
19155.0	0.997871
19160.0	0.9970959999999999
19165.0	0.9963209999999999
19170.0	0.9955459999999999
19175.0	0.994772
19180.0	0.9939969999999999
19185.0	0.993223
19190.0	0.99245
19195.0	0.991677
19200.0	0.9909030000000001
19205.0	0.990131
19210.0	0.989358
19215.0	0.9885860000000001
19220.0	0.987814
19225.0	0.987042
19230.0	0.9862700000000001
19235.0	0.985499
19240.0	0.984728
19245.0	0.983957
19250.0	0.983187
19255.0	0.982417
19260.0	0.9816469999999999
19265.0	0.980877
19270.0	0.980108
19275.0	0.979339
19280.0	0.97857
19285.0	0.977801
19290.0	0.977033
19295.0	0.9762649999999999
19300.0	0.975497
19305.0	0.9747299999999999
19310.0	0.9739629999999999
19315.0	0.973196
19320.0	0.9724290000000001
19325.0	0.9716629999999999
19330.0	0.9708959999999999
19335.0	0.970131
19340.0	0.9693649999999999
19345.0	0.9686
19350.0	0.967835
19355.0	0.9670700000000001
19360.0	0.966306
19365.0	0.965541
19370.0	0.964778
19375.0	0.9640139999999999
19380.0	0.963251
19385.0	0.9624870000000001
19390.0	0.961725
19395.0	0.9609620000000001
19400.0	0.9602
19405.0	0.9594379999999999
19410.0	0.958676
19415.0	0.957915
19420.0	0.9571540000000001
19425.0	0.956393
19430.0	0.9556319999999999
19435.0	0.9548719999999999
19440.0	0.9541120000000001
19445.0	0.9533520000000001
19450.0	0.952593
19455.0	0.9518340000000001
19460.0	0.951075
19465.0	0.9503159999999999
19470.0	0.949558
19475.0	0.9488
19480.0	0.948042
19485.0	0.947285
19490.0	0.946528
19495.0	0.9457709999999999
19500.0	0.9450139999999999
19505.0	0.944258
19510.0	0.9435020000000001
19515.0	0.9427459999999999
19520.0	0.94199
19525.0	0.941235
19530.0	0.94048
19535.0	0.9397260000000001
19540.0	0.9389719999999999
19545.0	0.938218
19550.0	0.937464
19555.0	0.93671
19560.0	0.9359569999999999
19565.0	0.935205
19570.0	0.9344520000000001
19575.0	0.9337
19580.0	0.932948
19585.0	0.9321959999999999
19590.0	0.9314450000000001
19595.0	0.930693
19600.0	0.9299430000000001
19605.0	0.929192
19610.0	0.928442
19615.0	0.927692
19620.0	0.926942
19625.0	0.926193
19630.0	0.925444
19635.0	0.924695
19640.0	0.923947
19645.0	0.923199
19650.0	0.922451
19655.0	0.921703
19660.0	0.920956
19665.0	0.920209
19670.0	0.9194620000000001
19675.0	0.918716
19680.0	0.9179700000000001
19685.0	0.9172239999999999
19690.0	0.916479
19695.0	0.915734
19700.0	0.9149889999999999
19705.0	0.9142440000000001
19710.0	0.9135
19715.0	0.9127559999999999
19720.0	0.912012
19725.0	0.911269
19730.0	0.9105260000000001
19735.0	0.909783
19740.0	0.909041
19745.0	0.9082979999999999
19750.0	0.907557
19755.0	0.9068149999999999
19760.0	0.9060739999999999
19765.0	0.9053329999999999
19770.0	0.9045920000000001
19775.0	0.903852
19780.0	0.903112
19785.0	0.902372
19790.0	0.901633
19795.0	0.9008940000000001
19800.0	0.9001549999999999
19805.0	0.899416
19810.0	0.8986780000000001
19815.0	0.89794
19820.0	0.8972030000000001
19825.0	0.896465
19830.0	0.8957290000000001
19835.0	0.894992
19840.0	0.8942559999999999
19845.0	0.8935200000000001
19850.0	0.892784
19855.0	0.892049
19860.0	0.8913129999999999
19865.0	0.8905790000000001
19870.0	0.8898440000000001
19875.0	0.8891100000000001
19880.0	0.888376
19885.0	0.8876430000000001
19890.0	0.8869100000000001
19895.0	0.886177
19900.0	0.885444
19905.0	0.884712
19910.0	0.8839799999999999
19915.0	0.8832479999999999
19920.0	0.882517
19925.0	0.8817860000000001
19930.0	0.8810549999999999
19935.0	0.880325
19940.0	0.8795950000000001
19945.0	0.878865
19950.0	0.878136
19955.0	0.8774069999999999
19960.0	0.8766780000000001
19965.0	0.87595
19970.0	0.8752209999999999
19975.0	0.8744940000000001
19980.0	0.8737659999999999
19985.0	0.8730389999999999
19990.0	0.8723120000000001
19995.0	0.8715860000000001
20000.0	0.870859
20005.0	0.870134
20010.0	0.869408
20015.0	0.868683
20020.0	0.867958
20025.0	0.867233
20030.0	0.866509
20035.0	0.865785
20040.0	0.8650610000000001
20045.0	0.8643379999999999
20050.0	0.8636149999999999
20055.0	0.862892
20060.0	0.8621700000000001
20065.0	0.861448
20070.0	0.860727
20075.0	0.8600049999999999
20080.0	0.859284
20085.0	0.858563
20090.0	0.857843
20095.0	0.857123
20100.0	0.856403
20105.0	0.855684
20110.0	0.854965
20115.0	0.854246
20120.0	0.8535280000000001
20125.0	0.8528100000000001
20130.0	0.852092
20135.0	0.851375
20140.0	0.850658
20145.0	0.849941
20150.0	0.849225
20155.0	0.8485090000000001
20160.0	0.847793
20165.0	0.8470770000000001
20170.0	0.8463620000000001
20175.0	0.845648
20180.0	0.844933
20185.0	0.844219
20190.0	0.843506
20195.0	0.842792
20200.0	0.8420790000000001
20205.0	0.841366
20210.0	0.8406540000000001
20215.0	0.839942
20220.0	0.8392299999999999
20225.0	0.838519
20230.0	0.837808
20235.0	0.837097
20240.0	0.8363870000000001
20245.0	0.835677
20250.0	0.834967
20255.0	0.8342579999999999
20260.0	0.833549
20265.0	0.8328399999999999
20270.0	0.832132
20275.0	0.8314239999999999
20280.0	0.830717
20285.0	0.830009
20290.0	0.8293020000000001
20295.0	0.8285959999999999
20300.0	0.827889
20305.0	0.827184
20310.0	0.826478
20315.0	0.825773
20320.0	0.825068
20325.0	0.824363
20330.0	0.823659
20335.0	0.8229549999999999
20340.0	0.8222520000000001
20345.0	0.821549
20350.0	0.820846
20355.0	0.8201440000000001
20360.0	0.819441
20365.0	0.8187399999999999
20370.0	0.818038
20375.0	0.817337
20380.0	0.816637
20385.0	0.815936
20390.0	0.815236
20395.0	0.814537
20400.0	0.813837
20405.0	0.813138
20410.0	0.8124399999999999
20415.0	0.8117409999999999
20420.0	0.811044
20425.0	0.810346
20430.0	0.809649
20435.0	0.808952
20440.0	0.8082550000000001
20445.0	0.807559
20450.0	0.806863
20455.0	0.806168
20460.0	0.805473
20465.0	0.804778
20470.0	0.804084
20475.0	0.8033899999999999
20480.0	0.802696
20485.0	0.802003
20490.0	0.8013100000000001
20495.0	0.800617
20500.0	0.799925
20505.0	0.799233
20510.0	0.798542
20515.0	0.797851
20520.0	0.7971600000000001
20525.0	0.796469
20530.0	0.795779
20535.0	0.79509
20540.0	0.7944
20545.0	0.7937109999999999
20550.0	0.7930229999999999
20555.0	0.792334
20560.0	0.791647
20565.0	0.790959
20570.0	0.790272
20575.0	0.789585
20580.0	0.788899
20585.0	0.788212
20590.0	0.7875270000000001
20595.0	0.786841
20600.0	0.7861560000000001
20605.0	0.7854720000000001
20610.0	0.784788
20615.0	0.784104
20620.0	0.78342
20625.0	0.782737
20630.0	0.782054
20635.0	0.7813720000000001
20640.0	0.78069
20645.0	0.780008
20650.0	0.779327
20655.0	0.778646
20660.0	0.777965
20665.0	0.777285
20670.0	0.776605
20675.0	0.775925
20680.0	0.775246
20685.0	0.774568
20690.0	0.773889
20695.0	0.773211
20700.0	0.772534
20705.0	0.771856
20710.0	0.771179
20715.0	0.7705029999999999
20720.0	0.769827
20725.0	0.769151
20730.0	0.768476
20735.0	0.7678010000000001
20740.0	0.767126
20745.0	0.766452
20750.0	0.765778
20755.0	0.765104
20760.0	0.7644310000000001
20765.0	0.763759
20770.0	0.7630859999999999
20775.0	0.762414
20780.0	0.761742
20785.0	0.761071
20790.0	0.7604
20795.0	0.75973
20800.0	0.7590600000000001
20805.0	0.75839
20810.0	0.757721
20815.0	0.7570520000000001
20820.0	0.756383
20825.0	0.7557149999999999
20830.0	0.755047
20835.0	0.75438
20840.0	0.753713
20845.0	0.753046
20850.0	0.75238
20855.0	0.751714
20860.0	0.7510479999999999
20865.0	0.750383
20870.0	0.749718
20875.0	0.749054
20880.0	0.74839
20885.0	0.747726
20890.0	0.747063
20895.0	0.7464
20900.0	0.745738
20905.0	0.7450760000000001
20910.0	0.744414
20915.0	0.743753
20920.0	0.743092
20925.0	0.7424310000000001
20930.0	0.741771
20935.0	0.741111
20940.0	0.740452
20945.0	0.739793
20950.0	0.7391340000000001
20955.0	0.738476
20960.0	0.737818
20965.0	0.737161
20970.0	0.736504
20975.0	0.735847
20980.0	0.735191
20985.0	0.734535
20990.0	0.73388
20995.0	0.733225
21000.0	0.7325699999999999
21005.0	0.731916
21010.0	0.731262
21015.0	0.7306090000000001
21020.0	0.729956
21025.0	0.7293029999999999
21030.0	0.728651
21035.0	0.727999
21040.0	0.7273470000000001
21045.0	0.726696
21050.0	0.7260449999999999
21055.0	0.725395
21060.0	0.724745
21065.0	0.724096
21070.0	0.7234470000000001
21075.0	0.7227979999999999
21080.0	0.72215
21085.0	0.7215020000000001
21090.0	0.720854
21095.0	0.7202069999999999
21100.0	0.7195600000000001
21105.0	0.718914
21110.0	0.718268
21115.0	0.717623
21120.0	0.7169770000000001
21125.0	0.716333
21130.0	0.715689
21135.0	0.7150449999999999
21140.0	0.7144010000000001
21145.0	0.713758
21150.0	0.7131149999999999
21155.0	0.7124729999999999
21160.0	0.711831
21165.0	0.71119
21170.0	0.710549
21175.0	0.709908
21180.0	0.709268
21185.0	0.7086279999999999
21190.0	0.7079880000000001
21195.0	0.707349
21200.0	0.706711
21205.0	0.706073
21210.0	0.705435
21215.0	0.704797
21220.0	0.70416
21225.0	0.7035239999999999
21230.0	0.702888
21235.0	0.7022520000000001
21240.0	0.701617
21245.0	0.700982
21250.0	0.700347
21255.0	0.699713
21260.0	0.699079
21265.0	0.698446
21270.0	0.697813
21275.0	0.697181
21280.0	0.696549
21285.0	0.695917
21290.0	0.695286
21295.0	0.694655
21300.0	0.694025
21305.0	0.693395
21310.0	0.692765
21315.0	0.692136
21320.0	0.691507
21325.0	0.690879
21330.0	0.6902510000000001
21335.0	0.689623
21340.0	0.688996
21345.0	0.6883699999999999
21350.0	0.687743
21355.0	0.687118
21360.0	0.686492
21365.0	0.685867
21370.0	0.685243
21375.0	0.684619
21380.0	0.683995
21385.0	0.683372
21390.0	0.6827489999999999
21395.0	0.682126
21400.0	0.681504
21405.0	0.680883
21410.0	0.680262
21415.0	0.6796409999999999
21420.0	0.679021
21425.0	0.678401
21430.0	0.6777810000000001
21435.0	0.677162
21440.0	0.676543
21445.0	0.675925
21450.0	0.675308
21455.0	0.67469
21460.0	0.6740729999999999
21465.0	0.673457
21470.0	0.672841
21475.0	0.672225
21480.0	0.67161
21485.0	0.670995
21490.0	0.670381
21495.0	0.669767
21500.0	0.669153
21505.0	0.6685399999999999
21510.0	0.667928
21515.0	0.667315
21520.0	0.666704
21525.0	0.666092
21530.0	0.665481
21535.0	0.664871
21540.0	0.664261
21545.0	0.663651
21550.0	0.663042
21555.0	0.6624329999999999
21560.0	0.661825
21565.0	0.661217
21570.0	0.66061
21575.0	0.6600020000000001
21580.0	0.659396
21585.0	0.65879
21590.0	0.658184
21595.0	0.657579
21600.0	0.656974
21605.0	0.65637
21610.0	0.655766
21615.0	0.655162
21620.0	0.654559
21625.0	0.6539560000000001
21630.0	0.653354
21635.0	0.652752
21640.0	0.652151
21645.0	0.65155
21650.0	0.65095
21655.0	0.65035
21660.0	0.64975
21665.0	0.649151
21670.0	0.648552
21675.0	0.647954
21680.0	0.647356
21685.0	0.646759
21690.0	0.646162
21695.0	0.645566
21700.0	0.644969
21705.0	0.644374
21710.0	0.643779
21715.0	0.643184
21720.0	0.64259
21725.0	0.641996
21730.0	0.641403
21735.0	0.64081
21740.0	0.640217
21745.0	0.639625
21750.0	0.639034
21755.0	0.638443
21760.0	0.6378520000000001
21765.0	0.637262
21770.0	0.636672
21775.0	0.6360819999999999
21780.0	0.635494
21785.0	0.634905
21790.0	0.634317
21795.0	0.63373
21800.0	0.633143
21805.0	0.632556
21810.0	0.63197
21815.0	0.6313840000000001
21820.0	0.630799
21825.0	0.630214
21830.0	0.629629
21835.0	0.629046
21840.0	0.628462
21845.0	0.627879
21850.0	0.627297
21855.0	0.626714
21860.0	0.6261329999999999
21865.0	0.625552
21870.0	0.624971
21875.0	0.624391
21880.0	0.623811
21885.0	0.6232310000000001
21890.0	0.622653
21895.0	0.622074
21900.0	0.621496
21905.0	0.620919
21910.0	0.620341
21915.0	0.619765
21920.0	0.619189
21925.0	0.618613
21930.0	0.618038
21935.0	0.617463
21940.0	0.616889
21945.0	0.616315
21950.0	0.615741
21955.0	0.615168
21960.0	0.614596
21965.0	0.614024
21970.0	0.613452
21975.0	0.612881
21980.0	0.61231
21985.0	0.61174
21990.0	0.61117
21995.0	0.6106010000000001
22000.0	0.610032
22005.0	0.609463
22010.0	0.608895
22015.0	0.608328
22020.0	0.607761
22025.0	0.607194
22030.0	0.606628
22035.0	0.606062
22040.0	0.6054970000000001
22045.0	0.604932
22050.0	0.604368
22055.0	0.603804
22060.0	0.60324
22065.0	0.602677
22070.0	0.602115
22075.0	0.6015520000000001
22080.0	0.6009909999999999
22085.0	0.60043
22090.0	0.599869
22095.0	0.599308
22100.0	0.598749
22105.0	0.5981890000000001
22110.0	0.59763
22115.0	0.597072
22120.0	0.596513
22125.0	0.595956
22130.0	0.595399
22135.0	0.594842
22140.0	0.594286
22145.0	0.59373
22150.0	0.593174
22155.0	0.592619
22160.0	0.592065
22165.0	0.591511
22170.0	0.590957
22175.0	0.590404
22180.0	0.589851
22185.0	0.589299
22190.0	0.588747
22195.0	0.588196
22200.0	0.587645
22205.0	0.587094
22210.0	0.586544
22215.0	0.5859949999999999
22220.0	0.585446
22225.0	0.584897
22230.0	0.584348
22235.0	0.583801
22240.0	0.583253
22245.0	0.5827060000000001
22250.0	0.58216
22255.0	0.5816140000000001
22260.0	0.581068
22265.0	0.580523
22270.0	0.579978
22275.0	0.579434
22280.0	0.57889
22285.0	0.578347
22290.0	0.577804
22295.0	0.5772609999999999
22300.0	0.576719
22305.0	0.576178
22310.0	0.575637
22315.0	0.575096
22320.0	0.574555
22325.0	0.574016
22330.0	0.573476
22335.0	0.572937
22340.0	0.572399
22345.0	0.571861
22350.0	0.5713229999999999
22355.0	0.570786
22360.0	0.570249
22365.0	0.569713
22370.0	0.569177
22375.0	0.568641
22380.0	0.568106
22385.0	0.5675720000000001
22390.0	0.567037
22395.0	0.566504
22400.0	0.56597
22405.0	0.565438
22410.0	0.564905
22415.0	0.5643729999999999
22420.0	0.563842
22425.0	0.563311
22430.0	0.5627800000000001
22435.0	0.56225
22440.0	0.56172
22445.0	0.561191
22450.0	0.560662
22455.0	0.560133
22460.0	0.559605
22465.0	0.559078
22470.0	0.558551
22475.0	0.558024
22480.0	0.5574979999999999
22485.0	0.556972
22490.0	0.556446
22495.0	0.555921
22500.0	0.555397
22505.0	0.554873
22510.0	0.554349
22515.0	0.553826
22520.0	0.553303
22525.0	0.5527810000000001
22530.0	0.552259
22535.0	0.551737
22540.0	0.551216
22545.0	0.550696
22550.0	0.550175
22555.0	0.549656
22560.0	0.549136
22565.0	0.548617
22570.0	0.548099
22575.0	0.5475810000000001
22580.0	0.547063
22585.0	0.546546
22590.0	0.546029
22595.0	0.545513
22600.0	0.5449970000000001
22605.0	0.544482
22610.0	0.543967
22615.0	0.543452
22620.0	0.542938
22625.0	0.542424
22630.0	0.5419109999999999
22635.0	0.5413979999999999
22640.0	0.540886
22645.0	0.540374
22650.0	0.539862
22655.0	0.539351
22660.0	0.53884
22665.0	0.53833
22670.0	0.53782
22675.0	0.5373100000000001
22680.0	0.536802
22685.0	0.536293
22690.0	0.5357850000000001
22695.0	0.535277
22700.0	0.53477
22705.0	0.534263
22710.0	0.533756
22715.0	0.533251
22720.0	0.532745
22725.0	0.5322399999999999
22730.0	0.5317350000000001
22735.0	0.531231
22740.0	0.5307270000000001
22745.0	0.530223
22750.0	0.52972
22755.0	0.5292180000000001
22760.0	0.5287149999999999
22765.0	0.5282140000000001
22770.0	0.527712
22775.0	0.527211
22780.0	0.5267109999999999
22785.0	0.526211
22790.0	0.5257109999999999
22795.0	0.525212
22800.0	0.524713
22805.0	0.524215
22810.0	0.523717
22815.0	0.523219
22820.0	0.522722
22825.0	0.522226
22830.0	0.521729
22835.0	0.521234
22840.0	0.520738
22845.0	0.520243
22850.0	0.519749
22855.0	0.519255
22860.0	0.5187609999999999
22865.0	0.5182680000000001
22870.0	0.517775
22875.0	0.517282
22880.0	0.51679
22885.0	0.516299
22890.0	0.515807
22895.0	0.515317
22900.0	0.514826
22905.0	0.514336
22910.0	0.513847
22915.0	0.513358
22920.0	0.5128689999999999
22925.0	0.5123810000000001
22930.0	0.511893
22935.0	0.511406
22940.0	0.510919
22945.0	0.510432
22950.0	0.509946
22955.0	0.50946
22960.0	0.508975
22965.0	0.50849
22970.0	0.508005
22975.0	0.507521
22980.0	0.507038
22985.0	0.506554
22990.0	0.5060720000000001
22995.0	0.5055890000000001
23000.0	0.505107
23005.0	0.504626
23010.0	0.504145
23015.0	0.503664
23020.0	0.503184
23025.0	0.502704
23030.0	0.502224
23035.0	0.501745
23040.0	0.501266
23045.0	0.500788
23050.0	0.50031
23055.0	0.49983299999999997
23060.0	0.499356
23065.0	0.498879
23070.0	0.498403
23075.0	0.497928
23080.0	0.49745200000000006
23085.0	0.49697700000000006
23090.0	0.49650299999999997
23095.0	0.496029
23100.0	0.495555
23105.0	0.49508199999999997
23110.0	0.494609
23115.0	0.49413599999999996
23120.0	0.49366400000000005
23125.0	0.49319300000000005
23130.0	0.492721
23135.0	0.492251
23140.0	0.49178
23145.0	0.49131
23150.0	0.49084099999999997
23155.0	0.49037200000000003
23160.0	0.489903
23165.0	0.489435
23170.0	0.488967
23175.0	0.48849899999999996
23180.0	0.48803199999999997
23185.0	0.48756499999999997
23190.0	0.487099
23195.0	0.486633
23200.0	0.48616800000000004
23205.0	0.485703
23210.0	0.485238
23215.0	0.484774
23220.0	0.48431
23225.0	0.483847
23230.0	0.483383
23235.0	0.482921
23240.0	0.482459
23245.0	0.481997
23250.0	0.48153599999999996
23255.0	0.481075
23260.0	0.48061400000000004
23265.0	0.48015399999999997
23270.0	0.47969399999999995
23275.0	0.479235
23280.0	0.47877600000000003
23285.0	0.478317
23290.0	0.47785900000000003
23295.0	0.477401
23300.0	0.476944
23305.0	0.476487
23310.0	0.47603100000000004
23315.0	0.475575
23320.0	0.47511899999999996
23325.0	0.47466400000000003
23330.0	0.474209
23335.0	0.473754
23340.0	0.4733
23345.0	0.472847
23350.0	0.472393
23355.0	0.47193999999999997
23360.0	0.471488
23365.0	0.47103599999999995
23370.0	0.470584
23375.0	0.47013299999999997
23380.0	0.469682
23385.0	0.469232
23390.0	0.468782
23395.0	0.46833199999999997
23400.0	0.467883
23405.0	0.467434
23410.0	0.46698599999999996
23415.0	0.466538
23420.0	0.46608999999999995
23425.0	0.46564300000000003
23430.0	0.465196
23435.0	0.46474899999999997
23440.0	0.46430299999999997
23445.0	0.463858
23450.0	0.463413
23455.0	0.46296800000000005
23460.0	0.46252299999999996
23465.0	0.462079
23470.0	0.461636
23475.0	0.461192
23480.0	0.46075
23485.0	0.46030699999999997
23490.0	0.45986499999999997
23495.0	0.459424
23500.0	0.45898199999999995
23505.0	0.458542
23510.0	0.45810100000000004
23515.0	0.457661
23520.0	0.457221
23525.0	0.45678199999999997
23530.0	0.45634300000000005
23535.0	0.455905
23540.0	0.455467
23545.0	0.455029
23550.0	0.454592
23555.0	0.45415500000000003
23560.0	0.453719
23565.0	0.45328199999999996
23570.0	0.452847
23575.0	0.452412
23580.0	0.451977
23585.0	0.451542
23590.0	0.451108
23595.0	0.45067399999999996
23600.0	0.450241
23605.0	0.449808
23610.0	0.449376
23615.0	0.44894399999999995
23620.0	0.44851199999999997
23625.0	0.44808100000000006
23630.0	0.44765
23635.0	0.447219
23640.0	0.44678900000000005
23645.0	0.446359
23650.0	0.44593
23655.0	0.44550100000000004
23660.0	0.445072
23665.0	0.444644
23670.0	0.444216
23675.0	0.44378900000000004
23680.0	0.443362
23685.0	0.442935
23690.0	0.44250900000000004
23695.0	0.442083
23700.0	0.441658
23705.0	0.441233
23710.0	0.440808
23715.0	0.440384
23720.0	0.43996
23725.0	0.439537
23730.0	0.43911300000000003
23735.0	0.438691
23740.0	0.43826800000000005
23745.0	0.43784700000000004
23750.0	0.437425
23755.0	0.437004
23760.0	0.436583
23765.0	0.436163
23770.0	0.43574300000000005
23775.0	0.43532299999999996
23780.0	0.434904
23785.0	0.434485
23790.0	0.434067
23795.0	0.43364899999999995
23800.0	0.43323100000000003
23805.0	0.43281400000000003
23810.0	0.43239700000000003
23815.0	0.43198000000000003
23820.0	0.43156400000000006
23825.0	0.431149
23830.0	0.430733
23835.0	0.43031800000000003
23840.0	0.429904
23845.0	0.42949
23850.0	0.429076
23855.0	0.428663
23860.0	0.42825
23865.0	0.42783699999999997
23870.0	0.427425
23875.0	0.42701300000000003
23880.0	0.426601
23885.0	0.42618999999999996
23890.0	0.42578
23895.0	0.42536899999999994
23900.0	0.42495900000000003
23905.0	0.42455
23910.0	0.424141
23915.0	0.423732
23920.0	0.42332299999999995
23925.0	0.422915
23930.0	0.422508
23935.0	0.4221
23940.0	0.42169399999999996
23945.0	0.42128699999999997
23950.0	0.42088100000000006
23955.0	0.420475
23960.0	0.42007
23965.0	0.41966499999999995
23970.0	0.419261
23975.0	0.41885600000000006
23980.0	0.41845200000000005
23985.0	0.418049
23990.0	0.417646
23995.0	0.41724300000000003
24000.0	0.41684099999999996
24005.0	0.41643900000000006
24010.0	0.416038
24015.0	0.41563599999999995
24020.0	0.415236
24025.0	0.414835
24030.0	0.41443500000000005
24035.0	0.41403599999999996
24040.0	0.41363599999999995
24045.0	0.413238
24050.0	0.412839
24055.0	0.412441
24060.0	0.41204300000000005
24065.0	0.411646
24070.0	0.411249
24075.0	0.41085200000000005
24080.0	0.41045600000000004
24085.0	0.41006000000000004
24090.0	0.40966499999999995
24095.0	0.40926999999999997
24100.0	0.408875
24105.0	0.408481
24110.0	0.408087
24115.0	0.40769299999999997
24120.0	0.4073
24125.0	0.406907
24130.0	0.406515
24135.0	0.406123
24140.0	0.405731
24145.0	0.405339
24150.0	0.404949
24155.0	0.404558
24160.0	0.40416799999999997
24165.0	0.403778
24170.0	0.403388
24175.0	0.402999
24180.0	0.402611
24185.0	0.40222199999999997
24190.0	0.401834
24195.0	0.401447
24200.0	0.40105999999999997
24205.0	0.400673
24210.0	0.40028600000000003
24215.0	0.3999
24220.0	0.399514
24225.0	0.399129
24230.0	0.398744
24235.0	0.398359
24240.0	0.397975
24245.0	0.39759099999999997
24250.0	0.397208
24255.0	0.396825
24260.0	0.396442
24265.0	0.39605999999999997
24270.0	0.39567800000000003
24275.0	0.395296
24280.0	0.394915
24285.0	0.394534
24290.0	0.39415300000000003
24295.0	0.393773
24300.0	0.393393
24305.0	0.393014
24310.0	0.392635
24315.0	0.392256
24320.0	0.391878
24325.0	0.3915
24330.0	0.39112199999999997
24335.0	0.390745
24340.0	0.390368
24345.0	0.389992
24350.0	0.38961599999999996
24355.0	0.38924000000000003
24360.0	0.388865
24365.0	0.38849
24370.0	0.388115
24375.0	0.387741
24380.0	0.387367
24385.0	0.386993
24390.0	0.38661999999999996
24395.0	0.386247
24400.0	0.385875
24405.0	0.38550300000000004
24410.0	0.385131
24415.0	0.38476
24420.0	0.384389
24425.0	0.38401799999999997
24430.0	0.383648
24435.0	0.383278
24440.0	0.382909
24445.0	0.38253899999999996
24450.0	0.382171
24455.0	0.381802
24460.0	0.381434
24465.0	0.381067
24470.0	0.38069899999999995
24475.0	0.380332
24480.0	0.37996599999999997
24485.0	0.37959899999999996
24490.0	0.379234
24495.0	0.378868
24500.0	0.37850300000000003
24505.0	0.37813800000000003
24510.0	0.377774
24515.0	0.37740999999999997
24520.0	0.377046
24525.0	0.376682
24530.0	0.37632
24535.0	0.37595700000000004
24540.0	0.37559499999999996
24545.0	0.375233
24550.0	0.374871
24555.0	0.37451
24560.0	0.37414899999999995
24565.0	0.373789
24570.0	0.373429
24575.0	0.373069
24580.0	0.37271
24585.0	0.37235100000000004
24590.0	0.371992
24595.0	0.371634
24600.0	0.371276
24605.0	0.37091799999999997
24610.0	0.37056100000000003
24615.0	0.370204
24620.0	0.369847
24625.0	0.36949099999999996
24630.0	0.369136
24635.0	0.36878
24640.0	0.368425
24645.0	0.36807
24650.0	0.367716
24655.0	0.36736199999999997
24660.0	0.367008
24665.0	0.366655
24670.0	0.366302
24675.0	0.36595
24680.0	0.365597
24685.0	0.365245
24690.0	0.364894
24695.0	0.364543
24700.0	0.364192
24705.0	0.36384099999999997
24710.0	0.363491
24715.0	0.363142
24720.0	0.362792
24725.0	0.36244299999999996
24730.0	0.362095
24735.0	0.361746
24740.0	0.361398
24745.0	0.361051
24750.0	0.360703
24755.0	0.36035700000000004
24760.0	0.36001
24765.0	0.359664
24770.0	0.35931799999999997
24775.0	0.35897199999999996
24780.0	0.358627
24785.0	0.358282
24790.0	0.35793800000000003
24795.0	0.357594
24800.0	0.35725
24805.0	0.35690700000000003
24810.0	0.356564
24815.0	0.356221
24820.0	0.355879
24825.0	0.355537
24830.0	0.355195
24835.0	0.354854
24840.0	0.354513
24845.0	0.354172
24850.0	0.35383200000000004
24855.0	0.35349200000000003
24860.0	0.353153
24865.0	0.35281399999999996
24870.0	0.352475
24875.0	0.352136
24880.0	0.351798
24885.0	0.35146
24890.0	0.351123
24895.0	0.350786
24900.0	0.35044899999999995
24905.0	0.350113
24910.0	0.349777
24915.0	0.349441
24920.0	0.349105
24925.0	0.34876999999999997
24930.0	0.348436
24935.0	0.348102
24940.0	0.34776799999999997
24945.0	0.347434
24950.0	0.34710100000000005
24955.0	0.34676799999999997
24960.0	0.346435
24965.0	0.346103
24970.0	0.345771
24975.0	0.345439
24980.0	0.34510799999999997
24985.0	0.344777
24990.0	0.344447
24995.0	0.344117
25000.0	0.0
