#wave	flux
1150.0	12.354247
1155.0	9.928268
1160.0	8.410753
1165.0	7.509275
1170.0	6.67068
1175.0	6.781011
1180.0	7.357984
1185.0	6.852360000000001
1190.0	4.872262
1195.0	3.911742
1200.0	3.635705
1205.0	3.118013
1210.0	3.574178
1215.0	4.025427
1220.0	2.5687740000000003
1225.0	1.621761
1230.0	1.946986
1235.0	3.440087
1240.0	7.304927
1245.0	10.425267
1250.0	9.33257
1255.0	8.277149
1260.0	8.269589999999999
1265.0	8.999817
1270.0	9.816989
1275.0	10.038819
1280.0	10.157413
1285.0	10.720798
1290.0	11.27099
1295.0	11.288293
1300.0	10.213554
1305.0	9.725484
1310.0	10.801042
1315.0	11.241415
1320.0	11.143844999999999
1325.0	11.355783
1330.0	10.812619999999999
1335.0	9.796714999999999
1340.0	10.036439
1345.0	11.388572
1350.0	11.942839999999999
1355.0	11.697521
1360.0	10.939327
1365.0	10.472205
1370.0	10.386892999999999
1375.0	10.265371
1380.0	10.594095
1385.0	9.101425
1390.0	9.106222
1395.0	10.218836
1400.0	12.030488
1405.0	12.692549
1410.0	12.465882
1415.0	12.188085000000001
1420.0	11.972627000000001
1425.0	12.549244
1430.0	12.381
1435.0	13.183895000000001
1440.0	12.588732
1445.0	12.072426
1450.0	11.745475
1455.0	11.344063
1460.0	11.55809
1465.0	12.287302
1470.0	13.342228
1475.0	13.789039
1480.0	14.373831
1485.0	14.915151999999999
1490.0	15.405516
1495.0	14.876935999999999
1500.0	13.815476
1505.0	14.26436
1510.0	14.894167000000001
1515.0	14.642173999999999
1520.0	14.612108
1525.0	13.738270000000002
1530.0	10.425825
1535.0	5.192809
1540.0	4.034249
1545.0	8.733002
1550.0	16.761051000000002
1555.0	20.603991
1560.0	17.648708
1565.0	14.894928
1570.0	14.415968
1575.0	14.725375
1580.0	14.549064000000001
1585.0	14.076339
1590.0	13.778351999999998
1595.0	13.536095999999999
1600.0	13.048507
1605.0	12.583019
1610.0	12.014565
1615.0	12.153325
1620.0	12.099739
1625.0	12.197218
1630.0	12.31281
1635.0	12.549278
1640.0	12.834955
1645.0	13.522785
1650.0	13.270918
1655.0	12.011052000000001
1660.0	11.829187
1665.0	12.650260000000001
1670.0	12.388281
1675.0	12.455683
1680.0	13.185306
1685.0	13.291745
1690.0	13.062643
1695.0	12.934876
1700.0	12.634619
1705.0	12.162938
1710.0	10.960016
1715.0	10.233763
1720.0	11.535001
1725.0	12.728098
1730.0	12.800633
1735.0	12.909595
1740.0	12.77024
1745.0	12.601005
1750.0	12.427033999999999
1755.0	12.51368
1760.0	12.520302000000001
1765.0	12.271631
1770.0	12.151933999999999
1775.0	12.350992
1780.0	12.207653
1785.0	11.225578
1790.0	9.867486999999999
1795.0	10.754947
1800.0	11.228872
1805.0	10.871095
1810.0	10.663568
1815.0	10.98725
1820.0	11.055533
1825.0	10.850305
1830.0	10.662852
1835.0	10.525848
1840.0	10.271605000000001
1845.0	10.132284
1850.0	9.780405
1855.0	9.36336
1860.0	9.375544
1865.0	9.483219
1870.0	9.344897
1875.0	9.076858999999999
1880.0	9.020525
1885.0	8.78304
1890.0	8.64758
1895.0	8.541557000000001
1900.0	8.310986999999999
1905.0	8.013688
1910.0	7.91383
1915.0	7.6509149999999995
1920.0	7.274323
1925.0	7.102759
1930.0	7.1571869999999995
1935.0	7.082033
1940.0	6.9436860000000005
1945.0	6.773274000000001
1950.0	6.621999000000001
1955.0	6.383287
1960.0	6.088006
1965.0	5.908768
1970.0	5.727754
1975.0	5.799105
1980.0	5.645377
1985.0	5.5212449999999995
1990.0	5.106112
1995.0	4.82686
2000.0	5.111944
2005.0	4.885216000000001
2010.0	4.573777
2015.0	4.58479
2020.0	4.503578
2025.0	4.240175
2030.0	4.129937
2035.0	4.207735
2040.0	4.035404
2045.0	3.889281
2050.0	3.8555010000000003
2055.0	3.911336
2060.0	3.4371370000000003
2065.0	3.3047940000000002
2070.0	3.763025
2075.0	3.530975
2080.0	3.6544769999999995
2085.0	3.468575
2090.0	3.215738
2095.0	2.952195
2100.0	2.596302
2105.0	2.644565
2110.0	2.885005
2115.0	2.84498
2120.0	2.621891
2125.0	2.72895
2130.0	2.785945
2135.0	2.4074470000000003
2140.0	2.330971
2145.0	2.281234
2150.0	2.2071959999999997
2155.0	2.292736
2160.0	2.328056
2165.0	2.2328099999999997
2170.0	2.143929
2175.0	1.9430040000000002
2180.0	1.752884
2185.0	1.754634
2190.0	1.819848
2195.0	1.998276
2200.0	2.062936
2205.0	2.103238
2210.0	1.9845439999999999
2215.0	2.018105
2220.0	2.051461
2225.0	2.148038
2230.0	2.267962
2235.0	2.180169
2240.0	2.1787520000000002
2245.0	2.228225
2250.0	2.5013919999999996
2255.0	2.7371380000000003
2260.0	2.591789
2265.0	2.460554
2270.0	2.715842
2275.0	2.609978
2280.0	2.570449
2285.0	2.633254
2290.0	2.757573
2295.0	2.891746
2300.0	2.875659
2305.0	3.043302
2310.0	3.359229
2315.0	3.425841
2320.0	3.16598
2325.0	3.341468
2330.0	3.6750230000000004
2335.0	3.8574010000000003
2340.0	3.769199
2345.0	3.7791879999999995
2350.0	3.9072690000000003
2355.0	3.91796
2360.0	3.969418
2365.0	3.9188300000000003
2370.0	4.108988
2375.0	4.199293
2380.0	4.316381
2385.0	4.350537
2390.0	4.208629
2395.0	4.364014
2400.0	4.731733999999999
2405.0	4.630998
2410.0	4.582914
2415.0	4.617506
2420.0	4.691247
2425.0	4.889919
2430.0	5.154401999999999
2435.0	5.108383
2440.0	5.118075
2445.0	5.349842
2450.0	5.312993
2455.0	5.657761
2460.0	5.981045
2465.0	6.014513
2470.0	5.659464
2475.0	5.557835
2480.0	5.56489
2485.0	5.657494
2490.0	5.721494
2495.0	5.530494999999999
2500.0	5.810987
2505.0	5.8160870000000005
2510.0	5.75547
2515.0	5.725237
2520.0	5.730535
2525.0	5.885444000000001
2530.0	6.1903690000000005
2535.0	6.351297
2540.0	6.236351
2545.0	6.178383
2550.0	6.375881
2555.0	6.290639
2560.0	6.221519
2565.0	6.471826
2570.0	6.569402
2575.0	6.467954
2580.0	5.467283999999999
2585.0	4.983804
2590.0	5.5792720000000005
2595.0	6.049005
2600.0	6.081197
2605.0	6.241147
2610.0	6.327127
2615.0	6.680542
2620.0	6.848478999999999
2625.0	6.886405
2630.0	6.879529
2635.0	6.857961
2640.0	6.556355
2645.0	6.612978
2650.0	6.819241000000001
2655.0	6.868794
2660.0	6.779872999999999
2665.0	6.673353
2670.0	6.7404
2675.0	6.773973
2680.0	6.790723
2685.0	6.845486
2690.0	7.015737
2695.0	6.7809
2700.0	6.700571000000001
2705.0	6.811278
2710.0	6.840482000000001
2715.0	6.746272
2720.0	6.753408
2725.0	6.76957
2730.0	6.967436
2735.0	7.008128999999999
2740.0	6.983191000000001
2745.0	6.897233
2750.0	7.035150999999999
2755.0	6.9502559999999995
2760.0	7.161397
2765.0	7.359292999999999
2770.0	7.204125
2775.0	7.005527000000001
2780.0	7.017360000000001
2785.0	6.9229270000000005
2790.0	6.840603999999999
2795.0	6.521082
2800.0	6.245466
2805.0	6.520746
2810.0	7.093396
2815.0	7.254028
2820.0	7.2352050000000006
2825.0	7.030964999999999
2830.0	6.983291
2835.0	7.143864
2840.0	7.283491000000001
2845.0	7.132699000000001
2850.0	7.0498460000000005
2855.0	6.917205
2860.0	7.058835
2865.0	7.241822999999999
2870.0	7.220841
2875.0	7.2267410000000005
2880.0	7.167696
2885.0	7.236569
2890.0	7.366451
2895.0	7.398692
2900.0	7.330578999999999
2905.0	7.186863000000001
2910.0	7.270552
2915.0	7.346966
2920.0	7.412508
2925.0	7.3939710000000005
2930.0	7.342689999999999
2935.0	7.227251
2940.0	7.237062
2945.0	7.355906
2950.0	7.310308
2955.0	7.440499000000001
2960.0	7.511858
2965.0	7.360662
2970.0	7.375257
2975.0	7.403919999999999
2980.0	7.4982
2985.0	7.362725999999999
2990.0	7.356517
2995.0	7.233175999999999
3000.0	7.2164779999999995
3005.0	7.2017809999999995
3010.0	7.376844
3015.0	7.414644
3020.0	7.274108
3025.0	7.04741
3030.0	7.111680000000001
3035.0	7.20591
3040.0	7.335783
3045.0	7.237627000000001
3050.0	7.18095
3055.0	7.271171000000001
3060.0	7.012531
3065.0	6.9127339999999995
3070.0	7.079757000000001
3075.0	7.049777000000001
3080.0	7.3672699999999995
3085.0	7.669430999999999
3090.0	7.642879
3095.0	7.518178
3100.0	7.707456
3105.0	7.807666
3110.0	7.708428
3115.0	7.709791
3120.0	7.734833
3125.0	7.950597999999999
3130.0	7.960353
3135.0	7.871122
3140.0	7.914507
3145.0	8.231489999999999
3150.0	8.361894
3155.0	8.316783000000001
3160.0	8.103814999999999
3165.0	8.254359
3170.0	8.392982
3175.0	8.489452
3180.0	8.378233
3185.0	8.139612
3190.0	8.220535
3195.0	7.948538
3200.0	7.355319000000001
3205.0	7.697585000000001
3210.0	7.992072
3215.0	7.793367999999999
3220.0	7.500417999999999
3225.0	7.558261
3230.0	7.751969
3235.0	7.78025
3240.0	7.656339
3245.0	7.484559
3250.0	7.419063
3255.0	7.546488
3260.0	7.633584
3265.0	7.468321
3270.0	7.24344
3275.0	7.172769000000001
3280.0	7.149729
3285.0	7.038074000000001
3290.0	6.903294
3295.0	6.826442999999999
3300.0	6.749083000000001
3305.0	6.615716
3310.0	6.5221
3315.0	6.559974
3320.0	6.653771000000001
3325.0	6.698923
3330.0	6.642181
3335.0	6.482273
3340.0	6.374505999999999
3345.0	6.440778
3350.0	6.512753
3355.0	6.422764
3360.0	6.296062
3365.0	6.273357
3370.0	6.264282
3375.0	6.166691
3380.0	6.0623830000000005
3385.0	6.042455
3390.0	6.0512559999999995
3395.0	6.01739
3400.0	5.953247
3405.0	5.8911
3410.0	5.858983
3415.0	5.8729379999999995
3420.0	5.905296
3425.0	5.9221379999999995
3430.0	5.908273
3435.0	5.8638330000000005
3440.0	5.831523000000001
3445.0	5.845898
3450.0	5.866347
3455.0	5.84663
3460.0	5.793149
3465.0	5.720603
3470.0	5.6242209999999995
3475.0	5.5074440000000005
3480.0	5.426026
3485.0	5.429195
3490.0	5.4877709999999995
3495.0	5.550201
3500.0	5.553849
3505.0	5.465033999999999
3510.0	5.506341
3515.0	5.528964
3520.0	5.525383000000001
3525.0	5.492723000000001
3530.0	5.432461
3535.0	5.408492
3540.0	5.383089
3545.0	5.350412
3550.0	5.315348
3555.0	5.268064
3560.0	5.215472
3565.0	5.181294
3570.0	5.15164
3575.0	5.064332
3580.0	5.000496
3585.0	4.956786
3590.0	4.938492
3595.0	4.9317779999999996
3600.0	4.9146
3605.0	4.898636
3610.0	4.937316
3615.0	4.9105620000000005
3620.0	4.8733900000000006
3625.0	4.879949
3630.0	4.896858
3635.0	4.9083309999999996
3640.0	4.906817
3645.0	4.89773
3650.0	4.896791
3655.0	4.954408
3660.0	4.96326
3665.0	4.92126
3670.0	4.8590160000000004
3675.0	4.789067
3680.0	4.730928
3685.0	4.7309410000000005
3690.0	4.705989
3695.0	4.6768730000000005
3700.0	4.6396440000000005
3705.0	4.590496
3710.0	4.602149
3715.0	4.638532
3720.0	4.603949
3725.0	4.533883
3730.0	4.507094
3735.0	4.544147
3740.0	4.59978
3745.0	4.5364629999999995
3750.0	4.390773
3755.0	4.32239
3760.0	4.326548000000001
3765.0	4.309671
3770.0	4.257657
3775.0	4.445686
3780.0	4.638746
3785.0	4.617775
3790.0	4.486809
3795.0	4.310944999999999
3800.0	4.340013
3805.0	4.535757
3810.0	4.63543
3815.0	4.648519
3820.0	4.598944
3825.0	4.505975
3830.0	4.280913
3835.0	4.118976
3840.0	4.288995
3845.0	4.44787
3850.0	4.471776
3855.0	4.429366
3860.0	4.410645
3865.0	4.371662000000001
3870.0	4.344462
3875.0	4.299703
3880.0	4.121013
3885.0	3.834561
3890.0	3.808447
3895.0	4.071723
3900.0	4.249123
3905.0	4.270894
3910.0	4.220328
3915.0	4.143891
3920.0	4.077285
3925.0	4.03838
3930.0	3.9769300000000003
3935.0	3.9798730000000004
3940.0	4.065801
3945.0	4.082828
3950.0	4.060128
3955.0	3.982962
3960.0	3.787206
3965.0	3.475824
3970.0	3.350482
3975.0	3.6147940000000003
3980.0	3.806394
3985.0	3.8347059999999997
3990.0	3.793397
3995.0	3.7642830000000003
4000.0	3.7406599999999997
4005.0	3.715607
4010.0	3.68552
4015.0	3.6415029999999997
4020.0	3.5553220000000003
4025.0	3.470134
4030.0	3.4884470000000003
4035.0	3.526244
4040.0	3.5675800000000004
4045.0	3.588054
4050.0	3.5957470000000002
4055.0	3.5635199999999996
4060.0	3.546625
4065.0	3.523078
4070.0	3.4730870000000005
4075.0	3.4594440000000004
4080.0	3.439579
4085.0	3.382276
4090.0	3.294374
4095.0	3.091724
4100.0	2.89692
4105.0	3.031221
4110.0	3.244087
4115.0	3.309517
4120.0	3.318604
4125.0	3.3110589999999998
4130.0	3.3043400000000003
4135.0	3.282842
4140.0	3.258918
4145.0	3.244801
4150.0	3.231102
4155.0	3.229472
4160.0	3.213803
4165.0	3.192666
4170.0	3.175755
4175.0	3.1654560000000003
4180.0	3.15483
4185.0	3.12508
4190.0	3.061807
4195.0	2.976036
4200.0	2.925914
4205.0	2.978519
4210.0	3.013246
4215.0	3.008003
4220.0	3.002639
4225.0	2.9954080000000003
4230.0	2.984229
4235.0	2.954819
4240.0	2.932537
4245.0	2.930752
4250.0	2.928275
4255.0	2.9033580000000003
4260.0	2.871778
4265.0	2.847426
4270.0	2.840531
4275.0	2.832905
4280.0	2.820014
4285.0	2.807442
4290.0	2.7918119999999997
4295.0	2.789046
4300.0	2.784508
4305.0	2.7751759999999996
4310.0	2.778084
4315.0	2.768073
4320.0	2.745305
4325.0	2.7142630000000003
4330.0	2.6099650000000003
4335.0	2.417091
4340.0	2.304199
4345.0	2.4426069999999998
4350.0	2.589814
4355.0	2.6533729999999998
4360.0	2.662863
4365.0	2.652761
4370.0	2.638364
4375.0	2.623167
4380.0	2.597995
4385.0	2.577212
4390.0	2.5849889999999998
4395.0	2.58222
4400.0	2.561121
4405.0	2.538024
4410.0	2.510464
4415.0	2.463937
4420.0	2.417243
4425.0	2.3757599999999996
4430.0	2.340586
4435.0	2.3507849999999997
4440.0	2.384998
4445.0	2.410148
4450.0	2.4323509999999997
4455.0	2.438818
4460.0	2.4134900000000004
4465.0	2.376311
4470.0	2.324116
4475.0	2.333668
4480.0	2.348763
4485.0	2.3463700000000003
4490.0	2.340014
4495.0	2.334521
4500.0	2.328965
4505.0	2.3093630000000003
4510.0	2.2978099999999997
4515.0	2.285011
4520.0	2.280267
4525.0	2.261416
4530.0	2.233078
4535.0	2.172098
4540.0	2.108621
4545.0	2.151205
4550.0	2.194848
4555.0	2.207146
4560.0	2.209116
4565.0	2.196997
4570.0	2.1812150000000003
4575.0	2.169757
4580.0	2.171879
4585.0	2.1586119999999998
4590.0	2.134382
4595.0	2.123401
4600.0	2.116204
4605.0	2.108387
4610.0	2.113212
4615.0	2.113685
4620.0	2.102574
4625.0	2.084434
4630.0	2.0833150000000002
4635.0	2.082672
4640.0	2.088073
4645.0	2.073948
4650.0	2.0517119999999998
4655.0	2.0378950000000002
4660.0	2.044002
4665.0	2.0400110000000002
4670.0	2.018997
4675.0	1.9936470000000002
4680.0	1.916061
4685.0	1.859749
4690.0	1.915028
4695.0	1.9637580000000001
4700.0	1.958291
4705.0	1.949402
4710.0	1.917382
4715.0	1.899787
4720.0	1.889676
4725.0	1.8712389999999999
4730.0	1.874872
4735.0	1.8690849999999999
4740.0	1.8648650000000002
4745.0	1.8629669999999998
4750.0	1.8480310000000002
4755.0	1.824786
4760.0	1.803741
4765.0	1.8003189999999998
4770.0	1.8089240000000002
4775.0	1.798452
4780.0	1.784757
4785.0	1.784232
4790.0	1.7801360000000002
4795.0	1.766839
4800.0	1.754507
4805.0	1.750172
4810.0	1.7453310000000002
4815.0	1.737823
4820.0	1.733929
4825.0	1.7286270000000001
4830.0	1.7277
4835.0	1.723498
4840.0	1.719507
4845.0	1.6947349999999999
4850.0	1.634978
4855.0	1.5015
4860.0	1.382087
4865.0	1.4579540000000002
4870.0	1.571613
4875.0	1.605421
4880.0	1.6108049999999998
4885.0	1.616123
4890.0	1.619858
4895.0	1.618274
4900.0	1.61589
4905.0	1.6211659999999999
4910.0	1.6194389999999999
4915.0	1.611475
4920.0	1.5873950000000001
4925.0	1.594559
4930.0	1.608176
4935.0	1.600916
4940.0	1.5874629999999998
4945.0	1.582775
4950.0	1.580435
4955.0	1.575225
4960.0	1.573141
4965.0	1.5610110000000001
4970.0	1.544183
4975.0	1.535783
4980.0	1.522823
4985.0	1.530253
4990.0	1.5290290000000002
4995.0	1.5249270000000001
5000.0	1.521316
5005.0	1.507041
5010.0	1.488407
5015.0	1.4702680000000001
5020.0	1.470656
5025.0	1.468634
5030.0	1.460164
5035.0	1.45862
5040.0	1.455726
5045.0	1.449439
5050.0	1.443154
5055.0	1.440408
5060.0	1.435246
5065.0	1.43258
5070.0	1.432368
5075.0	1.431692
5080.0	1.428548
5085.0	1.422792
5090.0	1.41703
5095.0	1.406642
5100.0	1.405829
5105.0	1.394181
5110.0	1.383517
5115.0	1.379383
5120.0	1.373877
5125.0	1.3712879999999998
5130.0	1.370308
5135.0	1.365723
5140.0	1.361532
5145.0	1.3561450000000002
5150.0	1.349294
5155.0	1.344162
5160.0	1.340673
5165.0	1.3337219999999999
5170.0	1.328486
5175.0	1.3287360000000001
5180.0	1.323181
5185.0	1.3159299999999998
5190.0	1.307836
5195.0	1.308233
5200.0	1.298663
5205.0	1.287448
5210.0	1.290102
5215.0	1.28846
5220.0	1.280389
5225.0	1.273036
5230.0	1.26558
5235.0	1.2607030000000001
5240.0	1.2553590000000001
5245.0	1.255282
5250.0	1.24559
5255.0	1.249312
5260.0	1.248238
5265.0	1.235956
5270.0	1.227798
5275.0	1.227248
5280.0	1.2210889999999999
5285.0	1.219573
5290.0	1.212409
5295.0	1.2038739999999999
5300.0	1.1975
5305.0	1.197945
5310.0	1.194252
5315.0	1.194883
5320.0	1.1920469999999999
5325.0	1.184911
5330.0	1.175465
5335.0	1.171941
5340.0	1.1653129999999998
5345.0	1.16412
5350.0	1.1648
5355.0	1.163259
5360.0	1.151912
5365.0	1.146598
5370.0	1.143518
5375.0	1.140256
5380.0	1.138326
5385.0	1.132392
5390.0	1.134609
5395.0	1.128119
5400.0	1.108495
5405.0	1.066491
5410.0	1.021042
5415.0	1.0440399999999999
5420.0	1.086016
5425.0	1.09527
5430.0	1.0951229999999998
5435.0	1.089796
5440.0	1.086566
5445.0	1.077528
5450.0	1.072877
5455.0	1.0677159999999999
5460.0	1.068057
5465.0	1.0633629999999998
5470.0	1.066066
5475.0	1.063575
5480.0	1.052402
5485.0	1.0407440000000001
5490.0	1.037943
5495.0	1.04826
5500.0	1.047725
5505.0	1.036965
5510.0	1.0319180000000001
5515.0	1.032413
5520.0	1.027665
5525.0	1.0195459999999998
5530.0	1.015922
5535.0	1.008126
5540.0	1.006934
5545.0	1.006305
5550.0	1.005341
5555.0	1.002277
5560.0	1.001319
5565.0	0.9989319999999999
5570.0	0.993667
5575.0	0.993699
5580.0	0.9889190000000001
5585.0	0.977233
5590.0	0.9662620000000001
5595.0	0.964858
5600.0	0.970053
5605.0	0.9679469999999999
5610.0	0.963008
5615.0	0.957674
5620.0	0.9566469999999999
5625.0	0.9539200000000001
5630.0	0.9507709999999999
5635.0	0.9483469999999999
5640.0	0.9450120000000001
5645.0	0.941731
5650.0	0.9398040000000001
5655.0	0.93599
5660.0	0.931658
5665.0	0.9275200000000001
5670.0	0.921833
5675.0	0.9160459999999999
5680.0	0.9155209999999999
5685.0	0.917493
5690.0	0.917845
5695.0	0.9210209999999999
5700.0	0.910517
5705.0	0.892511
5710.0	0.8977870000000001
5715.0	0.8980819999999999
5720.0	0.8897430000000001
5725.0	0.8847719999999999
5730.0	0.882481
5735.0	0.8778370000000001
5740.0	0.873134
5745.0	0.870006
5750.0	0.868411
5755.0	0.865849
5760.0	0.865101
5765.0	0.858722
5770.0	0.8498370000000001
5775.0	0.835218
5780.0	0.814963
5785.0	0.826499
5790.0	0.835066
5795.0	0.81609
5800.0	0.803287
5805.0	0.809841
5810.0	0.809366
5815.0	0.8166329999999999
5820.0	0.8294889999999999
5825.0	0.832
5830.0	0.8296540000000001
5835.0	0.825649
5840.0	0.823412
5845.0	0.817082
5850.0	0.812878
5855.0	0.809519
5860.0	0.8101
5865.0	0.808375
5870.0	0.78377
5875.0	0.756876
5880.0	0.776266
5885.0	0.753364
5890.0	0.695083
5895.0	0.7059479999999999
5900.0	0.755212
5905.0	0.785667
5910.0	0.783037
5915.0	0.7818930000000001
5920.0	0.77351
5925.0	0.770671
5930.0	0.771364
5935.0	0.768383
5940.0	0.7639729999999999
5945.0	0.757592
5950.0	0.7533310000000001
5955.0	0.7542439999999999
5960.0	0.750452
5965.0	0.750108
5970.0	0.743496
5975.0	0.744142
5980.0	0.742761
5985.0	0.7380329999999999
5990.0	0.739908
5995.0	0.741654
6000.0	0.7357859999999999
6005.0	0.7306560000000001
6010.0	0.726057
6015.0	0.7252430000000001
6020.0	0.72572
6025.0	0.726374
6030.0	0.7265149999999999
6035.0	0.715903
6040.0	0.7115090000000001
6045.0	0.715883
6050.0	0.7114020000000001
6055.0	0.711858
6060.0	0.7083470000000001
6065.0	0.703055
6070.0	0.700589
6075.0	0.69887
6080.0	0.698184
6085.0	0.697365
6090.0	0.6977770000000001
6095.0	0.695689
6100.0	0.692154
6105.0	0.6881729999999999
6110.0	0.686146
6115.0	0.686333
6120.0	0.677671
6125.0	0.681732
6130.0	0.680589
6135.0	0.677642
6140.0	0.67771
6145.0	0.67367
6150.0	0.673081
6155.0	0.66948
6160.0	0.665481
6165.0	0.655783
6170.0	0.649435
6175.0	0.6503369999999999
6180.0	0.651746
6185.0	0.653777
6190.0	0.653094
6195.0	0.652608
6200.0	0.6476810000000001
6205.0	0.6434350000000001
6210.0	0.6475920000000001
6215.0	0.646917
6220.0	0.64652
6225.0	0.641329
6230.0	0.635599
6235.0	0.634695
6240.0	0.635969
6245.0	0.639498
6250.0	0.640067
6255.0	0.636969
6260.0	0.6368779999999999
6265.0	0.627287
6270.0	0.621502
6275.0	0.606036
6280.0	0.580205
6285.0	0.587204
6290.0	0.6068899999999999
6295.0	0.611236
6300.0	0.609379
6305.0	0.6018640000000001
6310.0	0.593986
6315.0	0.594474
6320.0	0.601604
6325.0	0.607403
6330.0	0.6050909999999999
6335.0	0.605344
6340.0	0.6030810000000001
6345.0	0.6000880000000001
6350.0	0.5977140000000001
6355.0	0.594037
6360.0	0.5923649999999999
6365.0	0.58996
6370.0	0.5885739999999999
6375.0	0.5846439999999999
6380.0	0.581084
6385.0	0.582496
6390.0	0.582448
6395.0	0.57925
6400.0	0.57125
6405.0	0.568194
6410.0	0.567774
6415.0	0.570366
6420.0	0.573342
6425.0	0.574612
6430.0	0.5732550000000001
6435.0	0.5707300000000001
6440.0	0.567817
6445.0	0.564982
6450.0	0.562314
6455.0	0.559573
6460.0	0.55871
6465.0	0.558142
6470.0	0.556381
6475.0	0.555453
6480.0	0.556333
6485.0	0.5521119999999999
6490.0	0.549874
6495.0	0.550986
6500.0	0.552667
6505.0	0.552303
6510.0	0.550978
6515.0	0.544322
6520.0	0.537988
6525.0	0.529896
6530.0	0.528945
6535.0	0.53545
6540.0	0.538616
6545.0	0.5348510000000001
6550.0	0.522171
6555.0	0.48912100000000003
6560.0	0.446247
6565.0	0.44942600000000005
6570.0	0.498242
6575.0	0.524353
6580.0	0.531931
6585.0	0.529738
6590.0	0.529597
6595.0	0.528352
6600.0	0.52785
6605.0	0.527306
6610.0	0.522098
6615.0	0.519816
6620.0	0.517831
6625.0	0.5201859999999999
6630.0	0.515914
6635.0	0.515612
6640.0	0.5141020000000001
6645.0	0.511314
6650.0	0.508787
6655.0	0.5045850000000001
6660.0	0.5017590000000001
6665.0	0.49861000000000005
6670.0	0.495889
6675.0	0.486066
6680.0	0.47611400000000004
6685.0	0.4787
6690.0	0.487284
6695.0	0.49277299999999996
6700.0	0.491704
6705.0	0.49080799999999997
6710.0	0.491346
6715.0	0.48968599999999995
6720.0	0.48866000000000004
6725.0	0.489522
6730.0	0.487166
6735.0	0.48512799999999995
6740.0	0.48153599999999996
6745.0	0.48079399999999994
6750.0	0.479177
6755.0	0.477054
6760.0	0.47753999999999996
6765.0	0.47553999999999996
6770.0	0.473415
6775.0	0.471062
6780.0	0.46922299999999995
6785.0	0.467267
6790.0	0.46483800000000003
6795.0	0.465979
6800.0	0.46782700000000005
6805.0	0.465559
6810.0	0.461679
6815.0	0.46165
6820.0	0.461801
6825.0	0.46038500000000004
6830.0	0.46025900000000003
6835.0	0.458034
6840.0	0.45200100000000004
6845.0	0.450917
6850.0	0.449833
6855.0	0.44874899999999995
6860.0	0.447665
6865.0	0.44658100000000006
6870.0	0.44549700000000003
6875.0	0.444413
6880.0	0.443329
6885.0	0.442245
6890.0	0.44116099999999997
6895.0	0.44007700000000005
6900.0	0.438993
6905.0	0.437909
6910.0	0.436825
6915.0	0.435741
6920.0	0.43465699999999996
6925.0	0.43357299999999993
6930.0	0.432489
6935.0	0.43140500000000004
6940.0	0.430321
6945.0	0.429237
6950.0	0.42815299999999995
6955.0	0.427069
6960.0	0.425986
6965.0	0.42490200000000006
6970.0	0.42381800000000003
6975.0	0.430262
6980.0	0.427752
6985.0	0.42401700000000003
6990.0	0.41799200000000003
6995.0	0.41798100000000005
7000.0	0.417153
7005.0	0.41661899999999996
7010.0	0.416979
7015.0	0.41361099999999995
7020.0	0.414764
7025.0	0.413817
7030.0	0.413743
7035.0	0.41396499999999997
7040.0	0.41170100000000004
7045.0	0.407351
7050.0	0.405887
7055.0	0.407669
7060.0	0.400735
7065.0	0.394219
7070.0	0.39821799999999996
7075.0	0.403403
7080.0	0.402212
7085.0	0.402509
7090.0	0.403025
7095.0	0.402777
7100.0	0.398624
7105.0	0.39875700000000003
7110.0	0.397959
7115.0	0.396981
7120.0	0.399811
7125.0	0.399281
7130.0	0.399893
7135.0	0.400882
7140.0	0.399617
7145.0	0.39768600000000004
7150.0	0.39606399999999997
7155.0	0.39462600000000003
7160.0	0.39073800000000003
7165.0	0.38615700000000003
7170.0	0.37242
7175.0	0.363136
7180.0	0.36123299999999997
7185.0	0.35941100000000004
7190.0	0.36586599999999997
7195.0	0.370019
7200.0	0.369296
7205.0	0.372001
7210.0	0.381519
7215.0	0.383277
7220.0	0.382119
7225.0	0.380817
7230.0	0.376708
7235.0	0.369263
7240.0	0.36579
7245.0	0.364249
7250.0	0.3657
7255.0	0.36372600000000005
7260.0	0.364879
7265.0	0.36075300000000005
7270.0	0.359734
7275.0	0.35473899999999997
7280.0	0.358906
7285.0	0.35990900000000003
7290.0	0.353713
7295.0	0.35796
7300.0	0.357475
7305.0	0.35243
7310.0	0.353631
7315.0	0.35128899999999996
7320.0	0.35084899999999997
7325.0	0.351648
7330.0	0.349579
7335.0	0.35057
7340.0	0.34984499999999996
7345.0	0.348531
7350.0	0.346355
7355.0	0.34705
7360.0	0.344469
7365.0	0.341514
7370.0	0.34207600000000005
7375.0	0.342577
7380.0	0.341096
7385.0	0.336444
7390.0	0.33634899999999995
7395.0	0.337995
7400.0	0.334411
7405.0	0.331268
7410.0	0.328531
7415.0	0.330955
7420.0	0.332923
7425.0	0.323753
7430.0	0.323534
7435.0	0.32243
7440.0	0.323027
7445.0	0.322448
7450.0	0.32169899999999996
7455.0	0.322997
7460.0	0.31936
7465.0	0.320017
7470.0	0.316073
7475.0	0.31717199999999995
7480.0	0.316454
7485.0	0.31499
7490.0	0.313728
7495.0	0.313354
7500.0	0.31329
7505.0	0.31154
7510.0	0.31139
7515.0	0.311546
7520.0	0.30948400000000004
7525.0	0.309898
7530.0	0.307433
7535.0	0.306397
7540.0	0.30554699999999996
7545.0	0.305379
7550.0	0.305224
7555.0	0.304342
7560.0	0.30345900000000003
7565.0	0.302577
7570.0	0.301695
7575.0	0.300813
7580.0	0.299931
7585.0	0.299048
7590.0	0.298166
7595.0	0.297284
7600.0	0.296402
7605.0	0.29552
7610.0	0.294638
7615.0	0.29375500000000004
7620.0	0.292873
7625.0	0.291991
7630.0	0.291109
7635.0	0.290227
7640.0	0.289344
7645.0	0.288462
7650.0	0.28758
7655.0	0.286698
7660.0	0.28581599999999996
7665.0	0.284934
7670.0	0.284051
7675.0	0.283169
7680.0	0.282287
7685.0	0.281405
7690.0	0.280523
7695.0	0.279641
7700.0	0.278758
7705.0	0.277876
7710.0	0.276994
7715.0	0.27611199999999997
7720.0	0.27523000000000003
7725.0	0.274347
7730.0	0.273465
7735.0	0.272181
7740.0	0.272959
7745.0	0.27157800000000004
7750.0	0.271809
7755.0	0.270888
7760.0	0.270185
7765.0	0.268911
7770.0	0.26907800000000004
7775.0	0.268858
7780.0	0.266375
7785.0	0.267075
7790.0	0.266096
7795.0	0.265302
7800.0	0.26521999999999996
7805.0	0.264219
7810.0	0.264443
7815.0	0.263114
7820.0	0.263755
7825.0	0.262594
7830.0	0.260397
7835.0	0.260995
7840.0	0.25957800000000003
7845.0	0.259895
7850.0	0.259273
7855.0	0.259581
7860.0	0.255743
7865.0	0.255601
7870.0	0.256031
7875.0	0.255135
7880.0	0.255578
7885.0	0.253327
7890.0	0.25387
7895.0	0.251718
7900.0	0.251173
7905.0	0.251794
7910.0	0.250875
7915.0	0.251042
7920.0	0.24996500000000002
7925.0	0.247702
7930.0	0.24680100000000002
7935.0	0.247876
7940.0	0.24840500000000001
7945.0	0.246258
7950.0	0.245561
7955.0	0.244195
7960.0	0.24379800000000001
7965.0	0.243944
7970.0	0.242287
7975.0	0.24295300000000003
7980.0	0.241731
7985.0	0.241785
7990.0	0.24175
7995.0	0.240342
8000.0	0.241027
8005.0	0.241871
8010.0	0.2419
8015.0	0.24096199999999998
8020.0	0.240642
8025.0	0.24031999999999998
8030.0	0.24059299999999997
8035.0	0.240312
8040.0	0.239552
8045.0	0.239511
8050.0	0.239947
8055.0	0.240919
8060.0	0.239463
8065.0	0.237723
8070.0	0.237402
8075.0	0.236708
8080.0	0.23476799999999998
8085.0	0.23369499999999999
8090.0	0.23227899999999999
8095.0	0.231395
8100.0	0.230269
8105.0	0.230517
8110.0	0.22956500000000002
8115.0	0.23160100000000003
8120.0	0.231277
8125.0	0.23044699999999999
8130.0	0.229942
8135.0	0.22873400000000002
8140.0	0.228566
8145.0	0.22689600000000001
8150.0	0.224411
8155.0	0.22239499999999998
8160.0	0.22068600000000002
8165.0	0.219779
8170.0	0.220098
8175.0	0.221577
8180.0	0.21916300000000002
8185.0	0.22295
8190.0	0.222762
8195.0	0.21826900000000002
8200.0	0.221286
8205.0	0.220235
8210.0	0.219565
8215.0	0.217241
8220.0	0.21378699999999998
8225.0	0.20968499999999998
8230.0	0.205844
8235.0	0.20766500000000002
8240.0	0.206825
8245.0	0.210995
8250.0	0.21544899999999997
8255.0	0.21515900000000002
8260.0	0.21559099999999998
8265.0	0.215324
8270.0	0.21523899999999999
8275.0	0.212327
8280.0	0.210988
8285.0	0.21021700000000001
8290.0	0.21084499999999998
8295.0	0.211434
8300.0	0.21321700000000002
8305.0	0.210894
8310.0	0.21058400000000002
8315.0	0.20995
8320.0	0.20796900000000001
8325.0	0.20798699999999998
8330.0	0.20817800000000003
8335.0	0.20768699999999998
8340.0	0.20782899999999999
8345.0	0.20530500000000002
8350.0	0.20365899999999998
8355.0	0.202
8360.0	0.199765
8365.0	0.200374
8370.0	0.201048
8375.0	0.201847
8380.0	0.20146
8385.0	0.202817
8390.0	0.202737
8395.0	0.20233800000000002
8400.0	0.203185
8405.0	0.202719
8410.0	0.201952
8415.0	0.201639
8420.0	0.200843
8425.0	0.20092100000000002
8430.0	0.199773
8435.0	0.199466
8440.0	0.197601
8445.0	0.198129
8450.0	0.197388
8455.0	0.197881
8460.0	0.19706400000000002
8465.0	0.196437
8470.0	0.195395
8475.0	0.19648
8480.0	0.192602
8485.0	0.19256600000000001
8490.0	0.193141
8495.0	0.193749
8500.0	0.19209600000000002
8505.0	0.19303299999999998
8510.0	0.193527
8515.0	0.192745
8520.0	0.192177
8525.0	0.190905
8530.0	0.189662
8535.0	0.188396
8540.0	0.189944
8545.0	0.186328
8550.0	0.186661
8555.0	0.186961
8560.0	0.18873499999999999
8565.0	0.188059
8570.0	0.186405
8575.0	0.185071
8580.0	0.183937
8585.0	0.182835
8590.0	0.181178
8595.0	0.179652
8600.0	0.180297
8605.0	0.17940699999999998
8610.0	0.1809
8615.0	0.181318
8620.0	0.18058
8625.0	0.180669
8630.0	0.181887
8635.0	0.181324
8640.0	0.17929
8645.0	0.17998499999999998
8650.0	0.180397
8655.0	0.180075
8660.0	0.178981
8665.0	0.17844200000000002
8670.0	0.179302
8675.0	0.179921
8680.0	0.180724
8685.0	0.180926
8690.0	0.18088800000000002
8695.0	0.181117
8700.0	0.18123599999999998
8705.0	0.179983
8710.0	0.179369
8715.0	0.179049
8720.0	0.17869200000000002
8725.0	0.178569
8730.0	0.17713099999999998
8735.0	0.176025
8740.0	0.177849
8745.0	0.17206
8750.0	0.172573
8755.0	0.173268
8760.0	0.174235
8765.0	0.176183
8770.0	0.17330299999999998
8775.0	0.175029
8780.0	0.174098
8785.0	0.175342
8790.0	0.175539
8795.0	0.175036
8800.0	0.175539
8805.0	0.174575
8810.0	0.175044
8815.0	0.171914
8820.0	0.17363800000000001
8825.0	0.17438900000000002
8830.0	0.173454
8835.0	0.172716
8840.0	0.170355
8845.0	0.16942100000000002
8850.0	0.167373
8855.0	0.164249
8860.0	0.161692
8865.0	0.160584
8870.0	0.161624
8875.0	0.16331600000000002
8880.0	0.164262
8885.0	0.164287
8890.0	0.16505899999999998
8895.0	0.166174
8900.0	0.16480999999999998
8905.0	0.16583
8910.0	0.164695
8915.0	0.164141
8920.0	0.164516
8925.0	0.163699
8930.0	0.170744
8935.0	0.170748
8940.0	0.172784
8945.0	0.169521
8950.0	0.16688599999999998
8955.0	0.16436800000000001
8960.0	0.162916
8965.0	0.161392
8970.0	0.158567
8975.0	0.158966
8980.0	0.157639
8985.0	0.157217
8990.0	0.15153699999999998
8995.0	0.153548
9000.0	0.153846
9005.0	0.151076
9010.0	0.152675
9015.0	0.15320699999999998
9020.0	0.153095
9025.0	0.160205
9030.0	0.163353
9035.0	0.166849
9040.0	0.16383699999999998
9045.0	0.16605799999999998
9050.0	0.16438
9055.0	0.159692
9060.0	0.158024
9065.0	0.156377
9070.0	0.15313800000000002
9075.0	0.154081
9080.0	0.154049
9085.0	0.15411
9090.0	0.15549100000000002
9095.0	0.157237
9100.0	0.156499
9105.0	0.153257
9110.0	0.156032
9115.0	0.15746
9120.0	0.15659700000000001
9125.0	0.15498699999999999
9130.0	0.153201
9135.0	0.151501
9140.0	0.152843
9145.0	0.15242999999999998
9150.0	0.15041300000000002
9155.0	0.142405
9160.0	0.149919
9165.0	0.151111
9170.0	0.15018299999999998
9175.0	0.15028
9180.0	0.15452
9185.0	0.156525
9190.0	0.15505
9195.0	0.15196300000000001
9200.0	0.151803
9205.0	0.157339
9210.0	0.153034
9215.0	0.150143
9220.0	0.149059
9225.0	0.146587
9230.0	0.148371
9235.0	0.145322
9240.0	0.145492
9245.0	0.143807
9250.0	0.145978
9255.0	0.150806
9260.0	0.146229
9265.0	0.15268099999999998
9270.0	0.154578
9275.0	0.158911
9280.0	0.155954
9285.0	0.152147
9290.0	0.162481
9295.0	0.161985
9300.0	0.158865
9305.0	0.155643
9310.0	0.146786
9315.0	0.144053
9320.0	0.135605
9325.0	0.139732
9330.0	0.138776
9335.0	0.13805499999999998
9340.0	0.139325
9345.0	0.129382
9350.0	0.133546
9355.0	0.12553699999999998
9360.0	0.133166
9365.0	0.134508
9370.0	0.130966
9375.0	0.137493
9380.0	0.138133
9385.0	0.149437
9390.0	0.15678699999999998
9395.0	0.15804
9400.0	0.157648
9405.0	0.15548599999999999
9410.0	0.153452
9415.0	0.14151
9420.0	0.14210899999999999
9425.0	0.13677899999999998
9430.0	0.13049000000000002
9435.0	0.133261
9440.0	0.12236400000000001
9445.0	0.129898
9450.0	0.13581400000000002
9455.0	0.13658800000000001
9460.0	0.133131
9465.0	0.134634
9470.0	0.133638
9475.0	0.13552999999999998
9480.0	0.13281400000000002
9485.0	0.128335
9490.0	0.133954
9495.0	0.134717
9500.0	0.130549
9505.0	0.137317
9510.0	0.135824
9515.0	0.14249
9520.0	0.132487
9525.0	0.134534
9530.0	0.135944
9535.0	0.133391
9540.0	0.132554
9545.0	0.129896
9550.0	0.127868
9555.0	0.125606
9560.0	0.126842
9565.0	0.127225
9570.0	0.127142
9575.0	0.129306
9580.0	0.13057
9585.0	0.13025899999999999
9590.0	0.127378
9595.0	0.126884
9600.0	0.13039
9605.0	0.127749
9610.0	0.13043
9615.0	0.12731900000000002
9620.0	0.125917
9625.0	0.12471199999999999
9630.0	0.128442
9635.0	0.11988900000000001
9640.0	0.120039
9645.0	0.116627
9650.0	0.12335299999999999
9655.0	0.12551199999999998
9660.0	0.12149700000000001
9665.0	0.12376199999999998
9670.0	0.125609
9675.0	0.125228
9680.0	0.12383
9685.0	0.126057
9690.0	0.127975
9695.0	0.126356
9700.0	0.12793
9705.0	0.11946400000000001
9710.0	0.11858900000000001
9715.0	0.120682
9720.0	0.12278399999999999
9725.0	0.11809700000000001
9730.0	0.11670599999999999
9735.0	0.12078900000000001
9740.0	0.120816
9745.0	0.123249
9750.0	0.115191
9755.0	0.123822
9760.0	0.123445
9765.0	0.11337799999999999
9770.0	0.117836
9775.0	0.115103
9780.0	0.114605
9785.0	0.12212100000000001
9790.0	0.120029
9795.0	0.11753499999999999
9800.0	0.111204
9805.0	0.12465999999999999
9810.0	0.11786600000000001
9815.0	0.11433099999999999
9820.0	0.11523299999999999
9825.0	0.117246
9830.0	0.12138299999999999
9835.0	0.112666
9840.0	0.12016600000000001
9845.0	0.11657200000000001
9850.0	0.11503900000000002
9855.0	0.121421
9860.0	0.106002
9865.0	0.113945
9870.0	0.110036
9875.0	0.115981
9880.0	0.11396099999999999
9885.0	0.10581600000000001
9890.0	0.113409
9895.0	0.11638599999999999
9900.0	0.11558399999999999
9905.0	0.109543
9910.0	0.11227999999999999
9915.0	0.116639
9920.0	0.111713
9925.0	0.11723299999999999
9930.0	0.106728
9935.0	0.106886
9940.0	0.115119
9945.0	0.111738
9950.0	0.110431
9955.0	0.11119200000000001
9960.0	0.11634000000000001
9965.0	0.11345699999999999
9970.0	0.107011
9975.0	0.10776400000000001
9980.0	0.10914700000000001
9985.0	0.116317
9990.0	0.10553
9995.0	0.109625
10000.0	0.100833
10005.0	0.11021600000000001
10010.0	0.11471400000000001
10015.0	0.108846
10020.0	0.096866
10025.0	0.10858
10030.0	0.112759
10035.0	0.108607
10040.0	0.094086
10045.0	0.094736
10050.0	0.103921
10055.0	0.10011
10060.0	0.095151
10065.0	0.098813
10070.0	0.104314
10075.0	0.109975
10080.0	0.110275
10085.0	0.11019200000000001
10090.0	0.10119600000000001
10095.0	0.10504300000000001
10100.0	0.10435799999999999
10105.0	0.09721
10110.0	0.090956
10115.0	0.102539
10120.0	0.099726
10125.0	0.09828200000000001
10130.0	0.091382
10135.0	0.101177
10140.0	0.10016900000000001
10145.0	0.100773
10150.0	0.101922
10155.0	0.102974
10160.0	0.10329100000000001
10165.0	0.10245599999999999
10170.0	0.10094700000000001
10175.0	0.099469
10180.0	0.098723
10185.0	0.099195
10190.0	0.100505
10195.0	0.10205399999999999
10200.0	0.103243
10205.0	0.10364100000000001
10210.0	0.10348800000000001
10215.0	0.10318900000000002
10220.0	0.103152
10225.0	0.10366199999999999
10230.0	0.10453299999999999
10235.0	0.105459
10240.0	0.10613399999999999
10245.0	0.10631099999999999
10250.0	0.105992
10255.0	0.10523900000000001
10260.0	0.10411300000000001
10265.0	0.10270599999999999
10270.0	0.101235
10275.0	0.099948
10280.0	0.099093
10285.0	0.09882200000000001
10290.0	0.09891
10295.0	0.099036
10300.0	0.098879
10305.0	0.097938
10310.0	0.09739
10315.0	0.096857
10320.0	0.096497
10325.0	0.096429
10330.0	0.096607
10335.0	0.096947
10340.0	0.097362
10345.0	0.09775299999999999
10350.0	0.097968
10355.0	0.097839
10360.0	0.097201
10365.0	0.09598
10370.0	0.094473
10375.0	0.093072
10380.0	0.092167
10385.0	0.092042
10390.0	0.092543
10395.0	0.09341100000000001
10400.0	0.094385
10405.0	0.095229
10410.0	0.09581100000000001
10415.0	0.096022
10420.0	0.09575499999999999
10425.0	0.09498200000000001
10430.0	0.094003
10435.0	0.093199
10440.0	0.092951
10445.0	0.093488
10450.0	0.094438
10455.0	0.095276
10460.0	0.09548
10465.0	0.094698
10470.0	0.09326799999999999
10475.0	0.091696
10480.0	0.090494
10485.0	0.09004
10490.0	0.090202
10495.0	0.09071699999999999
10500.0	0.091323
10505.0	0.091798
10510.0	0.092081
10515.0	0.092153
10520.0	0.091994
10525.0	0.091611
10530.0	0.091113
10535.0	0.090638
10540.0	0.090321
10545.0	0.090252
10550.0	0.090327
10555.0	0.090396
10560.0	0.090307
10565.0	0.089965
10570.0	0.089494
10575.0	0.089077
10580.0	0.088893
10585.0	0.089062
10590.0	0.08945499999999999
10595.0	0.089882
10600.0	0.090153
10605.0	0.090124
10610.0	0.089835
10615.0	0.08937200000000001
10620.0	0.088823
10625.0	0.087863
10630.0	0.087715
10635.0	0.08756699999999999
10640.0	0.08741900000000001
10645.0	0.087271
10650.0	0.087123
10655.0	0.086975
10660.0	0.086827
10665.0	0.08668
10670.0	0.086533
10675.0	0.086386
10680.0	0.086239
10685.0	0.086092
10690.0	0.08594500000000001
10695.0	0.085798
10700.0	0.08565199999999999
10705.0	0.085506
10710.0	0.08536
10715.0	0.085214
10720.0	0.08506799999999999
10725.0	0.084922
10730.0	0.084776
10735.0	0.084631
10740.0	0.084486
10745.0	0.084341
10750.0	0.08419600000000001
10755.0	0.084051
10760.0	0.083906
10765.0	0.083761
10770.0	0.083617
10775.0	0.083473
10780.0	0.083329
10785.0	0.08318500000000001
10790.0	0.083041
10795.0	0.082897
10800.0	0.082753
10805.0	0.08261
10810.0	0.082467
10815.0	0.082324
10820.0	0.08218099999999999
10825.0	0.082038
10830.0	0.08189500000000001
10835.0	0.08175299999999999
10840.0	0.08161
10845.0	0.081468
10850.0	0.081326
10855.0	0.081184
10860.0	0.08104199999999999
10865.0	0.080901
10870.0	0.080759
10875.0	0.080618
10880.0	0.08047699999999999
10885.0	0.080336
10890.0	0.080195
10895.0	0.080054
10900.0	0.079913
10905.0	0.079773
10910.0	0.07963300000000001
10915.0	0.079493
10920.0	0.07935299999999999
10925.0	0.079213
10930.0	0.079073
10935.0	0.078934
10940.0	0.078794
10945.0	0.07865499999999999
10950.0	0.078516
10955.0	0.078377
10960.0	0.078238
10965.0	0.0781
10970.0	0.077961
10975.0	0.077823
10980.0	0.077685
10985.0	0.077547
10990.0	0.077409
10995.0	0.077271
11000.0	0.07713300000000001
11005.0	0.07699600000000001
11010.0	0.076859
11015.0	0.076722
11020.0	0.076585
11025.0	0.076448
11030.0	0.076311
11035.0	0.076175
11040.0	0.076038
11045.0	0.075902
11050.0	0.075766
11055.0	0.07562999999999999
11060.0	0.075495
11065.0	0.07535900000000001
11070.0	0.075224
11075.0	0.075088
11080.0	0.07495299999999999
11085.0	0.074818
11090.0	0.074684
11095.0	0.074549
11100.0	0.074415
11105.0	0.07428
11110.0	0.074146
11115.0	0.074012
11120.0	0.073878
11125.0	0.073745
11130.0	0.073611
11135.0	0.073478
11140.0	0.073344
11145.0	0.073211
11150.0	0.07307899999999999
11155.0	0.072946
11160.0	0.072813
11165.0	0.072681
11170.0	0.072549
11175.0	0.072416
11180.0	0.072285
11185.0	0.072153
11190.0	0.072021
11195.0	0.07189
11200.0	0.071758
11205.0	0.071627
11210.0	0.071496
11215.0	0.071365
11220.0	0.071235
11225.0	0.071104
11230.0	0.070974
11235.0	0.070844
11240.0	0.070714
11245.0	0.07058400000000001
11250.0	0.070454
11255.0	0.070325
11260.0	0.07019500000000001
11265.0	0.070066
11270.0	0.069937
11275.0	0.06980800000000001
11280.0	0.06967999999999999
11285.0	0.069551
11290.0	0.069423
11295.0	0.06929400000000001
11300.0	0.06916599999999999
11305.0	0.069038
11310.0	0.068911
11315.0	0.06878300000000001
11320.0	0.068656
11325.0	0.06852799999999999
11330.0	0.068401
11335.0	0.068275
11340.0	0.068148
11345.0	0.068021
11350.0	0.06789500000000001
11355.0	0.06776900000000001
11360.0	0.067642
11365.0	0.067517
11370.0	0.06739099999999999
11375.0	0.06726499999999999
11380.0	0.06713999999999999
11385.0	0.067014
11390.0	0.066889
11395.0	0.066764
11400.0	0.06663999999999999
11405.0	0.06651499999999999
11410.0	0.06639099999999999
11415.0	0.06626599999999999
11420.0	0.06614199999999999
11425.0	0.066018
11430.0	0.06589500000000001
11435.0	0.06577100000000001
11440.0	0.065648
11445.0	0.065524
11450.0	0.065401
11455.0	0.065278
11460.0	0.06515599999999999
11465.0	0.06503300000000001
11470.0	0.064911
11475.0	0.064789
11480.0	0.064666
11485.0	0.064545
11490.0	0.06442300000000001
11495.0	0.064301
11500.0	0.06418
11505.0	0.064059
11510.0	0.063938
11515.0	0.063817
11520.0	0.063696
11525.0	0.063576
11530.0	0.063455
11535.0	0.063335
11540.0	0.063215
11545.0	0.063095
11550.0	0.062976
11555.0	0.062856
11560.0	0.062737
11565.0	0.062618
11570.0	0.062499
11575.0	0.06238
11580.0	0.062261000000000004
11585.0	0.062143
11590.0	0.062024
11595.0	0.061905999999999996
11600.0	0.061788
11605.0	0.061671000000000004
11610.0	0.061553
11615.0	0.061436000000000004
11620.0	0.061318
11625.0	0.061201
11630.0	0.061084000000000006
11635.0	0.060967999999999994
11640.0	0.060851
11645.0	0.060735000000000004
11650.0	0.060619000000000006
11655.0	0.060502999999999994
11660.0	0.060387
11665.0	0.060271000000000005
11670.0	0.060155999999999994
11675.0	0.060039999999999996
11680.0	0.059925
11685.0	0.05981
11690.0	0.059696000000000006
11695.0	0.059580999999999995
11700.0	0.059467
11705.0	0.059351999999999995
11710.0	0.059238
11715.0	0.059124
11720.0	0.059011
11725.0	0.058897000000000005
11730.0	0.058784
11735.0	0.058671
11740.0	0.058558000000000006
11745.0	0.058445000000000004
11750.0	0.058332
11755.0	0.05822000000000001
11760.0	0.058107000000000006
11765.0	0.057995000000000005
11770.0	0.057883000000000004
11775.0	0.057772000000000004
11780.0	0.05766
11785.0	0.057549
11790.0	0.057437
11795.0	0.057326
11800.0	0.057215999999999996
11805.0	0.057104999999999996
11810.0	0.056995000000000004
11815.0	0.056884000000000004
11820.0	0.056774
11825.0	0.056664
11830.0	0.05655399999999999
11835.0	0.056445
11840.0	0.056335
11845.0	0.056226
11850.0	0.05611699999999999
11855.0	0.056008
11860.0	0.0559
11865.0	0.05579099999999999
11870.0	0.055683
11875.0	0.055575
11880.0	0.055466999999999995
11885.0	0.055359000000000005
11890.0	0.055251999999999996
11895.0	0.055144000000000006
11900.0	0.055037
11905.0	0.05492999999999999
11910.0	0.054823000000000004
11915.0	0.054716999999999995
11920.0	0.05461
11925.0	0.054504
11930.0	0.054398
11935.0	0.05429199999999999
11940.0	0.054186
11945.0	0.054081
11950.0	0.053975999999999996
11955.0	0.05387
11960.0	0.053765
11965.0	0.053661
11970.0	0.05355599999999999
11975.0	0.053452
11980.0	0.053347000000000006
11985.0	0.05324299999999999
11990.0	0.05314
11995.0	0.053036
12000.0	0.05293200000000001
12005.0	0.052828999999999994
12010.0	0.052726
12015.0	0.052623
12020.0	0.052521000000000005
12025.0	0.05241799999999999
12030.0	0.052315999999999994
12035.0	0.052213999999999997
12040.0	0.052112
12045.0	0.05201
12050.0	0.051908
12055.0	0.051807000000000006
12060.0	0.051705999999999995
12065.0	0.051605
12070.0	0.051503999999999994
12075.0	0.051403
12080.0	0.051302999999999994
12085.0	0.051203
12090.0	0.051102999999999996
12095.0	0.051003
12100.0	0.050903
12105.0	0.050804
12110.0	0.050704
12115.0	0.050605000000000004
12120.0	0.050506
12125.0	0.050408
12130.0	0.050309
12135.0	0.050211
12140.0	0.050113
12145.0	0.050015
12150.0	0.049917
12155.0	0.049819
12160.0	0.049722
12165.0	0.049625
12170.0	0.049527999999999996
12175.0	0.049431
12180.0	0.049333999999999996
12185.0	0.049238
12190.0	0.049142
12195.0	0.049046
12200.0	0.04895
12205.0	0.048854
12210.0	0.048759
12215.0	0.048664
12220.0	0.048569
12225.0	0.048474
12230.0	0.048379000000000005
12235.0	0.048285
12240.0	0.048191000000000005
12245.0	0.048097
12250.0	0.048003
12255.0	0.047909
12260.0	0.047816000000000004
12265.0	0.047722
12270.0	0.047629000000000005
12275.0	0.047536
12280.0	0.047444
12285.0	0.047351
12290.0	0.047258999999999995
12295.0	0.047167
12300.0	0.047075
12305.0	0.046983
12310.0	0.046891
12315.0	0.0468
12320.0	0.046709
12325.0	0.046618
12330.0	0.046527
12335.0	0.046437
12340.0	0.046346
12345.0	0.046256
12350.0	0.046166000000000006
12355.0	0.046076
12360.0	0.045986
12365.0	0.045897
12370.0	0.045808
12375.0	0.045718
12380.0	0.045630000000000004
12385.0	0.045541000000000005
12390.0	0.045452
12395.0	0.045364
12400.0	0.045276
12405.0	0.045188
12410.0	0.0451
12415.0	0.045012
12420.0	0.044925
12425.0	0.044838
12430.0	0.044751
12435.0	0.044663999999999995
12440.0	0.044577
12445.0	0.044491
12450.0	0.044404
12455.0	0.044318
12460.0	0.044232
12465.0	0.044147000000000006
12470.0	0.044061
12475.0	0.043976
12480.0	0.043891
12485.0	0.043806
12490.0	0.043720999999999996
12495.0	0.043636
12500.0	0.043552
12505.0	0.043467
12510.0	0.043383
12515.0	0.043299000000000004
12520.0	0.043214999999999996
12525.0	0.043132
12530.0	0.043049000000000004
12535.0	0.042964999999999996
12540.0	0.042881999999999997
12545.0	0.042799000000000004
12550.0	0.042717000000000005
12555.0	0.042634
12560.0	0.042552
12565.0	0.04247
12570.0	0.042388
12575.0	0.042306
12580.0	0.042225
12585.0	0.042143
12590.0	0.042062
12595.0	0.041981
12600.0	0.0419
12605.0	0.041819
12610.0	0.041739
12615.0	0.041658
12620.0	0.041578
12625.0	0.041498
12630.0	0.041419
12635.0	0.041339
12640.0	0.041259
12645.0	0.04118
12650.0	0.041101
12655.0	0.041022
12660.0	0.040943
12665.0	0.040865
12670.0	0.040786
12675.0	0.040708
12680.0	0.04063
12685.0	0.040552
12690.0	0.040474
12695.0	0.040397
12700.0	0.040319
12705.0	0.040242
12710.0	0.040165
12715.0	0.040088
12720.0	0.040012
12725.0	0.039935000000000005
12730.0	0.039859
12735.0	0.039783
12740.0	0.039707
12745.0	0.039631
12750.0	0.039555
12755.0	0.03948
12760.0	0.039404
12765.0	0.039329
12770.0	0.039254000000000004
12775.0	0.03918
12780.0	0.039105
12785.0	0.03903
12790.0	0.038956
12795.0	0.038882
12800.0	0.038807999999999995
12805.0	0.038734
12810.0	0.038661
12815.0	0.038587
12820.0	0.038514
12825.0	0.038441
12830.0	0.038368
12835.0	0.038294999999999996
12840.0	0.038222000000000006
12845.0	0.03815
12850.0	0.038078
12855.0	0.038006
12860.0	0.037933999999999996
12865.0	0.037862
12870.0	0.03779
12875.0	0.037719
12880.0	0.037647
12885.0	0.037576
12890.0	0.037505000000000004
12895.0	0.037433999999999995
12900.0	0.037364
12905.0	0.037293
12910.0	0.037223
12915.0	0.037153
12920.0	0.037083
12925.0	0.037013
12930.0	0.036943000000000004
12935.0	0.036874000000000004
12940.0	0.036805000000000004
12945.0	0.036735000000000004
12950.0	0.036666000000000004
12955.0	0.036598
12960.0	0.036529
12965.0	0.03646
12970.0	0.036392
12975.0	0.036324
12980.0	0.036256000000000004
12985.0	0.036188
12990.0	0.03612
12995.0	0.036052
13000.0	0.035985
13005.0	0.035918
13010.0	0.035851
13015.0	0.035783999999999996
13020.0	0.035717
13025.0	0.03565
13030.0	0.035584
13035.0	0.035518
13040.0	0.035450999999999996
13045.0	0.035386
13050.0	0.03532
13055.0	0.035254
13060.0	0.035188
13065.0	0.035123
13070.0	0.035058
13075.0	0.034993
13080.0	0.034928
13085.0	0.034863
13090.0	0.034799000000000004
13095.0	0.034733999999999994
13100.0	0.03467
13105.0	0.034606
13110.0	0.034542
13115.0	0.034477999999999995
13120.0	0.034414
13125.0	0.034351
13130.0	0.034288
13135.0	0.034224
13140.0	0.034161000000000004
13145.0	0.034098
13150.0	0.034036000000000004
13155.0	0.033973
13160.0	0.033911000000000004
13165.0	0.033848
13170.0	0.033786000000000004
13175.0	0.033724000000000004
13180.0	0.033662
13185.0	0.033601
13190.0	0.033539
13195.0	0.033477999999999994
13200.0	0.033417
13205.0	0.033355
13210.0	0.033295
13215.0	0.033234
13220.0	0.033173
13225.0	0.033113
13230.0	0.033052
13235.0	0.032992
13240.0	0.032931999999999996
13245.0	0.032872000000000005
13250.0	0.032812
13255.0	0.032753
13260.0	0.032693
13265.0	0.032633999999999996
13270.0	0.032575
13275.0	0.032516
13280.0	0.032457
13285.0	0.032398
13290.0	0.03234
13295.0	0.032281
13300.0	0.032223
13305.0	0.032165
13310.0	0.032107
13315.0	0.032049
13320.0	0.031991000000000006
13325.0	0.031934
13330.0	0.031876
13335.0	0.031819
13340.0	0.031762
13345.0	0.031705000000000004
13350.0	0.031648
13355.0	0.031592
13360.0	0.031535
13365.0	0.031479
13370.0	0.031422000000000005
13375.0	0.031366000000000005
13380.0	0.031310000000000004
13385.0	0.031254000000000004
13390.0	0.031199
13395.0	0.031143
13400.0	0.031088
13405.0	0.031032
13410.0	0.030976999999999998
13415.0	0.030922
13420.0	0.030867000000000002
13425.0	0.030813
13430.0	0.030757999999999997
13435.0	0.030704000000000002
13440.0	0.030649000000000003
13445.0	0.030594999999999997
13450.0	0.030541000000000002
13455.0	0.030487
13460.0	0.030433999999999996
13465.0	0.03038
13470.0	0.030326
13475.0	0.030273
13480.0	0.03022
13485.0	0.030167000000000003
13490.0	0.030114
13495.0	0.030061
13500.0	0.030008999999999997
13505.0	0.029956
13510.0	0.029904000000000003
13515.0	0.029851
13520.0	0.029799000000000003
13525.0	0.029747000000000003
13530.0	0.029695
13535.0	0.029644
13540.0	0.029592
13545.0	0.029541
13550.0	0.029488999999999998
13555.0	0.029438
13560.0	0.029387
13565.0	0.029336
13570.0	0.029286000000000003
13575.0	0.029235
13580.0	0.029183999999999998
13585.0	0.029133999999999997
13590.0	0.029084
13595.0	0.029033999999999997
13600.0	0.028983999999999996
13605.0	0.028933999999999998
13610.0	0.028883999999999996
13615.0	0.028835000000000003
13620.0	0.028785
13625.0	0.028736
13630.0	0.028687
13635.0	0.028638
13640.0	0.028589
13645.0	0.02854
13650.0	0.028491000000000002
13655.0	0.028443
13660.0	0.028394
13665.0	0.028346
13670.0	0.028298
13675.0	0.02825
13680.0	0.028201999999999998
13685.0	0.028154000000000002
13690.0	0.028107
13695.0	0.028058999999999997
13700.0	0.028012000000000002
13705.0	0.027964
13710.0	0.027917
13715.0	0.02787
13720.0	0.027823
13725.0	0.027777
13730.0	0.02773
13735.0	0.027683
13740.0	0.027637000000000002
13745.0	0.027591
13750.0	0.027545
13755.0	0.027499000000000003
13760.0	0.027452999999999998
13765.0	0.027407
13770.0	0.027361
13775.0	0.027316000000000003
13780.0	0.027270999999999997
13785.0	0.027225
13790.0	0.027180000000000003
13795.0	0.027135000000000003
13800.0	0.027089999999999996
13805.0	0.027045
13810.0	0.027001
13815.0	0.026956
13820.0	0.026912000000000002
13825.0	0.026868
13830.0	0.026823000000000003
13835.0	0.026779
13840.0	0.026735000000000002
13845.0	0.026692
13850.0	0.026648
13855.0	0.026604000000000003
13860.0	0.026561
13865.0	0.026518
13870.0	0.026474
13875.0	0.026431
13880.0	0.026387999999999998
13885.0	0.026345999999999998
13890.0	0.026302999999999997
13895.0	0.026260000000000002
13900.0	0.026218
13905.0	0.026175
13910.0	0.026133
13915.0	0.026091000000000003
13920.0	0.026049
13925.0	0.026007
13930.0	0.025965
13935.0	0.025924000000000003
13940.0	0.025882
13945.0	0.025841000000000003
13950.0	0.025799000000000002
13955.0	0.025758
13960.0	0.025717
13965.0	0.025675999999999997
13970.0	0.025635
13975.0	0.025594
13980.0	0.025554
13985.0	0.025513
13990.0	0.025473
13995.0	0.025432
14000.0	0.025391999999999998
14005.0	0.025352
14010.0	0.025312
14015.0	0.025272
14020.0	0.025233000000000002
14025.0	0.025193
14030.0	0.025153000000000002
14035.0	0.025113999999999997
14040.0	0.025075
14045.0	0.025036000000000003
14050.0	0.024997
14055.0	0.024958
14060.0	0.024919
14065.0	0.024880000000000003
14070.0	0.024841
14075.0	0.024803
14080.0	0.024765000000000002
14085.0	0.024725999999999998
14090.0	0.024687999999999998
14095.0	0.02465
14100.0	0.024612000000000002
14105.0	0.024574000000000002
14110.0	0.024536000000000002
14115.0	0.024499
14120.0	0.024461
14125.0	0.024424
14130.0	0.024386
14135.0	0.024349000000000003
14140.0	0.024312
14145.0	0.024275
14150.0	0.024238
14155.0	0.024201
14160.0	0.024165
14165.0	0.024128
14170.0	0.024092
14175.0	0.024055
14180.0	0.024019
14185.0	0.023983
14190.0	0.023947
14195.0	0.023911
14200.0	0.023875
14205.0	0.023839
14210.0	0.023804
14215.0	0.023768
14220.0	0.023733
14225.0	0.023698
14230.0	0.023662
14235.0	0.023627000000000002
14240.0	0.023592
14245.0	0.023556999999999998
14250.0	0.023522
14255.0	0.023488
14260.0	0.023453
14265.0	0.023419
14270.0	0.023384000000000002
14275.0	0.02335
14280.0	0.023316
14285.0	0.023282
14290.0	0.023247999999999998
14295.0	0.023214
14300.0	0.023180000000000003
14305.0	0.023036
14310.0	0.022837
14315.0	0.022694
14320.0	0.022658
14325.0	0.022758
14330.0	0.022997999999999998
14335.0	0.023303
14340.0	0.023538
14345.0	0.02362
14350.0	0.023533000000000002
14355.0	0.023299
14360.0	0.022979
14365.0	0.022666
14370.0	0.022459
14375.0	0.022427000000000002
14380.0	0.022553999999999998
14385.0	0.022751
14390.0	0.022918
14395.0	0.022985
14400.0	0.022925
14405.0	0.022755
14410.0	0.022522
14415.0	0.022303
14420.0	0.022168
14425.0	0.022144
14430.0	0.022206
14435.0	0.022291
14440.0	0.022340000000000002
14445.0	0.022325
14450.0	0.022244999999999997
14455.0	0.022121000000000002
14460.0	0.021994
14465.0	0.021915
14470.0	0.021901
14475.0	0.021919
14480.0	0.021918
14485.0	0.021873
14490.0	0.021794
14495.0	0.021727
14500.0	0.021547999999999998
14505.0	0.021735
14510.0	0.021953999999999998
14515.0	0.022083000000000002
14520.0	0.022121000000000002
14525.0	0.022121000000000002
14530.0	0.022105
14535.0	0.022067
14540.0	0.022018
14545.0	0.021985
14550.0	0.021975
14555.0	0.021937
14560.0	0.021823
14565.0	0.021636000000000002
14570.0	0.02144
14575.0	0.021302
14580.0	0.021256
14585.0	0.021286000000000003
14590.0	0.021333
14595.0	0.021322999999999998
14600.0	0.021200999999999998
14605.0	0.020967
14610.0	0.020699000000000002
14615.0	0.020524
14620.0	0.02055
14625.0	0.020799
14630.0	0.021188
14635.0	0.021563
14640.0	0.021757
14645.0	0.021653
14650.0	0.021238999999999997
14655.0	0.020636
14660.0	0.020074
14665.0	0.019812
14670.0	0.019884
14675.0	0.020216
14680.0	0.02061
14685.0	0.020891
14690.0	0.020950999999999997
14695.0	0.020651
14700.0	0.020052
14705.0	0.019431
14710.0	0.019072
14715.0	0.019131
14720.0	0.019535
14725.0	0.020056
14730.0	0.020387
14735.0	0.020424
14740.0	0.020248
14745.0	0.019936000000000002
14750.0	0.019608
14755.0	0.019395
14760.0	0.019375
14765.0	0.019545
14770.0	0.019815
14775.0	0.020082
14780.0	0.020213
14785.0	0.020207
14790.0	0.020092
14795.0	0.019958
14800.0	0.019886
14805.0	0.019902
14810.0	0.019974000000000002
14815.0	0.020033000000000002
14820.0	0.020015
14825.0	0.019894
14830.0	0.019691999999999998
14835.0	0.019475
14840.0	0.01932
14845.0	0.019269
14850.0	0.01934
14855.0	0.01951
14860.0	0.019705
14865.0	0.019837
14870.0	0.019844
14875.0	0.019712999999999998
14880.0	0.019487
14885.0	0.019237999999999998
14890.0	0.019059
14895.0	0.019006
14900.0	0.019152000000000002
14905.0	0.019424
14910.0	0.019747
14915.0	0.020005000000000002
14920.0	0.020118
14925.0	0.020059
14930.0	0.01986
14935.0	0.019601
14940.0	0.019403
14945.0	0.019323
14950.0	0.019349
14955.0	0.019476
14960.0	0.019656
14965.0	0.019821000000000002
14970.0	0.019949
14975.0	0.020052
14980.0	0.020118
14985.0	0.020127000000000003
14990.0	0.020069999999999998
14995.0	0.019913999999999998
15000.0	0.019726
15005.0	0.019540000000000002
15010.0	0.019321
15015.0	0.019094
15020.0	0.01891
15025.0	0.018792
15030.0	0.018758
15035.0	0.018795
15040.0	0.018876
15045.0	0.018999000000000002
15050.0	0.019087
15055.0	0.01909
15060.0	0.019012
15065.0	0.018861000000000003
15070.0	0.018656
15075.0	0.018397
15080.0	0.018152
15085.0	0.017998
15090.0	0.017956
15095.0	0.01803
15100.0	0.018196
15105.0	0.01841
15110.0	0.018615
15115.0	0.018744999999999998
15120.0	0.018757
15125.0	0.018646
15130.0	0.01846
15135.0	0.018272999999999998
15140.0	0.018177000000000002
15145.0	0.018224
15150.0	0.018387999999999998
15155.0	0.018623
15160.0	0.018812
15165.0	0.018847
15170.0	0.018716999999999998
15175.0	0.018438
15180.0	0.018077
15185.0	0.017743000000000002
15190.0	0.017542
15195.0	0.017529
15200.0	0.017687
15205.0	0.017936
15210.0	0.018182
15215.0	0.018328999999999998
15220.0	0.018323
15225.0	0.018172999999999998
15230.0	0.017942
15235.0	0.01768
15240.0	0.017462000000000002
15245.0	0.017333
15250.0	0.017294
15255.0	0.017315999999999998
15260.0	0.017361
15265.0	0.017412999999999998
15270.0	0.017472
15275.0	0.017554
15280.0	0.017675
15285.0	0.017836
15290.0	0.017961
15295.0	0.018016
15300.0	0.017968
15305.0	0.01781
15310.0	0.017578
15315.0	0.017345
15320.0	0.017184
15325.0	0.017156
15330.0	0.017266999999999998
15335.0	0.017462000000000002
15340.0	0.017644999999999997
15345.0	0.017706
15350.0	0.017581
15355.0	0.017286000000000003
15360.0	0.016897
15365.0	0.016521
15370.0	0.016268
15375.0	0.016188
15380.0	0.016332
15385.0	0.016637
15390.0	0.017004
15395.0	0.017317
15400.0	0.017513
15405.0	0.017564
15410.0	0.017495
15415.0	0.017355000000000002
15420.0	0.017197999999999998
15425.0	0.017058
15430.0	0.016944
15435.0	0.016842
15440.0	0.016727000000000002
15445.0	0.016589
15450.0	0.016442
15455.0	0.016315
15460.0	0.016247
15465.0	0.016272
15470.0	0.016388
15475.0	0.016561000000000003
15480.0	0.016738999999999997
15485.0	0.016872
15490.0	0.016928
15495.0	0.016897
15500.0	0.016794
15505.0	0.016649
15510.0	0.016497
15515.0	0.01636
15520.0	0.016257
15525.0	0.016181
15530.0	0.016109000000000002
15535.0	0.01608
15540.0	0.016104
15545.0	0.016186000000000002
15550.0	0.016319
15555.0	0.016471
15560.0	0.0166
15565.0	0.016659999999999998
15570.0	0.016617
15575.0	0.016481
15580.0	0.016294
15585.0	0.016115
15590.0	0.016002000000000002
15595.0	0.015995
15600.0	0.016104
15605.0	0.016294
15610.0	0.016505000000000002
15615.0	0.016676
15620.0	0.016756
15625.0	0.016722
15630.0	0.016582
15635.0	0.016382
15640.0	0.016182
15645.0	0.016034
15650.0	0.015956
15655.0	0.015962
15660.0	0.015997
15665.0	0.016034
15670.0	0.016061000000000002
15675.0	0.016052
15680.0	0.015954
15685.0	0.015856
15690.0	0.015765
15695.0	0.015718
15700.0	0.015708
15705.0	0.015701
15710.0	0.01565
15715.0	0.015538
15720.0	0.015382
15725.0	0.015218
15730.0	0.015113
15735.0	0.015123
15740.0	0.01524
15745.0	0.015425999999999999
15750.0	0.015672
15755.0	0.015923
15760.0	0.016107
15765.0	0.016182
15770.0	0.016136
15775.0	0.015999
15780.0	0.015819999999999997
15785.0	0.015662
15790.0	0.015571000000000002
15795.0	0.015555000000000001
15800.0	0.015607
15805.0	0.01569
15810.0	0.01576
15815.0	0.015780000000000002
15820.0	0.015735
15825.0	0.015627000000000002
15830.0	0.015474000000000002
15835.0	0.015338999999999998
15840.0	0.015252000000000002
15845.0	0.015205000000000002
15850.0	0.015203999999999999
15855.0	0.015236000000000001
15860.0	0.015295
15865.0	0.015369999999999998
15870.0	0.015444
15875.0	0.01551
15880.0	0.015568
15885.0	0.015611000000000002
15890.0	0.015629
15895.0	0.015614
15900.0	0.015568
15905.0	0.015496000000000001
15910.0	0.015419
15915.0	0.015362
15920.0	0.015336
15925.0	0.015353
15930.0	0.015399000000000001
15935.0	0.015441
15940.0	0.015501
15945.0	0.015536000000000001
15950.0	0.015519999999999999
15955.0	0.015438999999999998
15960.0	0.015307
15965.0	0.015161
15970.0	0.015063
15975.0	0.015056
15980.0	0.015118000000000001
15985.0	0.015238
15990.0	0.015386000000000002
15995.0	0.015519999999999999
16000.0	0.015588999999999999
16005.0	0.015533000000000002
16010.0	0.015366999999999999
16015.0	0.015142
16020.0	0.014915000000000001
16025.0	0.014745
16030.0	0.014666
16035.0	0.01468
16040.0	0.014754
16045.0	0.014842
16050.0	0.014921
16055.0	0.014949
16060.0	0.014891999999999999
16065.0	0.014778
16070.0	0.014641999999999999
16075.0	0.014523
16080.0	0.014438
16085.0	0.014402000000000002
16090.0	0.014419999999999999
16095.0	0.014466
16100.0	0.014513
16105.0	0.014537000000000001
16110.0	0.014530000000000001
16115.0	0.014497
16120.0	0.014454
16125.0	0.014422999999999998
16130.0	0.014418
16135.0	0.014445
16140.0	0.014503
16145.0	0.014565
16150.0	0.014597999999999998
16155.0	0.014605000000000002
16160.0	0.014552
16165.0	0.014438999999999999
16170.0	0.014301
16175.0	0.014175
16180.0	0.014091999999999999
16185.0	0.01407
16190.0	0.014107
16195.0	0.014185
16200.0	0.014269
16205.0	0.014322
16210.0	0.01432
16215.0	0.014253
16220.0	0.014134
16225.0	0.013996999999999999
16230.0	0.013877
16235.0	0.013806
16240.0	0.013803999999999999
16245.0	0.013863
16250.0	0.013956999999999999
16255.0	0.014049
16260.0	0.014108
16265.0	0.014113999999999998
16270.0	0.014066999999999998
16275.0	0.013982
16280.0	0.013891999999999998
16285.0	0.013828
16290.0	0.013815000000000001
16295.0	0.013859999999999999
16300.0	0.013952
16305.0	0.01406
16310.0	0.014149
16315.0	0.014185
16320.0	0.014145
16325.0	0.014028
16330.0	0.013853
16335.0	0.013656
16340.0	0.013477000000000001
16345.0	0.013378999999999999
16350.0	0.013349000000000001
16355.0	0.013399000000000001
16360.0	0.013521
16365.0	0.013686000000000002
16370.0	0.013868
16375.0	0.014027000000000001
16380.0	0.01409
16385.0	0.014037
16390.0	0.013900999999999998
16395.0	0.013704
16400.0	0.013484000000000001
16405.0	0.013276
16410.0	0.013097999999999999
16415.0	0.012955000000000001
16420.0	0.01286
16425.0	0.012825
16430.0	0.012844999999999999
16435.0	0.012906
16440.0	0.013011000000000002
16445.0	0.01316
16450.0	0.013332
16455.0	0.013505000000000001
16460.0	0.013654
16465.0	0.013755000000000002
16470.0	0.013793000000000001
16475.0	0.013761
16480.0	0.013665
16485.0	0.013519999999999999
16490.0	0.013338999999999998
16495.0	0.013163
16500.0	0.013021000000000001
16505.0	0.01293
16510.0	0.012901
16515.0	0.01293
16520.0	0.013003
16525.0	0.013096
16530.0	0.013184999999999999
16535.0	0.013244999999999998
16540.0	0.013261000000000002
16545.0	0.013229
16550.0	0.013156999999999999
16555.0	0.013062
16560.0	0.012962999999999999
16565.0	0.012881
16570.0	0.012825
16575.0	0.012799
16580.0	0.012793
16585.0	0.012789
16590.0	0.012775
16595.0	0.012740000000000001
16600.0	0.012673
16605.0	0.012578
16610.0	0.012467
16615.0	0.012361
16620.0	0.012282
16625.0	0.012253
16630.0	0.012279
16635.0	0.012374
16640.0	0.012546
16645.0	0.012758
16650.0	0.01299
16655.0	0.013203
16660.0	0.013352000000000001
16665.0	0.013405000000000002
16670.0	0.013352000000000001
16675.0	0.013203999999999999
16680.0	0.012990999999999999
16685.0	0.012748
16690.0	0.012512
16695.0	0.012315000000000001
16700.0	0.012181
16705.0	0.012128
16710.0	0.012147
16715.0	0.012223999999999999
16720.0	0.01234
16725.0	0.012466
16730.0	0.012574
16735.0	0.012631
16740.0	0.012628
16745.0	0.012605
16750.0	0.012564
16755.0	0.01251
16760.0	0.012464
16765.0	0.01245
16770.0	0.012479
16775.0	0.012546
16780.0	0.012623
16785.0	0.012681
16790.0	0.012695
16795.0	0.012655
16800.0	0.012546
16805.0	0.012379000000000001
16810.0	0.012183
16815.0	0.011994
16820.0	0.011847
16825.0	0.011770000000000001
16830.0	0.011775
16835.0	0.011852
16840.0	0.011979
16845.0	0.012117000000000001
16850.0	0.012226
16855.0	0.012283
16860.0	0.012283
16865.0	0.012236
16870.0	0.012164
16875.0	0.012089
16880.0	0.012029
16885.0	0.012015000000000001
16890.0	0.012051000000000001
16895.0	0.012112999999999999
16900.0	0.012179
16905.0	0.012229
16910.0	0.012240000000000001
16915.0	0.012204000000000001
16920.0	0.012126999999999999
16925.0	0.012028
16930.0	0.011926
16935.0	0.011858
16940.0	0.011826999999999999
16945.0	0.011828
16950.0	0.011867
16955.0	0.011921
16960.0	0.011975
16965.0	0.012009
16970.0	0.012005
16975.0	0.011958
16980.0	0.011888
16985.0	0.011816
16990.0	0.011753
16995.0	0.011711
17000.0	0.011701999999999999
17005.0	0.011725
17010.0	0.011763
17015.0	0.011796
17020.0	0.011807999999999999
17025.0	0.011781999999999999
17030.0	0.011715999999999999
17035.0	0.011617
17040.0	0.011493000000000001
17045.0	0.01137
17050.0	0.011278
17055.0	0.011231999999999999
17060.0	0.011239
17065.0	0.011294
17070.0	0.011385
17075.0	0.011495
17080.0	0.011599
17085.0	0.011686
17090.0	0.011738
17095.0	0.011744
17100.0	0.011722
17105.0	0.011672
17110.0	0.011606
17115.0	0.011534
17120.0	0.011462
17125.0	0.011399
17130.0	0.011347
17135.0	0.011309999999999999
17140.0	0.011288
17145.0	0.01128
17150.0	0.011285
17155.0	0.011299
17160.0	0.011318
17165.0	0.011340000000000001
17170.0	0.011356999999999999
17175.0	0.011363
17180.0	0.011352
17185.0	0.011322
17190.0	0.011274
17195.0	0.011214
17200.0	0.011151000000000001
17205.0	0.011097
17210.0	0.011064000000000001
17215.0	0.011054000000000001
17220.0	0.011067
17225.0	0.011106
17230.0	0.011165999999999999
17235.0	0.011235
17240.0	0.011298
17245.0	0.01135
17250.0	0.011375
17255.0	0.011377
17260.0	0.011367
17265.0	0.011333
17270.0	0.011283
17275.0	0.011227
17280.0	0.011174
17285.0	0.011132
17290.0	0.011106999999999999
17295.0	0.011101
17300.0	0.011113
17305.0	0.011141
17310.0	0.011179999999999999
17315.0	0.011218
17320.0	0.011243000000000001
17325.0	0.011242
17330.0	0.011215000000000001
17335.0	0.011169
17340.0	0.011106999999999999
17345.0	0.011031000000000001
17350.0	0.010951
17355.0	0.01087
17360.0	0.010793
17365.0	0.010723
17370.0	0.010662999999999999
17375.0	0.010624
17380.0	0.010611
17385.0	0.010615000000000001
17390.0	0.010636
17395.0	0.010674
17400.0	0.010721
17405.0	0.010768000000000002
17410.0	0.010806999999999999
17415.0	0.010835
17420.0	0.010844
17425.0	0.01084
17430.0	0.010820999999999999
17435.0	0.010803
17440.0	0.010812
17445.0	0.010820999999999999
17450.0	0.010819
17455.0	0.010797
17460.0	0.010752
17465.0	0.010685
17470.0	0.010603
17475.0	0.010514
17480.0	0.010431999999999999
17485.0	0.010367
17490.0	0.010327
17495.0	0.010315000000000001
17500.0	0.010328
17505.0	0.010357
17510.0	0.010391
17515.0	0.010419
17520.0	0.010431999999999999
17525.0	0.010428
17530.0	0.010408
17535.0	0.010381
17540.0	0.010359
17545.0	0.010352
17550.0	0.01037
17555.0	0.010418
17560.0	0.010495
17565.0	0.010587000000000001
17570.0	0.010684
17575.0	0.010764
17580.0	0.010799
17585.0	0.010789
17590.0	0.010731000000000001
17595.0	0.010625
17600.0	0.010486
17605.0	0.010329999999999999
17610.0	0.010177
17615.0	0.010043999999999999
17620.0	0.009944
17625.0	0.009885
17630.0	0.009868
17635.0	0.009885
17640.0	0.009925
17645.0	0.009975
17650.0	0.010020000000000001
17655.0	0.01005
17660.0	0.010059
17665.0	0.010048
17670.0	0.010022
17675.0	0.009987000000000001
17680.0	0.009951999999999999
17685.0	0.009923000000000001
17690.0	0.009907
17695.0	0.009904000000000001
17700.0	0.009914
17705.0	0.009932999999999999
17710.0	0.009955
17715.0	0.009973000000000001
17720.0	0.009983
17725.0	0.009982
17730.0	0.009968000000000001
17735.0	0.009945
17740.0	0.009917
17745.0	0.009890000000000001
17750.0	0.009871
17755.0	0.009864
17760.0	0.009877
17765.0	0.009909999999999999
17770.0	0.009962
17775.0	0.010027
17780.0	0.010095999999999999
17785.0	0.010161
17790.0	0.010209999999999999
17795.0	0.010236
17800.0	0.010232999999999999
17805.0	0.010204000000000001
17810.0	0.010151
17815.0	0.010083
17820.0	0.01001
17825.0	0.009940000000000001
17830.0	0.009882
17835.0	0.00984
17840.0	0.009812999999999999
17845.0	0.0098
17850.0	0.009791
17855.0	0.009778
17860.0	0.009752
17865.0	0.009708
17870.0	0.009647
17875.0	0.009577
17880.0	0.009505
17885.0	0.009441
17890.0	0.009393
17895.0	0.009365
17900.0	0.009362
17905.0	0.009382999999999999
17910.0	0.009425
17915.0	0.009484999999999999
17920.0	0.009557
17925.0	0.00963
17930.0	0.009691
17935.0	0.009736
17940.0	0.009759
17945.0	0.009762
17950.0	0.00975
17955.0	0.009728
17960.0	0.009701999999999999
17965.0	0.009672
17970.0	0.009639
17975.0	0.0096
17980.0	0.009552
17985.0	0.009493000000000001
17990.0	0.009423
17995.0	0.009345000000000001
18000.0	0.009263
18005.0	0.009184999999999999
18010.0	0.009117
18015.0	0.009068000000000001
18020.0	0.009042
18025.0	0.009043
18030.0	0.009067
18035.0	0.009108
18040.0	0.009156000000000001
18045.0	0.009202
18050.0	0.009238
18055.0	0.00926
18060.0	0.009268
18065.0	0.009266
18070.0	0.009263
18075.0	0.009262000000000001
18080.0	0.00925
18085.0	0.009226999999999999
18090.0	0.009212
18095.0	0.009218
18100.0	0.009237
18105.0	0.009268
18110.0	0.009309
18115.0	0.009354000000000001
18120.0	0.009401000000000001
18125.0	0.009446
18130.0	0.009488
18135.0	0.009519
18140.0	0.009533
18145.0	0.009524
18150.0	0.009493999999999999
18155.0	0.00945
18160.0	0.009401000000000001
18165.0	0.009353
18170.0	0.009308
18175.0	0.009267000000000001
18180.0	0.009231
18185.0	0.009204
18190.0	0.009196
18195.0	0.009224
18200.0	0.009295999999999999
18205.0	0.009396999999999999
18210.0	0.009484000000000001
18215.0	0.009512999999999999
18220.0	0.009484000000000001
18225.0	0.009426
18230.0	0.009364
18235.0	0.009303
18240.0	0.009237
18245.0	0.009155
18250.0	0.009051
18255.0	0.008918
18260.0	0.008759999999999999
18265.0	0.008584999999999999
18270.0	0.008418
18275.0	0.008293
18280.0	0.008232
18285.0	0.008256999999999999
18290.0	0.008359
18295.0	0.008509000000000001
18300.0	0.00868
18305.0	0.008858
18310.0	0.009031
18315.0	0.009187
18320.0	0.009317
18325.0	0.009412
18330.0	0.009473
18335.0	0.009498999999999999
18340.0	0.009489000000000001
18345.0	0.009427
18350.0	0.009290999999999999
18355.0	0.009079
18360.0	0.008820999999999999
18365.0	0.008575
18370.0	0.008378
18375.0	0.008241
18380.0	0.008153
18385.0	0.008101
18390.0	0.008085
18395.0	0.008131000000000001
18400.0	0.00827
18405.0	0.008466
18410.0	0.008639
18415.0	0.008723999999999999
18420.0	0.008739
18425.0	0.008727
18430.0	0.008722
18435.0	0.008736
18440.0	0.008773
18445.0	0.008829
18450.0	0.008898999999999999
18455.0	0.008984
18460.0	0.009082
18465.0	0.009201
18470.0	0.009316
18475.0	0.00932
18480.0	0.009193999999999999
18485.0	0.008897
18490.0	0.008439
18495.0	0.008068
18500.0	0.007873999999999999
18505.0	0.007828
18510.0	0.007875
18515.0	0.007982
18520.0	0.008126000000000001
18525.0	0.008294
18530.0	0.008477
18535.0	0.008668
18540.0	0.008846
18545.0	0.008974
18550.0	0.009003
18555.0	0.008907
18560.0	0.008698000000000001
18565.0	0.00843
18570.0	0.008166
18575.0	0.007954000000000001
18580.0	0.007823
18585.0	0.007784999999999999
18590.0	0.007844
18595.0	0.007997
18600.0	0.008229
18605.0	0.008502
18610.0	0.008756
18615.0	0.008938
18620.0	0.009017
18625.0	0.008999
18630.0	0.008911
18635.0	0.008786
18640.0	0.008646
18645.0	0.00851
18650.0	0.008388
18655.0	0.00828
18660.0	0.008184
18665.0	0.00809
18670.0	0.007997
18675.0	0.007915
18680.0	0.007868
18685.0	0.007886
18690.0	0.007986
18695.0	0.008144
18700.0	0.008249
18705.0	0.008253
18710.0	0.008278
18715.0	0.008359
18720.0	0.008478
18725.0	0.008601000000000001
18730.0	0.008705
18735.0	0.008793
18740.0	0.008875
18745.0	0.008943000000000001
18750.0	0.008976999999999999
18755.0	0.008965
18760.0	0.008911
18765.0	0.008808
18770.0	0.008577
18775.0	0.008215
18780.0	0.007941
18785.0	0.0078060000000000004
18790.0	0.007764
18795.0	0.0077670000000000005
18800.0	0.007794
18805.0	0.007837
18810.0	0.007886
18815.0	0.007932
18820.0	0.007972
18825.0	0.007994
18830.0	0.007972
18835.0	0.007908
18840.0	0.007812
18845.0	0.007703
18850.0	0.007618000000000001
18855.0	0.00758
18860.0	0.007592
18865.0	0.007640000000000001
18870.0	0.007704000000000001
18875.0	0.007774
18880.0	0.00784
18885.0	0.007898
18890.0	0.007948
18895.0	0.007984
18900.0	0.008
18905.0	0.007982
18910.0	0.007918000000000001
18915.0	0.0077989999999999995
18920.0	0.007654
18925.0	0.007536
18930.0	0.0074930000000000005
18935.0	0.007522
18940.0	0.0075959999999999995
18945.0	0.007684000000000001
18950.0	0.007769
18955.0	0.007842
18960.0	0.007893
18965.0	0.007911
18970.0	0.007884
18975.0	0.0078
18980.0	0.007648
18985.0	0.007429000000000001
18990.0	0.007170999999999999
18995.0	0.006936
19000.0	0.006817
19005.0	0.0068379999999999995
19010.0	0.006957
19015.0	0.007114
19020.0	0.007273999999999999
19025.0	0.007429000000000001
19030.0	0.0075780000000000005
19035.0	0.007719
19040.0	0.007842
19045.0	0.007931
19050.0	0.007963
19055.0	0.007914000000000001
19060.0	0.00778
19065.0	0.0076159999999999995
19070.0	0.007488
19075.0	0.007439
19080.0	0.007442
19085.0	0.007461
19090.0	0.007475
19095.0	0.007478
19100.0	0.0074670000000000005
19105.0	0.007443000000000001
19110.0	0.007408
19115.0	0.007364
19120.0	0.007314
19125.0	0.0072629999999999995
19130.0	0.007209999999999999
19135.0	0.007165
19140.0	0.0071530000000000005
19145.0	0.0072
19150.0	0.0073030000000000005
19155.0	0.007425
19160.0	0.007532
19165.0	0.0076040000000000005
19170.0	0.007634999999999999
19175.0	0.0076230000000000004
19180.0	0.007568000000000001
19185.0	0.007469
19190.0	0.007325
19195.0	0.007134000000000001
19200.0	0.006906
19205.0	0.006677
19210.0	0.00648
19215.0	0.006367
19220.0	0.006406
19225.0	0.006541
19230.0	0.006697
19235.0	0.0068590000000000005
19240.0	0.007005
19245.0	0.007117
19250.0	0.0071909999999999995
19255.0	0.007220999999999999
19260.0	0.007205
19265.0	0.007145
19270.0	0.007047
19275.0	0.006924
19280.0	0.006793
19285.0	0.006677
19290.0	0.006594
19295.0	0.006553
19300.0	0.00655
19305.0	0.006573999999999999
19310.0	0.006613
19315.0	0.006657
19320.0	0.006701
19325.0	0.006743000000000001
19330.0	0.006781999999999999
19335.0	0.006817
19340.0	0.006851
19345.0	0.006886
19350.0	0.006925
19355.0	0.0069700000000000005
19360.0	0.0070209999999999995
19365.0	0.007075
19370.0	0.007127
19375.0	0.007169
19380.0	0.007194
19385.0	0.007194
19390.0	0.007165
19395.0	0.007108
19400.0	0.007028
19405.0	0.0069370000000000005
19410.0	0.006845
19415.0	0.006762000000000001
19420.0	0.006706999999999999
19425.0	0.0066879999999999995
19430.0	0.006693000000000001
19435.0	0.006722
19440.0	0.006772
19445.0	0.0068319999999999995
19450.0	0.006894
19455.0	0.006947
19460.0	0.006984999999999999
19465.0	0.006998000000000001
19470.0	0.006984999999999999
19475.0	0.006947
19480.0	0.00689
19485.0	0.006823999999999999
19490.0	0.006763
19495.0	0.006714
19500.0	0.006683
19505.0	0.006670999999999999
19510.0	0.0066760000000000005
19515.0	0.006693000000000001
19520.0	0.006716
19525.0	0.006737999999999999
19530.0	0.006755
19535.0	0.0067599999999999995
19540.0	0.00675
19545.0	0.006723999999999999
19550.0	0.006679999999999999
19555.0	0.006626000000000001
19560.0	0.006569
19565.0	0.006520999999999999
19570.0	0.0064930000000000005
19575.0	0.006488
19580.0	0.006503
19585.0	0.006532
19590.0	0.006566
19595.0	0.0066
19600.0	0.006626999999999999
19605.0	0.0066430000000000005
19610.0	0.006645999999999999
19615.0	0.006633
19620.0	0.006608
19625.0	0.006571
19630.0	0.006527
19635.0	0.006490000000000001
19640.0	0.0064659999999999995
19645.0	0.006462999999999999
19650.0	0.006481999999999999
19655.0	0.006520999999999999
19660.0	0.006573999999999999
19665.0	0.006631999999999999
19670.0	0.006687
19675.0	0.006731999999999999
19680.0	0.006764
19685.0	0.006779
19690.0	0.00678
19695.0	0.006768000000000001
19700.0	0.006745
19705.0	0.0067150000000000005
19710.0	0.006679999999999999
19715.0	0.006645
19720.0	0.0066099999999999996
19725.0	0.006576
19730.0	0.0065439999999999995
19735.0	0.006509999999999999
19740.0	0.006476000000000001
19745.0	0.006437999999999999
19750.0	0.006396
19755.0	0.006353
19760.0	0.006308
19765.0	0.006265
19770.0	0.006228
19775.0	0.0061990000000000005
19780.0	0.006182
19785.0	0.006179
19790.0	0.00619
19795.0	0.006215
19800.0	0.006251
19805.0	0.006291
19810.0	0.006333
19815.0	0.006376
19820.0	0.006417
19825.0	0.006456
19830.0	0.006490999999999999
19835.0	0.006515000000000001
19840.0	0.006523
19845.0	0.006520000000000001
19850.0	0.0065049999999999995
19855.0	0.006476000000000001
19860.0	0.006435
19865.0	0.006385
19870.0	0.006328
19875.0	0.006268
19880.0	0.006209
19885.0	0.006155
19890.0	0.006109000000000001
19895.0	0.006076
19900.0	0.006057
19905.0	0.006052
19910.0	0.006063000000000001
19915.0	0.006085
19920.0	0.006118
19925.0	0.006156
19930.0	0.006197
19935.0	0.006236
19940.0	0.006268
19945.0	0.00629
19950.0	0.0063
19955.0	0.006294
19960.0	0.006273
19965.0	0.006235
19970.0	0.006185
19975.0	0.006124
19980.0	0.006057
19985.0	0.00599
19990.0	0.005929
19995.0	0.00588
20000.0	0.00585
20005.0	0.005845
20010.0	0.005867
20015.0	0.005919
20020.0	0.006000999999999999
20025.0	0.006109000000000001
20030.0	0.006229999999999999
20035.0	0.006337
20040.0	0.0064010000000000004
20045.0	0.006397
20050.0	0.0063100000000000005
20055.0	0.006166
20060.0	0.00604
20065.0	0.005956
20070.0	0.005913
20075.0	0.005909
20080.0	0.005937
20085.0	0.00599
20090.0	0.006062
20095.0	0.006146
20100.0	0.0062369999999999995
20105.0	0.006327
20110.0	0.0064069999999999995
20115.0	0.0064659999999999995
20120.0	0.006488
20125.0	0.006451999999999999
20130.0	0.006346
20135.0	0.006167
20140.0	0.005937
20145.0	0.005692
20150.0	0.005476
20155.0	0.005313
20160.0	0.005215
20165.0	0.005178
20170.0	0.005193
20175.0	0.005247
20180.0	0.0053289999999999995
20185.0	0.0054280000000000005
20190.0	0.005533
20195.0	0.005635
20200.0	0.005726
20205.0	0.005797999999999999
20210.0	0.005847
20215.0	0.005872
20220.0	0.005874
20225.0	0.0058579999999999995
20230.0	0.005831
20235.0	0.005799
20240.0	0.005767
20245.0	0.005743
20250.0	0.0057280000000000005
20255.0	0.005725
20260.0	0.005734
20265.0	0.005754
20270.0	0.005785
20275.0	0.005826
20280.0	0.005869
20285.0	0.005912
20290.0	0.005952000000000001
20295.0	0.005986
20300.0	0.00601
20305.0	0.006023
20310.0	0.006025
20315.0	0.0060149999999999995
20320.0	0.0059960000000000005
20325.0	0.0059689999999999995
20330.0	0.005936
20335.0	0.0059
20340.0	0.005862
20345.0	0.005824
20350.0	0.005787
20355.0	0.005753
20360.0	0.005723
20365.0	0.005696
20370.0	0.005673
20375.0	0.005652
20380.0	0.005633
20385.0	0.0056159999999999995
20390.0	0.005599
20395.0	0.005584
20400.0	0.005569
20405.0	0.005556
20410.0	0.005546
20415.0	0.005539
20420.0	0.005539
20425.0	0.0055450000000000004
20430.0	0.005558
20435.0	0.0055780000000000005
20440.0	0.005606
20445.0	0.005639
20450.0	0.005674
20455.0	0.005711
20460.0	0.005745
20465.0	0.0057740000000000005
20470.0	0.005797999999999999
20475.0	0.0058130000000000005
20480.0	0.0058189999999999995
20485.0	0.005817
20490.0	0.005808
20495.0	0.005789
20500.0	0.005764
20505.0	0.005737
20510.0	0.00571
20515.0	0.005684000000000001
20520.0	0.0056630000000000005
20525.0	0.005647
20530.0	0.0056359999999999995
20535.0	0.005631000000000001
20540.0	0.005628
20545.0	0.0056240000000000005
20550.0	0.0056170000000000005
20555.0	0.005604
20560.0	0.005586
20565.0	0.005562
20570.0	0.005536999999999999
20575.0	0.0055119999999999995
20580.0	0.005492
20585.0	0.0054789999999999995
20590.0	0.005476
20595.0	0.005484
20600.0	0.0055049999999999995
20605.0	0.005536
20610.0	0.005576
20615.0	0.005622
20620.0	0.005671
20625.0	0.005719
20630.0	0.005762
20635.0	0.005795000000000001
20640.0	0.005817
20645.0	0.005823
20650.0	0.0058119999999999995
20655.0	0.005784
20660.0	0.0057399999999999994
20665.0	0.005683
20670.0	0.00562
20675.0	0.005554
20680.0	0.005493
20685.0	0.005441
20690.0	0.005399
20695.0	0.005369
20700.0	0.0053490000000000005
20705.0	0.005336
20710.0	0.005328
20715.0	0.0053219999999999995
20720.0	0.0053170000000000005
20725.0	0.005309
20730.0	0.005299
20735.0	0.005288
20740.0	0.005278
20745.0	0.005268999999999999
20750.0	0.005265
20755.0	0.005268
20760.0	0.0052770000000000004
20765.0	0.005294
20770.0	0.0053170000000000005
20775.0	0.005344
20780.0	0.005372999999999999
20785.0	0.0054009999999999996
20790.0	0.005424
20795.0	0.005439
20800.0	0.005445
20805.0	0.0054399999999999995
20810.0	0.005423
20815.0	0.005396
20820.0	0.00536
20825.0	0.005319
20830.0	0.005275
20835.0	0.005235
20840.0	0.0052
20845.0	0.005174
20850.0	0.005159
20855.0	0.005155
20860.0	0.005161
20865.0	0.005174
20870.0	0.00519
20875.0	0.005207
20880.0	0.005221
20885.0	0.005229999999999999
20890.0	0.005229999999999999
20895.0	0.005222
20900.0	0.0052060000000000006
20905.0	0.005181
20910.0	0.005151
20915.0	0.005117
20920.0	0.005083
20925.0	0.005052
20930.0	0.005025
20935.0	0.005005
20940.0	0.004992
20945.0	0.004986
20950.0	0.004985
20955.0	0.00499
20960.0	0.004999
20965.0	0.005009
20970.0	0.005019
20975.0	0.005027
20980.0	0.005033
20985.0	0.005038
20990.0	0.00504
20995.0	0.0050420000000000005
21000.0	0.005044
21005.0	0.005046
21010.0	0.0050490000000000005
21015.0	0.005052
21020.0	0.005056000000000001
21025.0	0.00506
21030.0	0.005062
21035.0	0.005062
21040.0	0.005058
21045.0	0.005051
21050.0	0.005039
21055.0	0.005024
21060.0	0.005006
21065.0	0.004987
21070.0	0.0049689999999999995
21075.0	0.004954
21080.0	0.004944
21085.0	0.004941
21090.0	0.004945000000000001
21095.0	0.004956
21100.0	0.004974
21105.0	0.0049960000000000004
21110.0	0.005021
21115.0	0.005046
21120.0	0.005067
21125.0	0.005084
21130.0	0.005094
21135.0	0.005096
21140.0	0.00509
21145.0	0.005078
21150.0	0.0050609999999999995
21155.0	0.0050409999999999995
21160.0	0.005021
21165.0	0.005000999999999999
21170.0	0.004985
21175.0	0.004972
21180.0	0.004963
21185.0	0.004957
21190.0	0.004953
21195.0	0.004949
21200.0	0.004943
21205.0	0.004933
21210.0	0.004919
21215.0	0.004901
21220.0	0.004877
21225.0	0.004850999999999999
21230.0	0.004823
21235.0	0.004797999999999999
21240.0	0.004777
21245.0	0.004764
21250.0	0.004761
21255.0	0.004769
21260.0	0.004788000000000001
21265.0	0.004817
21270.0	0.0048530000000000005
21275.0	0.0048909999999999995
21280.0	0.004925
21285.0	0.004951
21290.0	0.0049700000000000005
21295.0	0.004979
21300.0	0.004975
21305.0	0.004959000000000001
21310.0	0.0049310000000000005
21315.0	0.004894
21320.0	0.00485
21325.0	0.004804
21330.0	0.00476
21335.0	0.004723
21340.0	0.004695
21345.0	0.004677000000000001
21350.0	0.0046700000000000005
21355.0	0.004678
21360.0	0.0047
21365.0	0.004736
21370.0	0.0047810000000000005
21375.0	0.004832
21380.0	0.004883
21385.0	0.0049310000000000005
21390.0	0.0049700000000000005
21395.0	0.004998
21400.0	0.005012
21405.0	0.005011
21410.0	0.004997
21415.0	0.004971
21420.0	0.004936
21425.0	0.004897
21430.0	0.004855
21435.0	0.004814
21440.0	0.004777
21445.0	0.0047469999999999995
21450.0	0.004723
21455.0	0.004704
21460.0	0.0046890000000000005
21465.0	0.004679
21470.0	0.004672
21475.0	0.004667
21480.0	0.0046619999999999995
21485.0	0.004656
21490.0	0.00465
21495.0	0.004644
21500.0	0.004636
21505.0	0.004629
21510.0	0.0046229999999999995
21515.0	0.004618
21520.0	0.004614
21525.0	0.004611
21530.0	0.004607
21535.0	0.004603
21540.0	0.004599
21545.0	0.004595
21550.0	0.004591
21555.0	0.0045850000000000005
21560.0	0.004576
21565.0	0.004564
21570.0	0.0045509999999999995
21575.0	0.004536999999999999
21580.0	0.004522
21585.0	0.004509
21590.0	0.004497999999999999
21595.0	0.004490999999999999
21600.0	0.004487
21605.0	0.004487
21610.0	0.00449
21615.0	0.004493
21620.0	0.004496
21625.0	0.004497
21630.0	0.004495
21635.0	0.004489
21640.0	0.00448
21645.0	0.0044659999999999995
21650.0	0.004449
21655.0	0.00443
21660.0	0.004409000000000001
21665.0	0.004389
21670.0	0.004370000000000001
21675.0	0.0043549999999999995
21680.0	0.004345
21685.0	0.004344
21690.0	0.004352
21695.0	0.004367
21700.0	0.004388
21705.0	0.004413
21710.0	0.0044399999999999995
21715.0	0.0044670000000000005
21720.0	0.004490999999999999
21725.0	0.004507
21730.0	0.004515
21735.0	0.0045119999999999995
21740.0	0.004499
21745.0	0.004477
21750.0	0.004448
21755.0	0.004414
21760.0	0.004372999999999999
21765.0	0.004327
21770.0	0.0042840000000000005
21775.0	0.00425
21780.0	0.004227000000000001
21785.0	0.004218
21790.0	0.004222999999999999
21795.0	0.0042439999999999995
21800.0	0.004278
21805.0	0.0043219999999999995
21810.0	0.004375
21815.0	0.004431
21820.0	0.004484
21825.0	0.0045320000000000004
21830.0	0.00457
21835.0	0.004596
21840.0	0.004608
21845.0	0.004604
21850.0	0.004587
21855.0	0.0045579999999999996
21860.0	0.004520000000000001
21865.0	0.004477
21870.0	0.0044340000000000004
21875.0	0.004393
21880.0	0.004357
21885.0	0.00433
21890.0	0.004311
21895.0	0.004303
21900.0	0.004302
21905.0	0.004309
21910.0	0.004321
21915.0	0.004335
21920.0	0.004347
21925.0	0.004357
21930.0	0.004361
21935.0	0.004361
21940.0	0.004354
21945.0	0.00434
21950.0	0.004321
21955.0	0.004301
21960.0	0.004281
21965.0	0.004263
21970.0	0.004249
21975.0	0.004241
21980.0	0.00424
21985.0	0.004246
21990.0	0.004259000000000001
21995.0	0.004278
22000.0	0.004301
22005.0	0.004325
22010.0	0.0043490000000000004
22015.0	0.004369
22020.0	0.004383
22025.0	0.004389
22030.0	0.004386999999999999
22035.0	0.004378
22040.0	0.004361
22045.0	0.00434
22050.0	0.0043170000000000005
22055.0	0.004293
22060.0	0.004272
22065.0	0.004254
22070.0	0.004242
22075.0	0.0042369999999999994
22080.0	0.0042380000000000004
22085.0	0.004246
22090.0	0.004259000000000001
22095.0	0.004275999999999999
22100.0	0.004296
22105.0	0.004315
22110.0	0.004331000000000001
22115.0	0.004343
22120.0	0.0043490000000000004
22125.0	0.0043479999999999994
22130.0	0.00434
22135.0	0.004326
22140.0	0.004306
22145.0	0.004281
22150.0	0.004254
22155.0	0.004226
22160.0	0.0041979999999999995
22165.0	0.004173
22170.0	0.00415
22175.0	0.004131
22180.0	0.004116
22185.0	0.004105
22190.0	0.004098
22195.0	0.004093
22200.0	0.004089
22205.0	0.004086
22210.0	0.004083
22215.0	0.004079
22220.0	0.004072999999999999
22225.0	0.004065
22230.0	0.004056000000000001
22235.0	0.004046
22240.0	0.004036
22245.0	0.004028
22250.0	0.0040219999999999995
22255.0	0.004019
22260.0	0.004021
22265.0	0.004027
22270.0	0.004037
22275.0	0.004051
22280.0	0.004068
22285.0	0.0040869999999999995
22290.0	0.004105
22295.0	0.004121
22300.0	0.004132
22305.0	0.004139
22310.0	0.004138
22315.0	0.00413
22320.0	0.0041140000000000005
22325.0	0.004092
22330.0	0.004064
22335.0	0.004031
22340.0	0.003996
22345.0	0.003961999999999999
22350.0	0.0039299999999999995
22355.0	0.0039020000000000005
22360.0	0.003882
22365.0	0.00387
22370.0	0.0038689999999999996
22375.0	0.0038770000000000002
22380.0	0.003896
22385.0	0.003922999999999999
22390.0	0.0039570000000000004
22395.0	0.003997
22400.0	0.004038
22405.0	0.004078
22410.0	0.004115
22415.0	0.004145
22420.0	0.0041670000000000006
22425.0	0.0041789999999999996
22430.0	0.004181
22435.0	0.0041719999999999995
22440.0	0.0041530000000000004
22445.0	0.0041259999999999995
22450.0	0.004092
22455.0	0.004054
22460.0	0.004014
22465.0	0.003974
22470.0	0.003936
22475.0	0.0039049999999999996
22480.0	0.0038829999999999997
22485.0	0.003867
22490.0	0.003858
22495.0	0.003857
22500.0	0.003863
22505.0	0.0038740000000000003
22510.0	0.003889
22515.0	0.003904
22520.0	0.003919
22525.0	0.003932
22530.0	0.00394
22535.0	0.003944
22540.0	0.003942
22545.0	0.003934
22550.0	0.003922
22555.0	0.0039049999999999996
22560.0	0.003886
22565.0	0.0038659999999999996
22570.0	0.0038469999999999997
22575.0	0.0038299999999999996
22580.0	0.003817
22585.0	0.0038079999999999998
22590.0	0.003804
22595.0	0.0038060000000000004
22600.0	0.0038130000000000004
22605.0	0.0038229999999999996
22610.0	0.0038369999999999997
22615.0	0.003851
22620.0	0.0038659999999999996
22625.0	0.003879
22630.0	0.003889
22635.0	0.0038950000000000005
22640.0	0.003896
22645.0	0.003892
22650.0	0.003882
22655.0	0.003868
22660.0	0.00385
22665.0	0.0038299999999999996
22670.0	0.0038079999999999998
22675.0	0.003788
22680.0	0.0037689999999999998
22685.0	0.0037530000000000003
22690.0	0.003742
22695.0	0.0037359999999999997
22700.0	0.003735
22705.0	0.0037380000000000004
22710.0	0.003746
22715.0	0.0037579999999999996
22720.0	0.0037719999999999997
22725.0	0.0037869999999999996
22730.0	0.003803
22735.0	0.003817
22740.0	0.0038299999999999996
22745.0	0.003839
22750.0	0.0038439999999999998
22755.0	0.0038420000000000004
22760.0	0.003836
22765.0	0.003826
22770.0	0.0038130000000000004
22775.0	0.003797
22780.0	0.003778
22785.0	0.0037579999999999996
22790.0	0.0037380000000000004
22795.0	0.003718
22800.0	0.0037
22805.0	0.003684
22810.0	0.00367
22815.0	0.0036590000000000004
22820.0	0.0036509999999999997
22825.0	0.003646
22830.0	0.0036439999999999997
22835.0	0.0036439999999999997
22840.0	0.003647
22845.0	0.0036520000000000003
22850.0	0.003657
22855.0	0.003664
22860.0	0.00367
22865.0	0.003676
22870.0	0.0036799999999999997
22875.0	0.0036829999999999996
22880.0	0.003684
22885.0	0.0036829999999999996
22890.0	0.0036799999999999997
22895.0	0.003676
22900.0	0.003669
22905.0	0.003662
22910.0	0.003653
22915.0	0.0036439999999999997
22920.0	0.003635
22925.0	0.003626
22930.0	0.003618
22935.0	0.0036119999999999998
22940.0	0.0036079999999999997
22945.0	0.0036060000000000003
22950.0	0.003607
22955.0	0.0036119999999999998
22960.0	0.003621
22965.0	0.003633
22970.0	0.0036490000000000003
22975.0	0.003667
22980.0	0.0036869999999999997
22985.0	0.0037090000000000005
22990.0	0.00373
22995.0	0.003751
23000.0	0.0037700000000000003
23005.0	0.003786
23010.0	0.0037979999999999997
23015.0	0.003805
23020.0	0.0038079999999999998
23025.0	0.0038079999999999998
23030.0	0.0038020000000000003
23035.0	0.00379
23040.0	0.003773
23045.0	0.003754
23050.0	0.0037329999999999998
23055.0	0.003711
23060.0	0.003689
23065.0	0.003667
23070.0	0.0036479999999999998
23075.0	0.003632
23080.0	0.003619
23085.0	0.0036090000000000002
23090.0	0.0036030000000000003
23095.0	0.0036
23100.0	0.0036
23105.0	0.003602
23110.0	0.003604
23115.0	0.003607
23120.0	0.00361
23125.0	0.003611
23130.0	0.00361
23135.0	0.003607
23140.0	0.0036009999999999996
23145.0	0.003593
23150.0	0.003583
23155.0	0.003571
23160.0	0.003557
23165.0	0.003543
23170.0	0.0035280000000000003
23175.0	0.003515
23180.0	0.003503
23185.0	0.0034939999999999997
23190.0	0.003488
23195.0	0.003486
23200.0	0.0034869999999999996
23205.0	0.003493
23210.0	0.0035009999999999998
23215.0	0.003513
23220.0	0.0035259999999999996
23225.0	0.0035409999999999994
23230.0	0.0035549999999999996
23235.0	0.0035700000000000003
23240.0	0.003583
23245.0	0.003593
23250.0	0.0036009999999999996
23255.0	0.0036060000000000003
23260.0	0.003607
23265.0	0.003604
23270.0	0.003597
23275.0	0.0035859999999999998
23280.0	0.003572
23285.0	0.0035549999999999996
23290.0	0.0035369999999999998
23295.0	0.003517
23300.0	0.0034969999999999997
23305.0	0.003478
23310.0	0.003461
23315.0	0.003445
23320.0	0.003433
23325.0	0.0034270000000000004
23330.0	0.003425
23335.0	0.003426
23340.0	0.003431
23345.0	0.003438
23350.0	0.00345
23355.0	0.0034630000000000004
23360.0	0.003478
23365.0	0.0034939999999999997
23370.0	0.0035090000000000004
23375.0	0.0035240000000000002
23380.0	0.0035369999999999998
23385.0	0.003546
23390.0	0.003553
23395.0	0.0035549999999999996
23400.0	0.003554
23405.0	0.0035479999999999995
23410.0	0.0035380000000000003
23415.0	0.0035259999999999996
23420.0	0.00351
23425.0	0.0034939999999999997
23430.0	0.0034770000000000005
23435.0	0.00346
23440.0	0.0034439999999999996
23445.0	0.00343
23450.0	0.003418
23455.0	0.003407
23460.0	0.003399
23465.0	0.003393
23470.0	0.0033880000000000004
23475.0	0.003385
23480.0	0.0033829999999999997
23485.0	0.0033810000000000003
23490.0	0.003379
23495.0	0.0033759999999999997
23500.0	0.0033729999999999997
23505.0	0.003368
23510.0	0.0033619999999999995
23515.0	0.003355
23520.0	0.0033469999999999997
23525.0	0.0033369999999999997
23530.0	0.003327
23535.0	0.003317
23540.0	0.0033079999999999997
23545.0	0.0032990000000000003
23550.0	0.0032909999999999997
23555.0	0.0032840000000000005
23560.0	0.003279
23565.0	0.003276
23570.0	0.003274
23575.0	0.003274
23580.0	0.003276
23585.0	0.003278
23590.0	0.003282
23595.0	0.003286
23600.0	0.00329
23605.0	0.0032939999999999996
23610.0	0.0032990000000000003
23615.0	0.003303
23620.0	0.003307
23625.0	0.003312
23630.0	0.003317
23635.0	0.003324
23640.0	0.003331
23645.0	0.003339
23650.0	0.003348
23655.0	0.0033590000000000004
23660.0	0.00337
23665.0	0.0033810000000000003
23670.0	0.003393
23675.0	0.003404
23680.0	0.003415
23685.0	0.0034240000000000004
23690.0	0.00343
23695.0	0.0034340000000000004
23700.0	0.003435
23705.0	0.003432
23710.0	0.0034240000000000004
23715.0	0.0034119999999999997
23720.0	0.0033950000000000004
23725.0	0.0033729999999999997
23730.0	0.0033490000000000004
23735.0	0.003322
23740.0	0.0032939999999999996
23745.0	0.0032670000000000004
23750.0	0.003242
23755.0	0.003221
23760.0	0.0032020000000000004
23765.0	0.003188
23770.0	0.003179
23775.0	0.003173
23780.0	0.003172
23785.0	0.003173
23790.0	0.003176
23795.0	0.003181
23800.0	0.003186
23805.0	0.003191
23810.0	0.003195
23815.0	0.003198
23820.0	0.003199
23825.0	0.003199
23830.0	0.003196
23835.0	0.003192
23840.0	0.003187
23845.0	0.003181
23850.0	0.003175
23855.0	0.003169
23860.0	0.003164
23865.0	0.00316
23870.0	0.0031579999999999998
23875.0	0.003157
23880.0	0.0031579999999999998
23885.0	0.00316
23890.0	0.003163
23895.0	0.003166
23900.0	0.00317
23905.0	0.003173
23910.0	0.0031739999999999997
23915.0	0.003175
23920.0	0.0031739999999999997
23925.0	0.00317
23930.0	0.003163
23935.0	0.0031550000000000003
23940.0	0.003146
23945.0	0.003137
23950.0	0.003128
23955.0	0.003121
23960.0	0.003116
23965.0	0.003114
23970.0	0.003116
23975.0	0.003121
23980.0	0.0031309999999999997
23985.0	0.003144
23990.0	0.00316
23995.0	0.0031780000000000003
24000.0	0.003198
24005.0	0.003218
24010.0	0.003237
24015.0	0.003254
24020.0	0.0032670000000000004
24025.0	0.003276
24030.0	0.00328
24035.0	0.003278
24040.0	0.003271
24045.0	0.003258
24050.0	0.00324
24055.0	0.003218
24060.0	0.0031940000000000002
24065.0	0.00317
24070.0	0.003145
24075.0	0.003123
24080.0	0.003105
24085.0	0.003091
24090.0	0.003083
24095.0	0.003081
24100.0	0.003084
24105.0	0.003092
24110.0	0.003105
24115.0	0.003121
24120.0	0.003139
24125.0	0.0031579999999999998
24130.0	0.003176
24135.0	0.003191
24140.0	0.0032020000000000004
24145.0	0.003208
24150.0	0.003208
24155.0	0.0032020000000000004
24160.0	0.003189
24165.0	0.003171
24170.0	0.003149
24175.0	0.003123
24180.0	0.003095
24185.0	0.0030670000000000003
24190.0	0.0030399999999999997
24195.0	0.003017
24200.0	0.0029980000000000002
24205.0	0.002984
24210.0	0.002977
24215.0	0.0029760000000000003
24220.0	0.002982
24225.0	0.002993
24230.0	0.003008
24235.0	0.0030269999999999997
24240.0	0.0030489999999999996
24245.0	0.003071
24250.0	0.003093
24255.0	0.003112
24260.0	0.003127
24265.0	0.003137
24270.0	0.003143
24275.0	0.003144
24280.0	0.003139
24285.0	0.00313
24290.0	0.003116
24295.0	0.0031
24300.0	0.003081
24305.0	0.003062
24310.0	0.003043
24315.0	0.003025
24320.0	0.00301
24325.0	0.0029980000000000002
24330.0	0.002991
24335.0	0.0029879999999999998
24340.0	0.002991
24345.0	0.0029980000000000002
24350.0	0.003009
24355.0	0.003022
24360.0	0.003038
24365.0	0.003053
24370.0	0.003068
24375.0	0.0030800000000000003
24380.0	0.003089
24385.0	0.003094
24390.0	0.003095
24395.0	0.003092
24400.0	0.003084
24405.0	0.003074
24410.0	0.0030600000000000002
24415.0	0.0030440000000000003
24420.0	0.003026
24425.0	0.003007
24430.0	0.002989
24435.0	0.00297
24440.0	0.0029530000000000003
24445.0	0.002938
24450.0	0.002925
24455.0	0.002915
24460.0	0.002908
24465.0	0.002904
24470.0	0.002904
24475.0	0.002907
24480.0	0.002913
24485.0	0.0029219999999999997
24490.0	0.002932
24495.0	0.002943
24500.0	0.002955
24505.0	0.002966
24510.0	0.002977
24515.0	0.0029879999999999998
24520.0	0.002997
24525.0	0.003006
24530.0	0.003013
24535.0	0.00302
24540.0	0.003026
24545.0	0.003031
24550.0	0.003036
24555.0	0.0030399999999999997
24560.0	0.0030440000000000003
24565.0	0.003046
24570.0	0.003048
24575.0	0.0030489999999999996
24580.0	0.00305
24585.0	0.00305
24590.0	0.0030489999999999996
24595.0	0.003047
24600.0	0.003045
24605.0	0.003043
24610.0	0.0030399999999999997
24615.0	0.003037
24620.0	0.003034
24625.0	0.003031
24630.0	0.003029
24635.0	0.0030269999999999997
24640.0	0.003025
24645.0	0.0030239999999999998
24650.0	0.003023
24655.0	0.003022
24660.0	0.003022
24665.0	0.0030210000000000002
24670.0	0.00302
24675.0	0.003018
24680.0	0.003015
24685.0	0.00301
24690.0	0.003005
24695.0	0.0029980000000000002
24700.0	0.002989
24705.0	0.002979
24710.0	0.002968
24715.0	0.002956
24720.0	0.002944
24725.0	0.002932
24730.0	0.002921
24735.0	0.002911
24740.0	0.002903
24745.0	0.002897
24750.0	0.0028940000000000003
24755.0	0.002893
24760.0	0.002895
24765.0	0.0028989999999999997
24770.0	0.0029059999999999997
24775.0	0.002913
24780.0	0.0029219999999999997
24785.0	0.002932
24790.0	0.002941
24795.0	0.002949
24800.0	0.002956
24805.0	0.002961
24810.0	0.002963
24815.0	0.002961
24820.0	0.002957
24825.0	0.002949
24830.0	0.002938
24835.0	0.002924
24840.0	0.002908
24845.0	0.002891
24850.0	0.002873
24855.0	0.002856
24860.0	0.002841
24865.0	0.0028280000000000002
24870.0	0.0028179999999999998
24875.0	0.002811
24880.0	0.0028079999999999997
24885.0	0.0028079999999999997
24890.0	0.002813
24895.0	0.002822
24900.0	0.002834
24905.0	0.0028469999999999997
24910.0	0.00286
24915.0	0.002873
24920.0	0.002886
24925.0	0.002896
24930.0	0.002904
24935.0	0.002908
24940.0	0.0029100000000000003
24945.0	0.002908
24950.0	0.0029
24955.0	0.0028870000000000002
24960.0	0.002875
24965.0	0.002874
24970.0	0.002872
24975.0	0.0028399999999999996
24980.0	0.00275
24985.0	0.002598
24990.0	0.0
24995.0	0.0
25000.0	0.0
